ID, month, day, weekday, accumulated minutes, temperature, accu rainfall, past rainfall, relative humidity, Sun, Mon, Tue, Wed, Thu, Fri, Sat,,,s,i,n,,a,n,d,,c,o,s,,p,o,w,e,r,, rain is 0, <15, <25, >25, rain is 0, <1, <2, >2, capacity, bike amount
1701446460,12,2,5,1,015.9,0.0,081,0,0,0,0,0,1,0,0.8414709848078965,0.5403023058681398,0.479425538604203,0.8775825618903728,0.24740395925452294,0.9689124217106447,0.12467473338522769,0.992197667229329,0.0624593178423802,0.9980475107000991,0.03124491398532608,0.9995117584851364,0.015624364224883372,0.9998779321710066,0.0078124205273828315,0.9999694825770951,0.0039062400659001166,0.99999237061517,0.001953123758236804,0.9999980926519735,1,0,0,0,99,3
1701446520,12,2,5,2,015.9,0.0,081,0,0,0,0,0,1,0,0.9092974268256817,-0.4161468365471424,0.8414709848078965,0.5403023058681398,0.479425538604203,0.8775825618903728,0.24740395925452294,0.9689124217106447,0.12467473338522769,0.992197667229329,0.0624593178423802,0.9980475107000991,0.03124491398532608,0.9995117584851364,0.015624364224883372,0.9998779321710066,0.0078124205273828315,0.9999694825770951,0.0039062400659001166,0.99999237061517,1,0,0,0,99,2
1701446580,12,2,5,3,015.9,0.0,081,0,0,0,0,0,1,0,0.1411200080598672,-0.9899924966004454,0.9974949866040544,0.0707372016677029,0.6816387600233341,0.7316888688738209,0.36627252908604757,0.9305076219123143,0.18640329676226988,0.9824733131012553,0.09361273123551289,0.9956086864580017,0.04685783574813424,0.9989015683384429,0.02343535429172257,0.9997253543694995,0.011718481780940232,0.9999313362350186,0.005859341472444868,0.9999828339114173,1,0,0,0,99,2
1701446640,12,2,5,4,015.9,0.0,081,0,0,0,0,0,1,0,-0.7568024953079283,-0.6536436208636119,0.9092974268256817,-0.4161468365471424,0.8414709848078965,0.5403023058681398,0.479425538604203,0.8775825618903728,0.24740395925452294,0.9689124217106447,0.12467473338522769,0.992197667229329,0.0624593178423802,0.9980475107000991,0.03124491398532608,0.9995117584851364,0.015624364224883372,0.9998779321710066,0.0078124205273828315,0.9999694825770951,1,0,0,0,99,1
1701446700,12,2,5,5,015.9,0.0,081,0,0,0,0,0,1,0,-0.9589242746631385,0.28366218546322625,0.5984721441039564,-0.8011436155469337,0.9489846193555862,0.3153223623952687,0.5850972729404622,0.8109631195052179,0.30743851458038085,0.9515679480481722,0.15561499277355603,0.9878177838164719,0.07804555138996731,0.9969497940760287,0.03905256665042215,0.999237157554709,0.01953000826025172,0.9998092711999397,0.009765469780311044,0.9999523166631346,1,0,0,0,99,1
1701446760,12,2,5,6,015.9,0.0,081,0,0,0,0,0,1,0,-0.27941549819892586,0.960170286650366,0.1411200080598672,-0.9899924966004454,0.9974949866040544,0.0707372016677029,0.6816387600233341,0.7316888688738209,0.36627252908604757,0.9305076219123143,0.18640329676226988,0.9824733131012553,0.09361273123551289,0.9956086864580017,0.04685783574813424,0.9989015683384429,0.02343535429172257,0.9997253543694995,0.011718481780940232,0.9999313362350186,1,0,0,0,99,3
1701446820,12,2,5,7,015.9,0.0,081,0,0,0,0,0,1,0,0.6569865987187891,0.7539022543433046,-0.35078322768961984,-0.9364566872907963,0.9839859468739369,-0.17824605564949209,0.7675435022360271,0.6409968581633251,0.42367625720393803,0.9058136834259364,0.21700958109501015,0.9761694738686353,0.10915705687532236,0.9940245152582091,0.05466024488506646,0.9985050113189741,0.027340342728520383,0.9996261829601539,0.013671449079123222,0.999906541372781,1,0,0,0,99,2
1701446880,12,2,5,8,015.9,0.0,081,0,0,0,0,0,1,0,0.9893582466233818,-0.14550003380861354,-0.7568024953079283,-0.6536436208636119,0.9092974268256817,-0.4161468365471424,0.8414709848078965,0.5403023058681398,0.479425538604203,0.8775825618903728,0.24740395925452294,0.9689124217106447,0.12467473338522769,0.992197667229329,0.0624593178423802,0.9980475107000991,0.03124491398532608,0.9995117584851364,0.015624364224883372,0.9998779321710066,1,0,0,0,99,2
1701446940,12,2,5,9,015.9,0.0,081,0,0,0,0,0,1,0,0.4121184852417566,-0.9111302618846769,-0.977530117665097,-0.2107957994307797,0.7780731968879212,-0.6281736227227391,0.9022675940990952,0.4311765167986662,0.5333026735360201,0.8459244992310679,0.2775567516463363,0.9607092430155619,0.1401619723470637,0.9901285883701071,0.07025457860486005,0.9975290944052978,0.03514900848318622,0.9993820826904237,0.017577219768442984,0.999845508738831,1,0,0,0,99,2
1701447000,12,2,5,10,015.9,0.0,080,0,0,0,0,0,1,0,-0.5440211108893698,-0.8390715290764524,-0.9589242746631385,0.28366218546322625,0.5984721441039564,-0.8011436155469337,0.9489846193555862,0.3153223623952687,0.5850972729404622,0.8109631195052179,0.30743851458038085,0.9515679480481722,0.15561499277355603,0.9878177838164719,0.07804555138996731,0.9969497940760287,0.03905256665042215,0.999237157554709,0.01953000826025172,0.9998092711999397,1,0,0,0,99,2
1701447060,12,2,5,11,015.9,0.0,080,0,0,0,0,0,1,0,-0.9999902065507035,0.004425697988050785,-0.7055403255703919,0.70866977429126,0.3816609920523317,-0.9243023786324636,0.9808930570231557,0.19454770798898718,0.6346070800152693,0.7728349461524715,0.33702006902225307,0.9414974631278811,0.17103002203139503,0.9852658177182139,0.08583176067687935,0.996309645069798,0.042955528923538926,0.9990769852893715,0.021482722251015034,0.9997692196925677,1,0,0,0,99,2
1701447120,12,2,5,12,015.9,0.0,080,0,0,0,0,0,1,0,-0.5365729180004349,0.8438539587324921,-0.27941549819892586,0.960170286650366,0.1411200080598672,-0.9899924966004454,0.9974949866040544,0.0707372016677029,0.6816387600233341,0.7316888688738209,0.36627252908604757,0.9305076219123143,0.18640329676226988,0.9824733131012553,0.09361273123551289,0.9956086864580017,0.04685783574813424,0.9989015683384429,0.02343535429172257,0.9997253543694995,1,0,0,0,99,3
1701447180,12,2,5,13,015.9,0.0,080,0,0,0,0,0,1,0,0.4201670368266409,0.9074467814501962,0.21511998808781552,0.9765876257280235,-0.10819513453010837,-0.9941296760805463,0.9985313405398316,-0.05417713502693632,0.7260086552607126,0.6876855622205048,0.39516733024093426,0.9186091557949183,0.2017310638016388,0.9794409517155483,0.10138798815552964,0.9948469610235406,0.05075942757980711,0.99871090937857,0.02538789693367659,0.999677675398068,1,0,0,0,99,3
1701447240,12,2,5,14,015.9,0.0,080,0,0,0,0,0,1,0,0.9906073556948704,0.1367372182078336,0.6569865987187891,0.7539022543433046,-0.35078322768961984,-0.9364566872907963,0.9839859468739369,-0.17824605564949209,0.7675435022360271,0.6409968581633251,0.42367625720393803,0.9058136834259364,0.21700958109501015,0.9761694738686353,0.10915705687532236,0.9940245152582091,0.05466024488506646,0.9985050113189741,0.027340342728520383,0.9996261829601539,1,0,0,0,99,3
1701447300,12,2,5,15,015.9,0.0,080,0,0,0,0,0,1,0,0.6502878401571168,-0.7596879128588213,0.9379999767747389,0.3466353178350258,-0.5715613187423437,-0.8205593573395608,0.9540857816096938,-0.29953350618957414,0.806081108260693,0.5918050750924775,0.4517714714916838,0.8921336993669944,0.23223511861151147,0.9726596782449127,0.11691946321097965,0.9931413993598577,0.05856022814223956,0.9982838773014061,0.029292684228266686,0.9995708772521852,1,0,0,0,99,2
1701447360,12,2,5,16,015.9,0.0,080,0,0,0,0,0,1,0,-0.2879033166650653,-0.9576594803233847,0.9893582466233818,-0.14550003380861354,-0.7568024953079283,-0.6536436208636119,0.9092974268256817,-0.4161468365471424,0.8414709848078965,0.5403023058681398,0.479425538604203,0.8775825618903728,0.24740395925452294,0.9689124217106447,0.12467473338522769,0.992197667229329,0.0624593178423802,0.9980475107000991,0.03124491398532608,0.9995117584851364,1,0,0,0,99,2
1701447420,12,2,5,17,016.0,0.0,080,0,0,0,0,0,1,0,-0.9613974918795568,-0.27516333805159693,0.7984871126234903,-0.6020119026848236,-0.8949893582285835,-0.4460874899137928,0.850319789818452,-0.5262663347043051,0.8735749351670712,0.4866896677019633,0.5066114548142574,0.8621744799348805,0.2625123997691533,0.964928619104771,0.13242239405634718,0.9911933764671682,0.06635745449017677,0.9977959151217167,0.03319702455253542,0.9994488268845275,1,0,0,0,99,2
1701447480,12,2,5,18,016.0,0.0,080,0,0,0,0,0,1,0,-0.7509872467716762,0.6603167082440802,0.4121184852417566,-0.9111302618846769,-0.977530117665097,-0.2107957994307797,0.7780731968879212,-0.6281736227227391,0.9022675940990952,0.4311765167986662,0.5333026735360201,0.8459244992310679,0.2775567516463363,0.9607092430155619,0.1401619723470637,0.9901285883701071,0.07025457860486005,0.9975290944052978,0.03514900848318622,0.9993820826904237,1,0,0,0,99,1
1701447540,12,2,5,19,016.1,0.0,080,0,0,0,0,0,1,0,0.14987720966295234,0.9887046181866692,-0.0751511204618093,-0.9971721561963784,-0.999292788975378,0.03760215288797655,0.6936850319532718,-0.7202784714566918,0.9274369173848677,0.37397963082453317,0.5594731312473669,0.8288484876093257,0.29253334202332754,0.9562553235431753,0.14789299587340962,0.9890033679273229,0.07415063072111083,0.9972470526221983,0.03710085833105311,0.9993115261574336,1,0,0,0,99,1
1701447660,12,2,5,21,016.1,0.0,080,0,0,0,0,0,1,0,0.836655638536056,-0.5477292602242684,-0.8796957599716702,-0.47553692799599256,-0.858934493426592,0.5120854772418407,0.4939202986100892,-0.8695071814659844,0.9668265566961802,0.2554337668888117,0.6101500770757914,0.7922858596771786,0.3222686304333866,0.9466482608860534,0.16332749173661285,0.9865719083994976,0.08193928117973213,0.9966373233025887,0.041004125996119335,0.9991589771659435,1,0,0,0,99,2
1701447720,12,2,5,22,016.1,0.0,080,0,0,0,0,0,1,0,-0.008851309290403876,-0.9999608263946371,-0.9999902065507035,0.004425697988050785,-0.7055403255703919,0.70866977429126,0.3816609920523317,-0.9243023786324636,0.9808930570231557,0.19454770798898718,0.6346070800152693,0.7728349461524715,0.33702006902225307,0.9414974631278811,0.17103002203139503,0.9852658177182139,0.08583176067687935,0.996309645069798,0.042955528923538926,0.9990769852893715,1,0,0,0,99,2
1701447780,12,2,5,23,016.1,0.0,080,0,0,0,0,0,1,0,-0.8462204041751706,-0.5328330203333975,-0.8754521746884285,0.4833047587530059,-0.5082790774992584,0.8611924171615208,0.26344599336342084,-0.9646741463213163,0.9911291909537616,0.13290194445282522,0.6584443999105676,0.7526293724180665,0.3516892289948141,0.9361168122670553,0.17872211353515366,0.983899591489664,0.08972293048696088,0.9959667643776232,0.04490676798867188,0.9989911822377671,1,0,0,0,99,2
1701447840,12,2,5,24,016.1,0.0,080,0,0,0,0,0,1,0,-0.9055783620066239,0.424179007336997,-0.5365729180004349,0.8438539587324921,-0.27941549819892586,0.960170286650366,0.1411200080598672,-0.9899924966004454,0.9974949866040544,0.0707372016677029,0.6816387600233341,0.7316888688738209,0.36627252908604757,0.9305076219123143,0.18640329676226988,0.9824733131012553,0.09361273123551289,0.9956086864580017,0.04685783574813424,0.9989015683384429,1,0,0,0,99,3
1701447900,12,2,5,25,016.1,0.0,080,0,0,0,0,0,1,0,-0.13235175009777303,0.9912028118634736,-0.06632189735120068,0.9977982791785807,-0.03317921654755682,0.9994494182244994,0.016591892229347906,-0.9998623450816866,0.9999655856782489,0.008296231623858378,0.7041675114545337,0.7100338835660797,0.38076640899239017,0.9246712614670362,0.1940731028929098,0.9809870696056692,0.09750110356896174,0.9952354167747622,0.04880872475919552,0.9988081439332486,1,0,0,0,99,3
1701447960,12,2,5,26,016.1,0.0,080,0,0,0,0,0,1,0,0.7625584504796027,0.6469193223286404,0.4201670368266409,0.9074467814501962,0.21511998808781552,0.9765876257280235,-0.10819513453010837,-0.9941296760805463,0.9985313405398316,-0.05417713502693632,0.7260086552607126,0.6876855622205048,0.39516733024093426,0.9186091557949183,0.2017310638016388,0.9794409517155483,0.10138798815552964,0.9948469610235406,0.05075942757980711,0.99871090937857,1,0,0,0,99,1
1701448020,12,2,5,27,016.1,0.0,080,0,0,0,0,0,1,0,0.956375928404503,-0.2921388087338362,0.8037844265516209,0.594920663309892,0.4500440737806176,0.8930063446890767,-0.23129381240202182,-0.9728839459794464,0.9931978518853749,-0.11643894112485227,0.7471408639355942,0.6646657275936332,0.40947177705329507,0.9123227848721178,0.20937671208599365,0.9778350537979598,0.10527332568613999,0.9944433251316939,0.05270993676863066,0.9986098650453273,1,0,0,0,99,1
1701448080,12,2,5,28,016.1,0.0,081,0,0,0,0,0,1,0,0.27090578830786904,-0.9626058663135666,0.9906073556948704,0.1367372182078336,0.6569865987187891,0.7539022543433046,-0.35078322768961984,-0.9364566872907963,0.9839859468739369,-0.17824605564949209,0.7675435022360271,0.6409968581633251,0.42367625720393803,0.9058136834259364,0.21700958109501015,0.9761694738686353,0.10915705687532236,0.9940245152582091,0.05466024488506646,0.9985050113189741,1,0,0,0,99,2
1701448140,12,2,5,29,016.1,0.0,081,0,0,0,0,0,1,0,-0.6636338842129675,-0.7480575296890004,0.934895055524683,-0.354924266788705,0.8230808790115055,0.5679241732886948,-0.46479878803160896,-0.8854163352030204,0.9709315977974505,-0.2393571231413216,0.7871966473319489,0.616702066178912,0.4377773028727551,0.8990834405601384,0.2246292049577053,0.9744443135859889,0.11303912246211711,0.9935905377936096,0.05661034448928185,0.9983963485994952,1,0,0,0,99,2
1701448200,12,2,5,30,016.1,0.0,081,0,0,0,0,0,1,0,-0.9880316240928618,0.15425144988758405,0.6502878401571168,-0.7596879128588213,0.9379999767747389,0.3466353178350258,-0.5715613187423437,-0.8205593573395608,0.9540857816096938,-0.29953350618957414,0.806081108260693,0.5918050750924775,0.4517714714916838,0.8921336993669944,0.23223511861151147,0.9726596782449127,0.11691946321097965,0.9931413993598577,0.05856022814223956,0.9982838773014061,1,0,0,0,99,2
1701448260,12,2,5,31,016.2,0.0,081,0,0,0,0,0,1,0,-0.404037645323065,0.9147423578045313,0.2064674819377966,-0.9784534628188842,0.9945987791111761,0.10379435721925297,-0.669404826237736,-0.7428978251479987,0.9335142808623762,-0.3585402173062328,0.8241784446666367,0.5663301963933087,0.46565534658516017,0.8849661565261433,0.23982685783066157,0.9708156767703494,0.12079801991268428,0.9926771068102531,0.06050988840572611,0.9981675978537505,1,0,0,0,99,2
1701448320,12,2,5,32,016.2,0.0,081,0,0,0,0,0,1,0,0.5514266812416906,0.8342233605065102,-0.2879033166650653,-0.9576594803233847,0.9893582466233818,-0.14550003380861354,-0.7568024953079283,-0.6536436208636119,0.9092974268256817,-0.4161468365471424,0.8414709848078965,0.5403023058681398,0.479425538604203,0.8775825618903728,0.24740395925452294,0.9689124217106447,0.12467473338522769,0.992197667229329,0.0624593178423802,0.9980475107000991,1,0,0,0,99,2
1701448380,12,2,5,33,016.2,0.0,081,0,0,0,0,0,1,0,0.9999118601072672,-0.013276747223059479,-0.711785342369123,-0.7023970575027135,0.9226042102393402,-0.3857479374522218,-0.8323905145579873,-0.5541895264924167,0.8815297857963782,-0.4721284112969602,0.8579418428124834,0.513746819310368,0.49307868575392305,0.8699847180584174,0.2549659604158785,0.9669500292306779,0.12854954447473196,0.9917030879327435,0.06440850901572104,0.9979236162985481,1,0,0,0,99,2
1701448440,12,2,5,34,016.2,0.0,081,0,0,0,0,0,1,0,0.5290826861200238,-0.8485702747846052,-0.9613974918795568,-0.27516333805159693,0.7984871126234903,-0.6020119026848236,-0.8949893582285835,-0.4460874899137928,0.850319789818452,-0.5262663347043051,0.8735749351670712,0.4866896677019633,0.5066114548142574,0.8621744799348805,0.2625123997691533,0.964928619104771,0.13242239405634718,0.9911933764671682,0.06635745449017677,0.9977959151217167,1,0,0,0,99,2
1701448500,12,2,5,35,016.2,0.0,081,0,0,0,0,0,1,0,-0.428182669496151,-0.9036922050915067,-0.9756260054681576,0.2194399632114593,0.6247239537541924,-0.7808456836057491,-0.9436221923009624,-0.3310244072528874,0.815789313258297,-0.5783491993368335,0.888354996422273,0.4591572718923041,0.520020541953727,0.8541537542773854,0.27004281671858504,0.9628483147093797,0.1362932230351537,0.990668540610173,0.06830614683111276,0.9976644076567464,1,0,0,0,99,2
1701448560,12,2,5,36,016.2,0.0,081,0,0,0,0,0,1,0,-0.9917788534431158,-0.12796368962740468,-0.7509872467716762,0.6603167082440802,0.4121184852417566,-0.9111302618846769,-0.977530117665097,-0.2107957994307797,0.7780731968879212,-0.6281736227227391,0.9022675940990952,0.4311765167986662,0.5333026735360201,0.8459244992310679,0.2775567516463363,0.9607092430155619,0.1401619723470637,0.9901285883701071,0.07025457860486005,0.9975290944052978,1,0,0,0,99,3
1701448620,12,2,5,37,016.1,0.0,081,0,0,0,0,0,1,0,-0.6435381333569995,0.7654140519453434,-0.34248061846961253,0.939524893748256,0.17388948538043356,-0.9847651734673236,-0.9961840124864793,-0.08727779366103493,0.737318721334619,-0.6755450415549525,0.9152991427820066,0.40277472515355744,0.5464546069192036,0.8374887238505236,0.28505374594054744,0.9585115345812286,0.14402858295972257,0.9895735279859775,0.07220274237874362,0.9973899758835502,1,0,0,0,99,3
1701448680,12,2,5,38,016.1,0.0,081,0,0,0,0,0,1,0,0.2963685787093853,0.9550736440472949,0.14987720966295234,0.9887046181866692,-0.0751511204618093,-0.9971721561963784,-0.999292788975378,0.03760215288797655,0.6936850319532718,-0.7202784714566918,0.9274369173848677,0.37397963082453317,0.5594731312473669,0.8288484876093257,0.29253334202332754,0.9562553235431753,0.14789299587340962,0.9890033679273229,0.07415063072111083,0.9972470526221983,1,0,0,0,99,2
1701448740,12,2,5,39,016.1,0.0,081,0,0,0,0,0,1,0,0.9637953862840878,0.26664293235993725,0.605539869719601,0.7958149698139441,-0.31951919362227366,-0.9475798039779932,-0.9868079357144411,0.16189533041753676,0.6473425173671444,-0.7621992293414946,0.9386690655767598,0.34481935173254513,0.5723550682345072,0.820005899897234,0.299995083378683,0.9539407476088947,0.1517551521219383,0.9884181168940841,0.0760982362013597,0.9971003251664509,1,0,0,0,99,1
1701448800,12,2,5,40,016.1,0.0,081,0,0,0,0,0,1,0,0.7451131604793488,-0.6669380616522619,0.9129452507276277,0.408082061813392,-0.5440211108893698,-0.8390715290764524,-0.9589242746631385,0.28366218546322625,0.5984721441039564,-0.8011436155469337,0.9489846193555862,0.3153223623952687,0.5850972729404622,0.8109631195052179,0.30743851458038085,0.9515679480481722,0.15561499277355603,0.9878177838164719,0.07804555138996731,0.9969497940760287,1,0,0,0,99,1
1701448860,12,2,5,41,016.1,0.0,081,0,0,0,0,0,1,0,-0.158622668804709,-0.9873392775238264,0.9968297942787993,-0.07956356727854007,-0.7346984304047954,-0.6783938504738453,-0.9160769210262436,0.40100258697803604,0.5472647499254653,-0.8369595530782943,0.9583735057581397,0.28551746612221973,0.5976966345387016,0.8017223540984184,0.3148631813197452,0.949137069684463,0.15947245893184342,0.9872023778548304,0.07999256885851808,0.996795459925162,1,0,0,0,99,0
1701448920,12,2,5,42,016.1,0.0,081,0,0,0,0,0,1,0,-0.9165215479156338,-0.39998531498835127,0.836655638536056,-0.5477292602242684,-0.8796957599716702,-0.47553692799599256,-0.858934493426592,0.5120854772418407,0.4939202986100892,-0.8695071814659844,0.9668265566961802,0.2554337668888117,0.6101500770757914,0.7922858596771786,0.3222686304333866,0.9466482608860534,0.16332749173661285,0.9865719083994976,0.08193928117973213,0.9966373233025887,1,0,0,0,99,2
1701448980,12,2,5,43,016.1,0.0,081,0,0,0,0,0,1,0,-0.8317747426285983,0.5551133015206257,0.47163900309419615,-0.8817917275413242,-0.9699978679206785,-0.24311342256103,-0.7883886803350966,0.6151774449047079,0.4386470990986331,-0.898659402917676,0.9743355179089173,0.22510064091681745,0.6224545602223437,0.7826559400262728,0.32965440993086015,0.9441016735570044,0.16718003236480675,0.9859263850706614,0.08388568092749371,0.9964753848115521,1,0,0,0,99,2
1701449040,12,2,5,44,016.1,0.0,081,0,0,0,0,0,1,0,0.017701925105413577,0.9998433086476912,-0.008851309290403876,-0.9999608263946371,-0.9999902065507035,0.004425697988050785,-0.7055403255703919,0.70866977429126,0.3816609920523317,-0.9243023786324636,0.9808930570231557,0.19454770798898718,0.6346070800152693,0.7728349461524715,0.33702006902225307,0.9414974631278811,0.17103002203139503,0.9852658177182139,0.08583176067687935,0.996309645069798,1,0,0,0,99,1
1701449100,12,2,5,45,016.2,0.0,080,0,0,0,0,0,1,0,0.8509035245341184,0.5253219888177297,-0.4871745124605095,-0.8733046400935156,-0.9678079975112615,0.2516896500717544,-0.6116822499992318,0.7911035488707386,0.32318450699968687,-0.9463359733389455,0.9864927707132337,0.16380480252583335,0.6466046695911524,0.7628252757105762,0.3443651581456984,0.9388357885462655,0.17487740199027219,0.9845902164215998,0.0877775130041863,0.9961401047095734,1,0,0,0,99,1
1701449160,12,2,5,46,016.2,0.0,080,0,0,0,0,0,1,0,0.9017883476488092,-0.4321779448847783,-0.8462204041751706,-0.5328330203333975,-0.8754521746884285,0.4833047587530059,-0.5082790774992584,0.8611924171615208,0.26344599336342084,-0.9646741463213163,0.9911291909537616,0.13290194445282522,0.6584443999105676,0.7526293724180665,0.3516892289948141,0.9361168122670553,0.17872211353515366,0.983899591489664,0.08972293048696088,0.9959667643776232,1,0,0,0,99,1
1701449220,12,2,5,47,016.2,0.0,080,0,0,0,0,0,1,0,0.123573122745224,-0.9923354691509287,-0.9980820279793963,-0.061905293994420546,-0.72866497582717,0.6848703183835534,-0.39694437999324705,0.9178426658157577,0.20267872876086712,-0.9792452874065205,0.9947977903590559,0.10186930988644112,0.6701233804731629,0.7422497254585013,0.35899183454606504,0.9333407002425484,0.18256409800047155,0.9831939534604931,0.09166800570402665,0.995789624735188,1,0,0,0,99,0
1701449280,12,2,5,48,016.2,0.0,080,0,0,0,0,0,1,0,-0.7682546613236668,-0.6401443394691997,-0.9055783620066239,0.424179007336997,-0.5365729180004349,0.8438539587324921,-0.27941549819892586,0.960170286650366,0.1411200080598672,-0.9899924966004454,0.9974949866040544,0.0707372016677029,0.6816387600233341,0.7316888688738209,0.36627252908604757,0.9305076219123143,0.18640329676226988,0.9824733131012553,0.09361273123551289,0.9956086864580017,1,0,0,0,99,0
1701449340,12,2,5,49,016.2,0.0,080,0,0,0,0,0,1,0,-0.9537526527594719,0.3005925437436371,-0.5913575298651244,0.8064094939122546,-0.3111193549811273,0.9503708470676735,-0.157526431008143,0.987514771299061,0.07901021674738969,-0.9968738062811815,0.999218145922396,0.03953601977196579,0.692987727246318,0.7209493809456964,0.37353086823869297,0.9276177501928519,0.19023965123909906,0.9817376814080357,0.09555709966288278,0.9954239502362889,1,0,0,0,99,0
1701449400,12,2,5,50,016.2,0.0,081,0,0,0,0,0,1,0,-0.26237485370392877,0.9649660284921133,-0.13235175009777303,0.9912028118634736,-0.06632189735120068,0.9977982791785807,-0.03317921654755682,0.9994494182244994,0.016591892229347906,-0.9998623450816866,0.9999655856782489,0.008296231623858378,0.7041675114545337,0.7100338835660797,0.38076640899239017,0.9246712614670362,0.1940731028929098,0.9809870696056692,0.09750110356896174,0.9952354167747622,1,0,0,0,99,0
1701449460,12,2,5,51,016.1,0.0,081,0,0,0,0,0,1,0,0.6702291758433747,0.7421541968137826,0.3590583540221683,0.933315112063922,0.182599134631134,0.9831874470475918,0.09168574849017776,0.9957879912530557,-0.045891223272779696,-0.9989464428219001,0.9997365760093756,-0.022951657653640416,0.7151753832640076,0.6989450415971057,0.38797870972702503,0.9216683355733519,0.19790359322994627,0.9802214891475681,0.09944473553796578,0.9950430867926193,1,0,0,0,99,0
1701449520,12,2,5,52,016.1,0.0,081,0,0,0,0,0,1,0,0.9866275920404853,-0.16299078079570548,0.7625584504796027,0.6469193223286404,0.4201670368266409,0.9074467814501962,0.21511998808781552,0.9765876257280235,-0.10819513453010837,-0.9941296760805463,0.9985313405398316,-0.05417713502693632,0.7260086552607126,0.6876855622205048,0.39516733024093426,0.9186091557949183,0.2017310638016388,0.9794409517155483,0.10138798815552964,0.9948469610235406,1,0,0,0,99,0
1701449580,12,2,5,53,016.1,0.0,081,0,0,0,0,0,1,0,0.39592515018183416,-0.9182827862121189,0.979357643103917,0.20213512038718198,0.6316109877182386,0.775285470129288,0.33519735222008545,0.9421479369316923,-0.1700765461024943,-0.9854308542286699,0.9963510561615996,-0.08534970934727917,0.7366646826566614,0.6762581942766833,0.4023318317777731,0.9154939088483012,0.2055554562054955,0.9786454692196509,0.10333085400873529,0.9946470402156865,1,0,0,0,99,0
1701449640,12,2,5,54,016.0,0.0,081,0,0,0,0,0,1,0,-0.5587890488516163,-0.8293098328631502,0.956375928404503,-0.2921388087338362,0.8037844265516209,0.594920663309892,0.4500440737806176,0.8930063446890767,-0.23129381240202182,-0.9728839459794464,0.9931978518853749,-0.11643894112485227,0.7471408639355942,0.6646657275936332,0.40947177705329507,0.9123227848721178,0.20937671208599365,0.9778350537979598,0.10527332568613999,0.9944433251316939,1,0,0,0,99,0
1701449700,12,2,5,55,016.0,0.0,081,0,0,0,0,0,1,0,-0.9997551733586199,0.022126756261955736,0.6992400316550977,-0.7148869687796651,0.9259824428086272,0.3775665710972933,0.5578680080909402,0.8299296871112918,-0.2916078813138529,-0.9565379467410825,0.9890748067616226,-0.14741447225241752,0.7574346414881015,0.6529109923058358,0.41658673028204113,0.909095977415431,0.2131947731354699,0.9770097178164174,0.10721539577780473,0.9942358165486741,1,0,0,0,99,0
1701449760,12,2,5,56,016.0,0.0,081,0,0,0,0,0,1,0,-0.5215510020869119,0.8532201077225842,0.27090578830786904,-0.9626058663135666,0.9906073556948704,0.1367372182078336,0.6569865987187891,0.7539022543433046,-0.35078322768961984,-0.9364566872907963,0.9839859468739369,-0.17824605564949209,0.7675435022360271,0.6409968581633251,0.42367625720393803,0.9058136834259364,0.21700958109501015,0.9761694738686353,0.10915705687532236,0.9940245152582091,1,0,0,0,99,0
1701449820,12,2,5,57,016.1,0.0,081,0,0,0,0,0,1,0,0.43616475524782494,0.8998668269691937,-0.22375564018679642,-0.9746452757206577,0.9936411011327626,-0.11259379263383548,0.7458531332084875,0.6661104290454266,-0.4085887730680895,-0.9127185845169985,0.9779362414076386,-0.2089035847981091,0.7774649782460008,0.6289262338310793,0.4307399251108032,0.9024761032379415,0.2208210777553385,0.9753143347757023,0.11109830157184598,0.9938094220663493,1,0,0,0,99,0
1701449880,12,2,5,58,016.1,0.0,081,0,0,0,0,0,1,0,0.9928726480845371,0.11918013544881928,-0.6636338842129675,-0.7480575296890004,0.934895055524683,-0.354924266788705,0.8230808790115055,0.5679241732886948,-0.46479878803160896,-0.8854163352030204,0.9709315977974505,-0.2393571231413216,0.7871966473319489,0.616702066178912,0.4377773028727551,0.8990834405601384,0.2246292049577053,0.9744443135859889,0.11303912246211711,0.9935905377936096,1,0,0,0,99,0
1701449940,12,2,5,59,016.1,0.0,081,0,0,0,0,0,1,0,0.6367380071391379,-0.7710802229758452,-0.9410314083429535,-0.3383192109710552,0.8180217634546941,-0.5751872690824027,0.8874647229840752,0.46087565075494996,-0.5191937736746512,-0.8546565540481598,0.9629788559589872,-0.26957693331574223,0.7967361336464357,0.6043273395620364,0.4447879609645272,0.8956359024631707,0.22843390459477475,0.9735594235749482,0.11497951214249395,0.9933678632749673,1,0,0,0,99,0
1701450060,12,2,5,61,016.1,0.0,081,0,0,0,0,0,1,0,-0.9661177700083929,-0.25810163593826746,-0.7931272394572851,0.6090559761063561,0.4421221685765394,-0.8969548417022889,0.9738980546500462,0.2269858567154693,-0.621696929091873,-0.7832578939006837,0.9442610586857545,-0.3291975896777772,0.8152292897331944,0.579138329901511,0.4587274082167366,0.8885770450280356,0.23603278900606633,0.9717450913248895,0.11885896826725052,0.992911146912172,1,0,0,0,99,0
1701450120,12,2,5,62,016.1,0.0,081,0,0,0,0,0,1,0,-0.7391806966492228,0.6735071623235863,-0.404037645323065,0.9147423578045313,0.2064674819377966,-0.9784534628188842,0.9945987791111761,0.10379435721925297,-0.669404826237736,-0.7428978251479987,0.9335142808623762,-0.3585402173062328,0.8241784446666367,0.5663301963933087,0.46565534658516017,0.8849661565261433,0.23982685783066157,0.9708156767703494,0.12079801991268428,0.9926771068102531,1,0,0,0,99,0
1701450180,12,2,5,63,016.1,0.0,081,0,0,0,0,0,1,0,0.16735570030280691,0.9858965815825497,0.08397445569174683,0.9964679075571249,-0.04202435271884079,-0.999116586679734,0.9997791222764492,-0.021016818506448383,-0.7144987118625367,-0.6996367562862716,0.9218559421857278,-0.38753273649701414,0.832926388253192,0.5533838014899721,0.47255486375130445,0.8813012542513405,0.2436172671924749,0.9698714487630153,0.12273661075038828,0.9924392799468931,1,0,0,0,99,0
1701450240,12,2,5,64,016.1,0.0,081,0,0,0,0,0,1,0,0.9200260381967906,0.39185723042955,0.5514266812416906,0.8342233605065102,-0.2879033166650653,-0.9576594803233847,0.9893582466233818,-0.14550003380861354,-0.7568024953079283,-0.6536436208636119,0.9092974268256817,-0.4161468365471424,0.8414709848078965,0.5403023058681398,0.479425538604203,0.8775825618903728,0.24740395925452294,0.9689124217106447,0.12467473338522769,0.992197667229329,1,0,0,0,99,0
1701450300,12,2,5,65,016.0,0.0,081,0,0,0,0,0,1,0,0.8268286794901035,-0.562453851238172,0.8838704235458307,0.4677318402470736,-0.5158818468181093,-0.8566597458288424,0.9634987664311881,-0.2677127697469413,-0.7961509812048658,-0.6050980210895829,0.8958509979593657,-0.44435457627350766,0.8498101482900483,0.5270889031873525,0.48626695179327556,0.8738103064130545,0.25118687623654373,0.9679386102468107,0.12661238042385375,0.9919522695792401,1,0,0,0,99,0
1701450360,12,2,5,66,016.1,0.0,081,0,0,0,0,0,1,0,-0.026551154023966794,-0.99964745596635,0.9999118601072672,-0.013276747223059479,-0.711785342369123,-0.7023970575027135,0.9226042102393402,-0.3857479374522218,-0.8323905145579873,-0.5541895264924167,0.8815297857963782,-0.4721284112969602,0.8579418428124834,0.513746819310368,0.49307868575392305,0.8699847180584174,0.2549659604158785,0.9669500292306779,0.12854954447473196,0.9917030879327435,1,0,0,0,99,0
1701450420,12,2,5,67,016.1,0.0,081,0,0,0,0,0,1,0,-0.8555199789753223,-0.5177697997895051,0.8711400001691764,-0.4910347239302405,-0.8634334728079056,-0.504462722145928,0.8673127239196736,-0.4977636376102979,-0.8653795807650819,-0.5011169336540635,0.8663477747573614,-0.4994412209389292,0.8658640831386093,0.5002793115156127,0.49986032473301345,0.8661060303206567,0.2587411541283521,0.9659466937467762,0.13048621814817024,0.9914501232403918,1,0,0,0,99,0
1701450480,12,2,5,68,016.1,0.0,081,0,0,0,0,0,1,0,-0.8979276806892913,0.4401430224960407,0.5290826861200238,-0.8485702747846052,-0.9613974918795568,-0.27516333805159693,0.7984871126234903,-0.6020119026848236,-0.8949893582285835,-0.4460874899137928,0.850319789818452,-0.5262663347043051,0.8735749351670712,0.4866896677019633,0.5066114548142574,0.8621744799348805,0.2625123997691533,0.964928619104771,0.13242239405634718,0.9911933764671682,1,0,0,0,99,0
1701450540,12,2,5,69,016.1,0.0,081,0,0,0,0,0,1,0,-0.11478481378318722,0.9933903797222716,0.057487478104924564,-0.9983462274487422,-0.9995864713592172,-0.028755630329187164,0.7172013769957456,-0.6968659733660458,-0.9211042214011522,-0.38931608407176954,0.8334614820349437,-0.5525775583247253,0.8810725164039352,0.4729812055860543,0.5133316639434712,0.8581903068626603,0.26627963979371355,0.9638958208392285,0.1343580648133402,0.9909328485924838,1,0,0,0,99,0
1701450600,12,2,5,70,016.1,0.0,081,0,0,0,0,0,1,0,0.7738906815578891,0.6333192030862999,-0.428182669496151,-0.9036922050915067,-0.9756260054681576,0.2194399632114593,0.6247239537541924,-0.7808456836057491,-0.9436221923009624,-0.3310244072528874,0.815789313258297,-0.5783491993368335,0.888354996422273,0.4591572718923041,0.520020541953727,0.8541537542773854,0.27004281671858504,0.9628483147093797,0.1362932230351537,0.990668540610173,1,0,0,0,99,0
1701450660,12,2,5,71,016.1,0.0,081,0,0,0,0,0,1,0,0.9510546532543747,-0.3090227281660707,-0.8090187662119065,-0.587782813560387,-0.8910058399248534,0.45399184267980686,0.5224979221586403,-0.8526405581133842,-0.9624553387335394,-0.27144008720767066,0.7973205400614205,-0.6035560921705327,0.8954205973090336,0.4452212415358611,0.5266776805903868,0.8500650685494203,0.2738018731223179,0.9617861166988793,0.13822786133974724,0.9904004535284905,1,0,0,0,99,0
1701450720,12,2,5,72,016.1,0.0,081,0,0,0,0,0,1,0,0.25382336276203626,-0.9672505882738824,-0.9917788534431158,-0.12796368962740468,-0.7509872467716762,0.6603167082440802,0.4121184852417566,-0.9111302618846769,-0.977530117665097,-0.2107957994307797,0.7780731968879212,-0.6281736227227391,0.9022675940990952,0.4311765167986662,0.5333026735360201,0.8459244992310679,0.2775567516463363,0.9607092430155619,0.1401619723470637,0.9901285883701071,1,0,0,0,99,0
1701450780,12,2,5,73,016.2,0.0,081,0,0,0,0,0,1,0,-0.6767719568873076,-0.7361927182273159,-0.9317168878547055,0.36318540841606234,-0.5642759039618552,0.8255862790817391,0.29530807719927077,-0.9554020826546641,-0.9887876624065108,-0.14932835856818344,0.7580660784417752,-0.6521777523926344,0.9088943151963913,0.41702652649883415,0.5398951164352044,0.8417322990413384,0.2813073949958138,0.9596177100911952,0.14209554867905747,0.9898529461721057,1,0,0,0,99,0
1701450840,12,2,5,74,016.2,0.0,081,0,0,0,0,0,1,0,-0.9851462604682474,0.17171734183077755,-0.6435381333569995,0.7654140519453434,-0.34248061846961253,0.939524893748256,0.17388948538043356,-0.9847651734673236,-0.9961840124864793,-0.08727779366103493,0.737318721334619,-0.6755450415549525,0.9152991427820066,0.40277472515355744,0.5464546069192036,0.8374887238505236,0.28505374594054744,0.9585115345812286,0.14402858295972257,0.9895735279859775,1,0,0,0,99,1
1701450900,12,2,5,75,016.2,0.0,081,0,0,0,0,0,1,0,-0.38778163540943045,0.9217512697247493,-0.19779879963646227,0.9802426408101081,-0.09939154689884817,0.9950484010363788,0.04975740630107862,-0.998761333111264,-0.9996902853162234,-0.02488641083740215,0.7158513850085791,-0.698252672448376,0.9214805132091443,0.38842459213573494,0.5529807446305274,0.8331940326645814,0.288795747315831,0.9573907333645395,0.14596106781512072,0.9892903348776181,1,0,0,0,99,1
1701450960,12,2,5,76,016.1,0.0,081,0,0,0,0,0,1,0,0.5661076368981803,0.8243313311075577,0.2963685787093853,0.9550736440472949,0.14987720966295234,0.9887046181866692,-0.0751511204618093,-0.9971721561963784,-0.999292788975378,0.03760215288797655,0.6936850319532718,-0.7202784714566918,0.9274369173848677,0.37397963082453317,0.5594731312473669,0.8288484876093257,0.29253334202332754,0.9562553235431753,0.14789299587340962,0.9890033679273229,1,0,0,0,99,1
1701451020,12,2,5,77,016.1,0.0,081,0,0,0,0,0,1,0,0.9995201585807313,-0.03097503173121646,0.7179745927716441,0.6960693098638897,0.3898273272463786,0.9208879708911095,-0.1988869391248336,-0.9800224412969096,-0.9949930756786476,0.09994388101102124,0.6708413072362862,-0.7416009307609522,0.9331669011385242,0.35944336775008645,0.565931370507906,0.8244523539144292,0.29626647303194026,0.9551053224420931,0.14982435976487088,0.9887126282297838,1,0,0,0,99,1
1701451080,12,2,5,78,016.1,0.0,081,0,0,0,0,0,1,0,0.5139784559875352,-0.8578030932449878,0.9637953862840878,0.26664293235993725,0.605539869719601,0.7958149698139441,-0.31951919362227366,-0.9475798039779932,-0.9868079357144411,0.16189533041753676,0.6473425173671444,-0.7621992293414946,0.9386690655767598,0.34481935173254513,0.5723550682345072,0.820005899897234,0.299995083378683,0.9539407476088947,0.1517551521219383,0.9884181168940841,1,0,0,0,99,1
1701451140,12,2,5,79,016.1,0.0,081,0,0,0,0,0,1,0,-0.4441126687075084,-0.8959709467909631,0.9736454556949781,-0.22806693448309956,0.7836028759783554,0.6212620483809149,-0.43516545796919887,-0.9003505007442698,-0.9747693318791554,0.22321458202336397,0.6232116085153726,-0.782053253309314,0.943942067425039,0.330111153015682,0.5787438323577704,0.8155093969463755,0.30371911616954944,0.9527616168135594,0.1536853655792259,0.9881198350436954,1,0,0,0,99,1
1701451260,12,2,5,81,016.1,0.0,081,0,0,0,0,0,1,0,-0.6298879942744539,0.7766859820216312,0.33415117684842055,-0.9425194910508831,0.9855251115651197,0.16952950915565845,-0.6443874963266829,-0.7646991268321347,-0.9393346386757316,0.3430020941392817,0.5731482818000584,-0.8194516746395976,0.9537954903016678,0.30045659034243405,0.5914150022013163,0.8063673450551039,0.3111532218577337,0.95035975952665,0.15754402634398745,0.9875119643646476,1,0,0,0,99,0
1701451380,12,2,5,83,016.1,0.0,081,0,0,0,0,0,1,0,0.9683644611001854,0.24954011797333814,-0.6125601529754697,-0.7904239741978156,0.9461564284508708,-0.3237097664592346,-0.8135446412026923,-0.5815024649736085,-0.889241942604376,0.45743717329617606,0.5208468233098019,-0.8536501547168418,0.9627175480681864,0.27050863690754695,0.6039417865541566,0.7970284301414683,0.31856833635699866,0.9478998971783541,0.16140028318073973,0.9868890254679992,1,0,0,0,99,0
1701451440,12,2,5,84,016.2,0.0,081,0,0,0,0,0,1,0,0.7331903200732922,-0.6800234955873388,-0.9165215479156338,-0.39998531498835127,0.836655638536056,-0.5477292602242684,-0.8796957599716702,-0.47553692799599256,-0.858934493426592,0.5120854772418407,0.4939202986100892,-0.8695071814659844,0.9668265566961802,0.2554337668888117,0.6101500770757914,0.7922858596771786,0.3222686304333866,0.9466482608860534,0.16332749173661285,0.9865719083994976,1,0,0,0,99,0
1701451560,12,2,5,86,016.2,0.0,081,0,0,0,0,0,1,0,-0.9234584470040598,-0.38369844494974187,-0.8317747426285983,0.5551133015206257,0.47163900309419615,-0.8817917275413242,-0.9699978679206785,-0.24311342256103,-0.7883886803350966,0.6151774449047079,0.4386470990986331,-0.898659402917676,0.9743355179089173,0.22510064091681745,0.6224545602223437,0.7826559400262728,0.32965440993086015,0.9441016735570044,0.16718003236480675,0.9859263850706614,1,0,0,0,99,0
1701451620,12,2,5,87,016.2,0.0,081,0,0,0,0,0,1,0,-0.8218178366308225,0.5697503342653119,-0.4638155159838274,0.8859318072699817,0.23881812402958275,-0.9710643148808378,-0.9927397229084867,-0.1202823451699422,-0.7484257963118128,0.6632185366943757,0.41035439762821135,-0.9119261309706986,0.9777336372884741,0.20984979036122642,0.6285500018450296,0.7777691786003179,0.33333978265403763,0.9428067613780455,0.16910534974085598,0.9855979812728021,1,0,0,0,99,0
1701451740,12,2,5,89,016.2,0.0,081,0,0,0,0,0,1,0,0.8600694058124533,0.5101770449416689,0.4948853175526281,0.8689582973139933,-0.25597041106933305,-0.9666846169547733,-0.9916361774750792,0.12906467960915324,-0.6598997349563215,0.7513536715852107,0.3525949009946041,-0.9357760607071574,0.9838130057859464,0.17919812958404827,0.6406254250402305,0.7678535438428503,0.3406952128788645,0.9401737987847912,0.1729540418943841,0.9849298956739996,1,0,0,0,99,0
1701451800,12,2,5,90,016.2,0.0,081,0,0,0,0,0,1,0,0.8939966636005579,-0.4480736161291702,0.8509035245341184,0.5253219888177297,-0.4871745124605095,-0.8733046400935156,-0.9678079975112615,0.2516896500717544,-0.6116822499992318,0.7911035488707386,0.32318450699968687,-0.9463359733389455,0.9864927707132337,0.16380480252583335,0.6466046695911524,0.7628252757105762,0.3443651581456984,0.9388357885462655,0.17487740199027219,0.9845902164215998,1,0,0,0,99,0
1701451860,12,2,5,91,016.2,0.0,081,0,0,0,0,0,1,0,0.10598751175115685,-0.9943674609282015,0.9985908724117705,0.05306853621402457,-0.688088462258297,-0.7256268104935293,-0.9288774974380447,0.37038708772476847,-0.5610761589460167,0.8277641837276992,0.2934585288182137,-0.9559718049523478,0.9889316975788438,0.1483714848743724,0.652544448725766,0.7577504486552193,0.34802984882390525,0.9374834528286937,0.17680009498202517,0.9842467812567877,1,0,0,0,99,0
1701451980,12,2,5,93,016.3,0.0,081,0,0,0,0,0,1,0,-0.9482821412699473,0.31742870151970165,0.5841965844132856,-0.8116121923430246,-0.9517384599623535,-0.3069102537037296,-0.808365713555359,0.5886806206663637,-0.45349717713213844,0.8912577126360152,0.23317620736685893,-0.9724344997571855,0.9930847143514961,0.1173999579276213,0.6643041630429463,0.7474623595632162,0.3553432428207858,0.9347358877146036,0.18064345031774107,0.9835486484446521,1,0,0,0,99,0
1701452040,12,2,5,94,016.3,0.0,081,0,0,0,0,0,1,0,-0.24525198546765434,0.9694593666699876,0.123573122745224,-0.9923354691509287,-0.9980820279793963,-0.061905293994420546,-0.72866497582717,0.6848703183835534,-0.39694437999324705,0.9178426658157577,0.20267872876086712,-0.9792452874065205,0.9947977903590559,0.10186930988644112,0.6701233804731629,0.7422497254585013,0.35899183454606504,0.9333407002425484,0.18256409800047155,0.9831939534604931,1,0,0,0,99,0
1701452100,12,2,5,95,016.3,0.0,081,0,0,0,0,0,1,0,0.683261714736121,0.7301735609948197,-0.36730534913419133,-0.9301004142012893,-0.9823696896284233,0.18694863706204273,-0.6375936648595081,0.7703728438431753,-0.3388415235451705,0.9408434630275048,0.17198333781575365,-0.9850998586507625,0.9962680007535027,0.08631379191426318,0.6759016970261789,0.7369917882562408,0.36263494849763117,0.931931271139734,0.18448404925665798,0.9828355078902405,1,0,0,0,99,0
1701452160,12,2,5,96,016.3,0.0,081,0,0,0,0,0,1,0,0.9835877454343449,-0.18043044929108396,-0.7682546613236668,-0.6401443394691997,-0.9055783620066239,0.424179007336997,-0.5365729180004349,0.8438539587324921,-0.27941549819892586,0.960170286650366,0.1411200080598672,-0.9899924966004454,0.9974949866040544,0.0707372016677029,0.6816387600233341,0.7316888688738209,0.36627252908604757,0.9305076219123143,0.18640329676226988,0.9824733131012553,1,0,0,0,99,0
1701452220,12,2,5,97,016.3,0.0,081,0,0,0,0,0,1,0,0.3796077390275217,-0.9251475365964139,-0.981108438603097,-0.1934586046207122,-0.7724825579327705,0.6350359814133715,-0.42717913021742326,0.904167014830051,-0.2188983613117615,0.9757476658516921,0.11011887701095537,-0.9939184236776407,0.9984784483597131,0.055143341947869365,0.6873342193038735,0.7263412909741086,0.3699045208063098,0.929069774283425,0.18832183319596135,0.9821073704752004,1,0,0,0,99,0
1701452280,12,2,5,98,016.3,0.0,081,0,0,0,0,0,1,0,-0.5733818719904229,-0.8192882452914593,-0.9537526527594719,0.3005925437436371,-0.5913575298651244,0.8064094939122546,-0.3111193549811273,0.9503708470676735,-0.157526431008143,0.987514771299061,0.07901021674738969,-0.9968738062811815,0.999218145922396,0.03953601977196579,0.692987727246318,0.7209493809456964,0.37353086823869297,0.9276177501928519,0.19023965123909906,0.9817376814080357,1,0,0,0,99,0
1701452340,12,2,5,99,016.3,0.0,081,0,0,0,0,0,1,0,-0.9992068341863537,0.0398208803931389,-0.6928849542336957,0.7210481538680822,-0.3734647547841147,0.9276443698605846,-0.19020466626691288,0.9817444600965631,-0.0955393633625346,0.9954256526975189,0.04782440434799511,-0.998855758530109,0.9997138987055519,0.023919045443861007,0.6985989387896817,0.7155134678829815,0.37715151604959674,0.9261515717966962,0.19215674357579007,0.9813642473100128,1,0,0,0,99,0
1701452460,12,2,5,101,016.3,0.0,080,0,0,0,0,0,1,0,0.45202578717835057,0.8920048697881602,0.23237376165548454,0.9726265649744922,0.11699024537436405,0.9931330638374931,0.05859580259074419,0.9982817898362899,0.029310494397997367,0.999570355161729,-0.014656821590492326,-0.9998925830212285,0.9999731453947223,-0.007328607602110553,0.7096931053638997,0.7045109624405745,0.3843754919082546,0.9231768417915862,0.19598872188012992,0.9806061497338231,1,0,0,0,99,0
1701452520,12,2,5,102,016.3,0.0,080,0,0,0,0,0,1,0,0.9948267913584063,0.10158570369662134,0.6702291758433747,0.7421541968137826,0.3590583540221683,0.933315112063922,0.182599134631134,0.9831874470475918,0.09168574849017776,0.9957879912530557,-0.045891223272779696,-0.9989464428219001,0.9997365760093756,-0.022951657653640416,0.7151753832640076,0.6989450415971057,0.38797870972702503,0.9216683355733519,0.19790359322994627,0.9802214891475681,1,0,0,0,99,0
1701452580,12,2,5,103,016.3,0.0,080,0,0,0,0,0,1,0,0.6229886314423488,-0.7822308898871159,0.9439891127251193,0.32997659774057014,0.5788019532877502,0.8154681470604999,0.3037530682474665,0.95275079298327,0.15370297169659722,0.9881170965485999,-0.07708081295432778,-0.9970248483735498,0.9992559352772317,-0.03856910438712712,0.7206140105448711,0.6933364607507934,0.3915760074680308,0.9201457658302823,0.19981770963770668,0.9798330893142674,1,0,0,0,99,0
1701452640,12,2,5,104,016.3,0.0,081,0,0,0,0,0,1,0,-0.32162240316253093,-0.9468680107512125,0.9866275920404853,-0.16299078079570548,0.7625584504796027,0.6469193223286404,0.4201670368266409,0.9074467814501962,0.21511998808781552,0.9765876257280235,-0.10819513453010837,-0.9941296760805463,0.9985313405398316,-0.05417713502693632,0.7260086552607126,0.6876855622205048,0.39516733024093426,0.9186091557949183,0.2017310638016388,0.9794409517155483,1,0,0,0,99,0
1701452700,12,2,5,105,016.3,0.0,081,0,0,0,0,0,1,0,-0.9705352835374847,-0.24095904923620143,0.7877052269841179,-0.616052331690985,0.8989027566124672,0.43814818743720435,0.5300244393246389,0.8479823663960249,0.27569696552916134,0.961244601128148,-0.13920380539312127,-0.9902637530295018,0.9975629686965886,-0.06977193909623788,0.7313589881502236,0.6819926909079606,0.3987526232465684,0.9170585289140385,0.20364364842287808,0.9790450778472967,1,0,0,0,99,0
1701452760,12,2,5,106,016.3,0.0,081,0,0,0,0,0,1,0,-0.7271425000808527,0.6864865509069841,0.39592515018183416,-0.9182827862121189,0.979357643103917,0.20213512038718198,0.6316109877182386,0.775285470129288,0.33519735222008545,0.9421479369316923,-0.1700765461024943,-0.9854308542286699,0.9963510561615996,-0.08534970934727917,0.7366646826566614,0.6762581942766833,0.4023318317777731,0.9154939088483012,0.2055554562054955,0.9786454692196509,1,0,0,0,99,0
1701452820,12,2,5,107,016.3,0.0,081,0,0,0,0,0,1,0,0.18478174456066745,0.9827795820412206,-0.09279121175730869,-0.9956855884367365,0.9989208147888241,-0.046445729422969886,0.7233414578962587,0.6904905034021214,0.39338880042387997,0.9193722052036709,-0.20078320995084364,-0.9796356989217142,0.9948958988059289,-0.10090664269087,0.7419254149477796,0.6704824223307908,0.4059049012202299,0.9139153194718838,0.2074664798565255,0.9782421273569963,1,0,0,0,99,0
1701452880,12,2,5,108,016.3,0.0,081,0,0,0,0,0,1,0,0.926818505417785,0.3755095977670121,-0.5587890488516163,-0.8293098328631502,0.956375928404503,-0.2921388087338362,0.8037844265516209,0.594920663309892,0.4500440737806176,0.8930063446890767,-0.23129381240202182,-0.9728839459794464,0.9931978518853749,-0.11643894112485227,0.7471408639355942,0.6646657275936332,0.40947177705329507,0.9123227848721178,0.20937671208599365,0.9778350537979598,1,0,0,0,99,0
1701452940,12,2,5,109,016.3,0.0,081,0,0,0,0,0,1,0,0.8167426066363169,-0.577002178942952,-0.8879758383376634,-0.4598901070131037,0.8543682189235223,-0.5196681118689583,0.8716846080633058,0.49006728524307847,0.5049419346602744,0.8631533135089845,-0.26157856037050853,-0.9651821883740356,0.99125732995374,-0.13194281266132774,0.7523107112959804,0.6588084650862769,0.413032404850832,0.9107163293491221,0.21128614560694461,0.977424250095403,1,0,0,0,99,0
1701453060,12,2,5,111,016.2,0.0,081,0,0,0,0,0,1,0,-0.8645514486106083,-0.5025443191453852,-0.8667595742607592,0.49872621790648564,0.500636485932415,-0.8656576164704166,0.9658306312367652,0.2591740568899436,0.608615618888497,0.7934652030460894,-0.3213524521097596,-0.9469596620358465,0.9866508151407586,-0.1628501427143272,0.7625123417736683,0.6469736692036518,0.4201346991122895,0.9074617537956219,0.21510258739073557,0.9765914585423174,1,0,0,0,99,0
1701453120,12,2,5,112,016.2,0.0,081,0,0,0,0,0,1,0,-0.8899956043668333,0.4559691044442761,-0.5215510020869119,0.8532201077225842,0.27090578830786904,-0.9626058663135666,0.9906073556948704,0.1367372182078336,0.6569865987187891,0.7539022543433046,-0.35078322768961984,-0.9364566872907963,0.9839859468739369,-0.17824605564949209,0.7675435022360271,0.6409968581633251,0.42367625720393803,0.9058136834259364,0.21700958109501015,0.9761694738686353,1,0,0,0,99,0
1701453180,12,2,5,113,016.2,0.0,081,0,0,0,0,0,1,0,-0.09718190589320902,0.9952666362171313,-0.04864855487508726,0.9988159580766447,0.02433148087720227,-0.9997039456950855,0.9999259836845639,0.012166640968536861,0.7027920599407278,0.7113953334709671,-0.37987146940052824,-0.9250392784825321,0.9810808525505256,-0.19359845236657747,0.7725278157990745,0.6349809239785958,0.4272113505171674,0.9041517914539007,0.2189157469736923,0.9757437654051141,1,0,0,0,99,0
1701453240,12,2,5,114,016.2,0.0,081,0,0,0,0,0,1,0,0.7849803886813105,0.6195206125592099,0.43616475524782494,0.8998668269691937,-0.22375564018679642,-0.9746452757206577,0.9936411011327626,-0.11259379263383548,0.7458531332084875,0.6661104290454266,-0.4085887730680895,-0.9127185845169985,0.9779362414076386,-0.2089035847981091,0.7774649782460008,0.6289262338310793,0.4307399251108032,0.9024761032379415,0.2208210777553385,0.9753143347757023,1,0,0,0,99,0
1701453300,12,2,5,115,016.2,0.0,081,0,0,0,0,0,1,0,0.9454353340247703,-0.3258098052199642,0.8141897215084345,0.580598912666927,-0.45793071928681145,-0.8889878831195976,0.9718507815296538,-0.23559723776012562,0.7860016659524729,0.618224377649359,-0.43690709673261263,-0.8995066363427673,0.9745528811569866,-0.2241577164155103,0.7823546882378575,0.6228331572678552,0.4342619271431383,0.9007866443469994,0.22272556617169098,0.9748811836185473,1,0,0,0,99,0
1701453360,12,2,5,116,016.2,0.0,081,0,0,0,0,0,1,0,0.23666139336428604,-0.9715921906288022,0.9928726480845371,0.11918013544881928,-0.6636338842129675,-0.7480575296890004,0.934895055524683,-0.354924266788705,0.8230808790115055,0.5679241732886948,-0.46479878803160896,-0.8854163352030204,0.9709315977974505,-0.2393571231413216,0.7871966473319489,0.616702066178912,0.4377773028727551,0.8990834405601384,0.2246292049577053,0.9744443135859889,1,0,0,0,99,0
1701453420,12,2,5,117,016.2,0.1,081,0,0,0,0,0,1,0,-0.689697940935389,-0.7240971967004738,0.9284657227653786,-0.37141809547969407,-0.8280755084772445,-0.5606165822201061,0.8833506048619953,-0.4687128213415406,0.8569459788520921,0.5154062371850283,-0.49223661120185463,-0.8704614400377044,0.967073275413426,-0.254498094258381,0.7919905600000485,0.610533334774449,0.44128599865934504,0.897366517866153,0.22653198685157808,0.9740037263445538,0,1,0,0,99,0
1701453480,12,2,5,118,016.3,0.1,081,0,0,0,0,0,1,0,-0.9819521690440836,0.1891294205289584,0.6367380071391379,-0.7710802229758452,-0.9410314083429535,-0.3383192109710552,0.8180217634546941,-0.5751872690824027,0.8874647229840752,0.46087565075494996,-0.5191937736746512,-0.8546565540481598,0.9629788559589872,-0.26957693331574223,0.7967361336464357,0.6043273395620364,0.4447879609645272,0.8956359024631707,0.22843390459477475,0.9735594235749482,0,1,0,0,99,0
1701453540,12,2,5,119,016.3,0.1,081,0,0,0,0,0,1,0,-0.3714041014380902,0.9284713207390763,0.18911462035089152,-0.9819550195245901,-0.9954785330494551,-0.09498678980629327,0.7399279660231438,-0.6726861118655962,0.9145179363647266,0.40454535477150383,-0.5456439522383145,-0.8380171104373418,0.9586493390279216,-0.2845899590311104,0.8014330786257547,0.598084459323635,0.44828313635266553,0.8938916207582536,0.2303349509320572,0.9731114069720521,0,1,0,0,99,0
1701453660,12,2,5,121,016.3,0.1,081,0,0,0,0,0,1,0,0.9988152247235795,-0.04866360920015389,-0.7241075918674496,-0.6896870271361664,-0.9191536942035773,0.3938990815322077,0.5505001900398365,-0.8348350380560844,0.9578191473488313,0.28737167740046654,-0.5969205653181726,-0.8023003419544537,0.949289297831397,-0.3144039265384152,0.8106799388594784,0.5854895701298123,0.4552529131538796,0.8903621651131107,0.2341344003845754,0.9722042391167379,0,1,0,0,99,0
1701453720,12,2,5,122,016.3,0.1,081,0,0,0,0,0,1,0,0.4987131538963941,-0.8667670910519801,-0.9661177700083929,-0.25810163593826746,-0.7931272394572851,0.6090559761063561,0.4421221685765394,-0.8969548417022889,0.9738980546500462,0.2269858567154693,-0.621696929091873,-0.7832578939006837,0.9442610586857545,-0.3291975896777772,0.8152292897331944,0.579138329901511,0.4587274082167366,0.8885770450280356,0.23603278900606633,0.9717450913248895,0,1,0,0,99,0
1701453780,12,2,5,123,016.3,0.1,081,0,0,0,0,0,1,0,-0.45990349068959124,-0.8879689066918555,-0.9715886235161092,0.23667603734656428,-0.617787974410896,0.7863447200008926,0.3268449785441926,-0.9450779650380419,0.9861739108894643,0.16571366111754054,-0.6458662163646817,-0.7634506078056198,0.9390022917452384,-0.3439108839469756,0.8197288832129119,0.5727517420545416,0.4621949036637349,0.8867783663505052,0.23793027723420868,0.9712822366208766,0,1,0,0,99,0
1701453840,12,2,5,124,016.3,0.1,081,0,0,0,0,0,1,0,-0.9956869868891794,-0.09277620459766088,-0.7391806966492228,0.6735071623235863,-0.404037645323065,0.9147423578045313,0.2064674819377966,-0.9784534628188842,0.9945987791111761,0.10379435721925297,-0.669404826237736,-0.7428978251479987,0.9335142808623762,-0.3585402173062328,0.8241784446666367,0.5663301963933087,0.46565534658516017,0.8849661565261433,0.23982685783066157,0.9708156767703494,0,1,0,0,99,0
1701453900,12,2,5,125,016.3,0.1,081,0,0,0,0,0,1,0,-0.6160404591886565,0.7877145121442345,-0.32579555541456173,0.9454402445803316,-0.165166212373579,0.9862657462824945,0.08286812933059823,-0.9965605215646701,0.99913976038507,0.04146973857724405,-0.6922897736579516,-0.7216196153712994,0.9277983658563156,-0.37308201821362325,0.8285777025160715,0.5598740848558614,0.469108684178911,0.8831404432070421,0.2417225235605465,0.9703454135530919,0,1,0,0,99,0
1701453960,12,2,5,126,016.3,0.1,082,0,0,0,0,0,1,0,0.329990825673782,0.9439841391523142,0.16735570030280691,0.9858965815825497,0.08397445569174683,0.9964679075571249,-0.04202435271884079,-0.999116586679734,0.9997791222764492,-0.021016818506448383,-0.7144987118625367,-0.6996367562862716,0.9218559421857278,-0.38753273649701414,0.832926388253192,0.5533838014899721,0.47255486375130445,0.8813012542513405,0.2436172671924749,0.9698714487630153,0,1,0,0,99,0
1701454020,12,2,5,127,016.3,0.1,082,0,0,0,0,0,1,0,0.972630067242408,0.23235910202965793,0.6195324438519512,0.784971051068018,0.3278939988258263,0.9447145206537312,-0.16626105879951092,-0.9860817716228536,0.9965143680908102,-0.08342130536363722,-0.7360099542002259,-0.6769707137817569,0.9156884606081254,-0.40188884422078897,0.8372242364566345,0.5468597424290853,0.4759938327178802,0.8794486177227995,0.24551108149857567,0.9693937842081513,0,1,0,0,99,0
1701454080,12,2,5,128,016.3,0.1,082,0,0,0,0,0,1,0,0.7210377105017316,-0.6928958219201651,0.9200260381967906,0.39185723042955,0.5514266812416906,0.8342233605065102,-0.2879033166650653,-0.9576594803233847,0.9893582466233818,-0.14550003380861354,-0.7568024953079283,-0.6536436208636119,0.9092974268256817,-0.4161468365471424,0.8414709848078965,0.5403023058681398,0.479425538604203,0.8775825618903728,0.24740395925452294,0.9689124217106447,0,1,0,0,99,0
1701454140,12,2,5,129,016.3,0.1,082,0,0,0,0,0,1,0,-0.19347339203846847,-0.9811055226493881,0.9952651713612277,-0.0971969067167568,0.740674323409674,0.6718642322981792,-0.4050529395658183,-0.914293233130974,0.9783387023753517,-0.20701058773529676,-0.7768560316221071,-0.6296782560422042,0.9026844011176343,-0.4303032325917363,0.8456663741073475,0.5337118920392648,0.48284992904666313,0.8757031152277766,0.24929589323956333,0.9684273631067475,0,1,0,0,99,0
1701454260,12,2,5,131,016.2,0.1,082,0,0,0,0,0,1,0,-0.8116033871367004,0.5842088171092894,0.45595569022148996,-0.8900024767126464,0.9721117417027341,0.23451814779175792,-0.618660590391954,-0.7856583697103207,0.9448963884231754,-0.3273695391218304,-0.8146685028653773,-0.5799269181880462,0.8887988856282523,-0.4582974371584211,0.8539020544413806,0.520433743545506,0.48967655470447735,0.8719041643281404,0.25307690103193886,0.9674461649952778,0,1,0,0,99,0
1701454320,12,2,5,132,016.3,0.1,082,0,0,0,0,0,1,0,0.05308358714605824,0.9985900724399912,-0.026551154023966794,-0.99964745596635,0.9999118601072672,-0.013276747223059479,-0.711785342369123,-0.7023970575027135,0.9226042102393402,-0.3857479374522218,-0.8323905145579873,-0.5541895264924167,0.8815297857963782,-0.4721284112969602,0.8579418428124834,0.513746819310368,0.49307868575392305,0.8699847180584174,0.2549659604158785,0.9669500292306779,0,1,0,0,99,0
1701454380,12,2,5,133,016.3,0.1,082,0,0,0,0,0,1,0,0.8689657562142357,0.4948722204034305,-0.5025573497604873,-0.8645438740756395,0.9655423020447212,-0.2602461584004272,-0.7938029221413925,-0.6081750741355538,0.8967092823584335,-0.44261999834194465,-0.8492997110390256,-0.5279109781289149,0.8740454731102137,-0.48584412205515315,0.8619292668354965,0.5070285386173281,0.49647329302927856,0.8680519968922737,0.25685404718217525,0.9664502048456179,0,1,0,0,99,0
1701454440,12,2,5,134,016.3,0.1,082,0,0,0,0,0,1,0,0.8859248164599484,-0.4638288688518717,-0.8555199789753223,-0.5177697997895051,0.8711400001691764,-0.4910347239302405,-0.8634334728079056,-0.504462722145928,0.8673127239196736,-0.4977636376102979,-0.8653795807650819,-0.5011169336540635,0.8663477747573614,-0.4994412209389292,0.8658640831386093,0.5002793115156127,0.49986032473301345,0.8661060303206567,0.2587411541283521,0.9659466937467762,0,1,0,0,99,0
1701454500,12,2,5,135,016.2,0.1,082,0,0,0,0,0,1,0,0.08836868610400143,-0.9960878351411849,-0.999021480034635,-0.04422762066183892,0.7225744323811351,-0.6912931286141072,-0.919590432914052,-0.3928783980991401,0.8345293278546717,-0.5509635205260235,-0.8806144220162487,-0.4738335569975899,0.8584385700204732,-0.5129163884116056,0.8697460515609156,0.49349954994325695,0.503239729183191,0.8641468480366219,0.2606272740556695,0.9654394978548946,0,1,0,0,99,0
1701454560,12,2,5,136,016.2,0.1,082,0,0,0,0,0,1,0,-0.7904332067228887,-0.6125482394960996,-0.8979276806892913,0.4401430224960407,0.5290826861200238,-0.8485702747846052,-0.9613974918795568,-0.27516333805159693,0.7984871126234903,-0.6020119026848236,-0.8949893582285835,-0.4460874899137928,0.850319789818452,-0.5262663347043051,0.8735749351670712,0.4866896677019633,0.5066114548142574,0.8621744799348805,0.2625123997691533,0.964928619104771,0,1,0,0,99,0
1701454620,12,2,5,137,016.2,0.1,082,0,0,0,0,0,1,0,-0.9425144545582509,0.33416538263076073,-0.5769898687885426,0.8167513032223337,0.30269514100631545,-0.953087431252331,-0.9882022645319962,-0.1531544461445194,0.7593268223052967,-0.6507094412468135,-0.9084903525208217,-0.4179058259663213,0.8419934162350443,-0.5394878006191052,0.8773505002617554,0.4798500804318443,0.5099754501778275,0.860188956111343,0.2643965240776218,0.9644140594452528,0,1,0,0,99,0
1701454680,12,2,5,138,016.2,0.1,082,0,0,0,0,0,1,0,-0.2280522595008612,0.9736488930495181,-0.11478481378318722,0.9933903797222716,0.057487478104924564,-0.9983462274487422,-0.9995864713592172,-0.028755630329187164,0.7172013769957456,-0.6968659733660458,-0.9211042214011522,-0.38931608407176954,0.8334614820349437,-0.5525775583247253,0.8810725164039352,0.4729812055860543,0.5133316639434712,0.8581903068626603,0.26627963979371355,0.9638958208392285,0,1,0,0,99,0
1701454740,12,2,5,139,016.2,0.1,083,0,0,0,0,0,1,0,0.6960801312247417,0.717964101410472,0.375523566896625,0.926812845565509,-0.1912944777489552,-0.9815326906337631,-0.9953724656212274,0.09609190747986249,0.6722752756572777,-0.7403012587723536,-0.9328186476406745,-0.3603461816279218,0.8247260701675199,-0.5655324121445553,0.884740756420929,0.4660834624053104,0.5166800448994956,0.8561785626857608,0.26816173973391433,0.9633739052636211,0,1,0,0,99,0
1701454860,12,2,5,141,016.2,0.1,083,0,0,0,0,0,1,0,0.363171365373259,-0.9317223617435201,0.9827823669926928,0.18476693191217952,-0.6384485367231334,-0.7696645151987259,-0.9406552278063217,0.33936373171073697,0.5747330981809134,-0.8183409227549167,-0.9535043059039945,-0.301379393161745,0.8066533930883032,-0.5910247908667855,0.8919150158133861,0.4522030567860055,0.5233531041342903,0.8521159125336193,0.27192286357198864,0.9623190511814725,0,1,0,0,99,0
1701454920,12,2,5,142,016.2,0.1,083,0,0,0,0,0,1,0,-0.5877950071674065,-0.8090099069535975,0.9510546532543747,-0.3090227281660707,-0.8090187662119065,-0.587782813560387,-0.8910058399248534,0.45399184267980686,0.5224979221586403,-0.8526405581133842,-0.9624553387335394,-0.27144008720767066,0.7973205400614205,-0.6035560921705327,0.8954205973090336,0.4452212415358611,0.5266776805903868,0.8500650685494203,0.2738018731223179,0.9617861166988793,0,1,0,0,99,0
1701454980,12,2,5,143,016.2,0.1,083,0,0,0,0,0,1,0,-0.9983453608739179,0.05750252534912421,0.6864755912087755,-0.7271528468448447,-0.9292881272363391,-0.36935562345465606,-0.8274526039159754,0.5615355627853609,0.4682224029318968,-0.8836106503390961,-0.9704665502579407,-0.24123572461485038,0.7877930326598638,-0.6159400439105862,0.8988715269465893,0.43821225227588845,0.52999422059307,0.8480012536181443,0.2756798382017224,0.9612495132945827,0,1,0,0,99,0
1701455040,12,2,5,144,016.1,0.1,083,0,0,0,0,0,1,0,-0.49102159389846933,0.8711474010323434,0.25382336276203626,-0.9672505882738824,-0.9917788534431158,-0.12796368962740468,-0.7509872467716762,0.6603167082440802,0.4121184852417566,-0.9111302618846769,-0.977530117665097,-0.2107957994307797,0.7780731968879212,-0.6281736227227391,0.9022675940990952,0.4311765167986662,0.5333026735360201,0.8459244992310679,0.2775567516463363,0.9607092430155619,0,1,0,0,99,0
1701455160,12,2,5,146,016.1,0.1,083,0,0,0,0,0,1,0,0.9964691731217737,0.08395943674184847,-0.6767719568873076,-0.7361927182273159,-0.9317168878547055,0.36318540841606234,-0.5642759039618552,0.8255862790817391,0.29530807719927077,-0.9554020826546641,-0.9887876624065108,-0.14932835856818344,0.7580660784417752,-0.6521777523926344,0.9088943151963913,0.41702652649883415,0.5398951164352044,0.8417322990413384,0.2813073949958138,0.9596177100911952,0,1,0,0,99,0
1701455220,12,2,5,147,016.1,0.1,084,0,0,0,0,0,1,0,0.6090440218832924,-0.7931364191664784,-0.9468728581933475,-0.32160813176404734,-0.8128985581744033,0.582405300557933,-0.4569434863536556,0.889495728083596,0.23505772899056523,-0.9719814113663893,-0.9929706469393719,-0.11836086480254095,0.7477836802185981,-0.6639424429863854,0.9121245646802812,0.4099131353187006,0.5431790057988708,0.8396169172065021,0.2831811105931131,0.9590664516097157,0,1,0,0,99,0
1701455280,12,2,5,148,016.1,0.1,084,0,0,0,0,0,1,0,-0.3383333943242765,-0.9410263090291437,-0.9851462604682474,0.17171734183077755,-0.6435381333569995,0.7654140519453434,-0.34248061846961253,0.939524893748256,0.17388948538043356,-0.9847651734673236,-0.9961840124864793,-0.08727779366103493,0.737318721334619,-0.6755450415549525,0.9152991427820066,0.40277472515355744,0.5464546069192036,0.8374887238505236,0.28505374594054744,0.9585115345812286,0,1,0,0,99,0
1701455340,12,2,5,149,016.1,0.1,084,0,0,0,0,0,1,0,-0.9746486480944947,-0.22374095013558368,-0.7822215000035424,0.6230004212937645,-0.4341656243337532,0.9008330648055067,-0.22267345507995925,0.9748930876782097,0.11204220705116075,-0.9937034486400381,-0.998424621250908,-0.05610949723514686,0.7266737566594609,-0.6869827154903001,0.9184178557416826,0.3956117316951685,0.5497218698145597,0.8353477514470151,0.28692529389458227,0.9579529611225739,0,1,0,0,99,0
1701455400,12,2,5,150,016.1,0.1,084,0,0,0,0,0,1,0,-0.7148764296291646,0.6992508064783751,-0.38778163540943045,0.9217512697247493,-0.19779879963646227,0.9802426408101081,-0.09939154689884817,0.9950484010363788,0.04975740630107862,-0.998761333111264,-0.9996902853162234,-0.02488641083740215,0.7158513850085791,-0.698252672448376,0.9214805132091443,0.38842459213573494,0.5529807446305274,0.8331940326645814,0.288795747315831,0.9573907333645395,0,1,0,0,99,0
1701455460,12,2,5,151,016.1,0.1,084,0,0,0,0,0,1,0,0.20214988141565363,0.9793545963764285,0.1016006978902495,0.9948252601277343,0.050866196399306694,0.9987054771372125,0.025441333129256026,0.9996763168989281,-0.012721696055790868,-0.9999190759503811,-0.9999797687829443,0.006360976718196107,0.7048542485087977,-0.7093521610308227,0.9244869282555656,0.3812137451412117,0.5562311816406863,0.8310276003663211,0.29066509906908233,0.9568248534518533,0,1,0,0,99,0
1701455520,12,2,5,152,016.1,0.1,084,0,0,0,0,0,1,0,0.933320523748862,0.35904428689111606,0.5661076368981803,0.8243313311075577,0.2963685787093853,0.9550736440472949,0.14987720966295234,0.9887046181866692,-0.0751511204618093,-0.9971721561963784,-0.999292788975378,0.03760215288797655,0.6936850319532718,-0.7202784714566918,0.9274369173848677,0.37397963082453317,0.5594731312473669,0.8288484876093257,0.29253334202332754,0.9562553235431753,0,1,0,0,99,0
1701455580,12,2,5,153,016.1,0.1,084,0,0,0,0,0,1,0,0.8064005807754863,-0.5913696841443247,0.8920116826993705,0.45201234267200896,0.523444198233198,0.8520599575945371,0.2719743024675887,0.9623045145884273,-0.13728708135067327,-0.9905313005121108,-0.9976300167176484,0.06880661119358068,0.6823464621460344,-0.7310289362239981,0.9303303005449188,0.3667226907187513,0.5627065439824068,0.826656727644175,0.29440046905178757,0.9556821458110889,0,1,0,0,99,0
1701455640,12,2,5,154,016.1,0.1,084,0,0,0,0,0,1,0,-0.06192033725605731,-0.9980810948185003,0.9995201585807313,-0.03097503173121646,0.7179745927716441,0.6960693098638897,0.3898273272463786,0.9208879708911095,-0.1988869391248336,-0.9800224412969096,-0.9949930756786476,0.09994388101102124,0.6708413072362862,-0.7416009307609522,0.9331669011385242,0.35944336775008645,0.565931370507906,0.8244523539144292,0.29626647303194026,0.9551053224420931,0,1,0,0,99,0
1701455700,12,2,5,155,016.1,0.1,085,0,0,0,0,0,1,0,-0.8733119827746476,-0.48716134980334147,0.862311240157329,-0.506378638074642,0.8678648045849774,0.49680044380282007,0.5015972269646135,0.8651012784069909,-0.2597101476579314,-0.9656866154211187,-0.9913845407865504,0.13098355732472944,0.6591723760425913,-0.7519918740667114,0.9359465460342037,0.35214210621089365,0.5691475616169792,0.8222354000561195,0.2981313468455477,0.9545248556365935,0,1,0,0,99,0
1701455760,12,2,5,156,016.1,0.1,085,0,0,0,0,0,1,0,-0.8817846188147811,0.47165229356133864,0.5139784559875352,-0.8578030932449878,0.9637953862840878,0.26664293235993725,0.605539869719601,0.7958149698139441,-0.31951919362227366,-0.9475798039779932,-0.9868079357144411,0.16189533041753676,0.6473425173671444,-0.7621992293414946,0.9386690655767598,0.34481935173254513,0.5723550682345072,0.820005899897234,0.299995083378683,0.9539407476088947,0,1,0,0,99,0
1701455820,12,2,5,157,016.1,0.1,085,0,0,0,0,0,1,0,-0.0795485428747221,0.9968309933617175,0.039805820166669656,-0.9992074342602034,0.9998018389311463,0.01990685484696882,0.7000332653356665,0.7141102347841574,-0.378080523973295,-0.9257727136787294,-0.9812677294395066,0.19264901546759924,0.6353546193002774,-0.7722205046059057,0.941334293597632,0.33747555125823137,0.5755538414178853,0.8177638874572022,0.3018576755217579,0.9533530005871913,0,1,0,0,99,0
1701455880,12,2,5,158,016.0,0.1,085,0,0,0,0,0,1,0,0.7958240965274552,0.6055278749869898,-0.4441126687075084,-0.8959709467909631,0.9736454556949781,-0.22806693448309956,0.7836028759783554,0.6212620483809149,-0.43516545796919887,-0.9003505007442698,-0.9747693318791554,0.22321458202336397,0.6232116085153726,-0.782053253309314,0.943942067425039,0.330111153015682,0.5787438323577704,0.8155093969463755,0.30371911616954944,0.9527616168135594,0,1,0,0,99,0
1701455940,12,2,5,159,016.0,0.1,085,0,0,0,0,0,1,0,0.9395197317131483,-0.34249477911590703,-0.8192968873112808,-0.5733695234681091,0.8869525137988248,-0.46186062645125475,0.8549446258241684,0.5187192754991592,-0.49055108016436005,-0.8714124383720832,-0.9673190886083255,0.25356218332779523,0.610916449554358,-0.791695074927145,0.9464922278939074,0.3227266064898082,0.5819249923788253,0.8132424627655053,0.30557939822122726,0.9521665985439484,0,1,0,0,99,0
1701456000,12,2,5,160,016.0,0.1,085,0,0,0,0,0,1,0,0.21942525837900473,-0.9756293127952373,-0.9938886539233752,-0.11038724383904756,0.7451131604793488,-0.6669380616522619,0.9129452507276277,0.408082061813392,-0.5440211108893698,-0.8390715290764524,-0.9589242746631385,0.28366218546322625,0.5984721441039564,-0.8011436155469337,0.9489846193555862,0.3153223623952687,0.5850972729404622,0.8109631195052179,0.30743851458038085,0.9515679480481722,0,1,0,0,99,0
1701456060,12,2,5,161,016.0,0.1,085,0,0,0,0,0,1,0,-0.702407785577371,-0.7117747556357236,-0.9251418149764185,0.37962168297153187,0.5569462797382114,-0.8305485184417379,0.9566996703359257,0.2910768640396056,-0.5953667508185162,-0.8034540634160753,-0.9495930874369493,0.3134851962883771,0.5858817302628675,-0.8103965684429991,0.9514190896873468,0.30789887264895993,0.5882606256375825,0.8086714019454874,0.3092964581550463,0.9509656676099004,0,1,0,0,99,0
1701456120,12,2,5,162,016.0,0.1,085,0,0,0,0,0,1,0,-0.9784503507933796,0.20648222933781113,-0.6298879942744539,0.7766859820216312,0.33415117684842055,-0.9425194910508831,0.9855251115651197,0.16952950915565845,-0.6443874963266829,-0.7646991268321347,-0.9393346386757316,0.3430020941392817,0.5731482818000584,-0.8194516746395976,0.9537954903016678,0.30045659034243405,0.5914150022013163,0.8063673450551039,0.3111532218577337,0.95035975952665,0,1,0,0,99,0
1701456180,12,2,5,163,016.0,0.1,085,0,0,0,0,0,1,0,-0.35491017584493534,0.9349004048997503,-0.1804156244623088,0.9835904648022342,0.09058017221711874,-0.995889166725453,0.9989717630457462,0.04533670298194944,-0.690891922451714,-0.7229580565226276,-0.9281589455806122,0.3721840562660983,0.5602749074043482,-0.8283067234624195,0.9561136761553041,0.2929959697142441,0.5945603544997581,0.8040509839911409,0.3130087986054538,0.9497502261097759,0,1,0,0,99,0
1701456240,12,2,5,164,016.0,0.1,085,0,0,0,0,0,1,0,0.5949327780232085,0.803775459710974,0.31322878243308516,0.9496776978825432,-0.158622668804709,-0.9873392775238264,0.9968297942787993,-0.07956356727854007,-0.7346984304047954,-0.6783938504738453,-0.9160769210262436,0.40100258697803604,0.5472647499254653,-0.8369595530782943,0.9583735057581397,0.28551746612221973,0.5976966345387016,0.8017223540984184,0.3148631813197452,0.949137069684463,0,1,0,0,99,0
1701456300,12,2,5,165,016.0,0.1,085,0,0,0,0,0,1,0,0.9977972794498907,-0.06633693633562374,0.7301838591531669,0.6832507093535931,-0.397963120556671,-0.9174014141458452,0.979132629970487,-0.2032222746823719,-0.7756359567098382,-0.6311805309567257,-0.9031003629045682,0.429429545468913,0.5341209856067664,-0.8454080510229699,0.9605748411818232,0.2780215360156746,0.6008237944623721,0.7993814909089635,0.31671636292670174,0.9485202925897167,0,1,0,0,99,0
1701456360,12,2,5,166,016.0,0.1,085,0,0,0,0,0,1,0,0.48329156372825655,-0.875459459043705,0.9683644611001854,0.24954011797333814,-0.6125601529754697,-0.7904239741978156,0.9461564284508708,-0.3237097664592346,-0.8135446412026923,-0.5815024649736085,-0.889241942604376,0.45743717329617606,0.5208468233098019,-0.8536501547168418,0.9627175480681864,0.27050863690754695,0.6039417865541566,0.7970284301414683,0.31856833635699866,0.9478998971783541,0,1,0,0,99,0
1701456420,12,2,5,167,016.0,0.1,085,0,0,0,0,0,1,0,-0.47555018687189876,-0.8796885924951523,0.9694556700786149,-0.24526659730265726,-0.78907116196914,-0.6143017998904703,0.8984157723154882,-0.43914587559803503,-0.8482764512816665,-0.5295536443090374,-0.8745151926379088,0.48499812148654897,0.5074455037309183,-0.8616838519685015,0.964801495637445,0.26297922734647544,0.6070505632373322,0.7946632077007452,0.32041909454592027,0.9472758858169951,0,1,0,0,99,0
1701456480,12,2,5,168,016.0,0.1,085,0,0,0,0,0,1,0,-0.9971732887740798,-0.07513609089835323,0.7331903200732922,-0.6800234955873388,-0.9165215479156338,-0.39998531498835127,0.836655638536056,-0.5477292602242684,-0.8796957599716702,-0.47553692799599256,-0.858934493426592,0.5120854772418407,0.4939202986100892,-0.8695071814659844,0.9668265566961802,0.2554337668888117,0.6101500770757914,0.7922858596771786,0.3222686304333866,0.9466482608860534,0,1,0,0,99,0
1701456540,12,2,5,169,016.0,0.1,085,0,0,0,0,0,1,0,-0.6019998676776046,0.7984961861625556,0.31741440880766936,-0.9482869255037094,-0.9869870631127111,-0.16079968049764676,0.7618397733439909,-0.6477655129374955,-0.907679875544648,-0.4196632501557079,-0.8425150592587969,0.538672790218836,0.4802745099321658,-0.8771182332555959,0.9687926076451028,0.24787271607057126,0.6132402807747664,0.7898964223461742,0.3241169369639805,0.9460170247797273,0,1,0,0,99,0
1701456600,12,2,5,170,016.1,0.1,085,0,0,0,0,0,1,0,0.3466494554970303,0.9379947521194415,-0.1760756199485871,-0.9843766433940419,-0.996086503119594,0.08838369930580556,0.675135653292801,-0.7376936014721172,-0.9321195206281534,-0.36215079630444197,-0.8252729234333458,0.5647340983576067,0.4665114691207459,-0.8845151492081995,0.970699528486596,0.24029653637932502,0.616321127181551,0.7874949321676061,0.3259640070869742,0.9453821799059907,0,1,0,0,99,0
1701456660,12,2,5,171,016.0,0.1,085,0,0,0,0,0,1,0,0.9765908679435658,0.21510526876214117,-0.6264561960895026,-0.7794566276458689,-0.943254108829076,0.33207180876591375,0.5778962671769416,-0.8161102280837784,-0.9529192589311485,-0.3032241513437061,-0.8072249226032686,0.5902439532330229,0.45263453622485383,-0.8916961234728519,0.9725472028320404,0.23270569022603224,0.6193925692862192,0.7850814257852596,0.32780983375635664,0.944743728686584,0,1,0,0,99,0
1701456720,12,2,5,172,016.0,0.1,085,0,0,0,0,0,1,0,0.7086591401823227,-0.7055510066862999,-0.9234584470040598,-0.38369844494974187,-0.8317747426285983,0.5551133015206257,0.47163900309419615,-0.8817917275413242,-0.9699978679206785,-0.24311342256103,-0.7883886803350966,0.6151774449047079,0.4386470990986331,-0.898659402917676,0.9743355179089173,0.22510064091681745,0.6224545602223437,0.7826559400262728,0.32965440993086015,0.9441016735570044,0,1,0,0,99,0
1701456780,12,2,5,173,016.0,0.1,085,0,0,0,0,0,1,0,-0.2108105329134813,-0.9775269404025313,-0.9943658633527529,0.10600249902117563,-0.6685796515669709,0.7436405378343678,0.3580219701119138,-0.9337131620134654,-0.983288655994125,-0.18205334106592852,-0.7687825898997481,0.6395102262411726,0.4245525725742499,-0.9054032875578629,0.9760643645676915,0.2174818526246926,0.62550705326771,0.7802185119005741,0.3314977285739873,0.943456016966497,0,1,0,0,99,0
1701456840,12,2,5,174,016.0,0.1,085,0,0,0,0,0,1,0,-0.9364619742512132,-0.3507691132091307,-0.8218178366308225,0.5697503342653119,-0.4638155159838274,0.8859318072699817,0.23881812402958275,-0.9710643148808378,-0.9927397229084867,-0.1202823451699422,-0.7484257963118128,0.6632185366943757,0.41035439762821135,-0.9119261309706986,0.9777336372884741,0.20984979036122642,0.6285500018450296,0.7777691786003179,0.33333978265403763,0.9428067613780455,0,1,0,0,99,0
1701456900,12,2,5,175,016.0,0.1,085,0,0,0,0,0,1,0,-0.8011345951780408,0.5984842190140996,-0.44806014160260915,0.8940034169437217,-0.23021357807075407,0.9731401278705245,0.11588760099655933,-0.9932623338953623,-0.9983141624497176,-0.058041649290133286,-0.7273381776347689,0.6862792255014961,0.3960560405413001,-0.9182263406975145,0.9793432341874616,0.2022049199481623,0.6315833595226515,0.7753079774993168,0.3351805651441348,0.9421539092683628,0,1,0,0,99,0
1701456960,12,2,5,176,016.0,0.1,085,0,0,0,0,0,1,0,0.07075223608034517,0.9974939203271522,0.03539830273366068,0.9993732836951247,0.017701925105413577,0.9998433086476912,-0.008851309290403876,-0.9999608263946371,-0.9999902065507035,0.004425697988050785,-0.7055403255703919,0.70866977429126,0.3816609920523317,-0.9243023786324636,0.9808930570231557,0.19454770798898718,0.6346070800152693,0.7728349461524715,0.33702006902225307,0.9414974631278811,0,1,0,0,99,0
1701457020,12,2,5,177,016.0,0.0,085,0,0,0,0,0,1,0,0.8775897877771157,0.47941231147032193,0.5101900080017631,0.8600617162362019,0.2645168083164075,0.9643810751555119,-0.13345209785628734,-0.9910552646435797,-0.9977613102950975,0.06687576301030233,-0.6830535253513071,0.7303683190727478,0.3671727665059408,-0.9301527613980265,0.9823830112023585,0.1868786218404523,0.6376211171846285,0.7703501222951977,0.3388582872712443,0.9408374254607429,1,0,0,0,99,0
1701457080,12,2,5,178,016.0,0.0,086,0,0,0,0,0,1,0,0.8775753358042688,-0.4794387656291727,0.8600694058124533,0.5101770449416689,0.4948853175526281,0.8689582973139933,-0.25597041106933305,-0.9666846169547733,-0.9916361774750792,0.12906467960915324,-0.6598997349563215,0.7513536715852107,0.3525949009946041,-0.9357760607071574,0.9838130057859464,0.17919812958404827,0.6406254250402305,0.7678535438428503,0.3406952128788645,0.9401737987847912,1,0,0,0,99,0
1701457140,12,2,5,179,016.0,0.0,086,0,0,0,0,0,1,0,0.07072216723899125,-0.9974960526543551,0.9993738171110836,0.03538323999893738,0.6944842546815092,0.7195079012766077,-0.374494391629162,-0.9272291791344273,-0.9816387266032314,0.19074960139614014,-0.6361015636688295,0.7716053399880473,0.33793095449511035,-0.9411709037119792,0.9851829534944205,0.17150669999743565,0.6436199577400332,0.7653452488901449,0.34253083883780094,0.9395065856315603,1,0,0,0,99,0
1701457200,12,2,5,180,016.0,0.0,086,0,0,0,0,0,1,0,-0.8011526357338304,-0.5984600690578581,0.8939966636005579,-0.4480736161291702,0.8509035245341184,0.5253219888177297,-0.4871745124605095,-0.8733046400935156,-0.9678079975112615,0.2516896500717544,-0.6116822499992318,0.7911035488707386,0.32318450699968687,-0.9463359733389455,0.9864927707132337,0.16380480252583335,0.6466046695911524,0.7628252757105762,0.3443651581456984,0.9388357885462655,1,0,0,0,99,0
1701457260,12,2,5,181,016.0,0.0,086,0,0,0,0,0,1,0,-0.936451400117644,0.3507973420904214,0.5697379476169631,-0.8218264239151785,0.9544177345154423,0.29847409944986975,-0.5922524379646446,-0.8057524742282427,-0.9501979989002931,0.31164685605004694,-0.5866656389929246,0.8098292585632008,0.3083591586419959,-0.9512700086103841,0.987742377497894,0.15609290725336597,0.6495795150505572,0.7602936627558348,0.3461981638051863,0.9381614100877936,1,0,0,0,99,0
1701457320,12,2,5,182,016.0,0.0,086,0,0,0,0,0,1,0,-0.21078106590019152,0.9775332947055968,0.10598751175115685,-0.9943674609282015,0.9985908724117705,0.05306853621402457,-0.688088462258297,-0.7256268104935293,-0.9288774974380447,0.37038708772476847,-0.5610761589460167,0.8277641837276992,0.2934585288182137,-0.9559718049523478,0.9889316975788438,0.1483714848743724,0.652544448725766,0.7577504486552193,0.34802984882390525,0.9374834528286937,1,0,0,0,99,0
1701457380,12,2,5,183,016.0,0.0,086,0,0,0,0,0,1,0,0.7086804082392084,0.705529644294206,-0.38371236343503057,-0.9234526637284138,0.9806764664578257,-0.19563657157033057,-0.7731870962355524,-0.6341779830732337,-0.9039297492264633,0.42768096574828196,-0.5349387975515134,0.8448908112141716,0.27848625530340665,-0.9604402144886925,0.9900606583661156,0.14064100666467697,0.6554994253755387,0.7551956722150481,0.3498602062145335,0.9368019193551667,1,0,0,0,99,0
1701457440,12,2,5,184,015.9,0.0,086,0,0,0,0,0,1,0,0.9765843832906294,-0.21513470736462095,-0.7794660696158047,-0.626444447910339,0.9017883476488092,-0.4321779448847783,-0.8462204041751706,-0.5328330203333975,-0.8754521746884285,0.4833047587530059,-0.5082790774992584,0.8611924171615208,0.26344599336342084,-0.9646741463213163,0.9911291909537616,0.13290194445282522,0.6584443999105676,0.7526293724180665,0.3516892289948141,0.9361168122670553,1,0,0,0,99,0
1701457500,12,2,5,185,015.9,0.0,086,0,0,0,0,0,1,0,0.346621180094276,-0.9380052012169503,-0.9843792971250844,-0.17606078322989716,0.7668313971238714,-0.6418485868061496,-0.9060487257333762,-0.4231733765218757,-0.8435559781430856,0.537041257017617,-0.4811230315534598,0.876653083328182,0.2483414148625013,-0.9686725667964852,0.9921372301240603,0.12515477059128596,0.6613793273941642,0.7500515884228517,0.3535169101875809,0.9354281341778351,1,0,0,0,99,0
1701457560,12,2,5,186,015.9,0.0,086,0,0,0,0,0,1,0,-0.6020239375552833,-0.7984780389030324,-0.9482821412699473,0.31742870151970165,0.5841965844132856,-0.8116121923430246,-0.9517384599623535,-0.3069102537037296,-0.808365713555359,0.5886806206663637,-0.45349717713213844,0.8912577126360152,0.23317620736685893,-0.9724344997571855,0.9930847143514961,0.1173999579276213,0.6643041630429463,0.7474623595632162,0.3553432428207858,0.9347358877146036,1,0,0,0,99,0
1701457620,12,2,5,187,015.9,0.0,086,0,0,0,0,0,1,0,-0.997171023392149,0.07516615000819327,-0.6800124447360528,0.7332005694242856,0.365239257594056,-0.9309136827397816,-0.9825766338407864,-0.18585789902532845,-0.7700187981553854,0.6380211990892903,-0.4254284904133183,0.9049920439123458,0.21795407324440425,-0.9759590267814386,0.9939715858065156,0.10963797977562646,0.6672188622275204,0.7448617253476065,0.3571682199275248,0.9340400755180708,1,0,0,0,99,0
1701457680,12,2,5,188,015.9,0.0,086,0,0,0,0,0,1,0,-0.47552366901205834,0.879702927248347,-0.24525198546765434,0.9694593666699876,0.123573122745224,-0.9923354691509287,-0.9980820279793963,-0.061905293994420546,-0.72866497582717,0.6848703183835534,-0.39694437999324705,0.9178426658157577,0.20267872876086712,-0.9792452874065205,0.9947977903590559,0.10186930988644112,0.6701233804731629,0.7422497254585013,0.35899183454606504,0.9333407002425484,1,0,0,0,99,0
1701457740,12,2,5,189,015.9,0.0,086,0,0,0,0,0,1,0,0.48331795366796265,0.8754448901342752,0.24955471330524379,0.9683606998774462,-0.1257761903592125,-0.9920586423890088,-0.9980126858885634,0.06301332244450873,-0.6844657323619245,0.7290450337408892,-0.36807266012236683,0.9297970299320409,0.1873539031725241,-0.982292479339031,0.9955632775818498,0.09409442241963412,0.673017673460499,0.7396263997518051,0.360814079719871,0.9326377645559408,1,0,0,0,99,0
1701457800,12,2,5,190,015.9,0.0,087,0,0,0,0,0,1,0,0.9977992786806003,0.06630685835171127,0.683261714736121,0.7301735609948197,-0.36730534913419133,-0.9301004142012893,-0.9823696896284233,0.18694863706204273,-0.6375936648595081,0.7703728438431753,-0.3388415235451705,0.9408434630275048,0.17198333781575365,-0.9850998586507625,0.9962680007535027,0.08631379191426318,0.6759016970261789,0.7369917882562408,0.36263494849763117,0.931931271139734,1,0,0,0,99,0
1701457860,12,2,5,191,015.9,0.0,087,0,0,0,0,0,1,0,0.594908548461427,-0.8037933932096717,0.9496824188142243,0.31321446868745406,-0.5859972403145539,-0.8103130471266812,-0.9513971429236797,0.3079666807248138,-0.588231807740446,0.8086923644763854,-0.30927951397046544,0.9509711784476923,0.15657078519364281,-0.98766673996032,0.9969119168613444,0.07852789325991148,0.6787754071635509,0.734345931172738,0.3644544339332847,0.9312212226889854,1,0,0,0,99,0
1701457920,12,2,5,192,015.9,0.0,087,0,0,0,0,0,1,0,-0.3549383576518463,-0.9348897059372352,0.9835877454343449,-0.18043044929108396,-0.7682546613236668,-0.6401443394691997,-0.9055783620066239,0.424179007336997,-0.5365729180004349,0.8438539587324921,-0.27941549819892586,0.960170286650366,0.1411200080598672,-0.9899924966004454,0.9974949866040544,0.0707372016677029,0.6816387600233341,0.7316888688738209,0.36627252908604757,0.9305076219123143,1,0,0,0,99,0
1701457980,12,2,5,193,015.9,0.0,087,0,0,0,0,0,1,0,-0.9784565746221131,-0.20645273449087873,0.7766764881502719,-0.629899700551255,-0.9027457284726566,-0.43017455727224563,-0.8456283336289784,0.5337721624100279,-0.482818722498399,0.8757203213383905,-0.2492786379351523,0.9684318048624773,0.12563477850006885,-0.9920765607710116,0.9980171743940611,0.06294219264129754,0.6844917119142869,0.7290206419029908,0.36808922702043945,0.9297904715318905,1,0,0,0,99,0
1701458040,12,2,5,194,015.9,0.0,087,0,0,0,0,0,1,0,-0.7023863292684922,0.711795928940826,0.3796077390275217,-0.9251475365964139,-0.981108438603097,-0.1934586046207122,-0.7724825579327705,0.6350359814133715,-0.42717913021742326,0.904167014830051,-0.2188983613117615,0.9757476658516921,0.11011887701095537,-0.9939184236776407,0.9984784483597131,0.055143341947869365,0.6873342193038735,0.7263412909741086,0.3699045208063098,0.929069774283425,1,0,0,0,99,0
1701458100,12,2,5,195,015.9,0.0,087,0,0,0,0,0,1,0,0.21945466799406363,0.9756226979194443,-0.11040222389190282,-0.9938869900344416,-0.9984705779426957,0.05528566706461281,-0.6872824502835014,0.7263902763200416,-0.36987141257466655,0.9290829554781537,-0.18830433415331466,0.9821107258039069,0.09457609157734605,-0.9955176356559202,0.9988787803472252,0.04734112558906797,0.6901662388189284,0.7236508569707729,0.37171840351886476,0.9283455329161585,1,0,0,0,99,0
1701458160,12,2,5,196,015.9,0.0,086,0,0,0,0,0,1,0,0.9395300555699313,0.3424664577455166,-0.5733818719904229,-0.8192882452914593,-0.9537526527594719,0.3005925437436371,-0.5913575298651244,0.8064094939122546,-0.3111193549811273,0.9503708470676735,-0.157526431008143,0.987514771299061,0.07901021674738969,-0.9968738062811815,0.999218145922396,0.03953601977196579,0.692987727246318,0.7209493809456964,0.37353086823869297,0.9276177501928519,1,0,0,0,99,0
1701458220,12,2,5,197,015.9,0.0,086,0,0,0,0,0,1,0,0.7958058429196471,-0.6055518643146514,-0.8959776404338033,-0.44409916442465225,-0.8497350070535673,0.5272100319490078,-0.486204672977848,0.873844961062604,-0.2511523829644027,0.9679475608375188,-0.1265947059763584,0.9919545253784365,0.06342505270618003,-0.9979866044638166,0.9994965243721002,0.03172850087999289,0.6957986415336003,0.7182369041200796,0.3753419080517924,0.9268864288897749,1,0,0,0,99,0
1701458280,12,2,5,198,015.9,0.0,086,0,0,0,0,0,1,0,-0.07957859166428352,-0.9968285949694307,-0.9992068341863537,0.0398208803931389,-0.6928849542336957,0.7210481538680822,-0.3734647547841147,0.9276443698605846,-0.19020466626691288,0.9817444600965631,-0.0955393633625346,0.9954256526975189,0.04782440434799511,-0.998855758530109,0.9997138987055519,0.023919045443861007,0.6985989387896817,0.7155134678829815,0.37715151604959674,0.9261515717966962,1,0,0,0,99,0
1701458340,12,2,5,199,015.9,0.0,086,0,0,0,0,0,1,0,-0.8817988360675502,-0.47162571251991114,-0.857795346373455,0.5139913848889341,-0.49295467089331135,0.8700549939196184,-0.2548970440004961,0.9669681985255819,-0.12851420441806832,0.9917076682484567,-0.06439072818171633,0.997924763759387,0.03221208034738687,-0.9994810562885589,0.9998702556553423,0.016108130112478542,0.7013885762854716,0.7127791137906885,0.3789596853290014,0.9254131817168719,1,0,0,0,99,0
1701458460,12,2,5,201,015.9,0.0,086,0,0,0,0,0,1,0,-0.06189025071872073,0.9980829609135574,-0.030959966783271346,0.9995206253283515,-0.015481838903188173,0.9998801491499747,-0.00774115140096295,0.9999700368385982,-0.003870604694478365,0.9999925091815933,-0.0019353059714989746,0.9999981272936448,0.0009676534387822795,-0.9999995318233016,0.9999998829558185,0.0004838267760202487,0.7069357018937364,0.7072778190979907,0.3825716801476615,0.9239258138773888,1,0,0,0,99,0
1701458520,12,2,5,202,016.0,0.0,086,0,0,0,0,0,1,0,0.8064184068658303,0.591345375451585,0.45202578717835057,0.8920048697881602,0.23237376165548454,0.9726265649744922,0.11699024537436405,0.9931330638374931,0.05859580259074419,0.9982817898362899,0.029310494397997367,0.999570355161729,-0.014656821590492326,-0.9998925830212285,0.9999731453947223,-0.007328607602110553,0.7096931053638997,0.7045109624405745,0.3843754919082546,0.9231768417915862,1,0,0,0,99,0
1701458580,12,2,5,203,016.0,0.0,086,0,0,0,0,0,1,0,0.9333097001669604,-0.35907242107165305,0.82433986348825,0.5660952123664124,0.46578148719844353,0.8848997718291073,0.23989604849902457,0.9707985815371557,0.12083339452081168,0.9926728014651041,0.060527673567121146,0.9981665195409792,-0.030277718366983942,-0.9995415247854836,0.9998853746268829,-0.015140594679806359,0.712439679790439,0.7017333558126596,0.38617783739317585,0.9224243480667289,1,0,0,0,99,0
1701458640,12,2,5,204,016.0,0.0,086,0,0,0,0,0,1,0,0.2021203593127912,-0.9793606896089245,0.9948267913584063,0.10158570369662134,0.6702291758433747,0.7421541968137826,0.3590583540221683,0.933315112063922,0.182599134631134,0.9831874470475918,0.09168574849017776,0.9957879912530557,-0.045891223272779696,-0.9989464428219001,0.9997365760093756,-0.022951657653640416,0.7151753832640076,0.6989450415971057,0.38797870972702503,0.9216683355733519,1,0,0,0,99,0
1701458700,12,2,5,205,016.0,0.0,086,0,0,0,0,0,1,0,-0.7148975077677644,-0.6992292566729738,0.9217454249067293,-0.3877955281633778,0.833005260536624,0.5532650684060137,0.4726176740209713,0.8812675724222507,0.24365182902837945,0.9698627666897649,0.12275429383576587,0.9924370928904676,-0.06149352449458594,-0.998107482411205,0.9995267586241013,-0.030761319776588504,0.7179001740411366,0.696146062340157,0.3897781020400216,0.9209088071954131,1,0,0,0,99,0
1701458760,12,2,5,206,016.0,0.0,085,0,0,0,0,0,1,0,-0.97464190312541,0.22377033018717848,0.6229886314423488,-0.7822308898871159,0.9439891127251193,0.32997659774057014,0.5788019532877502,0.8154681470604999,0.3037530682474665,0.95275079298327,0.15370297169659722,0.9881170965485999,-0.07708081295432778,-0.9970248483735498,0.9992559352772317,-0.03856910438712712,0.7206140105448711,0.6933364607507934,0.3915760074680308,0.9201457658302823,1,0,0,0,99,0
1701458820,12,2,5,207,016.0,0.0,085,0,0,0,0,0,1,0,-0.3383050275409778,0.9410365074429887,0.17170249351277814,-0.9851488485104646,0.9962802940213323,0.08617178044329644,0.6759542216587983,0.7369436140042521,0.36266815823542314,0.9319183478192314,0.18450156121394817,0.9828322206305692,-0.09264928323908087,-0.9956988050185078,0.9989241224984278,-0.04637453493832645,0.7233168513654049,0.6905162797000783,0.39337241915258986,0.9193792143887304,1,0,0,0,99,0
1701458880,12,2,5,208,016.1,0.0,085,0,0,0,0,0,1,0,0.6090679301910603,0.7931180595679168,-0.32162240316253093,-0.9468680107512125,0.9866275920404853,-0.16299078079570548,0.7625584504796027,0.6469193223286404,0.4201670368266409,0.9074467814501962,0.21511998808781552,0.9765876257280235,-0.10819513453010837,-0.9941296760805463,0.9985313405398316,-0.05417713502693632,0.7260086552607126,0.6876855622205048,0.39516733024093426,0.9186091557949183,1,0,0,0,99,0
1701458940,12,2,5,209,016.1,0.0,085,0,0,0,0,0,1,0,0.9964666417661079,-0.08398947462256867,-0.7362029185702026,-0.6767608607837156,0.9156311650396451,-0.40201936471784816,0.837263209724949,0.5468000709958585,0.4760251721307086,0.879431654819139,0.24552835394396,0.9693894095819128,-0.12371457153077643,-0.9923178446399905,0.9980776133748294,-0.061976428422463405,0.7286893811571785,0.684844351505339,0.39696073388602365,0.9178355929863853,1,0,0,0,99,0
1701459000,12,2,5,210,016.1,0.0,085,0,0,0,0,0,1,0,0.46771851834275896,-0.8838774731823718,-0.9705352835374847,-0.24095904923620143,0.7877052269841179,-0.616052331690985,0.8989027566124672,0.43814818743720435,0.5300244393246389,0.8479823663960249,0.27569696552916134,0.961244601128148,-0.13920380539312127,-0.9902637530295018,0.9975629686965886,-0.06977193909623788,0.7313589881502236,0.6819926909079606,0.3987526232465684,0.9170585289140385,1,0,0,0,99,0
1701459060,12,2,5,211,016.1,0.0,085,0,0,0,0,0,1,0,-0.491047853850463,-0.8711325991081119,-0.9672467624934477,0.2538379413049674,0.6108035931029845,-0.7917821484805551,0.9465152266288576,0.3226591479560474,0.5819539724256346,0.813221724979125,0.3055963637061761,0.9521611536339647,-0.15465905464284221,-0.9879679027260867,0.9969874379163678,-0.07756319125046778,0.7340174355049299,0.6791306239412018,0.4005429914870551,0.916277966542141,1,0,0,0,99,0
1701459120,12,2,5,212,016.1,0.0,085,0,0,0,0,0,1,0,-0.9983470937967718,-0.057472430847665464,-0.7271425000808527,0.6864865509069841,0.39592515018183416,-0.9182827862121189,0.979357643103917,0.20213512038718198,0.6316109877182386,0.775285470129288,0.33519735222008545,0.9421479369316923,-0.1700765461024943,-0.9854308542286699,0.9963510561615996,-0.08534970934727917,0.7366646826566614,0.6762581942766833,0.4023318317777731,0.9154939088483012,1,0,0,0,99,0
1701459180,12,2,5,213,016.1,0.0,085,0,0,0,0,0,1,0,-0.5877706198198406,0.8090276252864301,-0.30900839366720273,0.9510593107915064,0.15642999905467883,-0.9876890479274097,0.9969175111129831,0.07845684187051573,0.6788015756204033,0.7343217421098587,0.3644710262079424,0.9312147287575134,-0.1854525158126556,-0.9826532269212557,0.9956538622737461,-0.09313101813774066,0.7393006892116836,0.6733754457441478,0.4041191372948405,0.9147063588234609,1,0,0,0,99,0
1701459240,12,2,5,214,016.1,0.0,085,0,0,0,0,0,1,0,0.36319945137636067,0.9317114137542325,0.18478174456066745,0.9827795820412206,-0.09279121175730869,-0.9956855884367365,0.9989208147888241,-0.046445729422969886,0.7233414578962587,0.6904905034021214,0.39338880042387997,0.9193722052036709,-0.20078320995084364,-0.9796356989217142,0.9948958988059289,-0.10090664269087,0.7419254149477796,0.6704824223307908,0.4059049012202299,0.9139153194718838,1,0,0,0,99,0
1701459300,12,2,5,215,016.1,0.0,085,0,0,0,0,0,1,0,0.9802456219572225,0.19778402522372224,0.6333308672314487,0.7738811359710619,-0.3362431144491573,-0.9417752215818438,0.9853362932476007,-0.17062353064298638,0.7650567072586797,0.6439629140552325,0.4219224371521189,0.906631930293444,-0.21606488574795768,-0.9763790069162293,0.9940772120203313,-0.10867610842262153,0.7445388198148641,0.6675791681805906,0.4076891167417947,0.9131207938111449,1,0,0,0,99,0
1701459360,12,2,5,216,016.1,0.0,085,0,0,0,0,0,1,0,0.6960584883449115,-0.7179850839697136,0.926818505417785,0.3755095977670121,-0.5587890488516163,-0.8293098328631502,0.956375928404503,-0.2921388087338362,0.8037844265516209,0.594920663309892,0.4500440737806176,0.8930063446890767,-0.23129381240202182,-0.9728839459794464,0.9931978518853749,-0.11643894112485227,0.7471408639355942,0.6646657275936332,0.40947177705329507,0.9123227848721178,1,0,0,0,99,0
1701459420,12,2,5,217,016.1,0.0,085,0,0,0,0,0,1,0,-0.22808160941352784,-0.9736420181192547,0.9933886495524434,-0.1147997863254662,-0.7465921866472573,-0.665281975433926,0.9124916370668626,-0.4090953584227484,0.8393733848600241,0.5435552601057465,0.4777262500084402,0.8785087535436817,-0.24646627198900695,-0.9691513693803672,0.9922578720726702,-0.1241946669942652,0.749731507605978,0.6617421450254377,0.4112528753544237,0.9115212956989643,1,0,0,0,99,0
1701459480,12,2,5,218,016.1,0.0,085,0,0,0,0,0,1,0,-0.9425245273294025,-0.33413697099017103,0.8167426066363169,-0.577002178942952,-0.8879758383376634,-0.4598901070131037,0.8543682189235223,-0.5196681118689583,0.8716846080633058,0.49006728524307847,0.5049419346602744,0.8631533135089845,-0.26157856037050853,-0.9651821883740356,0.99125732995374,-0.13194281266132774,0.7523107112959804,0.6588084650862769,0.413032404850832,0.9107163293491221,1,0,0,0,99,0
1701459540,12,2,5,219,016.1,0.0,085,0,0,0,0,0,1,0,-0.7904147414931815,0.6125720663156844,0.44012948872139646,-0.8979343145007,-0.9741494532413135,-0.22590449917974179,0.7829126704747286,-0.6221316182369524,0.9005919215263238,0.4346656081190733,0.531664552081915,0.8469550189115929,-0.2766269880980588,-0.9609773719790682,0.9901962865965183,-0.1396829052191638,0.7548784356501264,0.6558647325404974,0.4148103587541557,0.9099078888932927,1,0,0,0,99,0
1701459600,12,2,5,220,016.1,0.0,085,0,0,0,0,0,1,0,0.08839871248753149,0.9960851708717215,-0.044242678085070965,-0.999020813314648,-0.9997551733586199,0.022126756261955736,0.6992400316550977,-0.7148869687796651,0.9259824428086272,0.3775665710972933,0.5578680080909402,0.8299296871112918,-0.2916078813138529,-0.9565379467410825,0.9890748067616226,-0.14741447225241752,0.7574346414881015,0.6529109923058358,0.41658673028204113,0.909095977415431,1,0,0,0,99,0
1701459660,12,2,5,221,016.1,0.0,085,0,0,0,0,0,1,0,0.8859387978787574,0.4638021630104179,-0.5177826942789717,-0.855512174960245,-0.9632009590319782,0.2687822771684872,0.6046559860083719,-0.7964867472747074,0.9477570224679708,0.31899314469537793,0.5835267154572368,0.8120939430556596,-0.3065175826476683,-0.9518649964820798,0.9878929588984021,-0.1551370418660872,0.7599792898053496,0.6499472894527343,0.41836151265817084,0.9082805980127326,1,0,0,0,99,0
1701459720,12,2,5,222,016.1,0.0,085,0,0,0,0,0,1,0,0.8689508382163492,-0.49489841458940237,-0.8645514486106083,-0.5025443191453852,-0.8667595742607592,0.49872621790648564,0.500636485932415,-0.8656576164704166,0.9658306312367652,0.2591740568899436,0.608615618888497,0.7934652030460894,-0.3213524521097596,-0.9469596620358465,0.9866508151407586,-0.1628501427143272,0.7625123417736683,0.6469736692036518,0.4201346991122895,0.9074617537956219,1,0,0,0,99,0
1701459780,12,2,5,223,016.1,0.0,085,0,0,0,0,0,1,0,0.05305348526993529,-0.9985916721566993,-0.9996478560364893,-0.026536087157875483,-0.7164272772437812,0.6976617779562402,0.38880472093569013,-0.9213201880877897,0.980132692059547,0.19834289993873028,0.6331102194962855,0.7740616577310655,-0.3361088679795094,-0.9418231409694353,0.9853484513027448,-0.17055330402921653,0.765033758741801,0.643990176932375,0.4219062828802298,0.9066394478877409,1,0,0,0,99,0
1701459840,12,2,5,224,016.1,0.0,085,0,0,0,0,0,1,0,-0.8116209973649744,-0.5841843515845697,-0.8899956043668333,0.4559691044442761,-0.5215510020869119,0.8532201077225842,0.27090578830786904,-0.9626058663135666,0.9906073556948704,0.1367372182078336,0.6569865987187891,0.7539022543433046,-0.35078322768961984,-0.9364566872907963,0.9839859468739369,-0.17824605564949209,0.7675435022360271,0.6409968581633251,0.42367625720393803,0.9058136834259364,1,0,0,0,99,0
1701459900,12,2,5,225,016.1,0.0,085,0,0,0,0,0,1,0,-0.9300948780045254,0.36731936773024515,-0.562441389066343,0.8268371568000089,-0.2942472117115055,0.9557293436951722,0.14877946146029003,-0.9888704019473866,0.997213718805399,0.0745975805660389,0.6802214416768855,0.7330066781981044,-0.3653719487056276,-0.9308616111426297,0.9825633850145825,-0.18592792804924488,0.7700415339607484,0.6379937585708637,0.42544461533150013,0.9049844635602491,1,0,0,0,99,0
1701459960,12,2,5,226,016.1,0.0,085,0,0,0,0,0,1,0,-0.19344381715900788,0.9811113543339269,-0.09718190589320902,0.9952666362171313,-0.04864855487508726,0.9988159580766447,0.02433148087720227,-0.9997039456950855,0.9999259836845639,0.012166640968536861,0.7027920599407278,0.7113953334709671,-0.37987146940052824,-0.9250392784825321,0.9810808525505256,-0.19359845236657747,0.7725278157990745,0.6349809239785958,0.4272113505171674,0.9041517914539007,1,0,0,0,99,0
1701460020,12,2,5,227,016.1,0.0,085,0,0,0,0,0,1,0,0.7210585970706318,0.6928740863898232,0.39187109718004004,0.9200201319508784,0.19997483347801748,0.9798010338713872,-0.1004961843270998,-0.9949374437298526,0.9987335589960549,-0.05031180910157879,0.724676413684611,0.6890893232732681,-0.3942782499242964,-0.9189911107495187,0.9795384399679061,-0.20125716043222083,0.7750023098134033,0.6319584003586705,0.4289764560213821,0.9033156702832821,1,0,0,0,99,0
1701460080,12,2,5,228,016.1,0.0,086,0,0,0,0,0,1,0,0.9726230624856244,-0.23238842122852268,0.7849803886813105,0.6195206125592099,0.43616475524782494,0.8998668269691937,-0.22375564018679642,-0.9746452757206577,0.9936411011327626,-0.11259379263383548,0.7458531332084875,0.6661104290454266,-0.4085887730680895,-0.9127185845169985,0.9779362414076386,-0.2089035847981091,0.7774649782460008,0.6289262338310793,0.4307399251108032,0.9024761032379415,1,0,0,0,99,0
1701460140,12,2,5,229,016.1,0.0,086,0,0,0,0,0,1,0,0.3299623697323973,-0.9439940860834779,0.98589910388525,0.16734084067633054,0.645236065065984,0.7639832592002035,-0.34352346411838924,-0.939144094162393,0.9846684960336634,-0.17443609981538652,0.766301539805117,0.6424810892876979,-0.42279954512292356,-0.9062232311322905,0.976274354659665,-0.21653725876591012,0.7799157835195766,0.625884470662953,0.4325017510583321,0.901633093520572,1,0,0,0,99,0
1701460200,12,2,5,230,016.1,0.0,086,0,0,0,0,0,1,0,-0.6160642040533645,-0.787695941645058,0.9454353340247703,-0.3258098052199642,0.8141897215084345,0.580598912666927,-0.45793071928681145,-0.8889878831195976,0.9718507815296538,-0.23559723776012562,0.7860016659524729,0.618224377649359,-0.43690709673261263,-0.8995066363427673,0.9745528811569866,-0.2241577164155103,0.7823546882378575,0.6228331572678552,0.4342619271431383,0.9007866443469994,1,0,0,0,99,0
1701460260,12,2,5,231,016.0,0.0,086,0,0,0,0,0,1,0,-0.9956841897581032,0.09280621889587708,0.6734960211850264,-0.7391908477842096,0.9325210045313215,0.36111573782915524,-0.5651921187396569,-0.8249593134904155,0.9552380105215703,-0.295838373533239,0.8049342748116889,0.5933639803976818,-0.4509079837407618,-0.8925704399087172,0.9727719259694734,-0.23176449263345197,0.7847816551861582,0.619772340205074,0.4360204466506852,0.8999367589461701,1,0,0,0,99,0
1701460320,12,2,5,232,016.0,0.0,086,0,0,0,0,0,1,0,-0.4598767232321427,0.8879827697817494,0.23666139336428604,-0.9715921906288022,0.9928726480845371,0.11918013544881928,-0.6636338842129675,-0.7480575296890004,0.934895055524683,-0.354924266788705,0.8230808790115055,0.5679241732886948,-0.46479878803160896,-0.8854163352030204,0.9709315977974505,-0.2393571231413216,0.7871966473319489,0.616702066178912,0.4377773028727551,0.8990834405601384,1,0,0,0,99,0
1701460380,12,2,5,233,016.0,0.0,086,0,0,0,0,0,1,0,0.4987392818032813,0.8667520572726362,-0.2581161974066756,-0.9661138797451976,0.9914922792803779,-0.13016551051411895,-0.7517198648812332,-0.6594825583311059,0.9109013553429114,-0.41262418837781073,0.8404237587008743,0.5419297978623197,-0.47857611836450864,-0.8780460687977367,0.9690320089650643,-0.2469351445240868,0.789599627825421,0.6136223820379734,0.4395324891074758,0.8982266924440548,1,0,0,0,99,0
1701460440,12,2,5,234,016.0,0.0,086,0,0,0,0,0,1,0,0.9988166912028082,0.048633500538969116,-0.689697940935389,-0.7240971967004738,0.9284657227653786,-0.37141809547969407,-0.8280755084772445,-0.5606165822201061,0.8833506048619953,-0.4687128213415406,0.8569459788520921,0.5154062371850283,-0.49223661120185463,-0.8704614400377044,0.967073275413426,-0.254498094258381,0.7919905600000485,0.610533334774449,0.44128599865934504,0.897366517866153,1,0,0,0,99,0
1701460500,12,2,5,235,016.0,0.0,086,0,0,0,0,0,1,0,0.5805866409896446,-0.8141984723053474,-0.9524175744665119,-0.3047962661308802,0.8077116645594764,-0.5895777022026527,-0.8915093107204918,-0.4530023718466313,0.8523503891729713,-0.5229711407684791,0.8726314057975678,0.4883793910637103,-0.5057769315302397,-0.8626643006012565,0.9650555166935363,-0.2620455107407332,0.7943694073731481,0.6074349715233996,0.44303782483925697,0.8965029201077372,1,0,0,0,99,0
1701460560,12,2,5,236,016.0,0.0,086,0,0,0,0,0,1,0,-0.37143208943692263,-0.9284601245807608,-0.9819521690440836,0.1891294205289584,0.6367380071391379,-0.7710802229758452,-0.9410314083429535,-0.3383192109710552,0.8180217634546941,-0.5751872690824027,0.8874647229840752,0.46087565075494996,-0.5191937736746512,-0.8546565540481598,0.9629788559589872,-0.26957693331574223,0.7967361336464357,0.6043273395620364,0.4447879609645272,0.8956359024631707,1,0,0,0,99,0
1701460620,12,2,5,237,016.0,0.0,086,0,0,0,0,0,1,0,-0.9819578697820255,-0.18909982012986337,-0.7710706258605184,0.6367496289241701,0.42617506442530745,-0.9046407101507675,-0.9758690255743256,-0.21835669196206517,0.7804987802559544,-0.6251573034196812,0.9014314459291071,0.43292187319441294,-0.5324838621055041,-0.8464401553548877,0.9608434199584467,-0.27709190230419245,0.7990907027065802,0.6012104863089995,0.44653640035891834,0.8947654682398621,1,0,0,0,99,0
1701460680,12,2,5,238,016.0,0.0,086,0,0,0,0,0,1,0,-0.6896761131802671,0.7241179868699296,-0.3714041014380902,0.9284713207390763,0.18911462035089152,-0.9819550195245901,-0.9954785330494551,-0.09498678980629327,0.7399279660231438,-0.6726861118655962,0.9145179363647266,0.40454535477150383,-0.5456439522383145,-0.8380171104373418,0.9586493390279216,-0.2845899590311104,0.8014330786257547,0.598084459323635,0.44828313635266553,0.8938916207582536,1,0,0,0,99,0
1701460740,12,2,5,239,016.0,0.0,086,0,0,0,0,0,1,0,0.2366906812750767,0.9715850561826999,0.11919510018725629,0.9928708516677031,-0.05970405485516448,-0.9982161218062207,-0.9995539309627621,0.029865349435251595,0.696467748917618,-0.7175880954402921,0.9267114155551047,0.3757738046749054,-0.5586708312258188,-0.8293894756611352,0.9563967470828033,-0.29207064585375986,0.8037632256621846,0.5949493063052683,0.45002816228250186,0.8930143633518076,1,0,0,0,99,0
1701460800,12,2,5,240,016.0,0.0,086,0,0,0,0,0,1,0,0.9454451549211168,0.32578130553514806,0.5806111842123143,0.8141809705265618,-0.3048106211022167,-0.9524129804151563,-0.9880316240928618,0.15425144988758405,0.6502878401571168,-0.7596879128588213,0.9379999767747389,0.3466353178350258,-0.5715613187423437,-0.8205593573395608,0.9540857816096938,-0.29953350618957414,0.806081108260693,0.5918050750924775,0.4517714714916838,0.8921336993669944,1,0,0,0,99,0
1701460860,12,2,5,241,016.0,0.0,086,0,0,0,0,0,1,0,0.7849617132764033,-0.6195442750039529,0.8998734008192355,0.4361511922464772,-0.5309655392553846,-0.8473934128391833,-0.9610914141847234,0.2762305080551537,0.6015685712970908,-0.7988211652351087,0.9483725969351678,0.3171583474897762,-0.5843122677602378,-0.8115289112193651,0.9517165836580145,-0.3069780845440232,0.8083866910532431,0.5886518136623622,0.45351305733001657,0.8912496321632796,1,0,0,0,99,0
1701460920,12,2,5,242,015.9,0.0,086,0,0,0,0,0,1,0,-0.09721190751822432,-0.9952637062792294,0.9988152247235795,-0.04866360920015389,-0.7241075918674496,-0.6896870271361664,-0.9191536942035773,0.3938990815322077,0.5505001900398365,-0.8348350380560844,0.9578191473488313,0.28737167740046654,-0.5969205653181726,-0.8023003419544537,0.949289297831397,-0.3144039265384152,0.8106799388594784,0.5854895701298123,0.4552529131538796,0.8903621651131107,1,0,0,0,99,0
1701460980,12,2,5,243,016.0,0.0,086,0,0,0,0,0,1,0,-0.8900093488562771,-0.4559422758951242,0.8532122467168191,-0.5215638619118831,-0.8722281415753229,-0.4890992425306529,-0.8628728882432953,0.5054209915849098,0.4972821173212898,-0.8675888979190864,0.9663304036195608,0.257304393744951,-0.6093831332811276,-0.7928759025676563,0.9468040722788575,-0.3218105789376289,0.8129608166872586,0.5823183927467734,0.4569910323262517,0.8894713016019048,1,0,0,0,99,0
1701461040,12,2,5,244,016.0,0.0,086,0,0,0,0,0,1,0,-0.8645362993442719,0.5025703802614231,0.4987131538963941,-0.8667670910519801,-0.9661177700083929,-0.25810163593826746,-0.7931272394572851,0.6090559761063561,0.4421221685765394,-0.8969548417022889,0.9738980546500462,0.2269858567154693,-0.621696929091873,-0.7832578939006837,0.9442610586857545,-0.3291975896777772,0.8152292897331944,0.579138329901511,0.4587274082167366,0.8885770450280356,1,0,0,0,99,0
1701461100,12,2,5,245,016.0,0.0,086,0,0,0,0,0,1,0,-0.04421256322855966,0.9990221465276736,0.0221116877728314,-0.9997555067434422,-0.9999388748177166,-0.011056519718198895,-0.7110051053678162,0.7031868458247073,0.3852357422249997,-0.9228181960236553,0.9805147107574815,0.19644567184891684,-0.6338589465137663,-0.7734486640524104,0.9416604122645303,-0.33656450789379855,0.8174853233831781,0.5759494301178713,0.46046203420158793,0.8876793988028199,1,0,0,0,99,0
1701461160,12,2,5,246,016.0,0.0,085,0,0,0,0,0,1,0,0.8167599996228085,0.5769775585030581,-0.45990349068959124,-0.8879689066918555,-0.9715886235161092,0.23667603734656428,-0.617787974410896,0.7863447200008926,0.3268449785441926,-0.9450779650380419,0.9861739108894643,0.16571366111754054,-0.6458662163646817,-0.7634506078056198,0.9390022917452384,-0.3439108839469756,0.8197288832129119,0.5727517420545416,0.4621949036637349,0.8867783663505052,1,0,0,0,99,0
1701461220,12,2,5,247,016.0,0.0,085,0,0,0,0,0,1,0,0.9268071855026884,-0.3755375359409301,-0.8293182549362247,-0.5587765492838215,-0.8828296974172939,0.4696932247308761,-0.5149304687378307,0.8572319478212639,0.2671778922167178,-0.9636472248238107,0.9908701289331036,0.13481983380828896,-0.6577158072418934,-0.7532661660423522,0.9362868593658549,-0.3512362694523786,0.8219599349884332,0.5695453145043077,0.46392600999280714,0.8858739511082566,1,0,0,0,99,0
1701461280,12,2,5,248,016.0,0.0,085,0,0,0,0,0,1,0,0.184752119221718,-0.982785151720906,-0.9956869868891794,-0.09277620459766088,-0.7391806966492228,0.6735071623235863,-0.404037645323065,0.9147423578045313,0.2064674819377966,-0.9784534628188842,0.9945987791111761,0.10379435721925297,-0.669404826237736,-0.7428978251479987,0.9335142808623762,-0.3585402173062328,0.8241784446666367,0.5663301963933087,0.46565534658516017,0.8849661565261433,1,0,0,0,99,0
1701461340,12,2,5,249,016.0,0.0,085,0,0,0,0,0,1,0,-0.727163193443649,-0.68646463135462,-0.9182768186539993,0.39593899065726024,-0.5495730203270262,0.8354456866419445,-0.28683994958692166,0.9579785192377605,0.14495082056035336,-0.9894388609807482,0.9973562204600591,0.07266752720181091,-0.6809304196458655,-0.7323481164042859,0.9306847254587038,-0.36582228171320713,0.8263843783957945,0.5631064367802915,0.46738290684390055,0.8840549860671256,1,0,0,0,99,0
1701461400,12,2,5,250,016.0,0.0,085,0,0,0,0,0,1,0,-0.9705280195418053,0.24098830528525864,-0.6160404591886565,0.7877145121442345,-0.32579555541456173,0.9454402445803316,-0.165166212373579,0.9862657462824945,0.08286812933059823,-0.9965605215646701,0.99913976038507,0.04146973857724405,-0.6922897736579516,-0.7216196153712994,0.9277983658563156,-0.37308201821362325,0.8285777025160715,0.5598740848558614,0.469108684178911,0.8831404432070421,1,0,0,0,99,0
1701461460,12,2,5,251,016.0,0.0,085,0,0,0,0,0,1,0,-0.3215938602925038,0.9468777054203809,-0.1629759101518061,0.9866300485542645,-0.08176170083154903,0.9966519072761223,-0.0409151116574164,0.9991626262216082,0.020461839829201516,-0.9997906346384747,0.999947657289739,0.010231455456709277,-0.7034801150506284,-0.710714941258698,0.9248553782237248,-0.38031898371058337,0.8307583835600407,0.556633189941732,0.4708326720068755,0.8822225314345956,1,0,0,0,99,0
1701461520,12,2,5,252,016.0,0.0,085,0,0,0,0,0,1,0,0.623012211003653,0.7822121099422712,0.329990825673782,0.9439841391523142,0.16735570030280691,0.9858965815825497,0.08397445569174683,0.9964679075571249,-0.04202435271884079,-0.999116586679734,0.9997791222764492,-0.021016818506448383,-0.7144987118625367,-0.6996367562862716,0.9218559421857278,-0.38753273649701414,0.832926388253192,0.5533838014899721,0.47255486375130445,0.8813012542513405,1,0,0,0,99,0
1701461580,12,2,5,253,016.0,0.0,085,0,0,0,0,0,1,0,0.9948237286710673,-0.10161569206079699,0.7421642985420401,0.6702179898880674,0.4060677345664961,0.9138429815586667,0.20755362974582411,0.9782236404725319,-0.10434644106884551,-0.994541009831302,0.9986343199167806,-0.05224456990299564,-0.7253428740612937,-0.6883877650339976,0.9188002408124406,-0.3947228362826266,0.8350816835144412,0.5501259690822519,0.47427525284255984,0.8803766151716695,1,0,0,0,99,0
1701461640,12,2,5,254,016.0,0.0,085,0,0,0,0,0,1,0,0.45199889806298343,-0.892018495407942,0.972630067242408,0.23235910202965793,0.6195324438519512,0.784971051068018,0.3278939988258263,0.9447145206537312,-0.16626105879951092,-0.9860817716228536,0.9965143680908102,-0.08342130536363722,-0.7360099542002259,-0.6769707137817569,0.9156884606081254,-0.40188884422078897,0.8372242364566345,0.5468597424290853,0.4759938327178802,0.8794486177227995,1,0,0,0,99,0
1701461700,12,2,5,255,016.0,0.0,085,0,0,0,0,0,1,0,-0.5063916349244909,-0.8623036078310824,0.9649620738223555,-0.2623893978125999,0.79447762643532,0.6072934225674604,0.44311769172113835,0.8964634467080798,-0.22752643065358386,-0.9737719051985634,0.9934213368955197,-0.11451658133527351,-0.7464973480647046,-0.6653883898388694,0.9125207914998072,-0.4090303229353116,0.8393540143870498,0.5435851713690728,0.4777105968214057,0.8785172654447586,1,0,0,0,99,0
1701461760,12,2,5,256,016.0,0.0,085,0,0,0,0,0,1,0,-0.9992080341070627,-0.03979075993115771,0.7210377105017316,-0.6928958219201651,0.9200260381967906,0.39185723042955,0.5514266812416906,0.8342233605065102,-0.2879033166650653,-0.9576594803233847,0.9893582466233818,-0.14550003380861354,-0.7568024953079283,-0.6536436208636119,0.9092974268256817,-0.4161468365471424,0.8414709848078965,0.5403023058681398,0.479425538604203,0.8775825618903728,1,0,0,0,99,0
1701461820,12,2,5,257,016.0,0.0,085,0,0,0,0,0,1,0,-0.5733571748155426,0.8193055291449822,0.3005781685810014,-0.953757183235068,0.9883716869768853,0.1520572536331825,0.6511308418308941,0.7589654977774624,-0.3471559463861577,-0.9378074156716458,0.9843290648130953,-0.17634140796811468,-0.7669228800759939,-0.6417392741728861,0.9060185633233147,-0.4232379507009703,0.8435751154168105,0.5370111960187747,0.48113865152429053,0.8766445106252518,1,0,0,0,99,0
1701461880,12,2,5,258,016.0,0.0,086,0,0,0,0,0,1,0,0.37963562682930313,0.9251360931462582,-0.19347339203846847,-0.9811055226493881,0.9952651713612277,-0.0971969067167568,0.740674323409674,0.6718642322981792,-0.4050529395658183,-0.914293233130974,0.9783387023753517,-0.20701058773529676,-0.7768560316221071,-0.6296782560422042,0.9026844011176343,-0.4303032325917363,0.8456663741073475,0.5337118920392648,0.48284992904666313,0.8757031152277766,1,0,0,0,99,0
1701461940,12,2,5,259,016.0,0.0,086,0,0,0,0,0,1,0,0.9835931839466808,0.18040079959254857,-0.6401559186664806,-0.7682450128678183,0.9402778878788489,-0.34040783417261544,0.8186598298965864,0.5742787501846923,-0.46136820968468756,-0.8872087550809822,0.9713930087974131,-0.23747762517658147,-0.7865995249097795,-0.6174635109961635,0.8992951437087169,-0.4373422509910497,0.8477447289694727,0.5304044442729295,0.4845593646433172,0.8747583792890838,1,0,0,0,99,0
1701462060,12,2,5,261,016.0,0.0,086,0,0,0,0,0,1,0,-0.24528120908194284,-0.9694519732670104,-0.992333606522275,0.12358807938670624,0.6619712684902925,-0.7495292120346966,0.935288514853758,0.3538861313793629,-0.5683809763796802,-0.8227654986019294,0.9546636838703799,-0.297686497340802,-0.8055080686562991,-0.5925848051794772,0.8923521740824856,-0.45133978044291795,0.8518626005533163,0.5237653193736113,0.48797268398261223,0.8728589002162982,1,0,0,0,99,0
1701462120,12,2,5,262,016.0,0.0,086,0,0,0,0,0,1,0,-0.9482917095220488,-0.31740011602352985,-0.8116033871367004,0.5842088171092894,0.45595569022148996,-0.8900024767126464,0.9721117417027341,0.23451814779175792,-0.618660590391954,-0.7856583697103207,0.9448963884231754,-0.3273695391218304,-0.8146685028653773,-0.5799269181880462,0.8887988856282523,-0.4582974371584211,0.8539020544413806,0.520433743545506,0.48967655470447735,0.8719041643281404,1,0,0,0,99,0
1701462180,12,2,5,263,016.0,0.0,086,0,0,0,0,0,1,0,-0.7794471854988634,0.6264679441263539,-0.4321643529223842,0.9017948614087224,0.22159099552021236,-0.9751396980455473,0.9937654899536277,0.11149058694448753,-0.6665243480382065,-0.7454832616982381,0.9342064176878251,-0.35673291010345676,-0.8236300474434674,-0.5671274503568591,0.8851913494710788,-0.46522712176051223,0.855928478834684,0.5170942265387846,0.49137855745912207,0.8709461023906085,1,0,0,0,99,0
1701462240,12,2,5,264,016.0,0.0,086,0,0,0,0,0,1,0,0.10601748626711377,0.9943642655514137,0.05308358714605824,0.9985900724399912,-0.026551154023966794,-0.99964745596635,0.9999118601072672,-0.013276747223059479,-0.711785342369123,-0.7023970575027135,0.9226042102393402,-0.3857479374522218,-0.8323905145579873,-0.5541895264924167,0.8815297857963782,-0.4721284112969602,0.8579418428124834,0.513746819310368,0.49307868575392305,0.8699847180584174,1,0,0,0,99,1
1701462300,12,2,5,265,016.0,0.0,086,0,0,0,0,0,1,0,0.8940101700837942,0.44804666697426215,0.5253348137263215,0.8508956066916382,-0.2730424814093603,-0.9620019767889353,0.9904549401131116,-0.1378369021907137,-0.7542668301704357,-0.6565680078290772,0.9101010954364018,-0.41438628848631254,-0.8409477654665337,-0.5411163052032749,0.8778144180871248,-0.4790008845486223,0.8599421156533218,0.510391572937572,0.4947769331034077,0.8690200149989562,1,0,0,0,99,9
1701462360,12,2,5,266,016.0,0.0,086,0,0,0,0,0,1,0,0.8600540264645697,-0.510202970945957,0.8689657562142357,0.4948722204034305,-0.5025573497604873,-0.8645438740756395,0.9655423020447212,-0.2602461584004272,-0.7938029221413925,-0.6081750741355538,0.8967092823584335,-0.44261999834194465,-0.8492997110390256,-0.5279109781289149,0.8740454731102137,-0.48584412205515315,0.8619292668354965,0.5070285386173281,0.49647329302927856,0.8680519968922737,1,0,0,0,99,14
1701462420,12,2,5,267,016.0,0.0,086,0,0,0,0,0,1,0,0.035368177256176046,-0.9993743503000143,0.9998435753406666,0.01768685528840119,-0.7008256362004742,-0.713332620622526,0.9255626992869057,-0.3785943603498829,-0.8302392306889271,-0.5574072297925984,0.8824418478836433,-0.47042149728057797,-0.857444312267735,-0.5145767691605511,0.8702231809026209,-0.49265770614060683,0.8639032660375254,0.5036577676654025,0.49816775906043814,0.867080667431065,1,0,0,0,99,19
1701462480,12,2,5,268,016.0,0.0,086,0,0,0,0,0,1,0,-0.8218350110128397,-0.5697255608391865,0.8859248164599484,-0.4638288688518717,-0.8555199789753223,-0.5177697997895051,0.8711400001691764,-0.4910347239302405,-0.8634334728079056,-0.504462722145928,0.8673127239196736,-0.4977636376102979,-0.8653795807650819,-0.5011169336540635,0.8663477747573614,-0.4994412209389292,0.8658640831386093,0.5002793115156127,0.49986032473301345,0.8661060303206567,1,0,0,0,99,19
1701462540,12,2,5,269,016.0,0.0,086,0,0,0,0,0,1,0,-0.9234468802429867,0.3837262818331512,0.5551007648016929,-0.8317831092998796,-0.9570222331011646,-0.2900145605828441,0.8031234527091224,-0.5958126548744814,-0.8932560256932167,-0.44954829836488014,0.8513366837993298,-0.5246197201950761,-0.8731035792490706,-0.48753475763525,0.862419491209252,-0.5061942524193405,0.8678116882190918,0.4968932217190427,0.501550983590381,0.8651280892789931,1,0,0,0,99,25
1701462600,12,2,5,270,016.0,0.0,086,0,0,0,0,0,1,0,-0.1760459464712114,0.9843819506325049,0.08836868610400143,-0.9960878351411849,-0.999021480034635,-0.04422762066183892,0.7225744323811351,-0.6912931286141072,-0.919590432914052,-0.3928783980991401,0.8345293278546717,-0.5509635205260235,-0.8806144220162487,-0.4738335569975899,0.8584385700204732,-0.5129163884116056,0.8697460515609156,0.49349954994325695,0.503239729183191,0.8641468480366219,1,0,0,0,99,25
1701462660,12,2,5,271,016.0,0.0,086,0,0,0,0,0,1,0,0.7332108186087175,0.6800013937302882,-0.3999991289176214,-0.916515519162193,-0.9789064100214568,0.2043091784989199,0.630749879707115,-0.7759862042906819,-0.9423338591737755,-0.33467431609649856,0.8169070681835537,-0.5767693143291786,-0.8879102754020753,-0.46001667669271595,0.8544052541659362,-0.5196072186311907,0.8716671436480758,0.49009834797151136,0.5049265550693925,0.8631623103366803,1,0,0,0,99,31
1701462720,12,2,5,272,016.1,0.0,086,0,0,0,0,0,1,0,0.9683569384347241,-0.24956930858045798,-0.7904332067228887,-0.6125482394960996,-0.8979276806892913,0.4401430224960407,0.5290826861200238,-0.8485702747846052,-0.9613974918795568,-0.27516333805159693,0.7984871126234903,-0.6020119026848236,-0.8949893582285835,-0.4460874899137928,0.850319789818452,-0.5262663347043051,0.8735749351670712,0.4866896677019633,0.5066114548142574,0.8621744799348805,1,0,0,0,99,37
1701462780,12,2,5,273,016.1,0.0,086,0,0,0,0,0,1,0,0.3132001548706699,-0.9496871395301657,-0.9873416682005692,-0.15860778743465642,-0.7611201572139107,0.6486109051524434,0.4191593341723149,-0.9079126899521901,-0.9767068879536455,-0.2145778530601538,0.7792874479484941,-0.6266666366338032,-0.9018499422392295,-0.4320493972719999,0.8461824263337073,-0.5328933301928258,0.8754693970073499,0.4832735611468799,0.5082944219904051,0.8611833605994951,1,0,0,0,99,43
1701462840,12,2,5,274,016.1,0.0,086,0,0,0,0,0,1,0,-0.6299114066849614,-0.7766669941024745,-0.9425144545582509,0.33416538263076073,-0.5769898687885426,0.8167513032223337,0.30269514100631545,-0.953087431252331,-0.9882022645319962,-0.1531544461445194,0.7593268223052967,-0.6507094412468135,-0.9084903525208217,-0.4179058259663213,0.8419934162350443,-0.5394878006191052,0.8773505002617554,0.4798500804318443,0.5099754501778275,0.860188956111343,1,0,0,0,99,46
1701462900,12,2,5,275,016.1,0.0,086,0,0,0,0,0,1,0,-0.9938853259197261,0.11041720391967796,-0.6669268310993051,0.7451232126030157,-0.3569851449269173,0.9341100611285096,0.1815074914039231,-0.9833895619561226,-0.995838732415074,-0.09113297439422614,0.7386247269061015,-0.6741168391331631,-0.9149089679124266,-0.4036602289468439,0.8377530151980487,-0.5460493434906575,0.8792182162269665,0.47641927779496,0.5116545329639131,0.8591912702637754,1,0,0,0,99,46
1701462960,12,2,5,276,016.1,0.0,086,0,0,0,0,0,1,0,-0.4440856600409099,0.8959843338731037,-0.2280522595008612,0.9736488930495181,-0.11478481378318722,0.9933903797222716,0.057487478104924564,-0.9983462274487422,-0.9995864713592172,-0.028755630329187164,0.7172013769957456,-0.6968659733660458,-0.9211042214011522,-0.38931608407176954,0.8334614820349437,-0.5525775583247253,0.8810725164039352,0.4729812055860543,0.5133316639434712,0.8581903068626603,1,0,0,0,99,60
1701463020,12,2,5,277,016.1,0.0,086,0,0,0,0,0,1,0,0.5140043136735694,0.8577875993070563,0.2666574588239974,0.9637913672852274,0.13455228113037063,0.9909064959130168,-0.06742960806271654,-0.9977240339675638,-0.9994308465240513,0.033734003856911096,0.6950776921118563,-0.7189346298019421,-0.9270746005047118,-0.3748768932583455,0.8291190786787943,-0.5590720466727229,0.8829133724983225,0.46953591626587904,0.515006836718757,0.857186069726369,1,0,0,0,99,60
1701463080,12,2,5,278,016.1,0.0,086,0,0,0,0,0,1,0,0.99952109184891,0.030944901828293042,0.6960801312247417,0.717964101410472,0.375523566896625,0.926812845565509,-0.1912944777489552,-0.9815326906337631,-0.9953724656212274,0.09609190747986249,0.6722752756572777,-0.7403012587723536,-0.9328186476406745,-0.3603461816279218,0.8247260701675199,-0.5655324121445553,0.884740756420929,0.4660834624053104,0.5166800448994956,0.8561785626857608,1,0,0,0,99,60
1701463140,12,2,5,279,016.1,0.0,086,0,0,0,0,0,1,0,0.5660827877060443,-0.8243483956816764,0.9550781108583937,0.2963541836370153,0.5931466160920859,0.8050944614258054,-0.3121742610900157,-0.9500248579447291,-0.9874271765413207,0.1580745742604909,0.6488163938047147,-0.7609449961266882,-0.9383349604823131,-0.3457274966453434,0.8202827246277175,-0.571958260432812,0.8865546402881246,0.4626238966845466,0.5183512821029063,0.8551677895841688,1,0,0,0,99,60
1701463200,12,2,5,280,016.1,0.0,086,0,0,0,0,0,1,0,-0.3878094208292295,-0.9217395798793158,0.9802396594403116,-0.19781357400426822,0.7738906815578891,0.6333192030862999,-0.428182669496151,-0.9036922050915067,-0.9756260054681576,0.2194399632114593,0.6247239537541924,-0.7808456836057491,-0.9436221923009624,-0.3310244072528874,0.815789313258297,-0.5783491993368335,0.888354996422273,0.4591572718923041,0.520020541953727,0.8541537542773854,1,0,0,0,99,60
1701463260,12,2,5,281,016.1,0.0,086,0,0,0,0,0,1,0,-0.9851514363288851,-0.17168764515577298,0.7654043523379563,-0.6435496697397284,0.9065179727230256,0.4221672241305995,-0.5375094305542,-0.8432577376255137,-0.9600150357222312,0.27994844380214573,0.6000214813645651,-0.7999838885259333,-0.9486790522948035,-0.31624050299895706,0.8112461103139285,-0.5847048387866493,0.8901417973521548,0.4556836409250121,0.5216878180842389,0.8531364606336469,1,0,0,0,99,60
1701463320,12,2,5,282,016.1,0.0,085,0,0,0,0,0,1,0,-0.6767497645263835,0.7362131187458456,0.363171365373259,-0.9317223617435201,0.9827823669926928,0.18476693191217952,-0.6384485367231334,-0.7696645151987259,-0.9406552278063217,0.33936373171073697,0.5747330981809134,-0.8183409227549167,-0.9535043059039945,-0.301379393161745,0.8066533930883032,-0.5910247908667855,0.8919150158133861,0.4522030567860055,0.5233531041342903,0.8521159125336193,1,0,0,0,99,60
1701463440,12,2,5,284,016.1,0.0,085,0,0,0,0,0,1,0,0.9510639681125854,0.3089940590981371,-0.5877950071674065,-0.8090099069535975,0.9510546532543747,-0.3090227281660707,-0.8090187662119065,-0.587782813560387,-0.8910058399248534,0.45399184267980686,0.5224979221586403,-0.8526405581133842,-0.9624553387335394,-0.27144008720767066,0.7973205400614205,-0.6035560921705327,0.8954205973090336,0.4452212415358611,0.5266776805903868,0.8500650685494203,1,0,0,0,99,60
1701463500,12,2,5,285,016.1,0.0,085,0,0,0,0,0,1,0,0.7738715902084317,-0.6333425312327234,-0.9036986586337072,-0.428169048838935,0.8450352208159536,-0.5347106465935876,-0.8759881981492638,-0.4823325374709923,-0.860910139756465,0.5087570454200157,0.4956021360829594,-0.8685496662310151,-0.966578932687604,-0.2563692003429672,0.7925809738894087,-0.609766676548101,0.8971529068525892,0.4417201169586342,0.5283369583141831,0.8490347804885953,1,0,0,0,99,60
1701463560,12,2,5,286,016.1,0.0,085,0,0,0,0,0,1,0,-0.11481475884166603,-0.9933869191569467,-0.9983453608739179,0.05750252534912421,0.6864755912087755,-0.7271528468448447,-0.9292881272363391,-0.36935562345465606,-0.8274526039159754,0.5615355627853609,0.4682224029318968,-0.8836106503390961,-0.9704665502579407,-0.24123572461485038,0.7877930326598638,-0.6159400439105862,0.8988715269465893,0.43821225227588845,0.52999422059307,0.8480012536181443,1,0,0,0,99,60
1701463620,12,2,5,287,016.1,0.0,085,0,0,0,0,0,1,0,-0.8979409481081247,-0.4401159548467677,-0.8485623002604958,0.529095475861036,0.48523423423072903,-0.8743842049868684,-0.9680868259063513,-0.2506150384684961,-0.7907638833648436,0.6121212957950017,0.4403854585502332,-0.8978088036422348,-0.9741172423384761,-0.22604335464437486,0.7829570086040404,-0.6220758174674632,0.9005764313670059,0.43469770101332306,0.5316494611050955,0.8469644918806583,1,0,0,0,99,60
1701463680,12,2,5,288,016.2,0.0,085,0,0,0,0,0,1,0,-0.8555043707508208,0.5177955886508133,-0.49102159389846933,0.8711474010323434,0.25382336276203626,-0.9672505882738824,-0.9917788534431158,-0.12796368962740468,-0.7509872467716762,0.6603167082440802,0.4121184852417566,-0.9111302618846769,-0.977530117665097,-0.2107957994307797,0.7780731968879212,-0.6281736227227391,0.9022675940990952,0.4311765167986662,0.5333026735360201,0.8459244992310679,1,0,0,0,99,59
1701463740,12,2,5,289,016.2,0.0,085,0,0,0,0,0,1,0,-0.026521020285755953,0.9996482558795381,-0.013261676373330016,0.9999120601031718,0.006630983970279104,-0.9999780147841181,-0.9999945036809248,-0.0033155102082415536,-0.7082780210511411,0.705933598078374,0.38344908522620447,-0.9235620168885179,-0.9807043430332401,-0.1954967814459897,0.7731418955942013,-0.6342330874978104,0.9039449893377943,0.42764875336085667,0.534953851579341,0.8448812796366294,1,0,0,0,99,59
1701463800,12,2,5,290,016.2,0.0,085,0,0,0,0,0,1,0,0.8268456339220814,0.5624289267667438,0.4677451620451334,0.8838633737085002,-0.2409736772881011,-0.9705316516498831,-0.9926055741456128,0.1213844066388201,-0.6628029848156917,0.7487938323192908,0.35440525368616455,-0.9350919292559664,-0.9836391435013062,-0.1801500357258271,0.7681634057040947,-0.6402538419541788,0.905608591488116,0.4241144645292243,0.5366029889363158,0.8438348370769082,1,0,0,0,99,59
1701463860,12,2,5,291,016.2,0.0,085,0,0,0,0,0,1,0,0.9200142254959646,-0.3918849638415085,0.8342316716121213,0.5514141076171752,-0.47359576242974594,-0.8807423311097222,-0.9697273666112869,0.2441901604183487,-0.6147397171086522,0.7887300426693371,0.3250153514302539,-0.9457087402232617,-0.9863338025798521,-0.16475930895815624,0.7631380310789642,-0.6462355186160244,0.907258375165538,0.42057370423266816,0.5382500793159867,0.8427851755437645,1,0,0,0,99,59
1701463920,12,2,5,292,016.2,0.0,085,0,0,0,0,0,1,0,0.16732598101183924,-0.9859016259639831,0.9964691731217737,0.08395943674184847,-0.6767719568873076,-0.7361927182273159,-0.9317168878547055,0.36318540841606234,-0.5642759039618552,0.8255862790817391,0.29530807719927077,-0.9554020826546641,-0.9887876624065108,-0.14932835856818344,0.7580660784417752,-0.6521777523926344,0.9088943151963913,0.41702652649883415,0.5398951164352044,0.8417322990413384,1,0,0,0,99,59
1701463980,12,2,5,293,016.2,0.0,085,0,0,0,0,0,1,0,-0.739200998751274,-0.6734848798934681,0.9147362679738538,-0.40405143243560715,-0.8378697489573207,-0.5458702078170199,-0.8791672786839316,0.4765132695859477,-0.5116086054857034,0.859218618742037,0.2653124396423611,-0.9641624911657881,-0.9910001239065988,-0.13386095180113555,0.752947857358375,-0.6580801806006866,0.9105163866182439,0.4134729854532902,0.5415380940186525,0.8406762115860333,1,0,0,0,99,59
1701464040,12,2,5,294,016.2,0.0,085,0,0,0,0,0,1,0,-0.9661099892625297,0.2581307588164473,0.6090440218832924,-0.7931364191664784,-0.9468728581933475,-0.32160813176404734,-0.8128985581744033,0.582405300557933,-0.4569434863536556,0.889495728083596,0.23505772899056523,-0.9719814113663893,-0.9929706469393719,-0.11836086480254095,0.7477836802185981,-0.6639424429863854,0.9121245646802812,0.4099131353187006,0.5431790057988708,0.8396169172065021,1,0,0,0,99,59
1701464100,12,2,5,295,016.2,0.0,085,0,0,0,0,0,1,0,-0.30478191109030295,0.9524221683015063,0.15423655808285816,-0.988033948885742,-0.9970039992110719,-0.07735001976165862,-0.7339448275455243,0.6792090916052071,-0.40049401268607804,0.9162993756423735,0.2045734884554038,-0.9788512082135807,-0.9946987504298929,-0.1028318816963379,0.7425738622171999,-0.6697641817474499,0.9137188248436852,0.40634703041399856,0.5448178455162797,0.8385544199436309,1,0,0,0,99,59
1701464160,12,2,5,296,016.2,0.0,085,0,0,0,0,0,1,0,0.6367612505645516,0.7710610285700272,-0.3383333943242765,-0.9410263090291437,-0.9851462604682474,0.17171734183077755,-0.6435381333569995,0.7654140519453434,-0.34248061846961253,0.939524893748256,0.17388948538043356,-0.9847651734673236,-0.9961840124864793,-0.08727779366103493,0.737318721334619,-0.6755450415549525,0.9152991427820066,0.40277472515355744,0.5464546069192036,0.8374887238505236,1,0,0,0,99,59
1701464220,12,2,5,297,016.2,0.0,085,0,0,0,0,0,1,0,0.992869055025318,-0.11921006489861569,-0.7480675320111867,-0.6636226092823331,-0.9120368987278785,0.4101081508076052,-0.5430892418343393,0.8396749820042292,-0.2831298447671764,0.9590815872500705,0.1430356821739413,-0.9897175322409093,-0.9974260705037014,-0.07170239800414888,0.7320185783175687,-0.6812846695750063,0.9168654943815386,0.3991962740463603,0.5480892837638954,0.8364198329924872,1,0,0,0,99,59
1701464280,12,2,5,298,016.2,0.0,084,0,0,0,0,0,1,0,0.43613762914604876,-0.8998799744648526,-0.9746486480944947,-0.22374095013558368,-0.7822215000035424,0.6230004212937645,-0.4341656243337532,0.9008330648055067,-0.22267345507995925,0.9748930876782097,0.11204220705116075,-0.9937034486400381,-0.998424621250908,-0.05610949723514686,0.7266737566594609,-0.6869827154903001,0.9184178557416826,0.3956117316951685,0.5497218698145597,0.8353477514470151,1,0,0,0,99,59
1701464340,12,2,5,299,016.2,0.0,084,0,0,0,0,0,1,0,-0.5215767216183704,-0.8532043855172293,-0.9626017830643233,0.2709202968427898,-0.6037713570372523,0.7971575430373816,-0.3184669974758911,0.9479339489219124,-0.16134753031591095,0.9868976514618708,0.08093932461458155,-0.9967190304849884,-0.9991794209462554,-0.04050289813711804,0.7212845825806614,-0.6926388315214799,0.9199562031753141,0.3920211527956879,0.5513523588433771,0.8342724833037728,1,0,0,0,99,59
1701464460,12,2,5,301,016.3,0.0,084,0,0,0,0,0,1,0,-0.5587640495890891,0.8293266768209027,-0.29212439403368673,0.9563803314636136,-0.1476815298816789,0.9890349668903556,-0.07404401768422757,0.9972549741391004,-0.0370474416181442,0.9993135078990728,0.01852690072471944,-0.9998283622450087,-0.9999570896406027,-0.00926384787740154,0.7103744955575902,-0.7038238956310728,0.9229907625840772,0.38482210459440036,0.5546070209642138,0.8321124036434021,1,0,0,0,99,59
1701464520,12,2,5,302,016.3,0.0,084,0,0,0,0,0,1,0,0.39595283104274065,0.9182708508872743,0.20214988141565363,0.9793545963764285,0.1016006978902495,0.9948252601277343,0.050866196399306694,0.9987054771372125,0.025441333129256026,0.9996763168989281,-0.012721696055790868,-0.9999190759503811,-0.9999797687829443,0.006360976718196107,0.7048542485087977,-0.7093521610308227,0.9244869282555656,0.3812137451412117,0.5562311816406863,0.8310276003663211,1,0,0,0,99,59
1701464580,12,2,5,303,016.3,0.0,084,0,0,0,0,0,1,0,0.9866325048439105,0.1629610394708834,0.6469308156708554,0.7625486999106625,0.3445658863623454,0.9387621370482149,0.17498266050066957,0.984571515190292,0.08783076001523608,0.9961354112745646,-0.043957870315993346,-0.9990333856469874,-0.9997583172064605,0.02198424837255722,0.699290980789629,-0.7148371312307991,0.925968987393962,0.3775995688352947,0.5578532204642657,0.829939626971533,1,0,0,0,99,59
1701464640,12,2,5,304,016.3,0.0,084,0,0,0,0,0,1,0,0.6702068037805061,-0.7421744001016999,0.933320523748862,0.35904428689111606,0.5661076368981803,0.8243313311075577,0.2963685787093853,0.9550736440472949,0.14987720966295234,0.9887046181866692,-0.0751511204618093,-0.9971721561963784,-0.999292788975378,0.03760215288797655,0.6936850319532718,-0.7202784714566918,0.9274369173848677,0.37397963082453317,0.5594731312473669,0.8288484876093257,1,0,0,0,99,59
1701464700,12,2,5,305,016.3,0.0,084,0,0,0,0,0,1,0,-0.2624039418616639,-0.9649581189333869,0.991200816921926,-0.13236668966664739,0.7524515564694672,0.6586475955825515,0.41312976437037824,0.910672168121589,0.21133839201433674,0.9774129547232299,-0.10627098681382932,-0.9943372050575272,-0.9985832977417375,0.05321087737705887,0.6880367441579487,-0.7256758495971389,0.9288906958294767,0.3703539863447274,0.5610909078105225,0.8277541864420642,1,0,0,0,99,59
1701464760,12,2,5,306,016.3,0.0,084,0,0,0,0,0,1,0,-0.9537617134939987,-0.3005637933500832,0.8064005807754863,-0.5913696841443247,0.8920116826993705,0.45201234267200896,0.523444198233198,0.8520599575945371,0.2719743024675887,0.9623045145884273,-0.13728708135067327,-0.9905313005121108,-0.9976300167176484,0.06880661119358068,0.6823464621460344,-0.7310289362239981,0.9303303005449188,0.3667226907187513,0.5627065439824068,0.826656727644175,1,0,0,0,99,59
1701464820,12,2,5,307,016.3,0.0,084,0,0,0,0,0,1,0,-0.7682353642374472,0.6401674977183369,0.42416535825174545,-0.9055847552047066,0.9761108428874015,0.21727315158032454,0.6255904604530329,0.7801516364080526,0.3315481590900087,0.9434382959176643,-0.16816911738237747,-0.9857581589613307,-0.9964331786330006,0.08438554686280492,0.6766145332230143,-0.7363374046124525,0.9317557095645973,0.36308579935570845,0.5643200335998588,0.8255561154021296,1,0,0,0,99,59
1701464880,12,2,5,308,016.3,0.0,084,0,0,0,0,0,1,0,0.12360303600011291,0.9923317436681922,-0.06192033725605731,-0.9980810948185003,0.9995201585807313,-0.03097503173121646,0.7179745927716441,0.6960693098638897,0.3898273272463786,0.9208879708911095,-0.1988869391248336,-0.9800224412969096,-0.9949930756786476,0.09994388101102124,0.6708413072362862,-0.7416009307609522,0.9331669011385242,0.35944336775008645,0.565931370507906,0.8244523539144292,1,0,0,0,99,59
1701464940,12,2,5,309,016.3,0.0,084,0,0,0,0,0,1,0,0.9018013749637745,0.43215076086181514,-0.5328457746563188,-0.8462123731256284,0.9607841519107266,-0.27729733759483854,0.7991549717028728,0.6011250545457083,0.4465842280322334,0.8947415980454101,-0.2294105511463999,-0.9733297483498103,-0.9933100594350714,0.11547781529408518,0.6650271365538082,-0.7468191934109906,0.9345638537336522,0.3557954514809102,0.5675405485597879,0.8233454473915885,1,0,0,0,99,59
1701465000,12,2,5,310,016.4,0.0,083,0,0,0,0,0,1,0,0.8508876886558596,-0.5253476385155728,-0.8733119827746476,-0.48716134980334147,0.862311240157329,-0.506378638074642,0.8678648045849774,0.49680044380282007,0.5015972269646135,0.8651012784069909,-0.2597101476579314,-0.9656866154211187,-0.9913845407865504,0.13098355732472944,0.6591723760425913,-0.7519918740667114,0.9359465460342037,0.35214210621089365,0.5691475616169792,0.8222354000561195,1,0,0,0,99,59
1701465060,12,2,5,311,016.4,0.0,083,0,0,0,0,0,1,0,0.01767178546737087,-0.9998438418065069,-0.9999609596895538,-0.008836237703148543,0.7102239920275675,-0.7039757674440404,0.9230318974564314,0.3847234282935987,0.5546514994599768,0.8320827567897314,-0.28975614161762697,-0.9571005059004335,-0.9892169898208465,0.14645732159842081,0.6532773830470404,-0.7571186570143483,0.9373149569419951,0.3484833876855909,0.5707524035492137,0.8211222161425152,1,0,0,0,99,59
1701465180,12,2,5,313,016.4,0.0,083,0,0,0,0,0,1,0,-0.9165094902005468,0.4000129427560235,-0.5477166499404489,0.8366638939132081,0.2857762289683941,-0.958296377409726,0.9895191704584925,0.14440156264783635,0.6540636197466435,0.7564395424116314,-0.348970240556676,-0.9371338064576561,-0.9841579666033436,0.17729381481363626,0.6413681412365148,-0.7672332809562018,0.9400088512764658,0.341150054260437,0.573955549559181,0.8188864555786831,1,0,0,0,99,59
1701465240,12,2,5,314,016.4,0.0,084,0,0,0,0,0,1,0,-0.15859290602857282,0.987344058653017,-0.0795485428747221,0.9968309933617175,0.039805820166669656,-0.9992074342602034,0.9998018389311463,0.01990685484696882,0.7000332653356665,0.7141102347841574,-0.378080523973295,-0.9257727136787294,-0.9812677294395066,0.19264901546759924,0.6353546193002774,-0.7722205046059057,0.941334293597632,0.33747555125823137,0.5755538414178853,0.8177638874572022,1,0,0,0,99,59
1701465300,12,2,5,315,016.4,0.0,084,0,0,0,0,0,1,0,0.7451332645574127,0.6669156003948422,0.4080958218391593,0.9129390999389944,-0.20863952173666145,-0.9779926124309412,0.9944829340996609,-0.1048984927657657,0.7432692960044044,0.668992341971952,-0.40682161817438367,-0.9135076195555109,-0.9781379298328817,0.20795718362741059,0.6293023185928165,-0.7771605958961798,0.9426453723156392,0.33379589879432325,0.5771499377136226,0.8166381998150476,1,0,0,0,99,59
1701465360,12,2,5,316,016.4,0.0,084,0,0,0,0,0,1,0,0.9637873480674221,-0.2666719852274808,0.7958240965274552,0.6055278749869898,-0.4441126687075084,-0.8959709467909631,0.9736454556949781,-0.22806693448309956,0.7836028759783554,0.6212620483809149,-0.43516545796919887,-0.9003505007442698,-0.9747693318791554,0.22321458202336397,0.6232116085153726,-0.782053253309314,0.943942067425039,0.330111153015682,0.5787438323577704,0.8155093969463755,1,0,0,0,99,59
1701465420,12,2,5,317,016.3,0.0,084,0,0,0,0,0,1,0,0.2963397884973224,-0.955082577452527,0.9887068770501516,0.1498623077152374,-0.651973040962877,-0.7582421472442815,0.9376145655983277,-0.34767646796678553,0.8208765034908678,0.5711057397860814,-0.46308436607918363,-0.8863142049482455,-0.9711627579732054,0.23841748578046287,0.6170828608134961,-0.7868981782227173,0.9452243591398598,0.3264213701469947,0.5803355192701052,0.8143774831572257,1,0,0,0,99,59
1701465480,12,2,5,318,016.3,0.0,084,0,0,0,0,0,1,0,-0.6435612059762619,-0.7653946525566921,0.9395197317131483,-0.34249477911590703,-0.8192968873112808,-0.5733695234681091,0.8869525137988248,-0.46186062645125475,0.8549446258241684,0.5187192754991592,-0.49055108016436005,-0.8714124383720832,-0.9673190886083255,0.25356218332779523,0.610916449554358,-0.791695074927145,0.9464922278939074,0.3227266064898082,0.5819249923788253,0.8132424627655053,1,0,0,0,99,58
1701465540,12,2,5,319,016.3,0.0,084,0,0,0,0,0,1,0,-0.9917749956098326,0.12799358610147818,0.6603053891566091,-0.7509971990964674,-0.9356808214066555,-0.3528475597928464,0.8224498646704389,-0.5688376043332375,0.8856742076896101,0.46430722354210824,-0.5175387794445416,-0.8556597523379571,-0.9632392621612652,0.2686449773046603,0.6047127511039186,-0.796443650644746,0.9477456543410647,0.3190269184216702,0.5835122456205738,0.812104340100972,1,0,0,0,99,58
1701465660,12,2,5,321,016.3,0.0,084,0,0,0,0,0,1,0,0.5291082654818533,0.8485543255436181,-0.27517782837320115,-0.9613933444599089,-0.9903013037606052,0.13893641628473632,0.6561492146285263,-0.7546311735824118,0.9366512620987631,0.3502633483663315,-0.5699722149516012,-0.8216639667060773,-0.9543751795562575,0.2986101415674982,0.5921950094489575,-0.8057946827720751,0.9502091040323901,0.31161299493757066,0.5866800682920927,0.8098188053316527,1,0,0,0,99,58
1701465720,12,2,5,322,016.3,0.0,084,0,0,0,0,0,1,0,0.9999122598719259,0.01324660552058789,-0.702407785577371,-0.7117747556357236,-0.9251418149764185,0.37962168297153187,0.5569462797382114,-0.8305485184417379,0.9566996703359257,0.2910768640396056,-0.5953667508185162,-0.8034540634160753,-0.9495930874369493,0.3134851962883771,0.5858817302628675,-0.8103965684429991,0.9514190896873468,0.30789887264895993,0.5882606256375825,0.8086714019454874,1,0,0,0,99,58
1701465780,12,2,5,323,016.3,0.0,085,0,0,0,0,0,1,0,0.551401533867395,-0.8342399825282195,-0.9576638195442646,-0.2878888826194756,-0.8024614889885606,0.5967039120788988,0.4490523844280872,-0.8935054314549238,0.9730121868339892,0.2307537307879076,-0.6201799211567932,-0.784459600867982,-0.9445791657844201,0.32828371809459106,0.5795326918757081,-0.8149489916843234,0.9526145578575638,0.3041800522023728,0.5898389389475855,0.8075209137237168,1,0,0,0,99,58
1701465840,12,2,5,324,016.3,0.0,085,0,0,0,0,0,1,0,-0.4040652194563607,-0.9147301779353751,-0.9784503507933796,0.20648222933781113,-0.6298879942744539,0.7766859820216312,0.33415117684842055,-0.9425194910508831,0.9855251115651197,0.16952950915565845,-0.6443874963266829,-0.7646991268321347,-0.9393346386757316,0.3430020941392817,0.5731482818000584,-0.8194516746395976,0.9537954903016678,0.30045659034243405,0.5914150022013163,0.8063673450551039,1,0,0,0,99,58
1701465900,12,2,5,325,016.3,0.0,085,0,0,0,0,0,1,0,-0.9880362734541701,-0.15422166624309427,-0.7596781115193113,0.6502992902336991,-0.4181511148892831,0.9083774794196792,0.2140356519137885,-0.9768258492227975,0.9941895818260211,0.10764327841812157,-0.6679658380418412,-0.7441919370760884,-0.9338607864869604,0.35763673114202876,0.5667288897074029,-0.8239043424882614,0.9549618690000825,0.2967285438845904,0.5929888093865725,0.8052107003401626,1,0,0,0,99,58
1701465960,12,2,5,326,016.2,0.0,085,0,0,0,0,0,1,0,-0.6636113342009432,0.7480775341634341,-0.35491017584493534,0.9349004048997503,-0.1804156244623088,0.9835904648022342,0.09058017221711874,-0.995889166725453,0.9989717630457462,0.04533670298194944,-0.690891922451714,-0.7229580565226276,-0.9281589455806122,0.3721840562660983,0.5602749074043482,-0.8283067234624195,0.9561136761553041,0.2929959697142441,0.5945603544997581,0.8040509839911409,1,0,0,0,99,58
1701466020,12,2,5,327,016.2,0.0,085,0,0,0,0,0,1,0,0.2709348053161655,0.9625976995964054,0.13675214880138925,0.9906052946548402,0.06853723566485535,0.9976485590263838,-0.034288780771676325,-0.9994119668651121,0.9998529809089715,-0.017146911309152784,-0.7131433626239372,-0.7010182196957677,-0.9222305079793683,0.38664051799069915,0.5537867288087088,-0.8326585488634279,0.9572508941921726,0.2892589247858846,0.596129631545906,0.8028882004320043,1,0,0,0,99,58
1701466080,12,2,5,328,016.2,0.0,085,0,0,0,0,0,1,0,0.9563847343054627,0.2921099792671752,0.5949327780232085,0.803775459710974,0.31322878243308516,0.9496776978825432,-0.158622668804709,-0.9873392775238264,0.9968297942787993,-0.07956356727854007,-0.7346984304047954,-0.6783938504738453,-0.9160769210262436,0.40100258697803604,0.5472647499254653,-0.8369595530782943,0.9583735057581397,0.28551746612221973,0.5976966345387016,0.8017223540984184,1,0,0,0,99,58
1701466140,12,2,5,329,016.2,0.0,085,0,0,0,0,0,1,0,0.7625389491684939,-0.6469423088661069,0.9074531141789384,0.4201533595806971,0.5384452806085791,0.8426604771735462,-0.2804813031437691,-0.9598594889809514,0.9899140086343236,-0.14166952922038076,-0.7555360776363961,-0.6551070411694638,-0.9096996870312377,0.41526675693494663,0.5407093688225928,-0.8412094735958894,0.9594814937235343,0.2817716508133054,0.5992613575005044,0.8005534494377329,1,0,0,0,99,58
1701466260,12,2,5,331,016.2,0.0,085,0,0,0,0,0,1,0,-0.9055911481970673,-0.424151709070136,0.8438458713148201,-0.5365856366554476,0.8765231419236595,0.48135972169706537,-0.5092348565754973,-0.860627597075839,0.964527759340248,-0.26398144151072533,-0.7949784404343068,-0.6066376836668139,-0.896280559776573,0.4434874949382373,0.5275000023989397,-0.8495550291000099,0.9616535314498694,0.27426717895146524,0.6023839394640825,0.798206482982776,1,0,0,0,99,58
1701466320,12,2,5,332,016.2,0.0,085,0,0,0,0,0,1,0,-0.8462043418838514,0.5328585288581931,0.48329156372825655,-0.875459459043705,0.9683644611001854,0.24954011797333814,-0.6125601529754697,-0.7904239741978156,0.9461564284508708,-0.3237097664592346,-0.8135446412026923,-0.5815024649736085,-0.889241942604376,0.45743717329617606,0.5208468233098019,-0.8536501547168418,0.9627175480681864,0.27050863690754695,0.6039417865541566,0.7970284301414683,1,0,0,0,99,58
1701466380,12,2,5,333,016.2,0.0,085,0,0,0,0,0,1,0,-0.008821166113885877,0.9999610927573088,0.004410625958475234,-0.9999902731420214,0.9999975682825487,0.0022053183419487145,-0.7063266530643069,-0.707886049566577,0.9240903769563281,-0.38217401169717374,-0.8313164294350177,-0.5557994189916117,-0.8819862297654119,0.47127517492882454,0.5141618544151129,-0.8576931779281052,0.9637668748011899,0.2667459672346471,0.6054973297898815,0.7958473368789541,1,0,0,0,99,58
1701466440,12,2,5,334,016.2,0.0,085,0,0,0,0,0,1,0,0.8366721491002945,0.5477040395322044,-0.47555018687189876,-0.8796885924951523,0.9694556700786149,-0.24526659730265726,-0.78907116196914,-0.6143017998904703,0.8984157723154882,-0.43914587559803503,-0.8482764512816665,-0.5295536443090374,-0.8745151926379088,0.48499812148654897,0.5074455037309183,-0.8616838519685015,0.964801495637445,0.26297922734647544,0.6070505632373322,0.7946632077007452,1,0,0,0,99,58
1701466500,12,2,5,335,016.2,0.0,086,0,0,0,0,0,1,0,0.9129329489429682,-0.40810958177221934,-0.839079728563448,-0.5440084641932424,0.8786377137914245,-0.477489023856443,-0.8595024793031265,-0.5111315760856283,0.8692328733100321,-0.49440288425249485,-0.8644081455691214,-0.5027907694794651,-0.8668306551684317,0.49860266270876197,0.5006981811886468,-0.8656219332678563,0.9658213947899105,0.2592084747188484,0.6086014809713954,0.7934760471239344,1,0,0,0,99,58
1701466560,12,2,5,336,016.2,0.0,086,0,0,0,0,0,1,0,0.14984740573347818,-0.9887091356890289,-0.9971732887740798,-0.07513609089835323,0.7331903200732922,-0.6800234955873388,-0.9165215479156338,-0.39998531498835127,0.836655638536056,-0.5477292602242684,-0.8796957599716702,-0.47553692799599256,-0.858934493426592,0.5120854772418407,0.4939202986100892,-0.8695071814659844,0.9668265566961802,0.2554337668888117,0.6101500770757914,0.7922858596771786,1,0,0,0,99,58
1701466620,12,2,5,337,016.2,0.0,086,0,0,0,0,0,1,0,-0.7510071512506543,-0.660294069919136,-0.9111240502585628,0.41213221791123295,0.542156703402608,-0.8402774000028898,-0.9592386043114846,-0.28259741682923273,0.8008112813981934,-0.598916765156381,-0.8941243663932834,-0.4478187327723233,-0.8508286351470322,0.5254432734499875,0.48711226968226357,-0.8733393594273613,0.9678169660187202,0.25165516145376265,0.6116963456430966,0.791092649900681,1,0,0,0,99,58
1701466680,12,2,5,338,016.2,0.0,086,0,0,0,0,0,1,0,-0.9613891968218607,0.2751923186322931,-0.6019998676776046,0.7984961861625556,0.31741440880766936,-0.9482869255037094,-0.9869870631127111,-0.16079968049764676,0.7618397733439909,-0.6477655129374955,-0.907679875544648,-0.4196632501557079,-0.8425150592587969,0.538672790218836,0.4802745099321658,-0.8771182332555959,0.9687926076451028,0.24787271607057126,0.6132402807747664,0.7898964223461742,1,0,0,0,99,57
1701466740,12,2,5,339,016.2,0.0,086,0,0,0,0,0,1,0,-0.2878744485084861,0.9576681585475916,-0.1454851220097925,0.989360439513222,0.07293682364477497,-0.997336562929792,-0.9993339189004324,-0.03649271893274041,0.7198932972784023,-0.6940847502528994,-0.9203490507011184,-0.3910979734971153,-0.8339957954022056,0.5517707977516048,0.473407436701408,-0.8808435723077068,0.9697534666882369,0.24408648845470035,0.6147818765811577,0.7886971815769029,1,0,0,0,99,57
1701466860,12,2,5,341,016.2,0.0,086,0,0,0,0,0,1,0,0.9906032333897737,-0.13676707936387883,0.7539121564757657,0.6569752356961871,-0.4141405343019522,-0.9102129519228418,-0.9772954906073296,0.2118809194773779,0.6277416190291282,-0.7784217749643756,-0.9429797916616176,-0.3328499850049752,-0.8163485729163049,0.5775595272329186,0.45958702808449753,-0.8881327398629437,0.9716307786044408,0.23650291767445097,0.617858026704173,0.7862896787044997,1,0,0,0,99,57
1701466920,12,2,5,342,016.2,0.0,086,0,0,0,0,0,1,0,0.42013968223930687,-0.907459446701534,0.9765908679435658,0.21510526876214117,-0.6264561960895026,-0.7794566276458689,-0.943254108829076,0.33207180876591375,0.5778962671769416,-0.8161102280837784,-0.9529192589311485,-0.3032241513437061,-0.8072249226032686,0.5902439532330229,0.45263453622485383,-0.8916961234728519,0.9725472028320404,0.23270569022603224,0.6193925692862192,0.7850814257852596,1,0,0,0,99,57
1701466980,12,2,5,343,016.2,0.0,086,0,0,0,0,0,1,0,-0.5365983551885637,-0.8438377837054513,0.9601660751415484,-0.2794299700233931,-0.799821845795485,-0.6002374654987004,-0.8944935621620483,0.44708082854294906,0.5257942427685239,-0.8506117882274349,-0.9619282167156328,-0.2733022244444464,-0.7979041999026094,0.6027842796372321,0.4456544178860835,-0.8952050825473546,0.9734487871858886,0.22890491197508778,0.6209247490738762,0.7838701780190033,1,0,0,0,99,57
1701467040,12,2,5,344,016.2,0.0,086,0,0,0,0,0,1,0,-0.9999903395061709,-0.004395553927897717,0.7086591401823227,-0.7055510066862999,-0.9234584470040598,-0.38369844494974187,-0.8317747426285983,0.5551133015206257,0.47163900309419615,-0.8817917275413242,-0.9699978679206785,-0.24311342256103,-0.7883886803350966,0.6151774449047079,0.4386470990986331,-0.898659402917676,0.9743355179089173,0.22510064091681745,0.6224545602223437,0.7826559400262728,1,0,0,0,99,57
1701467100,12,2,5,345,016.2,0.0,086,0,0,0,0,0,1,0,-0.5439958173735323,0.8390879278598296,0.2836477323549146,-0.958928549960796,-0.9896788746762244,-0.14330291350702545,-0.7560763564306933,0.6544834170905228,0.4156420232059537,-0.9095282890296824,-0.977120332668828,-0.21268722454618383,-0.7786806869783608,0.6274204234218935,0.4316130075531242,-0.9020588737499048,0.9752073814707066,0.22129293509971706,0.6239819968958571,0.7814387164390171,1,0,0,0,99,57
1701467160,12,2,5,346,016.2,0.0,086,0,0,0,0,0,1,0,0.412145950487085,0.911117838425468,-0.2108105329134813,-0.9775269404025313,-0.9943658633527529,0.10600249902117563,-0.6685796515669709,0.7436405378343678,0.3580219701119138,-0.9337131620134654,-0.983288655994125,-0.18205334106592852,-0.7687825898997481,0.6395102262411726,0.4245525725742499,-0.9054032875578629,0.9760643645676915,0.2174818526246926,0.62550705326771,0.7802185119005741,1,0,0,0,99,58
1701467220,12,2,5,347,016.2,0.0,086,0,0,0,0,0,1,0,0.9893626321783087,0.14547021017792156,-0.6536550274502899,-0.7567926433898262,-0.9372279987787994,0.34871718957500053,-0.570649984852799,0.8211933967023238,0.29900384888632797,-0.9542519050812327,-0.9884968146335203,-0.1512416855876172,-0.7586968055777015,0.6514439018105791,0.4174662250945703,-0.9086924402157693,0.9769064541233642,0.21366745164417375,0.6270297235202755,0.7789953310656533,1,0,0,0,99,58
1701467280,12,2,5,348,016.1,0.0,086,0,0,0,0,0,1,0,0.6569638725243397,-0.7539220584369601,-0.9364619742512132,-0.3507691132091307,-0.8218178366308225,0.5697503342653119,-0.4638155159838274,0.8859318072699817,0.23881812402958275,-0.9710643148808378,-0.9927397229084867,-0.1202823451699422,-0.7484257963118128,0.6632185366943757,0.41035439762821135,-0.9119261309706986,0.9777336372884741,0.20984979036122642,0.6285500018450296,0.7777691786003179,1,0,0,0,99,57
1701467340,12,2,5,349,016.2,0.0,086,0,0,0,0,0,1,0,-0.27944444178438205,-0.9601618634146094,-0.9899903695023021,0.14113492938566014,-0.6553110218111473,0.755359162711905,-0.3497433611150432,0.9368455482927549,0.17769981950925717,-0.9840847393118021,-0.9960132376910966,-0.08920555108343296,-0.7379720696216873,0.6748312562843274,0.4032175242444657,-0.9151041624548343,0.9785459014412237,0.20602892702866477,0.6300678824425727,0.7765400591819668,1,0,0,0,99,57
1701467460,12,2,5,351,016.2,0.0,086,0,0,0,0,0,1,0,-0.7567827912998033,0.6536664338884767,-0.41613313140840114,0.9093036989610448,-0.2129510519332497,0.9770628687451604,-0.10709138913759518,0.994249181228016,0.053622843881987556,-0.9985612603210722,-0.9996402503703701,-0.026821070811284417,-0.7165267164632748,0.6975596494883844,0.38887038361876797,-0.9212924751370719,0.980125623360871,0.19837782746936225,0.6330964273041816,0.7740729382523853,1,0,0,0,99,57
1701467520,12,2,5,352,016.2,0.0,086,0,0,0,0,0,1,0,0.14114985067939137,0.9899882421792622,0.07075223608034517,0.9974939203271522,0.03539830273366068,0.9993732836951247,0.017701925105413577,0.9998433086476912,-0.008851309290403876,-0.9999608263946371,-0.9999902065507035,0.004425697988050785,-0.7055403255703919,0.70866977429126,0.3816609920523317,-0.9243023786324636,0.9808930570231557,0.19454770798898718,0.6346070800152693,0.7728349461524715,1,0,0,0,99,57
1701467580,12,2,5,353,016.2,0.0,086,0,0,0,0,0,1,0,0.9093099708898409,0.4161194261751267,0.5403149886061247,0.8414628411805024,0.2815467623854851,0.9595475082507646,0.14221900672771448,0.9898352156421706,-0.07129089828943605,-0.9974555668404911,-0.9993636892644466,0.03566814516840596,-0.6943816871258898,0.7196068875324937,0.3744283058660939,-0.9272558674746938,0.9816455234642222,0.19071461994994804,0.6361153118932337,0.7715940059221391,1,0,0,0,99,57
1701467640,12,2,5,354,016.2,0.0,086,0,0,0,0,0,1,0,0.8414546973619527,-0.540327671221366,0.8775897877771157,0.47941231147032193,0.5101900080017631,0.8600617162362019,0.2645168083164075,0.9643810751555119,-0.13345209785628734,-0.9910552646435797,-0.9977613102950975,0.06687576301030233,-0.6830535253513071,0.7303683190727478,0.3671727665059408,-0.9301527613980265,0.9823830112023585,0.1868786218404523,0.6376211171846285,0.7703501222951977,1,0,0,0,99,57
1701467700,12,2,5,355,016.2,0.0,085,0,0,0,0,0,1,0,-3.014435335948845e-05,-0.999999999545659,0.9999999998864147,-1.50721766814562e-05,0.7071121099856378,0.7071014523472988,0.3826869135812598,0.9238780905366516,-0.1950921698369112,-0.9807849128470145,-0.9951846343385268,0.09801807780451909,-0.6715586058548728,0.7409514416628525,0.3598948168125984,-0.9329928835909876,0.983105508984409,0.18303977219311154,0.6391244901452644,0.7691033000166855,1,0,0,0,99,57
1701467760,12,2,5,356,016.2,0.0,085,0,0,0,0,0,1,0,-0.8414872714892108,-0.5402769400239504,0.8775753358042688,-0.4794387656291727,0.8600694058124533,0.5101770449416689,0.4948853175526281,0.8689582973139933,-0.25597041106933305,-0.9666846169547733,-0.9916361774750792,0.12906467960915324,-0.6598997349563215,0.7513536715852107,0.3525949009946041,-0.9357760607071574,0.9838130057859464,0.17919812958404827,0.6406254250402305,0.7678535438428503,1,0,0,0,99,57
1701467820,12,2,5,357,016.2,0.0,085,0,0,0,0,0,1,0,-0.9092848819352602,0.4161742465410129,0.540289623007414,-0.8414791282441333,0.9595517516643209,0.281532299883927,0.5993612016622668,0.8004787004923762,-0.3158490933243467,-0.9488094383205661,-0.9871194047126635,0.15998525194441188,-0.6480797590017714,0.7615724692845757,0.3452734646011943,-0.9385021228757492,0.9845054908114401,0.17535375263200217,0.6421239161439161,0.7666008585411322,1,0,0,0,99,57
1701467880,12,2,5,358,016.2,0.0,085,0,0,0,0,0,1,0,-0.14109016531210986,0.9899967501220404,0.07072216723899125,-0.9974960526543551,0.9993738171110836,0.03538323999893738,0.6944842546815092,0.7195079012766077,-0.374494391629162,-0.9272291791344273,-0.9816387266032314,0.19074960139614014,-0.6361015636688295,0.7716053399880473,0.33793095449511035,-0.9411709037119792,0.9851829534944205,0.17150669999743565,0.6436199577400332,0.7653452488901449,1,0,0,0,99,57
1701467940,12,2,5,359,016.3,0.0,085,0,0,0,0,0,1,0,0.7568221986283603,0.6536208072447929,-0.41616054159134735,-0.9092911544837531,0.9770596589983012,-0.2129657783732482,0.7787701131827185,0.6273094219070648,-0.43167729734891963,-0.9020281098466568,-0.9751994949359482,0.22132768709917786,-0.6239680732620949,0.781449834314135,0.3305678188253245,-0.9437822403272206,0.9858453834976407,0.16765703038163873,0.645113544121638,0.7640867196796574,1,0,0,0,99,56
1701468000,12,2,5,360,016.3,0.0,085,0,0,0,0,0,1,0,0.9589157234143065,-0.2836910914865273,-0.8011526357338304,-0.5984600690578581,0.8939966636005579,-0.4480736161291702,0.8509035245341184,0.5253219888177297,-0.4871745124605095,-0.8733046400935156,-0.9678079975112615,0.2516896500717544,-0.6116822499992318,0.7911035488707386,0.32318450699968687,-0.9463359733389455,0.9864927707132337,0.16380480252583335,0.6466046695911524,0.7628252757105762,1,0,0,0,99,56
1701468060,12,2,5,361,016.2,0.0,085,0,0,0,0,0,1,0,0.2793865543595699,-0.9601787090136331,-0.9899946234736917,-0.141105086702016,0.7553492856626053,-0.655322406643472,0.9097588709772145,0.4151370817913813,-0.5407693215265723,-0.8411709344097017,-0.9594714520009706,0.2818058423722779,-0.5992470932877865,0.8005641268419033,0.3157814696574965,-0.9488319468804535,0.9871251052628672,0.15995007521027702,0.6480933284603858,0.7615609217949267,1,0,0,0,99,56
1701468120,12,2,5,362,016.2,0.0,085,0,0,0,0,0,1,0,-0.6570093243162466,-0.7538824495645917,-0.936451400117644,0.3507973420904214,0.5697379476169631,-0.8218264239151785,0.9544177345154423,0.29847409944986975,-0.5922524379646446,-0.8057524742282427,-0.9501979989002931,0.31164685605004694,-0.5866656389929246,0.8098292585632008,0.3083591586419959,-0.9512700086103841,0.987742377497894,0.15609290725336597,0.6495795150505572,0.7602936627558348,1,0,0,0,99,56
1701468180,12,2,5,363,016.3,0.0,085,0,0,0,0,0,1,0,-0.9893538601694428,0.14552985730709223,-0.6536322141284454,0.756812347054107,0.348703063469403,-0.9372332545994372,0.9841832285198314,0.17715352861368974,-0.6414228213067844,-0.7671875678781851,-0.9399966935788086,0.3411835518616152,-0.573940958696269,0.8188966820856021,0.3009180269727937,-0.9536500097220159,0.988344577999499,0.1522333575107376,0.6510632236923164,0.7590235034275084,1,0,0,0,99,56
1701468240,12,2,5,364,016.3,0.0,085,0,0,0,0,0,1,0,-0.41209101962194344,0.9111426845159583,-0.21078106590019152,0.9775332947055968,0.10598751175115685,-0.9943674609282015,0.9985908724117705,0.05306853621402457,-0.688088462258297,-0.7256268104935293,-0.9288774974380447,0.37038708772476847,-0.5610761589460167,0.8277641837276992,0.2934585288182137,-0.9559718049523478,0.9889316975788438,0.1483714848743724,0.652544448725766,0.7577504486552193,1,0,0,0,99,56
1701468300,12,2,5,365,016.3,0.0,085,0,0,0,0,0,1,0,0.5440464039108651,0.8390551295306261,0.2836766385070983,0.9589199991476417,-0.1433178301056054,-0.9896767146769802,0.997415839727087,-0.07184457294402906,-0.7320671324899203,-0.6812324959424539,-0.9168512681843369,0.39922894688232846,-0.5480743804985193,0.8364295986161443,0.2859811194675758,-0.9582352525909659,0.9895037272772058,0.14450734827169542,0.6540231845004826,0.7564745032952847,1,0,0,0,99,56
1701468360,12,2,5,366,016.3,0.0,085,0,0,0,0,0,1,0,0.9999900726865629,-0.004455842044182302,0.7086804082392084,0.705529644294206,-0.38371236343503057,-0.9234526637284138,0.9806764664578257,-0.19563657157033057,-0.7731870962355524,-0.6341779830732337,-0.9039297492264633,0.42768096574828196,-0.5349387975515134,0.8448908112141716,0.27848625530340665,-0.9604402144886925,0.9900606583661156,0.14064100666467697,0.6554994253755387,0.7551956722150481,1,0,0,0,99,56
1701468420,12,2,5,367,016.3,0.0,085,0,0,0,0,0,1,0,0.5365474803247321,-0.8438701329927379,0.9601744979410612,0.27940102631098374,-0.6002495204866958,-0.7998127988195062,0.948633964925225,-0.31637572692962224,-0.8112877809167417,-0.5846470187516472,-0.8901255582084044,0.4557153614090449,-0.5216726169691845,0.8531457558380763,0.27097439377358495,-0.9625865560660185,0.99060248234749,0.13677251904893306,0.6569731657195242,0.7539139602928616,1,0,0,0,99,56
1701468480,12,2,5,368,016.3,0.0,085,0,0,0,0,0,1,0,-0.42019439103217676,-0.9074341153742778,0.9765843832906294,-0.21513470736462095,-0.7794660696158047,-0.626444447910339,0.9017883476488092,-0.4321779448847783,-0.8462204041751706,-0.5328330203333975,-0.8754521746884285,0.4833047587530059,-0.5082790774992584,0.8611924171615208,0.26344599336342084,-0.9646741463213163,0.9911291909537616,0.13290194445282522,0.6584443999105676,0.7526293724180665,1,0,0,0,99,56
1701468540,12,2,5,369,016.3,0.0,084,0,0,0,0,0,1,0,-0.9906114770998198,-0.1367073569275377,0.7538923520395793,-0.6569979615921431,-0.910219193818759,-0.4141268153644828,0.8408706248182544,-0.5412361705556629,-0.8778485548645799,-0.47893832037347833,-0.8599239269765315,0.5104222172018581,-0.49476144898230595,0.8690288307075485,0.2559015135676726,-0.9667028578388368,0.9916407761480053,0.12902934193655957,0.6599131223363575,0.751341913490975,1,0,0,0,99,56
1701468660,12,2,5,371,016.3,0.0,084,0,0,0,0,0,1,0,0.28793218456003195,0.9576508012289697,-0.14551494557438124,-0.9893560535087885,-0.9973354634998167,0.07295185566937777,0.6808260219507706,-0.7324451705313435,-0.9307107957178061,-0.3657559496909493,-0.8263643112123579,0.5631358851596348,-0.46736715483673286,0.8840633136714912,0.24076615867736564,-0.9705831529733789,0.9926185453066497,0.12127828953819604,0.6628430094908613,0.7487584021358946,1,0,0,0,99,57
1701468720,12,2,5,372,016.3,0.0,084,0,0,0,0,0,1,0,0.9614057860636483,0.27513435722086477,-0.6020239375552833,-0.7984780389030324,-0.9482821412699473,0.31742870151970165,0.5841965844132856,-0.8116121923430246,-0.9517384599623535,-0.3069102537037296,-0.808365713555359,0.5886806206663637,-0.45349717713213844,0.8912577126360152,0.23317620736685893,-0.9724344997571855,0.9930847143514961,0.1173999579276213,0.6643041630429463,0.7474623595632162,1,0,0,0,99,56
1701468780,12,2,5,373,016.4,0.0,083,0,0,0,0,0,1,0,0.7509673416102893,-0.6603393459690063,-0.9111364733038093,-0.412104752478659,-0.840269228425824,0.5421693681504614,0.4784509545656371,-0.8781142773439177,-0.9690496058881397,-0.24686607974373714,-0.78957776049726,0.6136505195370826,-0.4395164845958098,0.8982345238124292,0.22557202418248906,-0.9742264941512392,0.9935357301454335,0.11351983493813046,0.6657627824765626,0.746163465648825,1,0,0,0,99,56
1701468840,12,2,5,374,016.4,0.0,083,0,0,0,0,0,1,0,-0.14990701345623575,-0.9887000997858916,-0.997171023392149,0.07516615000819327,-0.6800124447360528,0.7332005694242856,0.365239257594056,-0.9309136827397816,-0.9825766338407864,-0.18585789902532845,-0.7700187981553854,0.6380211990892903,-0.4254284904133183,0.9049920439123458,0.21795407324440425,-0.9759590267814386,0.9939715858065156,0.10963797977562646,0.6672188622275204,0.7448617253476065,1,0,0,0,99,56
1701468900,12,2,5,375,016.5,0.0,083,0,0,0,0,0,1,0,-0.9129575516827102,-0.40805454148374776,-0.8390633293988445,0.5440337574619116,-0.47747578081934605,0.8786449104905553,0.24632812416515168,-0.9691864914686324,-0.9922667210656196,-0.12412394718862174,-0.7497079255245411,0.661768861767981,-0.4112366339663935,0.9115286231841491,0.2103228195130653,-0.9776319919029218,0.9943922746841213,0.10575445167244309,0.668672396741318,0.7435571436253043,1,0,0,0,99,56
1701468960,12,2,5,376,016.5,0.0,083,0,0,0,0,0,1,0,-0.8366391272115635,0.5477544804186207,-0.47552366901205834,0.879702927248347,-0.24525198546765434,0.9694593666699876,0.123573122745224,-0.9923354691509287,-0.9980820279793963,-0.061905293994420546,-0.72866497582717,0.6848703183835534,-0.39694437999324705,0.9178426658157577,0.20267872876086712,-0.9792452874065205,0.9947977903590559,0.10186930988644112,0.6701233804731629,0.7422497254585013,1,0,0,0,99,58
1701469020,12,2,5,377,016.5,0.0,082,0,0,0,0,0,1,0,0.00888145245887885,0.9999605591233189,0.0044407700166209495,0.9999901397322173,0.002220390481728404,0.9999975349300161,-0.0011101959250420757,-0.9999993837323141,-0.9999998459330667,0.0005550980480432917,-0.7069104971465471,0.7073030107556603,-0.3825552177427069,0.9239326303242191,0.1950222675437101,-0.9807988148249923,0.9951881266436493,0.09798261370010419,0.6715718078879934,0.7409394758346002,1,0,0,0,99,58
1701469080,12,2,5,378,016.5,0.0,082,0,0,0,0,0,1,0,0.8462364656975445,0.5328075113244262,0.48331795366796265,0.8754448901342752,0.24955471330524379,0.9683606998774462,-0.1257761903592125,-0.9920586423890088,-0.9980126858885634,0.06301332244450873,-0.6844657323619245,0.7290450337408892,-0.36807266012236683,0.9297970299320409,0.1873539031725241,-0.982292479339031,0.9955632775818498,0.09409442241963412,0.673017673460499,0.7396263997518051,1,0,0,0,99,59
1701469140,12,2,5,379,016.5,0.0,082,0,0,0,0,0,1,0,0.9055655749932976,-0.42420630521841407,0.8438620459584654,0.5365601992235288,0.48137293275405046,0.8765158866853267,-0.24847948940976328,-0.9686371577338252,-0.9921283076633347,0.12522548116532597,-0.6613525984052206,0.7500751566227634,-0.3535002428409609,0.9354344329301663,0.17967410368474607,-0.9837261897830529,0.9959232374493159,0.09020479537404606,0.6744609716751422,0.7383105022191023,1,0,0,0,99,59
1701469260,12,2,5,381,016.6,0.0,082,0,0,0,0,0,1,0,-0.7625779510977885,-0.6468963352033299,0.9074404485153088,-0.4201807139771352,0.842668592620235,0.5384325798198252,-0.48039953173383443,-0.8770497647852786,-0.9687749389784189,0.2479417625317701,-0.6132121319201985,0.7899182750550117,-0.32410008095107623,0.9460227996869345,0.1642820749702558,-0.9864134021004922,0.9965975622337464,0.08242147141221098,0.6773398440176795,0.7356702628937135,1,0,0,0,99,57
1701469320,12,2,5,382,016.6,0.0,082,0,0,0,0,0,1,0,-0.9563671216345017,0.29216763793503586,0.594908548461427,-0.8037933932096717,0.9496824188142243,0.31321446868745406,-0.5859972403145539,-0.8103130471266812,-0.9513971429236797,0.3079666807248138,-0.588231807740446,0.8086923644763854,-0.30927951397046544,0.9509711784476923,0.15657078519364281,-0.98766673996032,0.9969119168613444,0.07852789325991148,0.6787754071635509,0.734345931172738,1,0,0,0,99,57
1701469380,12,2,5,383,016.6,0.0,082,0,0,0,0,0,1,0,-0.27087677105340535,0.9626140321560251,0.13672228758321528,-0.9906094165098637,0.9976495919183909,0.06852219892172288,-0.6824506579520153,-0.7309316653838863,-0.930304161385911,0.3667889956201752,-0.5626770851828893,0.8266767795275779,-0.29438344083220963,0.9556873912340734,0.14884993914329722,-0.9888597957329627,0.9972110598396317,0.07463311686857685,0.6802083809875555,0.7330187981452375,1,0,0,0,99,56
1701469440,12,2,5,384,016.6,0.0,082,0,0,0,0,0,1,0,0.6636564336219596,0.7480375245348201,-0.3549383576518463,-0.9348897059372352,0.9835877454343449,-0.18043044929108396,-0.7682546613236668,-0.6401443394691997,-0.9055783620066239,0.424179007336997,-0.5365729180004349,0.8438539587324921,-0.27941549819892586,0.960170286650366,0.1411200080598672,-0.9899924966004454,0.9974949866040544,0.0707372016677029,0.6816387600233341,0.7316888688738209,1,0,0,0,99,56
1701469500,12,2,5,385,016.6,0.0,082,0,0,0,0,0,1,0,0.9880269738337468,-0.1542812333919083,-0.7596977140257526,-0.6502763899328083,0.9083711768690177,-0.41816480606765055,-0.8420703076547856,-0.5393677752389131,-0.8773162985032573,0.4799126091076827,-0.509944796469342,0.8602071288671359,-0.2643793402791376,0.964418770261948,0.13338146373850462,-0.9910647734285454,0.9977636928222396,0.06684020710416233,0.6830665388144254,0.7303561484317642,1,0,0,0,99,56
1701469560,12,2,5,386,016.6,0.0,082,0,0,0,0,0,1,0,0.4040100708226276,-0.9147545368424774,-0.9784565746221131,-0.20645273449087873,0.7766764881502719,-0.629899700551255,-0.9027457284726566,-0.43017455727224563,-0.8456283336289784,0.5337721624100279,-0.482818722498399,0.8757203213383905,-0.2492786379351523,0.9684318048624773,0.12563477850006885,-0.9920765607710116,0.9980171743940611,0.06294219264129754,0.6844917119142869,0.7290206419029908,1,0,0,0,99,56
1701469620,12,2,5,387,016.6,0.0,082,0,0,0,0,0,1,0,-0.5514518281149147,-0.8342067377267571,-0.9576551408849527,0.2879177506452518,0.5966918171697799,-0.8024704825242022,-0.9493341041288368,-0.3142686092149499,-0.8106382082084923,0.5855473468409921,-0.4552211842385018,0.8903783877770709,-0.2341170777868726,0.9722084107271113,0.117880425162299,-0.9930277968735597,0.9982554274517018,0.05904321775801332,0.6859142738863169,0.7276823543820522,1,0,0,0,99,56
1701469680,12,2,5,388,016.6,0.0,082,0,0,0,0,0,1,0,-0.9999114594340064,0.013306888913466725,-0.7023863292684922,0.711795928940826,0.3796077390275217,-0.9251475365964139,-0.981108438603097,-0.1934586046207122,-0.7724825579327705,0.6350359814133715,-0.42717913021742326,0.904167014830051,-0.2188983613117615,0.9757476658516921,0.11011887701095537,-0.9939184236776407,0.9984784483597131,0.055143341947869365,0.6873342193038735,0.7263412909741086,1,0,0,0,99,56
1701469740,12,2,5,389,016.6,0.0,082,0,0,0,0,0,1,0,-0.5290571062774264,0.8485862232545117,-0.2751488476674837,0.9614016390808037,0.13892149027273704,-0.9903033977223353,-0.9975729040331677,-0.06962974320527361,-0.7313103797996011,0.6820448140682276,-0.3987199430250338,0.9170727381370105,-0.20362620394117933,0.9790487061778415,0.10235060777093262,-0.9947483868239851,0.9986862337150706,0.05124262471817234,0.6887515427502967,0.7249974567949091,1,0,0,0,99,55
1701469800,12,2,5,390,016.6,0.0,082,0,0,0,0,0,1,0,0.42820991051876856,0.9036792973912307,0.21945466799406363,0.9756226979194443,-0.11040222389190282,-0.9938869900344416,-0.9984705779426957,0.05528566706461281,-0.6872824502835014,0.7263902763200416,-0.36987141257466655,0.9290829554781537,-0.18830433415331466,0.9821107258039069,0.09457609157734605,-0.9955176356559202,0.9988787803472252,0.04734112558906797,0.6901662388189284,0.7236508569707729,1,0,0,0,99,55
1701469860,12,2,5,391,016.6,0.0,081,0,0,0,0,0,1,0,0.9917827103751873,0.12793379303705288,0.6603280271815468,0.7509772942762827,-0.3528616624994258,-0.9356755031196132,-0.9837874524305575,0.17933836299072597,-0.6405706975070254,0.7678992000877217,-0.34066170896673886,0.9401859390800635,-0.17293649256292973,0.9849329771817125,0.08679580294659275,-0.9962261232224621,0.9990560853181523,0.04343890409263279,0.6915783021131328,0.7223014966385688,1,0,0,0,99,56
1701469920,12,2,5,392,016.6,0.0,081,0,0,0,0,0,1,0,0.6435150601529656,-0.7654334506384766,0.9395300555699313,0.3424664577455166,-0.5733818719904229,-0.8192882452914593,-0.9537526527594719,0.3005925437436371,-0.5913575298651244,0.8064094939122546,-0.3111193549811273,0.9503708470676735,-0.157526431008143,0.987514771299061,0.07901021674738969,-0.9968738062811815,0.999218145922396,0.03953601977196579,0.692987727246318,0.7209493809456964,1,0,0,0,99,56
1701469980,12,2,5,393,016.7,0.0,081,0,0,0,0,0,1,0,-0.2963973686521434,-0.9550647097742044,0.9887023590985824,-0.14989211157661958,-0.7582519738110213,-0.6519616125292119,-0.9088348619329069,0.4171560783872076,-0.5398351237242685,0.8417707759203831,-0.281273198225157,0.9596277340511744,-0.14207791163447184,0.9898554778479468,0.07121980817179005,-0.9974606453008427,0.9993649596871111,0.035632532180279806,0.6943945088419551,0.7195945150500662,1,0,0,0,99,56
1701470040,12,2,5,394,016.7,0.0,082,0,0,0,0,0,1,0,-0.9638034236249698,-0.26661387925010005,0.7958058429196471,-0.6055518643146514,-0.8959776404338033,-0.44409916442465225,-0.8497350070535673,0.5272100319490078,-0.486204672977848,0.873844961062604,-0.2511523829644027,0.9679475608375188,-0.1265947059763584,0.9919545253784365,0.06342505270618003,-0.9979866044638166,0.9994965243721002,0.03172850087999289,0.6957986415336003,0.7182369041200796,1,0,0,0,99,57
1701470100,12,2,5,395,016.7,0.0,081,0,0,0,0,0,1,0,-0.745093055724214,0.6669605223036468,0.4080683016949204,-0.9129514013088668,-0.97799575697159,-0.20862478123551537,-0.777375321590387,0.6290370492922037,-0.4306756033883254,0.9025068003323309,-0.2207863216638081,0.9753222032570393,-0.11108059403640383,0.9938114014381801,0.055626426102257626,-0.9984516516682669,0.9996128379698479,0.02782398544181939,0.6972001199649138,0.7168765533346099,1,0,0,0,99,57
1701470160,12,2,5,396,016.7,0.0,081,0,0,0,0,0,1,0,0.15865243143670757,0.9873344954974584,-0.07957859166428352,-0.9968285949694307,-0.9992068341863537,0.0398208803931389,-0.6928849542336957,0.7210481538680822,-0.3734647547841147,0.9276443698605846,-0.19020466626691288,0.9817444600965631,-0.0955393633625346,0.9954256526975189,0.04782440434799511,-0.998855758530109,0.9997138987055519,0.023919045443861007,0.6985989387896817,0.7155134678829815,1,0,0,0,99,57
1701470220,12,2,5,397,016.7,0.0,081,0,0,0,0,0,1,0,0.916533604797894,0.3999576868572196,-0.54774187038366,-0.8366473829688406,-0.9582920700310633,0.28579067254824764,-0.5975823489075595,0.8018075431636471,-0.31479553430469187,0.9491595079763061,-0.15943727924123308,0.9872080601312739,-0.07997480812332723,0.9967968850601596,0.04001946363858728,-0.9991989003847431,0.9997997050371497,0.020013740470697712,0.6999950926718352,0.7141476529649515,1,0,0,0,99,57
1701470280,12,2,5,398,016.7,0.0,081,0,0,0,0,0,1,0,0.8317580087191734,-0.5551383745801722,-0.8817988360675502,-0.47162571251991114,-0.857795346373455,0.5139913848889341,-0.49295467089331135,0.8700549939196184,-0.2548970440004961,0.9669681985255819,-0.12851420441806832,0.9917076682484567,-0.06439072818171633,0.997924763759387,0.03221208034738687,-0.9994810562885589,0.9998702556553423,0.016108130112478542,0.7013885762854716,0.7127791137906885,1,0,0,0,99,58
1701470340,12,2,5,399,016.7,0.0,081,0,0,0,0,0,1,0,-0.017732064727370864,-0.9998427745803359,-0.9999606928725588,0.008866380875648453,-0.703965062742588,0.7102346023940429,-0.38063460011273087,0.9247255274928996,-0.19400318619432566,0.9810008989529264,-0.09746563765521044,0.9952388906571443,-0.04879092816731252,0.9988090134397928,0.024402730996829252,-0.9997022090202143,0.9999255494836139,0.012202273964012331,0.7027793843148743,0.7114078555807535,1,0,0,0,99,58
1701470400,12,2,5,400,016.7,0.0,081,0,0,0,0,0,1,0,-0.8509193596391765,-0.525296338642536,-0.8732972972139945,0.4871876750070059,-0.5063656411097588,0.8623188722876839,-0.26237485370392877,0.9649660284921133,-0.13235175009777303,0.9912028118634736,-0.06632189735120068,0.9977982791785807,-0.03317921654755682,0.9994494182244994,0.016591892229347906,-0.9998623450816866,0.9999655856782489,0.008296231623858378,0.7041675114545337,0.7100338835660797,1,0,0,0,99,58
1701470460,12,2,5,401,016.7,0.0,081,0,0,0,0,0,1,0,-0.9017753195144049,0.4322051285150291,-0.5328202658894324,0.8462284350324767,-0.2772828564548513,0.9607883312760612,-0.14002083545661836,0.9901485573579505,-0.07018348324944229,0.9975340990056306,-0.03511339483992818,0.9993833346133081,-0.017559404697937788,0.9998458217678634,0.008780040778282644,-0.9999614546990957,0.9999903636283441,0.004390062693417029,0.7055529524091665,0.7086572029879528,1,0,0,0,99,59
1701470520,12,2,5,402,016.7,0.0,081,0,0,0,0,0,1,0,-0.12354320937804643,0.9923391937319478,-0.06189025071872073,0.9980829609135574,-0.030959966783271346,0.9995206253283515,-0.015481838903188173,0.9998801491499747,-0.00774115140096295,0.9999700368385982,-0.003870604694478365,0.9999925091815933,-0.0019353059714989746,0.9999981272936448,0.0009676534387822795,-0.9999995318233016,0.9999998829558185,0.0004838267760202487,0.7069357018937364,0.7072778190979907,1,0,0,0,99,58
1701470580,12,2,5,403,016.7,0.0,081,0,0,0,0,0,1,0,0.7682739577117872,0.6401211806383749,0.42419265632588754,0.9055719686028203,0.2172878636707302,0.9761075679972009,0.10929874656829122,0.9940089456330866,0.054731409478074984,0.9985011130772681,0.02737596503077039,0.9996252080348085,0.013689265232136597,0.9999062976186339,-0.0068447929612965195,-0.9999765741302729,0.999994143515419,-0.003422416523977862,0.7083157546334748,0.7058957371581238,1,0,0,0,99,59
1701470640,12,2,5,404,016.7,0.0,081,0,0,0,0,0,1,0,0.953743591158287,-0.3006212938640479,0.8064184068658303,0.591345375451585,0.45202578717835057,0.8920048697881602,0.23237376165548454,0.9726265649744922,0.11699024537436405,0.9931330638374931,0.05859580259074419,0.9982817898362899,0.029310494397997367,0.999570355161729,-0.014656821590492326,-0.9998925830212285,0.9999731453947223,-0.007328607602110553,0.7096931053638997,0.7045109624405745,1,0,0,0,99,60
1701470700,12,2,5,405,016.7,0.0,081,0,0,0,0,0,1,0,0.26234576530777837,-0.9649739371739923,0.9912048065798491,0.13233681049883225,0.6586589365905422,0.7524416291310683,0.3518226619114605,0.9360666720728467,0.17879223686608067,0.9838868512366772,0.08975842234387488,0.9959635664111105,0.044924567827022366,0.9989903819384626,-0.022467955642842295,-0.9997475636225533,0.9999368889141338,-0.011234686854707914,0.7110677488308368,0.7031235002278377,1,0,0,0,99,60
1701470760,12,2,5,406,016.7,0.0,081,0,0,0,0,0,1,0,-0.6702515472972181,-0.742133992851483,0.9333097001669604,-0.35907242107165305,0.82433986348825,0.5660952123664124,0.46578148719844353,0.8848997718291073,0.23989604849902457,0.9707985815371557,0.12083339452081168,0.9926728014651041,0.060527673567121146,0.9981665195409792,-0.030277718366983942,-0.9995415247854836,0.9998853746268829,-0.015140594679806359,0.712439679790439,0.7017333558126596,1,0,0,0,99,60
1701470820,12,2,5,407,016.7,0.0,081,0,0,0,0,0,1,0,-0.9866226783405293,0.16302052197242078,0.6469078288394643,-0.7625682008753121,0.938767330299503,0.34455173713441634,0.572471948162346,0.819924306608365,0.3000630711964028,0.953919364152014,0.15179037493857458,0.9884127083743951,0.07611600234380722,0.9970989691034674,-0.03808563309525359,-0.9992744790855682,0.9998186033190141,-0.01904627147805807,0.7138088930092067,0.700340534498019,1,0,0,0,99,60
1701470880,12,2,5,408,016.7,0.0,081,0,0,0,0,0,1,0,-0.39589746896115763,0.9182947207025364,0.2021203593127912,-0.9793606896089245,0.9948267913584063,0.10158570369662134,0.6702291758433747,0.7421541968137826,0.3590583540221683,0.933315112063922,0.182599134631134,0.9831874470475918,0.09168574849017776,0.9957879912530557,-0.045891223272779696,-0.9989464428219001,0.9997365760093756,-0.022951657653640416,0.7151753832640076,0.6989450415971057,1,0,0,0,99,60
1701470940,12,2,5,409,016.7,0.0,081,0,0,0,0,0,1,0,0.5588140476063818,0.8292929881518187,-0.29215322336762034,-0.9563715251281321,0.9890327408959049,-0.1476964367746696,0.7575277013993184,0.6528030189978178,0.4166515216593972,0.909066284436349,0.21322958936748326,0.9770021198637056,0.10723311087601266,0.9942339060461842,-0.05369401248656933,-0.9985574360161222,0.9996392939496032,-0.026856693615165312,0.7165391453420968,0.6975468824333009,1,0,0,0,99,60
1701471000,12,2,5,410,016.7,0.0,080,0,0,0,0,0,1,0,0.9997545059076306,-0.022156893225121342,-0.7148975077677644,-0.6992292566729738,0.9217454249067293,-0.3877955281633778,0.833005260536624,0.5532650684060137,0.4726176740209713,0.8812675724222507,0.24365182902837945,0.9698627666897649,0.12275429383576587,0.9924370928904676,-0.06149352449458594,-0.998107482411205,0.9995267586241013,-0.030761319776588504,0.7179001740411366,0.696146062340157,1,0,0,0,99,60
1701471060,12,2,5,411,016.8,0.0,080,0,0,0,0,0,1,0,0.5215252820815293,-0.8532358291526332,-0.9626099493441341,-0.2708912797114064,0.7971484427982678,-0.6037833718680043,0.8954840511890774,0.4450936014660263,0.5267382644796055,0.8500275293971443,0.2738361468130674,0.9617763589829874,0.13824550809522282,0.9903979904520676,-0.06928928325481673,-0.9975966094699971,0.9993989717500206,-0.03466547655811879,0.719258464169216,0.6947425866613768,1,0,0,0,99,59
1701471120,12,2,5,412,016.8,0.0,080,0,0,0,0,0,1,0,-0.43619188095326605,-0.8998536786558422,-0.97464190312541,0.22377033018717848,0.6229886314423488,-0.7822308898871159,0.9439891127251193,0.32997659774057014,0.5788019532877502,0.8154681470604999,0.3037530682474665,0.95275079298327,0.15370297169659722,0.9881170965485999,-0.07708081295432778,-0.9970248483735498,0.9992559352772317,-0.03856910438712712,0.7206140105448711,0.6933364607507934,1,0,0,0,99,60
1701471180,12,2,5,413,016.8,0.0,080,0,0,0,0,0,1,0,-0.9928762402415507,-0.11915020589072603,-0.7480475271968774,0.6636451589928438,0.4100944043797453,-0.9120430798467921,0.9777635398824176,0.2097104195709025,0.6286054328547828,0.7777243790607642,0.3333733799654944,0.9427948820026454,0.16912291092184195,0.9855949680275984,-0.08486763803830527,-0.9963922340192135,0.9990976513882949,-0.04247214369905562,0.7219668079971044,0.6919276899723498,1,0,0,0,99,60
1701471240,12,2,5,414,016.8,0.0,080,0,0,0,0,0,1,0,-0.6367147631351318,0.7710994166809965,-0.3383050275409778,0.9410365074429887,0.17170249351277814,-0.9851488485104646,0.9962802940213323,0.08617178044329644,0.6759542216587983,0.7369436140042521,0.36266815823542314,0.9319183478192314,0.18450156121394817,0.9828322206305692,-0.09264928323908087,-0.9956988050185078,0.9989241224984278,-0.04637453493832645,0.7233168513654049,0.6905162797000783,1,0,0,0,99,59
1701471300,12,2,5,415,016.8,0.0,080,0,0,0,0,0,1,0,0.30483933083715453,0.9524037916633658,0.15426634165726855,0.9880292990755299,-0.07736504677330103,-0.9970028332646628,0.9992504273866143,-0.038711540497229205,0.7206634236927906,0.693285099905793,0.3916087972034126,0.9201318111840806,0.19983516809600785,0.9798295288426657,-0.10042527360513957,-0.9949446036947649,0.9987353512554678,-0.050276218559250574,0.7246641354997674,0.6891022353180801,1,0,0,0,99,59
1701471360,12,2,5,416,016.8,0.0,080,0,0,0,0,0,1,0,0.9661255498763625,0.25807251282555527,0.6090679301910603,0.7931180595679168,-0.32162240316253093,-0.9468680107512125,0.9866275920404853,-0.16299078079570548,0.7625584504796027,0.6469193223286404,0.4201670368266409,0.9074467814501962,0.21511998808781552,0.9765876257280235,-0.10819513453010837,-0.9941296760805463,0.9985313405398316,-0.05417713502693632,0.7260086552607126,0.6876855622205048,1,0,0,0,99,60
1701471420,12,2,5,417,016.8,0.0,080,0,0,0,0,0,1,0,0.7391603938754915,-0.6735294441417006,0.9147484474274064,0.4040238581187374,-0.5458828362759094,-0.8378615214099336,0.958608763106705,-0.2847266044735426,0.8014757028361941,0.5980273386419961,0.4483149904687573,0.8938756453338451,0.2303522896197853,0.9731073027507925,-0.11595839178172378,-0.9932540719148331,0.9983120934644719,-0.05807722481819786,0.7273504055193061,0.6862662658115296,1,0,0,0,99,60
1701471480,12,2,5,418,016.8,0.0,080,0,0,0,0,0,1,0,-0.1673854194417015,-0.9858915363052498,0.9964666417661079,-0.08398947462256867,-0.7362029185702026,-0.6767608607837156,0.9156311650396451,-0.40201936471784816,0.837263209724949,0.5468000709958585,0.4760251721307086,0.879431654819139,0.24552835394396,0.9693894095819128,-0.12371457153077643,-0.9923178446399905,0.9980776133748294,-0.061976428422463405,0.7286893811571785,0.684844351505339,1,0,0,0,99,59
1701471540,12,2,5,419,016.8,0.0,080,0,0,0,0,0,1,0,-0.9200378500616057,-0.39182949666151784,0.8342150492113882,-0.5514392547409379,-0.8807494691286899,-0.4735824876719271,0.8583654488829123,-0.513038747234589,0.8697812216973269,0.49343756077411205,0.5032705232903513,0.8641289142176971,0.26064447604189017,0.9654348538916795,-0.1314632003800313,-0.9913210513985062,0.9978279038487815,-0.0658746863426833,0.7300255770665447,0.6834198247261037,1,0,0,0,99,56
1701471600,12,2,5,420,016.8,0.0,080,0,0,0,0,0,1,0,-0.8268117243068012,0.5624787751985085,0.46771851834275896,-0.8838774731823718,-0.9705352835374847,-0.24095904923620143,0.7877052269841179,-0.616052331690985,0.8989027566124672,0.43814818743720435,0.5300244393246389,0.8479823663960249,0.27569696552916134,0.961244601128148,-0.13920380539312127,-0.9902637530295018,0.9975629686965886,-0.06977193909623788,0.7313589881502236,0.6819926909079606,1,0,0,0,99,56
1701471660,12,2,5,421,016.8,0.0,080,0,0,0,0,0,1,0,0.02658128773805108,0.9996466551448001,-0.013291818069772856,-0.999911659884212,-0.9999779147271733,0.00664605581484232,0.7047531284730695,-0.7094526255553792,0.9245140954997331,0.38114785480481245,0.5562607954885853,0.831007778184059,0.290682147556348,0.956819674281434,-0.14693591412341295,-0.9891460140650201,0.9972828119608349,-0.07366812721584506,0.732689609321657,0.6805629554949912,1,0,0,0,99,58
1701471720,12,2,5,422,016.8,0.0,080,0,0,0,0,0,1,0,0.8555355864224282,0.5177440104577087,-0.491047853850463,-0.8711325991081119,-0.9672467624934477,0.2538379413049674,0.6108035931029845,-0.7917821484805551,0.9465152266288576,0.3226591479560474,0.5819539724256346,0.813221724979125,0.3055963637061761,0.9521611536339647,-0.15465905464284221,-0.9879679027260867,0.9969874379163678,-0.07756319125046778,0.7340174355049299,0.6791306239412018,1,0,0,0,99,54
1701471780,12,2,5,423,016.8,0.0,080,0,0,0,0,0,1,0,0.8979144124545271,-0.44017008974536365,-0.8485782491159444,-0.5290698962588196,-0.8743768913514411,0.4852474130488386,0.5073226719510776,-0.8617561757970866,0.9648202360536098,0.26291046403948376,0.6070788811845279,0.7946415745603435,0.3204359728866724,0.9472701764967436,-0.16237275557071826,-0.9867294909185454,0.9966768510702316,-0.0814570717662211,0.7353424616347886,0.6776957017105018,1,0,0,0,99,54
1701471840,12,2,5,424,016.9,0.0,080,0,0,0,0,0,1,0,0.1147548686204055,-0.9933938393849207,-0.9983470937967718,-0.057472430847665464,-0.7271425000808527,0.6864865509069841,0.39592515018183416,-0.9182827862121189,0.979357643103917,0.20213512038718198,0.6316109877182386,0.775285470129288,0.33519735222008545,0.9421479369316923,-0.1700765461024943,-0.9854308542286699,0.9963510561615996,-0.08534970934727917,0.7366646826566614,0.6762581942766833,1,0,0,0,99,54
1701471900,12,2,5,425,016.9,0.0,080,0,0,0,0,0,1,0,-0.773909772204126,-0.6332958743643905,-0.9036857513440141,0.42819629005609655,-0.5346979100127022,0.845043279973309,0.27834934886459767,-0.9604799008759395,0.9900706795163514,0.14057044341549993,0.6555263368410532,0.7551723125934571,0.3498768979273589,0.9367956854601374,-0.17776995603850315,-0.9840720719185504,0.9960100581617011,-0.08924104459678178,0.7379840935266768,0.6748181071234004,1,0,0,0,99,54
1701471960,12,2,5,426,016.9,0.0,080,0,0,0,0,0,1,0,-0.9510453375319575,0.3090513969532009,-0.5877706198198406,0.8090276252864301,-0.30900839366720273,0.9510593107915064,0.15642999905467883,-0.9876890479274097,0.9969175111129831,0.07845684187051573,0.6788015756204033,0.7343217421098587,0.3644710262079424,0.9312147287575134,-0.1854525158126556,-0.9826532269212557,0.9956538622737461,-0.09313101813774066,0.7393006892116836,0.6733754457441478,1,0,0,0,99,55
1701472020,12,2,5,427,016.9,0.0,080,0,0,0,0,0,1,0,-0.2537942055031938,0.9672582391755589,-0.12794874134676187,0.9917807820218032,-0.06410623206130915,0.9979430800456014,0.032069611428879305,-0.9994856377271265,0.9998714011629511,0.016036868037019116,0.701413976180608,0.7127541189067303,0.3789761741147256,0.9254064293343575,-0.19312375652110036,-0.9811744058357712,0.9952824739328456,-0.09701957061394559,0.7406144646892693,0.67193021564224,1,0,0,0,99,56
1701472080,12,2,5,428,016.9,0.0,080,0,0,0,0,0,1,0,0.6767941486332613,0.7361723170398212,0.36319945137636067,0.9317114137542325,0.18478174456066745,0.9827795820412206,-0.09279121175730869,-0.9956855884367365,0.9989208147888241,-0.046445729422969886,0.7233414578962587,0.6904905034021214,0.39338880042387997,0.9193722052036709,-0.20078320995084364,-0.9796356989217142,0.9948958988059289,-0.10090664269087,0.7419254149477796,0.6704824223307908,1,0,0,0,99,56
1701472140,12,2,5,429,016.9,0.0,080,0,0,0,0,0,1,0,0.9851410837124249,-0.17174703834974567,0.7654237513788508,0.6435265968280777,0.4221808872816973,0.9065116096410674,-0.21620405911884805,-0.9763481985544571,0.9940694640100503,-0.10874695730351001,0.7445626089535755,0.6675526356387524,0.4077053864993983,0.9131135295347322,-0.2084304086083264,-0.9780372000938237,0.9944941427916566,-0.10479217505657644,0.743233534986338,0.6690320713326916,1,0,0,0,99,57
1701472200,12,2,5,430,016.9,0.0,080,0,0,0,0,0,1,0,0.38775384963726117,-0.921762958732604,0.9802456219572225,0.19778402522372224,0.6333308672314487,0.7738811359710619,-0.3362431144491573,-0.9417752215818438,0.9853362932476007,-0.17062353064298638,0.7650567072586797,0.6439629140552325,0.4219224371521189,0.906631930293444,-0.21606488574795768,-0.9763790069162293,0.9940772120203313,-0.10867610842262153,0.7445388198148641,0.6675791681805906,1,0,0,0,99,55
1701472260,12,2,5,431,016.9,0.0,080,0,0,0,0,0,1,0,-0.5661324855759046,-0.824314265784384,0.9550691770192314,-0.2963829737144291,0.8051034013449543,0.5931344814987454,-0.45103520843790823,-0.8925061572613225,0.9727554053464115,-0.2318338227466793,0.7848037406723669,0.619744373614364,0.43603648149302604,0.8999289898693018,-0.22368617540060243,-0.9746612205964957,0.9936451128538035,-0.11255838352496064,0.745841264454093,0.6661237184168716,1,0,0,0,99,56
1701472320,12,2,5,432,016.9,0.0,080,0,0,0,0,0,1,0,-0.9995192244043064,0.03100516160599342,0.6960584883449115,-0.7179850839697136,0.926818505417785,0.3755095977670121,-0.5587890488516163,-0.8293098328631502,0.956375928404503,-0.2921388087338362,0.8037844265516209,0.594920663309892,0.4500440737806176,0.8930063446890767,-0.23129381240202182,-0.9728839459794464,0.9931978518853749,-0.11643894112485227,0.7471408639355942,0.6646657275936332,1,0,0,0,99,56
1701472380,12,2,5,433,016.9,0.0,081,0,0,0,0,0,1,0,-0.5139525978344581,0.8578185864034492,0.2666284058353037,-0.9637994050640022,0.9909085237962186,0.13453734599730627,-0.6578231730498302,-0.7531724058930022,0.9362618239288095,-0.3513029989247159,0.8219802305787883,0.5695160230736639,0.4639417942621338,0.8858656848173045,-0.2388873324212645,-0.9710472915407634,0.9927354359396977,-0.1203177220097618,0.7484376133017908,0.6632052012726672,1,0,0,0,99,55
1701472440,12,2,5,434,016.9,0.0,081,0,0,0,0,0,1,0,0.4441396769705497,0.8959575588946699,-0.22808160941352784,-0.9736420181192547,0.9933886495524434,-0.1147997863254662,-0.7465921866472573,-0.665281975433926,0.9124916370668626,-0.4090953584227484,0.8393733848600241,0.5435552601057465,0.4777262500084402,0.8785087535436817,-0.24646627198900695,-0.9691513693803672,0.9922578720726702,-0.1241946669942652,0.749731507605978,0.6617421450254377,1,0,0,0,99,54
1701472500,12,2,5,435,016.8,0.0,081,0,0,0,0,0,1,0,0.9938919810238954,0.11035728365811025,-0.6669492920537099,-0.7451031081864141,0.9341046804792315,-0.3569992239582503,-0.8237108788762748,-0.5670100422575202,0.8851581898896717,-0.46529020930086196,0.8559469052753395,0.517063724650617,0.4913940757423633,0.8709373469574654,-0.2540301685258412,-0.9671962952155745,0.9917651675713295,-0.12806971692095193,0.7510225419123423,0.6602765644330594,1,0,0,0,99,52
1701472560,12,2,5,436,016.8,0.0,081,0,0,0,0,0,1,0,0.6298645812915785,-0.7767049692350272,-0.9425245273294025,-0.33413697099017103,0.8167426066363169,-0.577002178942952,-0.8879758383376634,-0.4598901070131037,0.8543682189235223,-0.5196681118689583,0.8716846080633058,0.49006728524307847,0.5049419346602744,0.8631533135089845,-0.26157856037050853,-0.9651821883740356,0.99125732995374,-0.13194281266132774,0.7523107112959804,0.6588084650862769,1,0,0,0,99,52
1701472620,12,2,5,437,016.8,0.0,081,0,0,0,0,0,1,0,-0.31325740971087507,-0.9496682553719656,-0.9873368866227894,0.15863755013872718,0.6485994333412853,-0.7611299331056187,-0.9383842318329999,-0.34559374046297575,0.820241958346126,-0.572016721581207,0.8865711256242239,0.4625923034480756,0.518366519246722,0.8551585535583667,-0.26911098680807644,-0.9631091717864508,0.9907343669688791,-0.13581389511671688,0.7535960108429174,0.657337852585443,1,0,0,0,99,52
1701472680,12,2,5,438,016.8,0.0,081,0,0,0,0,0,1,0,-0.9683719828857112,-0.24951092713946563,-0.7904147414931815,0.6125720663156844,0.44012948872139646,-0.8979343145007,-0.9741494532413135,-0.22590449917974179,0.7829126704747286,-0.6221316182369524,0.9005919215263238,0.4346656081190733,0.531664552081915,0.8469550189115929,-0.2766269880980588,-0.9609773719790682,0.9901962865965183,-0.1396829052191638,0.7548784356501264,0.6558647325404974,1,0,0,0,99,50
1701472740,12,2,5,439,016.8,0.0,081,0,0,0,0,0,1,0,-0.73316982087163,0.6800455968264643,-0.3999715009682163,0.9165275764608679,0.20429442422534697,-0.9789094892943034,-0.9947133982445153,-0.1026900937425236,0.7425261253796137,-0.6698171042372225,0.9137333047003438,0.4063144692001366,0.5448327866418574,0.838544712343992,-0.2841261055024758,-0.9587869190659601,0.9896430970471022,-0.14354978393233453,0.7561579808255463,0.6543891105709452,1,0,0,0,99,49
1701472860,12,2,5,441,016.8,0.0,081,0,0,0,0,0,1,0,0.9234700129260028,0.3836706077176726,0.5551258381134531,0.8317663757683622,-0.2900289849580881,-0.9570178618417637,-0.9891961033692368,0.14659832563545244,0.653223420570844,-0.757165215007746,0.9373273747756826,0.3484499856451812,0.5707670340667981,0.8211120464483459,-0.29907185888315707,-0.9542305922701142,0.9884914244114903,-0.15127691120902387,0.7587084127677193,0.6514303833837413,1,0,0,0,99,49
1701472920,12,2,5,442,016.8,0.0,081,0,0,0,0,0,1,0,0.8218006615020342,-0.5697751071737155,0.8859387978787574,0.4638021630104179,-0.5177826942789717,-0.855512174960245,-0.9632009590319782,0.2687822771684872,0.6046559860083719,-0.7964867472747074,0.9477570224679708,0.31899314469537793,0.5835267154572368,0.8120939430556596,-0.3065175826476683,-0.9518649964820798,0.9878929588984021,-0.1551370418660872,0.7599792898053496,0.6499472894527343,1,0,0,0,99,52
1701472980,12,2,5,443,016.9,0.0,081,0,0,0,0,0,1,0,-0.035428428178979524,-0.9993722161821225,0.999843041727581,-0.01771699491840461,-0.7133431835093137,-0.7008148846455801,-0.9221753858799258,0.38677197116286743,0.553727382760295,-0.8326980158385354,0.9572612015115142,0.2892248123531802,0.5961439371690447,0.8028775785738385,-0.31394459815878467,-0.9494413037607534,0.9872794193542053,-0.15899480532276297,0.7612472677529828,0.6484617161703677,1,0,0,0,99,56
1701473040,12,2,5,444,016.9,0.0,081,0,0,0,0,0,1,0,-0.8600847843788071,-0.510151118473792,0.8689508382163492,-0.49489841458940237,-0.8645514486106083,-0.5025443191453852,-0.8667595742607592,0.49872621790648564,0.500636485932415,-0.8656576164704166,0.9658306312367652,0.2591740568899436,0.608615618888497,0.7934652030460894,-0.3213524521097596,-0.9469596620358465,0.9866508151407586,-0.1628501427143272,0.7625123417736683,0.6469736692036518,1,0,0,0,99,56
1701473100,12,2,5,445,016.9,0.0,081,0,0,0,0,0,1,0,-0.8939831563049628,0.44810056487692174,0.5253091637898002,-0.8509114421832984,-0.9620060920241873,-0.27302798191458466,-0.7978182693804977,0.6028980088229747,0.44559061434068903,-0.8952368426352254,0.9734569437410228,0.22887022235840837,0.620938715833371,0.7838591143689051,-0.3287406923633694,-0.9444202227739792,0.9860071558497887,-0.16670299521307466,0.7637745070415334,0.6454831542290338,1,0,0,0,99,55
1701473160,12,2,5,446,016.9,0.0,081,0,0,0,0,0,1,0,-0.10595753713889097,0.9943706554014256,0.05305348526993529,-0.9985916721566993,-0.9996478560364893,-0.026536087157875483,-0.7164272772437812,0.6976617779562402,0.38880472093569013,-0.9213201880877897,0.980132692059547,0.19834289993873028,0.6331102194962855,0.7740616577310655,-0.3361088679795094,-0.9418231409694353,0.9853484513027448,-0.17055330402921653,0.765033758741801,0.643990176932375,1,0,0,0,99,54
1701473220,12,2,5,447,016.9,0.0,081,0,0,0,0,0,1,0,0.7794849530244592,0.6264209511250854,-0.4321915367489943,-0.9017818336840362,-0.9751363580761503,0.22160569297286092,-0.6238566770609814,0.7815387683835208,0.3305005534159355,-0.9438057979223058,0.9858513574373943,0.1676218990431951,0.6451271583791853,0.7640752250410934,-0.34345652924271697,-0.9391685751347022,0.9846747115506476,-0.17440101041177747,0.7662900920708089,0.6424947430089302,1,0,0,0,99,53
1701473280,12,2,5,448,016.9,0.0,081,0,0,0,0,0,1,0,0.9482725721561587,-0.3174572867274317,-0.8116209973649744,-0.5841843515845697,-0.8899956043668333,0.4559691044442761,-0.5215510020869119,0.8532201077225842,0.27090578830786904,-0.9626058663135666,0.9906073556948704,0.1367372182078336,0.6569865987187891,0.7539022543433046,-0.35078322768961984,-0.9364566872907963,0.9839859468739369,-0.17824605564949209,0.7675435022360271,0.6409968581633251,1,0,0,0,99,53
1701473340,12,2,5,449,016.9,0.0,080,0,0,0,0,0,1,0,0.2452227616305097,-0.9694667591920345,-0.9923373315541532,-0.1235581660756696,-0.7495192346016444,0.661982565451814,-0.4111066981625245,0.9115872326474889,0.2102531418938979,-0.9776469793968293,0.9943960426803873,0.10571901579936002,0.6686856452028263,0.7435452292225941,-0.35808851613630804,-0.9336876429573742,0.9832821677823141,-0.18208838107170075,0.7687939844560767,0.6394965281095353,1,0,0,0,99,52
1701473400,12,2,5,450,017.0,0.0,080,0,0,0,0,0,1,0,-0.6832837250355236,-0.7301529641805058,-0.9300948780045254,0.36731936773024515,-0.562441389066343,0.8268371568000089,-0.2942472117115055,0.9557293436951722,0.14877946146029003,-0.9888704019473866,0.997213718805399,0.0745975805660389,0.6802214416768855,0.7330066781981044,-0.3653719487056276,-0.9308616111426297,0.9825633850145825,-0.18592792804924488,0.7700415339607484,0.6379937585708637,1,0,0,0,99,52
1701473460,12,2,5,451,017.0,0.0,080,0,0,0,0,0,1,0,-0.9835823060282404,0.18046009882566544,-0.640132760126497,0.7682643096049905,-0.34039366209949434,0.9402830184590676,-0.17279609593525602,0.9849576179864461,0.08672480041358972,-0.9962323067403621,0.999057632656986,0.04340330206123635,0.6915911718417044,0.7222891741059243,-0.3726330808543947,-0.9279787643329788,0.9818296095384826,-0.18976463799536156,0.7712861459910199,0.6364885552799195,1,0,0,0,99,52
1701473520,12,2,5,452,017.0,0.0,080,0,0,0,0,0,1,0,-0.3795798508807975,0.9251589792059046,-0.19344381715900788,0.9811113543339269,-0.09718190589320902,0.9952666362171313,-0.04864855487508726,0.9988159580766447,0.02433148087720227,-0.9997039456950855,0.9999259836845639,0.012166640968536861,0.7027920599407278,0.7113953334709671,-0.37987146940052824,-0.9250392784825321,0.9810808525505256,-0.19359845236657747,0.7725278157990745,0.6349809239785958,1,0,0,0,99,53
1701473580,12,2,5,453,017.0,0.0,080,0,0,0,0,0,1,0,0.5734065686442813,0.8192709606934638,0.300606918837987,0.9537481220672112,0.1520721505286041,0.9883693950308283,0.07625813061297684,0.9970881092037023,-0.03815685257131214,-0.9992717621357321,0.9998179239580905,-0.019081900642597186,0.7138213714377698,0.7003278158681843,-0.3870866725500994,-0.9220433330023552,0.9803171254758215,-0.19742931266360217,0.7737665386483193,0.6334708704180476,1,0,0,0,99,53
1701473640,12,2,5,454,017.0,0.0,081,0,0,0,0,0,1,0,0.9992056333576834,-0.03985100081893557,0.7210585970706318,0.6928740863898232,0.39187109718004004,0.9200201319508784,0.19997483347801748,0.9798010338713872,-0.1004961843270998,-0.9949374437298526,0.9987335589960549,-0.05031180910157879,0.724676413684611,0.6890893232732681,-0.3942782499242964,-0.9189911107495187,0.9795384399679061,-0.20125716043222083,0.7750023098134033,0.6319584003586705,1,0,0,0,99,53
1701473700,12,2,5,455,017.0,0.0,081,0,0,0,0,0,1,0,0.5063396468349013,-0.8623341359607118,0.9649699829426591,0.2623603095356538,0.6073053970056359,0.7944684731113166,0.32057099594994815,0.9472244911084481,-0.1624430806337284,-0.9867179158980666,0.9966739476624406,-0.08149258893277783,0.7353545365783697,0.677682599403003,-0.40144576258630316,-0.915882798015937,0.9787448079085622,-0.20508193726418603,0.776235124580235,0.6304435195700777,1,0,0,0,99,53
1701473760,12,2,5,456,016.9,0.0,081,0,0,0,0,0,1,0,-0.45205267588297,-0.8919912433578294,0.9726230624856244,-0.23238842122852268,0.7849803886813105,0.6195206125592099,0.43616475524782494,0.8998668269691937,-0.22375564018679642,-0.9746452757206577,0.9936411011327626,-0.11259379263383548,0.7458531332084875,0.6661104290454266,-0.4085887730680895,-0.9127185845169985,0.9779362414076386,-0.2089035847981091,0.7774649782460008,0.6289262338310793,1,0,0,0,99,52
1701473820,12,2,5,457,016.9,0.0,081,0,0,0,0,0,1,0,-0.9948298531417643,-0.1015557152401366,0.7421440949169293,-0.6702403616464259,0.9138491017795076,0.4060539609174956,0.5449523094191382,0.8384670419633367,-0.2841944387533501,-0.9587666665991619,0.9896379809301888,-0.14358505040713354,0.7561696404931679,0.6543756373799633,-0.41570684539711195,-0.9094986633799863,0.9771127528028652,-0.2127220447203506,0.7786918661191828,0.6274065489296591,1,0,0,0,99,53
1701473880,12,2,5,458,016.9,0.0,081,0,0,0,0,0,1,0,-0.6229650513149461,0.7822496691211615,0.3299623697323973,-0.9439940860834779,0.98589910388525,0.16734084067633054,0.645236065065984,0.7639832592002035,-0.34352346411838924,-0.939144094162393,0.9846684960336634,-0.17443609981538652,0.766301539805117,0.6424810892876979,-0.42279954512292356,-0.9062232311322905,0.976274354659665,-0.21653725876591012,0.7799157835195766,0.625884470662953,1,0,0,0,99,51
1701473940,12,2,5,459,016.9,0.0,081,0,0,0,0,0,1,0,0.32165094574030556,0.9468583152216423,-0.16300565140257817,-0.9866251353025733,0.9966506748361166,-0.08177672253589847,0.7354511277222635,0.6775777731980668,-0.4015110377075164,-0.9158541841357899,0.9787374990608538,-0.20511681533239795,0.7762463575864296,0.630429688651955,-0.4298664393436902,-0.9028924876894134,0.975421059770962,-0.22034916871931534,0.7811367257783094,0.6243600048372272,1,0,0,0,99,51
1701474000,12,2,5,460,016.9,0.0,081,0,0,0,0,0,1,0,0.970542546651256,0.24092979296818903,-0.6160642040533645,-0.787695941645058,0.9454353340247703,-0.3258098052199642,0.8141897215084345,0.580598912666927,-0.45793071928681145,-0.8889878831195976,0.9718507815296538,-0.23559723776012562,0.7860016659524729,0.618224377649359,-0.43690709673261263,-0.8995066363427673,0.9745528811569866,-0.2241577164155103,0.7823546882378575,0.6228331572678552,1,0,0,0,99,51
1701474060,12,2,5,461,016.9,0.0,081,0,0,0,0,0,1,0,0.7271218060573149,-0.6865084698355503,-0.9182887535616316,-0.3959113096164656,0.8354374032853884,-0.5495856122495996,0.880223157003268,0.47456000028995304,-0.5125621912070998,-0.8586501034443405,0.9640150682028628,-0.26584760348332986,0.7955650832846204,0.605868136031542,-0.4439210875642528,-0.8960658837472673,0.9736698320650762,-0.22796284374074297,0.7835696662520644,0.6213039337792966,1,0,0,0,99,51
1701474120,12,2,5,462,016.9,0.0,081,0,0,0,0,0,1,0,-0.18481136973170906,-0.9827740114685011,-0.9956841897581032,0.09280621889587708,0.6734960211850264,-0.7391908477842096,0.9325210045313215,0.36111573782915524,-0.5651921187396569,-0.8249593134904155,0.9552380105215703,-0.295838373533239,0.8049342748116889,0.5933639803976818,-0.4509079837407618,-0.8925704399087172,0.9727719259694734,-0.23176449263345197,0.7847816551861582,0.619772340205074,1,0,0,0,99,50
1701474180,12,2,5,463,016.9,0.0,080,0,0,0,0,0,1,0,-0.9268298244906983,-0.3754816592518752,-0.8293014106016808,0.5588015482924706,0.46967991851234675,-0.8828367766162867,0.9702671736733874,0.24203638505781863,-0.6156149831437591,-0.7880470750716034,0.9455281791336532,-0.3255402624318508,0.8141069531799402,0.5807149634580416,-0.4578673588180088,-0.8890205181709929,0.9718591765711205,-0.23556260508515253,0.7859906504167694,0.6182383823877515,1,0,0,0,99,51
1701474240,12,2,5,464,017.0,0.0,080,0,0,0,0,0,1,0,-0.816725212907666,0.5770267988585345,-0.4598767232321427,0.8879827697817494,0.23666139336428604,-0.9715921906288022,0.9928726480845371,0.11918013544881928,-0.6636338842129675,-0.7480575296890004,0.934895055524683,-0.354924266788705,0.8230808790115055,0.5679241732886948,-0.46479878803160896,-0.8854163352030204,0.9709315977974505,-0.2393571231413216,0.7871966473319489,0.616702066178912,1,0,0,0,99,50
1701474300,12,2,5,465,017.0,0.0,081,0,0,0,0,0,1,0,0.04427279290137974,0.99901947919383,0.022141824746053522,0.9997548397466827,-0.011071590972334946,-0.9999387080583196,0.9999846768971812,-0.005535880313030703,-0.7090613091662211,-0.7051468356615412,0.9233490227594171,-0.38396169362220156,0.831853861451097,0.5549947325776158,-0.4717018483228491,-0.8817581109855513,0.9699892038021741,-0.24314798890228217,0.788399641331185,0.6151633974391348,1,0,0,0,99,45
1701474360,12,2,5,466,017.0,0.0,081,0,0,0,0,0,1,0,0.8645665970913422,0.5025182575726944,0.4987392818032813,0.8667520572726362,-0.2581161974066756,-0.9661138797451976,0.9914922792803779,-0.13016551051411895,-0.7517198648812332,-0.6594825583311059,0.9109013553429114,-0.41262418837781073,0.8404237587008743,0.5419297978623197,-0.47857611836450864,-0.8780460687977367,0.9690320089650643,-0.2469351445240868,0.789599627825421,0.6136223820379734,1,0,0,0,99,45
1701474420,12,2,5,467,017.0,0.0,081,0,0,0,0,0,1,0,0.8899818590686664,-0.45599593257909704,0.8532279685345228,0.5215381421434596,-0.4891123888517548,-0.8722207696860524,0.9675279762585814,-0.25276395145861635,-0.7914429706108382,-0.6112430157234452,0.8975642082111578,-0.44088376261581397,0.8487884785433335,0.5287325587592399,-0.4854211785865756,-0.8742804352034992,0.9680600278917365,-0.2507185322194002,0.7907966022370734,0.6120790258539333,1,0,0,0,99,46
1701474480,12,2,5,468,017.0,0.0,081,0,0,0,0,0,1,0,0.09715190417988626,-0.9952695652506521,0.9988166912028082,0.048633500538969116,-0.689697940935389,-0.7240971967004738,0.9284657227653786,-0.37141809547969407,-0.8280755084772445,-0.5606165822201061,0.8833506048619953,-0.4687128213415406,0.8569459788520921,0.5154062371850283,-0.49223661120185463,-0.8704614400377044,0.967073275413426,-0.254498094258381,0.7919905600000485,0.610533334774449,1,0,0,0,99,46
1701474540,12,2,5,469,017.0,0.0,081,0,0,0,0,0,1,0,-0.7849990633729201,-0.6194969495515196,0.8998602529147288,-0.43617831815008895,-0.8474014155493513,-0.5309527671318378,0.8749150722018217,-0.48427638434480896,-0.8614744292040272,-0.5078009529605035,0.8682744246378858,-0.4960841899514116,0.8648942680904446,0.5019540865699712,-0.49902200023146714,-0.8665893163921337,0.9660717665867619,-0.25827377296956255,0.7931814965597604,0.6089853146958625,1,0,0,0,99,46
1701474600,12,2,5,470,017.0,0.0,081,0,0,0,0,0,1,0,-0.9454255122693237,0.3258383046087229,0.5805866409896446,-0.8141984723053474,-0.9524175744665119,-0.3047962661308802,0.8077116645594764,-0.5895777022026527,-0.8915093107204918,-0.4530023718466313,0.8523503891729713,-0.5229711407684791,0.8726314057975678,0.4883793910637103,-0.5057769315302397,-0.8626643006012565,0.9650555166935363,-0.2620455107407332,0.7943694073731481,0.6074349715233996,1,0,0,0,99,45
1701474660,12,2,5,471,017.0,0.0,081,0,0,0,0,0,1,0,-0.2366321052384454,0.9715993241920361,0.11916517068330806,-0.9928744442758198,-0.9982170215629014,-0.05968900955862884,0.7279041865378398,-0.6856788572069913,-0.9180628674570689,-0.39643482616503856,0.8355940480176479,-0.549347419141549,0.8801555030622569,0.47468546473346485,-0.5125009928119824,-0.8586866322278066,0.9640245412404724,-0.26581325001981504,0.795554287908693,0.6058823111711485,1,0,0,0,99,45
1701474720,12,2,5,472,017.0,0.0,081,0,0,0,0,0,1,0,0.689719768063795,0.7240764058730438,-0.37143208943692263,-0.9284601245807608,-0.9819521690440836,0.1891294205289584,0.6367380071391379,-0.7710802229758452,-0.9410314083429535,-0.3383192109710552,0.8180217634546941,-0.5751872690824027,0.8874647229840752,0.46087565075494996,-0.5191937736746512,-0.8546565540481598,0.9629788559589872,-0.26957693331574223,0.7967361336464357,0.6043273395620364,1,0,0,0,99,45
1701474780,12,2,5,473,017.0,0.0,081,0,0,0,0,0,1,0,0.9819464674138593,-0.18915902075619492,-0.7710898199160053,-0.6367263852094576,-0.9046342866621455,0.42618869928151687,0.535635744101569,-0.8444491397596178,-0.9603252417175178,-0.27888246649832815,0.7996506945217794,-0.6004654584160823,0.8945572811218079,0.44695332059618803,-0.5258548656253986,-0.8505743120375162,0.9619184768049516,-0.27333650319933833,0.7979149400779942,0.6027700626278074,1,0,0,0,99,42
1701474840,12,2,5,474,017.0,0.0,081,0,0,0,0,0,1,0,0.3713761131017696,-0.9284825160537067,-0.9819578697820255,-0.18909982012986337,-0.7710706258605184,0.6367496289241701,0.42617506442530745,-0.9046407101507675,-0.9758690255743256,-0.21835669196206517,0.7804987802559544,-0.6251573034196812,0.9014314459291071,0.43292187319441294,-0.5324838621055041,-0.8464401553548877,0.9608434199584467,-0.27709190230419245,0.7990907027065802,0.6012104863089995,1,0,0,0,99,42
1701474900,12,2,5,475,017.0,0.0,081,0,0,0,0,0,1,0,-0.580635726907393,-0.8141634680079446,-0.9524083861474406,0.30482497600430924,-0.5895655281627695,0.8077205506870273,0.31006406540662906,-0.9507156648249326,-0.9876020617700564,-0.15697823921656684,0.7605847221764866,-0.6492386929255808,0.9080855391772245,0.41878473412626877,-0.5390803585151899,-0.8422543363278899,0.9597537018235173,-0.28084307332753466,0.8002634170470166,0.5996486165549226,1,0,0,0,99,42
1701474960,12,2,5,476,017.0,0.0,081,0,0,0,0,0,1,0,-0.9988137573367454,0.048693717817118926,-0.6896761131802671,0.7241179868699296,-0.3714041014380902,0.9284713207390763,0.18911462035089152,-0.9819550195245901,-0.9954785330494551,-0.09498678980629327,0.7399279660231438,-0.6726861118655962,0.9145179363647266,0.40454535477150383,-0.5456439522383145,-0.8380171104373418,0.9586493390279216,-0.2845899590311104,0.8014330786257547,0.598084459323635,1,0,0,0,99,42
1701475020,12,2,5,477,017.0,0.0,081,0,0,0,0,0,1,0,-0.49868702553633515,0.8667821240437084,-0.25808707441122625,0.9661216600521149,-0.13015056655252244,0.9914942410453312,0.06521410489560044,-0.9978712945679246,-0.9994676819607337,-0.03262441901456225,0.7185486827677587,-0.6954766642330416,0.9207270671140937,0.39020721147036636,-0.5521742426669474,-0.8337287363016721,0.9575303484228769,-0.28833250224205376,0.8025996829808911,0.5965180205819209,1,0,0,0,99,43
1701475080,12,2,5,478,017.0,0.0,080,0,0,0,0,0,1,0,0.45993025772913376,0.8879550427950801,0.2366906812750767,0.9715850561826999,0.11919510018725629,0.9928708516677031,-0.05970405485516448,-0.9982161218062207,-0.9995539309627621,0.029865349435251595,0.696467748917618,-0.7175880954402921,0.9267114155551047,0.3757738046749054,-0.5586708312258188,-0.8293894756611352,0.9563967470828033,-0.29207064585375986,0.8037632256621846,0.5949493063052683,1,0,0,0,99,44
1701475140,12,2,5,479,017.1,0.0,080,0,0,0,0,0,1,0,0.9956897831154927,0.0927461902151406,0.6735183033091452,0.7391705453463161,0.36112979290947733,0.9325155616251978,-0.18369055279845262,-0.9829841203257552,-0.9957369432550334,0.09223849433464518,0.6737067261299069,-0.7389988140500109,0.9324695206949155,0.36124865809438594,-0.565133321396648,-0.8249995933618349,0.9552485523050623,-0.2958043328267565,0.8049237022310738,0.5933783224778453,1,0,0,0,99,42
1701475260,12,2,5,481,017.1,0.0,081,0,0,0,0,0,1,0,-0.33001928131531005,-0.9439741913633689,0.9858940590558828,-0.16737055989126504,0.7639929842254002,0.6452245501020304,-0.421174221610232,-0.9069797544879462,-0.9764680625826803,0.21566205682972353,0.6262339591439754,-0.779635189312836,0.9433014336130409,0.3319373515342646,-0.5779544309310792,-0.8160690386034335,0.9529084527391478,-0.30325810903961536,0.8072354393358901,0.5902295701506256,1,0,0,0,99,41
1701475320,12,2,5,482,017.1,0.0,080,0,0,0,0,0,1,0,-0.9726370711153801,-0.23232978261965265,0.7849617132764033,-0.6195442750039529,0.8998734008192355,0.4361511922464772,-0.5309655392553846,-0.8473934128391833,-0.9610914141847234,0.2762305080551537,0.6015685712970908,-0.7988211652351087,0.9483725969351678,0.3171583474897762,-0.5843122677602378,-0.8115289112193651,0.9517165836580145,-0.3069780845440232,0.8083866910532431,0.5886518136623622,1,0,0,0,99,42
1701475380,12,2,5,483,017.1,0.0,081,0,0,0,0,0,1,0,-0.7210168232776373,0.692917556820885,0.39184336359004157,-0.9200319442337003,0.9798040478161182,0.1999600657210081,-0.6324713172464788,-0.7745837804011287,-0.9419617243819222,0.33572028505801615,0.5763157619491175,-0.8172271058457423,0.9532122286893256,0.30230191378343746,-0.5906344411802289,-0.8069392522933302,0.9505101925527496,-0.31069337594054836,0.8095348590210765,0.5870718116463486,1,0,0,0,99,40
1701475440,12,2,5,484,017.1,0.0,080,0,0,0,0,0,1,0,0.19350296674212325,0.9810996900733364,-0.09721190751822432,-0.9952637062792294,0.9988152247235795,-0.04866360920015389,-0.7241075918674496,-0.6896870271361664,-0.9191536942035773,0.3938990815322077,0.5505001900398365,-0.8348350380560844,0.9578191473488313,0.28737167740046654,-0.5969205653181726,-0.8023003419544537,0.949289297831397,-0.3144039265384152,0.8106799388594784,0.5854895701298123,1,0,0,0,99,39
1701475500,12,2,5,485,017.1,0.0,080,0,0,0,0,0,1,0,0.9301170215238276,0.36726329284539677,-0.5624663132822282,-0.8268202019923669,0.9557249086406524,-0.29426161659961114,-0.8044444097013824,-0.5940279384845417,-0.8927563885194386,0.4505397105225345,0.52414706403712,-0.851627768019143,0.9621922282005667,0.2723712833439467,-0.6031702565014514,-0.7976124633379128,0.9480539181233082,-0.31810967971918674,0.8118219262003172,0.5839050951485237,1,0,0,0,99,38
1701475560,12,2,5,486,017.1,0.0,080,0,0,0,0,0,1,0,0.8115857761709371,-0.584233282103149,-0.8900093488562771,-0.4559422758951242,0.8532122467168191,-0.5215638619118831,-0.8722281415753229,-0.4890992425306529,-0.8628728882432953,0.5054209915849098,0.4972821173212898,-0.8675888979190864,0.9663304036195608,0.257304393744951,-0.6093831332811276,-0.7928759025676563,0.9468040722788575,-0.3218105789376289,0.8129608166872586,0.5823183927467734,1,0,0,0,99,40
1701475620,12,2,5,487,017.1,0.0,080,0,0,0,0,0,1,0,-0.053113688973945104,-0.9985884718158823,-0.9996470556691202,0.026566220884026468,0.6976509797584941,-0.7164377924439869,-0.9264010450242344,-0.37653831648054964,-0.8296198878042129,0.5583286144912557,0.4699315830569086,-0.8827028419834321,0.9702326633296345,0.24217468696848557,-0.6155588164552248,-0.7880909487389401,0.9455397793691549,-0.32550656772257286,0.8140966059757813,0.5807294689773488,1,0,0,0,99,39
1701475680,12,2,5,488,017.1,0.0,080,0,0,0,0,0,1,0,-0.8689806734225085,-0.49484602576777714,-0.8645362993442719,0.5025703802614231,0.4987131538963941,-0.8667670910519801,-0.9661177700083929,-0.25810163593826746,-0.7931272394572851,0.6090559761063561,0.4421221685765394,-0.8969548417022889,0.9738980546500462,0.2269858567154693,-0.621696929091873,-0.7832578939006837,0.9442610586857545,-0.3291975896777772,0.8152292897331944,0.579138329901511,1,0,0,0,99,39
1701475740,12,2,5,489,017.1,0.0,080,0,0,0,0,0,1,0,-0.8859108342361154,0.46385557427185253,-0.5177569051824165,0.8555277827960506,0.2687677596029232,-0.9632050100565431,-0.9907585503180235,-0.1356373656914954,-0.7535374462133568,0.65740498716868,0.413881029301489,-0.9103309802397916,0.977325682728074,0.21174161112097017,-0.6277970965523135,-0.7783770330376437,0.9429679297403607,-0.332883588482788,0.8163588636386537,0.5775449815889719,1,0,0,0,99,40
1701475800,12,2,5,490,017.1,0.0,080,0,0,0,0,0,1,0,-0.08833865964017233,0.9960904985055212,-0.04421256322855966,0.9990221465276736,0.0221116877728314,-0.9997555067434422,-0.9999388748177166,-0.011056519718198895,-0.7110051053678162,0.7031868458247073,0.3852357422249997,-0.9228181960236553,0.9805147107574815,0.19644567184891684,-0.6338589465137663,-0.7734486640524104,0.9416604122645303,-0.33656450789379855,0.8174853233831781,0.5759494301178713,1,0,0,0,99,42
1701475860,12,2,5,491,017.1,0.0,081,0,0,0,0,0,1,0,0.7904516712343437,0.6125244121199033,0.4401565561706975,0.8979210466738997,-0.22591918170675576,-0.9741460482581397,-0.9935154876140935,0.11369685954735136,-0.6656963048014645,0.7462227748961269,0.3562142789837832,-0.9344042954995784,0.9834643601828127,0.18110177318350804,-0.6398821089921534,-0.7684730877472249,0.9403385262093713,-0.34024029174450743,0.818608664669666,0.5743516815747528,1,0,0,0,99,42
1701475920,12,2,5,492,017.1,0.0,080,0,0,0,0,0,1,0,0.9425043809306535,-0.3341937939677003,0.8167599996228085,0.5769775585030581,-0.45990349068959124,-0.8879689066918555,-0.9715886235161092,0.23667603734656428,-0.617787974410896,0.7863447200008926,0.3268449785441926,-0.9450779650380419,0.9861739108894643,0.16571366111754054,-0.6458662163646817,-0.7634506078056198,0.9390022917452384,-0.3439108839469756,0.8197288832129119,0.5727517420545416,1,0,0,0,99,42
1701475980,12,2,5,493,017.1,0.0,081,0,0,0,0,0,1,0,0.22802290938096753,-0.9736557670950443,0.9933921096664309,0.11476984121483252,-0.665293228127706,-0.7465821593149787,-0.9345004439043832,0.3559619647413339,-0.567467195201038,0.8233960058019877,0.29715651952970196,-0.9548287819818765,0.9886427013794914,0.15028509243787871,-0.6518109033922803,-0.7583815307738838,0.9376517292614257,-0.34757622849248204,0.8208459747396225,0.5711496176605207,1,0,0,0,99,42
1701476040,12,2,5,494,017.1,0.0,080,0,0,0,0,0,1,0,-0.6961017734720562,-0.7179431181988293,0.9268071855026884,-0.3755375359409301,-0.8293182549362247,-0.5587765492838215,-0.8828296974172939,0.4696932247308761,-0.5149304687378307,0.8572319478212639,0.2671778922167178,-0.9636472248238107,0.9908701289331036,0.13481983380828896,-0.6577158072418934,-0.7532661660423522,0.9362868593658549,-0.3512362694523786,0.8219599349884332,0.5695453145043077,1,0,0,0,99,45
1701476100,12,2,5,495,017.1,0.0,080,0,0,0,0,0,1,0,-0.9802336960326743,0.19784312260506456,0.6333075387972795,-0.7739002269689111,-0.9417802893905008,-0.3362289198084311,-0.8173826887720437,0.5760950790414586,-0.46038294981381606,0.8877204174292317,0.23693837022606568,-0.9715246825040607,0.9928556497558093,0.1193216608498628,-0.6635805675086248,-0.7481048258265224,0.9349077028847613,-0.3548909509789434,0.8230707597099242,0.5679388387058313,1,0,0,0,99,44
1701476160,12,2,5,496,017.1,0.0,080,0,0,0,0,0,1,0,-0.36314327904015004,0.9317333088861682,0.184752119221718,-0.982785151720906,-0.9956869868891794,-0.09277620459766088,-0.7391806966492228,0.6735071623235863,-0.404037645323065,0.9147423578045313,0.2064674819377966,-0.9784534628188842,0.9945987791111761,0.10379435721925297,-0.669404826237736,-0.7428978251479987,0.9335142808623762,-0.3585402173062328,0.8241784446666367,0.5663301963933087,1,0,0,0,99,44
1701476220,12,2,5,497,017.1,0.0,080,0,0,0,0,0,1,0,0.5878193939808536,0.8089921878856321,-0.30903706259473784,-0.9510499955011913,-0.9876866900746388,0.1564448856607474,-0.6494440369805748,0.7604093915979561,-0.3461145824738131,0.938192248848272,0.1757949816572247,-0.9844267999318873,0.9960990914391719,0.08824171368494811,-0.6751882279464934,-0.7376454818152647,0.9321066145606051,-0.3621840127509325,0.8252829856330895,0.5647193937032212,1,0,0,0,99,44
1701476280,12,2,5,498,017.1,0.0,080,0,0,0,0,0,1,0,0.9983436270438855,-0.05753261979833144,-0.727163193443649,-0.68646463135462,-0.9182768186539993,0.39593899065726024,-0.5495730203270262,0.8354456866419445,-0.28683994958692166,0.9579785192377605,0.14495082056035336,-0.9894388609807482,0.9973562204600591,0.07266752720181091,-0.6809304196458655,-0.7323481164042859,0.9306847254587038,-0.36582228171320713,0.8263843783957945,0.5631064367802915,1,0,0,0,99,43
1701476340,12,2,5,499,017.1,0.0,080,0,0,0,0,0,1,0,0.4909953335002932,-0.8711622021649791,-0.9672544138345865,-0.253808784161444,-0.7917729422509473,0.6108155269140414,-0.44112610050072903,0.8974451311679287,-0.22644521283532507,0.9740239040105557,0.11396511744705974,-0.9934847517729086,0.9983698592638173,0.05707559998410604,-0.6866310508620674,-0.7270060522389432,0.9292486352529508,-0.36945496867754857,0.8274826187532728,0.56149133177746,1,0,0,0,99,42
1701476460,12,2,5,501,017.2,0.0,080,0,0,0,0,0,1,0,-0.9964717035719659,-0.08392939878483582,-0.7361825177171881,0.676783052837157,-0.40200556411749017,0.9156372242425372,-0.20538107965129446,0.978682079186734,-0.1032422413871038,0.9946562419214826,0.05169022189214013,-0.9986631669190275,0.9996657358635004,0.02585375292846797,-0.6979062426542451,-0.716189134561698,0.9263339393981249,-0.37670337497711776,0.829669625506779,0.5582547021848012,1,0,0,0,99,43
1701476520,12,2,5,502,017.2,0.0,080,0,0,0,0,0,1,0,-0.6090201130220971,0.7931547780443311,-0.3215938602925038,0.9468777054203809,-0.1629759101518061,0.9866300485542645,-0.08176170083154903,0.9966519072761223,-0.0409151116574164,0.9991626262216082,0.020461839829201516,-0.9997906346384747,0.999947657289739,0.010231455456709277,-0.7034801150506284,-0.710714941258698,0.9248553782237248,-0.38031898371058337,0.8307583835600407,0.556633189941732,1,0,0,0,99,41
1701476580,12,2,5,503,017.2,0.0,080,0,0,0,0,0,1,0,0.33836176080013775,0.9410161097602051,0.17173219010976784,0.985143672202234,0.08618679654612434,0.9962789951118698,0.043133541983763984,0.9990693156913262,0.0215717907077017,0.9997673018486167,-0.010786522873087307,-0.9999418237699174,0.9999854558367129,-0.005393339878159504,-0.7090110506466594,-0.7051973695788437,0.9233627048941395,-0.3839287892442792,0.8318439725225757,0.5550095543122302,1,0,0,0,99,40
1701476640,12,2,5,504,017.2,0.0,080,0,0,0,0,0,1,0,0.9746553921779337,0.22371156988067947,0.623012211003653,0.7822121099422712,0.329990825673782,0.9439841391523142,0.16735570030280691,0.9858965815825497,0.08397445569174683,0.9964679075571249,-0.04202435271884079,-0.999116586679734,0.9997791222764492,-0.021016818506448383,-0.7144987118625367,-0.6996367562862716,0.9218559421857278,-0.38753273649701414,0.832926388253192,0.5533838014899721,1,0,0,0,99,41
1701476700,12,2,5,505,017.3,0.0,080,0,0,0,0,0,1,0,0.7148553508409695,-0.69927235564838,0.9217571143333747,0.3877677425673905,0.5532776235456344,0.8329969215331442,0.2889663288921875,0.9573392610598251,0.1460492022233857,0.9892773274112333,-0.07322114649732905,-0.997315729197939,0.9993287069823269,-0.03663516617992241,-0.7199427637597042,-0.6940334407721567,0.9203351130898344,-0.3911307704769872,0.8340056266228025,0.5517559376767108,1,0,0,0,99,41
1701476760,12,2,5,506,017.3,0.0,080,0,0,0,0,0,1,0,-0.20217940333482604,-0.9793485022540106,0.9948237286710673,-0.10161569206079699,0.7421642985420401,0.6702179898880674,0.4060677345664961,0.9138429815586667,0.20755362974582411,0.9782236404725319,-0.10434644106884551,-0.994541009831302,0.9986343199167806,-0.05224456990299564,-0.7253428740612937,-0.6883877650339976,0.9188002408124406,-0.3947228362826266,0.8350816835144412,0.5501259690822519,1,0,0,0,99,40
1701476820,12,2,5,507,017.3,0.0,080,0,0,0,0,0,1,0,-0.9333313464826719,-0.35901615238432194,0.8243227985396018,-0.5661200613013454,0.8849067920694658,0.4657681497798313,0.5168325890557641,0.8560864879729826,0.2682475647857939,0.9633500111519651,-0.1353698431114458,-0.990795138046197,0.9976961306044534,-0.06784121886361938,-0.7306987131724058,-0.6827000736547422,0.9172513487738087,-0.39830887910342766,0.8361545548232777,0.5484939019244299,1,0,0,0,99,36
1701476880,12,2,5,508,017.3,0.0,080,0,0,0,0,0,1,0,-0.8063827539523806,0.5913939922996974,0.45199889806298343,-0.892018495407942,0.972630067242408,0.23235910202965793,0.6195324438519512,0.784971051068018,0.3278939988258263,0.9447145206537312,-0.16626105879951092,-0.9860817716228536,0.9965143680908102,-0.08342130536363722,-0.7360099542002259,-0.6769707137817569,0.9156884606081254,-0.40188884422078897,0.8372242364566345,0.5468597424290853,1,0,0,0,99,36
1701476940,12,2,5,509,017.2,0.0,080,0,0,0,0,0,1,0,0.061950423737127995,0.9980792278165047,-0.030990096672124958,-0.9995196916060495,0.9998799156913918,-0.015496909271697935,0.7125647020698184,0.7016064034515015,0.3862600138174404,0.9223899401694224,-0.19698992338515384,-0.980405513083597,0.99508932088622,-0.09898102574838,-0.7412762729739769,-0.6712000351056382,0.9141116001631415,-0.40546267700884736,0.8382907243340008,0.5452234968300397,1,0,0,0,99,38
1701477060,12,2,5,511,017.3,0.0,080,0,0,0,0,0,1,0,0.8817704007607503,-0.4716788741741842,-0.8578108399216532,-0.5139655269693756,0.8700475639208972,-0.49296778445990996,0.8639929931602194,0.5035038309387974,0.4982450045214717,0.8670362826718376,-0.25784076222366625,-0.9661874255732781,0.9915108233330784,-0.13002417934123234,-0.7516728608048957,-0.6595361326943231,0.9109160588919055,-0.41259172756229423,0.8404141025596531,0.5419447722958981,1,0,0,0,99,35
1701477120,12,2,5,512,017.3,0.0,080,0,0,0,0,0,1,0,0.07951849401287635,-0.996833390848202,-0.9992080341070627,-0.03979075993115771,0.7210377105017316,-0.6928958219201651,0.9200260381967906,0.39185723042955,0.5514266812416906,0.8342233605065102,-0.2879033166650653,-0.9576594803233847,0.9893582466233818,-0.14550003380861354,-0.7568024953079283,-0.6536436208636119,0.9092974268256817,-0.4161468365471424,0.8414709848078965,0.5403023058681398,1,0,0,0,99,36
1701477180,12,2,5,513,017.3,0.0,079,0,0,0,0,0,1,0,-0.7958423494121124,-0.6055038851090959,-0.8959642529445848,0.4441261728894752,0.5271972245329658,-0.8497429531597998,0.9617023846179752,0.27409582889949297,0.6024550485723009,0.7981528139709504,-0.3176847384035387,-0.948196396842698,0.9869641322871612,-0.16094036652950375,-0.7618859384873512,-0.6477112139952867,0.9076649199994695,-0.41969559564326697,0.8425246571000955,0.5386577783513077,1,0,0,0,99,37
1701477240,12,2,5,514,017.4,0.0,079,0,0,0,0,0,1,0,-0.9395094070026404,0.34252310017507853,-0.5733571748155426,0.8193055291449822,0.3005781685810014,-0.953757183235068,0.9883716869768853,0.1520572536331825,0.6511308418308941,0.7589654977774624,-0.3471559463861577,-0.9378074156716458,0.9843290648130953,-0.17634140796811468,-0.7669228800759939,-0.6417392741728861,0.9060185633233147,-0.4232379507009703,0.8435751154168105,0.5370111960187747,1,0,0,0,99,35
1701477300,12,2,5,515,017.4,0.0,079,0,0,0,0,0,1,0,-0.21939584856455807,0.9756359267844935,-0.11037226376111557,0.9938903175865266,0.05527061793337119,-0.9984714111046261,0.9996177797299891,0.027645875780791213,0.6972639830864666,0.7168144375571656,-0.37628816247846175,-0.926502681474038,0.9814536875151161,-0.19169939818106102,-0.7719130126449032,-0.6357281658928362,0.9043583819185943,-0.42677384766827253,0.8446223557508624,0.5353625651517518,1,0,0,0,99,32
1701477360,12,2,5,516,017.4,0.0,080,0,0,0,0,0,1,0,0.7024292412479847,0.7117535816838442,0.37963562682930313,0.9251360931462582,-0.19347339203846847,-0.9811055226493881,0.9952651713612277,-0.0971969067167568,0.740674323409674,0.6718642322981792,-0.4050529395658183,-0.914293233130974,0.9783387023753517,-0.20701058773529676,-0.7768560316221071,-0.6296782560422042,0.9026844011176343,-0.4303032325917363,0.8456663741073475,0.5337118920392648,1,0,0,0,99,31
1701477420,12,2,5,517,017.4,0.0,080,0,0,0,0,0,1,0,0.9784441260755459,-0.20651172399711681,0.7766954757165503,0.6298762878545608,-0.43018816356650214,-0.9027392447031869,0.9753817828684281,-0.22052296399333682,0.7811923463505441,0.6242904115900961,-0.4334221893315477,-0.9011909929615631,0.9749848698727491,-0.22227123862348555,-0.7817516353112047,-0.6235899138763048,0.900996646463322,-0.43382605161729004,0.8467071665036532,0.5320591829781298,1,0,0,0,99,30
1701477480,12,2,5,518,017.4,0.0,080,0,0,0,0,0,1,0,0.35488199371552387,-0.9349111030127383,0.9835931839466808,0.18040079959254857,-0.6401559186664806,-0.7682450128678183,0.9402778878788489,-0.34040783417261544,0.8186598298965864,0.5742787501846923,-0.46136820968468756,-0.8872087550809822,0.9713930087974131,-0.23747762517658147,-0.7865995249097795,-0.6174635109961635,0.8992951437087169,-0.4373422509910497,0.8477447289694727,0.5304044442729295,1,0,0,0,99,29
1701477540,12,2,5,519,017.4,0.0,080,0,0,0,0,0,1,0,-0.5949570070443855,-0.8037575254818999,0.9496729767351233,-0.3132430961075599,-0.8103218792885825,-0.5859850270665796,0.8905012709330009,-0.45498075395197785,0.8529304643263652,0.5220245425494965,-0.4888637118106147,-0.8723601729072392,0.9675639960507106,-0.2526260349733978,-0.7913994045276372,-0.6112994213258353,0.8975799188166576,-0.44085177706013884,0.8487790575468208,0.5287476822359892,1,0,0,0,99,29
1701477600,12,2,5,520,017.4,0.0,080,0,0,0,0,0,1,0,-0.9977952793125009,0.06636701425925702,0.6832397038158508,-0.730194157145638,-0.9301059501867618,-0.3672913304546965,0.8268286794901035,-0.562453851238172,0.8838704235458307,0.4677318402470736,-0.5158818468181093,-0.8566597458288424,0.9634987664311881,-0.2677127697469413,-0.7961509812048658,-0.6050980210895829,0.8958509979593657,-0.44435457627350766,0.8498101482900483,0.5270889031873525,1,0,0,0,99,30
1701477660,12,2,5,521,017.4,0.0,080,0,0,0,0,0,1,0,-0.483265173349392,0.8754740271576206,0.2495255225847443,-0.9683682221029407,-0.9920605379972889,-0.12576123786178975,0.7502537030437737,-0.6611500442933549,0.9113588876763519,0.41161265511804,-0.5423962319568417,-0.8401228050463933,0.9591983124063536,-0.2827341462872912,-0.8008539649297153,-0.5988596887889135,0.8941084075180463,-0.4478505951827498,0.8508379972658573,0.5254281134547572,1,0,0,0,99,28
1701477720,12,2,5,522,017.4,0.0,079,0,0,0,0,0,1,0,0.4755767042996153,0.8796742569426005,-0.24528120908194284,-0.9694519732670104,-0.992333606522275,0.12358807938670624,0.6619712684902925,-0.7495292120346966,0.935288514853758,0.3538861313793629,-0.5683809763796802,-0.8227654986019294,0.9546636838703799,-0.297686497340802,-0.8055080686562991,-0.5925848051794772,0.8923521740824856,-0.45133978044291795,0.8518626005533163,0.5237653193736113,1,0,0,0,99,26
1701477780,12,2,5,523,017.4,0.0,079,0,0,0,0,0,1,0,0.9971755532498972,0.07510603172023837,-0.6800345462841435,-0.7331800705557395,-0.930908177683422,0.36525328844807164,0.5633589936940424,-0.8262122271087713,0.9555658603960198,0.2947776898708828,-0.593810706424664,-0.8046047756106357,0.9498959878877886,-0.3125661725054107,-0.8101130083221139,-0.5862737532478276,0.8905823244506449,-0.45482207881333797,0.8528839542438754,0.522100527286969,1,0,0,0,99,29
1701477840,12,2,5,524,017.4,0.0,079,0,0,0,0,0,1,0,0.6019757972528995,-0.7985143326964996,-0.9482917095220488,-0.31740011602352985,-0.8116033871367004,0.5842088171092894,0.45595569022148996,-0.8900024767126464,0.9721117417027341,0.23451814779175792,-0.618660590391954,-0.7856583697103207,0.9448963884231754,-0.3273695391218304,-0.8146685028653773,-0.5799269181880462,0.8887988856282523,-0.4582974371584211,0.8539020544413806,0.520433743545506,1,0,0,0,99,26
1701477900,12,2,5,525,017.4,0.0,079,0,0,0,0,0,1,0,-0.34667773058479046,-0.9379843021695936,-0.984373989439378,0.17609045662727782,-0.6418370289149428,0.7668410710920738,0.34143735070135944,-0.9399045353364547,0.9848615474614832,0.17334281736424106,-0.6429063627915651,-0.7659447817448204,0.9396661060570453,-0.3420929831604118,-0.8191742742421821,-0.5735446873782322,0.8870018848283898,-0.46176580244847487,0.8549168972620891,0.5187649745074956,1,0,0,0,99,23
1701477960,12,2,5,526,017.5,0.0,079,0,0,0,0,0,1,0,-0.9765973517090915,-0.21507582996419908,-0.7794471854988634,0.6264679441263539,-0.4321643529223842,0.9017948614087224,0.22159099552021236,-0.9751396980455473,0.9937654899536277,0.11149058694448753,-0.6665243480382065,-0.7454832616982381,0.9342064176878251,-0.35673291010345676,-0.8236300474434674,-0.5671274503568591,0.8851913494710788,-0.46522712176051223,0.855928478834684,0.5170942265387846,1,0,0,0,99,22
1701478020,12,2,5,527,017.5,0.0,079,0,0,0,0,0,1,0,-0.708637871481491,0.7055723684372722,-0.3836845263772881,0.9234642300699232,-0.19562179061913934,0.9806794150154073,0.09828678696699936,-0.995158131910554,0.9987887994742818,0.049202988168636434,-0.6894914835700886,-0.7242937898976618,0.9285186562201273,-0.371285745822768,-0.8280355505118026,-0.5606755987989989,0.8833673071828612,-0.4686813422790591,0.8569367953002891,0.5154215060127686,1,0,0,0,99,19
1701478080,12,2,5,528,017.5,0.0,078,0,0,0,0,0,1,0,0.21083999973521134,0.9775205852112047,0.10601748626711377,0.9943642655514137,0.05308358714605824,0.9985900724399912,-0.026551154023966794,-0.99964745596635,0.9999118601072672,-0.013276747223059479,-0.711785342369123,-0.7023970575027135,0.9226042102393402,-0.3857479374522218,-0.8323905145579873,-0.5541895264924167,0.8815297857963782,-0.4721284112969602,0.8579418428124834,0.513746819310368,1,0,0,0,99,20
1701478140,12,2,5,529,017.5,0.0,078,0,0,0,0,0,1,0,0.9364725475338364,0.3507408840091023,0.5697627207842304,0.8218092491597738,0.29848848456869004,0.9544132357526728,-0.15097477313665228,-0.9885376158125377,0.9971302863248458,-0.07570463720097437,-0.7333841548605254,-0.6798144463009835,0.9164645236726252,-0.4001159542551487,-0.8366946737774624,-0.5476696293135358,0.8796788133499452,-0.4755682762161834,0.8589436175373164,0.5120701728200036,1,0,0,0,99,19
1701478200,12,2,5,530,017.5,0.0,078,0,0,0,0,0,1,0,0.8011165538942744,-0.5985083684265092,0.8940101700837942,0.44804666697426215,0.5253348137263215,0.8508956066916382,-0.2730424814093603,-0.9620019767889353,0.9904549401131116,-0.1378369021907137,-0.7542668301704357,-0.6565680078290772,0.9101010954364018,-0.41438628848631254,-0.8409477654665337,-0.5411163052032749,0.8778144180871248,-0.4790008845486223,0.8599421156533218,0.510391572937572,1,0,0,0,99,18
1701478260,12,2,5,531,017.5,0.0,078,0,0,0,0,0,1,0,-0.07078230485740782,-0.9974917870935445,0.9993727500521375,-0.03541336546034254,0.7195183685842713,0.6944734100524143,-0.3908494530810973,-0.9204546186674317,0.9799118885561681,-0.19943091702713533,-0.7744129767207983,-0.6326804418396639,0.9035154790704097,-0.42855545624827607,-0.8451495300384058,-0.5345299541427608,0.8759366284562944,-0.48242618391689684,0.8609373333515329,0.5087110260664217,1,0,0,0,99,15
1701478320,12,2,5,532,017.6,0.0,078,0,0,0,0,0,1,0,-0.8776042389525125,-0.47938585687583785,0.8600540264645697,-0.510202970945957,0.8689657562142357,0.4948722204034305,-0.5025573497604873,-0.8645438740756395,0.9655423020447212,-0.2602461584004272,-0.7938029221413925,-0.6081750741355538,0.8967092823584335,-0.44261999834194465,-0.8492997110390256,-0.5279109781289149,0.8740454731102137,-0.48584412205515315,0.8619292668354965,0.5070285386173281,1,0,0,0,99,13
1701478380,12,2,5,533,017.5,0.0,078,0,0,0,0,0,1,0,-0.8775608830339849,0.4794652193523661,0.5101640817656776,-0.8600770951933222,0.9643850618900425,0.2645022729644093,-0.6064230070815217,-0.795142211483081,0.9474022935065866,-0.32004514409448476,-0.8124177324795677,-0.5830758337924473,0.8896841669357861,-0.45657648111107996,-0.8533980551627359,-0.5212597811499177,0.8721409809055867,-0.48925464680986036,0.862917912321288,0.5053441170084696,1,0,0,0,99,23
1701478440,12,2,5,534,017.6,0.0,078,0,0,0,0,0,1,0,-0.07069209833337335,0.9974981840751515,0.035368177256176046,-0.9993743503000143,0.9998435753406666,0.01768685528840119,-0.7008256362004742,-0.713332620622526,0.9255626992869057,-0.3785943603498829,-0.8302392306889271,-0.5574072297925984,0.8824418478836433,-0.47042149728057797,-0.857444312267735,-0.5145767691605511,0.8702231809026209,-0.49265770614060683,0.8639032660375254,0.5036577676654025,1,0,0,0,99,21
1701478500,12,2,5,535,017.6,0.0,078,0,0,0,0,0,1,0,0.8011706755616272,0.5984359185578068,-0.448087090553942,-0.8939899100543045,0.973136657940267,-0.23022824538454828,-0.7842921156637201,-0.6203917127974276,0.9001088025337347,-0.43566517373010916,-0.8472500143789049,-0.5311943270922096,0.8749840933103326,-0.4841516667883063,-0.8614382353913443,-0.5078623500574214,0.8682921023645849,-0.4960532481208941,0.8648853242253837,0.5019694970210371,1,0,0,0,99,21
1701478560,12,2,5,536,017.6,0.0,078,0,0,0,0,0,1,0,0.9364408251331382,-0.35082557065294895,-0.8218350110128397,-0.5697255608391865,0.8859248164599484,-0.4638288688518717,-0.8555199789753223,-0.5177697997895051,0.8711400001691764,-0.4910347239302405,-0.8634334728079056,-0.504462722145928,0.8673127239196736,-0.4977636376102979,-0.8653795807650819,-0.5011169336540635,0.8663477747573614,-0.4994412209389292,0.8658640831386093,0.5002793115156127,1,0,0,0,99,16
1701478680,12,2,5,538,017.6,0.0,078,0,0,0,0,0,1,0,-0.708701675652129,-0.7055082812610101,-0.9234468802429867,0.3837262818331512,0.5551007648016929,-0.8317831092998796,-0.9570222331011646,-0.2900145605828441,0.8031234527091224,-0.5958126548744814,-0.8932560256932167,-0.44954829836488014,0.8513366837993298,-0.5246197201950761,-0.8731035792490706,-0.48753475763525,0.862419491209252,-0.5061942524193405,0.8678116882190918,0.4968932217190427,1,0,0,0,99,21
1701478740,12,2,5,539,017.6,0.0,078,0,0,0,0,0,1,0,-0.9765778977502884,0.21516414577161172,-0.6264326995888658,0.7794755114086689,0.3320575918356115,-0.943259113766909,-0.9857127151880788,-0.16843527871721392,0.7643413107758908,-0.6448118800405224,-0.9068659989327317,-0.4214191025330233,0.8430359133907117,-0.5378572754304699,-0.8768857609262651,-0.4806988270058135,0.8604355952091398,-0.5095592080387649,0.8687805269568273,0.4951973303448006,1,0,0,0,99,19
1701478860,12,2,5,541,017.5,0.0,078,0,0,0,0,0,1,0,0.6020480068859135,0.7984598909179464,0.3174429941596235,0.9482773568207633,-0.16081455652277984,-0.9869846393994092,-0.9967408488166343,0.08067019462165342,0.677985916291167,-0.7350748923142639,-0.9314169024433323,-0.36395405457676666,0.8258190039520665,-0.5639352557799668,-0.8842893349407667,-0.46693936663127533,0.8564284461153995,-0.5162657423114207,0.8707082583481739,0.491799886990928,1,0,0,0,99,19
1701478980,12,2,5,543,017.5,0.0,079,0,0,0,0,0,1,0,0.47549715072011806,-0.8797172612021713,0.9694630630411277,0.24523737357693737,-0.6143136928406621,-0.7890619030142494,-0.9457964641016188,0.32475998597868444,0.5810507783409793,-0.8138673067456035,-0.9523306428823981,-0.30506777382607664,0.8077956962704359,-0.5894625629223299,-0.8914770223966318,-0.4530659097072247,0.8523690250435033,-0.5229407663840979,0.8726227038027654,0.4883949393758611,1,0,0,0,99,20
1701479040,12,2,5,544,017.5,0.0,079,0,0,0,0,0,1,0,-0.48334434316848646,-0.8754303204293443,0.9683569384347241,-0.24956930858045798,-0.7904332067228887,-0.6125482394960996,-0.8979276806892913,0.4401430224960407,0.5290826861200238,-0.8485702747846052,-0.9613974918795568,-0.27516333805159693,0.7984871126234903,-0.6020119026848236,-0.8949893582285835,-0.4460874899137928,0.850319789818452,-0.5262663347043051,0.8735749351670712,0.4866896677019633,1,0,0,0,99,20
1701479100,12,2,5,545,017.4,0.0,079,0,0,0,0,0,1,0,-0.9978012770046274,-0.06627678030754695,0.7301632626705986,-0.683272719963432,-0.9174074122121076,-0.39794929327526646,-0.8360470361394945,0.5486577743569909,0.4750485373322441,-0.8799595940601451,-0.9695255525410729,-0.24499020994710669,0.7889835897999105,-0.6144142698753396,-0.8984470685230543,-0.43908184323919636,0.8482575797595906,-0.5295838728477311,0.8745238341085196,0.48498253945491115,1,0,0,0,99,24
1701479160,12,2,5,546,017.4,0.0,079,0,0,0,0,0,1,0,-0.5948843183590627,0.8038113259779768,0.3132001548706699,-0.9496871395301657,-0.9873416682005692,-0.15860778743465642,-0.7611201572139107,0.6486109051524434,0.4191593341723149,-0.9079126899521901,-0.9767068879536455,-0.2145778530601538,0.7792874479484941,-0.6266666366338032,-0.9018499422392295,-0.4320493972719999,0.8461824263337073,-0.5328933301928258,0.8754693970073499,0.4832735611468799,1,0,0,0,99,27
1701479280,12,2,5,548,017.4,0.0,079,0,0,0,0,0,1,0,0.9784627975617406,0.20642323945634647,-0.6299114066849614,-0.7766669941024745,-0.9425144545582509,0.33416538263076073,-0.5769898687885426,0.8167513032223337,0.30269514100631545,-0.953087431252331,-0.9882022645319962,-0.1531544461445194,0.7593268223052967,-0.6507094412468135,-0.9084903525208217,-0.4179058259663213,0.8419934162350443,-0.5394878006191052,0.8773505002617554,0.4798500804318443,1,0,0,0,99,28
1701479340,12,2,5,549,017.4,0.0,080,0,0,0,0,0,1,0,0.7023648723213674,-0.7118171015991323,-0.925153258006243,-0.37959379499727586,-0.8305401239546696,0.5569587978489631,-0.47065975085566697,0.8823147958209029,0.2425749411822016,-0.9701326702623984,-0.9925050806576252,-0.12220337503031901,0.7490672116139909,-0.6624940093954363,-0.9117274837898209,-0.41079556387853294,0.8398796234814049,-0.5427727130767847,0.8782860334414936,0.4781355910843782,1,0,0,0,99,24
1701479460,12,2,5,551,017.4,0.0,080,0,0,0,0,0,1,0,-0.9395403785729803,-0.3424381360639331,-0.8192796030855196,0.5733942203824812,-0.4618472580937981,0.8869594749430442,-0.2377399052083556,0.9713288513534034,0.1197312587560086,-0.9928063384551399,-0.9981999645499743,-0.05997358395518874,0.7280019175645037,-0.6855750929128083,-0.9180346107072457,-0.39650025667532157,0.8356136238344016,-0.5493176418633751,0.8801470450621802,0.47470114711080325,1,0,0,0,99,18
1701479520,12,2,5,552,017.4,0.0,080,0,0,0,0,0,1,0,-0.7957875885887045,0.6055758530920589,-0.4440856600409099,0.8959843338731037,-0.2280522595008612,0.9736488930495181,-0.11478481378318722,0.9933903797222716,0.057487478104924564,-0.9983462274487422,-0.9995864713592172,-0.028755630329187164,0.7172013769957456,-0.6968659733660458,-0.9211042214011522,-0.38931608407176954,0.8334614820349437,-0.5525775583247253,0.8810725164039352,0.4729812055860543,1,0,0,0,99,15
1701479580,12,2,5,553,017.4,0.0,080,0,0,0,0,0,1,0,0.07960864038153331,0.9968261956713436,0.03983594061056201,0.9992062338855137,0.01992192403467051,0.9998015387779501,0.009961456270293016,0.9999503834635872,-0.004980789917915772,-0.9999875957889646,-0.9999968989424328,0.002490402681839968,0.7062257419969057,-0.7079867239863471,-0.9241176126409308,-0.3821081496210549,0.831296622638711,-0.5558290431323939,0.8819946267218395,0.4712594597817672,1,0,0,0,99,16
1701479640,12,2,5,554,017.4,0.0,080,0,0,0,0,0,1,0,0.8818130525190443,0.47159913104992585,0.5140043136735694,0.8577875993070563,0.2666574588239974,0.9637913672852274,0.13455228113037063,0.9909064959130168,-0.06742960806271654,-0.9977240339675638,-0.9994308465240513,0.033734003856911096,0.6950776921118563,-0.7189346298019421,-0.9270746005047118,-0.3748768932583455,0.8291190786787943,-0.5590720466727229,0.8829133724983225,0.46953591626587904,1,0,0,0,99,18
1701479700,12,2,5,555,017.4,0.0,080,0,0,0,0,0,1,0,0.873282610859792,-0.4872139997679717,0.8623265042221454,0.5063526440298443,0.4968135243580612,0.8678573166223363,0.2570434626455842,0.9663998439109809,-0.1296151150310394,-0.9915643811450119,-0.9978888668446532,0.06494466434969119,0.6837599489770912,-0.729707018038641,-0.9299750045131969,-0.3676227563422584,0.8269288833818355,-0.5623065194614685,0.8838287502286483,0.4678105816131843,1,0,0,0,99,18
1701479760,12,2,5,556,017.4,0.0,080,0,0,0,0,0,1,0,0.061860164125145584,-0.9980848261016746,0.99952109184891,0.030944901828293042,0.6960801312247417,0.717964101410472,0.375523566896625,0.926812845565509,-0.1912944777489552,-0.9815326906337631,-0.9953724656212274,0.09609190747986249,0.6722752756572777,-0.7403012587723536,-0.9328186476406745,-0.3603461816279218,0.8247260701675199,-0.5655324121445553,0.884740756420929,0.4660834624053104,1,0,0,0,99,19
1701479880,12,2,5,558,017.3,0.0,080,0,0,0,0,0,1,0,-0.9332988757369771,0.35910055492590737,0.5660827877060443,-0.8243483956816764,0.9550781108583937,0.2963541836370153,0.5931466160920859,0.8050944614258054,-0.3121742610900157,-0.9500248579447291,-0.9874271765413207,0.1580745742604909,0.6488163938047147,-0.7609449961266882,-0.9383349604823131,-0.3457274966453434,0.8202827246277175,-0.571958260432812,0.8865546402881246,0.4626238966845466,1,0,0,0,99,16
1701479940,12,2,5,559,017.3,0.0,081,0,0,0,0,0,1,0,-0.20209083702626568,0.9793667819514931,0.1015707094799159,-0.9948283223630832,0.9987062436880735,0.050851143728124895,0.6888936261397238,0.7248624503063064,-0.37090264874606493,-0.9286717531793207,-0.9820060471247926,0.1888494728886995,0.6368479124215218,-0.7709894528749078,-0.9410072935091703,-0.33838627862628545,0.8180422601022167,-0.5751581179874429,0.8874565110436237,0.46089146336884845,1,0,0,0,99,17
1701480060,12,2,5,561,017.3,0.0,081,0,0,0,0,0,1,0,0.9746351572706857,-0.22379971003543722,-0.7822402795929897,-0.6229768414494085,0.9008265208821864,-0.4341792017995516,0.8468114317247825,0.5318932215212224,-0.4837906460850486,-0.8751837582820029,-0.9682932815738222,0.24981617413409918,0.6124474776933533,-0.7905112820618372,-0.9461794972577448,-0.32364233185583335,0.8135239184731551,-0.5815314557890083,0.8892500929966238,0.457421328870327,1,0,0,0,99,19
1701480120,12,2,5,562,017.3,0.0,081,0,0,0,0,0,1,0,0.33827666045026744,-0.9410467050017307,-0.9851514363288851,-0.17168764515577298,0.7654043523379563,-0.6435496697397284,0.9065179727230256,0.4221672241305995,-0.5375094305542,-0.8432577376255137,-0.9600150357222312,0.27994844380214573,0.6000214813645651,-0.7999838885259333,-0.9486790522948035,-0.31624050299895706,0.8112461103139285,-0.5847048387866493,0.8901417973521548,0.4556836409250121,1,0,0,0,99,22
1701480180,12,2,5,563,017.3,0.0,081,0,0,0,0,0,1,0,-0.6090918379453792,-0.7930996992486631,-0.9468631630939771,0.32163667448795147,0.5823930483410875,-0.8129073361976602,0.9520786039497107,0.30585344840490175,-0.5891292521998455,-0.8080388135494797,-0.9507993514799744,0.3098073485656209,0.5874489983966179,-0.8092611903970253,-0.9511207048521826,-0.30881937245174135,0.8089559235371669,-0.5878692999078361,0.8910301060872848,0.4539442146851108,1,0,0,0,99,25
1701480300,12,2,5,565,017.3,0.0,081,0,0,0,0,0,1,0,-0.46769187421537717,0.8838915718530796,-0.24094442112956296,0.9705389152046093,0.12136944589844409,-0.9926074035600907,0.9981501398988257,0.060797189243867816,-0.6852746933734428,-0.7282846933870942,-0.9295925702658919,0.36858873193093256,0.561876885122118,-0.8272208689131738,-0.9558297099675166,-0.2939210192269568,0.8043385541011188,-0.5941712635145877,0.892796523154797,0.45046017386968423,1,0,0,0,99,28
1701480360,12,2,5,566,017.3,0.0,081,0,0,0,0,0,1,0,0.4910741133562503,0.8711177963922977,0.253852519790234,0.9672429364932829,-0.12797863787897792,-0.9917769246391254,0.9979421137117938,-0.06412127322844811,-0.7294248670111433,-0.6840609354332229,-0.9176221813560369,0.3974538115094489,0.5488834978802656,-0.8358988609602985,-0.9580967751120705,-0.2864447058680798,0.8020114418972087,-0.5973086698399414,0.8936746247488349,0.4487155725847157,1,0,0,0,99,28
1701480420,12,2,5,567,017.3,0.0,081,0,0,0,0,0,1,0,0.9983488258124457,0.05744233629398255,0.6864975104492431,0.7271321531516752,-0.3693696298075444,-0.9292825601375706,0.9821615346106695,-0.1880391446779491,-0.770726652153002,-0.6371659341655245,-0.9047557499583864,0.4259307841859259,0.5357561086045003,-0.8443727802889923,-0.9603053629676844,-0.2789509094007471,0.7996720919854422,-0.6004369619698862,0.894549317245809,0.44696925958622363,1,0,0,0,99,27
1701480480,12,2,5,568,017.3,0.0,081,0,0,0,0,0,1,0,0.587746231938178,-0.8090453428841139,0.9510639681125854,0.3089940590981371,-0.5877950071674065,-0.8090099069535975,0.9510546532543747,-0.3090227281660707,-0.8090187662119065,-0.587782813560387,-0.8910058399248534,0.45399184267980686,0.5224979221586403,-0.8526405581133842,-0.9624553387335394,-0.27144008720767066,0.7973205400614205,-0.6035560921705327,0.8954205973090336,0.4452212415358611,1,0,0,0,99,28
1701480540,12,2,5,569,017.3,0.0,081,0,0,0,0,0,1,0,-0.36322753704942956,-0.9317004649183155,0.9827767968664898,-0.18479655716717844,-0.7696741379204508,-0.6384369361310566,0.9051068821225083,-0.42518411533648776,-0.8441516793019155,-0.5361044136469649,-0.8763858778092459,0.4816095858436764,0.5091121753387575,-0.8607001759740951,-0.964546571186196,-0.2639126977107249,0.794956822006933,-0.6066660128477922,0.8962884616148398,0.4434715251017859,1,0,0,0,99,28
1701480660,12,2,5,571,017.3,0.0,082,0,0,0,0,0,1,0,-0.6960368448325855,0.718006065876535,0.3754956285520944,-0.9268241650595153,-0.9815355737464423,-0.1912796838930951,0.7717770675179119,-0.6358931970491998,-0.9044040018291604,-0.4266771630582074,-0.8445937375620919,0.535407712375248,0.481971102673569,-0.8761871125436759,-0.9685522991928923,-0.24881005552059607,0.790193031961367,-0.6128580359591461,0.8980139297246859,0.4399670237874959,1,0,0,0,99,26
1701480720,12,2,5,572,017.3,0.0,082,0,0,0,0,0,1,0,0.22811095911894086,0.9736351423042602,-0.11481475884166603,-0.9933869191569467,-0.9983453608739179,0.05750252534912421,0.6864755912087755,-0.7271528468448447,-0.9292881272363391,-0.36935562345465606,-0.8274526039159754,0.5615355627853609,0.4682224029318968,-0.8836106503390961,-0.9704665502579407,-0.24123572461485038,0.7877930326598638,-0.6159400439105862,0.8988715269465893,0.43821225227588845,1,0,0,0,99,27
1701480780,12,2,5,573,017.3,0.0,082,0,0,0,0,0,1,0,0.9425345992440989,0.3341085590459571,-0.5770144889662836,-0.8167339098647604,-0.9530828688694285,0.3027095060740904,0.5904618928965313,-0.8070655196680411,-0.9505434023936101,-0.31059175804579786,-0.8095034768442313,0.5871150832478255,0.4543593934058008,-0.8908184672669919,-0.9723215690467305,-0.233646669923849,0.7853810126059354,-0.619012653374772,0.8997256952468269,0.4364558091177319,1,0,0,0,99,20
1701480840,12,2,5,574,017.3,0.0,082,0,0,0,0,0,1,0,0.7903962755452384,-0.6125958925786359,-0.8979409481081247,-0.4401159548467677,-0.8485623002604958,0.529095475861036,0.48523423423072903,-0.8743842049868684,-0.9680868259063513,-0.2506150384684961,-0.7907638833648436,0.6121212957950017,0.4403854585502332,-0.8978088036422348,-0.9741172423384761,-0.22604335464437486,0.7829570086040404,-0.6220758174674632,0.9005764313670059,0.43469770101332306,1,0,0,0,99,19
1701480900,12,2,5,575,017.3,0.0,082,0,0,0,0,0,1,0,-0.08842873879073523,-0.9960825056971334,-0.999020146367713,0.044257735498252376,-0.6912822377660761,0.7225848515912344,0.37243465763054706,-0.9280584172322436,-0.9818498910811784,-0.1896596725291863,-0.771252122372829,0.6365297822846995,0.42630400990097467,-0.9045799528744541,-0.9758534605345349,-0.21842624284360365,0.7805210576414975,-0.6251294894485447,0.9014237320618269,0.4329379346693099,1,0,0,0,99,19
1701480960,12,2,5,576,017.3,0.0,082,0,0,0,0,0,1,0,-0.8859527784925297,-0.4637754567475154,-0.8555043707508208,0.5177955886508133,-0.49102159389846933,0.8711474010323434,0.25382336276203626,-0.9672505882738824,-0.9917788534431158,-0.12796368962740468,-0.7509872467716762,0.6603167082440802,0.4121184852417566,-0.9111302618846769,-0.977530117665097,-0.2107957994307797,0.7780731968879212,-0.6281736227227391,0.9022675940990952,0.4311765167986662,1,0,0,0,99,20
1701481020,12,2,5,577,017.3,0.0,081,0,0,0,0,0,1,0,-0.8689359194288628,0.4949246083256689,-0.5025312884161199,0.8645590229491764,-0.2602316055466972,0.96554622441113,0.1312512392110452,-0.9913491373908412,-0.9978349406066219,-0.06576801125607637,-0.7299890448685091,0.6834588461436152,0.3978323477649755,-0.917458131508903,-0.9791471113956531,-0.20315249012884015,0.7756134636946551,-0.6312081708403179,0.9031080142597334,0.42941345412066567,1,0,0,0,99,21
1701481080,12,2,5,578,017.3,0.0,082,0,0,0,0,0,1,0,-0.053023383345603574,0.998593270966005,-0.026521020285755953,0.9996482558795381,-0.013261676373330016,0.9999120601031718,0.006630983970279104,-0.9999780147841181,-0.9999945036809248,-0.0033155102082415536,-0.7082780210511411,0.705933598078374,0.38344908522620447,-0.9235620168885179,-0.9807043430332401,-0.1954967814459897,0.7731418955942013,-0.6342330874978104,0.9039449893377943,0.42764875336085667,1,0,0,0,99,19
1701481140,12,2,5,579,017.3,0.0,081,0,0,0,0,0,1,0,0.811638606855743,0.5841598855290122,0.45598251856347943,0.8899887318188394,0.23453279960504517,0.972108206893358,-0.1180927455575532,-0.9930025697079937,-0.9982491096184343,0.05914993783600386,-0.685875375765888,0.7277190178344949,0.36897220909270734,-0.9294404278474482,-0.982201717532465,-0.1878291406472274,0.7706585302996481,-0.63724832653871,0.9047785161404723,0.42588242125103615,1,0,0,0,99,19
1701481260,12,2,5,581,017.4,0.0,081,0,0,0,0,0,1,0,0.19341424210376837,-0.9811171851269475,0.9952681008469395,0.09716690504758436,0.6718753957961311,0.7406641968691292,-0.3600942953803009,-0.9329159117704899,-0.9830859351477087,0.18314487193136209,-0.6390833779987701,0.7691374623340622,0.33975177531981915,-0.9405151413810577,-0.9850165332066914,-0.17245993537477364,0.7656565598800724,-0.6432495878837492,0.9064352122142402,0.42234488993963853,1,0,0,0,99,20
1701481320,12,2,5,582,017.5,0.0,081,0,0,0,0,0,1,0,-0.7210794829843191,-0.6928523502298791,0.9200142254959646,-0.3918849638415085,0.8342316716121213,0.5514141076171752,-0.47359576242974594,-0.8807423311097222,-0.9697273666112869,0.2441901604183487,-0.6147397171086522,0.7887300426693371,0.3250153514302539,-0.9457087402232617,-0.9863338025798521,-0.16475930895815624,0.7631380310789642,-0.6462355186160244,0.907258375165538,0.42057370423266816,1,0,0,0,99,20
1701481380,12,2,5,583,017.5,0.0,080,0,0,0,0,0,1,0,-0.9726160568450356,0.23241774021622025,0.6195087811257318,-0.7849897261162786,0.9447194626227086,0.32787975988441354,-0.579706926004678,-0.8148250609438855,-0.9525820334606059,0.3042818915546195,-0.5897957733170781,0.8075524415029093,0.31019957970401146,-0.9506714578399073,-0.9875908712214556,-0.15704862648252085,0.760607857730421,-0.6492115885893748,0.9080780772018932,0.41880091416484827,1,0,0,0,99,21
1701481500,12,2,5,585,017.6,0.0,080,0,0,0,0,0,1,0,0.616087948358266,0.7876773704301162,-0.32582405495135236,-0.9454304232544339,0.9862632567561346,-0.16518107752640138,-0.7632761877349513,-0.6460723343688377,-0.9072134077406588,0.4206706940298802,-0.5382050287623295,0.8428139456694699,0.2803444794627942,-0.95989945975333,-0.9899241030890525,-0.1415989764205058,0.7555127319974514,-0.6551339647657929,0.9097070860353328,0.4152505480033754,1,0,0,0,99,22
1701481560,12,2,5,586,017.6,0.0,080,0,0,0,0,0,1,0,0.9956813917222668,-0.09283623310976193,-0.739200998751274,-0.6734848798934681,0.9147362679738538,-0.40405143243560715,-0.8378697489573207,-0.5458702078170199,-0.8791672786839316,0.4765132695859477,-0.5116086054857034,0.859218618742037,0.2653124396423611,-0.9641624911657881,-0.9910001239065988,-0.13386095180113555,0.752947857358375,-0.6580801806006866,0.9105163866182439,0.4134729854532902,1,0,0,0,99,22
1701481620,12,2,5,587,017.6,0.0,080,0,0,0,0,0,1,0,0.4598499553568124,-0.8879966320647492,-0.9715957575207781,-0.2366467493282453,0.7863354085020734,-0.6177998262672768,-0.8993886329800029,-0.4371499592432345,-0.8476880202182978,0.5304950710217605,-0.48451260508795824,0.8747842794145767,0.2502156275949039,-0.9681901361340594,-0.9920156591843848,-0.12611475699921215,0.7503714936613771,-0.6610163549416868,0.9113222138578887,0.4116938456294394,1,0,0,0,99,20
1701481680,12,2,5,588,017.6,0.0,079,0,0,0,0,0,1,0,-0.49876540925697305,-0.8667370227056902,-0.9661099892625297,0.2581307588164473,0.6090440218832924,-0.7931364191664784,-0.9468728581933475,-0.32160813176404734,-0.8128985581744033,0.582405300557933,-0.4569434863536556,0.889495728083596,0.23505772899056523,-0.9719814113663893,-0.9929706469393719,-0.11836086480254095,0.7477836802185981,-0.6639424429863854,0.9121245646802812,0.4099131353187006,1,0,0,0,99,19
1701481740,12,2,5,589,017.6,0.0,080,0,0,0,0,0,1,0,-0.9988181567744302,-0.04860339183359195,-0.7240868013690044,0.6897088545779327,0.39388522784059016,-0.9191596310157264,-0.9795814491444105,-0.20104771695330634,-0.7749347446570279,0.6320412498590158,-0.42892817005938433,0.9033385992691267,0.21984244441289458,-0.9755353912773044,-0.9938650288840292,-0.11059974846873663,0.745184456516887,-0.666858400086279,0.9129234360246973,0.40813086131394244,1,0,0,0,99,17
1701481800,12,2,5,590,017.5,0.0,079,0,0,0,0,0,1,0,-0.5805620972394064,0.8142159733442853,-0.30478191109030295,0.9524221683015063,0.15423655808285816,-0.988033948885742,-0.9970039992110719,-0.07735001976165862,-0.7339448275455243,0.6792090916052071,-0.40049401268607804,0.9162993756423735,0.2045734884554038,-0.9788512082135807,-0.9946987504298929,-0.1028318816963379,0.7425738622171999,-0.6697641817474499,0.9137188248436852,0.40634703041399856,1,0,0,0,99,15
1701481920,12,2,5,592,017.6,0.0,080,0,0,0,0,0,1,0,0.9819635696276799,0.18907021955893671,0.6367612505645516,0.7710610285700272,-0.3383333943242765,-0.9410263090291437,-0.9851462604682474,0.17171734183077755,-0.6435381333569995,0.7654140519453434,-0.34248061846961253,0.939524893748256,0.17388948538043356,-0.9847651734673236,-0.9961840124864793,-0.08727779366103493,0.737318721334619,-0.6755450415549525,0.9152991427820066,0.40277472515355744,1,0,0,0,99,11
1701481980,12,2,5,593,017.6,0.0,080,0,0,0,0,0,1,0,0.6896542847984488,-0.7241387763813923,0.9284769185018528,0.37139010731211436,-0.5606290630567977,-0.8280670586710095,-0.9560510077059198,0.2932003933566516,-0.5944743924860635,0.8041145420139632,-0.31295803072140266,0.9497669561566046,0.15848192932223448,-0.9873618779749916,-0.9968354623444613,-0.0794925217394956,0.7346742549387094,-0.6784200314924761,0.9160840658729078,0.400986264420319,1,0,0,0,99,13
1701482100,12,2,5,595,017.6,0.0,080,0,0,0,0,0,1,0,-0.9454549749583542,-0.3257528055543003,0.8141722193597312,-0.5806234556258039,-0.8889947850313308,-0.4579173202523552,-0.853790758983826,0.5206163077294279,-0.4895833393154694,0.8719565091589797,-0.2530251873243257,0.9674596914494629,0.12755451491526504,-0.9918315611658722,-0.9979558009165216,-0.06390789792399577,0.7293517319935546,-0.6841389120916908,0.9176434253269868,0.39740476085995075,1,0,0,0,99,16
1701482160,12,2,5,596,017.5,0.0,079,0,0,0,0,0,1,0,-0.7849430371582153,0.6195679368857272,0.43613762914604876,-0.8998799744648526,-0.9746486480944947,-0.22374095013558368,-0.7822215000035424,0.6230004212937645,-0.4341656243337532,0.9008330648055067,-0.22267345507995925,0.9748930876782097,0.11204220705116075,-0.9937034486400381,-0.998424621250908,-0.05610949723514686,0.7266737566594609,-0.6869827154903001,0.9184178557416826,0.3956117316951685,1,0,0,0,99,18
1701482220,12,2,5,597,017.6,0.0,080,0,0,0,0,0,1,0,0.09724190905490493,0.9952607754369492,-0.04867866351416559,-0.998814491143613,-0.9997035788531551,0.024346548588937242,-0.6984459361364568,0.715662821651697,-0.37705250188024414,0.9261918866119744,-0.19210428598553647,0.9813745173510403,0.09650254568911575,-0.9953327376689265,-0.9988325028924836,-0.048307671911785734,0.7239846931778965,-0.6898160363778933,0.9191887826714089,0.39381719339187476,1,0,0,0,99,16
1701482280,12,2,5,598,017.6,0.0,080,0,0,0,0,0,1,0,0.8900230925369855,0.45591544693166575,-0.5215767216183704,-0.8532043855172293,-0.9626017830643233,0.2709202968427898,-0.6037713570372523,0.7971575430373816,-0.3184669974758911,0.9479339489219124,-0.16134753031591095,0.9868976514618708,0.08093932461458155,-0.9967190304849884,-0.9991794209462554,-0.04050289813711804,0.7212845825806614,-0.6926388315214799,0.9199562031753141,0.3920211527956879,1,0,0,0,99,16
1701482340,12,2,5,599,017.6,0.0,079,0,0,0,0,0,1,0,0.864521149292347,-0.5025964409207844,-0.866774607646297,-0.4987000897730096,-0.8656500706905215,0.5006495332200912,-0.4996751278480393,0.8662128875802101,-0.2586378862616515,0.9659743494472848,-0.13043322152104356,0.9914570967639711,0.06535634336477557,-0.9978619886447151,-0.9994653542381334,-0.0326956522743077,0.7185734660681216,-0.6954510578486787,0.9207201143259223,0.39022361675795675,1,0,0,0,99,28
1701482460,12,2,5,601,017.7,0.0,079,0,0,0,0,0,1,0,-0.816777391867125,-0.576952937538875,-0.8879619748443272,0.4599168742616023,-0.519655234621185,0.8543760513560765,-0.26983694024718285,0.9629060315929266,-0.13618731293162617,0.9906831056379549,-0.06825281811780774,0.9976680574314172,0.034146321680254645,-0.9994168443225823,-0.9998542004518914,-0.017075650462248376,0.7131183809376422,-0.7010436325713798,0.9222373969242897,0.38662408579175467,1,0,0,0,99,19
1701482520,12,2,5,602,017.7,0.0,079,0,0,0,0,0,1,0,-0.9267958647454188,0.3755654737736039,-0.5587640495890891,0.8293266768209027,-0.29212439403368673,0.9563803314636136,-0.1476815298816789,0.9890349668903556,-0.07404401768422757,0.9972549741391004,-0.0370474416181442,0.9993135078990728,0.01852690072471944,-0.9998283622450087,-0.9999570896406027,-0.00926384787740154,0.7103744955575902,-0.7038238956310728,0.9229907625840772,0.38482210459440036,1,0,0,0,99,15
1701482580,12,2,5,603,017.8,0.0,079,0,0,0,0,0,1,0,-0.18472249371488758,0.9827907205075521,-0.09276119741693704,0.9956883851154316,-0.046430673506683055,0.9989215147136015,-0.02322159863573769,0.9997303423207684,-0.011611582132328728,0.9999325833076869,-0.0058058889204457365,0.9999831456848878,0.0029029566920853495,-0.9999957864123448,-0.9999989466025314,-0.001451479875027901,0.7076197707367382,-0.7065934192040612,0.9237406073146458,0.38301865541768254,1,0,0,0,99,12
1701482640,12,2,5,604,017.8,0.0,079,0,0,0,0,0,1,0,0.7271838861456853,0.6864427111784778,0.39595283104274065,0.9182708508872743,0.20214988141565363,0.9793545963764285,0.1016006978902495,0.9948252601277343,0.050866196399306694,0.9987054771372125,0.025441333129256026,0.9996763168989281,-0.012721696055790868,-0.9999190759503811,-0.9999797687829443,0.006360976718196107,0.7048542485087977,-0.7093521610308227,0.9244869282555656,0.3812137451412117,1,0,0,0,99,12
1701482700,12,2,5,605,017.8,0.0,079,0,0,0,0,0,1,0,0.9705207546642247,-0.24101756111533412,0.7877237971254055,0.6160285865463817,0.4381617358086043,0.8988961526634714,0.22483754950689241,0.9743962624783286,0.11314534352254951,0.9935784474510124,0.056663712148903436,0.9983933211542965,-0.0283432429840298,-0.9995982495868769,-0.9998995573523565,0.01417304507018692,0.7020779710722354,-0.7121000790163511,0.9252297225598493,0.37940738065017193,1,0,0,0,99,13
1701482760,12,2,5,606,017.8,0.0,079,0,0,0,0,0,1,0,0.3215653171302501,-0.9468873992291383,0.9866325048439105,0.1629610394708834,0.6469308156708554,0.7625486999106625,0.3445658863623454,0.9387621370482149,0.17498266050066957,0.984571515190292,0.08783076001523608,0.9961354112745646,-0.043957870315993346,-0.9990333856469874,-0.9997583172064605,0.02198424837255722,0.699290980789629,-0.7148371312307991,0.925968987393962,0.3775995688352947,1,0,0,0,99,11
1701482820,12,2,5,607,017.8,0.0,079,0,0,0,0,0,1,0,-0.6230357899988372,-0.7821933292866443,0.9439791653650637,-0.33000505353202975,0.8154768707731783,0.5787896623420162,0.458917387804158,0.8884789424465883,0.23613667393419815,0.9717198522327791,0.11891204263492582,0.9929047920704127,-0.059561765964363605,-0.9982246220341424,-0.9995560569658268,0.029794109869717856,0.6964933201870217,-0.7175632759101171,0.9267047199378335,0.3757903165928327,1,0,0,0,99,8
1701482880,12,2,5,608,017.8,0.0,079,0,0,0,0,0,1,0,-0.9948206650797496,0.10164568033263627,0.6702068037805061,-0.7421744001016999,0.933320523748862,0.35904428689111606,0.5661076368981803,0.8243313311075577,0.2963685787093853,0.9550736440472949,0.14987720966295234,0.9887046181866692,-0.0751511204618093,-0.9971721561963784,-0.999292788975378,0.03760215288797655,0.6936850319532718,-0.7202784714566918,0.9274369173848677,0.37397963082453317,1,0,0,0,99,7
1701482940,12,2,5,609,017.9,0.0,079,0,0,0,0,0,1,0,-0.451972008536893,0.8920321202171627,0.23234444235104618,-0.9726335692893708,0.9931348270223361,0.11697527668406932,0.6644639656580071,0.7473203050513445,0.3554431705270587,0.9346978937205712,0.1806960241392001,0.9835389910218535,-0.09072212789101262,-0.9958762450781355,-0.9989685293036351,0.04540790086463162,0.6908661589394028,-0.7229826764399793,0.9281655769419537,0.3721675184376121,1,0,0,0,99,8
1701483000,12,2,5,610,017.8,0.0,079,0,0,0,0,0,1,0,0.506417628279074,0.862288342590921,-0.2624039418616639,-0.9649581189333869,0.991200816921926,-0.13236668966664739,0.7524515564694672,0.6586475955825515,0.41312976437037824,0.910672168121589,0.21133839201433674,0.9774129547232299,-0.10627098681382932,-0.9943372050575272,-0.9985832977417375,0.05321087737705887,0.6880367441579487,-0.7256758495971389,0.9288906958294767,0.3703539863447274,1,0,0,0,99,11
1701483060,12,2,5,611,017.8,0.0,079,0,0,0,0,0,1,0,0.9992092331198094,0.03976063943301937,-0.6929066894492291,-0.7210272669715825,0.9276387408284494,-0.3734787363615347,0.8286973924061589,0.5596969106750838,0.46920309532489035,0.883090287194657,0.24177439153614155,0.9703324912612833,-0.12179390119935532,-0.9925554118691015,-0.998137117802234,0.06101060617179,0.6851968307822979,-0.7283579498336618,0.9296122712813288,0.3685390414639528,1,0,0,0,99,12
1701483120,12,2,5,612,017.8,0.0,079,0,0,0,0,0,1,0,0.5733324771196631,-0.8193228122540169,-0.9537617134939987,-0.3005637933500832,0.8064005807754863,-0.5913696841443247,0.8920116826993705,0.45201234267200896,0.523444198233198,0.8520599575945371,0.2719743024675887,0.9623045145884273,-0.13728708135067327,-0.9905313005121108,-0.9976300167176484,0.06880661119358068,0.6823464621460344,-0.7310289362239981,0.9303303005449188,0.3667226907187513,1,0,0,0,99,14
1701483180,12,2,5,613,017.7,0.0,079,0,0,0,0,0,1,0,-0.37966351428611655,-0.9251246488554479,-0.9811026064728011,0.19348817941227325,0.6350243383476443,-0.7724921292195388,0.9414064290250888,0.33727427324097903,0.5756412627492147,0.8177023520942627,0.3019086351081543,0.9533368638876456,-0.15274674483005257,-0.9882653651443133,-0.9970620254388173,0.07659841661446647,0.6794856817422769,-0.7336887680121819,0.9310447808811835,0.364904941037949,1,0,0,0,99,19
1701483240,12,2,5,614,017.7,0.0,078,0,0,0,0,0,1,0,-0.9835986215652434,-0.1803711497300862,-0.7682353642374472,0.6401674977183369,0.42416535825174545,-0.9055847552047066,0.9761108428874015,0.21727315158032454,0.6255904604530329,0.7801516364080526,0.3315481590900087,0.9434382959176643,-0.16816911738237747,-0.9857581589613307,-0.9964331786330006,0.08438554686280492,0.6766145332230143,-0.7363374046124525,0.9317557095645973,0.36308579935570845,1,0,0,0,99,17
1701483300,12,2,5,615,017.7,0.0,079,0,0,0,0,0,1,0,-0.683217692274733,0.7302147526329418,-0.3672773116917639,0.9301114859609416,0.18693383059127952,-0.9823725072397287,0.995583373515179,0.09388155505814576,0.6730967407965419,0.7395544452770687,0.3608639319209744,0.9326184764621246,-0.1835504338565772,-0.9830102940615943,-0.9957435146817665,0.09216752665230203,0.6737330603984407,-0.7389748056098739,0.9324630838831836,0.3612652726115022,1,0,0,0,99,16
1701483360,12,2,5,616,017.7,0.0,079,0,0,0,0,0,1,0,0.24531043247334874,0.9694445789831095,0.12360303600011291,0.9923317436681922,-0.06192033725605731,-0.9980810948185003,0.9995201585807313,-0.03097503173121646,0.7179745927716441,0.6960693098638897,0.3898273272463786,0.9208879708911095,-0.1988869391248336,-0.9800224412969096,-0.9949930756786476,0.09994388101102124,0.6708413072362862,-0.7416009307609522,0.9331669011385242,0.35944336775008645,1,0,0,0,99,16
1701483420,12,2,5,617,017.7,0.0,079,0,0,0,0,0,1,0,0.9483012769124547,0.3173715302389422,0.584221049672578,0.811594581746004,-0.3069245984390922,-0.9517338340486808,0.9878597658698022,-0.15534826351028058,0.7600487693267718,0.6498660386917136,0.4184100628022027,0.9082582338442392,-0.2141748889993418,-0.9767953301086771,-0.9941819074265729,0.10771413531037331,0.6679393178611462,-0.7442157399942483,0.9338671586457702,0.35762009172147446,1,0,0,0,99,16
1701483480,12,2,5,618,017.7,0.0,079,0,0,0,0,0,1,0,0.7794283006736524,-0.6264914397731085,0.9018013749637745,0.43215076086181514,-0.5328457746563188,-0.8462123731256284,0.9607841519107266,-0.27729733759483854,0.7991549717028728,0.6011250545457083,0.4465842280322334,0.8947415980454101,-0.2294105511463999,-0.9733297483498103,-0.9933100594350714,0.11547781529408518,0.6650271365538082,-0.7468191934109906,0.9345638537336522,0.3557954514809102,1,0,0,0,99,18
1701483540,12,2,5,619,017.7,0.0,078,0,0,0,0,0,1,0,-0.10604746068673451,-0.9943610692710649,0.9985892722413617,-0.0530986380660329,-0.7256371814019844,-0.6880775254046476,0.9187158226036622,-0.39491927947072447,0.8351404910165487,0.5500366899258974,0.4743223113422468,0.8803512622600985,-0.24459020599760484,-0.969626542092392,-0.9923775849172511,0.12323444710714614,0.6621048077505758,-0.749411251285683,0.9352569837444902,0.3539694539888414,1,0,0,0,99,18
1701483660,12,2,5,621,017.8,0.0,079,0,0,0,0,0,1,0,-0.8600386463351707,0.5102288964866329,0.4948591231418125,-0.8689732149170747,-0.966688474876233,-0.25595584099891655,0.7924505792158009,-0.6099361273941245,0.8972001246639806,0.4416242025783208,0.528382341407091,0.8490065378365236,-0.27476668481047367,-0.9615109302125805,-0.9903309876532644,0.13872467298108784,0.6562298861751544,-0.7545610223769472,0.9366325379723223,0.35031341511784325,1,0,0,0,99,19
1701483720,12,2,5,622,017.7,0.0,078,0,0,0,0,0,1,0,-0.03533805174655298,0.9993754159967905,0.01767178546737087,-0.9998438418065069,-0.9999609596895538,-0.008836237703148543,0.7102239920275675,-0.7039757674440404,0.9230318974564314,0.3847234282935987,0.5546514994599768,0.8320827567897314,-0.28975614161762697,-0.9571005059004335,-0.9892169898208465,0.14645732159842081,0.6532773830470404,-0.7571186570143483,0.9373149569419951,0.3484833876855909,1,0,0,0,99,17
1701483780,12,2,5,623,017.7,0.0,078,0,0,0,0,0,1,0,0.8218521846480703,0.5697007868953616,-0.46384222161454775,-0.885917825448659,-0.9710607152615791,0.23883276005537946,0.6169145969843073,-0.7870301010937827,0.9452592504423807,0.32632031725454774,0.5803790497362272,0.8143464610516054,-0.3046748586184907,-0.9524564192265191,-0.9880426152819825,0.1541810312157123,0.6503149117098145,-0.7596647389525567,0.9379938003400013,0.346652030895135,1,0,0,0,99,14
1701483840,12,2,5,624,017.8,0.0,079,0,0,0,0,0,1,0,0.923435312642794,-0.3837541183678754,-0.8317914757822045,-0.5550882279566577,-0.8817846188147811,0.47165229356133864,0.5139784559875352,-0.8578030932449878,0.9637953862840878,0.26664293235993725,0.605539869719601,0.7958149698139441,-0.31951919362227366,-0.9475798039779932,-0.9868079357144411,0.16189533041753676,0.6473425173671444,-0.7621992293414946,0.9386690655767598,0.34481935173254513,1,0,0,0,99,12
1701483900,12,2,5,625,017.7,0.0,078,0,0,0,0,0,1,0,0.17601627283386595,-0.9843872569764778,-0.9960891669364942,-0.08835367288212255,-0.7376834256244756,0.6751467718644137,0.40302185308962235,-0.9151903550257765,0.9785679217677679,0.20592431252067284,0.6301093902963704,0.7765063787634564,-0.33428552259748223,-0.9424718507105282,-0.9855130264766997,0.16959974836283187,0.6443602453741106,-0.7647220895079571,0.9393407500763387,0.3429853571889352,1,0,0,0,99,15
1701483960,12,2,5,626,017.7,0.0,078,0,0,0,0,0,1,0,-0.7332313164778873,-0.6799792912553325,-0.9165094902005468,0.4000129427560235,-0.5477166499404489,0.8366638939132081,0.2857762289683941,-0.958296377409726,0.9895191704584925,0.14440156264783635,0.6540636197466435,0.7564395424116314,-0.348970240556676,-0.9371338064576561,-0.9841579666033436,0.17729381481363626,0.6413681412365148,-0.7672332809562018,0.9400088512764658,0.341150054260437,1,0,0,0,99,17
1701484020,12,2,5,627,017.7,0.0,078,0,0,0,0,0,1,0,-0.9683494148893343,0.2495984989607987,-0.6125363258775766,0.7904424390683988,-0.323695505785608,0.946161307354195,0.1640711623744481,-0.9864485053347172,0.9966063679644831,0.08231492776308211,0.6773791671718721,0.7356340556836266,-0.3635697624365738,-0.9315669744263229,-0.9827428388002435,0.18497706016379048,0.6383662506101844,-0.769732765368537,0.9406733666285383,0.3393134499481733,1,0,0,0,99,23
1701484080,12,2,5,628,017.7,0.0,078,0,0,0,0,0,1,0,-0.31317152702365525,0.9496965803148245,-0.15859290602857282,0.987344058653017,-0.0795485428747221,0.9968309933617175,0.039805820166669656,-0.9992074342602034,0.9998018389311463,0.01990685484696882,0.7000332653356665,0.7141102347841574,-0.378080523973295,-0.9257727136787294,-0.9812677294395066,0.19264901546759924,0.6353546193002774,-0.7722205046059057,0.941334293597632,0.33747555125823137,1,0,0,0,99,24
1701484140,12,2,5,629,017.7,0.0,078,0,0,0,0,0,1,0,0.6299348185230796,0.7766480054775746,0.3341795883371884,0.9425094178515073,0.16954436314500793,0.9855225562744638,-0.08508067855140847,-0.9963740653676368,0.999093105112741,-0.042578953911311244,0.722003792895616,0.6918890973590669,-0.3924989825725241,-0.9197524388005358,-0.9797327285542052,0.20030921246845357,0.6323332932605821,-0.7746964607084679,0.9419916296625114,0.3356363652016361,1,0,0,0,99,27
1701484260,12,2,5,631,017.7,0.0,079,0,0,0,0,0,1,0,0.4440586509707787,-0.8959977201410795,0.9736523301828737,0.22803758446681607,0.6212738589113436,0.7835935121179909,-0.3289426149665083,-0.9443499118753576,0.9859893285110538,-0.16680840525081836,0.763809009259127,0.645442326915884,-0.421044934112807,-0.9070397805267099,-0.9764834306138301,0.21559246215172986,0.6262617415459251,-0.7796128725693702,0.9432955190631858,0.3319541590571128,1,0,0,0,99,27
1701484320,12,2,5,632,017.6,0.0,079,0,0,0,0,0,1,0,-0.514030170892537,-0.8577721045896685,0.9637873480674221,-0.2666719852274808,0.7958240965274552,0.6055278749869898,-0.4441126687075084,-0.8959709467909631,0.9736454556949781,-0.22806693448309956,0.7836028759783554,0.6212620483809149,-0.43516545796919887,-0.9003505007442698,-0.9747693318791554,0.22321458202336397,0.6232116085153726,-0.782053253309314,0.943942067425039,0.330111153015682,1,0,0,0,99,25
1701484380,12,2,5,633,017.6,0.0,079,0,0,0,0,0,1,0,-0.9995220242088421,-0.030914771897250545,0.7179536098861996,-0.6960909524274645,0.9208938463328616,0.38981344741589885,-0.552352492790655,-0.8336106547471364,0.9574995182106194,-0.28843486721690187,0.8026315677871454,0.5964751179986882,-0.4491797424201762,-0.893441413299912,-0.9729957382486092,0.2308230780274018,0.6201519660424364,-0.7844817008788038,0.9445850149348135,0.32826688770053875,1,0,0,0,99,25
1701484440,12,2,5,634,017.6,0.0,079,0,0,0,0,0,1,0,-0.5660579379995188,0.8243654595067245,0.2963397884973224,-0.955082577452527,0.9887068770501516,0.1498623077152374,-0.651973040962877,-0.7582421472442815,0.9376145655983277,-0.34767646796678553,0.8208765034908678,0.5711057397860814,-0.46308436607918363,-0.8863142049482455,-0.9711627579732054,0.23841748578046287,0.6170828608134961,-0.7868981782227173,0.9452243591398598,0.3264213701469947,1,0,0,0,99,25
1701484500,12,2,5,635,017.6,0.0,079,0,0,0,0,0,1,0,0.38783720589663306,0.9217278891963141,-0.19782834832713678,-0.9802366778478334,0.9950469028764004,-0.09940654443286578,-0.7414197678889017,-0.6710415246343308,0.9140682481725122,-0.40556039954960427,0.8383198672194296,0.5451786865103935,-0.4768759343317749,-0.8789706156949713,-0.9692705029286126,0.24599734175904098,0.6140043396593216,-0.7893026484685837,0.9458600976012741,0.3245746073951383,1,0,0,0,99,22
1701484560,12,2,5,636,017.6,0.0,079,0,0,0,0,0,1,0,0.9851566112943334,0.17165794832475895,-0.6435612059762619,-0.7653946525566921,0.9395197317131483,-0.34249477911590703,-0.8192968873112808,-0.5733695234681091,0.8869525137988248,-0.46186062645125475,0.8549446258241684,0.5187192754991592,-0.49055108016436005,-0.8714124383720832,-0.9673190886083255,0.25356218332779523,0.610916449554358,-0.791695074927145,0.9464922278939074,0.3227266064898082,1,0,0,0,99,22
1701484620,12,2,5,637,017.6,0.0,080,0,0,0,0,0,1,0,0.6767275715505089,-0.7362335185953917,-0.9317278354206747,-0.36315732224795383,0.8255777741218431,-0.5642883472800259,-0.8843891528281048,-0.46675028265656904,0.8563732488397127,-0.5163572974905221,0.8707345455104334,0.49175334391820763,-0.5041064649862133,-0.8636415182001753,-0.9653086341166165,0.26111154876778686,0.6078192376160092,-0.794075421092917,0.9471207476063749,0.3208773744805662,1,0,0,0,99,20
1701484680,12,2,5,638,017.6,0.0,080,0,0,0,0,0,1,0,-0.2538816765877605,-0.967235283833767,-0.9917749956098326,0.12799358610147818,0.6603053891566091,-0.7509971990964674,-0.9356808214066555,-0.3528475597928464,0.8224498646704389,-0.5688376043332375,0.8856742076896101,0.46430722354210824,-0.5175387794445416,-0.8556597523379571,-0.9632392621612652,0.2686449773046603,0.6047127511039186,-0.796443650644746,0.9477456543410647,0.3190269184216702,1,0,0,0,99,22
1701484740,12,2,5,639,017.6,0.0,080,0,0,0,0,0,1,0,-0.9510732821065815,-0.30896538974942617,-0.8090010475115055,0.5878072006408963,0.4539784132307965,-0.8910126824689131,-0.9723715037137074,-0.23343876877147773,0.7853148313802172,-0.6190966125042691,0.8997490240351109,0.4364077150416402,-0.5308447442324167,-0.8474690894190892,-0.96111109904607,0.27616200913676636,0.6015970374192486,-0.7987997274463626,0.9483669457141478,0.3171752453720478,1,0,0,0,99,21
1701484800,12,2,5,640,017.5,0.0,079,0,0,0,0,0,1,0,-0.773852498155771,0.63336585880364,-0.42815542808445156,0.903705111970614,0.21942525837900473,-0.9756293127952373,-0.9938886539233752,-0.11038724383904756,0.7451131604793488,-0.6669380616522619,0.9129452507276277,0.408082061813392,-0.5440211108893698,-0.8390715290764524,-0.9589242746631385,0.28366218546322625,0.5984721441039564,-0.8011436155469337,0.9489846193555862,0.3153223623952687,1,0,0,0,99,22
1701484860,12,2,5,641,017.5,0.0,079,0,0,0,0,0,1,0,0.11484470379581474,0.9933834576889489,0.057517572580260974,0.9983444940722989,-0.028770696269825667,-0.999586037835738,-0.9998965041032342,0.014386837113521522,0.702001838632378,-0.7121751319421092,0.9252500018757388,0.3793579233770469,-0.5570646625944573,-0.8304691214539668,-0.9566789224849597,0.29114504851193435,0.5953381188400696,-0.8034752791816107,0.9495986729091429,0.31346827655951837,1,0,0,0,99,22
1701484920,12,2,5,642,017.6,0.0,080,0,0,0,0,0,1,0,0.8979542147110153,0.44008888679756925,0.5291082654818533,0.8485543255436181,-0.27517782837320115,-0.9613933444599089,-0.9903013037606052,0.13893641628473632,0.6561492146285263,-0.7546311735824118,0.9366512620987631,0.3502633483663315,-0.5699722149516012,-0.8216639667060773,-0.9543751795562575,0.2986101415674982,0.5921950094489575,-0.8057946827720751,0.9502091040323901,0.31161299493757066,1,0,0,0,99,22
1701484980,12,2,5,643,017.6,0.0,080,0,0,0,0,0,1,0,0.8554887617489377,-0.51782137704161,0.8711548016976116,0.49100846375515256,-0.5044757359104833,-0.8634258693585549,-0.9652527827876372,0.2613179391483152,0.6077343419832735,-0.7941403966391318,0.9471378982595755,0.3208267471400009,-0.5827406167670137,-0.8126582144850321,-0.9520131864856264,0.3060570089991143,0.5890428638906025,-0.8081017909270819,0.9508159103967186,0.3097565246067612,1,0,0,0,99,25
1701485040,12,2,5,644,017.5,0.0,079,0,0,0,0,0,1,0,0.026490886523445938,-0.9996490548843638,0.9999122598719259,0.01324660552058789,-0.702407785577371,-0.7117747556357236,-0.9251418149764185,0.37962168297153187,0.5569462797382114,-0.8305485184417379,0.9566996703359257,0.2910768640396056,-0.5953667508185162,-0.8034540634160753,-0.9495930874369493,0.3134851962883771,0.5858817302628675,-0.8103965684429991,0.9514190896873468,0.30789887264895993,1,0,0,0,99,24
1701485100,12,2,5,645,017.6,0.0,078,0,0,0,0,0,1,0,-0.8268625876027196,-0.5624040017842467,0.8838563236703821,-0.46775848373693524,-0.8566675211938805,-0.5158689350324677,-0.8705943185641828,0.49200155739973644,0.5039833541895326,-0.8637133660537321,0.9653272414196473,0.2610427493211293,-0.6078475346165643,-0.7940537605606843,-0.9471150301205985,0.3208942500570208,0.5827116568007624,-0.8126789803043453,0.9520186396033287,0.3060400461505444,1,0,0,0,99,23
1701485220,12,2,5,647,017.6,0.0,078,0,0,0,0,0,1,0,-0.1672962615688254,0.9859066694495454,0.08394441777287699,-0.9964704384600542,-0.9991172199647183,-0.04200929385234764,-0.7218065162674647,0.6920949017828597,0.39236787471526025,-0.9198083772674773,0.9797470023601699,0.20023938515252526,-0.6323608996639003,-0.774673926614458,-0.941985649204503,0.33565314938604557,0.5763448839947981,-0.817206567945353,0.9532068421768051,0.3023188978997567,1,0,0,0,99,27
1701485280,12,2,5,648,017.6,0.0,078,0,0,0,0,0,1,0,0.7392213001816264,0.6734625968513661,-0.4040652194563607,-0.9147301779353751,-0.9784503507933796,0.20648222933781113,-0.6298879942744539,0.7766859820216312,0.33415117684842055,-0.9425194910508831,0.9855251115651197,0.16952950915565845,-0.6443874963266829,-0.7646991268321347,-0.9393346386757316,0.3430020941392817,0.5731482818000584,-0.8194516746395976,0.9537954903016678,0.30045659034243405,1,0,0,0,99,27
1701485340,12,2,5,649,017.7,0.0,078,0,0,0,0,0,1,0,0.9661022076387795,-0.25815988146006835,-0.7931455986954944,-0.6090320675218718,-0.8969481778569685,0.4421356875881703,-0.5281402808022835,0.8491571372803064,0.2746296257868892,-0.961550086391839,0.9903408722232561,0.13865409047006316,-0.6562567750240514,-0.7545376367253204,-0.936626296002125,0.3503301038125896,0.5699429340677058,-0.8216842775094914,0.9543804999866383,0.2985931366345421,1,0,0,0,99,28
1701485400,12,2,5,650,017.7,0.0,078,0,0,0,0,0,1,0,0.3047532008014393,-0.9524313553224073,-0.9880362734541701,-0.15422166624309427,-0.7596781115193113,0.6502992902336991,-0.4181511148892831,0.9083774794196792,0.2140356519137885,-0.9768258492227975,0.9941895818260211,0.10764327841812157,-0.6679658380418412,-0.7441919370760884,-0.9338607864869604,0.35763673114202876,0.5667288897074029,-0.8239043424882614,0.9549618690000825,0.2967285438845904,1,0,0,0,99,31
1701485460,12,2,5,651,017.7,0.0,077,0,0,0,0,0,1,0,-0.6367844934113518,-0.7710418334635599,-0.9410212095015605,0.33834757760063844,-0.5751749396485218,0.8180304326859235,-0.3016368406826962,0.9534228948074206,0.15260587340036988,-0.9882871280168078,0.9970674821738015,0.0765273545315405,-0.679511826780248,-0.73366455363863,-0.9310382789226848,0.3649215301687268,0.5635061977615123,-0.8261118357004477,0.9555395951242542,0.2948628192054335,1,0,0,0,99,33
1701485520,12,2,5,652,017.7,0.0,077,0,0,0,0,0,1,0,-0.9928654610638965,0.11923999424008805,-0.6636113342009432,0.7480775341634341,-0.35491017584493534,0.9349004048997503,-0.1804156244623088,0.9835904648022342,0.09058017221711874,-0.995889166725453,0.9989717630457462,0.04533670298194944,-0.690891922451714,-0.7229580565226276,-0.9281589455806122,0.3721840562660983,0.5602749074043482,-0.8283067234624195,0.9561136761553041,0.2929959697142441,1,0,0,0,99,33
1701485580,12,2,5,653,017.7,0.0,078,0,0,0,0,0,1,0,-0.43611050264796214,0.8998931211428065,-0.22372626003354357,0.9746520202469203,-0.11257881628681225,0.9936427980534354,-0.056379082763754744,0.998409434564156,0.0282007573997934,-0.9996022795502609,0.9999005649439,0.014101780911272722,-0.7021033467690947,-0.7120750595657992,-0.925222962200409,0.37942386616698276,0.5570350679414255,-0.8304889722828903,0.9566841099032873,0.29112800253248544,1,0,0,0,99,32
1701485640,12,2,5,654,017.7,0.0,078,0,0,0,0,0,1,0,0.5216024406758817,0.853188662536583,0.2709348053161655,0.9625976995964054,0.13675214880138925,0.9906052946548402,0.06853723566485535,0.9976485590263838,-0.034288780771676325,-0.9994119668651121,0.9998529809089715,-0.017146911309152784,-0.7131433626239372,-0.7010182196957677,-0.9222305079793683,0.38664051799069915,0.5537867288087088,-0.8326585488634279,0.9572508941921726,0.2892589247858846,1,0,0,0,99,34
1701485700,12,2,5,655,017.8,0.0,078,0,0,0,0,0,1,0,0.999756505535219,0.022066482275333348,0.6992615811428033,0.7148658903162654,0.37758052762538924,0.9259767519533807,0.19238405345378726,0.9813197113972033,-0.09664442198801937,-0.9953189718369693,0.9988290574059631,-0.04837885986167266,-0.7240092747547067,-0.6897902362814101,-0.9191817655614721,0.39383357127001617,0.5505299395718565,-0.834815420098963,0.9578140268598501,0.2873887436044051,1,0,0,0,99,34
1701485760,12,2,5,656,017.8,0.0,078,0,0,0,0,0,1,0,0.5587390498188232,-0.829343520025061,0.9563847343054627,0.2921099792671752,0.5949327780232085,0.803775459710974,0.31322878243308516,0.9496776978825432,-0.158622668804709,-0.9873392775238264,0.9968297942787993,-0.07956356727854007,-0.7346984304047954,-0.6783938504738453,-0.9160769210262436,0.40100258697803604,0.5472647499254653,-0.8369595530782943,0.9583735057581397,0.28551746612221973,1,0,0,0,99,37
1701485820,12,2,5,657,017.7,0.0,077,0,0,0,0,0,1,0,-0.3959805115438519,-0.9182589147280136,0.9793515494264594,-0.20216464239820275,0.7752949897936278,0.6315993024069126,0.42918568102459304,0.9032162815203545,-0.2199814974942728,-0.9755040444612094,0.9938571437739957,-0.1106705822221754,-0.7452082199701555,-0.6668318445372209,-0.9129161638773905,0.40814712755499033,0.5439912096923119,-0.8390909150845903,0.9589293287527998,0.28364509947768324,1,0,0,0,99,35
1701485880,12,2,5,658,017.7,0.0,077,0,0,0,0,0,1,0,-0.9866374167508005,-0.16293129799798153,0.7625389491684939,-0.6469423088661069,0.9074531141789384,0.4201533595806971,0.5384452806085791,0.8426604771735462,-0.2804813031437691,-0.9598594889809514,0.9899140086343236,-0.14166952922038076,-0.7555360776363961,-0.6551070411694638,-0.9096996870312377,0.41526675693494663,0.5407093688225928,-0.8412094735958894,0.9594814937235343,0.2817716508133054,1,0,0,0,99,32
1701485940,12,2,5,659,017.8,0.0,078,0,0,0,0,0,1,0,-0.6701844311086327,0.7421946027152168,0.3590302196784995,-0.933325935221779,0.9831901991023352,0.18258431583548054,0.6393026216763542,0.7689552379155371,-0.3398858353068445,-0.9404667027374061,0.9850042392643308,-0.17253013832747296,-0.7656794820051903,-0.6432223028131592,-0.9064276868049539,0.4223610405724235,0.5374192773931619,-0.8433151962855951,0.960029998564002,0.2798971272757233,1,0,0,0,99,31
1701486060,12,2,5,661,017.8,0.0,077,0,0,0,0,0,1,0,0.9537707733618594,0.30053504268341247,-0.5913818382891833,-0.8063916674555276,0.9503661577138381,-0.3111336791031087,0.809670821724208,0.5868842819913016,-0.45448636833721334,-0.8907536926646169,0.9723049142796247,-0.23371596793478092,-0.7854030710198365,-0.6189846654260585,-0.8997179184127819,0.43647184019930857,0.5308145437912809,-0.8474880058736255,0.9611160194985894,0.2761448841879698,1,0,0,0,99,29
1701486120,12,2,5,662,017.8,0.0,077,0,0,0,0,0,1,0,0.7682160664531458,-0.6401906553857654,-0.9055911481970673,-0.424151709070136,0.8438458713148201,-0.5365856366554476,0.8765231419236595,0.48135972169706537,-0.5092348565754973,-0.860627597075839,0.964527759340248,-0.26398144151072533,-0.7949784404343068,-0.6066376836668139,-0.896280559776573,0.4434874949382373,0.5275000023989397,-0.8495550291000099,0.9616535314498694,0.27426717895146524,1,0,0,0,99,29
1701486180,12,2,5,663,017.9,0.0,077,0,0,0,0,0,1,0,-0.12363294914268595,-0.9923280172837418,-0.9980801614308696,0.0619353805036276,0.6848593357385049,-0.728675298230847,0.9296976116541461,0.368323703940673,-0.5619947935965809,-0.8271407691380811,0.9558087594121748,-0.2939891416888716,-0.8043597272641364,-0.5941426000175077,-0.8927884967945957,0.4504760814862939,0.5241774120055661,-0.8516090891618918,0.9621873749852187,0.2723884274690357,1,0,0,0,99,29
1701486240,12,2,5,664,017.9,0.0,077,0,0,0,0,0,1,0,-0.9018144014592891,-0.43212357644616434,-0.8462043418838514,0.5328585288581931,0.48329156372825655,-0.875459459043705,0.9683644611001854,0.24954011797333814,-0.6125601529754697,-0.7904239741978156,0.9461564284508708,-0.3237097664592346,-0.8135446412026923,-0.5815024649736085,-0.889241942604376,0.45743717329617606,0.5208468233098019,-0.8536501547168418,0.9627175480681864,0.27050863690754695,1,0,0,0,99,28
1701486300,12,2,5,665,018.0,0.0,078,0,0,0,0,0,1,0,-0.8508718520044145,0.5253732877360419,-0.4871481870355047,0.8733193252573889,0.25167506307003396,-0.9678117909122075,0.9919203070086345,0.12686254192588234,-0.6607334780658982,-0.7506205905535374,0.9355801917937172,-0.3531142941360932,-0.8225309398849666,-0.5687203644428019,-0.8856411136693016,0.46437034549871836,0.5175082871323327,-0.8556781946207109,0.9632440486763235,0.26862781443782874,1,0,0,0,99,29
1701486360,12,2,5,666,018.0,0.0,077,0,0,0,0,0,1,0,-0.01764164581327013,0.9998443740567825,-0.008821166113885877,0.9999610927573088,0.004410625958475234,-0.9999902731420214,0.9999975682825487,0.0022053183419487145,-0.7063266530643069,-0.707886049566577,0.9240903769563281,-0.38217401169717374,-0.8313164294350177,-0.5557994189916117,-0.8819862297654119,0.47127517492882454,0.5141618544151129,-0.8576931779281052,0.9637668748011899,0.2667459672346471,1,0,0,0,99,28
1701486420,12,2,5,667,018.0,0.0,077,0,0,0,0,0,1,0,0.8318082081799767,0.5550631538882909,0.4716655839213357,0.8817775098879226,-0.24312804251266182,-0.9699942035620426,0.9924702019612586,-0.12248631849712321,-0.7491616375980297,-0.662387228704961,0.9116982035479069,-0.4108605428214292,-0.8398989650015737,-0.5427427830835574,-0.8782775139679819,0.47815124015129495,0.5108075762205887,-0.8596950738928585,0.9642860244483632,0.26486310247667705,1,0,0,0,99,28
1701486480,12,2,5,668,018.1,0.0,077,0,0,0,0,0,1,0,0.9164974316526442,-0.40004057016021116,0.8366721491002945,0.5477040395322044,-0.47555018687189876,-0.8796885924951523,0.9694556700786149,-0.24526659730265726,-0.78907116196914,-0.6143017998904703,0.8984157723154882,-0.43914587559803503,-0.8482764512816665,-0.5295536443090374,-0.8745151926379088,0.48499812148654897,0.5074455037309183,-0.8616838519685015,0.964801495637445,0.26297922734647544,1,0,0,0,99,30
1701486660,12,2,5,671,018.2,0.0,077,0,0,0,0,0,1,0,-0.9637793089749802,0.2667010378527043,0.6055158801168206,-0.7958332230601788,-0.9475846197201016,-0.31950491149575566,0.8122514732198877,-0.5833074183071241,-0.8897492394790579,-0.45644965861137193,0.8533609021426315,-0.5213206025991243,-0.8721584152546842,-0.48922356719646887,-0.8629089080535873,0.5053594922446452,0.49731303409188604,-0.8675711764012926,0.9663258188626889,0.2573216116056981,1,0,0,0,99,32
1701486720,12,2,5,672,018.2,0.0,077,0,0,0,0,0,1,0,-0.2963109980159809,0.9550915099898928,0.14984740573347818,-0.9887091356890289,-0.9971732887740798,-0.07513609089835323,0.7331903200732922,-0.6800234955873388,-0.9165215479156338,-0.39998531498835127,0.836655638536056,-0.5477292602242684,-0.8796957599716702,-0.47553692799599256,-0.858934493426592,0.5120854772418407,0.4939202986100892,-0.8695071814659844,0.9668265566961802,0.2554337668888117,1,0,0,0,99,32
1701486780,12,2,5,673,018.2,0.0,076,0,0,0,0,0,1,0,0.6435842780107317,0.7653752524725406,-0.3425089396843968,-0.9395145694646093,-0.9847625524624222,0.1739043279153665,0.6426879772038036,-0.766128033658659,-0.9397148593213419,-0.3419590372700662,0.8191333948967244,-0.5736030695219185,-0.8870183395854673,-0.46173419327470294,-0.8549076538652297,0.5187802071808914,0.4905200265122254,-0.8714299189208766,0.9673236063802219,0.25354494776974296,1,0,0,0,99,34
1701486840,12,2,5,674,018.3,0.0,077,0,0,0,0,0,1,0,0.9917711368753414,-0.12802348245924622,-0.7510071512506543,-0.660294069919136,-0.9111240502585628,0.41213221791123295,0.542156703402608,-0.8402774000028898,-0.9592386043114846,-0.28259741682923273,0.8008112813981934,-0.598916765156381,-0.8941243663932834,-0.4478187327723233,-0.8508286351470322,0.5254432734499875,0.48711226968226357,-0.8733393594273613,0.9678169660187202,0.25165516145376265,1,0,0,0,99,34
1701486900,12,2,5,675,018.4,0.0,077,0,0,0,0,0,1,0,0.428128186283695,-0.9037180180285407,-0.9756326199006828,-0.21941055349670321,-0.7808362675672484,0.6247357227273372,0.43316525557381835,-0.9013145185581272,-0.9750165430796872,-0.22213225952332183,0.7817071892733627,-0.6236456287334492,-0.9010121055605882,-0.43379394374895947,-0.8466976862342779,0.5320742693699069,0.48369708011838003,-0.8752354738497254,0.9683066337296583,0.24976441514983128,1,0,0,0,99,35
1701486960,12,2,5,676,018.4,0.0,077,0,0,0,0,0,1,0,-0.5291338443628917,-0.848538375531565,-0.9613891968218607,0.2751923186322931,-0.6019998676776046,0.7984961861625556,0.31741440880766936,-0.9482869255037094,-0.9869870631127111,-0.16079968049764676,0.7618397733439909,-0.6477655129374955,-0.907679875544648,-0.4196632501557079,-0.8425150592587969,0.538672790218836,0.4802745099321658,-0.8771182332555959,0.9687926076451028,0.24787271607057126,1,0,0,0,99,37
1701487020,12,2,5,677,018.4,0.0,076,0,0,0,0,0,1,0,-0.9999126587279824,-0.01321646380607935,-0.7117641687406298,0.7024185134924622,-0.38573403175474275,0.9226100241956138,0.19671041635407388,-0.9804616321395789,-0.9951034197859987,-0.09883918216077345,0.7412284338045774,-0.6712528651109158,-0.9141260485050504,-0.4054301017987467,-0.8382810095065815,0.5452384332570721,0.47684461134783096,-0.8789876089163806,0.9692748859112106,0.2459800714322396,1,0,0,0,99,37
1701487080,12,2,5,678,018.4,0.0,077,0,0,0,0,0,1,0,-0.5513763859920506,0.83425660379187,-0.2878744485084861,0.9576681585475916,-0.1454851220097925,0.989360439513222,0.07293682364477497,-0.997336562929792,-0.9993339189004324,-0.03649271893274041,0.7198932972784023,-0.6940847502528994,-0.9203490507011184,-0.3910979734971153,-0.8339957954022056,0.5517707977516048,0.473407436701408,-0.8808435723077068,0.9697534666882369,0.24408648845470035,1,0,0,0,99,43
1701487140,12,2,5,679,018.5,0.0,077,0,0,0,0,0,1,0,0.40409279322248953,0.9147179972350201,0.20649697669091896,0.9784472385455999,0.10380934797598938,0.9945972145913138,-0.051974923803148484,-0.9986483902233343,-0.999662040447504,0.025996247581773553,0.6978551971642206,-0.7162388734150686,-0.9263473628761159,-0.3766703642343869,-0.8296596784930514,0.5582694850005744,0.4699630384399531,-0.8826860951098568,0.9702283481505415,0.24219197436139703,1,0,0,0,99,45
1701487260,12,2,5,681,018.4,0.0,077,0,0,0,0,0,1,0,0.6635887835859072,-0.7480975379581034,0.9349057540624358,0.3548960848205405,0.5679365788446187,0.8230723190645342,-0.29742871493474354,-0.9547440282778767,-0.9886212693134506,0.15042601457547708,0.6517568509131771,-0.7584279842461896,-0.9376641147677002,-0.34754281445155094,-0.8208357979680074,0.5711642432560222,0.46305278141048767,-0.8863307066936196,0.9711670058989905,0.23840018173900415,1,0,0,0,99,45
1701487320,12,2,5,682,018.3,0.0,077,0,0,0,0,0,1,0,-0.27096382207826836,-0.9625895320045489,0.9906032333897737,-0.13676707936387883,0.7539121564757657,0.6569752356961871,-0.4141405343019522,-0.9102129519228418,-0.9772954906073296,0.2118809194773779,0.6277416190291282,-0.7784217749643756,-0.9429797916616176,-0.3328499850049752,-0.8163485729163049,0.5775595272329186,0.45958702808449753,-0.8881327398629437,0.9716307786044408,0.23650291767445097,1,0,0,0,99,46
1701487380,12,2,5,683,018.3,0.0,077,0,0,0,0,0,1,0,-0.9563935393373727,-0.29208114953507913,0.803766492687733,-0.594944892601374,0.8930131277314388,0.45003061418009443,-0.5243898291442662,-0.8514783068816535,-0.962153393924704,0.2725084339230132,0.6031134081070436,-0.7976554500293386,-0.9480652535636296,-0.3180758950082994,-0.8118115221553275,0.5839195599531243,0.45611426202590716,-0.8899212212193629,0.972090844833795,0.23460475142315124,1,0,0,0,99,47
1701487440,12,2,5,684,018.3,0.0,077,0,0,0,0,0,1,0,-0.7625194471644794,0.6469652948157085,0.42013968223930687,-0.907459446701534,0.9765908679435658,0.21510526876214117,-0.6264561960895026,-0.7794566276458689,-0.943254108829076,0.33207180876591375,0.5778962671769416,-0.8161102280837784,-0.9529192589311485,-0.3032241513437061,-0.8072249226032686,0.5902439532330229,0.45263453622485383,-0.8916961234728519,0.9725472028320404,0.23270569022603224,1,0,0,0,99,48
1701487500,12,2,5,685,018.3,0.0,077,0,0,0,0,0,1,0,0.13241150819283803,0.9911948307462555,-0.06635197530497698,-0.9977962794945308,0.9994489180279628,-0.033194280422003807,-0.718746923618461,-0.6952717884316881,-0.9206714366242954,0.39033845030198594,0.5521148203489986,-0.8337680883501076,-0.95754062272838,-0.288298379851407,-0.8025890542025249,0.5965323210642458,0.4491479037776722,-0.8934574195405861,0.9729998508583098,0.23080574132743523,1,0,0,0,99,48
1701487560,12,2,5,686,018.3,0.0,077,0,0,0,0,0,1,0,0.9056039335646163,0.42412441041785603,-0.5365983551885637,-0.8438377837054513,0.9601660751415484,-0.2794299700233931,-0.799821845795485,-0.6002374654987004,-0.8944935621620483,0.44708082854294906,0.5257942427685239,-0.8506117882274349,-0.9619282167156328,-0.2733022244444464,-0.7979041999026094,0.6027842796372321,0.4456544178860835,-0.8952050825473546,0.9734487871858886,0.22890491197508778,1,0,0,0,99,51
1701487620,12,2,5,687,018.4,0.0,077,0,0,0,0,0,1,0,0.8461882788236016,-0.5328840368987897,-0.8754667432001029,-0.4832783685937176,0.8611847561916425,-0.5082920574857935,-0.8684158155762116,-0.49583663767122255,-0.864822709481898,0.5020773657160704,0.49896023603285744,-0.866624880128672,-0.9660809697247618,-0.25823934621909184,-0.7931706456428818,0.6089994473646541,0.4421541318563844,-0.8969390858259702,0.9738940101022211,0.2270032094200761,1,0,0,0,99,50
1701487680,12,2,5,688,018.4,0.0,077,0,0,0,0,0,1,0,0.008791022929352243,-0.9999613582113339,-0.9999903395061709,-0.004395553927897717,0.7086591401823227,-0.7055510066862999,-0.9234584470040598,-0.38369844494974187,-0.8317747426285983,0.5551133015206257,0.47163900309419615,-0.8817917275413242,-0.9699978679206785,-0.24311342256103,-0.7883886803350966,0.6151774449047079,0.4386470990986331,-0.898659402917676,0.9743355179089173,0.22510064091681745,1,0,0,0,99,51
1701487740,12,2,5,689,018.5,0.0,077,0,0,0,0,0,1,0,-0.8366886589042642,-0.5476788183424514,-0.8796814248187952,0.47556344563977404,0.5120725311712326,-0.8589422115718187,-0.9640908182250827,-0.2655727663260874,-0.7954787132054784,0.6059815317622776,0.4438572226728559,-0.8960975202962782,-0.9736779550488648,-0.22792814624758584,-0.7835585958457688,0.6213178951842664,0.4351333731258346,-0.90036600757255,0.974773308921759,0.22319721372303236,1,0,0,0,99,52
1701487860,12,2,5,691,018.6,0.0,076,0,0,0,0,0,1,0,-0.1498176016678404,0.9887136522929661,-0.07512106131782845,0.9971744211252528,0.03758709136623356,-0.9992933556081649,-0.9998233232947121,-0.01879686665158652,-0.7137215376642303,0.7004295586811045,0.38702095635694944,-0.9220709188237921,-0.980324160373443,-0.19739437830927187,-0.773755251455288,0.6334846571507191,0.4280860560969494,-0.9037379756186854,0.9756377338999054,0.21938781231111568,1,0,0,0,99,56
1701487920,12,2,5,692,018.6,0.0,076,0,0,0,0,0,1,0,0.7510270550472058,0.6602714309941945,0.412145950487085,0.911117838425468,-0.2108105329134813,-0.9775269404025313,-0.9943658633527529,0.10600249902117563,-0.6685796515669709,0.7436405378343678,0.3580219701119138,-0.9337131620134654,-0.983288655994125,-0.18205334106592852,-0.7687825898997481,0.6395102262411726,0.4245525725742499,-0.9054032875578629,0.9760643645676915,0.2174818526246926,1,0,0,0,99,56
1701487980,12,2,5,693,018.7,0.0,075,0,0,0,0,0,1,0,0.9613809008905675,-0.2752212989629269,0.798505259520226,0.601987832533629,-0.44610097930085907,-0.8949826346174625,-0.9733916566874463,0.22914773115016593,-0.6208269762380796,0.783947616601443,0.3286733814887943,-0.9444436501457996,-0.986013095791785,-0.16666785811037535,-0.7637630058173724,0.6454967629235737,0.42101261090163694,-0.9070547841568264,0.9764872718465987,0.21557506331110474,1,0,0,0,99,56
1701488040,12,2,5,694,018.8,0.0,075,0,0,0,0,0,1,0,0.2878455800903205,-0.9576768359015827,0.9893626321783087,0.14547021017792156,-0.6536550274502899,-0.7567926433898262,-0.9372279987787994,0.34871718957500053,-0.570649984852799,0.8211933967023238,0.29900384888632797,-0.9542519050812327,-0.9884968146335203,-0.1512416855876172,-0.7586968055777015,0.6514439018105791,0.4174662250945703,-0.9086924402157693,0.9769064541233642,0.21366745164417375,1,0,0,0,99,56
1701488100,12,2,5,695,018.8,0.0,075,0,0,0,0,0,1,0,-0.6503336395770626,-0.7596487064653314,0.9379895272510593,-0.34666359308028627,-0.8205679719195377,-0.5715489510618114,-0.8864392114132281,0.46284503288800055,-0.5182446174886911,0.8552324341627837,0.26904234409960104,-0.9631283492252691,-0.9907392061549974,-0.13577858957643307,-0.7535842983954858,0.6573512799194837,0.41391346926653416,-0.9103162307460754,0.977321909798935,0.21175902490085832,1,0,0,0,99,53
1701488160,12,2,5,696,018.9,0.0,075,0,0,0,0,0,1,0,-0.9905991101845337,0.1367969403956463,0.6569638725243397,-0.7539220584369601,-0.9364619742512132,-0.3507691132091307,-0.8218178366308225,0.5697503342653119,-0.4638155159838274,0.8859318072699817,0.23881812402958275,-0.9710643148808378,-0.9927397229084867,-0.1202823451699422,-0.7484257963118128,0.6632185366943757,0.41035439762821135,-0.9119261309706986,0.9777336372884741,0.20984979036122642,1,0,0,0,99,55
1701488220,12,2,5,697,018.9,0.0,075,0,0,0,0,0,1,0,-0.42011232727019937,0.9074721111282797,0.21509054938760125,-0.9765941099372553,-0.9941313067038114,-0.10818015081969684,-0.7443722693718838,0.6677648722343453,-0.40757522481479086,0.9131716356289067,0.20836070211425825,-0.9780520527121516,-0.9944978764965141,-0.10475673555396908,-0.7432216141750619,0.6690453140281423,0.40678906448665614,-0.9135221163245426,0.9781416350213661,0.2079397553084275,1,0,0,0,99,57
1701488280,12,2,5,698,018.9,0.0,074,0,0,0,0,0,1,0,0.5366237918890951,0.8438216079116303,-0.27944444178438205,-0.9601618634146094,-0.9899903695023021,0.14113492938566014,-0.6553110218111473,0.755359162711905,-0.3497433611150432,0.9368455482927549,0.17769981950925717,-0.9840847393118021,-0.9960132376910966,-0.08920555108343296,-0.7379720696216873,0.6748312562843274,0.4032175242444657,-0.9151041624548343,0.9785459014412237,0.20602892702866477,1,0,0,0,99,59
1701488340,12,2,5,699,019.0,0.0,075,0,0,0,0,0,1,0,0.999990471552965,0.0043654098637504885,-0.7055616876419274,-0.7086485059123989,-0.9242966260655718,0.3816749232577385,-0.5560238649294927,0.8311663260917572,-0.29054575707471864,0.9568610991392004,0.1468654160461197,-0.989156483863701,-0.9972854365385321,-0.07363258835698702,-0.7326774830568314,0.6805760103188376,0.39963983139895004,-0.9166722452214962,0.9789464350058935,0.2041173128111673,1,0,0,0,99,58
1701488400,12,2,5,700,019.1,0.0,075,0,0,0,0,0,1,0,0.5439705233633756,-0.8391043258807425,-0.9589328250406132,-0.28363327918216646,-0.8011345951780408,0.5984842190140996,-0.44806014160260915,0.8940034169437217,-0.23021357807075407,0.9731401278705245,0.11588760099655933,-0.9932623338953623,-0.9983141624497176,-0.058041649290133286,-0.7273381776347689,0.6862792255014961,0.3960560405413001,-0.9182263406975145,0.9793432341874616,0.2022049199481623,1,0,0,0,99,59
1701488460,12,2,5,701,019.2,0.0,074,0,0,0,0,0,1,0,-0.41217341535790386,-0.9111054141383427,-0.9775237629179003,0.21082526634829296,-0.6281618953946932,0.7780826647433718,-0.3331045896236106,0.9428898834814625,-0.16898241997103944,0.985619065227906,0.08479662367127003,-0.9963982801139075,-0.999099164275976,-0.042436540187039476,-0.7219544792391829,0.6919405537374438,0.3924662063557551,-0.9197664251693045,0.9797362974722598,0.2002917557348473,1,0,0,0,99,61
1701488820,12,2,5,707,019.1,0.0,073,0,0,0,0,0,1,0,-0.1411796931706552,-0.9899839868584944,0.9974928538236488,-0.07076727047691461,0.7316991425705358,0.6816277318020025,0.3989813706164722,0.9169590317462396,0.20376575798421134,0.9790196708305302,-0.10242150450337505,-0.9947410896385376,-0.9986844070171862,0.05127821350955192,-0.6887386247664814,0.7250097287311226,0.3708033651875866,-0.9287113999330262,0.9820161403798376,0.1887969809967493,1,0,0,0,99,71
1701488880,12,2,5,708,019.1,0.0,073,0,0,0,0,0,1,0,-0.9093225141277265,-0.41609201542499075,0.8414546973619527,-0.540327671221366,0.8775897877771157,0.47941231147032193,0.5101900080017631,0.8600617162362019,0.2645168083164075,0.9643810751555119,-0.13345209785628734,-0.9910552646435797,-0.9977613102950975,0.06687576301030233,-0.6830535253513071,0.7303683190727478,0.3671727665059408,-0.9301527613980265,0.9823830112023585,0.1868786218404523,1,0,0,0,99,74
1701488940,12,2,5,709,019.1,0.0,073,0,0,0,0,0,1,0,-0.8414384091513941,0.5403530360836063,0.4793990842275326,-0.8775970134644963,0.9689161505167762,0.24738935560721262,0.6134373009496519,0.7897434252993856,0.3242349261728403,0.9459765920199573,-0.1643523775003615,-0.9864016910011756,-0.9965946244590063,0.08245698575264687,-0.6773267358695333,0.7356823314966341,0.3635365652196254,-0.931579929876292,0.982746134532284,0.18495954979901422,1,0,0,0,99,76
1701489060,12,2,5,711,019.2,0.0,073,0,0,0,0,0,1,0,0.8415035574058807,0.5402515736888212,-0.4794519925452281,-0.8775681095188057,0.968908692684405,-0.24741856284563038,0.7897526710450653,0.6134253977275352,0.43964451678172034,0.8981718648809746,-0.2256414579803825,-0.9742104148696458,-0.9935316841625248,0.11355524014847192,-0.6657494873642518,0.7461753279720765,0.3562475768534598,-0.9343916009821783,0.9834611331878292,0.18111929634611235,1,0,0,0,99,82
1701489120,12,2,5,712,019.3,0.0,073,0,0,0,0,0,1,0,0.9092723362185879,-0.4162016561567134,-0.8414872714892108,-0.5402769400239504,0.8775753358042688,-0.4794387656291727,0.8600694058124533,0.5101770449416689,0.4948853175526281,0.8689582973139933,-0.25597041106933305,-0.9666846169547733,-0.9916361774750792,0.12906467960915324,-0.6598997349563215,0.7513536715852107,0.3525949009946041,-0.9357760607071574,0.9838130057859464,0.17919812958404827,1,0,0,0,99,81
1701489180,12,2,5,713,019.3,0.0,072,0,0,0,0,0,1,0,0.14106032243614638,-0.9900010027440429,-0.9974971184780542,-0.07070713279421359,0.7316785950108878,-0.6816497880898176,0.9169650451597972,0.39896755000261763,0.5481936017491368,0.8363514661918808,-0.28604941339576206,-0.958214867916346,-0.9894985770369622,0.14454260977935537,-0.6540097056698183,0.756486156442851,0.34893684497137084,-0.9371462416407726,0.9841611254364736,0.17727627923558656,1,0,0,0,99,84
1701489240,12,2,5,714,019.3,0.0,072,0,0,0,0,0,1,0,-0.7568419012610816,-0.6535979930320404,-0.9092848819352602,0.4161742465410129,0.540289623007414,-0.8414791282441333,0.9595517516643209,0.281532299883927,0.5993612016622668,0.8004787004923762,-0.3158490933243467,-0.9488094383205661,-0.9871194047126635,0.15998525194441188,-0.6480797590017714,0.7615724692845757,0.3452734646011943,-0.9385021228757492,0.9845054908114401,0.17535375263200217,1,0,0,0,99,84
1701489300,12,2,5,715,019.4,0.0,073,0,0,0,0,0,1,0,-0.9589071712941251,0.2837199972520434,-0.5984479938758073,0.801161655738729,0.3153080590956018,-0.9489893718421532,0.9871649740145142,0.1597038323864628,0.6481883089093543,0.7614800825978519,-0.34534035197334534,-0.9384775124098211,-0.9844992413429837,0.17538883600471677,-0.6421102568855613,0.7666122996680645,0.3416048157827517,-0.9398436837230073,0.9848461005971967,0.17343055710714975,1,0,0,0,99,84
1701489360,12,2,5,716,019.4,0.0,072,0,0,0,0,0,1,0,-0.2793576102663403,0.9601871305044031,-0.14109016531210986,0.9899967501220404,0.07072216723899125,-0.9974960526543551,0.9993738171110836,0.03538323999893738,0.6944842546815092,0.7195079012766077,-0.374494391629162,-0.9272291791344273,-0.9816387266032314,0.19074960139614014,-0.6361015636688295,0.7716053399880473,0.33793095449511035,-0.9411709037119792,0.9851829534944205,0.17150669999743565,1,0,0,0,99,84
1701489420,12,2,5,717,019.5,0.0,073,0,0,0,0,0,1,0,0.6570320493166915,0.7538626441008393,0.35081145641153216,0.9364461127317576,-0.17826088643928933,-0.983983260206127,0.9959877660408604,-0.0894894960145405,0.7380682543012335,0.6747260569984901,-0.4032827438668247,-0.9150754223009407,-0.9785385588470545,0.20606379800811597,-0.6300540460912397,0.7765512854950779,0.3342519367968734,-0.9424837625909207,0.9855160482181202,0.16958218864179003,1,0,0,0,99,84
1701489480,12,2,5,718,019.5,0.0,072,0,0,0,0,0,1,0,0.9893494728164958,-0.14555968067333058,0.7568221986283603,0.6536208072447929,-0.41616054159134735,-0.9092911544837531,0.9770596589983012,-0.2129657783732482,0.7787701131827185,0.6273094219070648,-0.43167729734891963,-0.9020281098466568,-0.9751994949359482,0.22132768709917786,-0.6239680732620949,0.781449834314135,0.3305678188253245,-0.9437822403272206,0.9858453834976407,0.16765703038163873,1,0,0,0,99,84
1701489540,12,2,5,719,019.6,0.0,072,0,0,0,0,0,1,0,0.41206355362767066,-0.9111551063193005,0.9775364715240298,0.2107663323217201,-0.6281853499080824,-0.7780637288557153,0.9428848627631359,-0.33311880098868984,0.8164308914380598,0.5774431569476385,-0.4596503252758348,-0.8880999822507707,-0.9716223500544774,0.2365375422097191,-0.6178440166378084,0.7863006874630465,0.3268786567955711,-0.945066317107706,0.9861709580766679,0.16573123256087538,1,0,0,0,99,85
1701489660,12,2,5,721,019.6,0.0,072,0,0,0,0,0,1,0,-0.9999899379137492,0.0044859860962648745,0.7055189628577446,-0.7086910420261656,-0.924308130989381,-0.3816470607602228,0.8311579455074176,-0.5560363923520552,0.8820533975763755,0.47114944956348237,-0.5142229820012509,-0.8576565307754271,-0.9637573685257683,0.26678031151546105,-0.6054831494288421,0.795858125395306,0.3194854258058527,-0.9475911896475467,0.9868108201797209,0.16187774762525764,1,0,0,0,99,84
1701489720,12,2,5,722,019.7,0.0,072,0,0,0,0,0,1,0,-0.536522042161478,0.8438863064861742,0.2793865543595699,-0.9601787090136331,-0.9899946234736917,-0.141105086702016,0.7553492856626053,-0.655322406643472,0.9097588709772145,0.4151370817913813,-0.5407693215265723,-0.8411709344097017,-0.9594714520009706,0.2818058423722779,-0.5992470932877865,0.8005641268419033,0.3157814696574965,-0.9488319468804535,0.9871251052628672,0.15995007521027702,1,0,0,0,99,81
1701489780,12,2,5,723,019.8,0.0,072,0,0,0,0,0,1,0,0.42022174485588953,0.9074214484737904,-0.21514942659255415,-0.9765811406313841,-0.994128045231444,0.10821011821594118,0.6677536528481364,-0.7443823339574701,0.9339117554559077,0.3575036125989008,-0.5667876089864259,-0.8238639489014253,-0.9549512942819192,0.2967625743743428,-0.59297446219279,0.805221265980458,0.31207269507243185,-0.9500582261052366,0.9874356247637708,0.15802179263437582,1,0,0,0,99,80
1701489900,12,2,5,725,019.9,0.0,071,0,0,0,0,0,1,0,0.6502420383735517,-0.7597271164910521,-0.9380104254460747,-0.34660704227478406,-0.820550742573177,0.5715736862930343,0.4628316722670164,-0.8864461873946535,0.9711967327464229,0.23827905132989188,-0.6171389424878762,-0.7868541959378154,-0.9452127263049878,0.32645505361548977,-0.5803210087462414,0.8143878233420149,0.3046409170301858,-0.9524672759055859,0.9880453622950683,0.15416342642535893,1,0,0,0,99,82
1701489960,12,2,5,726,019.8,0.0,070,0,0,0,0,0,1,0,-0.28796105219335977,-0.9576421212643548,-0.9893538601694428,0.14552985730709223,-0.6536322141284454,0.756812347054107,0.348703063469403,-0.9372332545994372,0.9841832285198314,0.17715352861368974,-0.6414228213067844,-0.7671875678781851,-0.9399966935788086,0.3411835518616152,-0.573940958696269,0.8188966820856021,0.3009180269727937,-0.9536500097220159,0.988344577999499,0.1522333575107376,1,0,0,0,99,84
1701490020,12,2,5,727,019.8,0.0,071,0,0,0,0,0,1,0,-0.9614140793741277,-0.275105376140123,-0.7984689650011837,0.6020359722889809,-0.4460740004253886,0.8949960816363893,0.22913305999310826,-0.9733951103319733,0.9933265098475862,0.11533622515937178,-0.665080361625807,-0.7467717941779041,-0.9345511741413373,0.3558287550368126,-0.5675258782483789,0.823355559596464,0.29719054527654143,-0.9548181920126113,0.9886400234697691,0.15030270787212824,1,0,0,0,99,84
1701490080,12,2,5,728,019.9,0.0,071,0,0,0,0,0,1,0,-0.750947435766512,0.660361983093894,-0.41209101962194344,0.9111426845159583,-0.21078106590019152,0.9775332947055968,0.10598751175115685,-0.9943674609282015,0.9985908724117705,0.05306853621402457,-0.688088462258297,-0.7256268104935293,-0.9288774974380447,0.37038708772476847,-0.5610761589460167,0.8277641837276992,0.2934585288182137,-0.9559718049523478,0.9889316975788438,0.1483714848743724,1,0,0,0,99,86
1701490140,12,2,5,729,020.1,0.0,072,0,0,0,0,0,1,0,0.14993681711330134,0.9886955804866999,0.0751811795375017,0.9971698903613917,0.03761721440117745,0.9992922221155811,-0.01881193616323041,-0.9998230398714517,0.9999557589892294,-0.009406384229561218,-0.7104246561844406,-0.7037732645427925,-0.922977048615726,0.38485499571735293,-0.5545921944468057,0.8321222853996139,0.28972203454379003,-0.957110830938511,0.9892195992140752,0.14643969588449884,1,0,0,0,99,85
1701490260,12,2,5,731,020.1,0.0,071,0,0,0,0,0,1,0,0.8366226151268321,-0.5477797001152385,0.8797100943251812,0.4755104099200992,0.5120984231961181,0.8589267750862407,-0.2655872972430715,-0.9640868153559203,0.990981032955707,-0.13400221013863856,-0.7529947576639026,-0.6580265153705288,-0.9105016516653137,0.41350543202566953,-0.541523114914927,0.8406858604810924,0.2822358406713325,-0.9593450527524214,0.9897840806843736,0.1425744494072809,1,0,0,0,99,85
1701490320,12,2,5,732,020.0,0.0,071,0,0,0,0,0,1,0,-0.008911595619283405,-0.9999602909433546,0.9999900726865629,-0.004455842044182302,0.7086804082392084,0.705529644294206,-0.38371236343503057,-0.9234526637284138,0.9806764664578257,-0.19563657157033057,-0.7731870962355524,-0.6341779830732337,-0.9039297492264633,0.42768096574828196,-0.5349387975515134,0.8448908112141716,0.27848625530340665,-0.9604402144886925,0.9900606583661156,0.14064100666467697,1,0,0,0,99,85
1701490380,12,2,5,733,019.9,0.0,071,0,0,0,0,0,1,0,-0.8462525264509585,-0.5327820018313022,0.8754376053812465,-0.48333114847312386,0.8612000779357617,0.5082660973972571,-0.49584972653150816,-0.8684083421401643,0.9665423793450973,-0.25650697637670183,-0.7926244307289241,-0.609710186737641,-0.8971371653035117,0.44175208729691307,-0.5283218302810735,0.8490441941668623,0.27473242057785763,-0.9615207210889587,0.9903334592673719,0.13870702741938,1,0,0,0,99,85
1701490440,12,2,5,734,019.9,0.0,072,0,0,0,0,0,1,0,-0.9055527871571002,0.42423360271436256,0.5365474803247321,-0.8438701329927379,0.9601744979410612,0.27940102631098374,-0.6002495204866958,-0.7998127988195062,0.948633964925225,-0.31637572692962224,-0.8112877809167417,-0.5846470187516472,-0.8901255582084044,0.4557153614090449,-0.5216726169691845,0.8531457558380763,0.27097439377358495,-0.9625865560660185,0.99060248234749,0.13677251904893306,1,0,0,0,99,86
1701490500,12,2,5,735,019.8,0.0,072,0,0,0,0,0,1,0,-0.1322919915216454,0.9912107893779389,0.06629181933715889,-0.9978002779559492,0.9994499181939906,0.03316415266557249,-0.6952826214333375,-0.7187364442775852,0.9270211551732747,-0.3750090370393858,-0.8291589223542691,-0.5590129528734616,-0.8828966397244532,0.46956737915156455,-0.5149915634495557,0.8571952458896295,0.26721223223345386,-0.9636377031565415,0.9908677265802286,0.13483748893289754,1,0,0,0,99,86
1701490560,12,2,5,736,019.7,0.0,072,0,0,0,0,0,1,0,0.7625974510230334,0.6468733474901962,-0.42019439103217676,-0.9074341153742778,0.9765843832906294,-0.21513470736462095,-0.7794660696158047,-0.626444447910339,0.9017883476488092,-0.4321779448847783,-0.8462204041751706,-0.5328330203333975,-0.8754521746884285,0.4833047587530059,-0.5082790774992584,0.8611924171615208,0.26344599336342084,-0.9646741463213163,0.9911291909537616,0.13290194445282522,1,0,0,0,99,86
1701490620,12,2,5,737,019.6,0.0,072,0,0,0,0,0,1,0,0.9563583139954668,-0.2921964668707481,-0.8038023596851244,-0.5948964334778163,0.8929995614438498,-0.4500575332789041,-0.8514862104810929,-0.5243769954532216,0.8730340759252245,-0.48765920710408944,-0.8624555661319862,-0.5061327853912996,-0.8677939805597005,0.496924146429161,-0.5015355688138374,0.8651370256870182,0.2596757346316572,-0.9656958697454956,0.991386874470682,0.13096589299222994,1,0,0,0,99,86
1701490680,12,2,5,738,019.6,0.0,074,0,0,0,0,0,1,0,0.2708477535528008,-0.9626221971237736,-0.9906114770998198,-0.1367073569275377,0.7538923520395793,-0.6569979615921431,-0.910219193818759,-0.4141268153644828,0.8408706248182544,-0.5412361705556629,-0.8778485548645799,-0.47893832037347833,-0.8599239269765315,0.5104222172018581,-0.49476144898230595,0.8690288307075485,0.2559015135676726,-0.9667028578388368,0.9916407761480053,0.12902934193655957,1,0,0,0,99,79
1701490740,12,2,5,739,019.5,0.0,072,0,0,0,0,0,1,0,-0.663678982427899,-0.7480175187009116,-0.934884356137408,0.3549524484343561,0.5679117676037555,-0.8230894387714971,-0.9547485110675735,-0.29741432483028024,0.8054235919161669,-0.5926996183437778,-0.8923843393806778,-0.45127618021352633,-0.8518439352996318,0.5237956757107076,-0.4879571314620232,0.8728675946873924,0.25212338776143683,-0.9676950952359407,0.9918908950171739,0.12709229867316782,1,0,0,0,99,80
1701490860,12,2,5,741,019.4,0.0,073,0,0,0,0,0,1,0,-0.40398249595507346,0.9147667150492026,-0.20643798699706092,0.9784596862030654,0.10377936643893754,-0.994600343405095,-0.9986491734851372,-0.0519598719922648,0.7252447421361512,-0.6884911502727306,-0.9188283708812899,-0.394657351209419,-0.8350620788927668,0.5501557274038783,-0.4742595663748501,0.8803850655832022,0.24455565257911935,-0.9696352576054571,0.9923797805289709,0.12321676508199471,1,0,0,0,99,83
1701490920,12,2,5,742,019.3,0.0,073,0,0,0,0,0,1,0,0.5514769744870444,0.8341901141889754,0.28793218456003195,0.9576508012289697,-0.14551494557438124,-0.9893560535087885,-0.9973354634998167,0.07295185566937777,0.6808260219507706,-0.7324451705313435,-0.9307107957178061,-0.3657559496909493,-0.8263643112123579,0.5631358851596348,-0.46736715483673286,0.8840633136714912,0.24076615867736564,-0.9705831529733789,0.9926185453066497,0.12127828953819604,1,0,0,0,99,85
1701490980,12,2,5,743,019.3,0.0,073,0,0,0,0,0,1,0,0.9999110578521441,-0.01333703059178224,0.7118065153508298,0.7023756008747093,-0.38576184306207034,-0.9225983960734783,-0.9804586671740625,0.19672519402267946,0.633748690719484,-0.7735390080735035,-0.9416843972567198,-0.3364973936945846,-0.8174647985370944,0.5759785613655318,-0.4604462176163836,0.8876876030917441,0.2369729909802548,-0.9715162384365339,0.9928535235462816,0.11933935135458495,1,0,0,0,99,85
1701491040,12,2,5,744,019.3,0.0,073,0,0,0,0,0,1,0,0.5290315259540843,-0.8486021709533231,0.9614057860636483,0.27513435722086477,-0.6020239375552833,-0.7984780389030324,-0.9482821412699473,0.31742870151970165,0.5841965844132856,-0.8116121923430246,-0.9517384599623535,-0.3069102537037296,-0.808365713555359,0.5886806206663637,-0.45349717713213844,0.8912577126360152,0.23317620736685893,-0.9724344997571855,0.9930847143514961,0.1173999579276213,1,0,0,0,99,86
1701491100,12,2,5,745,019.3,0.0,073,0,0,0,0,0,1,0,-0.42823715115227945,-0.9036663888697973,0.9756193901490984,-0.21946937272681427,-0.7808550994668647,-0.6247121846391287,-0.9013079897124868,0.43317884029628645,0.5323632029468761,-0.8465160483701081,-0.9608631662130951,-0.2770234210584837,-0.7990692776782511,0.6012389620365252,-0.4465204575176119,0.8947734244032187,0.2293758657714247,-0.973337922923796,0.9933121168403706,0.11546011665550152,1,0,0,0,99,84
1701491160,12,2,5,746,019.3,0.0,073,0,0,0,0,0,1,0,-0.9917865664060436,-0.1279038963304499,0.7509673416102893,-0.6603393459690063,-0.9111364733038093,-0.412104752478659,-0.840269228425824,0.5421693681504614,0.4784509545656371,-0.8781142773439177,-0.9690496058881397,-0.24686607974373714,-0.78957776049726,0.6136505195370826,-0.4395164845958098,0.8982345238124292,0.22557202418248906,-0.9742264941512392,0.9935357301454335,0.11351983493813046,1,0,0,0,99,84
1701491220,12,2,5,747,019.2,0.0,073,0,0,0,0,0,1,0,-0.643491986364181,0.7654528486360742,0.3424522969436224,-0.9395352171781732,-0.9847677942485156,-0.17387464280599801,-0.7661183468648947,0.6426995243478877,0.4226703654457646,-0.9062834888565188,-0.9762897850680705,-0.21646767789150556,-0.7798934792301785,0.625912263064279,-0.4324856858531395,0.9016407996159777,0.22176474064199472,-0.9751001998810116,0.9937555534136682,0.11157912017709314,1,0,0,0,99,85
1701491280,12,2,5,748,019.2,0.0,073,0,0,0,0,0,1,0,0.2964261583255705,0.955055774633264,-0.14990701345623575,-0.9887000997858916,-0.997171023392149,0.07516615000819327,-0.6800124447360528,0.7332005694242856,0.365239257594056,-0.9309136827397816,-0.9825766338407864,-0.18585789902532845,-0.7700187981553854,0.6380211990892903,-0.4254284904133183,0.9049920439123458,0.21795407324440425,-0.9759590267814386,0.9939715858065156,0.10963797977562646,1,0,0,0,99,85
1701491340,12,2,5,749,019.2,0.0,073,0,0,0,0,0,1,0,0.963811460090061,0.2665848258979956,-0.6055638587721383,-0.7957967158445666,-0.9475749880206227,0.3195334756762063,-0.5832951758431548,0.8122602648400962,0.3063818982576352,-0.951908678613683,-0.9879040132051502,-0.15506663307481236,-0.7599561280346426,0.6499743713890525,-0.4183453290111816,0.9082880521588547,0.21414008013581365,-0.9768029617478785,0.9941838264998778,0.1076964211385911,1,0,0,0,99,86
1701491460,12,2,5,751,019.4,0.0,074,0,0,0,0,0,1,0,-0.15868219392454155,-0.9873297125739173,-0.996827395433612,0.07959361603194907,-0.6783827768922391,0.7347086551933184,-0.3642055359317603,0.9313185961832069,0.18531244401927394,-0.98267965181518,-0.9956604973120055,-0.09306005637441869,-0.7392766925767438,0.6734017907704067,-0.4041028391570599,0.9147135592004764,0.2065023496228598,-0.9784461045965885,0.9945969295640794,0.10381207878520571,1,0,0,0,99,86
1701491520,12,2,5,752,019.4,0.0,074,0,0,0,0,0,1,0,-0.9165456608473167,-0.39993005836265355,-0.8366391272115635,0.5477544804186207,-0.47552366901205834,0.879702927248347,-0.24525198546765434,0.9694593666699876,0.123573122745224,-0.9923354691509287,-0.9980820279793963,-0.061905293994420546,-0.72866497582717,0.6848703183835534,-0.39694437999324705,0.9178426658157577,0.20267872876086712,-0.9792452874065205,0.9947977903590559,0.10186930988644112,1,0,0,0,99,82
1701491640,12,2,5,754,019.4,0.0,074,0,0,0,0,0,1,0,0.01776220433321534,0.9998422396044413,0.00888145245887885,0.9999605591233189,0.0044407700166209495,0.9999901397322173,0.002220390481728404,0.9999975349300161,-0.0011101959250420757,-0.9999993837323141,-0.9999998459330667,0.0005550980480432917,-0.7069104971465471,0.7073030107556603,-0.3825552177427069,0.9239326303242191,0.1950222675437101,-0.9807988148249923,0.9951881266436493,0.09798261370010419,1,0,0,0,99,82
1701491760,12,2,5,756,019.3,0.0,073,0,0,0,0,0,1,0,0.9017622905605737,-0.4322323117525429,0.8462364656975445,0.5328075113244262,0.48331795366796265,0.8754448901342752,0.24955471330524379,0.9683606998774462,-0.1257761903592125,-0.9920586423890088,-0.9980126858885634,0.06301332244450873,-0.6844657323619245,0.7290450337408892,-0.36807266012236683,0.9297970299320409,0.1873539031725241,-0.982292479339031,0.9955632775818498,0.09409442241963412,1,0,0,0,99,85
1701491820,12,2,5,757,019.2,0.0,073,0,0,0,0,0,1,0,0.12351329589860735,-0.992342917411246,0.9980838936209837,0.06187520742896127,0.6848813008730195,0.7286546532579619,0.3683377164655,0.9296920601086044,-0.18749391975660915,-0.9822657634542202,-0.9955565688232438,0.09416537725135425,-0.6729913159724447,0.7396503826982563,-0.3607974620903975,0.9326441933283712,0.1835154035382709,-0.9830168343747657,0.9957451567481425,0.09214978465855,1,0,0,0,99,86
1701491940,12,2,5,759,019.2,0.0,073,0,0,0,0,0,1,0,-0.9537345286904526,0.3006500437112895,0.5913332209037094,-0.8064273196362117,0.9503755362056127,0.31110503078846885,0.5868964854263191,0.8096619760086516,-0.30849475197428267,-0.9512260446415067,-0.9877312500476805,0.1561633045220503,-0.6495524210862237,0.7603168104553688,-0.3461814477587088,0.9381675784355823,0.17583006222545924,-0.9844205347400018,0.9960975190060464,0.08825946198566526,1,0,0,0,99,85
1701492000,12,2,5,760,019.2,0.0,074,0,0,0,0,0,1,0,-0.26231667667323905,0.9649818449790168,0.13232187086982847,-0.9912068010710522,0.9977992786806003,0.06630685835171127,0.683261714736121,0.7301735609948197,-0.36730534913419133,-0.9301004142012893,-0.9823696896284233,0.18694863706204273,-0.6375936648595081,0.7703728438431753,-0.3388415235451705,0.9408434630275048,0.17198333781575365,-0.9850998586507625,0.9962680007535027,0.08631379191426318,1,0,0,0,99,84
1701492060,12,2,5,761,019.3,0.0,074,0,0,0,0,0,1,0,0.670273918142016,0.7421137882148197,-0.35908648803956716,-0.9333042880579784,0.9831846947694971,-0.18261395338530634,0.768964873510262,0.6392910317745328,-0.42468162676613824,-0.905342761547949,-0.9760488618783255,0.21755141743051343,-0.6254792492838938,0.7802408017498551,-0.3314809181914887,0.9434619233837301,0.16813398915191097,-0.9857641511496881,0.9964346820413489,0.08436779258197977,1,0,0,0,99,84
1701492120,12,2,5,762,019.3,0.0,073,0,0,0,0,0,1,0,0.986617763744047,-0.16305026300100225,-0.7625779510977885,-0.6468963352033299,0.9074404485153088,-0.4201807139771352,0.842668592620235,0.5384325798198252,-0.48039953173383443,-0.8770497647852786,-0.9687749389784189,0.2479417625317701,-0.6132121319201985,0.7899182750550117,-0.32410008095107623,0.9460227996869345,0.1642820749702558,-0.9864134021004922,0.9965975622337464,0.08242147141221098,1,0,0,0,99,85
1701492180,12,2,5,763,019.3,0.0,073,0,0,0,0,0,1,0,0.39586978738073614,-0.9183066543585159,-0.9793637358914501,-0.20210559819248466,0.7752759502888261,-0.6316226728860813,0.9032227501801761,0.4291720675404672,-0.5342414868107552,-0.8453319074601606,-0.9605550237909749,0.27808999670955387,-0.6007953076091915,0.7994029011423319,-0.316699462312196,0.9485259356344274,0.1604276540462594,-0.9870476015964041,0.9967566407093569,0.08047483582958054,1,0,0,0,99,86
1701492240,12,2,5,764,019.3,0.0,073,0,0,0,0,0,1,0,-0.5588390458533631,-0.8292761426869235,-0.9563671216345017,0.29216763793503586,0.594908548461427,-0.8037933932096717,0.9496824188142243,0.31321446868745406,-0.5859972403145539,-0.8103130471266812,-0.9513971429236797,0.3079666807248138,-0.588231807740446,0.8086923644763854,-0.30927951397046544,0.9509711784476923,0.15657078519364281,-0.98766673996032,0.9969119168613444,0.07852789325991148,1,0,0,0,99,86
1701492300,12,2,5,765,019.4,0.0,072,0,0,0,0,0,1,0,-0.9997538375481824,0.022187030168153377,-0.6992184815320054,0.71490804659346,0.37755261448342536,-0.9259881334535178,0.9813226109321842,0.1923692628078641,-0.6354646871353813,-0.7721299316850319,-0.9413102388917886,0.33754264050262456,-0.5755246995122691,0.8177843971679285,-0.30184068880128756,0.9533583788817112,0.15271152726347947,-0.9882708077449498,0.9970633900973773,0.07658065113019796,1,0,0,0,99,85
1701492360,12,2,5,766,019.4,0.0,072,0,0,0,0,0,1,0,-0.521499561602246,0.8532515498073621,-0.27087677105340535,0.9626140321560251,0.13672228758321528,-0.9906094165098637,0.9976495919183909,0.06852219892172288,-0.6824506579520153,-0.7309316653838863,-0.930304161385911,0.3667889956201752,-0.5626770851828893,0.8266767795275779,-0.29438344083220963,0.9556873912340734,0.14884993914329722,-0.9888597957329627,0.9972110598396317,0.07463311686857685,1,0,0,0,99,86
1701492420,12,2,5,767,019.5,0.0,073,0,0,0,0,0,1,0,0.43621900626234744,0.8998405295248098,0.22378502013672655,0.9746385303087524,-0.11260876895528071,-0.9936394039863637,0.9984085846952548,-0.05639413096074909,-0.7267716735539261,-0.6868791265714991,-0.9183896576539555,0.39567718750801195,-0.5496921013130842,0.8353673406077149,-0.28690822521521153,0.9579580733538694,0.14498607975617966,-0.9894336949371265,0.9973549255247919,0.0726852979042994,1,0,0,0,99,82
1701492480,12,2,5,768,019.5,0.0,072,0,0,0,0,0,1,0,0.9928798314963556,0.11912027622436312,0.6636564336219596,0.7480375245348201,-0.3549383576518463,-0.9348897059372352,0.9835877454343449,-0.18043044929108396,-0.7682546613236668,-0.6401443394691997,-0.9055783620066239,0.424179007336997,-0.5365729180004349,0.8438539587324921,-0.27941549819892586,0.960170286650366,0.1411200080598672,-0.9899924966004454,0.9974949866040544,0.0707372016677029,1,0,0,0,99,80
1701492540,12,2,5,769,019.5,0.0,071,0,0,0,0,0,1,0,0.6366915185525545,-0.7711186096854635,0.9410416063292482,0.33829084403404747,-0.575199598385618,-0.8180130940376344,0.9534183483753694,-0.3016512108067574,-0.8067376310817407,-0.590909802420489,-0.8918827844567045,0.45226662356375086,-0.5233227381053919,0.8521345620158094,-0.27190571710079076,0.9623238961014657,0.1372517830458574,-0.9905361921962937,0.9976312425431287,0.06878883559018242,1,0,0,0,99,77
1701492600,12,2,5,770,019.4,0.0,072,0,0,0,0,0,1,0,-0.30486804029509035,-0.952394602046143,0.9880269738337468,-0.1542812333919083,-0.7596977140257526,-0.6502763899328083,0.9083711768690177,-0.41816480606765055,-0.8420703076547856,-0.5393677752389131,-0.8773162985032573,0.4799126091076827,-0.509944796469342,0.8602071288671359,-0.2643793402791376,0.964418770261948,0.13338146373850462,-0.9910647734285454,0.9977636928222396,0.06684020710416233,1,0,0,0,99,76
1701492660,12,2,5,771,019.4,0.0,072,0,0,0,0,0,1,0,-0.9661333288664309,-0.2580433894783372,0.7931088794983754,-0.6090798841374023,-0.8969615053438476,-0.4421086494644714,0.8491491769602298,-0.5281530793886979,-0.8741147176969102,-0.4857195284376067,-0.8618931280726186,0.5070899681330687,-0.4964423591248692,0.8680696884850515,-0.25683682710521527,0.9664547812714911,0.12950910919411976,-0.9915782322317012,0.9978923369361299,0.06489132364306802,1,0,0,0,99,77
1701492720,12,2,5,772,019.4,0.0,072,0,0,0,0,0,1,0,-0.7391400904300984,0.673551725347791,0.4040100708226276,-0.9147545368424774,-0.9784565746221131,-0.20645273449087873,0.7766764881502719,-0.629899700551255,-0.9027457284726566,-0.43017455727224563,-0.8456283336289784,0.5337721624100279,-0.482818722498399,0.8757203213383905,-0.2492786379351523,0.9684318048624773,0.12563477850006885,-0.9920765607710116,0.9980171743940611,0.06294219264129754,1,0,0,0,99,76
1701492780,12,2,5,773,019.5,0.0,072,0,0,0,0,0,1,0,0.16741513842849595,0.985886490132088,-0.08400449353431058,-0.9964653757487232,-0.99911595316778,0.04203941157578726,0.6920840225089049,-0.7218169475621181,-0.927851536497655,-0.3729497636665573,-0.828537797468093,0.5599331372286528,-0.4690772126054234,0.8831571596348673,-0.24170523408185923,0.9703497203675764,0.12175853077387154,-0.9925597514425961,0.9981382047198164,0.06099282153419321,1,0,0,0,99,76
1701492840,12,2,5,774,019.5,0.0,072,0,0,0,0,0,1,0,0.9200496610903988,0.39180176253743726,-0.5514518281149147,-0.8342067377267571,-0.9576551408849527,0.2879177506452518,0.5966918171697799,-0.8024704825242022,-0.9493341041288368,-0.3142686092149499,-0.8106382082084923,0.5855473468409921,-0.4552211842385018,0.8903783877770709,-0.2341170777868726,0.9722084107271113,0.117880425162299,-0.9930277968735597,0.9982554274517018,0.05904321775801332,1,0,0,0,99,74
1701492900,12,2,5,775,019.5,0.0,071,0,0,0,0,0,1,0,0.8267947683721899,-0.5625036986477305,-0.8838845226181219,-0.4677051963321925,-0.8566519702691965,0.5158947584865577,0.491988435592465,-0.8706017339996969,-0.9671095423993336,-0.25436024256976875,-0.7919470444953276,0.6105897794060392,-0.4412540201482366,0.8973822428057174,-0.2265146321921418,0.9740077624962025,0.11400052084047149,-0.9934806899221047,0.9983688421425482,0.057093388749903703,1,0,0,0,99,74
1701492960,12,2,5,776,019.5,0.0,072,0,0,0,0,0,1,0,-0.026611421427981424,-0.9996458534148893,-0.9999114594340064,0.013306888913466725,-0.7023863292684922,0.711795928940826,0.3796077390275217,-0.9251475365964139,-0.981108438603097,-0.1934586046207122,-0.7724825579327705,0.6350359814133715,-0.42717913021742326,0.904167014830051,-0.2188983613117615,0.9757476658516921,0.11011887701095537,-0.9939184236776407,0.9984784483597131,0.055143341947869365,1,0,0,0,99,75
1701493020,12,2,5,777,019.5,0.0,072,0,0,0,0,0,1,0,-0.8555511930921242,-0.5177182206554476,-0.8711251978491518,0.4910609836591339,-0.5044497082667736,0.8634410760611096,0.2613033906581489,-0.9652567213081475,-0.9912761273500305,-0.13180151496066433,-0.7522637552616317,0.6588620815615874,-0.4129999506285761,0.9107310474452892,-0.2112687300036505,0.9774280145988474,0.10623555290285971,-0.994340991460889,0.9985842456850822,0.05319308479074615,1,0,0,0,99,77
1701493080,12,2,5,778,019.5,0.0,072,0,0,0,0,0,1,0,-0.8979011434038442,0.4401971565947119,-0.5290571062774264,0.8485862232545117,-0.2751488476674837,0.9614016390808037,0.13892149027273704,-0.9903033977223353,-0.9975729040331677,-0.06962974320527361,-0.7313103797996011,0.6820448140682276,-0.3987199430250338,0.9170727381370105,-0.20362620394117933,0.9790487061778415,0.10235060777093262,-0.9947483868239851,0.9986862337150706,0.05124262471817234,1,0,0,0,99,75
1701493140,12,2,5,779,019.5,0.0,072,0,0,0,0,0,1,0,-0.11472492335334811,0.9933972981448904,-0.05745738357735032,0.9983479599180064,-0.028740564382016227,0.9995869046556198,0.014371766495114374,-0.9998967208306115,-0.9999741798743135,-0.007186068792756609,-0.7096428921622328,0.7045615413884168,-0.3843425936658486,0.923190538672385,-0.19597124958474776,0.9806096416700136,0.098464100894657,-0.9951406035505771,0.9987844120606251,0.04929196917056027,1,0,0,0,99,75
1701493260,12,2,5,781,019.4,0.0,072,0,0,0,0,0,1,0,0.9510360209453427,-0.3090800654595016,0.8090364841771667,0.58775842594577,0.45400527202568364,0.8909989971783835,-0.23345342450006654,-0.9723679851728931,-0.9930679697716801,0.11754151357521916,-0.6642508887554389,0.747509703473881,-0.3553099326828051,0.9347485500052624,-0.18062592559588117,0.9835518669610827,0.09068663914523838,-0.9958794773869684,0.9989693382148844,0.04539010141557074,1,0,0,0,99,76
1701493320,12,2,5,782,019.4,0.0,073,0,0,0,0,0,1,0,0.2537650480137331,-0.967265889198305,0.9917827103751873,0.12793379303705288,0.6603280271815468,0.7509772942762827,-0.3528616624994258,-0.9356755031196132,-0.9837874524305575,0.17933836299072597,-0.6405706975070254,0.7678992000877217,-0.34066170896673886,0.9401859390800635,-0.17293649256292973,0.9849329771817125,0.08679580294659275,-0.9962261232224621,0.9990560853181523,0.04343890409263279,1,0,0,0,99,70
1701493380,12,2,5,783,019.3,0.0,072,0,0,0,0,0,1,0,-0.6768163397642243,-0.7361519151833799,0.931705939442102,-0.36321349425415084,0.8255947838540862,0.5642634605154977,-0.46676361227311963,-0.8843821177849249,-0.9706652661409403,0.24043489993663053,-0.6162649998431557,0.7875388561641358,-0.32593031758020324,0.9453937952419975,-0.16523650437781978,0.986253972169947,0.08290364235078253,-0.9965575678730123,0.9991390213261147,0.041487541063478864,1,0,0,0,99,71
1701493440,12,2,5,784,019.3,0.0,072,0,0,0,0,0,1,0,-0.9851359060614224,0.17177673471265031,0.6435150601529656,-0.7654334506384766,0.9395300555699313,0.3424664577455166,-0.5733818719904229,-0.8192882452914593,-0.9537526527594719,0.3005925437436371,-0.5913575298651244,0.8064094939122546,-0.3111193549811273,0.9503708470676735,-0.157526431008143,0.987514771299061,0.07901021674738969,-0.9968738062811815,0.999218145922396,0.03953601977196579,1,0,0,0,99,71
1701493500,12,2,5,785,019.2,0.0,073,0,0,0,0,0,1,0,-0.38772606351274697,0.9217746469028693,0.19776925076605154,-0.980248602881654,0.9950498989703115,0.09937654934225174,-0.6710526993678471,-0.7414096537482675,-0.9331156556794735,0.35957638010006476,-0.5658726092946783,0.8244926864745572,-0.2962324370536107,0.9551158794812693,-0.1498067430370387,0.9887152976163738,0.07511558554529872,-0.9971748336215606,0.9992934588051601,0.03758434766255414,1,0,0,0,99,72
1701493560,12,2,5,786,019.2,0.0,073,0,0,0,0,0,1,0,0.5661573337391945,0.8242971997121707,-0.2963973686521434,-0.9550647097742044,0.9887023590985824,-0.14989211157661958,-0.7582519738110213,-0.6519616125292119,-0.9088348619329069,0.4171560783872076,-0.5398351237242685,0.8417707759203831,-0.281273198225157,0.9596277340511744,-0.14207791163447184,0.9898554778479468,0.07121980817179005,-0.9974606453008427,0.9993649596871111,0.035632532180279806,1,0,0,0,99,71
1701493620,12,2,5,787,019.1,0.0,073,0,0,0,0,0,1,0,0.9995182893196364,-0.031035291452596547,-0.717995575004678,-0.6960476666678093,0.9208820952401586,-0.38984120698830105,-0.8336189798068123,-0.552339928400844,-0.8810050874997386,0.4731067911154711,-0.5132704983166911,0.8582268904886025,-0.26624529057938057,0.9639053092728047,-0.13434040852847542,0.9909352424030555,0.06732294407163325,-0.9977312369578932,0.999432648295495,0.03368058077072561,1,0,0,0,99,70
1701493680,12,2,5,788,019.1,0.0,073,0,0,0,0,0,1,0,0.5139267392143615,-0.8578340787824261,-0.9638034236249698,-0.26661387925010005,0.7958058429196471,-0.6055518643146514,-0.8959776404338033,-0.44409916442465225,-0.8497350070535673,0.5272100319490078,-0.486204672977848,0.873844961062604,-0.2511523829644027,0.9679475608375188,-0.1265947059763584,0.9919545253784365,0.06342505270618003,-0.9979866044638166,0.9994965243721002,0.03172850087999289,1,0,0,0,99,69
1701493740,12,2,5,789,019.1,0.0,073,0,0,0,0,0,1,0,-0.4441666848300092,-0.895944170184236,-0.9736385803223484,0.22809628429214274,0.6212502377093538,-0.7836122396607084,-0.9443548696493042,-0.32892838152042436,-0.8151467295893495,0.5792545288901829,-0.4586640770268678,0.8886097368615153,-0.23599816009715488,0.9717535018875711,-0.11884127673588184,0.9929132645623109,0.059526193552456905,-0.9982267439220187,0.999556587673259,0.029776299954673093,1,0,0,0,99,65
1701493800,12,2,5,790,019.0,0.0,073,0,0,0,0,0,1,0,-0.9938953072212839,-0.11032732337689327,-0.745093055724214,0.6669605223036468,0.4080683016949204,-0.9129514013088668,-0.97799575697159,-0.20862478123551537,-0.777375321590387,0.6290370492922037,-0.4306756033883254,0.9025068003323309,-0.2207863216638081,0.9753222032570393,-0.11108059403640383,0.9938114014381801,0.055626426102257626,-0.9984516516682669,0.9996128379698479,0.02782398544181939,1,0,0,0,99,65
1701493860,12,2,5,791,019.0,0.0,074,0,0,0,0,0,1,0,-0.6298411677363565,0.7767239557426453,-0.3341227650560155,0.9425295633938082,0.16951465512779687,-0.9855276666318933,-0.9963753476054827,-0.08506566101579052,-0.7365682795966001,0.676363193478256,-0.4022665823317567,0.9155225812284086,-0.20552058141654744,0.9786527936986663,-0.10331313154999636,0.9946488811883987,0.05172580986123544,-0.9986613242707456,0.9996652750472894,0.02587156478891824,1,0,0,0,99,67
1701493920,12,2,5,792,019.0,0.0,074,0,0,0,0,0,1,0,0.3132860367040136,0.9496588119984416,0.15865243143670757,0.9873344954974584,-0.07957859166428352,-0.9968285949694307,-0.9992068341863537,0.0398208803931389,-0.6928849542336957,0.7210481538680822,-0.3734647547841147,0.9276443698605846,-0.19020466626691288,0.9817444600965631,-0.0955393633625346,0.9954256526975189,0.04782440434799511,-0.998855758530109,0.9997138987055519,0.023919045443861007,1,0,0,0,99,68
1701493980,12,2,5,793,019.0,0.0,074,0,0,0,0,0,1,0,0.9683795037912949,0.24948173607886706,0.6125839795167406,0.7904055086089884,-0.32372402705932385,-0.9461515493326078,-0.9864460323131236,0.1640860302819716,-0.6464959279523841,0.7629174366476269,-0.34429824524122477,0.9388603295079697,-0.1748423153759271,0.9845964476647195,-0.08775976394476126,0.9961416685554118,0.04392226909318471,-0.9990349514795295,0.999758708759151,0.02196643485491553,1,0,0,0,99,68
1701494040,12,2,5,794,019.0,0.0,074,0,0,0,0,0,1,0,0.7331493210037495,-0.6800676974476445,0.916533604797894,0.3999576868572196,-0.54774187038366,-0.8366473829688406,-0.9582920700310633,0.28579067254824764,-0.5975823489075595,0.8018075431636471,-0.31479553430469187,0.9491595079763061,-0.15943727924123308,0.9872080601312739,-0.07997480812332723,0.9967968850601596,0.04001946363858728,-0.9991989003847431,0.9997997050371497,0.020013740470697712,1,0,0,0,99,68
1701494100,12,2,5,795,019.0,0.0,075,0,0,0,0,0,1,0,-0.1761349664233212,-0.9843660262336645,0.996083838397568,-0.08841372564917586,-0.7377037771521764,-0.6751245345678174,-0.9151842805052481,0.4030356469545731,-0.5463352235786316,0.8375666083824537,-0.28498543087107653,0.9585318482925994,-0.1439933187814639,0.9895786599084985,-0.07218497105181075,0.9973912622207242,0.03611604753621227,-0.9993476027440913,0.9998368873831599,0.018060969740143117,1,0,0,0,99,68
1701494160,12,2,5,796,019.0,0.0,074,0,0,0,0,0,1,0,-0.9234815780088051,-0.3836427701369688,0.8317580087191734,-0.5551383745801722,-0.8817988360675502,-0.47162571251991114,-0.857795346373455,0.5139913848889341,-0.49295467089331135,0.8700549939196184,-0.2548970440004961,0.9669681985255819,-0.12851420441806832,0.9917076682484567,-0.06439072818171633,0.997924763759387,0.03221208034738687,-0.9994810562885589,0.9998702556553423,0.016108130112478542,1,0,0,0,99,60
1701494220,12,2,5,797,019.0,0.0,074,0,0,0,0,0,1,0,-0.8217834856264904,0.5697998795643747,0.46378880993164623,-0.8859457882862739,-0.9710679142794992,-0.23880348794953357,-0.7870208027585845,0.6169264591709722,-0.43764914076748046,0.8991458333248762,-0.2245597544921215,0.9744603207224182,-0.11300371515481651,0.9935945653842965,-0.05659255523345575,0.998397357113964,0.02830762164184719,-0.9995992589818092,0.9998998097264068,0.014155229037193606,1,0,0,0,99,60
1701494280,12,2,5,798,018.9,0.0,075,0,0,0,0,0,1,0,0.03545855359210518,0.9993711477610087,-0.017732064727370864,-0.9998427745803359,-0.9999606928725588,0.008866380875648453,-0.703965062742588,0.7102346023940429,-0.38063460011273087,0.9247255274928996,-0.19400318619432566,0.9810008989529264,-0.09746563765521044,0.9952388906571443,-0.04879092816731252,0.9988090134397928,0.024402730996829252,-0.9997022090202143,0.9999255494836139,0.012202273964012331,1,0,0,0,99,60
1701494340,12,2,5,799,018.9,0.0,075,0,0,0,0,0,1,0,0.8601001621636173,0.51012519154235,-0.4949115115137503,-0.8689433789213052,-0.9666807588137113,0.25598498108160056,-0.6099241833697036,0.7924597721908666,-0.32213368949019705,0.9466941882653729,-0.163257177077498,0.98658354645346,-0.08190376531802432,0.9966402426285675,-0.04098632315439169,0.9991597076114928,0.020497467996159962,-0.9997899048328835,0.9999474748287741,0.01024927234286473,1,0,0,0,99,62
1701494460,12,2,5,801,018.9,0.0,075,0,0,0,0,0,1,0,0.1059275624303434,-0.9943738489710827,-0.9985924716747775,-0.05303843431379381,-0.7256164394202331,0.6880993989556328,-0.3949054323786691,0.9187217747924648,-0.2015914497288206,0.9794696970280563,-0.10131708388012287,0.9948541845486846,-0.0507238378443283,0.9987127175891686,-0.025370084852355874,0.99967812759637,0.012686063290674097,-0.9999195286612743,0.9999798819629508,0.006343159257249994,1,0,0,0,99,59
1701494520,12,2,5,802,018.9,0.0,075,0,0,0,0,0,1,0,-0.7795038357248097,-0.6263974537706143,-0.9017753195144049,0.4322051285150291,-0.5328202658894324,0.8462284350324767,-0.2772828564548513,0.9607883312760612,-0.14002083545661836,0.9901485573579505,-0.07018348324944229,0.9975340990056306,-0.03511339483992818,0.9993833346133081,-0.017559404697937788,0.9998458217678634,0.008780040778282644,-0.9999614546990957,0.9999903636283441,0.004390062693417029,1,0,0,0,99,57
1701494580,12,2,5,803,018.8,0.0,075,0,0,0,0,0,1,0,-0.9482630021806919,0.317485871646694,-0.5841721186231443,0.8116298022025479,-0.30689590889864604,0.9517430856598192,-0.15533337429570762,0.9878621071940706,-0.0779034428184317,0.9969609087607374,-0.038981349638401504,0.9992399383433234,-0.019494379403774662,0.9998099665294709,-0.009747652807961452,0.9999524905037916,0.004873884293271353,-0.999988122555411,0.9999970306344442,0.0024369493828292348,1,0,0,0,99,54
1701494640,12,2,5,804,018.8,0.0,075,0,0,0,0,0,1,0,-0.2451935375705356,0.9694741508331444,-0.12354320937804643,0.9923391937319478,-0.06189025071872073,0.9980829609135574,-0.030959966783271346,0.9995206253283515,-0.015481838903188173,0.9998801491499747,-0.00774115140096295,0.9999700368385982,-0.003870604694478365,0.9999925091815933,-0.0019353059714989746,0.9999981272936448,0.0009676534387822795,-0.9999995318233016,0.9999998829558185,0.0004838267760202487,1,0,0,0,99,52
1701494700,12,2,5,805,018.8,0.0,075,0,0,0,0,0,1,0,0.6833057347140384,0.7301323667027151,0.3673333862428549,0.9300893415964714,0.1869634434903367,0.9823668717939524,0.09389656065598893,0.9955819584027104,0.047000221261657885,0.9988948789544149,0.023506605939449195,0.9997236815626643,0.011754114967441826,0.9999309180045051,0.005877158986065068,0.9999827293519886,-0.0029385921809077266,-0.999995682328676,0.9999989205815865,-0.0014692976764408303,1,0,0,0,99,54
1701494760,12,2,5,806,018.8,0.0,076,0,0,0,0,0,1,0,0.9835768657283723,-0.18048974819626606,0.7682739577117872,0.6401211806383749,0.42419265632588754,0.9055719686028203,0.2172878636707302,0.9761075679972009,0.10929874656829122,0.9940089456330866,0.054731409478074984,0.9985011130772681,0.02737596503077039,0.9996252080348085,0.013689265232136597,0.9999062976186339,-0.0068447929612965195,-0.9999765741302729,0.999994143515419,-0.003422416523977862,1,0,0,0,99,57
1701494820,12,2,5,807,018.8,0.0,076,0,0,0,0,0,1,0,0.3795519623891559,-0.9251704209747201,0.9811142698418773,0.1934290296533588,0.6350476243348373,0.7724729864705169,0.337288462246697,0.9414013454607224,0.17117046260859023,0.9852414286510496,0.08590276872415237,0.996303525199788,0.042991131644863144,0.9990754539072082,0.021500535956015435,0.99976883675858,-0.010750889298566145,-0.9999422075196596,0.9999855517755393,-0.0053755223160360886,1,0,0,0,99,60
1701494880,12,2,5,808,018.8,0.0,076,0,0,0,0,0,1,0,-0.5734312647770955,-0.8192536753510116,0.953743591158287,-0.3006212938640479,0.8064184068658303,0.591345375451585,0.45202578717835057,0.8920048697881602,0.23237376165548454,0.9726265649744922,0.11699024537436405,0.9931330638374931,0.05859580259074419,0.9982817898362899,0.029310494397997367,0.999570355161729,-0.014656821590492326,-0.9998925830212285,0.9999731453947223,-0.007328607602110553,1,0,0,0,99,61
1701494940,12,2,5,809,018.7,0.0,076,0,0,0,0,0,1,0,-0.9992044316210529,0.03988112120852035,0.6928632183885503,-0.7210690401093782,0.9276499986819863,0.37345077312185454,0.5597094008850242,0.8286889564613054,0.29266964613595875,0.9562136153761107,0.14796348303532403,0.9889928248920997,0.07418616821180449,0.9972444095837538,0.03711866387847311,0.9993108649423746,-0.018562530237353908,-0.9998277013921886,0.9999569244202944,-0.009281664931774524,1,0,0,0,99,61
1701495060,12,2,5,811,018.7,0.0,076,0,0,0,0,0,1,0,0.4520795641768173,0.8919776161169622,-0.23240308074876903,-0.9726195597758053,0.9931313004270396,-0.11700521403808203,0.7473303198847489,0.6644527018388585,0.40960181772127274,0.9122644084471504,0.2094464031116906,0.9778201287678502,0.1053087632444465,0.9944395730178507,0.05272772981150123,0.9986089257106234,-0.026373038214970796,-0.9996521709351267,0.9999130389526698,-0.013187665920725705,1,0,0,0,99,60
1701495120,12,2,5,812,018.7,0.0,076,0,0,0,0,0,1,0,0.9948329140211382,0.10152572669136999,-0.6702515472972181,-0.742133992851483,0.9333097001669604,-0.35907242107165305,0.82433986348825,0.5660952123664124,0.46578148719844353,0.8848997718291073,0.23989604849902457,0.9707985815371557,0.12083339452081168,0.9926728014651041,0.060527673567121146,0.9981665195409792,-0.030277718366983942,-0.9995415247854836,0.9998853746268829,-0.015140594679806359,1,0,0,0,99,61
1701495180,12,2,5,813,018.7,0.0,076,0,0,0,0,0,1,0,0.6229414706214662,-0.7822684476443909,-0.9439990592273889,-0.3299481416492668,0.8154594231625713,-0.5788142441019974,0.8884858592296214,0.4589039964404334,0.5201422899359206,0.8540796205391021,0.2701114394661006,0.9628290659663069,0.13632852605689877,0.9906636830848062,0.06832392302551767,0.9976631904317224,-0.034181936518266696,-0.9994156268619484,0.9998538960423039,-0.01709346568212025,1,0,0,0,99,62
1701495240,12,2,5,814,018.6,0.0,076,0,0,0,0,0,1,0,-0.32167948802580176,-0.9468486188316789,-0.9866226783405293,0.16302052197242078,0.6469078288394643,-0.7625682008753121,0.938767330299503,0.34455173713441634,0.572471948162346,0.819924306608365,0.3000630711964028,0.953919364152014,0.15179037493857458,0.9884127083743951,0.07611600234380722,0.9970989691034674,-0.03808563309525359,-0.9992744790855682,0.9998186033190141,-0.01904627147805807,1,0,0,0,99,64
1701495300,12,2,5,815,018.7,0.0,077,0,0,0,0,0,1,0,-0.9705498088831128,-0.24090053648124807,-0.7876866561270567,0.6160760762757924,0.43813463896627003,-0.8989093603572588,0.9743996511589222,0.22482286320872838,0.6225661156822108,0.782567205806865,0.32972169642983384,0.9440781762668982,0.16721516637718872,0.9859204268770625,0.08390343593363005,0.9964738899933762,-0.04198874853233773,-0.9991180836100847,0.9997794965916447,-0.02099900461825926,1,0,0,0,99,67
1701495360,12,2,5,816,018.7,0.0,077,0,0,0,0,0,1,0,-0.7271011113730546,0.6865303881402984,-0.39589746896115763,0.9182947207025364,0.2021203593127912,-0.9793606896089245,0.9948267913584063,0.10158570369662134,0.6702291758433747,0.7421541968137826,0.3590583540221683,0.933315112063922,0.182599134631134,0.9831874470475918,0.09168574849017776,0.9957879912530557,-0.045891223272779696,-0.9989464428219001,0.9997365760093756,-0.022951657653640416,1,0,0,0,99,70
1701495420,12,2,5,817,018.6,0.0,077,0,0,0,0,0,1,0,0.1848409947348159,0.9827684400027525,0.09282122601336262,0.9956827908532798,-0.04646078532870562,-0.9989201146371215,0.9997299922071763,-0.02323666674545333,0.7152750054159076,0.6988430915643893,0.3880443972251183,0.9216406814926273,0.19793852392519834,0.9802144361038118,0.09946246502120343,0.9950413147462299,-0.04979299776961634,-0.998759559340042,0.9996898417359361,-0.024904223135423714,1,0,0,0,99,71
1701495480,12,2,5,818,018.6,0.0,077,0,0,0,0,0,1,0,0.926841142721418,0.3754537203955449,0.5588140476063818,0.8292929881518187,-0.29215322336762034,-0.9563715251281321,0.9890327408959049,-0.1476964367746696,0.7575277013993184,0.6528030189978178,0.4166515216593972,0.909066284436349,0.21322958936748326,0.9770021198637056,0.10723311087601266,0.9942339060461842,-0.05369401248656933,-0.9985574360161222,0.9996392939496032,-0.026856693615165312,1,0,0,0,99,72
1701495540,12,2,5,819,018.6,0.0,077,0,0,0,0,0,1,0,0.8167078184368716,-0.577051418249783,0.8879897010241118,0.4598633393467112,-0.5196809889986783,-0.8543603862968809,0.9629019644535162,-0.26985145330636917,0.7968222679200078,0.6042137646121738,0.44485179295346566,0.8956041995804211,0.22846859786366572,0.973551282568212,0.11499721177443387,0.9933658144329842,-0.05759420789895368,-0.9983400759342941,0.9995849328432012,-0.02880906164478378,1,0,0,0,99,71
1701495600,12,2,5,820,018.6,0.0,077,0,0,0,0,0,1,0,-0.044302907677458626,-0.9990181441652212,0.9997545059076306,-0.022156893225121342,-0.7148975077677644,-0.6992292566729738,0.9217454249067293,-0.3877955281633778,0.833005260536624,0.5532650684060137,0.4726176740209713,0.8812675724222507,0.24365182902837945,0.9698627666897649,0.12275429383576587,0.9924370928904676,-0.06149352449458594,-0.998107482411205,0.9995267586241013,-0.030761319776588504,1,0,0,0,99,76
1701495660,12,2,5,821,018.6,0.0,077,0,0,0,0,0,1,0,-0.86458174478646,-0.5024921955433742,0.8667445400876126,-0.49875234558677806,-0.8656651620536597,-0.500623438531009,0.8662053562900108,-0.4996881835049689,0.8659353854373226,0.5001558839477104,0.49992205195024636,0.8660704024349609,0.25877557609349366,0.9659374727266152,0.13050388360770113,0.9914477981030103,-0.06539190277469237,-0.9978596589959458,0.9994647715142204,-0.032713460563308094,1,0,0,0,99,72
1701495720,12,2,5,822,018.5,0.0,077,0,0,0,0,0,1,0,-0.889968112961789,0.4560227602995627,0.5215252820815293,-0.8532358291526332,-0.9626099493441341,-0.2708912797114064,0.7971484427982678,-0.6037833718680043,0.8954840511890774,0.4450936014660263,0.5267382644796055,0.8500275293971443,0.2738361468130674,0.9617763589829874,0.13824550809522282,0.9903979904520676,-0.06928928325481673,-0.9975966094699971,0.9993989717500206,-0.03466547655811879,1,0,0,0,99,72
1701495780,12,2,5,823,018.5,0.0,077,0,0,0,0,0,1,0,-0.09712190237828329,0.9952724933797895,0.04861844619180287,-0.9988174241020702,-0.9997043123099125,-0.02431641315993991,0.7156522944698563,-0.6984567226536158,0.9215358708844751,0.3882932379957087,0.5530401260325923,0.8331546189020705,0.28882986436475844,0.9573804413351232,0.145978694789474,0.9892877340124872,-0.073185606465728,-0.9973183378471708,0.9993293595825079,-0.03661736031467289,1,0,0,0,99,73
1701495840,12,2,5,824,018.5,0.0,078,0,0,0,0,0,1,0,0.7850177373512154,0.6194732859809036,-0.43619188095326605,-0.8998536786558422,-0.97464190312541,0.22377033018717848,0.6229886314423488,-0.7822308898871159,0.9439891127251193,0.32997659774057014,0.5788019532877502,0.8154681470604999,0.3037530682474665,0.95275079298327,0.15370297169659722,0.9881170965485999,-0.07708081295432778,-0.9970248483735498,0.9992559352772317,-0.03856910438712712,1,0,0,0,99,78
1701495900,12,2,5,825,018.5,0.0,078,0,0,0,0,0,1,0,0.945415689654786,-0.3258668037013981,-0.8142072229172983,-0.5805743691804702,-0.8889809810059128,0.45794411821723935,0.5206034391851252,-0.8537986057078213,0.9627560972821261,0.27037140593281933,0.6039985902579494,0.7969853844120416,0.31860211517499254,0.9478885441896746,0.16141786736654243,0.9868861495100827,-0.0809748432845575,-0.9967161455274222,0.9991786991142831,-0.040520701330171084,1,0,0,0,99,75
1701495960,12,2,5,826,018.5,0.0,078,0,0,0,0,0,1,0,0.23660281689758147,-0.9716064568723952,-0.9928762402415507,-0.11915020589072603,-0.7480475271968774,0.6636451589928438,0.4100944043797453,-0.9120430798467921,0.9777635398824176,0.2097104195709025,0.6286054328547828,0.7777243790607642,0.3333733799654944,0.9427948820026454,0.16912291092184195,0.9855949680275984,-0.08486763803830527,-0.9963922340192135,0.9990976513882949,-0.04247214369905562,1,0,0,0,99,76
1701496020,12,2,5,827,018.4,0.0,078,0,0,0,0,0,1,0,-0.6897415945654649,-0.7240556143876586,-0.9284545261852243,0.3714460833097728,-0.560604101256059,0.8280839580953651,0.2931859835536437,-0.9560554267654583,0.9889528367838019,0.1482305185084059,0.652598452914039,0.7577039390515289,0.3480632564265231,0.937471049966752,0.17681763208635048,0.9842436309082097,-0.08875913781631264,-0.9960531187914151,0.9990127924084393,-0.04442342404962123,1,0,0,0,99,74
1701496080,12,2,5,828,018.4,0.0,078,0,0,0,0,0,1,0,-0.981940764891358,0.18918862081154605,-0.6367147631351318,0.7710994166809965,-0.3383050275409778,0.9410365074429887,0.17170249351277814,-0.9851488485104646,0.9962802940213323,0.08617178044329644,0.6759542216587983,0.7369436140042521,0.36266815823542314,0.9319183478192314,0.18450156121394817,0.9828322206305692,-0.09264928323908087,-0.9956988050185078,0.9989241224984278,-0.04637453493832645,1,0,0,0,99,75
1701496140,12,2,5,829,018.4,0.0,078,0,0,0,0,0,1,0,-0.3713481244279862,0.9284937105246416,-0.1890850198658773,0.981960719816389,-0.09497178576717145,0.9954799645940617,0.04753964348803124,-0.9988693519660271,0.9997172980313053,0.02377654341964911,0.6986499325772353,0.7154636760240345,0.37718451981488155,0.9261381311726762,0.1921742293172055,0.9813608233398856,-0.09653801494777697,-0.9953292981068842,0.9988316419965089,-0.048325468922276286,1,0,0,0,99,75
1701496200,12,2,5,830,018.4,0.0,078,0,0,0,0,0,1,0,0.5806602690748583,0.8141459647495117,0.30483933083715453,0.9524037916633658,0.15426634165726855,0.9880292990755299,-0.07736504677330103,-0.9970028332646628,0.9992504273866143,-0.038711540497229205,0.7206634236927906,0.693285099905793,0.3916087972034126,0.9201318111840806,0.19983516809600785,0.9798295288426657,-0.10042527360513957,-0.9949446036947649,0.9987353512554678,-0.050276218559250574,1,0,0,0,99,73
1701496260,12,2,5,831,018.4,0.0,078,0,0,0,0,0,1,0,0.998812289042307,-0.04872382638983685,0.7241283817079113,0.6896651990676937,0.39391293513434306,0.9191477571826234,-0.20106248135514565,-0.9795784188064331,0.994881505207136,-0.10104845667690049,0.7419731992049647,0.6704295426527308,0.4059374689205649,0.913900854210327,0.20748390996613808,0.978238430601233,-0.10431099989638418,-0.9945447276521134,0.9986352506426242,-0.05222677640773236,1,0,0,0,99,71
1701496320,12,2,5,832,018.4,0.0,079,0,0,0,0,0,1,0,0.49866089672312836,-0.8667971562478072,0.9661255498763625,0.25807251282555527,0.6090679301910603,0.7931180595679168,-0.32162240316253093,-0.9468680107512125,0.9866275920404853,-0.16299078079570548,0.7625584504796027,0.6469193223286404,0.4201670368266409,0.9074467814501962,0.21511998808781552,0.9765876257280235,-0.10819513453010837,-0.9941296760805463,0.9985313405398316,-0.05417713502693632,1,0,0,0,99,65
1701496380,12,2,5,833,018.4,0.0,079,0,0,0,0,0,1,0,-0.459957024350746,-0.887941178091436,0.9715814886285751,-0.23670532514981996,0.7863540313210774,0.617776122414172,-0.43716351493796235,-0.8993820440764236,0.9745209192409426,-0.22429662940353828,0.7823990763681723,0.6227773962646933,0.43429402697671693,0.9007711685729881,0.22274293639418943,0.9748772149796578,-0.11207761823919644,-0.9936994553132396,0.9984236213434755,-0.05612728697683714,1,0,0,0,99,66
1701496440,12,2,5,834,018.4,0.0,079,0,0,0,0,0,1,0,-0.9956925784370406,-0.09271617574834355,0.7391603938754915,-0.6735294441417006,0.9147484474274064,0.4040238581187374,-0.5458828362759094,-0.8378615214099336,0.958608763106705,-0.2847266044735426,0.8014757028361941,0.5980273386419961,0.4483149904687573,0.8938756453338451,0.2303522896197853,0.9731073027507925,-0.11595839178172378,-0.9932540719148331,0.9983120934644719,-0.05807722481819786,1,0,0,0,99,67
1701496500,12,2,5,835,018.4,0.0,079,0,0,0,0,0,1,0,-0.6159929677799073,0.7877516509952246,0.32576705558172653,-0.9454500650471247,0.9862682355848039,0.1651513471832357,-0.6460838385290117,-0.7632664499318819,0.9389532602669532,-0.3440447282462835,0.8197697018816575,0.5726933174718021,0.4622265042856143,0.8867618951758702,0.23794758332890228,0.9712779970677474,-0.11983739594186077,-0.9927935326813293,0.9981967573282657,-0.0600269411125983,1,0,0,0,99,67
1701496560,12,2,5,836,018.3,0.0,079,0,0,0,0,0,1,0,0.3300477366569554,0.9439642427166514,-0.1673854194417015,-0.9858915363052498,0.9964666417661079,-0.08398947462256867,-0.7362029185702026,-0.6767608607837156,0.9156311650396451,-0.40201936471784816,0.837263209724949,0.5468000709958585,0.4760251721307086,0.879431654819139,0.24552835394396,0.9693894095819128,-0.12371457153077643,-0.9923178446399905,0.9980776133748294,-0.061976428422463405,1,0,0,0,99,68
1701496620,12,2,5,837,018.3,0.0,079,0,0,0,0,0,1,0,0.9726440741045344,0.23230046299853344,-0.6195561060152125,-0.7849523753064683,0.9447095784701424,-0.32790823769275124,-0.8148337982965457,-0.5796946447515489,0.8887335497075456,-0.45842412417348366,0.8539391442525291,0.5203728835299339,0.48970762525718653,0.8718867138367042,0.2530941387737928,0.9674416555629348,-0.12758985938754153,-0.991827015049231,0.9979546620586606,-0.06392567931109164,1,0,0,0,99,67
1701496680,12,2,5,838,018.3,0.0,079,0,0,0,0,0,1,0,0.7209959353983679,-0.6929392910919632,-0.9200378500616057,-0.39182949666151784,0.8342150492113882,-0.5514392547409379,-0.8807494691286899,-0.4735824876719271,0.8583654488829123,-0.513038747234589,0.8697812216973269,0.49343756077411205,0.5032705232903513,0.8641289142176971,0.26064447604189017,0.9654348538916795,-0.1314632003800313,-0.9913210513985062,0.9978279038487815,-0.0658746863426833,1,0,0,0,99,66
1701496740,12,2,5,839,018.3,0.0,080,0,0,0,0,0,1,0,-0.19353254126994537,-0.981093856605777,-0.9952622409711365,0.09722690829760817,0.6718530686475994,-0.7406844497819596,-0.9329213390693665,-0.3600802342659484,0.8246454493495821,-0.565649964966874,0.8847739725395617,0.46602040461396427,0.5167105550431671,0.856160149917632,0.2681789049145812,0.9633691270529775,-0.13533453540582766,-0.990799961408199,0.997697339228736,-0.067823442082369,1,0,0,0,99,63
1701496860,12,2,5,841,018.3,0.0,079,0,0,0,0,0,1,0,-0.8115681644677003,0.5842577465661262,-0.45592886146518175,0.890016220797724,0.23450349592519504,-0.972115276291275,-0.9930043495099291,-0.11807777883396382,0.7476890325643288,-0.6640490272434846,0.9121537773981656,0.4098481259909062,0.5432089257408671,0.8395975601414365,0.28319819902196014,0.9590614057873031,-0.14307095130161257,-0.9897124344442944,0.9974247927649218,-0.07172016995136608,1,0,0,0,99,61
1701496920,12,2,5,842,018.3,0.0,079,0,0,0,0,0,1,0,0.0531437907535685,0.9985868702843739,0.02658128773805108,0.9996466551448001,-0.013291818069772856,-0.999911659884212,-0.9999779147271733,0.00664605581484232,0.7047531284730695,-0.7094526255553792,0.9245140954997331,0.38114785480481245,0.5562607954885853,0.831007778184059,0.290682147556348,0.956819674281434,-0.14693591412341295,-0.9891460140650201,0.9972828119608349,-0.07366812721584506,1,0,0,0,99,61
1701496980,12,2,5,843,018.2,0.0,079,0,0,0,0,0,1,0,0.8689955898411542,0.49481983068246604,0.5025834106481898,0.8645287244165072,-0.2602607111950369,-0.9655383794589698,-0.9913471590363715,0.13126618098548876,0.6590651784969797,-0.752085826546907,0.9359716412763015,0.3520753992066848,0.5691768621409847,0.8222151175959624,0.2981483543506802,0.9545195434342774,-0.15079863488394496,-0.9885645005345572,0.9971370268259416,-0.07561580345880992,1,0,0,0,99,62
1701497040,12,2,5,844,018.2,0.0,079,0,0,0,0,0,1,0,0.8858968512072711,-0.4638822792703361,0.8555355864224282,0.5177440104577087,-0.491047853850463,-0.8711325991081119,-0.9672467624934477,0.2538379413049674,0.6108035931029845,-0.7917821484805551,0.9465152266288576,0.3226591479560474,0.5819539724256346,0.813221724979125,0.3055963637061761,0.9521611536339647,-0.15465905464284221,-0.9879679027260867,0.9969874379163678,-0.07756319125046778,1,0,0,0,99,61
1701497100,12,2,5,845,018.2,0.0,079,0,0,0,0,0,1,0,0.08830863309607147,-0.996093160964728,0.9990228127937639,0.04419750578523661,-0.6913040193050968,-0.722564013006888,-0.9280528037258677,0.3724486454486792,0.5601568327492403,-0.8283865780686814,0.9561345559252321,0.29292782552304464,0.5945890069943084,0.8040297959413708,0.3130257210347332,0.949744648824454,-0.15851711449484884,-0.987356229742957,0.9968340458027497,-0.07951028316212612,1,0,0,0,99,62
1701497160,12,2,5,846,018.2,0.0,080,0,0,0,0,0,1,0,-0.7904701350275293,-0.6125005841871171,0.8979144124545271,-0.44017008974536365,-0.8485782491159444,-0.5290698962588196,-0.8743768913514411,0.4852474130488386,0.5073226719510776,-0.8617561757970866,0.9648202360536098,0.26291046403948376,0.6070788811845279,0.7946415745603435,0.3204359728866724,0.9472701764967436,-0.16237275557071826,-0.9867294909185454,0.9966768510702316,-0.0814570717662211,1,0,0,0,99,60
1701497220,12,2,5,847,018.2,0.0,080,0,0,0,0,0,1,0,-0.9424943064466191,0.334222205000964,0.5769652480865013,-0.8167686958377396,-0.9530919934187202,-0.30268077586977704,-0.8070566200303969,0.5904740570635695,0.4525074269757517,-0.8917606341007573,0.9725637855947438,0.23263637494945058,0.6194205457726396,0.7850593528356472,0.3278266669784146,0.9447378876798705,-0.16622591903811135,-0.9860876958161151,0.9965158543184637,-0.08340354963634594,1,0,0,0,99,57
1701497280,12,2,5,848,018.2,0.0,079,0,0,0,0,0,1,0,-0.22799355905387356,0.9736626402558269,0.1147548686204055,-0.9933938393849207,-0.9983470937967718,-0.057472430847665464,-0.7271425000808527,0.6864865509069841,0.39592515018183416,-0.9182827862121189,0.979357643103917,0.20213512038718198,0.6316109877182386,0.775285470129288,0.33519735222008545,0.9421479369316923,-0.1700765461024943,-0.9854308542286699,0.9963510561615996,-0.08534970934727917,1,0,0,0,99,55
1701497340,12,2,5,849,018.2,0.0,079,0,0,0,0,0,1,0,0.6961234150868356,0.7179221343348046,-0.3755515048999241,-0.9268015252293246,-0.9815298072981087,0.1913092715613588,-0.6358815646166514,0.7717866517248658,0.33779679414933333,-0.9412190636947558,0.9851951744945658,0.17143648431014344,0.6436472308997595,0.7653223125945511,0.3425475787430477,0.9395004823294534,-0.17392457800803576,-0.9847589761788043,0.9961824572282941,-0.08729554347501305,1,0,0,0,99,56
1701497400,12,2,5,850,018.2,0.0,079,0,0,0,0,0,1,0,0.9802277317343164,-0.19787267102608438,-0.773909772204126,-0.6332958743643905,-0.9036857513440141,0.42819629005609655,-0.5346979100127022,0.845043279973309,0.27834934886459767,-0.9604799008759395,0.9900706795163514,0.14057044341549993,0.6555263368410532,0.7551723125934571,0.3498768979273589,0.9367956854601374,-0.17776995603850315,-0.9840720719185504,0.9960100581617011,-0.08924104459678178,1,0,0,0,99,58
1701497460,12,2,5,851,018.2,0.0,079,0,0,0,0,0,1,0,0.36311519237705925,-0.9317442551821671,-0.9827879362258592,-0.1847373064892862,-0.7696548923021558,0.6384601371701736,-0.42517047335735014,0.90511329046981,0.21781495532927705,-0.9759900845986629,0.9939793973213586,0.10956713786837996,0.6672454054287748,0.7448379481029347,0.3571848624291526,0.9340337114106039,-0.1816126215181589,-0.9833701519292224,0.9958338596194705,-0.09118620529108992,1,0,0,0,99,57
1701497520,12,2,5,852,018.2,0.0,080,0,0,0,0,0,1,0,-0.5878437802601598,-0.8089744680825501,-0.9510453375319575,0.3090513969532009,-0.5877706198198406,0.8090276252864301,-0.30900839366720273,0.9510593107915064,0.15642999905467883,-0.9876890479274097,0.9969175111129831,0.07845684187051573,0.6788015756204033,0.7343217421098587,0.3644710262079424,0.9312147287575134,-0.1854525158126556,-0.9826532269212557,0.9956538622737461,-0.09313101813774066,1,0,0,0,99,54
1701497580,12,2,5,853,018.2,0.0,080,0,0,0,0,0,1,0,-0.9983418923066761,0.057562714195259816,-0.6864536713445198,0.7271735398772633,-0.369341617017861,0.9292936941240006,-0.18802434134441126,0.982164368658322,0.0944341869814051,-0.9955311066607416,0.9988821518729679,0.04726993409799893,0.6901920261427253,0.7236262619950988,0.3717349445538455,0.9283389095570375,-0.18928958032993062,-0.9819213078340436,0.9954700668111632,-0.09507547571786411,1,0,0,0,99,52
1701497640,12,2,5,854,018.2,0.0,080,0,0,0,0,0,1,0,-0.49096907265595835,0.8711770025060053,-0.2537942055031938,0.9672582391755589,-0.12794874134676187,0.9917807820218032,-0.06410623206130915,0.9979430800456014,0.032069611428879305,-0.9994856377271265,0.9998714011629511,0.016036868037019116,0.701413976180608,0.7127541189067303,0.3789761741147256,0.9254064293343575,-0.19312375652110036,-0.9811744058357712,0.9952824739328456,-0.09701957061394559,1,0,0,0,99,54
1701497700,12,2,5,855,018.2,0.0,080,0,0,0,0,0,1,0,0.46779844817476307,0.8838351723513177,0.24100293322767077,0.9705243872132523,0.12139936735162113,0.9926037445056441,0.06081223353222533,0.9981492234394725,-0.030420195269980223,-0.9995371987673777,0.9998842929977892,-0.01521185775344882,0.7124646860558945,0.7017079671225599,0.38619427292325303,0.9224174670729517,-0.1969549858813535,-0.980412532323244,0.9950910843544032,-0.09896329540985399,1,0,0,0,99,54
1701497760,12,2,5,856,018.2,0.0,079,0,0,0,0,0,1,0,0.9964742331166823,0.08389936075155806,0.6767941486332613,0.7361723170398212,0.36319945137636067,0.9317114137542325,0.18478174456066745,0.9827795820412206,-0.09279121175730869,-0.9956855884367365,0.9989208147888241,-0.046445729422969886,0.7233414578962587,0.6904905034021214,0.39338880042387997,0.9193722052036709,-0.20078320995084364,-0.9796356989217142,0.9948958988059289,-0.10090664269087,1,0,0,0,99,55
1701497820,12,2,5,857,018.1,0.0,079,0,0,0,0,0,1,0,0.6089962036074962,-0.7931731362014582,0.9468825524323115,0.32157958874790366,0.5824175526424733,0.8128897799664797,0.3058677982670947,0.9520739939643557,-0.15479988054847518,-0.987945847191119,0.9969819073561764,-0.07763424762590612,0.7340416362938502,0.6791044663283013,0.4005593174997298,0.9162708295936036,-0.2046083703155816,-0.9788439174847039,0.9946969180319963,-0.10284960504371443,1,0,0,0,99,55
1701497880,12,2,5,858,018.1,0.0,079,0,0,0,0,0,1,0,-0.33839012696853565,-0.941005909636182,0.9851410837124249,-0.17174703834974567,0.7654237513788508,0.6435265968280777,0.4221808872816973,0.9065116096410674,-0.21620405911884805,-0.9763481985544571,0.9940694640100503,-0.10874695730351001,0.7445626089535755,0.6675526356387524,0.4077053864993983,0.9131135295347322,-0.2084304086083264,-0.9780372000938237,0.9944941427916566,-0.10479217505657644,1,0,0,0,99,60
1701497940,12,2,5,859,018.1,0.0,079,0,0,0,0,0,1,0,-0.9746621353757209,-0.2236821894224926,0.7822027197033045,-0.6230240005720115,0.9008396085241843,0.4341520467693251,0.531905984752322,0.8468034148399867,-0.2767639654651715,-0.9609379310964852,0.9901863287019482,-0.13975347742277255,0.7549018073308517,0.6558378315472612,0.41482657126366607,0.9099004977323788,-0.21224926650947612,-0.9772155590585884,0.9942875738584357,-0.10673434531914189,1,0,0,0,99,61
1701498060,12,2,5,861,018.1,0.0,079,0,0,0,0,0,1,0,0.20220892507028168,0.9793424072416762,-0.10163068620826037,-0.9948221969884056,0.998704710359475,-0.050881249058933195,0.7248728333504206,0.6888827008065549,-0.39440924126688837,-0.9189348999811017,0.9795240936243227,-0.2013269728810552,0.7750248295638841,0.631930782253462,0.4289925510696765,0.9033080267144376,-0.219877208102116,-0.9755275564315028,0.9938630580798098,-0.11061745695977931,1,0,0,0,99,54
1701498120,12,2,5,862,018.1,0.0,080,0,0,0,0,0,1,0,0.9333421683683805,0.35898801755129633,-0.5661324855759046,-0.824314265784384,0.9550691770192314,-0.2963829737144291,0.8051034013449543,0.5931344814987454,-0.45103520843790823,-0.8925061572613225,0.9727554053464115,-0.2318338227466793,0.7848037406723669,0.619744373614364,0.43603648149302604,0.8999289898693018,-0.22368617540060243,-0.9746612205964957,0.9936451128538035,-0.11255838352496064,1,0,0,0,99,55
1701498180,12,2,5,863,018.1,0.0,080,0,0,0,0,0,1,0,0.8063649263965292,-0.591418299917681,-0.8920253079138734,-0.4519854533512771,0.8520520680543171,-0.5234570405719665,0.8727706000353033,0.4881305969861106,-0.505899892772221,-0.8625921970972467,0.965036837923104,-0.26211429081867443,0.7943910532032301,0.6074066632748301,0.44305379849696014,0.8964950259970297,-0.2274917295232623,-0.9737800126304271,0.9934233771737071,-0.11449888071412062,1,0,0,0,99,56
1701498240,12,2,5,864,018.1,0.0,080,0,0,0,0,0,1,0,-0.06198051016190544,-0.9980773599075725,-0.9995192244043064,0.03100516160599342,0.6960584883449115,-0.7179850839697136,0.926818505417785,0.3755095977670121,-0.5587890488516163,-0.8293098328631502,0.956375928404503,-0.2921388087338362,0.8037844265516209,0.594920663309892,0.4500440737806176,0.8930063446890767,-0.23129381240202182,-0.9728839459794464,0.9931978518853749,-0.11643894112485227,1,0,0,0,99,55
1701498300,12,2,5,865,018.1,0.0,080,0,0,0,0,0,1,0,-0.8733413515152515,-0.48710869806801216,-0.8622959753089459,0.5064046316593026,0.49678736313472055,-0.8678722923504651,0.9664037180056959,0.2570288968671955,-0.6094961456534423,-0.7927890314791178,0.9467811340217753,-0.32187805805994457,0.812981567460156,0.582289421997367,0.4570068806936243,0.8894631588765683,-0.23509236602177414,-0.971973034316428,0.9929685378491173,-0.11837855735641478,1,0,0,0,99,54
1701498360,12,2,5,866,018.1,0.0,080,0,0,0,0,0,1,0,-0.8817561819054704,0.4717054543584236,-0.5139525978344581,0.8578185864034492,0.2666284058353037,-0.9637994050640022,0.9909085237962186,0.13453734599730627,-0.6578231730498302,-0.7531724058930022,0.9362618239288095,-0.3513029989247159,0.8219802305787883,0.5695160230736639,0.4639417942621338,0.8858656848173045,-0.2388873324212645,-0.9710472915407634,0.9927354359396977,-0.1203177220097618,1,0,0,0,99,55
1701498420,12,2,5,867,018.2,0.0,080,0,0,0,0,0,1,0,-0.07948844507877358,0.9968357874288818,-0.03977569968660647,0.9992086337269314,0.019891785654744882,-0.9998021388572169,0.9999505334908365,0.009946384840309288,-0.7035814150330049,-0.710614658179913,0.9248282700533956,-0.3803848983727449,0.8307782190129761,0.5566035849809338,0.4708483912147658,0.8822141420825597,-0.2426786536939748,-0.9701067317781481,0.992498547046329,-0.12225642768756957,1,0,0,0,99,55
1701498480,12,2,5,868,018.2,0.0,080,0,0,0,0,0,1,0,0.7958606015736018,0.6054798946809916,0.4441396769705497,0.8959575588946699,-0.22808160941352784,-0.9736420181192547,0.9933886495524434,-0.1147997863254662,-0.7465921866472573,-0.665281975433926,0.9124916370668626,-0.4090953584227484,0.8393733848600241,0.5435552601057465,0.4777262500084402,0.8785087535436817,-0.24646627198900695,-0.9691513693803672,0.9922578720726702,-0.1241946669942652,1,0,0,0,99,53
1701498540,12,2,5,869,018.1,0.0,080,0,0,0,0,0,1,0,0.9394990814384173,-0.3425514209230055,0.8193141707925615,0.5733448260327263,-0.4618739947037902,-0.886945552453116,0.9713252679852192,-0.23775454522141526,-0.7866875317498732,-0.6173513808110357,0.8992639714819658,-0.4374063437977119,0.8477636297334629,0.5303742340094812,0.4845749508541061,0.8747497453584886,-0.2502501295119659,-0.9681812189250751,0.9920134119368234,-0.12613243253605483,1,0,0,0,99,53
1701498660,12,2,5,871,018.1,0.0,079,0,0,0,0,0,1,0,-0.7024506962803134,-0.7117324070852071,0.9251303711059342,-0.37964957060083243,-0.8305569127401302,-0.5569337615009381,0.8823077018537632,-0.4706730492066982,-0.8575176526482409,-0.5144545416231165,0.8701880663463262,-0.4927197268107314,0.863921213656295,0.503626981599114,0.4981832084689758,0.8670717910297607,-0.25780633135188835,-0.9661966132805891,0.9915131399231654,-0.13000651275880537,1,0,0,0,99,51
1701498720,12,2,5,872,018.1,0.0,079,0,0,0,0,0,1,0,-0.9784379004686174,0.206541218468769,0.6298645812915785,-0.7767049692350272,-0.9425245273294025,-0.33413697099017103,0.8167426066363169,-0.577002178942952,-0.8879758383376634,-0.4598901070131037,0.8543682189235223,-0.5196681118689583,0.8716846080633058,0.49006728524307847,0.5049419346602744,0.8631533135089845,-0.26157856037050853,-0.9651821883740356,0.99125732995374,-0.13194281266132774,1,0,0,0,99,54
1701498780,12,2,5,873,018.1,0.0,079,0,0,0,0,0,1,0,-0.35485381126363746,0.9349218002761893,0.18038597468180656,-0.9835959028676841,-0.9958905318526942,-0.09056516198935413,0.7384325162089472,-0.6743273826601757,-0.9149664973812363,-0.4035298113769442,0.8377140954338014,-0.5461090498348548,0.8792351931749703,0.4763879459879024,0.511669841798448,0.859182153558808,-0.26534679802212796,-0.9641530359747896,0.9909977386388905,-0.13387860924212341,1,0,0,0,99,55
1701498840,12,2,5,874,018.2,0.0,079,0,0,0,0,0,1,0,0.5949812355249355,0.8037395905224659,-0.31325740971087507,-0.9496682553719656,-0.9873368866227894,0.15863755013872718,0.6485994333412853,-0.7611299331056187,-0.9383842318329999,-0.34559374046297575,0.820241958346126,-0.572016721581207,0.8865711256242239,0.4625923034480756,0.518366519246722,0.8551585535583667,-0.26911098680807644,-0.9631091717864508,0.9907343669688791,-0.13581389511671688,1,0,0,0,99,54
1701498900,12,2,5,875,018.2,0.0,079,0,0,0,0,0,1,0,0.9977932782684322,-0.06639709212258378,-0.7302044549722303,-0.6832286981228965,-0.9173954158711761,0.39797694774767006,0.5486451732460288,-0.8360553055114447,-0.9581375959410644,-0.286308133388274,0.8019688689058553,-0.597365828706215,0.8936906144483714,0.448683725631867,0.5250315582744208,0.8510827590874659,-0.2728710692914642,-0.9620506117371024,0.9904672159483883,-0.13774866290258067,1,0,0,0,99,53
1701498960,12,2,5,876,018.2,0.0,079,0,0,0,0,0,1,0,0.48323878253139313,-0.8754885944760086,-0.9683719828857112,-0.24951092713946563,-0.7904147414931815,0.6125720663156844,0.44012948872139646,-0.8979343145007,-0.9741494532413135,-0.22590449917974179,0.7829126704747286,-0.6221316182369524,0.9005919215263238,0.4346656081190733,0.531664552081915,0.8469550189115929,-0.2766269880980588,-0.9609773719790682,0.9901962865965183,-0.1396829052191638,1,0,0,0,99,57
1701499020,12,2,5,877,018.2,0.0,079,0,0,0,0,0,1,0,-0.47560322129518384,-0.8796599205907044,-0.969448276235175,0.2452958208055078,-0.6142899068007273,0.7890804207447767,0.3247457307303849,-0.945801358834078,-0.9863572777736468,-0.1646187127363138,0.7630919711071247,-0.6462899068002247,0.907273362002937,0.4205413732320373,0.5382650958254505,0.8427755849667328,-0.28037868591716025,-0.9598894688886666,0.9899215799467821,-0.1416166146879197,1,0,0,0,99,58
1701499080,12,2,5,878,018.2,0.0,079,0,0,0,0,0,1,0,-0.997177816819599,-0.07507597247387601,-0.73316982087163,0.6800455968264643,-0.3999715009682163,0.9165275764608679,0.20429442422534697,-0.9789094892943034,-0.9947133982445153,-0.1026900937425236,0.7425261253796137,-0.6698171042372225,0.9137333047003438,0.4063144692001366,0.5448327866418574,0.838544712343992,-0.2841261055024758,-0.9587869190659601,0.9896430970471022,-0.14354978393233453,1,0,0,0,99,57
1701499140,12,2,5,879,018.2,0.0,079,0,0,0,0,0,1,0,-0.6019517262811898,0.798532478504848,-0.31738582316728636,0.9482964933249642,-0.16078480443598475,0.9869894866017986,0.08065517155831149,-0.9967420645788455,-0.999185184182303,-0.0403604721302572,0.7212352154915403,-0.6926902366389116,0.9199701725161832,0.3919883693179482,0.5513672236731395,0.8342626592740287,-0.287869189672993,-0.9576697393345027,0.9893608389598061,-0.1454824055779552,1,0,0,0,99,57
1701499200,12,2,5,880,018.2,0.0,079,0,0,0,0,0,1,0,0.3467060053575308,0.9379738513674162,0.176105293265966,0.9843713352610934,0.08839871248753149,0.9960851708717215,-0.044242678085070965,-0.999020813314648,-0.9997551733586199,0.022126756261955736,0.6992400316550977,-0.7148869687796651,0.9259824428086272,0.3775665710972933,0.5578680080909402,0.8299296871112918,-0.2916078813138529,-0.9565379467410825,0.9890748067616226,-0.14741447225241752,1,0,0,0,99,58
1701499260,12,2,5,881,018.2,0.0,079,0,0,0,0,0,1,0,0.9766038345872008,0.21504639097082145,0.62647969202089,0.7794377431747905,0.33208602562077905,0.9432491036769636,-0.16845013553428265,-0.9857101763898362,-0.9964211399779302,0.08452758014448271,0.676562051794038,-0.7363856259272321,0.9317686477681121,0.36305259541336976,0.5643347431208848,0.8255460603180691,-0.29534212337722077,-0.9553915585554619,0.9887850015436778,-0.14934597658547438,1,0,0,0,99,60
1701499320,12,2,5,882,018.2,0.0,079,0,0,0,0,0,1,0,0.7086166021367329,-0.7055937295471035,0.9234700129260028,0.3836706077176726,0.5551258381134531,0.8317663757683622,-0.2900289849580881,-0.9570178618417637,-0.9891961033692368,0.14659832563545244,0.653223420570844,-0.757165215007746,0.9373273747756826,0.3484499856451812,0.5707670340667981,0.8211120464483459,-0.29907185888315707,-0.9542305922701142,0.9884914244114903,-0.15127691120902387,1,0,0,0,99,58
1701499380,12,2,5,883,018.2,0.0,078,0,0,0,0,0,1,0,-0.21086946636535486,-0.9775142291316227,0.9943626675241842,-0.10603247348896787,0.7436506147005353,0.6685684432094563,-0.4070820290743278,-0.9133916036425604,-0.9781082771458793,0.20809660780204897,0.6292469277628422,-0.777205445105105,0.9426572667478634,0.33376230681047175,0.5771644883347936,0.8166279161314753,-0.302797030920487,-0.9530550655999567,0.9881940764849677,-0.15320726875713725,1,0,0,0,99,57
1701499440,12,2,5,884,018.2,0.0,078,0,0,0,0,0,1,0,-0.9364831199655037,-0.35071265449036204,0.8218006615020342,-0.5697751071737155,0.8859387978787574,0.4638021630104179,-0.5177826942789717,-0.855512174960245,-0.9632009590319782,0.2687822771684872,0.6046559860083719,-0.7964867472747074,0.9477570224679708,0.31899314469537793,0.5835267154572368,0.8120939430556596,-0.3065175826476683,-0.9518649964820798,0.9878929588984021,-0.1551370418660872,1,0,0,0,99,63
1701499500,12,2,5,885,018.3,0.0,078,0,0,0,0,0,1,0,-0.8010985118825479,0.5985325172950651,0.44803319224413213,-0.894016923020774,0.9731435975797134,0.2301989107046621,-0.6204035337162974,-0.7842827649211291,-0.9445323617857487,0.3284183574945765,0.5794746079447414,-0.8149902936521933,0.9526253969037864,0.3041461049790106,0.5898533271165762,0.8075104039512465,-0.3102334572936593,-0.9506604030754743,0.9875880728004653,-0.15706622317437588,1,0,0,0,99,66
1701499560,12,2,5,886,018.3,0.0,078,0,0,0,0,0,1,0,0.07081237357015184,0.9974896529535338,-0.035428428178979524,-0.9993722161821225,0.999843041727581,-0.01771699491840461,-0.7133431835093137,-0.7008148846455801,-0.9221753858799258,0.38677197116286743,0.553727382760295,-0.8326980158385354,0.9572612015115142,0.2892248123531802,0.5961439371690447,0.8028775785738385,-0.31394459815878467,-0.9494413037607534,0.9872794193542053,-0.15899480532276297,1,0,0,0,99,63
1701499620,12,2,5,887,018.3,0.0,078,0,0,0,0,0,1,0,0.8776186893304462,0.47935940184574444,-0.510215933774248,-0.8600463364975588,0.9643770882019022,-0.2645313436083153,-0.795151351507471,-0.6064110224887427,-0.8962173348269779,0.4436152485607643,0.527439452183488,-0.8495926225435236,0.9616633045259457,0.27423290963747987,0.6023981616682276,0.798195749687218,-0.3176509486156007,-0.9482077171398727,0.986966999737041,-0.16092278095429377,1,0,0,0,99,63
1701499680,12,2,5,888,018.3,0.0,078,0,0,0,0,0,1,0,0.8775464294662774,-0.479491672639878,-0.8600847843788071,-0.510151118473792,0.8689508382163492,-0.49489841458940237,-0.8645514486106083,-0.5025443191453852,-0.8667595742607592,0.49872621790648564,0.500636485932415,-0.8656576164704166,0.9658306312367652,0.2591740568899436,0.608615618888497,0.7934652030460894,-0.3213524521097596,-0.9469596620358465,0.9866508151407586,-0.1628501427143272,1,0,0,0,99,62
1701499740,12,2,5,889,018.3,0.0,078,0,0,0,0,0,1,0,0.07066202936351883,-0.9975003145895389,-0.9993748832619166,-0.035353114505380104,0.7194974338054931,-0.6944950991528378,-0.9204605095148943,-0.39083557978206274,-0.8339171361058791,0.5518896720441221,0.47334465664876685,-0.8808773104252721,0.969762164250924,0.2440519305134954,0.6147959293483101,0.7886862273786374,-0.32504905216087204,-0.94569715749246,0.9863308667715058,-0.164776883250564,1,0,0,0,99,64
1701499800,12,2,5,890,018.3,0.0,078,0,0,0,0,0,1,0,-0.8011887146614145,-0.5984117675139673,-0.8939831563049628,0.44810056487692174,0.5253091637898002,-0.8509114421832984,-0.9620060920241873,-0.27302798191458466,-0.7978182693804977,0.6028980088229747,0.44559061434068903,-0.8952368426352254,0.9734569437410228,0.22887022235840837,0.620938715833371,0.7838591143689051,-0.3287406923633694,-0.9444202227739792,0.9860071558497887,-0.16670299521307466,1,0,0,0,99,58
1701499860,12,2,5,891,018.3,0.0,078,0,0,0,0,0,1,0,-0.9364302492977055,0.35085379889668755,-0.5697131739319851,0.8218435979238043,0.29845971426324497,-0.9544222330613963,-0.9885398912187096,-0.150959873705902,-0.7586039393866545,0.6515520417795105,0.4174014603595018,-0.9087221912607589,0.9769140676796396,0.21363263882099232,0.6270436034196536,0.7789841586389906,-0.3324273163873641,-0.943128877364857,0.9856796836104661,-0.16862847125432745,1,0,0,0,99,60
1701499920,12,2,5,892,018.3,0.0,078,0,0,0,0,0,1,0,-0.21072213129903983,0.9775460006469211,-0.10595753713889097,0.9943706554014256,0.05305348526993529,-0.9985916721566993,-0.9996478560364893,-0.026536087157875483,-0.7164272772437812,0.6976617779562402,0.38880472093569013,-0.9213201880877897,0.980132692059547,0.19834289993873028,0.6331102194962855,0.7740616577310655,-0.3361088679795094,-0.9418231409694353,0.9853484513027448,-0.17055330402921653,1,0,0,0,99,63
1701499980,12,2,5,893,018.3,0.0,078,0,0,0,0,0,1,0,0.7087229424210651,0.7054869175867313,0.3837402001441005,0.9234410965477796,-0.19565135247707893,-0.9806735176774632,-0.9951566504017001,0.09830178615502556,-0.6714529819149567,0.7410471598201512,0.35982832030000694,-0.9330185313862076,0.9831120310997642,0.18300473848208468,0.63913819378829,0.7690919120892133,-0.3397852909638575,-0.9405030335116451,0.9850134601901755,-0.1724774861950899,1,0,0,0,99,61
1701500040,12,2,5,894,018.2,0.0,079,0,0,0,0,0,1,0,0.9765714113225485,-0.21519358398308666,0.7794849530244592,0.6264209511250854,-0.4321915367489943,-0.9017818336840362,-0.9751363580761503,0.22160569297286092,-0.6238566770609814,0.7815387683835208,0.3305005534159355,-0.9438057979223058,0.9858513574373943,0.1676218990431951,0.6451271583791853,0.7640752250410934,-0.34345652924271697,-0.9391685751347022,0.9846747115506476,-0.17440101041177747,1,0,0,0,99,60
1701500100,12,2,5,895,018.2,0.0,079,0,0,0,0,0,1,0,0.3465646283438878,-0.9380260968549131,0.9843846039163029,0.17603110967253321,-0.6418601445515475,-0.7668217229814676,-0.93989938902562,0.3414515170697975,-0.5738242252337393,0.8189784847814372,0.30085005835013795,-0.9536714541133747,0.9883500023051992,0.15219813712168961,0.6510767477334414,0.759011902779426,-0.3471225267975085,-0.9378197862007993,0.9843322066763841,-0.176323869341619,1,0,0,0,99,60
1701500160,12,2,5,896,018.3,0.0,079,0,0,0,0,0,1,0,-0.6020720756694736,-0.7984417422073145,0.9482725721561587,-0.3174572867274317,-0.8116209973649744,-0.5841843515845697,-0.8899956043668333,0.4559691044442761,-0.5215510020869119,0.8532201077225842,0.27090578830786904,-0.9626058663135666,0.9906073556948704,0.1367372182078336,0.6569865987187891,0.7539022543433046,-0.35078322768961984,-0.9364566872907963,0.9839859468739369,-0.17824605564949209,1,0,0,0,99,56
1701500220,12,2,5,897,018.3,0.0,079,0,0,0,0,0,1,0,-0.9971664899099553,0.07522626802293965,0.6799903425700472,-0.7332210676265855,-0.9309191875846651,-0.3652252266570688,-0.8262037359686377,0.5633714464467166,-0.46724113343822987,0.8841299244021539,0.2406969833606626,-0.9706003102209874,0.9926228665059523,0.12124291686323913,0.662856350628385,0.7487465915993338,-0.3544385760612593,-0.9350792992039054,0.983635933464182,-0.18016756200284023,1,0,0,0,99,51
1701500280,12,2,5,898,018.2,0.0,079,0,0,0,0,0,1,0,-0.47547063199610207,0.8797315943566124,0.2452227616305097,-0.9694667591920345,-0.9923373315541532,-0.1235581660756696,-0.7495192346016444,0.661982565451814,-0.4111066981625245,0.9115872326474889,0.2102531418938979,-0.9776469793968293,0.9943960426803873,0.10571901579936002,0.6686856452028263,0.7435452292225941,-0.35808851613630804,-0.9336876429573742,0.9832821677823141,-0.18208838107170075,1,0,0,0,99,51
1701500340,12,2,5,899,018.2,0.0,079,0,0,0,0,0,1,0,0.4833707322298039,0.8754157499289256,-0.2495839037989774,-0.9683531767720199,-0.9920567465553621,0.12579114282806264,-0.6611387362618898,0.7502636679288364,-0.35336690002825927,0.935484812257483,0.179603991802127,-0.9837389928882262,0.9959264513226431,0.09016930495399704,0.6744741266520173,0.7382984846774362,-0.36173299222117117,-0.9322817397861647,0.982924651177842,-0.18400850552873269,1,0,0,0,99,53
1701500460,12,2,5,901,018.2,0.0,079,0,0,0,0,0,1,0,0.5948600877161377,-0.803829258015873,-0.9496918600303661,-0.31318584098273583,-0.8103042147807007,0.5860094534294068,-0.45496733210780815,0.8905081283821633,-0.23397849432996692,0.9722417724985292,0.11780965049916516,-0.993036195840446,0.9982575308607609,0.05900764424866507,0.6859272394909445,0.7276701327691913,-0.3690053300636785,-0.9294272786961848,0.9821983706706565,-0.1878466413112238,1,0,0,0,99,55
1701500520,12,2,5,902,018.3,0.0,079,0,0,0,0,0,1,0,-0.35499472029806434,-0.9348683054636622,-0.9835823060282404,0.18046009882566544,-0.640132760126497,0.7682643096049905,-0.34039366209949434,0.9402830184590676,-0.17279609593525602,0.9849576179864461,0.08672480041358972,-0.9962323067403621,0.999057632656986,0.04340330206123635,0.6915911718417044,0.7222891741059243,-0.3726330808543947,-0.9279787643329788,0.9818296095384826,-0.18976463799536156,1,0,0,0,99,57
1701500580,12,2,5,903,018.3,0.0,079,0,0,0,0,0,1,0,-0.9784690196122566,-0.20639374423424112,-0.7766574998782414,0.6299231126755704,-0.4301609508802662,0.9027522120370491,-0.2205082628417254,0.9753851065187148,-0.11093893248378867,0.9938272250544142,0.05555526503215395,-0.9984556136990803,0.9996138288606957,0.027788363580100107,0.6972128930319275,0.7168641306342856,-0.3762551457227625,-0.9265160901555584,0.9814571030247726,-0.19168191078508376,1,0,0,0,99,54
1701500640,12,2,5,904,018.3,0.0,079,0,0,0,0,0,1,0,-0.7023434147360162,0.7118382736106231,-0.3795798508807975,0.9251589792059046,-0.19344381715900788,0.9811113543339269,-0.09718190589320902,0.9952666362171313,-0.04864855487508726,0.9988159580766447,0.02433148087720227,-0.9997039456950855,0.9999259836845639,0.012166640968536861,0.7027920599407278,0.7113953334709671,-0.37987146940052824,-0.9250392784825321,0.9810808525505256,-0.19359845236657747,1,0,0,0,99,55
1701500700,12,2,5,905,018.2,0.0,079,0,0,0,0,0,1,0,0.2195134866259111,0.9756094655082719,0.11043218392236956,0.9938836615792292,0.055300716183295164,0.9984697445539422,0.027660942193441066,0.999617362932923,0.01383179429931263,0.9999043361574453,-0.006916062555914125,-0.9999760837533679,0.9999940209204673,-0.0034580519539247237,0.7083283320445133,0.7058831164031604,-0.3834819967070421,-0.923548351848229,0.9807008595510226,-0.19551425542881906,1,0,0,0,99,58
1701500760,12,2,5,906,018.2,0.0,079,0,0,0,0,0,1,0,0.9395507007222859,0.3424098140711822,0.5734065686442813,0.8192709606934638,0.300606918837987,0.9537481220672112,0.1520721505286041,0.9883693950308283,0.07625813061297684,0.9970881092037023,-0.03815685257131214,-0.9992717621357321,0.9998179239580905,-0.019081900642597186,0.7138213714377698,0.7003278158681843,-0.3870866725500994,-0.9220433330023552,0.9803171254758215,-0.19742931266360217,1,0,0,0,99,59
1701500820,12,2,5,907,018.2,0.0,079,0,0,0,0,0,1,0,0.795769333534644,-0.6055998413191904,0.895991027108863,0.4440721555562843,0.5272228392452833,0.8497270607543002,0.27411032381661565,0.9616982532879792,0.1383866805585365,0.990378274521402,-0.06936038306770646,-0.997591668600285,0.9993977357889813,-0.03470109075890063,0.7192708428536849,0.6947297709329504,-0.39068544192678184,-0.9205242449096467,0.9799296517887512,-0.19934361676556553,1,0,0,0,99,63
1701500880,12,2,5,908,018.2,0.0,080,0,0,0,0,0,1,0,-0.07963868902644415,-0.9968237954674584,0.9992056333576834,-0.03985100081893557,0.7210585970706318,0.6928740863898232,0.39187109718004004,0.9200201319508784,0.19997483347801748,0.9798010338713872,-0.1004961843270998,-0.9949374437298526,0.9987335589960549,-0.05031180910157879,0.724676413684611,0.6890893232732681,-0.3942782499242964,-0.9189911107495187,0.9795384399679061,-0.20125716043222083,1,0,0,0,99,63
1701500940,12,2,5,909,018.2,0.0,080,0,0,0,0,0,1,0,-0.8818272681692509,-0.4715725491514069,0.8577798520457935,-0.514017242341438,0.8700624237206885,0.49294155721472804,0.5035168531366512,0.8639854041633829,0.2607820889522679,0.965397691152041,-0.13153385276794535,-0.9913116793299777,0.9978255557285496,-0.06591024453763744,0.7300377540023658,0.6834068171529907,-0.3978650417208135,-0.9174439539157121,0.9791434915056404,-0.2031699363639806,1,0,0,0,99,65
1701501060,12,2,5,911,018.2,0.0,079,0,0,0,0,0,1,0,-0.06183007747535922,0.99808669038285,0.030929836866284966,-0.999521558142407,0.9998803823814144,0.015466768531161397,0.7016171432728959,0.7125541272532078,0.3791080800687267,0.9253523996978685,-0.19319368558797598,-0.9811606391661531,0.9952790159463207,-0.09705503808109808,0.7406264369036181,0.6719170194000528,-0.4050203578833706,-0.9143076668715112,0.9783423906975286,-0.20699315583913486,1,0,0,0,99,60
1701501120,12,2,5,912,018.2,0.0,079,0,0,0,0,0,1,0,0.8064540568481686,0.591296756454093,-0.45205267588297,-0.8919912433578294,0.9726230624856244,-0.23238842122852268,0.7849803886813105,0.6195206125592099,0.43616475524782494,0.8998668269691937,-0.22375564018679642,-0.9746452757206577,0.9936411011327626,-0.11259379263383548,0.7458531332084875,0.6661104290454266,-0.4085887730680895,-0.9127185845169985,0.9779362414076386,-0.2089035847981091,1,0,0,0,99,61
1701501180,12,2,5,913,018.2,0.0,079,0,0,0,0,0,1,0,0.9332880504589218,-0.3591286884538535,-0.8243569276878352,-0.5660703629170788,0.8848927513877257,-0.46579482451124404,0.8560942776678407,0.5168196859102583,0.49151821639169274,0.8708672935385329,-0.2540991012001687,-0.9671781877034171,0.9917606030951767,-0.12810505902692298,0.7510343064823747,0.6602631827434713,-0.4121509536908345,-0.9111155751998402,0.9775263615882285,-0.21081321685340298,1,0,0,0,99,61
1701501240,12,2,5,914,018.2,0.0,079,0,0,0,0,0,1,0,0.20206131455610385,-0.9793728734041286,-0.9948298531417643,-0.1015557152401366,0.7421440949169293,-0.6702403616464259,0.9138491017795076,0.4060539609174956,0.5449523094191382,0.8384670419633367,-0.2841944387533501,-0.9587666665991619,0.9896379809301888,-0.14358505040713354,0.7561696404931679,0.6543756373799633,-0.41570684539711195,-0.9094986633799863,0.9771127528028652,-0.2127220447203506,1,0,0,0,99,61
1701501300,12,2,5,915,018.2,0.0,079,0,0,0,0,0,1,0,-0.714939662096101,-0.6991861551560592,-0.9217337346425103,0.3878233134069823,0.5532525131407077,-0.8330135993508696,0.9573436163026496,0.28895189967287843,0.5962583753403895,0.8027925945326347,-0.31401226525994597,-0.9494189261155043,0.9872737528455581,-0.1590299875565859,0.7612588218065476,0.6484481523003262,-0.4192563939283895,-0.9078678737295219,0.9766954166293405,-0.21463006111735386,1,0,0,0,99,60
1701501360,12,2,5,916,018.2,0.0,079,0,0,0,0,0,1,0,-0.9746284105303279,0.2238290896803332,-0.6229650513149461,0.7822496691211615,0.3299623697323973,-0.9439940860834779,0.98589910388525,0.16734084067633054,0.645236065065984,0.7639832592002035,-0.34352346411838924,-0.939144094162393,0.9846684960336634,-0.17443609981538652,0.766301539805117,0.6424810892876979,-0.42279954512292356,-0.9062232311322905,0.976274354659665,-0.21653725876591012,1,0,0,0,99,62
1701501420,12,2,5,917,018.2,0.0,079,0,0,0,0,0,1,0,-0.33824829305217113,0.9410569017053605,-0.17167279675976546,0.9851540239235083,0.08615676432089285,-0.9962815927044694,0.9990699656942124,0.04311848382962152,0.6916941217656756,0.7221905855899886,-0.37269921814380785,-0.9279522039388636,0.9818228465305907,-0.1897996260021821,0.7712974867073605,0.636474812540849,-0.4263362449165863,-0.9045647606835149,0.9758495685000621,-0.21844363039064005,1,0,0,0,99,62
1701501480,12,2,5,918,018.2,0.0,079,0,0,0,0,0,1,0,0.6091157451462272,0.7930813382087339,0.32165094574030556,0.9468583152216423,-0.16300565140257817,-0.9866251353025733,0.9966506748361166,-0.08177672253589847,0.7354511277222635,0.6775777731980668,-0.4015110377075164,-0.9158541841357899,0.9787374990608538,-0.20511681533239795,0.7762463575864296,0.630429688651955,-0.4298664393436902,-0.9028924876894134,0.975421059770962,-0.22034916871931534,1,0,0,0,99,67
1701501540,12,2,5,919,018.2,0.0,079,0,0,0,0,0,1,0,0.9964615763383645,-0.0840495501550226,0.7362233187542427,0.6767386681153137,-0.4020331652268792,-0.9156251056287484,0.9786789835356506,-0.20539583049717866,0.7763362127638961,0.6303190341021051,-0.42993078855665534,-0.9028618482642029,0.9754132068677877,-0.22038392833393852,0.7811478503887528,0.6243460865842203,-0.43339007453781153,-0.9012064376668146,0.9749888301069952,-0.22225386648288642,1,0,0,0,99,69
1701501660,12,2,5,921,018.3,0.0,079,0,0,0,0,0,1,0,-0.4911003724158074,-0.8711029928849144,0.967239110273389,-0.2538670982178328,-0.7917913545302931,-0.6107916591531711,0.8974384823354666,-0.4411396269022025,0.848863836814304,0.5286115649027164,-0.4854834884407932,-0.8742458363934931,0.9680510927615064,-0.2507530294996523,0.7908075080257054,0.6120649354849319,-0.4404174522626619,-0.8977931096541485,0.9741132145839488,-0.2260607112545781,1,0,0,0,99,71
1701501720,12,2,5,922,018.3,0.0,079,0,0,0,0,0,1,0,-0.9983505569209379,-0.05741224168810282,0.7271218060573149,-0.6865084698355503,-0.9182887535616316,-0.3959113096164656,0.8354374032853884,-0.5495856122495996,0.880223157003268,0.47456000028995304,-0.5125621912070998,-0.8586501034443405,0.9640150682028628,-0.26584760348332986,0.7955650832846204,0.605868136031542,-0.4439210875642528,-0.8960658837472673,0.9736698320650762,-0.22796284374074297,1,0,0,0,99,70
1701501780,12,2,5,923,018.3,0.0,079,0,0,0,0,0,1,0,-0.5877218435224411,0.8090630597466326,0.30897972445887717,-0.9510686252176108,-0.9876914055558069,-0.156415112413074,0.7603996029763147,-0.649455497931508,0.9081452246010844,0.4186552890317355,-0.5391403856920127,-0.8422159132407009,0.9597436931912344,-0.2808772745874069,0.8002741013513455,0.5996343575098884,-0.4474179491762214,-0.8943249849774656,0.9732227352917383,-0.2298641066179476,1,0,0,0,99,70
1701501840,12,2,5,924,018.3,0.0,079,0,0,0,0,0,1,0,0.3632556223924401,0.931689515235779,-0.18481136973170906,-0.9827740114685011,-0.9956841897581032,0.09280621889587708,0.6734960211850264,-0.7391908477842096,0.9325210045313215,0.36111573782915524,-0.5651921187396569,-0.8249593134904155,0.9552380105215703,-0.295838373533239,0.8049342748116889,0.5933639803976818,-0.4509079837407618,-0.8925704399087172,0.9727719259694734,-0.23176449263345197,1,0,0,0,99,70
1701501900,12,2,5,925,018.3,0.0,079,0,0,0,0,0,1,0,0.9802575443188444,0.19772492712348877,-0.6333541950901215,-0.7738620442700006,-0.9417701535592431,0.33625730901349893,0.5760827592397212,-0.8173913716860176,0.9532553098949981,0.30216603739830056,-0.5906919512748161,-0.8068971549702914,0.9504991201916736,-0.31072724778309085,0.8095453192326822,0.5870573874064227,-0.45439113800424047,-0.8908022753132209,0.9723174058179821,-0.2336639945378611,1,0,0,0,99,65
1701501960,12,2,5,926,018.3,0.0,079,0,0,0,0,0,1,0,0.6960152006877834,-0.7180270471309174,-0.9268298244906983,-0.3754816592518752,-0.8293014106016808,0.5588015482924706,0.46967991851234675,-0.8828367766162867,0.9702671736733874,0.24203638505781863,-0.6156149831437591,-0.7880470750716034,0.9455281791336532,-0.3255402624318508,0.8141069531799402,0.5807149634580416,-0.4578673588180088,-0.8890205181709929,0.9718591765711205,-0.23556260508515253,1,0,0,0,99,64
1701502020,12,2,5,927,018.3,0.0,078,0,0,0,0,0,1,0,-0.22814030861707352,-0.9736282656045409,-0.9933851885357816,0.11482973133178336,-0.6652707225890137,0.7466022138099322,0.35594787974510245,-0.9345058089198622,0.9834901649024921,0.18096158581331254,-0.6399368774288162,-0.7684274805774819,0.9403264009314749,-0.34027380109444083,0.8186188982348382,0.5743370956614064,-0.4613365931392141,-0.8872251956694553,0.9713972399768941,-0.23746031703270412,1,0,0,0,99,67
1701502080,12,2,5,928,018.3,0.0,078,0,0,0,0,0,1,0,-0.9425446703023311,-0.33408014679814474,-0.816725212907666,0.5770267988585345,-0.4598767232321427,0.8879827697817494,0.23666139336428604,-0.9715921906288022,0.9928726480845371,0.11918013544881928,-0.6636338842129675,-0.7480575296890004,0.934895055524683,-0.354924266788705,0.8230808790115055,0.5679241732886948,-0.46479878803160896,-0.8854163352030204,0.9709315977974505,-0.2393571231413216,1,0,0,0,99,64
1701502140,12,2,5,929,018.4,0.0,078,0,0,0,0,0,1,0,-0.7903778088790765,0.6126197182849324,-0.4401024208721576,0.8979475815115636,-0.22588981660140897,0.9741528580031893,0.11368188509347199,-0.9935172011604,0.9983779848234836,0.056933289205876925,-0.6866828637712329,-0.7269571133175178,0.9292354688983622,-0.3694880828135612,0.8274926231736333,0.5614765877516349,-0.46825389066635903,-0.8835939643726736,0.9704622518090731,-0.24125301617526615,1,0,0,0,99,66
1701502260,12,2,5,931,018.4,0.0,078,0,0,0,0,0,1,0,0.8859667583012527,0.4637487500631885,0.5178084829050271,0.855496566347051,0.2687967946729918,0.9631969077886025,-0.13565229856400807,-0.9907565058551476,0.9976864502074656,-0.06798343233778488,-0.7307473682257722,-0.6826479940870753,0.9172371541992494,-0.39834156569012774,0.8361643276563907,0.5484790033856685,-0.4751426083894874,-0.8799088030545178,0.969512455581288,-0.24504203409362463,1,0,0,0,99,63
1701502320,12,2,5,932,018.4,0.0,078,0,0,0,0,0,1,0,0.8689209998517899,-0.4949508016122064,0.8645665970913422,0.5025182575726944,0.4987392818032813,0.8667520572726362,-0.2581161974066756,-0.9661138797451976,0.9914922792803779,-0.13016551051411895,-0.7517198648812332,-0.6594825583311059,0.9109013553429114,-0.41262418837781073,0.8404237587008743,0.5419297978623197,-0.47857611836450864,-0.8780460687977367,0.9690320089650643,-0.2469351445240868,1,0,0,0,99,62
1701502380,12,2,5,933,018.5,0.0,078,0,0,0,0,0,1,0,0.05299328137309047,-0.998594868867907,0.9996486554954963,0.02650595340761163,0.6976725759954981,0.7164167618808244,-0.37655227931800894,-0.9263953696669754,0.9814263522208315,-0.19183929515746312,-0.7719583198455287,-0.6356731490485251,0.9043431729848258,-0.4268060747877629,0.8446318946108307,0.5353475157373185,-0.482002325856775,-0.876169936638241,0.9685478657862607,-0.24882731297202784,1,0,0,0,99,62
1701502440,12,2,5,934,018.5,0.0,078,0,0,0,0,0,1,0,-0.8116562156089902,-0.5841354189426392,0.8899818590686664,-0.45599593257909704,0.8532279685345228,0.5215381421434596,-0.4891123888517548,-0.8722207696860524,0.9675279762585814,-0.25276395145861635,-0.7914429706108382,-0.6112430157234452,0.8975642082111578,-0.44088376261581397,0.8487884785433335,0.5287325587592399,-0.4854211785865756,-0.8742804352034992,0.9680600278917365,-0.2507185322194002,1,0,0,0,99,62
1701502500,12,2,5,935,018.5,0.0,077,0,0,0,0,0,1,0,-0.9300727311045811,0.3673754412799875,0.5624164643393774,-0.8268541108563189,0.9557337785325783,0.2942328067565555,-0.5940400631453423,-0.8044354563159668,0.9498514242543322,-0.3127015699385224,-0.8101547907463494,-0.5862160139664719,0.8905661160089328,-0.4548538149963832,0.8528932568019234,0.5220853306709626,-0.488832624386424,-0.8723775933249783,0.9675684971424448,-0.2526087950517773,1,0,0,0,99,60
1701502560,12,2,5,936,018.5,0.0,077,0,0,0,0,0,1,0,-0.1933846668727768,0.9811230150284443,0.09715190417988626,-0.9952695652506521,0.9988166912028082,0.048633500538969116,-0.689697940935389,-0.7240971967004738,0.9284657227653786,-0.37141809547969407,-0.8280755084772445,-0.5606165822201061,0.8833506048619953,-0.4687128213415406,0.8569459788520921,0.5154062371850283,-0.49223661120185463,-0.8704614400377044,0.967073275413426,-0.254498094258381,1,0,0,0,99,60
1701502620,12,2,5,937,018.4,0.0,077,0,0,0,0,0,1,0,0.7211003682427743,0.6928306134403526,-0.3918988304139523,-0.9200083188320507,0.9797980197040742,-0.1999896011895985,-0.7745933130325869,-0.6324596425110466,0.9034543824983767,-0.42868424130643845,-0.8451876245267788,-0.5344697178950186,0.875919436333907,-0.48245739817365296,0.8609463973365743,0.5086956859588782,-0.49563308709221676,-0.8685320045798192,0.9665743645938008,-0.256386422632109,1,0,0,0,99,60
1701502680,12,2,5,938,018.4,0.0,077,0,0,0,0,0,1,0,0.9726090503206481,-0.23244705899272397,-0.7849990633729201,-0.6194969495515196,0.8998602529147288,-0.43617831815008895,-0.8474014155493513,-0.5309527671318378,0.8749150722018217,-0.48427638434480896,-0.8614744292040272,-0.5078009529605035,0.8682744246378858,-0.4960841899514116,0.8648942680904446,0.5019540865699712,-0.49902200023146714,-0.8665893163921337,0.9660717665867619,-0.25827377296956255,1,0,0,0,99,59
1701502740,12,2,5,939,018.5,0.0,077,0,0,0,0,0,1,0,0.3299054569501611,-0.9440139773724251,-0.9859041478187485,-0.1673111213093364,0.7639735340014523,-0.645247579883359,-0.9069861023972084,-0.4211605514032867,0.8429592372716745,-0.5379774384659236,-0.8769200187206139,-0.4806363290129432,0.8604174361938928,-0.5095898698890396,0.8687893501560202,0.495181850490787,-0.5024032989089606,-0.8646334051176796,0.965565483309568,-0.2601601380710738,1,0,0,0,99,52
1701502860,12,2,5,941,018.5,0.0,077,0,0,0,0,0,1,0,-0.9956785927816724,0.09286624723928816,-0.6734737384489138,0.7392111495504137,0.3611016826667984,-0.9325264472256038,-0.9829868888305693,-0.18367573706725146,0.7693099950823632,-0.6388756776293603,-0.9052280590076073,-0.42492606555178497,0.8440752530289538,-0.5362247357443589,0.8764202005158139,0.4815471234758033,-0.5091428466178214,-0.8606820328889767,0.964541868684034,-0.2639298837864171,1,0,0,0,99,45
1701502920,12,2,5,942,018.4,0.0,077,0,0,0,0,0,1,0,-0.4598231870636247,0.8880104935408426,-0.2366321052384454,0.9715993241920361,0.11916517068330806,-0.9928744442758198,-0.9982170215629014,-0.05968900955862884,0.7279041865378398,-0.6856788572069913,-0.9180628674570689,-0.39643482616503856,0.8355940480176479,-0.549347419141549,0.8801555030622569,0.47468546473346485,-0.5125009928119824,-0.8586866322278066,0.9640245412404724,-0.26581325001981504,1,0,0,0,99,42
1701502980,12,2,5,943,018.4,0.0,077,0,0,0,0,0,1,0,0.49879153625744566,0.8667219873511559,0.25814532016757935,0.96610609856039,-0.13018045444614568,-0.9914903172901867,-0.99787031153607,0.06522914498065015,0.6836559277221802,-0.7298044755208926,-0.9300012030962359,-0.36755647489814913,0.8269088447036194,-0.5623359872451037,0.8838370854532819,0.4677948336369782,-0.5158513188715436,-0.8566781290651052,0.9635035363362984,-0.2676956022564573,1,0,0,0,99,39
1701503040,12,2,5,944,018.4,0.0,077,0,0,0,0,0,1,0,0.998819621438444,0.048573283084049755,0.689719768063795,0.7240764058730438,-0.37143208943692263,-0.9284601245807608,-0.9819521690440836,0.1891294205289584,0.6367380071391379,-0.7710802229758452,-0.9410314083429535,-0.3383192109710552,0.8180217634546941,-0.5751872690824027,0.8874647229840752,0.46087565075494996,-0.5191937736746512,-0.8546565540481598,0.9629788559589872,-0.26957693331574223,1,0,0,0,99,36
1701503100,12,2,5,945,018.5,0.0,078,0,0,0,0,0,1,0,0.5805375529616218,-0.81423347364336,0.9524267619201384,0.3047675559804882,-0.5895898761086014,-0.8077027782484372,-0.950710991376569,0.31007839472588444,0.5873336382645368,-0.8093449186613468,-0.951142712388984,-0.30875158407581743,0.8089349739243005,-0.5878981271972987,0.8910381942423397,0.45392833839864044,-0.5225283062195576,-0.8526219380237177,0.9624505021100351,-0.27145723602096367,1,0,0,0,99,35
1701503160,12,2,5,946,018.5,0.0,077,0,0,0,0,0,1,0,-0.371488064422021,-0.9284377297331149,0.9819464674138593,-0.18915902075619492,-0.7710898199160053,-0.6367263852094576,-0.9046342866621455,0.42618869928151687,0.535635744101569,-0.8444491397596178,-0.9603252417175178,-0.27888246649832815,0.7996506945217794,-0.6004654584160823,0.8945572811218079,0.44695332059618803,-0.5258548656253986,-0.8505743120375162,0.9619184768049516,-0.27333650319933833,1,0,0,0,99,33
1701503220,12,2,5,947,018.5,0.0,077,0,0,0,0,0,1,0,-0.9819692685810417,-0.18904061881620535,0.7710514311043737,-0.6367728720602797,-0.9046471334338819,-0.4261614294722836,-0.8444410664671288,0.5356484717273617,0.4818462038205958,-0.8762558050385063,-0.9685700297444957,-0.2487410249250148,0.7901711918707917,-0.6128861946050772,0.8980217688355548,0.43995102306672884,-0.5291734011329704,-0.8485137073338087,0.9613827820732512,-0.2752147276820331,1,0,0,0,99,31
1701503280,12,2,5,948,018.5,0.0,078,0,0,0,0,0,1,0,-0.689632455789954,0.7241595652348433,0.3713761131017696,-0.9284825160537067,-0.9819578697820255,-0.18909982012986337,-0.7710706258605184,0.6367496289241701,0.42617506442530745,-0.9046407101507675,-0.9758690255743256,-0.21835669196206517,0.7804987802559544,-0.6251573034196812,0.9014314459291071,0.43292187319441294,-0.5324838621055041,-0.8464401553548877,0.9608434199584467,-0.27709190230419245,1,0,0,0,99,30
1701503340,12,2,5,949,018.4,0.0,077,0,0,0,0,0,1,0,0.23674925645140169,0.971570784641916,-0.11922502958289408,-0.9928672581573823,-0.9982152218227747,0.059719100138137124,-0.6856678860286016,0.7279145211280432,0.36883972052366915,-0.9294930126493807,-0.9822151018614458,-0.18775913739498723,0.7706358210578416,-0.6372757890446697,0.9047861042933489,0.42586630000231895,-0.5357861980294384,-0.8443536877406053,0.9603003925180404,-0.2789680199049658,1,0,0,0,99,27
1701503460,12,2,5,951,018.4,0.0,077,0,0,0,0,0,1,0,0.7849243603267638,-0.6195915982045113,-0.8998865479060434,-0.43612406594654274,-0.8473854099365126,0.5309783112583117,-0.4842631974152528,0.8749223712016717,0.2500776167496086,-0.968225792674847,-0.9920246450252249,-0.126044054451515,0.7503479374435286,-0.6610430944910041,0.9113295492002341,0.4116776077885437,-0.5423662932979225,-0.8401421331502615,0.959203349960336,-0.2827170554191403,1,0,0,0,99,28
1701503520,12,2,5,952,018.5,0.0,077,0,0,0,0,0,1,0,-0.09727191050322355,-0.9952578436902936,-0.9988137573367454,0.048693717817118926,-0.6896761131802671,0.7241179868699296,-0.3714041014380902,0.9284713207390763,0.18911462035089152,-0.9819550195245901,-0.9954785330494551,-0.09498678980629327,0.7399279660231438,-0.6726861118655962,0.9145179363647266,0.40454535477150383,-0.5456439522383145,-0.8380171104373418,0.9586493390279216,-0.2845899590311104,1,0,0,0,99,29
1701503580,12,2,5,953,018.5,0.0,077,0,0,0,0,0,1,0,-0.8900368354089458,-0.4558886175539251,-0.8531965241238167,0.521589581206371,-0.48908609609844206,0.8722355132664489,-0.2527493686773037,0.9675317858516197,0.12741313540679455,-0.9918497330371219,-0.9979603531797047,-0.0638367721727774,0.7293273518019112,-0.6841649025736495,0.9176505060679827,0.3973884103911125,-0.548913285323323,-0.8358793006143628,0.9580916711396574,-0.28646177701888714,1,0,0,0,99,25
1701503640,12,2,5,954,018.5,0.0,077,0,0,0,0,0,1,0,-0.8645059984548472,0.5026225011234452,-0.49868702553633515,0.8667821240437084,-0.25808707441122625,0.9661216600521149,-0.13015056655252244,0.9914942410453312,0.06521410489560044,-0.9978712945679246,-0.9994676819607337,-0.03262441901456225,0.7185486827677587,-0.6954766642330416,0.9207270671140937,0.39020721147036636,-0.5521742426669474,-0.8337287363016721,0.9575303484228769,-0.28833250224205376,1,0,0,0,99,23
1701503700,12,2,5,955,018.5,0.0,077,0,0,0,0,0,1,0,-0.044152333395038934,0.9990248102303433,-0.022081550779516786,0.9997561728317418,-0.011041448461551128,0.9999390413499569,-0.005520808366672965,0.9999847602213638,0.002760414700383762,-0.999996190048083,-0.9999990475115672,-0.001380208664824669,0.7075945903781432,-0.7066186352393968,0.9237474317256306,0.3830021963126342,-0.5554267745109907,-0.8315654503142355,0.9569653730188558,-0.2902021275643621,1,0,0,0,99,23
1701503760,12,2,5,956,018.5,0.0,077,0,0,0,0,0,1,0,0.8167947833692505,0.5769283160504252,0.45993025772913376,0.8879550427950801,0.2366906812750767,0.9715850561826999,0.11919510018725629,0.9928708516677031,-0.05970405485516448,-0.9982161218062207,-0.9995539309627621,0.029865349435251595,0.696467748917618,-0.7175880954402921,0.9267114155551047,0.3757738046749054,-0.5586708312258188,-0.8293894756611352,0.9563967470828033,-0.29207064585375986,1,0,0,0,99,20
1701503820,12,2,5,957,018.5,0.0,077,0,0,0,0,0,1,0,0.9267845431459862,-0.37559341126500806,0.829335098517182,0.5587515497674221,0.469706530842705,0.8828226180177483,0.2420510090685967,0.9702635255480204,-0.12193538135418193,-0.9925380409707278,-0.9981327669630748,0.06108174452842746,0.6851708748449442,-0.7283823667993438,0.9296188376962204,0.3685224777409488,-0.5619063633111175,-0.8272008455450673,0.9558244727838546,-0.29393804998241774,1,0,0,0,99,18
1701503880,12,2,5,958,018.5,0.0,077,0,0,0,0,0,1,0,0.18469286804020318,-0.982796288401154,0.9956897831154927,0.0927461902151406,0.6735183033091452,0.7391705453463161,0.36112979290947733,0.9325155616251978,-0.18369055279845262,-0.9829841203257552,-0.9957369432550334,0.09223849433464518,0.6737067261299069,-0.7389988140500109,0.9324695206949155,0.36124865809438594,-0.565133321396648,-0.8249995933618349,0.9552485523050623,-0.2958043328267565,1,0,0,0,99,16
1701503940,12,2,5,959,018.5,0.0,077,0,0,0,0,0,1,0,-0.7272045781869426,-0.6864207903785774,0.9182648829119453,-0.39596667133827224,0.8354539698087119,0.5495604282796059,0.4745732671149915,0.8802160042511173,-0.24472841656505961,-0.9695916677269657,-0.9923687993198309,0.12330517481645753,0.6620781015799958,-0.7494348453389585,0.9352632905601926,0.35395278969167726,-0.5683516562430001,-0.8227857526998378,0.954668987843388,-0.2976694872674744,1,0,0,0,99,15
1701504060,12,2,5,961,018.5,0.0,077,0,0,0,0,0,1,0,-0.3215367736757958,0.9468970921774763,0.16294616875294074,-0.9866349609094227,0.996653139489718,0.08174667910862572,0.6775888579704414,0.7354409150668141,-0.3637025466869774,-0.9315151407966523,-0.9827296527521321,0.18504710103558453,0.6383388202845004,-0.7697555134702136,0.940679412305333,0.33929668914519806,-0.5747622599191782,-0.8183204412530577,0.9534989358287344,-0.30139638248239004,1,0,0,0,99,13
1701504120,12,2,5,962,018.5,0.0,077,0,0,0,0,0,1,0,0.6230593684278799,0.7821745479202525,-0.33001928131531005,-0.9439741913633689,0.9858940590558828,-0.16737055989126504,0.7639929842254002,0.6452245501020304,-0.421174221610232,-0.9069797544879462,-0.9764680625826803,0.21566205682972353,0.6262339591439754,-0.779635189312836,0.9433014336130409,0.3319373515342646,-0.5779544309310792,-0.8160690386034335,0.9529084527391478,-0.30325810903961536,1,0,0,0,99,16
1701504180,12,2,5,963,018.6,0.0,077,0,0,0,0,0,1,0,0.9948176005844565,-0.10167566851211195,-0.7421845014927595,-0.6701956175206938,0.9138368611302276,-0.40608150812324995,0.8384752554855898,0.5449396718338416,-0.47700122021131053,-0.8789026316475113,-0.9692529679210456,0.24606642228521222,0.6139762119637812,-0.789324528405526,0.9458658806631959,0.3245577541782617,-0.5811377830694449,-0.8138051837443228,0.9523143345934478,-0.3051186787593291,1,0,0,0,99,11
1701504240,12,2,5,964,018.6,0.0,077,0,0,0,0,0,1,0,0.4519451186001038,-0.8920457442158098,-0.9726370711153801,-0.23232978261965265,0.7849617132764033,-0.6195442750039529,0.8998734008192355,0.4361511922464772,-0.5309655392553846,-0.8473934128391833,-0.9610914141847234,0.2762305080551537,0.6015685712970908,-0.7988211652351087,0.9483725969351678,0.3171583474897762,-0.5843122677602378,-0.8115289112193651,0.9517165836580145,-0.3069780845440232,1,0,0,0,99,13
1701504300,12,2,5,965,018.7,0.0,077,0,0,0,0,0,1,0,-0.5064436211734846,-0.8622730765672137,-0.9649541638252083,0.26241848585111743,0.6072814479913258,-0.7944867795788415,0.9472293227035472,0.320556719178649,-0.5828564492314343,-0.8125751408881055,-0.9519913709924333,0.3061248594216864,0.5890140662914229,-0.808122781333903,0.9508214294319157,0.3097395830904544,-0.5874778365647276,-0.8092402557616787,0.951115202213086,-0.30883631930062994,1,0,0,0,99,12
1701504360,12,2,5,966,018.7,0.0,077,0,0,0,0,0,1,0,-0.9992104312245924,-0.03973051889875125,-0.7210168232776373,0.692917556820885,0.39184336359004157,-0.9200319442337003,0.9798040478161182,0.1999600657210081,-0.6324713172464788,-0.7745837804011287,-0.9419617243819222,0.33572028505801615,0.5763157619491175,-0.8172271058457423,0.9532122286893256,0.30230191378343746,-0.5906344411802289,-0.8069392522933302,0.9505101925527496,-0.31069337594054836,1,0,0,0,99,15
1701504420,12,2,5,967,018.6,0.0,077,0,0,0,0,0,1,0,-0.5733077789028065,0.8193400946185477,-0.3005494180508858,0.9537662435362628,0.15204235670321797,-0.9883739786984133,0.9970892584664658,0.07624310231616616,-0.6796163983026873,-0.733567686827932,-0.9310122681328995,0.36498788553325157,0.5634767583790605,-0.8261319160803714,0.9555448487853334,0.29484579352572476,-0.593782033440839,-0.8046259359248012,0.9499015569849334,-0.31254924737967194,1,0,0,0,99,16
1701504480,12,2,5,968,018.6,0.0,077,0,0,0,0,0,1,0,0.3796914013979365,0.9251132037239935,0.19350296674212325,0.9810996900733364,-0.09721190751822432,-0.9952637062792294,0.9988152247235795,-0.04866360920015389,-0.7241075918674496,-0.6896870271361664,-0.9191536942035773,0.3938990815322077,0.5505001900398365,-0.8348350380560844,0.9578191473488313,0.28737167740046654,-0.5969205653181726,-0.8023003419544537,0.949289297831397,-0.3144039265384152,1,0,0,0,99,14
1701504540,12,2,5,969,018.6,0.0,078,0,0,0,0,0,1,0,0.9836040582900275,0.18034149970372382,0.640179076624766,0.7682257154325556,-0.3404220061684059,-0.9402727570850268,0.9849550134612816,-0.17281094137087097,-0.7657711607820156,-0.643113154362873,-0.906397582290154,0.42242564176262254,0.5373892249744953,-0.8433343470304713,0.9600349855683571,0.27988002158918807,-0.6000499889220947,-0.7999625058679901,0.9486734174277232,-0.3162574063417408,1,0,0,0,99,13
1701504660,12,2,5,971,018.6,0.0,078,0,0,0,0,0,1,0,-0.24533965564184546,-0.9694371838182919,0.992329880588681,-0.12361799258544061,-0.7495391892974779,-0.6619599713783906,0.9115810362711564,-0.41112043771965984,-0.8399763204161352,-0.5426230562187438,-0.8782434332856534,0.47821383490090297,0.5107769401113842,-0.8597132763023096,0.9642907435784888,0.26484592095942344,-0.6062813204447983,-0.7952502502229796,0.9474308022813539,-0.3199607396048931,1,0,0,0,99,13
1701504720,12,2,5,972,018.5,0.0,078,0,0,0,0,0,1,0,-0.9483108434411563,-0.3173429441659648,0.8115857761709371,-0.584233282103149,-0.8900093488562771,-0.4559422758951242,0.8532122467168191,-0.5215638619118831,-0.8722281415753229,-0.4890992425306529,-0.8628728882432953,0.5054209915849098,0.4972821173212898,-0.8675888979190864,0.9663304036195608,0.257304393744951,-0.6093831332811276,-0.7928759025676563,0.9468040722788575,-0.3218105789376289,1,0,0,0,99,10
1701504780,12,2,5,973,018.5,0.0,078,0,0,0,0,0,1,0,-0.7794094151401889,0.6265149348505816,0.43213716870307417,-0.901807888313964,-0.9751430377934214,-0.22157629801722484,0.7815293654166889,-0.6238684564805209,-0.9010739305075142,-0.4336655067673005,-0.846659762468756,0.5321346132477662,0.48366589023427825,-0.8752527101494078,0.9683110838334466,0.24974716199648023,-0.6124756476805914,-0.7904894566015667,0.9461737305066038,-0.32365919066081944,1,0,0,0,99,14
1701504840,12,2,5,974,018.5,0.0,078,0,0,0,0,0,1,0,0.10607743500999182,0.9943578720871581,-0.053113688973945104,-0.9985884718158823,-0.9996470556691202,0.026566220884026468,0.6976509797584941,-0.7164377924439869,-0.9264010450242344,-0.37653831648054964,-0.8296198878042129,0.5583286144912557,0.4699315830569086,-0.8827028419834321,0.9702326633296345,0.24217468696848557,-0.6155588164552248,-0.7880909487389401,0.9455397793691549,-0.32550656772257286,1,0,0,0,99,16
1701504900,12,2,5,975,018.5,0.0,078,0,0,0,0,0,1,0,0.8940371806131415,0.44799276744307476,-0.5253604631854805,-0.8508797704267844,-0.9619978613351446,0.27305698084210883,0.6028859838965785,-0.7978273562751872,-0.948110583285301,-0.31794075212593687,-0.8117699033981048,0.5839774173176833,0.4560825488233006,-0.8899374745783221,0.9720950248248167,0.23458743084581274,-0.618632592559666,-0.7856804155780558,0.9449022212848417,-0.32735270307570724,1,0,0,0,99,16
1701504960,12,2,5,976,018.5,0.0,079,0,0,0,0,0,1,0,0.86002326542427,-0.510254821563673,-0.8689806734225085,-0.49484602576777714,-0.8645362993442719,0.5025703802614231,0.4987131538963941,-0.8667670910519801,-0.9661177700083929,-0.25810163593826746,-0.7931272394572851,0.6090559761063561,0.4421221685765394,-0.8969548417022889,0.9738980546500462,0.2269858567154693,-0.621696929091873,-0.7832578939006837,0.9442610586857545,-0.3291975896777772,1,0,0,0,99,16
1701505020,12,2,5,977,018.5,0.0,079,0,0,0,0,0,1,0,0.03530792620481886,-0.999376480785452,-0.9998441080452123,-0.017656715642326043,-0.7133220575736903,0.7008363875961614,0.3867580719285886,-0.9221812152706651,-0.980352287514714,-0.1972546383856853,-0.773710100226721,0.6335398020702072,0.42805385054324224,-0.9037532301657923,0.9756416427576757,0.21937042853836028,-0.6247517792938407,-0.7808234206715242,0.9436162940177337,-0.3310412204911012,1,0,0,0,99,16
1701505080,12,2,5,978,018.5,0.0,078,0,0,0,0,0,1,0,-0.8218693575364985,-0.5696760124338598,-0.8859108342361154,0.46385557427185253,-0.5177569051824165,0.8555277827960506,0.2687677596029232,-0.9632050100565431,-0.9907585503180235,-0.1356373656914954,-0.7535374462133568,0.65740498716868,0.413881029301489,-0.9103309802397916,0.977325682728074,0.21174161112097017,-0.6277970965523135,-0.7783770330376437,0.9429679297403607,-0.332883588482788,1,0,0,0,99,15
1701505140,12,2,5,979,018.5,0.0,078,0,0,0,0,0,1,0,-0.9234237442034923,0.3837819545538891,-0.5550756909855227,0.8317998420755708,-0.2900001361417173,0.9570266041431583,0.14658341628035845,-0.989198312812744,-0.9972959221847706,-0.07349043198694676,-0.7326289756715014,0.6806282274535245,0.399607164942319,-0.9166864860609445,0.9789500717761209,0.2040998700869938,-0.6308328343994969,-0.7759187683279074,0.942315968326948,-0.33472468662476373,1,0,0,0,99,19
1701505260,12,2,5,981,018.4,0.0,078,0,0,0,0,0,1,0,0.733251813680783,0.6799571881624918,0.40002675650355446,0.9165034610306968,0.20432393272607985,0.9789033305262315,-0.10270508622694526,-0.9947118503682942,-0.9986770875433896,0.051420568023436815,-0.68868695064469,0.7250588141742147,0.3707702697262722,-0.9287246131588779,0.9820195041746569,0.1887794835795486,-0.6368753867203738,-0.7709667579019048,0.9410012640538548,-0.3384030452715336,1,0,0,0,99,22
1701505320,12,2,5,982,018.5,0.0,078,0,0,0,0,0,1,0,0.9683418904640227,-0.24962768911433375,0.7904516712343437,0.6125244121199033,0.4401565561706975,0.8979210466738997,-0.22591918170675576,-0.9741460482581397,-0.9935154876140935,0.11369685954735136,-0.6656963048014645,0.7462227748961269,0.3562142789837832,-0.9344042954995784,0.9834643601828127,0.18110177318350804,-0.6398821089921534,-0.7684730877472249,0.9403385262093713,-0.34024029174450743,1,0,0,0,99,22
1701505380,12,2,5,983,018.5,0.0,079,0,0,0,0,0,1,0,0.31314289889206726,-0.9497060202365112,0.9873464488811694,0.1585780245864616,0.648622376816256,0.7611103811492987,-0.3456078839166587,-0.938379022876497,-0.9844742309670926,0.17552916726786882,-0.6420556178136483,0.766658061741957,0.3415713236339103,-0.9398558564327716,0.9848491905953854,0.17341300926866535,-0.6428790674502222,-0.7659676916387091,0.9396722012592235,-0.3420762403041834,1,0,0,0,99,22
1701505440,12,2,5,984,018.5,0.0,079,0,0,0,0,0,1,0,-0.6299582297887875,-0.7766290161469486,0.9425043809306535,-0.3341937939677003,0.8167599996228085,0.5769775585030581,-0.45990349068959124,-0.8879689066918555,-0.9715886235161092,0.23667603734656428,-0.617787974410896,0.7863447200008926,0.3268449785441926,-0.9450779650380419,0.9861739108894643,0.16571366111754054,-0.6458662163646817,-0.7634506078056198,0.9390022917452384,-0.3439108839469756,1,0,0,0,99,25
1701505500,12,2,5,985,018.5,0.0,078,0,0,0,0,0,1,0,-0.9938786672030538,0.11047712377990915,0.6669043695388758,-0.7451433163425373,0.9341154415655855,0.3569710658144878,-0.5670224573090171,-0.8237023327071764,-0.9549089832824844,0.2968986925643355,-0.5929170715351618,0.8052635259852315,0.3120388389405784,-0.9500693464124689,0.9874384402109503,0.15800419865866083,-0.6488435101553144,-0.7609218746555592,0.9383288002229173,-0.3457442156742762,1,0,0,0,99,24
1701505560,12,2,5,986,018.5,0.0,079,0,0,0,0,0,1,0,-0.4440316414971394,0.8960111055948782,0.22802290938096753,-0.9736557670950443,0.9933921096664309,0.11476984121483252,-0.665293228127706,-0.7465821593149787,-0.9345004439043832,0.3559619647413339,-0.567467195201038,0.8233960058019877,0.29715651952970196,-0.9548287819818765,0.9886427013794914,0.15028509243787871,-0.6518109033922803,-0.7583815307738838,0.9376517292614257,-0.34757622849248204,1,0,0,0,99,24
1701505620,12,2,5,987,018.4,0.0,079,0,0,0,0,0,1,0,0.5140560276444147,0.8577566090928386,-0.26668651157038425,-0.9637833286306727,0.9909044678047104,-0.13456721623286869,-0.7531823206345422,-0.657811821027538,-0.9104427002913302,0.413635213063674,-0.5414631967808735,0.8407244533923329,0.28220165361640515,-0.9593551097983304,0.9897866208931929,0.14255681358965214,-0.6547683507968096,-0.7558296149231162,0.9369710814435833,-0.3494069154130209,1,0,0,0,99,18
1701505680,12,2,5,988,018.4,0.0,079,0,0,0,0,0,1,0,0.9995229556605263,0.030884641938116356,-0.6961017734720562,-0.7179431181988293,0.9268071855026884,-0.3755375359409301,-0.8293182549362247,-0.5587765492838215,-0.8828296974172939,0.4696932247308761,-0.5149304687378307,0.8572319478212639,0.2671778922167178,-0.9636472248238107,0.9908701289331036,0.13481983380828896,-0.6577158072418934,-0.7532661660423522,0.9362868593658549,-0.3512362694523786,1,0,0,0,99,13
1701505740,12,2,5,989,018.4,0.0,079,0,0,0,0,0,1,0,0.5660330877786267,-0.8243825225826864,-0.9550870438296937,-0.2963253932903098,0.8050855213237628,-0.593158750550681,-0.8925129552422981,-0.4510217563761858,-0.8517692634675736,0.5239170944070323,-0.4878949198305757,0.8729023698006073,0.2520889031665146,-0.9677040791999916,0.9918931593674774,0.12707462531915723,-0.6606532277529729,-0.7506912232466679,0.9355990656383395,-0.3530642836321256,1,0,0,0,99,14
1701505860,12,2,5,991,018.4,0.0,079,0,0,0,0,0,1,0,-0.9851617853645876,-0.1716282513377624,-0.7653849526015528,0.6435727420665972,0.4221535608835977,-0.9065243355990498,-0.9763514571093367,-0.21618934340173923,-0.7798042521690104,0.6260234247207771,-0.4324214236593875,0.901671621135094,0.22172999218069936,-0.9751081019905162,0.9937575413526472,0.11156141360139663,-0.6664977818412464,-0.7455070132471581,0.934212773742459,-0.35671626452465127,1,0,0,0,99,8
1701505920,12,2,5,992,018.4,0.0,079,0,0,0,0,0,1,0,-0.6767053779597042,0.7362539177759354,-0.36314327904015004,0.9317333088861682,0.184752119221718,-0.982785151720906,-0.9956869868891794,-0.09277620459766088,-0.7391806966492228,0.6735071623235863,-0.404037645323065,0.9147423578045313,0.2064674819377966,-0.9784534628188842,0.9945987791111761,0.10379435721925297,-0.669404826237736,-0.7428978251479987,0.9335142808623762,-0.3585402173062328,1,0,0,0,99,7
1701505980,12,2,5,993,018.4,0.0,079,0,0,0,0,0,1,0,0.2539108331545893,0.9672276302953418,0.12800853429490208,0.9917730663552378,-0.0641363143810206,-0.9979411471512831,-0.99948515425475,0.03208467584935907,-0.6956706563276336,0.7183608688707087,-0.3752593310827136,0.9269198640849997,0.19115456562033808,-0.9815599482672975,0.9953793116865794,0.09602096576452052,-0.6723016563401727,-0.7402773013420446,0.9328122269090507,-0.36036280236586254,1,0,0,0,99,5
1701506040,12,2,5,994,018.4,0.0,079,0,0,0,0,0,1,0,0.9510825952363544,0.3089367201199639,0.5878193939808536,0.8089921878856321,-0.30903706259473784,-0.9510499955011913,-0.9876866900746388,0.1564448856607474,-0.6494440369805748,0.7604093915979561,-0.3461145824738131,0.938192248848272,0.1757949816572247,-0.9844267999318873,0.9960990914391719,0.08824171368494811,-0.6751882279464934,-0.7376454818152647,0.9321066145606051,-0.3621840127509325,1,0,0,0,99,4
1701506100,12,2,5,995,018.4,0.0,079,0,0,0,0,0,1,0,0.7738334053999244,-0.6333891857990285,0.9037115651022257,0.42814180723270384,-0.5347233830530025,-0.8450271614666311,-0.9604757054362778,0.2783638253557463,-0.6006813525673382,0.7994885319239252,-0.3166318588487858,0.9485485048019224,0.16039247987059368,-0.9870533179119358,0.9967580744373069,0.08045707578598697,-0.6780644970111667,-0.7350024067259872,0.9313974465087359,-0.36400384151407855,1,0,0,0,99,4
1701506160,12,2,5,996,018.4,0.0,079,0,0,0,0,0,1,0,-0.11487464864560613,-0.9933799953182813,0.9983436270438855,-0.05753261979833144,-0.727163193443649,-0.68646463135462,-0.9182768186539993,0.39593899065726024,-0.5495730203270262,0.8354456866419445,-0.28683994958692166,0.9579785192377605,0.14495082056035336,-0.9894388609807482,0.9973562204600591,0.07266752720181091,-0.6809304196458655,-0.7323481164042859,0.9306847254587038,-0.36582228171320713,1,0,0,0,99,5
1701506220,12,2,5,997,018.4,0.0,079,0,0,0,0,0,1,0,-0.8979674804979512,-0.4400618183484699,0.8485463506339739,-0.5291210549824729,-0.8743915184236616,-0.4852210553023885,-0.8617485292422576,0.5073356604347912,-0.49631861720330867,0.8681404438323304,-0.25676794598203806,0.9664730839067197,0.12947377358615977,-0.9915828467421972,0.9978934929996781,0.06487354336631672,-0.6837859521201365,-0.7296826513513655,0.929968454129323,-0.3676393264115215,1,0,0,0,99,4
1701506280,12,2,5,998,018.4,0.0,079,0,0,0,0,0,1,0,-0.8554731519696874,0.5178471649618718,0.4909953335002932,-0.8711622021649791,-0.9672544138345865,-0.253808784161444,-0.7917729422509473,0.6108155269140414,-0.44112610050072903,0.8974451311679287,-0.22644521283532507,0.9740239040105557,0.11396511744705974,-0.9934847517729086,0.9983698592638173,0.05707559998410604,-0.6866310508620674,-0.7270060522389432,0.9292486352529508,-0.36945496867754857,1,0,0,0,99,3
1701506340,12,2,5,999,018.4,0.0,079,0,0,0,0,0,1,0,-0.026460752737064126,0.9996498529808264,0.013231534664836528,-0.9999124594135295,-0.9999781146138973,-0.006615912124209524,-0.7094420033111267,0.7047638213883395,-0.38421099581588014,0.92324531447182,-0.19590135978111542,0.9806236063015769,0.09842863835902424,-0.9951441117500462,0.9987852901775351,0.049274173001450816,-0.6894656724589519,-0.7243183599086285,0.9285252715754775,-0.37126920158516485,1,0,0,0,99,4
1701506460,12,2,5,1001,018.4,0.0,079,0,0,0,0,0,1,0,0.9199905975863218,-0.3919404295971039,-0.8342482932548031,-0.5513889599923525,-0.880735192890676,0.4736090370799778,-0.5130258097406125,0.8583731813960574,-0.26610789034143895,0.9639432507663658,-0.13426978296257547,0.990944814499366,0.06728738923689195,-0.9977336354206382,0.9994332482513872,0.033662773053937445,-0.6951033113667574,-0.7189098598064773,0.9270679208683895,-0.3748934116475794,1,0,0,0,99,4
1701506520,12,2,5,1002,018.4,0.0,079,0,0,0,0,0,1,0,0.1672665419737925,-0.985911712039232,-0.9964717035719659,-0.08392939878483582,-0.7361825177171881,0.676783052837157,-0.40200556411749017,0.9156372242425372,-0.20538107965129446,0.978682079186734,-0.1032422413871038,0.9946562419214826,0.05169022189214013,-0.9986631669190275,0.9996657358635004,0.02585375292846797,-0.6979062426542451,-0.716189134561698,0.9263339393981249,-0.37670337497711776,1,0,0,0,99,10
1701506580,12,2,5,1003,018.4,0.0,079,0,0,0,0,0,1,0,-0.7392416009402617,-0.6734403131973009,-0.9147240876890969,0.4040790063853225,-0.5458575792341247,0.8378779763143684,-0.2847121561205559,0.9586130544475097,-0.14385226024030748,0.9895991750318686,-0.07211388551496663,0.9973964044029506,0.03608043512105518,-0.9993488891280539,0.9998372090315638,0.018043154823174902,-0.7006985247511319,-0.7134574811518816,0.925596424245438,-0.3785119012977785,1,0,0,0,99,15
1701506640,12,2,5,1004,018.4,0.0,079,0,0,0,0,0,1,0,-0.9660944251371497,0.2581890038691042,-0.6090201130220971,0.7931547780443311,-0.3215938602925038,0.9468777054203809,-0.1629759101518061,0.9866300485542645,-0.08176170083154903,0.9966519072761223,-0.0409151116574164,0.9991626262216082,0.020461839829201516,-0.9997906346384747,0.999947657289739,0.010231455456709277,-0.7034801150506284,-0.710714941258698,0.9248553782237248,-0.38031898371058337,1,0,0,0,99,15
1701506700,12,2,5,1005,018.4,0.0,079,0,0,0,0,0,1,0,-0.30472449023565196,0.9524405414778511,-0.1542067743682958,0.9880385977981455,-0.07733499273244457,0.9970051649309911,-0.03869647961384155,0.9992510107402922,-0.01935186373075997,0.9998127351510112,-0.009676384887673313,0.9999531826918227,0.004838249072617528,-0.9999882956044592,0.9999970738968338,0.002419131614937442,-0.706250971109089,-0.707961556729932,0.9241108041598507,-0.3821246153220622,1,0,0,0,99,15
1701506760,12,2,5,1006,018.4,0.0,079,0,0,0,0,0,1,0,0.6368077356795173,0.7710226376564607,0.33836176080013775,0.9410161097602051,0.17173219010976784,0.985143672202234,0.08618679654612434,0.9962789951118698,0.043133541983763984,0.9990693156913262,0.0215717907077017,0.9997673018486167,-0.010786522873087307,-0.9999418237699174,0.9999854558367129,-0.005393339878159504,-0.7090110506466594,-0.7051973695788437,0.9233627048941395,-0.3839287892442792,1,0,0,0,99,17
1701506820,12,2,5,1007,018.4,0.0,079,0,0,0,0,0,1,0,0.992861866200276,-0.11926992347320918,0.7480875361457405,0.6636000589688005,0.4101218971423006,0.9120307174017771,0.2097251565719083,0.9777603789788624,0.10545051213990769,0.9944245519341481,0.05279890181552981,0.9986051652014795,-0.026408661443933133,-0.9996512304802809,0.9999128038184832,-0.013205482189588585,-0.7117603115479215,-0.7024224219835282,0.9226110832803626,-0.3857314985948593,1,0,0,0,99,16
1701506880,12,2,5,1008,018.4,0.0,079,0,0,0,0,0,1,0,0.4360833757535898,-0.8999062670030438,0.9746553921779337,0.22371156988067947,0.623012211003653,0.7822121099422712,0.329990825673782,0.9439841391523142,0.16735570030280691,0.9858965815825497,0.08397445569174683,0.9964679075571249,-0.04202435271884079,-0.999116586679734,0.9997791222764492,-0.021016818506448383,-0.7144987118625367,-0.6996367562862716,0.9218559421857278,-0.38753273649701414,1,0,0,0,99,15
1701506940,12,2,5,1009,018.4,0.0,079,0,0,0,0,0,1,0,-0.5216281592594221,-0.8531729387806595,0.9625936159098136,-0.27094931372799275,0.7971666430954047,0.6037593420693411,0.44510709830930517,0.8954773425579625,0.22860736803746887,0.9735187061782538,0.11506800993705027,0.9933576159113731,-0.05762978435074598,-0.9983380228938926,0.9995844193698431,-0.028826872065031227,-0.7172262098058851,-0.6968404149929053,0.9210972844908689,-0.3893324960795687,1,0,0,0,99,15
1701507060,12,2,5,1011,018.4,0.0,079,0,0,0,0,0,1,0,-0.558714049540841,0.8293603624756096,0.29209556443430496,-0.9563891369300495,0.9890371926601268,0.14766662295513935,0.6528144365150256,0.7575178621508338,0.3481968824165189,0.937421426614208,0.17688777994224478,0.9842310263891827,-0.08879463275113347,-0.996049955170217,0.9990120007212668,-0.044441224273094576,-0.7226483322727226,-0.6912158764549992,0.9195694308900767,-0.39292755282939934,1,0,0,0,99,15
1701507120,12,2,5,1012,018.4,0.0,079,0,0,0,0,0,1,0,0.3960081916851428,0.9182469777343475,-0.20217940333482604,-0.9793485022540106,0.9948237286710673,-0.10161569206079699,0.7421642985420401,0.6702179898880674,0.4060677345664961,0.9138429815586667,0.20755362974582411,0.9782236404725319,-0.10434644106884551,-0.994541009831302,0.9986343199167806,-0.05224456990299564,-0.7253428740612937,-0.6883877650339976,0.9188002408124406,-0.3947228362826266,1,0,0,0,99,16
1701507180,12,2,5,1013,018.4,0.0,079,0,0,0,0,0,1,0,0.9866423277611509,0.16290155637702694,-0.6469538019143921,-0.7625291982530986,0.9387569435836677,-0.3445800355119992,0.8199329349135815,0.572459590053307,0.4623529009029212,0.8866959992165598,0.23801680695219837,0.9712610357716817,-0.11987277469950863,-0.9927892615685571,0.998195687620558,-0.060044726793628274,-0.7280263480100251,-0.6855491496626525,0.9180275457911523,-0.39651661398820826,1,0,0,0,99,17
1701507240,12,2,5,1014,018.4,0.0,079,0,0,0,0,0,1,0,0.6701620578277746,-0.7422148046543147,-0.9333313464826719,-0.35901615238432194,0.8243227985396018,-0.5661200613013454,0.8849067920694658,0.4657681497798313,0.5168325890557641,0.8560864879729826,0.2682475647857939,0.9633500111519651,-0.1353698431114458,-0.990795138046197,0.9976961306044534,-0.06784121886361938,-0.7306987131724058,-0.6827000736547422,0.9172513487738087,-0.39830887910342766,1,0,0,0,99,19
1701507300,12,2,5,1015,018.4,0.0,080,0,0,0,0,0,1,0,-0.26246211746178244,-0.9649422971854211,-0.9911968263633165,0.1323965687141833,0.6586362544249356,-0.7524614836369312,0.9360719746998442,0.35180855330923155,0.5692940570086642,0.8221339773142914,0.2982163834246105,0.954498291594671,-0.1508338629176634,-0.9885591261008799,0.9971356793588524,-0.07563357025527759,-0.7333599287714313,-0.679840580483661,0.9164716527213651,-0.40009962479133804,1,0,0,0,99,19
1701507360,12,2,5,1016,018.4,0.0,080,0,0,0,0,0,1,0,-0.9537798323630459,-0.3005062917436509,-0.8063827539523806,0.5913939922996974,0.45199889806298343,-0.892018495407942,0.972630067242408,0.23235910202965793,0.6195324438519512,0.784971051068018,0.3278939988258263,0.9447145206537312,-0.16626105879951092,-0.9860817716228536,0.9965143680908102,-0.08342130536363722,-0.7360099542002259,-0.6769707137817569,0.9156884606081254,-0.40188884422078897,1,0,0,0,99,25
1701507420,12,2,5,1017,018.4,0.0,080,0,0,0,0,0,1,0,-0.7681967679707804,0.6402138124714641,-0.42413805979217184,0.9055975409837044,0.2172584394405608,-0.9761141175558584,0.9940105928902011,0.10928376467742497,0.6673515697601134,0.7447428296658603,0.3572514313016393,0.9340082520154359,-0.18164766442837085,-0.9833636794226833,0.9958322347219645,-0.09120394886548673,-0.7386487490226619,-0.6740905173396645,0.9149017754217292,-0.4036765305664521,1,0,0,0,99,21
1701507480,12,2,5,1018,018.4,0.0,080,0,0,0,0,0,1,0,0.12366286217291594,0.9923242899975806,0.061950423737127995,0.9980792278165047,-0.030990096672124958,-0.9995196916060495,0.9998799156913918,-0.015496909271697935,0.7125647020698184,0.7016064034515015,0.3862600138174404,0.9223899401694224,-0.19698992338515384,-0.980405513083597,0.99508932088622,-0.09898102574838,-0.7412762729739769,-0.6712000351056382,0.9141116001631415,-0.40546267700884736,1,0,0,0,99,16
1701507540,12,2,5,1019,018.4,0.0,081,0,0,0,0,0,1,0,0.9018274271353413,0.43209639163785063,0.5328712829390178,0.846196310449842,-0.27731181867183197,-0.9607799723271302,0.9901464468267132,-0.14003575913471147,0.7549952844669665,0.6557302192461807,0.41489141998468665,0.9098709302000424,-0.21228409007737442,-0.9772079947994803,0.9942856719272083,-0.10675206133962863,-0.7438924859613884,-0.6682993111848804,0.9133179378466407,-0.40724727673436906,1,0,0,0,99,15
1701507660,12,2,5,1021,018.4,0.0,081,0,0,0,0,0,1,0,0.017611506143138743,-0.9998449053985173,0.9999612255979022,0.008806094522619302,-0.7039864719855704,-0.7102133814997501,0.9247197903959204,-0.38064853769602863,0.8308575502744224,0.5564851580698138,0.47091126655145243,0.8821805818736359,-0.24271322391493633,-0.9700980831528419,0.9924963685457096,-0.12227411182903393,-0.749090819536935,-0.6624673154846834,0.9117201641635122,-0.4108118088098957,1,0,0,0,99,10
1701507720,12,2,5,1022,018.4,0.0,081,0,0,0,0,0,1,0,-0.8318249398218998,-0.5550380793155483,0.8817704007607503,-0.4716788741741842,-0.8578108399216532,-0.5139655269693756,0.8700475639208972,-0.49296778445990996,0.8639929931602194,0.5035038309387974,0.4982450045214717,0.8670362826718376,-0.25784076222366625,-0.9661874255732781,0.9915108233330784,-0.13002417934123234,-0.7516728608048957,-0.6595361326943231,0.9109160588919055,-0.41259172756229423,1,0,0,0,99,15
1701507780,12,2,5,1023,018.3,0.0,081,0,0,0,0,0,1,0,-0.9164853722719367,0.4000681972008891,0.5476914289995375,-0.8366804040973139,-0.9583006845706921,-0.2857617853236206,0.8017985362058291,-0.5975944338246381,0.8937545618973471,0.4485563321230467,0.5250922146999293,0.8510453372538523,-0.2729053524082549,-0.9620408871908336,0.9904647614102264,-0.1377663108476931,-0.7542434324698137,-0.6565948861940317,0.9101084787524044,-0.41437007240265816,1,0,0,0,99,17
1701507840,12,2,5,1024,018.3,0.0,081,0,0,0,0,0,1,0,-0.15853338004399595,0.9873536182198484,0.07951849401287635,-0.996833390848202,-0.9992080341070627,-0.03979075993115771,0.7210377105017316,-0.6928958219201651,0.9200260381967906,0.39185723042955,0.5514266812416906,0.8342233605065102,-0.2879033166650653,-0.9576594803233847,0.9893582466233818,-0.14550003380861354,-0.7568024953079283,-0.6536436208636119,0.9092974268256817,-0.4161468365471424,1,0,0,0,99,19
1701507900,12,2,5,1025,018.3,0.0,081,0,0,0,0,0,1,0,0.7451734706822545,0.6668706760619807,-0.4081233416125689,-0.9129267977395507,-0.9779894676681213,0.2086542621904108,0.6290253324825595,-0.7773848024596348,0.9427048325058154,0.3336279346370484,0.5772226889870805,0.8165867788046315,-0.3028309934562251,-0.9530442746285798,0.9881913465085038,-0.1532248761974051,-0.7593500102710887,-0.6506823817357417,0.9084829062056539,-0.4179220132179318,1,0,0,0,99,21
1701507960,12,2,5,1026,018.3,0.0,081,0,0,0,0,0,1,0,0.9637712690067693,-0.2667300902355814,-0.7958423494121124,-0.6055038851090959,-0.8959642529445848,0.4441261728894752,0.5271972245329658,-0.8497429531597998,0.9617023846179752,0.27409582889949297,0.6024550485723009,0.7981528139709504,-0.3176847384035387,-0.948196396842698,0.9869641322871612,-0.16094036652950375,-0.7618859384873512,-0.6477112139952867,0.9076649199994695,-0.41969559564326697,1,0,0,0,99,26
1701508020,12,2,5,1027,018.3,0.0,081,0,0,0,0,0,1,0,0.29628220726538684,-0.955100441659384,-0.9887113941033004,-0.14983250371767806,-0.7582323205052914,0.6519844692484331,0.41714238022021144,-0.9088411492797939,0.9769445094988235,0.2134933848157902,0.6270991210264171,0.7789394664592975,-0.33246092517820985,-0.9431170305055724,0.9856766788621846,-0.1686460338911467,-0.7644102412615711,-0.6447301629786113,0.9068434713274974,-0.42146757705746996,1,0,0,0,99,25
1701508080,12,2,5,1028,018.3,0.0,082,0,0,0,0,0,1,0,-0.6436073494603881,-0.7653558516929062,-0.9395094070026404,0.34252310017507853,-0.5733571748155426,0.8193055291449822,0.3005781685810014,-0.953757183235068,0.9883716869768853,0.1520572536331825,0.6511308418308941,0.7589654977774624,-0.3471559463861577,-0.9378074156716458,0.9843290648130953,-0.17634140796811468,-0.7669228800759939,-0.6417392741728861,0.9060185633233147,-0.4232379507009703,1,0,0,0,99,25
1701508140,12,2,5,1029,018.3,0.0,082,0,0,0,0,0,1,0,-0.9917672772396455,0.12805337870068162,-0.6602827505316636,0.7510171032342345,-0.3528334570061104,0.9356861394811389,0.17932353515205574,-0.9837901553383066,0.9959392941686522,0.09002734212919263,0.674526744418191,0.738250412166899,-0.3617662144487106,-0.9322688486072296,0.9829213723913093,-0.18402601907443744,-0.7694238165908427,-0.6387385932153945,0.9051901991336944,-0.4250067098203306,1,0,0,0,99,25
1701508200,12,2,5,1030,018.3,0.0,082,0,0,0,0,0,1,0,-0.428100944093906,0.903730923265275,-0.21939584856455807,0.9756359267844935,-0.11037226376111557,0.9938903175865266,0.05527061793337119,-0.9984714111046261,0.9996177797299891,0.027645875780791213,0.6972639830864666,0.7168144375571656,-0.37628816247846175,-0.926502681474038,0.9814536875151161,-0.19169939818106102,-0.7719130126449032,-0.6357281658928362,0.9043583819185943,-0.42677384766827253,1,0,0,0,99,27
1701508260,12,2,5,1031,018.3,0.0,082,0,0,0,0,0,1,0,0.5291594227631156,0.8485224247484602,0.27520680882886944,0.9613850489654133,0.13895134226517336,0.9902992095739078,-0.06964477879242692,-0.9975718544480663,0.9993927792534991,-0.03484354712090696,0.7193203553080181,0.6946785058136941,-0.3907182451500736,-0.9205103219990785,0.9799260997644359,-0.19936107694447477,-0.7743904302561063,-0.6327080381406281,0.9035231148511443,-0.4285393575037022,1,0,0,0,99,31
1701508320,12,2,5,1032,018.2,0.0,082,0,0,0,0,0,1,0,0.9999130566754362,0.013186322079561247,0.7024292412479847,0.7117535816838442,0.37963562682930313,0.9251360931462582,-0.19347339203846847,-0.9811055226493881,0.9952651713612277,-0.0971969067167568,0.740674323409674,0.6718642322981792,-0.4050529395658183,-0.914293233130974,0.9783387023753517,-0.20701058773529676,-0.7768560316221071,-0.6296782560422042,0.9026844011176343,-0.4303032325917363,1,0,0,0,99,34
1701508380,12,2,5,1033,018.2,0.0,082,0,0,0,0,0,1,0,0.5513512376156806,-0.8342732242974464,0.9576724973333646,0.28786001433209996,0.5967160068524642,0.8024524952706235,-0.3142829177106008,-0.9493293673090029,0.9872510742736629,-0.1591707144719108,0.7613050356039657,0.6483938947615443,-0.41928874611564265,-0.9078529326828064,0.9766915922344183,-0.21464746366681534,-0.7793097791208626,-0.6266388658283113,0.9018422439175022,-0.43206546620372743,1,0,0,0,99,35
1701508440,12,2,5,1034,018.2,0.0,082,0,0,0,0,0,1,0,-0.40412036662142653,-0.9147058157034773,0.9784441260755459,-0.20651172399711681,0.7766954757165503,0.6298762878545608,-0.43018816356650214,-0.9027392447031869,0.9753817828684281,-0.22052296399333682,0.7811923463505441,0.6242904115900961,-0.4334221893315477,-0.9011909929615631,0.9749848698727491,-0.22227123862348555,-0.7817516353112047,-0.6235899138763048,0.900996646463322,-0.43382605161729004,1,0,0,0,99,36
1701508500,12,2,5,1035,018.2,0.0,082,0,0,0,0,0,1,0,-0.9880455694833501,-0.15416209853372645,0.7596585083225641,-0.6503221899436746,0.908383781763984,0.41813742361592404,-0.5393804670101041,-0.8420621781127342,0.9597036464744557,-0.28101407605960405,0.8003168360279583,0.5995773194261087,-0.4474498187360742,-0.8943090403842815,0.9732186394598804,-0.22988144728937843,-0.7841815629334122,-0.6205314467094402,0.9001476119807906,-0.43558498211632585,1,0,0,0,99,34
1701508560,12,2,5,1036,018.2,0.0,082,0,0,0,0,0,1,0,-0.6635662323678801,0.7481175410729898,0.35488199371552387,-0.9349111030127383,0.9835931839466808,0.18040079959254857,-0.6401559186664806,-0.7682450128678183,0.9402778878788489,-0.34040783417261544,0.8186598298965864,0.5742787501846923,-0.46136820968468756,-0.8872087550809822,0.9713930087974131,-0.23747762517658147,-0.7865995249097795,-0.6174635109961635,0.8992951437087169,-0.4373422509910497,1,0,0,0,99,35
1701508620,12,2,5,1037,018.2,0.0,082,0,0,0,0,0,1,0,0.27099283859415124,0.9625813635380046,-0.13678200989529898,-0.9906011718996715,0.9976475259077405,-0.06855227239241818,-0.7309419513177562,-0.6824396411432962,0.9171803642532085,-0.398472306977978,0.8362034163342009,0.5484194074893877,-0.4751739642018554,-0.8798918704844896,0.9695080893124332,-0.2450593086535486,-0.7890054843451814,-0.6143861535493991,0.898439244899008,-0.4390978515380148,1,0,0,0,99,35
1701508680,12,2,5,1038,018.2,0.0,082,0,0,0,0,0,1,0,0.9564023435002251,0.29205231953757416,-0.5949570070443855,-0.8037575254818999,0.9496729767351233,-0.3132430961075599,-0.8103218792885825,-0.5859850270665796,0.8905012709330009,-0.45498075395197785,0.8529304643263652,0.5220245425494965,-0.4888637118106147,-0.8723601729072392,0.9675639960507106,-0.2526260349733978,-0.7913994045276372,-0.6112994213258353,0.8975799188166576,-0.44085177706013884,1,0,0,0,99,34
1701508740,12,2,5,1039,018.2,0.0,082,0,0,0,0,0,1,0,0.7624999444675773,-0.6469882801774245,-0.9074657790179816,-0.4201260048024732,0.8426523615354298,-0.5384579812750141,-0.8770570053522787,-0.4803863126302549,0.8603447892067038,-0.5097125108184736,0.8688246401945774,0.4951199295027046,-0.5024341103554253,-0.8646155011051747,0.9655608476696781,-0.26017734230215483,-0.7937812489288705,-0.6082033614252083,0.8967171687397337,-0.44260402086672895,1,0,0,0,99,35
1701508860,12,2,5,1041,018.2,0.0,082,0,0,0,0,0,1,0,-0.9056167181092594,-0.4240971113801818,-0.8438296959043874,0.5366110735997806,0.4813465105307295,-0.8765303969628722,-0.9686409027505684,-0.2484648899111581,0.790083821474392,-0.6129988214054094,0.8980531224280135,0.4398870187869782,-0.529203638126677,-0.8484948493617914,0.9613778781940511,-0.27523185738410494,-0.7985085651964244,-0.601983447702632,0.8949814097797317,-0.4461034366026381,1,0,0,0,99,30
1701508920,12,2,5,1042,018.2,0.0,082,0,0,0,0,0,1,0,-0.8461722149944356,0.5329095444551641,-0.483265173349392,0.8754740271576206,0.2495255225847443,-0.9683682221029407,-0.9920605379972889,-0.12576123786178975,0.7502537030437737,-0.6611500442933549,0.9113588876763519,0.41161265511804,-0.5423962319568417,-0.8401228050463933,0.9591983124063536,-0.2827341462872912,-0.8008539649297153,-0.5988596887889135,0.8941084075180463,-0.4478505951827498,1,0,0,0,99,32
1701508980,12,2,5,1043,018.2,0.0,082,0,0,0,0,0,1,0,-0.008760879736830363,0.999961622756712,-0.004380481896321661,0.9999904056431521,0.002190246201668042,-0.9999976014079114,-0.999999400351798,-0.001095123757523013,0.7074938599583473,-0.7067194904070769,0.9237747264368832,0.38293635867655806,-0.5554564075260281,-0.8315456567971954,0.9569602020975573,-0.2902191785554537,-0.803187144616824,-0.5957267920131452,0.8932319945045478,-0.4495960453489637,1,0,0,0,99,34
1701509040,12,2,5,1044,018.2,0.0,082,0,0,0,0,0,1,0,0.8367051679479498,0.5476535966550325,0.4755767042996153,0.8796742569426005,-0.24528120908194284,-0.9694519732670104,-0.992333606522275,0.12358807938670624,0.6619712684902925,-0.7495292120346966,0.935288514853758,0.3538861313793629,-0.5683809763796802,-0.8227654986019294,0.9546636838703799,-0.297686497340802,-0.8055080686562991,-0.5925848051794772,0.8923521740824856,-0.45133978044291795,1,0,0,0,99,37
1701509100,12,2,5,1045,018.2,0.0,082,0,0,0,0,0,1,0,0.9129083428849631,-0.4081646205773236,0.8390961269655949,0.5439831704302425,-0.4775022667850685,-0.8786305168926932,-0.9691827786575381,0.24634273188720912,0.6138636933850995,-0.7894120381293944,0.9458890099079792,0.32449034028042,-0.5811667831696767,-0.8137844740102934,0.9523088978924573,-0.30513564687668543,-0.8078167016336953,-0.5894337762307631,0.891468949608107,-0.45308179381279323,1,0,0,0,99,40
1701509160,12,2,5,1046,018.2,0.0,082,0,0,0,0,0,1,0,0.14978779746606605,-0.9887181679984771,0.9971755532498972,0.07510603172023837,-0.6800345462841435,-0.7331800705557395,-0.930908177683422,0.36525328844807164,0.5633589936940424,-0.8262122271087713,0.9555658603960198,0.2947776898708828,-0.593810706424664,-0.8046047756106357,0.9498959878877886,-0.3125661725054107,-0.8101130083221139,-0.5862737532478276,0.8905823244506449,-0.45482207881333797,1,0,0,0,99,43
1701509220,12,2,5,1047,018.2,0.0,082,0,0,0,0,0,1,0,-0.7510469581613124,-0.6602487914692763,0.9111116263853942,-0.41215968296930966,-0.8402855713890695,-0.5421440385315928,-0.8781070659468562,0.4784641896048268,0.5106543891886044,-0.8597860750223938,0.964309617037597,0.2647771940496445,-0.606309659312119,-0.795228644494665,0.9474251011279639,-0.3199776207059917,-0.8123969536827399,-0.5831047844487336,0.889692301992305,-0.4565606288058938,1,0,0,0,99,43
1701509280,12,2,5,1048,018.2,0.0,082,0,0,0,0,0,1,0,-0.9613726040856847,0.2752502790434721,0.6019757972528995,-0.7985143326964996,-0.9482917095220488,-0.31740011602352985,-0.8116033871367004,0.5842088171092894,0.45595569022148996,-0.8900024767126464,0.9721117417027341,0.23451814779175792,-0.618660590391954,-0.7856583697103207,0.9448963884231754,-0.3273695391218304,-0.8146685028653773,-0.5799269181880462,0.8887988856282523,-0.4582974371584211,1,0,0,0,99,43
1701509340,12,2,5,1049,018.2,0.0,082,0,0,0,0,0,1,0,-0.28781671141059484,0.95768551238535,0.14545529831300405,-0.9893648246186414,-0.9973376621332019,-0.07292179160360307,-0.7324349089180564,0.6808370614164585,0.39947649404160285,-0.9167434377775656,0.9789646157490999,0.2040300985423896,-0.6308604843614832,-0.7758962877029344,0.9423100041130134,-0.334741476588326,-0.8169276212089802,-0.5767402029560944,0.8879020787665987,-0.4600324972455237,1,0,0,0,99,44
1701509460,12,2,5,1051,018.2,0.0,082,0,0,0,0,0,1,0,0.9905949860791541,-0.13682680130310884,-0.7539319602268857,-0.6569525092032494,-0.9102067098201511,0.4141542531453411,-0.541223496743563,0.8408787823299329,0.2820649018134543,-0.9593953257989984,0.9897967785861395,0.14248626986661125,-0.6547952848537429,-0.7558062813534336,0.9369648556251813,-0.3494236101400179,-0.8214084276838222,-0.5703404202140955,0.8860983072475919,-0.463497346155242,1,0,0,0,99,44
1701509520,12,2,5,1052,018.2,0.0,082,0,0,0,0,0,1,0,0.42008497191934335,-0.9074847747304219,-0.9765973517090915,-0.21507582996419908,-0.7794471854988634,0.6264679441263539,-0.4321643529223842,0.9017948614087224,0.22159099552021236,-0.9751396980455473,0.9937654899536277,0.11149058694448753,-0.6665243480382065,-0.7454832616982381,0.9342064176878251,-0.35673291010345676,-0.8236300474434674,-0.5671274503568591,0.8851913494710788,-0.46522712176051223,1,0,0,0,99,47
1701509580,12,2,5,1053,018.2,0.0,082,0,0,0,0,0,1,0,-0.5366492281020062,-0.8438054313510437,-0.96015765146955,0.27945891348188945,-0.6002254103743486,0.7998308925897678,-0.3163614289149613,0.9486387332883283,0.16025178113155528,-0.9870761706394112,0.9967638061846475,0.0803860353562382,-0.6780906888623977,-0.7349782429964299,0.9313909606058107,-0.36402043692873215,-0.8258390996219337,-0.5639058268324897,0.8842810149586188,-0.4669551226657173,1,0,0,0,99,44
1701509640,12,2,5,1054,018.2,0.0,082,0,0,0,0,0,1,0,-0.9999906026910859,-0.0043352657956364895,-0.708637871481491,0.7055723684372722,-0.3836845263772881,0.9234642300699232,-0.19562179061913934,0.9806794150154073,0.09828678696699936,-0.995158131910554,0.9987887994742818,0.049202988168636434,-0.6894914835700886,-0.7242937898976618,0.9285186562201273,-0.371285745822768,-0.8280355505118026,-0.5606755987989989,0.8833673071828612,-0.4686813422790591,1,0,0,0,99,49
1701509700,12,2,5,1055,018.2,0.0,083,0,0,0,0,0,1,0,-0.5439452288589227,0.8391207231391763,-0.2836188259449852,0.9589370999025891,-0.14328799687589133,0.9896810344506428,-0.07182953970810732,0.9974169224678923,0.03593798500269404,-0.9993540219731675,0.9998384924509477,0.017971895098076136,-0.700723948820762,-0.7134325108579214,0.9255896798414299,-0.37852839334855626,-0.830219366597936,-0.557436815545692,0.8824502296293236,-0.47040577401553435,1,0,0,0,99,46
1701509760,12,2,5,1056,018.2,0.0,083,0,0,0,0,0,1,0,0.4122008798541881,0.9110929890233121,0.21083999973521134,0.9775205852112047,0.10601748626711377,0.9943642655514137,0.05308358714605824,0.9985900724399912,-0.026551154023966794,-0.99964745596635,0.9999118601072672,-0.013276747223059479,-0.711785342369123,-0.7023970575027135,0.9226042102393402,-0.3857479374522218,-0.8323905145579873,-0.5541895264924167,0.8815297857963782,-0.4721284112969602,1,0,0,0,99,48
1701509820,12,2,5,1057,018.2,0.0,082,0,0,0,0,0,1,0,0.9893714005911104,0.1454105625200062,0.6536778401781698,0.7567729390378617,0.3487313156013798,0.937222742745251,0.1771683623770749,0.9841805583187596,-0.088936611362364,-0.9960372880366376,0.9990088308009688,-0.044512425025841795,-0.7226729637345795,-0.6911901239797044,0.9195624296315352,-0.39294393749000356,-0.8345489612629098,-0.5509337811888088,0.8806059791952382,-0.473849247551999,1,0,0,0,99,48
1701509880,12,2,5,1058,018.2,0.0,082,0,0,0,0,0,1,0,0.6569184183445477,-0.7539616645690269,0.9364725475338364,0.3507408840091023,0.5697627207842304,0.8218092491597738,0.29848848456869004,0.9544132357526728,-0.15097477313665228,-0.9885376158125377,0.9971302863248458,-0.07570463720097437,-0.7333841548605254,-0.6798144463009835,0.9164645236726252,-0.4001159542551487,-0.8366946737774624,-0.5476696293135358,0.8796788133499452,-0.4755682762161834,1,0,0,0,99,50
1701509940,12,2,5,1059,018.2,0.0,082,0,0,0,0,0,1,0,-0.2795023281934896,-0.9601450143256585,0.9899861146313261,-0.14116477194105753,0.7553690395896093,0.6552996368299553,0.41515079379066877,0.9097526138544355,-0.21242338165273203,-0.9771777253535908,0.9942780610456994,-0.10682292508260853,-0.7439163007632675,-0.6682728016751062,0.9133106814428227,-0.40726355000471987,-0.8388276193607123,-0.5443971206735393,0.8787482917973551,-0.47728549073194165,1,0,0,0,99,51
1701510000,12,2,5,1060,018.2,0.0,083,0,0,0,0,0,1,0,-0.9589499231814597,-0.2835754658468757,0.8011165538942744,-0.5985083684265092,0.8940101700837942,0.44804666697426215,0.5253348137263215,0.8508956066916382,-0.2730424814093603,-0.9620019767889353,0.9904549401131116,-0.1378369021907137,-0.7542668301704357,-0.6565680078290772,0.9101010954364018,-0.41438628848631254,-0.8409477654665337,-0.5411163052032749,0.8778144180871248,-0.4790008845486223,1,0,0,0,99,56
1701510060,12,2,5,1061,018.2,0.0,083,0,0,0,0,0,1,0,-0.7567433812205466,0.6537120581562608,0.4161057208473222,-0.9093162426120686,0.9770660782700596,0.21293632544487498,0.6273211595965519,0.7787606581758207,-0.33259535611924834,-0.943069631091952,0.985664656739794,-0.16871628390295948,-0.7644332161487226,-0.6447029223204439,0.9068359615499497,-0.4214837349646817,-0.843055079744106,-0.5378272329639502,0.8768771957816984,-0.4807144511225192,1,0,0,0,99,58
1701510120,12,2,5,1062,018.2,0.0,083,0,0,0,0,0,1,0,0.14120953553363158,0.9899797306381459,-0.07078230485740782,-0.9974917870935445,0.9993727500521375,-0.03541336546034254,0.7195183685842713,0.6944734100524143,-0.3908494530810973,-0.9204546186674317,0.9799118885561681,-0.19943091702713533,-0.7744129767207983,-0.6326804418396639,0.9035154790704097,-0.42855545624827607,-0.8451495300384058,-0.5345299541427608,0.8759366284562944,-0.48242618391689684,1,0,0,0,99,60
1701510180,12,2,5,1063,018.2,0.0,083,0,0,0,0,0,1,0,0.909335056539327,0.4160646042967595,-0.5403403537138608,-0.8414465533522493,0.9595432646192275,-0.28156122482308416,0.8004877340793812,0.5993491366377847,-0.44757729129292034,-0.8942452506549265,0.9732022530427389,-0.22995080924523129,-0.7842036754712488,-0.6205035015029201,0.9001398506629178,-0.43560102071567736,-0.8472310843906984,-0.5312245190521249,0.8749927196988913,-0.4841360764020149,1,0,0,0,99,61
1701510240,12,2,5,1064,018.2,0.0,083,0,0,0,0,0,1,0,0.8414221201762355,-0.5403784004548374,-0.8776042389525125,-0.47938585687583785,0.8600540264645697,-0.510202970945957,0.8689657562142357,0.4948722204034305,-0.5025573497604873,-0.8645438740756395,0.9655423020447212,-0.2602461584004272,-0.7938029221413925,-0.6081750741355538,0.8967092823584335,-0.44261999834194465,-0.8492997110390256,-0.5279109781289149,0.8740454731102137,-0.48584412205515315,1,0,0,0,99,65
1701510300,12,2,5,1065,018.2,0.0,083,0,0,0,0,0,1,0,-9.043305996889882e-05,-0.9999999959109308,-0.9999999989777327,4.521653003067279e-05,0.7070907945483271,-0.7071227674633418,0.9238838583564879,0.38267298868397953,-0.5555749325320665,-0.8314664721694975,0.9569395153742731,-0.29028738159839335,-0.8032083732128275,-0.5956981695462924,0.8932239835411643,-0.44961196072486087,-0.8513553784186897,-0.5245893819336888,0.87309489230372,-0.48755031436063667,1,0,0,0,99,64
1701510360,12,2,5,1066,018.2,0.0,083,0,0,0,0,0,1,0,-0.8415198425578914,-0.540226206862775,-0.8775608830339849,0.4794652193523661,0.5101640817656776,-0.8600770951933222,0.9643850618900425,0.2645022729644093,-0.6064230070815217,-0.795142211483081,0.9474022935065866,-0.32004514409448476,-0.8124177324795677,-0.5830758337924473,0.8896841669357861,-0.45657648111107996,-0.8533980551627359,-0.5212597811499177,0.8721409809055867,-0.48925464680986036,1,0,0,0,99,63
1701510420,12,2,5,1067,018.2,0.0,083,0,0,0,0,0,1,0,-0.9092597896756762,0.4162290653942189,-0.5402642569177518,0.8414954145431272,0.28151783731841296,-0.9595559948598954,0.9898373590797367,0.1422040877403048,-0.6549030127658962,-0.7557129374770241,0.9369399493769662,-0.34949038793862125,-0.8214287516086289,-0.5703111484362632,0.8860900485944595,-0.4635131344221741,-0.85542771010243,-0.517922226583213,0.8711837425546958,-0.49095711290131394,1,0,0,0,99,58
1701510480,12,2,5,1068,018.2,0.0,083,0,0,0,0,0,1,0,-0.14103047943200392,0.9900052544664494,-0.07069209833337335,0.9974981840751515,0.035368177256176046,-0.9993743503000143,0.9998435753406666,0.01768685528840119,-0.7008256362004742,-0.713332620622526,0.9255626992869057,-0.3785943603498829,-0.8302392306889271,-0.5574072297925984,0.8824418478836433,-0.47042149728057797,-0.857444312267735,-0.5145767691605511,0.8702231809026209,-0.49265770614060683,1,0,0,0,99,56
1701510540,12,2,5,1069,018.2,0.0,084,0,0,0,0,0,1,0,0.7568616032060743,0.6535751782253751,0.41618795139613596,0.9092786091802048,-0.21298050476486718,-0.9770564490294829,0.9942475670147458,-0.10710637462475603,-0.7440115505234969,-0.6681667551499565,0.913281652928043,-0.40732864179311246,-0.8388470187683545,-0.5443672281681216,0.8787397874707056,-0.4773011480354297,-0.8594478308877828,-0.5112234599294961,0.8692592996136125,-0.4943564200404926,1,0,0,0,99,54
1701510600,12,2,5,1070,018.2,0.0,084,0,0,0,0,0,1,0,0.9588986183026019,-0.28374890275974823,0.8011706755616272,0.5984359185578068,-0.448087090553942,-0.8939899100543045,0.973136657940267,-0.23022824538454828,-0.7842921156637201,-0.6203917127974276,0.9001088025337347,-0.43566517373010916,-0.8472500143789049,-0.5311943270922096,0.8749840933103326,-0.4841516667883063,-0.8614382353913443,-0.5078623500574214,0.8682921023645849,-0.4960532481208941,1,0,0,0,99,49
1701510660,12,2,5,1071,018.2,0.0,084,0,0,0,0,0,1,0,0.2793286659192636,-0.9601955511226682,0.9899988765454909,0.1410752438901522,-0.6553337913269267,-0.7553394084417124,0.9368402767926112,-0.3497574813769446,-0.8215100368762833,-0.5701940540829303,0.8860570111688442,-0.46357628601831524,-0.8554461660497157,-0.5178917425397342,0.8711749946307384,-0.49097263541885194,-0.8634154954072958,-0.5044934908307281,0.8673215928451016,-0.4977481839089279,1,0,0,0,99,49
1701510720,12,2,5,1072,018.2,0.0,084,0,0,0,0,0,1,0,-0.6570547737201031,-0.7538428379520655,0.9364408251331382,-0.35082557065294895,-0.8218350110128397,-0.5697255608391865,0.8859248164599484,-0.4638288688518717,-0.8555199789753223,-0.5177697997895051,0.8711400001691764,-0.4910347239302405,-0.8634334728079056,-0.504462722145928,0.8673127239196736,-0.4977636376102979,-0.8653795807650819,-0.5011169336540635,0.8663477747573614,-0.4994412209389292,1,0,0,0,99,50
1701510780,12,2,5,1073,018.2,0.0,084,0,0,0,0,0,1,0,-0.9893450845645446,0.14558950390730144,0.653609400212657,-0.7568320500306859,-0.9372385102071633,-0.3486889372845904,0.8211847956716535,-0.5706623619599464,-0.8861891338647598,-0.4633236655082782,0.8553723357428267,-0.518013674767241,-0.8712099846670839,-0.49091054441352094,0.8633975169102355,-0.5045242588748726,-0.8673304614951768,-0.4977327300495354,0.8653706518161843,-0.5011323527524763,1,0,0,0,99,47
1701510840,12,2,5,1074,018.2,0.0,084,0,0,0,0,0,1,0,-0.41203608725896307,0.9111675272946924,0.21075159869536877,-0.9775396481203953,-0.9943690582777592,-0.10597252445706083,0.7436304607992672,-0.6685908597726038,-0.9133977391510787,-0.40706826222845977,0.8387694147465261,-0.5444867940416647,-0.8787738031034109,-0.47723851791234084,0.8594296125664803,-0.5112540865790997,-0.8692681078295407,-0.49434093165592724,0.8643902277489974,-0.5028215728984153,1,0,0,0,99,47
1701510900,12,2,5,1075,018.2,0.0,084,0,0,0,0,0,1,0,0.5440969884707371,0.8390223281516855,-0.28370554440151013,-0.958911447463134,-0.9896745544529105,0.14333274667162774,0.6544720212997543,-0.7560862208345116,-0.9370395458129053,-0.34922326609598076,0.8213474496508711,-0.570428231201796,-0.8861230815190957,-0.46344998047157365,0.8554092530688377,-0.5179527099689828,-0.8711924902020743,-0.4909415902279095,0.8634065062958205,-0.5045088749328849,1,0,0,0,99,47
1701510960,12,2,5,1076,018.2,0.0,084,0,0,0,0,0,1,0,0.9999898022322627,-0.004516130144271112,-0.708701675652129,-0.7055082812610101,-0.9234468802429867,0.3837262818331512,0.5551007648016929,-0.8317831092998796,-0.9570222331011646,-0.2900145605828441,0.8031234527091224,-0.5958126548744814,-0.8932560256932167,-0.44954829836488014,0.8513366837993298,-0.5246197201950761,-0.8731035792490706,-0.48753475763525,0.862419491209252,-0.5061942524193405,1,0,0,0,99,51
1701511020,12,2,5,1077,018.2,0.0,084,0,0,0,0,0,1,0,0.5364966035106962,-0.8439024792127862,-0.9601829198680807,-0.2793720823446877,-0.7998037516618335,0.6002615753383321,0.44706734652715796,-0.8945003005416857,-0.9732677690496294,-0.22967335441700054,0.7841152193450273,-0.6206152776007853,-0.9001708942197546,-0.43553686548856846,0.847212153326594,-0.5312547103374385,-0.8750013458096617,-0.4841204858620225,0.8614291862544543,-0.5078776989285795,1,0,0,0,99,57
1701511080,12,2,5,1078,018.2,0.0,084,0,0,0,0,0,1,0,-0.4202490982977543,-0.9074087807487452,-0.9765778977502884,0.21516414577161172,-0.6264326995888658,0.7794755114086689,0.3320575918356115,-0.943259113766909,-0.9857127151880788,-0.16843527871721392,0.7643413107758908,-0.6448118800405224,-0.9068659989327317,-0.4214191025330233,0.8430359133907117,-0.5378572754304699,-0.8768857609262651,-0.4806988270058135,0.8604355952091398,-0.5095592080387649,1,0,0,0,99,59
1701511140,12,2,5,1079,018.2,0.0,084,0,0,0,0,0,1,0,-0.9906197172092625,-0.13664763399430246,-0.7538725469183444,0.6570206868910968,-0.414113096332936,0.9102254355079012,0.21186618948300692,-0.9772986840029769,-0.9943084742681662,-0.10653946685858495,0.7438210358878623,-0.6683788346220334,-0.9133397053183534,-0.4071984561475931,0.8388082188878436,-0.5444270124876276,-0.8787567958450243,-0.4772698332769275,0.8594387218635565,-0.5112387733354506,1,0,0,0,99,65
1701511260,12,2,5,1081,018.2,0.0,084,0,0,0,0,0,1,0,0.28798991956502257,0.9576334404295476,0.14554476900674315,0.989351666605345,0.07296688767740807,0.9973343638432762,-0.03650778106598482,-0.9993333687622155,-0.9998333283008262,0.018256933447111743,0.7006222472034728,-0.7135323865975222,-0.9256166556943328,-0.37846242442445843,0.8301995014526503,-0.5574664005908974,-0.8824586110948482,-0.4703900506011488,0.8574351434951651,-0.5145920468676383,1,0,0,0,99,69
1701511320,12,2,5,1082,018.2,0.0,084,0,0,0,0,0,1,0,0.9614223718109872,0.2750763948093979,0.6020480068859135,0.7984598909179464,0.3174429941596235,0.9482773568207633,-0.16081455652277984,-0.9869846393994092,-0.9967408488166343,0.08067019462165342,0.677985916291167,-0.7350748923142639,-0.9314169024433323,-0.36395405457676666,0.8258190039520665,-0.5639352557799668,-0.8842893349407667,-0.46693936663127533,0.8564284461153995,-0.5162657423114207,1,0,0,0,99,70
1701511380,12,2,5,1083,018.2,0.0,084,0,0,0,0,0,1,0,0.7509275292403622,-0.6603846196187226,0.9111488955211224,0.412077286671613,0.5421820327751498,0.8402610566578738,-0.2826118746108577,-0.959234344844333,-0.9897561176482652,0.1427684404125557,0.6546875436372088,-0.7558996098730821,-0.9369897571139938,-0.34935683056648387,0.8213881027159098,-0.5703696912676532,-0.8861065656194105,-0.46348155774116123,0.8554184817214208,-0.5179374683583139,1,0,0,0,99,70
1701511440,12,2,5,1084,018.2,0.0,084,0,0,0,0,0,1,0,-0.14996662063412206,-0.9886910602890983,0.9971687571041068,-0.07519620904973118,0.7332108186087175,0.6800013937302882,-0.3999991289176214,-0.916515519162193,-0.9789064100214568,0.2043091784989199,0.630749879707115,-0.7759862042906819,-0.9423338591737755,-0.33467431609649856,0.8169070681835537,-0.5767693143291786,-0.8879102754020753,-0.46001667669271595,0.8544052541659362,-0.5196072186311907,1,0,0,0,99,72
1701511500,12,2,5,1085,018.2,0.0,084,0,0,0,0,0,1,0,-0.9129821511040995,-0.40799949971210886,0.8390469294717993,-0.5440590502362271,0.8786521069900838,0.47746253767378066,-0.5111445306007976,-0.8594947753400776,-0.964234093812306,0.26505209361550275,0.6061962992234847,-0.7953150613484894,-0.9474479039368047,-0.3199100956921418,0.8123761738542502,-0.5831337343645359,-0.8897004367663691,-0.45654477635576124,0.8533887673141008,-0.5212749867604616,1,0,0,0,99,70
1701511560,12,2,5,1086,018.2,0.0,084,0,0,0,0,0,1,0,-0.8366061022818767,0.5478049193140986,0.47549715072011806,-0.8797172612021713,0.9694630630411277,0.24523737357693737,-0.6143136928406621,-0.7890619030142494,-0.9457964641016188,0.32475998597868444,0.5810507783409793,-0.8138673067456035,-0.9523306428823981,-0.30506777382607664,0.8077956962704359,-0.5894625629223299,-0.8914770223966318,-0.4530659097072247,0.8523690250435033,-0.5229407663840979,1,0,0,0,99,72
1701511620,12,2,5,1087,018.2,0.0,084,0,0,0,0,0,1,0,0.008941738771590156,0.9999600218547443,-0.004470914070731418,-0.9999900054137402,0.9999975013503134,-0.0022354626210036865,-0.7078966953662814,-0.7063159836004691,-0.9236655194388468,0.3831996975465474,0.555337871234014,-0.8316248245292307,-0.9569808839598706,-0.29015097403831797,0.803165915000854,-0.5957554137234852,-0.8932400051843528,-0.44958012983033113,0.8513460312441502,-0.5246045511476568,1,0,0,0,99,73
1701511680,12,2,5,1088,018.2,0.0,084,0,0,0,0,0,1,0,0.846268586435398,0.5327564918540488,-0.48334434316848646,-0.8754303204293443,0.9683569384347241,-0.24956930858045798,-0.7904332067228887,-0.6125482394960996,-0.8979276806892913,0.4401430224960407,0.5290826861200238,-0.8485702747846052,-0.9613974918795568,-0.27516333805159693,0.7984871126234903,-0.6020119026848236,-0.8949893582285835,-0.4460874899137928,0.850319789818452,-0.5262663347043051,1,0,0,0,99,74
1701511740,12,2,5,1089,018.2,0.0,084,0,0,0,0,0,1,0,0.9055399984980432,-0.42426089982481757,-0.8438782198353082,-0.5365347613040475,0.8765086312478753,-0.4813861437016818,-0.860635272255815,-0.5092218849864557,-0.8686834535624746,0.4953675983618349,0.5023108607417149,-0.8646871105671216,-0.9655793883899764,-0.26010852488228686,0.7937595747083266,-0.6082316479425061,-0.8967250548363489,-0.4425880432509977,0.8492903046812078,-0.5279261107148435,1,0,0,0,99,75
1701511800,12,2,5,1090,018.2,0.0,084,0,0,0,0,0,1,0,0.13226211205325097,-0.9912147767841303,-0.9978012770046274,-0.06627678030754695,0.7301632626705986,-0.683272719963432,-0.9174074122121076,-0.39794929327526646,-0.8360470361394945,0.5486577743569909,0.4750485373322441,-0.8799595940601451,-0.9695255525410729,-0.24499020994710669,0.7889835897999105,-0.6144142698753396,-0.8984470685230543,-0.43908184323919636,0.8482575797595906,-0.5295838728477311,1,0,0,0,99,73
1701511860,12,2,5,1091,018.2,0.0,084,0,0,0,0,0,1,0,-0.7626169502553196,-0.6468503591892605,-0.9074277820271045,0.4202080679917626,0.5384198789087553,-0.8426767078754944,-0.9598637163356823,-0.2804668359401033,-0.800145872931962,0.5998054534846681,0.4473223370877716,-0.8943728119427233,-0.9732350209334648,-0.2298120841658208,0.7841594493997445,-0.620559391127948,-0.9001553730128894,-0.4355689433786872,0.8472216189931319,-0.5312396147791093,1,0,0,0,99,75
1701511920,12,2,5,1092,018.2,0.0,084,0,0,0,0,0,1,0,-0.9563495054874062,0.2922252955409466,-0.5948843183590627,0.8038113259779768,0.3132001548706699,-0.9496871395301657,-0.9873416682005692,-0.15860778743465642,-0.7611201572139107,0.6486109051524434,0.4191593341723149,-0.9079126899521901,-0.9767068879536455,-0.2145778530601538,0.7792874479484941,-0.6266666366338032,-0.9018499422392295,-0.4320493972719999,0.8461824263337073,-0.5328933301928258,1,0,0,0,99,75
1701511980,12,2,5,1093,018.2,0.0,084,0,0,0,0,0,1,0,-0.2708187358060818,0.9626303612168046,-0.13669242624080422,0.9906135374647382,0.0685071621630242,-0.9976506245837613,-0.9994124835581556,-0.034273717454039475,-0.7191222835700614,0.6948835451160001,0.39058702928028716,-0.9205660066274445,-0.9799403059950755,-0.19929123584914057,0.7743678828080167,-0.6327356336381172,-0.9035307503450332,-0.428523258623078,0.8451400057455208,-0.534545012780459,1,0,0,0,99,76
1701512040,12,2,5,1094,018.1,0.0,084,0,0,0,0,0,1,0,0.6637015306307652,0.7479975121872929,0.35496653913623116,0.9348790061252026,-0.18044527407887062,-0.9835850258430133,-0.9958878013719752,0.0905951824243062,-0.6743162527982304,0.7384426797065248,0.3616333227825357,-0.9323204062194833,-0.9829344856651138,-0.18395596454113236,0.7694010542432121,-0.6387660117205939,-0.9051977716832366,-0.4249905812364588,0.8440943612050903,-0.5361946562413418,1,0,0,0,99,75
1701512100,12,2,5,1095,018.1,0.0,084,0,0,0,0,0,1,0,0.9880176706221142,-0.15434079997995195,0.7597173158418702,0.6502534890410232,-0.41817849715102334,-0.9083648741120011,-0.9768226231286827,0.2140503747812637,-0.6268770314897238,0.7791182114356151,0.33232648748210314,-0.9431644107565804,-0.9856886959777362,-0.1685757830226803,0.7643872654036958,-0.6447574028180366,-0.9068509808171452,-0.4214514190164529,0.8430454967012317,-0.5378422542825857,1,0,0,0,99,76
1701512160,12,2,5,1096,018.1,0.0,084,0,0,0,0,0,1,0,0.4039549207204277,-0.9147788924246957,0.9784627975617406,0.20642323945634647,-0.6299114066849614,-0.7766669941024745,-0.9425144545582509,0.33416538263076073,-0.5769898687885426,0.8167513032223337,0.30269514100631545,-0.953087431252331,-0.9882022645319962,-0.1531544461445194,0.7593268223052967,-0.6507094412468135,-0.9084903525208217,-0.4179058259663213,0.8419934162350443,-0.5394878006191052,1,0,0,0,99,76
1701512220,12,2,5,1097,018.1,0.0,085,0,0,0,0,0,1,0,-0.5515021203580569,-0.8341734898931801,0.9576464613554367,-0.28794661840940233,-0.8024794758775462,-0.5966797221251103,-0.8934986631565573,0.44906585144881017,-0.5248495729974398,0.8511949986486088,0.2727682178621542,-0.9620797780456174,-0.9904745776761807,-0.13769571880487538,0.754220033811379,-0.6566217637251771,-0.9101158617794707,-0.41435385618745174,0.8409381238198955,-0.5411312889736409,1,0,0,0,99,76
1701512280,12,2,5,1098,018.1,0.0,084,0,0,0,0,0,1,0,-0.9999106553616806,0.013367172257978635,0.7023648723213674,-0.7118171015991323,-0.925153258006243,-0.37959379499727586,-0.8305401239546696,0.5569587978489631,-0.47065975085566697,0.8823147958209029,0.2425749411822016,-0.9701326702623984,-0.9925050806576252,-0.12220337503031901,0.7490672116139909,-0.6624940093954363,-0.9117274837898209,-0.41079556387853294,0.8398796234814049,-0.5427727130767847,1,0,0,0,99,68
1701512340,12,2,5,1099,018.1,0.0,084,0,0,0,0,0,1,0,-0.5290059451500208,0.848618117881025,0.27511986671174343,-0.96140993282809,-0.9903054914590976,-0.1389065642291789,-0.7546212838998045,0.656160588488375,-0.4146320124590147,0.9099891725972279,0.2121447941887475,-0.9772382443900842,-0.9942932777581482,-0.10668119705439141,0.7438686702148408,-0.6683258198459823,-0.9133251939605034,-0.40723100333472756,0.8388179192574297,-0.544412066667002,1,0,0,0,99,70
1701512460,12,2,5,1101,018.1,0.0,084,0,0,0,0,0,1,0,0.9917904215356813,0.127873999507623,-0.6603506646064563,-0.7509573887736983,-0.935670184620013,0.35287576512584545,-0.568825208158954,0.8224584381978962,-0.29794425804343316,0.9545832698612249,0.15069294963397442,-0.9885806163033,-0.9971410673278129,-0.07556250292539285,0.7333357017510442,-0.6798667138030098,-0.9164787814791485,-0.4000832952005059,0.8366849153655472,-0.5476845373020377,1,0,0,0,99,63
1701512520,12,2,5,1102,018.1,0.0,085,0,0,0,0,0,1,0,0.6434689119906669,-0.7654722459381185,-0.9395403785729803,-0.3424381360639331,-0.8192796030855196,0.5733942203824812,-0.4618472580937981,0.8869594749430442,-0.2377399052083556,0.9713288513534034,0.1197312587560086,-0.9928063384551399,-0.9981999645499743,-0.05997358395518874,0.7280019175645037,-0.6855750929128083,-0.9180346107072457,-0.39650025667532157,0.8356136238344016,-0.5493176418633751,1,0,0,0,99,65
1701512580,12,2,5,1103,018.1,0.0,085,0,0,0,0,0,1,0,-0.29645494772964054,-0.9550468386244814,-0.9886978402485972,0.14992191530179746,-0.6519501839474403,0.7582618002055086,-0.3476623360349028,0.9376198057329816,-0.17660718313112056,0.9842814144676769,0.08865265233573967,-0.9960626020656727,-0.9990151655669879,-0.044370023294603905,0.7226236998931754,-0.6912416280525198,-0.9195764318566781,-0.3929111680440506,0.8345391446912633,-0.5509486509448723,1,0,0,0,99,66
1701512640,12,2,5,1104,018.1,0.0,085,0,0,0,0,0,1,0,-0.9638194956793541,-0.2665557723036503,-0.7957875885887045,0.6055758530920589,-0.4440856600409099,0.8959843338731037,-0.2280522595008612,0.9736488930495181,-0.11478481378318722,0.9933903797222716,0.057487478104924564,-0.9983462274487422,-0.9995864713592172,-0.028755630329187164,0.7172013769957456,-0.6968659733660458,-0.9211042214011522,-0.38931608407176954,0.8334614820349437,-0.5525775583247253,1,0,0,0,99,67
1701512700,12,2,5,1105,018.1,0.0,085,0,0,0,0,0,1,0,-0.7450528441828046,0.6670054417882312,-0.40804078117987713,0.9129637018491565,-0.20861004068697586,0.9779989012900671,-0.10488350373136132,0.994484515035319,-0.05251421219384832,0.998620176802802,0.02626616832731819,-0.999654984682916,-0.9999137424505465,-0.013134217089039184,0.7117352798228563,-0.7024477855723373,-0.9226179560284792,-0.3857150596150367,0.8323806399763982,-0.5542043577891477,1,0,0,0,99,65
1701512760,12,2,5,1106,018.1,0.0,085,0,0,0,0,0,1,0,0.15871195626818388,0.9873249287532074,0.07960864038153331,0.9968261956713436,0.03983594061056201,0.9992062338855137,0.01992192403467051,0.9998015387779501,0.009961456270293016,0.9999503834635872,-0.004980789917915772,-0.9999875957889646,-0.9999968989424328,0.002490402681839968,0.7062257419969057,-0.7079867239863471,-0.9241176126409308,-0.3821081496210549,0.831296622638711,-0.5558290431323939,1,0,0,0,99,68
1701512820,12,2,5,1107,018.1,0.0,085,0,0,0,0,0,1,0,0.9165577160638908,0.39990242950467825,0.5477670903291479,0.8366308712642267,0.285805116063178,0.9582877624347049,0.1444164768392013,0.9895169939002323,0.07239822546087599,0.9973758052760836,-0.03622288450632025,-0.9993437359777875,-0.9998359205334112,0.018114414456621736,0.7006730997916855,-0.713482450539823,-0.9256031683555925,-0.37849540912683277,0.8302094341570785,-0.5574516081567831,1,0,0,0,99,68
1701512880,12,2,5,1108,018.0,0.0,085,0,0,0,0,0,1,0,0.831724538632928,-0.5551885191859097,0.8818130525190443,0.47159913104992585,0.5140043136735694,0.8577875993070563,0.2666574588239974,0.9637913672852274,0.13455228113037063,0.9909064959130168,-0.06742960806271654,-0.9977240339675638,-0.9994308465240513,0.033734003856911096,0.6950776921118563,-0.7189346298019421,-0.9270746005047118,-0.3748768932583455,0.8291190786787943,-0.5590720466727229,1,0,0,0,99,70
1701512940,12,2,5,1109,018.1,0.0,085,0,0,0,0,0,1,0,-0.01779234392291962,-0.9998417037200081,0.9999604251469175,-0.008896524040091641,0.710245212599174,0.7039543578812153,0.3847373403497409,0.923026098732104,0.19618091302149665,0.9805677178890053,-0.09857048775113843,-0.9951300713698198,-0.9987817758073632,0.04934535758397232,0.6894398604722632,-0.724342928999784,-0.9285318866360444,-0.3712526572296931,0.8280255603632333,-0.560690352498733,1,0,0,0,99,70
1701513060,12,2,5,1111,018.1,0.0,085,0,0,0,0,0,1,0,-0.9017492607873273,0.43225949459729496,0.5327947566383818,-0.8462444961703725,0.9607925104231331,0.2772683752518736,0.6011370994823587,0.7991459113490706,0.3169022630488218,0.9484581992236323,-0.1605331753507164,-0.9870304451291338,-0.9967523376268385,0.08052811580704633,0.6780383042988625,-0.7350265695221657,-0.931403932115966,-0.3639872459838629,0.8258290519180901,-0.5639205413957435,1,0,0,0,99,71
1701513120,12,2,5,1112,018.1,0.0,085,0,0,0,0,0,1,0,-0.12348338230693397,0.9923466401888201,0.061860164125145584,-0.9980848261016746,0.99952109184891,0.030944901828293042,0.6960801312247417,0.717964101410472,0.375523566896625,0.926812845565509,-0.1912944777489552,-0.9815326906337631,-0.9953724656212274,0.09609190747986249,0.6722752756572777,-0.7403012587723536,-0.9328186476406745,-0.3603461816279218,0.8247260701675199,-0.5655324121445553,1,0,0,0,99,72
1701513180,12,2,5,1113,018.1,0.0,085,0,0,0,0,0,1,0,0.7683125483936604,0.6400748612317464,-0.42421995401457346,-0.9055591811780571,0.9761042928852575,-0.21730257571177444,0.780161065329389,0.6255787017986728,0.43267845925197573,0.901548307579431,-0.2218689843359916,-0.9750764861228659,-0.9937495877037801,0.11163223969161885,0.6664712147979015,-0.7455307638493595,-0.9342191295005041,-0.3566996188325974,0.823619942337665,-0.5671421255591065,1,0,0,0,99,72
1701513240,12,2,5,1114,018.1,0.0,085,0,0,0,0,0,1,0,0.9537254653559767,-0.30067879328533587,-0.8064362322233966,-0.5913210662215004,0.8919980566743126,-0.45203923158200526,0.8520678469411944,0.5234313557755185,0.48814375148335226,0.8727632427455679,-0.2522268396250011,-0.9676681359705837,-0.9918841000768648,0.12714531849308558,0.6606264759706935,-0.7507147655711474,-0.9356053563258249,-0.3530476132399514,0.8225106726480671,-0.5687496754988299,1,0,0,0,99,72
1701513300,12,2,5,1115,018.1,0.0,085,0,0,0,0,0,1,0,0.2622875878003373,-0.9649897519071797,-0.9912087953370823,-0.13230693121076506,0.7524317016217369,-0.658670277448905,0.9106783947829511,0.413116038511636,0.5417028528115594,0.8405700561260899,-0.28233839968547497,-0.9593148743051183,-0.9897764581725306,0.14262735658856207,0.6547414159083866,-0.7558529475329715,-0.9369773069645208,-0.349390220575096,0.8213982653302526,-0.570355055831411,1,0,0,0,99,71
1701513360,12,2,5,1116,018.1,0.0,085,0,0,0,0,0,1,0,-0.6702962883777479,-0.7420935829038108,-0.9332988757369771,0.35910055492590737,0.5660827877060443,-0.8243483956816764,0.9550781108583937,0.2963541836370153,0.5931466160920859,0.8050944614258054,-0.3121742610900157,-0.9500248579447291,-0.9874271765413207,0.1580745742604909,0.6488163938047147,-0.7609449961266882,-0.9383349604823131,-0.3457274966453434,0.8202827246277175,-0.571958260432812,1,0,0,0,99,71
1701513420,12,2,5,1117,018.1,0.0,085,0,0,0,0,0,1,0,-0.9866128482510428,0.16308000388142288,-0.6468848414202396,0.7625877011470297,0.3445375878282153,-0.9387725233375308,0.9845741524480345,0.17496782084496165,0.642274154530228,0.7664749900828343,-0.3417052896262844,-0.9398071584327378,-0.984836828726652,0.17348320029222167,0.6428517712924879,-0.7659906005598964,-0.9396782961630795,-0.34205949733935437,0.8191640547959104,-0.5735592831872943,1,0,0,0,99,71
1701513480,12,2,5,1118,018.1,0.0,085,0,0,0,0,0,1,0,-0.39584210544059495,0.9183185871800467,-0.20209083702626568,0.9793667819514931,0.1015707094799159,-0.9948283223630832,0.9987062436880735,0.050851143728124895,0.6888936261397238,0.7248624503063064,-0.37090264874606493,-0.9286717531793207,-0.9820060471247926,0.1888494728886995,0.6368479124215218,-0.7709894528749078,-0.9410072935091703,-0.33838627862628545,0.8180422601022167,-0.5751581179874429,1,0,0,0,99,69
1701513540,12,2,5,1119,018.1,0.0,085,0,0,0,0,0,1,0,0.5588640435925373,0.8292592964684801,0.29218205243607953,0.9563627179236129,-0.14771134363410798,-0.989030514676775,0.9972538580213102,-0.07405904847898395,0.7328229828816042,0.6804193381735325,-0.39973782772366406,-0.916629515718737,-0.9789355228304715,0.20416964059485318,0.6308051836364167,-0.775941247967542,-0.9423219322417212,-0.3347078965549349,0.8169173448259422,-0.576754758734189,1,0,0,0,99,71
1701513600,12,2,5,1120,018.1,0.0,085,0,0,0,0,0,1,0,0.9997531682802758,-0.022217167091024455,0.7149185852567496,0.6992077062321952,-0.3878094208292295,-0.9217395798793158,0.9802396594403116,-0.19781357400426822,0.7738906815578891,0.6333192030862999,-0.428182669496151,-0.9036922050915067,-0.9756260054681576,0.2194399632114593,0.6247239537541924,-0.7808456836057491,-0.9436221923009624,-0.3310244072528874,0.815789313258297,-0.5783491993368335,1,0,0,0,99,66
1701513660,12,2,5,1121,018.1,0.0,085,0,0,0,0,0,1,0,0.5214738406490854,-0.8532672696867566,0.9626181147492386,0.270862262333869,-0.6037953865615946,-0.7971393423780654,0.9479291488233879,-0.3184812848676784,0.8119363536841046,0.5837459700641716,-0.4562093981582516,-0.8898724543619079,-0.9720783030090497,0.23465671270825827,0.618604593941777,-0.785702460448056,-0.9449080538465253,-0.3273358669256578,0.8146581697023783,-0.5799414337130699,1,0,0,0,99,59
1701513720,12,2,5,1122,018.1,0.0,085,0,0,0,0,0,1,0,-0.43624613117504446,-0.8998273795761085,0.9746351572706857,-0.22379971003543722,-0.7822402795929897,-0.6229768414494085,0.9008265208821864,-0.4341792017995516,0.8468114317247825,0.5318932215212224,-0.4837906460850486,-0.8751837582820029,-0.9682932815738222,0.24981617413409918,0.6124474776933533,-0.7905112820618372,-0.9461794972577448,-0.32364233185583335,0.8135239184731551,-0.5815314557890083,1,0,0,0,99,57
1701513780,12,2,5,1123,018.1,0.0,085,0,0,0,0,0,1,0,-0.9928834218489483,-0.11909034644975776,0.7480275217028307,-0.6636677081003122,-0.9120492607585163,-0.4100806578587241,0.8396667963718477,-0.5431018975023361,0.8783797292465076,0.4779634413308532,-0.5108994806560028,-0.8596404601142426,-0.9642718652211737,0.2649146465238922,0.6062529808075618,-0.7952718549414068,-0.9474365031339586,-0.31994385840221495,0.8123865638974511,-0.5831192594991976,1,0,0,0,99,57
1701513840,12,2,5,1124,018.1,0.0,085,0,0,0,0,0,1,0,-0.636668273391427,0.771137801989229,0.33827666045026744,-0.9410467050017307,-0.9851514363288851,-0.17168764515577298,0.7654043523379563,-0.6435496697397284,0.9065179727230256,0.4221672241305995,-0.5375094305542,-0.8432577376255137,-0.9600150357222312,0.27994844380214573,0.6000214813645651,-0.7999838885259333,-0.9486790522948035,-0.31624050299895706,0.8112461103139285,-0.5847048387866493,1,0,0,0,99,58
1701513900,12,2,5,1125,018.1,0.0,084,0,0,0,0,0,1,0,0.30489674947599804,0.9523854115634964,-0.1542961250914999,-0.9880246483675132,-0.997001667091764,0.07738007376736837,0.6791980293819437,-0.7339550646215912,0.9311162829157246,0.364722452954578,-0.5635945116151425,-0.8260515882663074,-0.9555238323208656,0.2949138956828693,0.5937533597029707,-0.8046470952171733,-0.9499071257805084,-0.3125323221547067,0.8101025620730707,-0.5862881876028603,1,0,0,0,99,59
1701513960,12,2,5,1126,018.1,0.0,084,0,0,0,0,0,1,0,0.9661411069785915,0.25801426589663984,-0.6090918379453792,-0.7930996992486631,-0.9468631630939771,0.32163667448795147,0.5823930483410875,-0.8129073361976602,0.9520786039497107,0.30585344840490175,-0.5891292521998455,-0.8080388135494797,-0.9507993514799744,0.3098073485656209,0.5874489983966179,-0.8092611903970253,-0.9511207048521826,-0.30881937245174135,0.8089559235371669,-0.5878692999078361,1,0,0,0,99,60
1701514020,12,2,5,1127,018.1,0.0,084,0,0,0,0,0,1,0,0.739119786313062,-0.6735740059418368,-0.9147606260497434,-0.40399628343473853,-0.8378532936722092,0.5458954646107904,0.4765000185672659,-0.8791744606762615,0.9693230784099441,0.24579009268452884,-0.6140887180674593,-0.7892370026438601,-0.9458427466137963,0.32462516642748135,0.5811087822312268,-0.8138258924449017,-0.9523197709921026,-0.3051017105451052,0.8078061990802946,-0.5894481696701139,1,0,0,0,99,66
1701514080,12,2,5,1128,018.1,0.0,084,0,0,0,0,0,1,0,-0.16744485726316327,-0.9858814430630688,-0.9964641095049708,0.08401951242696915,-0.6767497645263835,0.7362131187458456,0.363171365373259,-0.9317223617435201,0.9827823669926928,0.18476693191217952,-0.6384485367231334,-0.7696645151987259,-0.9406552278063217,0.33936373171073697,0.5747330981809134,-0.8183409227549167,-0.9535043059039945,-0.301379393161745,0.8066533930883032,-0.5910247908667855,1,0,0,0,99,64
1701514140,12,2,5,1129,018.1,0.0,084,0,0,0,0,0,1,0,-0.9200614712831593,-0.39177402805733347,-0.834198426052619,0.5514644013636177,-0.47356921280652436,0.8807566069475771,0.2441755444884099,-0.9697310469783819,0.9924039114640726,0.12302226022476213,-0.6621849212173432,-0.7493404634159169,-0.935238061515868,0.3540194462060546,0.5683223353845709,-0.8228060057528914,-0.9546742915133128,-0.29765247709964426,0.8054975099587969,-0.5925991574835201,1,0,0,0,99,69
1701514200,12,2,5,1130,018.1,0.0,084,0,0,0,0,0,1,0,-0.8267778116862851,0.5625286215858156,-0.46769187421537717,0.8838915718530796,-0.24094442112956296,0.9705389152046093,0.12136944589844409,-0.9926074035600907,0.9981501398988257,0.060797189243867816,-0.6852746933734428,-0.7282846933870942,-0.9295925702658919,0.36858873193093256,0.561876885122118,-0.8272208689131738,-0.9558297099675166,-0.2939210192269568,0.8043385541011188,-0.5941712635145877,1,0,0,0,99,68
1701514260,12,2,5,1131,018.1,0.0,084,0,0,0,0,0,1,0,0.02664155509373045,0.9996450507766182,0.01332195975413766,0.9999112587566504,0.0066611276578957485,0.9999778144430631,-0.003330582301704925,-0.9999944535953845,0.9999986133978848,-0.0016652934599518964,-0.7076953064207618,-0.7065177657143691,-0.9237201323221144,0.38306803200321415,0.5553971407906174,-0.8315852427752713,-0.9569705436363418,-0.29018507648113867,0.803176529936333,-0.5957411029628816,1,0,0,0,99,68
1701514320,12,2,5,1132,018.1,0.0,084,0,0,0,0,0,1,0,0.8555667989843964,0.5176924303827453,0.4910741133562503,0.8711177963922977,0.253852519790234,0.9672429364932829,-0.12797863787897792,-0.9917769246391254,0.9979421137117938,-0.06412127322844811,-0.7294248670111433,-0.6840609354332229,-0.9176221813560369,0.3974538115094489,0.5488834978802656,-0.8358988609602985,-0.9580967751120705,-0.2864447058680798,0.8020114418972087,-0.5973086698399414,1,0,0,0,99,70
1701514380,12,2,5,1133,018.1,0.0,084,0,0,0,0,0,1,0,0.8978878735372546,-0.44022422304406095,0.8485941972003052,0.529044316175847,0.48526059175671427,0.8743695775173811,-0.25062962961571295,-0.9680830484822521,0.9919886714278173,-0.12632686079719518,-0.7504421565974273,-0.6609361312573269,-0.9113002060949308,0.41174255836789153,0.5423363539502531,-0.8401614601872344,-0.9592083872097956,-0.28269996446123374,0.8008432944282027,-0.598873958165976,1,0,0,0,99,72
1701514440,12,2,5,1134,018.1,0.0,084,0,0,0,0,0,1,0,0.11469497798204223,-0.993400756002178,0.9983488258124457,0.05744233629398255,0.6864975104492431,0.7271321531516752,-0.3693696298075444,-0.9292825601375706,0.9821615346106695,-0.1880391446779491,-0.770726652153002,-0.6371659341655245,-0.9047557499583864,0.4259307841859259,0.5357561086045003,-0.8443727802889923,-0.9603053629676844,-0.2789509094007471,0.7996720919854422,-0.6004369619698862,1,0,0,0,99,72
1701514500,12,2,5,1135,018.1,0.0,084,0,0,0,0,0,1,0,-0.7739479513868687,-0.6332492151941991,0.9036728432331579,-0.42822353088416387,0.8450513389386954,0.5346851733103491,-0.4823457404650998,-0.8759809282485405,0.9684990780193187,-0.24901713972281062,-0.7902585462121908,-0.6127735553518892,-0.8979904106815086,0.4400150251117062,0.5291431634672671,-0.8485325642282995,-0.9613876856472365,-0.2751975978925875,0.7984978390367088,-0.6019976752892874,1,0,0,0,99,72
1701514560,12,2,5,1136,018.1,0.0,084,0,0,0,0,0,1,0,-0.9510267034945383,0.30910873368494685,0.587746231938178,-0.8090453428841139,0.9510639681125854,0.3089940590981371,-0.5877950071674065,-0.8090099069535975,0.9510546532543747,-0.3090227281660707,-0.8090187662119065,-0.587782813560387,-0.8910058399248534,0.45399184267980686,0.5224979221586403,-0.8526405581133842,-0.9624553387335394,-0.27144008720767066,0.7973205400614205,-0.6035560921705327,1,0,0,0,99,71
1701514620,12,2,5,1137,018.0,0.0,084,0,0,0,0,0,1,0,-0.25373589029368065,0.967273538342114,0.1279188446982811,-0.9917846385032675,0.9979440461527058,0.06409119087960714,-0.6840719293759951,-0.7294145566410116,0.9298963804212305,-0.36782158946898996,-0.8269889931156853,-0.5622181118262778,-0.8838037428711981,0.46785782465067427,0.5158207902698987,-0.8566965112134736,-0.9635083059355206,-0.2676784346809867,0.7961401995506151,-0.6051122066687357,1,0,0,0,99,72
1701514680,12,2,5,1138,018.1,0.0,084,0,0,0,0,0,1,0,0.6768385302801764,0.7361315126580106,-0.36322753704942956,-0.9317004649183155,0.9827767968664898,-0.18479655716717844,-0.7696741379204508,-0.6384369361310566,0.9051068821225083,-0.42518411533648776,-0.8441516793019155,-0.5361044136469649,-0.8763858778092459,0.4816095858436764,0.5091121753387575,-0.8607001759740951,-0.964546571186196,-0.2639126977107249,0.794956822006933,-0.6066660128477922,1,0,0,0,99,72
1701514740,12,2,5,1139,018.1,0.0,084,0,0,0,0,0,1,0,0.9851307275152447,-0.17180643091946454,-0.7654431497242185,-0.6435035233316658,0.9065052463531763,-0.4221945503368881,-0.8432658389668374,-0.5374967207635373,0.8767829608185647,-0.48088630633262097,-0.8604900656987915,-0.509467218605564,-0.8687540557043645,0.4952437689635459,0.5023724868244946,-0.8646513080321876,-0.9655701186429154,-0.26014293375739844,0.7937704119445995,-0.608217504780404,1,0,0,0,99,71
1701514860,12,2,5,1141,018.1,0.0,084,0,0,0,0,0,1,0,-0.5661821813880273,-0.8242801328909335,-0.955060242312215,0.29641176352252496,0.5931223467706621,-0.8051123410812074,-0.9500295629824388,-0.3121599421120466,0.8099876363599776,-0.5864469532225202,-0.8906309429900019,-0.45472686679889496,-0.8528560449451288,0.5221461161404464,0.4888015363414653,-0.8723950126348862,-0.9675729979270004,-0.2525915550499599,0.7913885123787051,-0.6113135222412638,1,0,0,0,99,68
1701514920,12,2,5,1142,018.1,0.0,084,0,0,0,0,0,1,0,-0.9995173533267221,0.031065421270998466,-0.6960368448325855,0.718006065876535,0.3754956285520944,-0.9268241650595153,-0.9815355737464423,-0.1912796838930951,0.7717770675179119,-0.6358931970491998,-0.9044040018291604,-0.4266771630582074,-0.8445937375620919,0.535407712375248,0.481971102673569,-0.8761871125436759,-0.9685522991928923,-0.24881005552059607,0.790193031961367,-0.6128580359591461,1,0,0,0,99,65
1701514980,12,2,5,1143,018.1,0.0,084,0,0,0,0,0,1,0,-0.5139008801272689,0.8578495703819047,-0.26659935260432954,0.9638074419669898,0.134522410833679,-0.9909105514543152,-0.9977250501652034,-0.06741457018213824,0.730552725743371,-0.6828562915496429,-0.9172939255085152,-0.3982108163086213,-0.8361252347312038,0.5485385964958978,0.47511125197373627,-0.8799257345071508,-0.9695168215423472,-0.245024759455906,0.7889945371977889,-0.6144002118098976,1,0,0,0,99,60
1701515040,12,2,5,1144,018.1,0.0,084,0,0,0,0,0,1,0,0.4441936922858625,0.8959307806596738,0.22811095911894086,0.9736351423042602,-0.11481475884166603,-0.9933869191569467,-0.9983453608739179,0.05750252534912421,0.6864755912087755,-0.7271528468448447,-0.9292881272363391,-0.36935562345465606,-0.8274526039159754,0.5615355627853609,0.4682224029318968,-0.8836106503390961,-0.9704665502579407,-0.24123572461485038,0.7877930326598638,-0.6159400439105862,1,0,0,0,99,62
1701515100,12,2,5,1145,018.1,0.0,084,0,0,0,0,0,1,0,0.9938986325155377,0.11029736299542382,0.66697175240207,0.7450830030927507,-0.3570133029084836,-0.9340992996177523,-0.9833868261314447,0.18152231320453105,0.6397177841812235,-0.7686098858343324,-0.9403748948781896,-0.340139761102453,-0.8185779624148372,0.5743954382207205,0.4613049760078898,-0.8872416351312422,-0.9714014708479811,-0.2374430088134391,0.7865885229309665,-0.6174775263872204,1,0,0,0,99,61
1701515160,12,2,5,1146,018.1,0.0,084,0,0,0,0,0,1,0,0.6298177536088091,-0.7767429415444683,0.9425345992440989,0.3341085590459571,-0.5770144889662836,-0.8167339098647604,-0.9530828688694285,0.3027095060740904,0.5904618928965313,-0.8070655196680411,-0.9505434023936101,-0.31059175804579786,-0.8095034768442313,0.5871150832478255,0.4543593934058008,-0.8908184672669919,-0.9723215690467305,-0.233646669923849,0.7853810126059354,-0.619012653374772,1,0,0,0,99,61
1701515220,12,2,5,1147,018.1,0.0,084,0,0,0,0,0,1,0,-0.3133146634124747,-0.9496493677619796,0.9873321041478342,-0.15866731269864684,-0.7611397088244204,-0.6485879613827846,-0.9079063722055223,0.4191730183451789,0.5389002605560796,-0.8423695799188082,-0.959783720407574,-0.2807404674082379,-0.8002313626096637,0.5996913925477679,0.44738607904819305,-0.8943409284349475,-0.9732268308146225,-0.2298467658735407,0.7841705062910556,-0.6205454190171978,1,0,0,0,99,65
1701515280,12,2,5,1148,018.1,0.0,084,0,0,0,0,0,1,0,-0.9683870238169294,-0.2494525447915689,0.7903962755452384,-0.6125958925786359,-0.8979409481081247,-0.4401159548467677,-0.8485623002604958,0.529095475861036,0.48523423423072903,-0.8743842049868684,-0.9680868259063513,-0.2506150384684961,-0.7907638833648436,0.6121212957950017,0.4403854585502332,-0.8978088036422348,-0.9741172423384761,-0.22604335464437486,0.7829570086040404,-0.6220758174674632,1,0,0,0,99,68
1701515340,12,2,5,1149,018.1,0.0,084,0,0,0,0,0,1,0,-0.7331288204696695,0.6800897974508595,0.3999438726553643,-0.9165396329267108,-0.9789125683447707,-0.2042796699053643,-0.7759766974289126,0.6307615754366446,0.4296733786048162,-0.9029843784464503,-0.9754446110483287,-0.22024488819669533,-0.7811033504590462,0.6244017584069189,0.43335795919371384,-0.901221881227625,-0.9749927900317071,-0.22223649427172731,0.781740524174015,-0.623603842887563,1,0,0,0,99,63
1701515400,12,2,5,1150,018.0,0.0,084,0,0,0,0,0,1,0,0.1761646394206257,0.9843607163117598,-0.08842873879073523,-0.9960825056971334,-0.999020146367713,0.044257735498252376,-0.6912822377660761,0.7225848515912344,0.37243465763054706,-0.9280584172322436,-0.9818498910811784,-0.1896596725291863,-0.771252122372829,0.6365297822846995,0.42630400990097467,-0.9045799528744541,-0.9758534605345349,-0.21842624284360365,0.7805210576414975,-0.6251294894485447,1,0,0,0,99,59
1701515460,12,2,5,1151,018.0,0.0,084,0,0,0,0,0,1,0,0.9234931422524565,0.38361493220765563,-0.5551509109207803,-0.8317496414810336,-0.9570134903649565,0.2900434092674461,-0.5958005499882296,0.8031324328115028,0.3137415872884062,-0.9495084077593792,-0.9872964113576478,-0.15888925741002893,-0.7612126041422426,0.6485024065452537,0.4192240412087231,-0.907882813623337,-0.9766992407141866,-0.21461265849975275,0.7792986136583822,-0.6266527513305304,1,0,0,0,99,61
1701515520,12,2,5,1152,018.0,0.0,084,0,0,0,0,0,1,0,0.8217663090042067,-0.5698246514372669,-0.8859527784925297,-0.4637754567475154,-0.8555043707508208,0.5177955886508133,-0.49102159389846933,0.8711474010323434,0.25382336276203626,-0.9672505882738824,-0.9917788534431158,-0.12796368962740468,-0.7509872467716762,0.6603167082440802,0.4121184852417566,-0.9111302618846769,-0.977530117665097,-0.2107957994307797,0.7780731968879212,-0.6281736227227391,1,0,0,0,99,62
1701515580,12,2,5,1153,018.1,0.0,084,0,0,0,0,0,1,0,-0.03548867897301029,-0.9993700784317843,-0.999842507205956,0.017747134532308913,-0.7008041329314815,0.7133537462340508,-0.3785804100623468,0.9255684054228652,0.1929139634359509,-0.9812156759405307,-0.9952928403089542,-0.09691316747343799,-0.7405785466354794,0.6719698030888598,0.404987775686588,-0.9143220994509702,-0.9783460787091065,-0.20697572387725785,0.7768448120047072,-0.6296920978235085,1,0,0,0,99,61
1701515700,12,2,5,1155,018.0,0.0,084,0,0,0,0,0,1,0,-0.8939561392767458,0.44815446115085755,-0.5252835133759399,0.8509272769017507,-0.2730134823577851,0.9620102070409,-0.13782197386320505,0.9904570175027536,0.06907598170582292,-0.9976114016747086,-0.9994026720183183,-0.03455863369182427,-0.7192213267457467,0.6947810325232604,0.39065263820735907,-0.9205381666512422,-0.9799332035019638,-0.1993261565233697,0.7743791566549844,-0.6327218359898094,1,0,0,0,99,67
1701515760,12,2,5,1156,018.0,0.0,085,0,0,0,0,0,1,0,-0.10589758762554134,0.9943770416371703,-0.053023383345603574,0.998593270966005,-0.026521020285755953,0.9996482558795381,-0.013261676373330016,0.9999120601031718,0.006630983970279104,-0.9999780147841181,-0.9999945036809248,-0.0033155102082415536,-0.7082780210511411,0.705933598078374,0.38344908522620447,-0.9235620168885179,-0.9807043430332401,-0.1954967814459897,0.7731418955942013,-0.6342330874978104,1,0,0,0,99,67
1701515880,12,2,5,1158,018.0,0.0,084,0,0,0,0,0,1,0,0.9482534313435556,-0.3175144562774626,0.811638606855743,0.5841598855290122,0.45598251856347943,0.8899887318188394,0.23453279960504517,0.972108206893358,-0.1180927455575532,-0.9930025697079937,-0.9982491096184343,0.05914993783600386,-0.685875375765888,0.7277190178344949,0.36897220909270734,-0.9294404278474482,-0.982201717532465,-0.1878291406472274,0.7706585302996481,-0.63724832653871,1,0,0,0,99,60
1701515940,12,2,5,1159,018.0,0.0,084,0,0,0,0,0,1,0,0.2451643132877585,-0.9694815415933105,0.9923410556843122,0.12352825265235788,0.6619938622629526,0.7495092569983235,0.35390022817291067,0.9352831809132257,-0.17988443385514805,-0.9836877504862063,-0.9959135882410196,0.09031126594670705,-0.6744215054597877,0.7383465534377157,0.3616997695342674,-0.9322946297811963,-0.982927929652321,-0.18399099192460988,0.7694124355391618,-0.6387523025693881,1,0,0,0,99,61
1701516060,12,2,5,1161,018.1,0.0,084,0,0,0,0,0,1,0,-0.9835714245347456,0.1805193974028589,0.6401096010048362,-0.7682836056440547,0.9402881488256817,0.3403794899490459,0.574291089105061,0.8186511741728115,-0.30112192366812857,-0.953585647483437,-0.98832829755184,0.15233901751777681,-0.651022650328782,0.7590583039259161,0.34708910676804877,-0.9378321555390166,-0.9843353482271722,-0.17630633065914494,0.7669114455591157,-0.6417529389651656,1,0,0,0,99,58
1701516120,12,2,5,1162,018.1,0.0,084,0,0,0,0,0,1,0,-0.3795240735526223,0.9251818619028498,0.19341424210376837,-0.9811171851269475,0.9952681008469395,0.09716690504758436,0.6718753957961311,0.7406641968691292,-0.3600942953803009,-0.9329159117704899,-0.9830859351477087,0.18314487193136209,-0.6390833779987701,0.7691374623340622,0.33975177531981915,-0.9405151413810577,-0.9850165332066914,-0.17245993537477364,0.7656565598800724,-0.6432495878837492,1,0,0,0,99,59
1701516180,12,2,5,1163,018.1,0.0,084,0,0,0,0,0,1,0,0.573455960388843,0.8192363892641181,-0.30063566882181647,-0.9537390600327005,0.988367102860243,-0.1520870473894794,0.7589753116503459,0.6511194024948576,-0.4176605065751025,-0.9086031593866647,-0.9768836060111421,0.21377188848552484,-0.6269880826277622,0.7790288468617593,0.3323937071743693,-0.9431407230264631,-0.9856826880458192,-0.1686109085639729,0.7643987534539721,-0.6447437830006688,1,0,0,0,99,54
1701516240,12,2,5,1164,018.1,0.0,084,0,0,0,0,0,1,0,0.9992032289764632,-0.03991124156186587,-0.7210794829843191,-0.6928523502298791,0.9200142254959646,-0.3918849638415085,0.8342316716121213,0.5514141076171752,-0.47359576242974594,-0.8807423311097222,-0.9697273666112869,0.2441901604183487,-0.6147397171086522,0.7887300426693371,0.3250153514302539,-0.9457087402232617,-0.9863338025798521,-0.16475930895815624,0.7631380310789642,-0.6462355186160244,1,0,0,0,99,57
1701516300,12,2,5,1165,018.1,0.0,084,0,0,0,0,0,1,0,0.5062876569049047,-0.8623646609559911,-0.9649778911861119,-0.26233122102030565,0.7944593196068335,-0.6073173713058496,0.8964701253543951,0.44310418001534946,-0.5276816369671445,-0.849442222877857,-0.9616242048944735,0.27436998480349767,-0.6023412717042151,0.798238681348974,0.3176171584242781,-0.9482190362329197,-0.9869698668735839,-0.16090519532799485,0.7618743975643212,-0.6477247890392976,1,0,0,0,99,53
1701516360,12,2,5,1166,018.1,0.0,084,0,0,0,0,0,1,0,-0.452106452059868,-0.8919639880655711,-0.9726160568450356,0.23241774021622025,0.6195087811257318,-0.7849897261162786,0.9447194626227086,0.32787975988441354,-0.579706926004678,-0.8148250609438855,-0.9525820334606059,0.3042818915546195,-0.5897957733170781,0.8075524415029093,0.31019957970401146,-0.9506714578399073,-0.9875908712214556,-0.15704862648252085,0.760607857730421,-0.6492115885893748,1,0,0,0,99,52
1701516420,12,2,5,1167,018.1,0.0,084,0,0,0,0,0,1,0,-0.9948359739965252,-0.10149573805034878,-0.7421238906174457,0.670262732795749,0.4060401871762517,-0.913855221792749,0.9782267686463986,0.2075388857627059,-0.6294684719020064,-0.7770260245843462,-0.9426096818366407,0.33389667220238495,-0.5771062847507447,0.8166690493101796,0.30276306800022723,-0.9530658553610499,-0.9881968061477051,-0.15318966126822994,0.7593384164087281,-0.6506959115945674,1,0,0,0,99,53
1701516480,12,2,5,1168,018.1,0.0,084,0,0,0,0,0,1,0,-0.6229178893619306,0.7822872254567869,-0.32993391349118173,0.9440040321568512,0.16732598101183924,-0.9859016259639831,0.9964691731217737,0.08395943674184847,-0.6767719568873076,-0.7361927182273159,-0.9317168878547055,0.36318540841606234,-0.5642759039618552,0.8255862790817391,0.29530807719927077,-0.9554020826546641,-0.9887876624065108,-0.14932835856818344,0.7580660784417752,-0.6521777523926344,1,0,0,0,99,51
1701516540,12,2,5,1169,018.2,0.0,084,0,0,0,0,0,1,0,0.32170803001899356,0.9468389215813312,0.16303539250522991,0.9866202211543537,-0.08179174422167067,-0.9966494421697013,0.9991620094283262,-0.04093017120840497,-0.721432661864018,-0.6924845950602783,-0.9199142881432699,0.3921195002417769,-0.551307763303866,0.8343019538038302,0.28783506231535605,-0.957679997129477,-0.9893634309821333,-0.14546477730110988,0.7567908486831451,-0.6536571053308035,1,0,0,0,99,51
1701516660,12,2,5,1171,018.2,0.0,083,0,0,0,0,0,1,0,0.7270804160280906,-0.6865523058212089,0.9183006876348315,0.39588362821591344,-0.5495982040473234,-0.8354291197390457,0.9579741958265487,-0.2868543883758398,-0.8021391364270415,-0.5971371750377631,-0.8936266488410479,0.4488111100241598,-0.5249708991819643,0.8511201765979232,0.2728367858281548,-0.9620603350616642,-0.9904696701721017,-0.1377310149137365,0.7542317332603212,-0.6566083250638327,1,0,0,0,99,49
1701516720,12,2,5,1172,018.2,0.0,083,0,0,0,0,0,1,0,-0.18487061956996106,-0.9827628676439799,0.9956813917222668,-0.09283623310976193,-0.739200998751274,-0.6734848798934681,0.9147362679738538,-0.40405143243560715,-0.8378697489573207,-0.5458702078170199,-0.8791672786839316,0.4765132695859477,-0.5116086054857034,0.859218618742037,0.2653124396423611,-0.9641624911657881,-0.9910001239065988,-0.13386095180113555,0.752947857358375,-0.6580801806006866,1,0,0,0,99,48
1701516780,12,2,5,1173,018.2,0.0,083,0,0,0,0,0,1,0,-0.9268524601099338,-0.3754257811980466,0.8292845655135657,-0.5588265467933469,-0.882843855614725,-0.46966661218712,0.8572241866008915,-0.5149433890307167,-0.8703284980485003,-0.49247162911648185,-0.863849416598889,0.5037501220265451,-0.4981214098859107,0.8671072949833097,0.2577719001527225,-0.9662057997609282,-0.991515456198472,-0.1299888461351046,0.7516611091892093,-0.659549525761673,1,0,0,0,99,47
1701516840,12,2,5,1174,018.2,0.0,083,0,0,0,0,0,1,0,-0.8166904232239494,0.5770760371166753,0.4598499553568124,-0.8879966320647492,-0.9715957575207781,-0.2366467493282453,0.7863354085020734,-0.6177998262672768,-0.8993886329800029,-0.4371499592432345,-0.8476880202182978,0.5304950710217605,-0.48451260508795824,0.8747842794145767,0.2502156275949039,-0.9681901361340594,-0.9920156591843848,-0.12611475699921215,0.7503714936613771,-0.6610163549416868,1,0,0,0,99,48
1701516900,12,2,5,1175,018.2,0.0,083,0,0,0,0,0,1,0,0.04433302241328026,0.9990168082288223,-0.022171961699155765,-0.9997541718414639,-0.999938541071766,0.01108666222395586,0.7031761293502661,-0.7110157038434368,-0.9249366745468137,-0.3801212281342382,-0.8306988708714603,0.5567220005827692,-0.4707855134863597,0.8822476978101924,0.24264408316483588,-0.970115379171517,-0.9925007252318552,-0.1222387435072919,0.7490790156943697,-0.6624806625452203,1,0,0,0,99,49
1701516960,12,2,5,1176,018.2,0.0,083,0,0,0,0,0,1,0,0.8645968916959479,0.5024661330574484,-0.49876540925697305,-0.8667370227056902,-0.9661099892625297,0.2581307588164473,0.6090440218832924,-0.7931364191664784,-0.9468728581933475,-0.32160813176404734,-0.8128985581744033,0.582405300557933,-0.4569434863536556,0.889495728083596,0.23505772899056523,-0.9719814113663893,-0.9929706469393719,-0.11836086480254095,0.7477836802185981,-0.6639424429863854,1,0,0,0,99,49
1701517020,12,2,5,1177,018.2,0.0,083,0,0,0,0,0,1,0,0.8899543660462135,-0.4560495876056486,-0.8532436895769135,-0.5215124219011238,-0.8722133975986393,0.4891255350617448,0.5054079861548763,-0.8628805059397694,-0.9651115235919032,-0.2618391625217956,-0.7943044638303991,0.6075198916406789,-0.4429899030222479,0.8965266007321475,0.22745702810404925,-0.9737881188256887,-0.9934254171365078,-0.11448118005661723,0.7464854921753729,-0.6654016906889337,1,0,0,0,99,52
1701517080,12,2,5,1178,018.2,0.0,083,0,0,0,0,0,1,0,0.0970919004884274,-0.9952754206045407,-0.9988181567744302,-0.04860339183359195,-0.7240868013690044,0.6897088545779327,0.39388522784059016,-0.9191596310157264,-0.9795814491444105,-0.20104771695330634,-0.7749347446570279,0.6320412498590158,-0.42892817005938433,0.9033385992691267,0.21984244441289458,-0.9755353912773044,-0.9938650288840292,-0.11059974846873663,0.745184456516887,-0.666858400086279,1,0,0,0,99,49
1701517140,12,2,5,1179,018.2,0.0,083,0,0,0,0,0,1,0,-0.7850364106161789,-0.6194496218473833,-0.8998471041925353,0.43620544365735325,-0.5309399948876741,0.8474094180670148,0.27621602228417635,-0.9610955774705798,-0.990226130101246,-0.13947118435257538,-0.7548083148563532,0.6559454305227779,-0.41476172043549425,0.9099300606427886,0.21221444267204273,-0.9772231220767315,-0.9942894754740018,-0.10671662926476969,0.7438805782061962,-0.6683125656215175,1,0,0,0,99,48
1701517260,12,2,5,1181,018.2,0.0,083,0,0,0,0,0,1,0,-0.23657352834172077,0.9716135886698729,-0.11913524107107658,0.9928780359817294,-0.05967396424853361,0.9982179210928167,0.029850283978409217,-0.9995543809850509,-0.9998885890400617,-0.014926804998878345,-0.7123646555658409,0.7018095165360476,-0.3861285300673549,0.9224449892909733,0.1969200481274402,-0.980419550317866,-0.9950928475066702,-0.09894556503990963,0.7412643135346223,-0.6712132429266017,1,0,0,0,99,53
1701517320,12,2,5,1182,018.2,0.0,083,0,0,0,0,0,1,0,0.6897634204403791,0.7240348222443372,0.37146007709824136,0.9284489275787703,0.18914422066406064,0.9819493183405064,-0.09500179382383689,-0.995477101278705,-0.9988686353266643,0.04755469861798596,-0.6900888715890201,0.7237246363838894,-0.3716687797058764,0.9283654012251559,0.1892545888147023,-0.9819280526660688,-0.9954717606908969,-0.09505773859589553,0.7399519371539937,-0.672659743631245,1,0,0,0,99,53
1701517380,12,2,5,1183,018.2,0.0,083,0,0,0,0,0,1,0,0.9819350614765846,-0.18921822069498487,0.7711090132708166,0.6367031409161632,0.4262023340409088,0.9046278629680171,-0.2183714004076345,-0.9758657343528404,-0.993948120968303,0.10985050215442702,-0.6671392275400889,0.7449330514061069,-0.3571182917423113,0.9340591660612584,0.1815775783773173,-0.9833766231869808,-0.9958354842008244,-0.0911684616877438,0.738636738081631,-0.6741036783434193,1,0,0,0,99,52
1701517440,12,2,5,1184,018.2,0.0,083,0,0,0,0,0,1,0,0.3713201354167654,-0.9285049041518709,0.9819635696276799,0.18907021955893671,0.6367612505645516,0.7710610285700272,-0.3383333943242765,-0.9410263090291437,-0.9851462604682474,0.17171734183077755,-0.6435381333569995,0.7654140519453434,-0.34248061846961253,0.939524893748256,0.17388948538043356,-0.9847651734673236,-0.9961840124864793,-0.08727779366103493,0.737318721334619,-0.6755450415549525,1,0,0,0,99,52
1701517500,12,2,5,1185,018.2,0.0,083,0,0,0,0,0,1,0,-0.5806848107146881,-0.814128460751279,0.952399196962933,-0.3048536856007493,0.8077294366310879,0.5895533539889544,-0.45301580878102127,-0.8915024828874439,-0.9724974249033886,0.23291362896206408,-0.6193086351077046,0.7851476386521404,-0.32775933346577607,0.9447612499071235,0.16619077906562166,-0.9860936187571451,-0.9965173402297486,-0.08338579388257615,0.7359978919407909,-0.6769838277674821,1,0,0,0,99,49
1701517560,12,2,5,1186,018.2,0.0,083,0,0,0,0,0,1,0,-0.9988108198402659,0.048753934918280305,0.6896542847984488,-0.7241387763813923,0.9284769185018528,0.37139010731211436,-0.5606290630567977,-0.8280670586710095,-0.9560510077059198,0.2932003933566516,-0.5944743924860635,0.8041145420139632,-0.31295803072140266,0.9497669561566046,0.15848192932223448,-0.9873618779749916,-0.9968354623444613,-0.0794925217394956,0.7346742549387094,-0.6784200314924761,1,0,0,0,99,49
1701517620,12,2,5,1187,018.2,0.0,083,0,0,0,0,0,1,0,-0.4986347674567973,0.866812187664263,0.25805795118125785,-0.9661294394811347,0.9914962025850463,0.13013562256135958,-0.6594938883108169,-0.7517099249582114,-0.9358712317830405,0.3523422164897279,-0.5690596557085522,0.8222962411715524,-0.29808032376227683,0.9545407904253104,0.15076340665872748,-0.9885698737128575,-0.9971383739764651,-0.07559803663833614,0.7333478153776475,-0.6798536472512536,1,0,0,0,99,49
1701517680,12,2,5,1188,018.2,0.0,083,0,0,0,0,0,1,0,0.45998379055440347,0.8879273125809357,-0.23671996897079078,-0.9715779208537356,0.992869055025318,-0.11921006489861569,-0.7480675320111867,-0.6636226092823331,-0.9120368987278785,0.4101081508076052,-0.5430892418343393,0.8396749820042292,-0.2831298447671764,0.9590815872500705,0.1430356821739413,-0.9897175322409093,-0.9974260705037014,-0.07170239800414888,0.7320185783175687,-0.6812846695750063,1,0,0,0,99,51
1701517740,12,2,5,1189,018.2,0.0,083,0,0,0,0,0,1,0,0.9956953728538205,0.09268616119729696,-0.67354058482125,-0.7391502422367515,0.9325101185072341,-0.36114384790776133,-0.8249678320721849,-0.5651796847429315,-0.8846410811009546,0.4662726215729745,-0.5165885105318475,0.8562337944664923,-0.26811024368112807,0.9633882380604645,0.13529922752834836,-0.9908047835119854,-0.997698547536275,-0.0678056652795864,0.7306865488291086,-0.6827130930048191,1,0,0,0,99,50
1701517860,12,2,5,1191,018.2,0.0,084,0,0,0,0,0,1,0,-0.3300761916986924,-0.9439542932121704,-0.9858890133306514,0.16740027895411294,0.6452130349915007,-0.7640027090770402,-0.9391492717020655,-0.3435093091336535,-0.819606402224157,0.5729269983454901,-0.4621000982766125,0.8868277731176133,-0.2378783584969287,0.9712949534301136,0.11980201703203151,-0.9927978025333541,-0.9981978267190713,-0.060009155412511284,0.7280141329028273,-0.6855621213965547,1,0,0,0,99,50
1701517920,12,2,5,1192,018.2,0.0,084,0,0,0,0,0,1,0,-0.9726510762098645,-0.232271143166327,-0.7849430371582153,0.6195679368857272,0.43613762914604876,-0.8998799744648526,-0.9746486480944947,-0.22374095013558368,-0.7822215000035424,0.6230004212937645,-0.4341656243337532,0.9008330648055067,-0.22267345507995925,0.9748930876782097,0.11204220705116075,-0.9937034486400381,-0.998424621250908,-0.05610949723514686,0.7266737566594609,-0.6869827154903001,1,0,0,0,99,47
1701517980,12,2,5,1193,018.2,0.0,084,0,0,0,0,0,1,0,-0.7209750468639425,0.6929610247333798,-0.39181562964398203,0.9200437556805056,0.1999452979185737,-0.9798070615382667,-0.9949389583130883,-0.10048118844274602,-0.741782039565109,0.6706410409292194,-0.40580719502664103,0.9139587082930004,-0.2074141891325177,0.9782532157608786,0.10427555859145843,-0.9945484442099537,-0.9986361810514262,-0.05220898289588839,0.7253306083765831,-0.6884006889537923,1,0,0,0,99,46
1701518040,12,2,5,1194,018.2,0.0,084,0,0,0,0,0,1,0,0.19356211562190795,0.9810880222467152,0.09724190905490493,0.9952607754369492,-0.04867866351416559,-0.998814491143613,-0.9997035788531551,0.024346548588937242,-0.6984459361364568,0.715662821651697,-0.37705250188024414,0.9261918866119744,-0.19210428598553647,0.9813745173510403,0.09650254568911575,-0.9953327376689265,-0.9988325028924836,-0.048307671911785734,0.7239846931778965,-0.6898160363778933,1,0,0,0,99,46
1701518100,12,2,5,1195,018.2,0.0,084,0,0,0,0,0,1,0,0.9301391616624073,0.36720721662564615,0.5624912369870102,0.8268032464334082,-0.2942760214208693,-0.9557204733690202,-0.9888681594047358,0.1487943658728041,-0.6523824162740731,0.7578899543709509,-0.347929623364445,0.9375206542714009,-0.17674748333229415,0.984256230427677,0.08872364276877669,-0.9960562811477264,-0.9990135837784505,-0.04440562381204457,0.7226360161976583,-0.6912287523634834,1,0,0,0,99,46
1701518160,12,2,5,1196,018.2,0.0,084,0,0,0,0,0,1,0,0.8115505520270061,-0.584282210498199,0.8900230925369855,0.45591544693166575,-0.5215767216183704,-0.8532043855172293,-0.9626017830643233,0.2709202968427898,-0.6037713570372523,0.7971575430373816,-0.3184669974758911,0.9479339489219124,-0.16134753031591095,0.9868976514618708,0.08093932461458155,-0.9967190304849884,-0.9991794209462554,-0.04050289813711804,0.7212845825806614,-0.6926388315214799,1,0,0,0,99,46
1701518220,12,2,5,1197,018.2,0.0,084,0,0,0,0,0,1,0,-0.0531738924849011,-0.9985852678454675,0.9996462543933898,-0.026596354586037207,-0.7164483074814391,-0.6976401814022622,-0.9213143278496927,0.3888186071921827,-0.5528025835720277,0.8333122485575808,-0.2886933939687737,0.9574216021579993,-0.14590818661404958,0.9892981355885594,0.0731500663411886,-0.9973209452299093,-0.9993300118654271,-0.03659955443779828,0.7199303974822143,-0.6940462684728598,1,0,0,0,99,47
1701518280,12,2,5,1198,018.2,0.0,084,0,0,0,0,0,1,0,-0.8690105054701593,-0.4947936351475211,0.864521149292347,-0.5025964409207844,-0.866774607646297,-0.4987000897730096,-0.8656500706905215,0.5006495332200912,-0.4996751278480393,0.8662128875802101,-0.2586378862616515,0.9659743494472848,-0.13043322152104356,0.9914570967639711,0.06535634336477557,-0.9978619886447151,-0.9994653542381334,-0.0326956522743077,0.7185734660681216,-0.6954510578486787,1,0,0,0,99,47
1701518340,12,2,5,1199,018.2,0.0,084,0,0,0,0,0,1,0,-0.8858828673734284,0.46390898384729823,0.5177311156153848,-0.8555433898544533,-0.9632090608622962,-0.2687532419763031,-0.7964776337023857,0.6046679907286713,-0.4445964514429511,0.8957309838139661,-0.22832982304775026,0.973583839177183,-0.11492641302767814,0.9933740079086988,0.057558631374022555,-0.9983421277069046,-0.9995854459992164,-0.028791251215390185,0.717213793514664,-0.6968531942900922,1,0,0,0,99,45
1701518460,12,2,5,1201,018.2,0.0,084,0,0,0,0,0,1,0,0.7904885981024289,0.6124767556977625,-0.4401836232200361,-0.8979077780311747,-0.9741426430536687,0.22593386418244757,-0.6221198179681919,0.7829220472634704,-0.32945254038823985,0.9441721366529173,-0.16707462905402884,0.9859442521392671,-0.08383241574931774,0.9964798673679431,0.04195314429251319,-0.9991195792716563,-0.9997798705894354,-0.020981190723403483,0.7144862457470414,-0.6996494869849461,1,0,0,0,99,47
1701518520,12,2,5,1202,018.2,0.0,084,0,0,0,0,0,1,0,0.9424842311061572,-0.334250615730526,-0.816777391867125,-0.576952937538875,-0.8879619748443272,0.4599168742616023,-0.519655234621185,0.8543760513560765,-0.26983694024718285,0.9629060315929266,-0.13618731293162617,0.9906831056379549,-0.06825281811780774,0.9976680574314172,0.034146321680254645,-0.9994168443225823,-0.9998542004518914,-0.017075650462248376,0.7131183809376422,-0.7010436325713798,1,0,0,0,99,46
1701518580,12,2,5,1203,018.2,0.0,084,0,0,0,0,0,1,0,0.22796420851960592,-0.9736695125318598,-0.9933955688777406,-0.11473989599990957,-0.7465721318130987,0.6653044806703509,-0.40908160514110703,0.9124978029207388,-0.20916763262902466,0.9778797990859456,-0.10516701220928161,0.9944545738961498,-0.0526565575396371,0.9986126811472378,0.026337414952517367,-0.9996531101205152,-0.9999132737694093,-0.013169849647676073,0.7117477957983699,-0.7024351038894354,1,0,0,0,99,46
1701518640,12,2,5,1204,018.2,0.0,084,0,0,0,0,0,1,0,-0.6961450560690602,-0.7179011498184169,-0.9267958647454188,0.3755654737736039,-0.5587640495890891,0.8293266768209027,-0.29212439403368673,0.9563803314636136,-0.1476815298816789,0.9890349668903556,-0.07404401768422757,0.9972549741391004,-0.0370474416181442,0.9993135078990728,0.01852690072471944,-0.9998283622450087,-0.9999570896406027,-0.00926384787740154,0.7103744955575902,-0.7038238956310728,1,0,0,0,99,44
1701518700,12,2,5,1205,018.3,0.0,084,0,0,0,0,0,1,0,-0.9802217665452432,0.1979022192673009,-0.6332842097876352,0.7739193172635314,-0.33621472509132366,0.9417853569852133,-0.1706086794609036,0.9853388648036809,-0.08561873392055926,0.9963279743146032,-0.04284872043245206,0.9990815718234931,-0.02142928109511514,0.9997703665901218,0.010715255710392443,-0.9999425899995764,-0.9999856473968954,-0.005357704752206081,0.7089984854540262,-0.7052100024984735,1,0,0,0,99,46
1701518760,12,2,5,1206,018.3,0.0,084,0,0,0,0,0,1,0,-0.36308710538401223,0.9317552006315066,-0.18472249371488758,0.9827907205075521,-0.09276119741693704,0.9956883851154316,-0.046430673506683055,0.9989215147136015,-0.02322159863573769,0.9997303423207684,-0.011611582132328728,0.9999325833076869,-0.0058058889204457365,0.9999831456848878,0.0029029566920853495,-0.9999957864123448,-0.9999989466025314,-0.001451479875027901,0.7076197707367382,-0.7065934192040612,1,0,0,0,99,47
1701518820,12,2,5,1207,018.3,0.0,084,0,0,0,0,0,1,0,0.587868166005303,0.8089567475443674,0.3090657312414566,0.9510406793466742,0.1564597722312763,0.9876843319974946,0.07847186757846851,0.9969163284843655,0.03926621649480961,0.9992287847345985,0.019636894680695103,0.9998071775934094,0.009818920678735457,0.9999517932364064,-0.004909519507735837,-0.9999879482364791,-0.9999969870545808,0.002454767149947358,0.7062383566651038,-0.7079741404705214,1,0,0,0,99,46
1701518880,12,2,5,1208,018.3,0.0,084,0,0,0,0,0,1,0,0.9983401566622914,-0.05759280853988199,0.7271838861456853,0.6864427111784778,0.39595283104274065,0.9182708508872743,0.20214988141565363,0.9793545963764285,0.1016006978902495,0.9948252601277343,0.050866196399306694,0.9987054771372125,0.025441333129256026,0.9996763168989281,-0.012721696055790868,-0.9999190759503811,-0.9999797687829443,0.006360976718196107,0.7048542485087977,-0.7093521610308227,1,0,0,0,99,45
1701518940,12,2,5,1209,018.3,0.0,084,0,0,0,0,0,1,0,0.49094281136548873,-0.8711918020554086,0.9672620642967986,0.2537796267872891,0.610827460586339,0.7917637358414722,0.3226734139641255,0.9465103633456615,0.16353843073470306,0.9865369641695291,0.0820458281403476,0.9966285577308953,0.041057534443173026,0.9991567839260501,-0.020533096137088695,-0.9997891737576603,-0.999947292050351,0.0102670892257663,0.7034674515477719,-0.7107274756282348,1,0,0,0,99,45
1701519060,12,2,5,1211,018.2,0.0,084,0,0,0,0,0,1,0,-0.9964767617559203,-0.08386932264204244,0.7361621161952178,-0.6768052442756178,0.9156432832374237,0.40199176342580833,0.5468126903127759,0.8372549681625688,0.28525868245982555,0.9584505642344233,0.14413437439690902,0.9895581246784909,0.0722560562219844,0.9973861149721533,-0.036151659905505625,-0.9993463150910582,-0.9998365654173331,0.01807878465137743,0.7006858123826336,-0.7134699659591066,1,0,0,0,99,44
1701519120,12,2,5,1212,018.2,0.0,084,0,0,0,0,0,1,0,-0.6089722936395112,0.7931914936378434,0.3215653171302501,-0.9468873992291383,0.9866325048439105,0.1629610394708834,0.6469308156708554,0.7625486999106625,0.3445658863623454,0.9387621370482149,0.17498266050066957,0.984571515190292,0.08783076001523608,0.9961354112745646,-0.043957870315993346,-0.9990333856469874,-0.9997583172064605,0.02198424837255722,0.699290980789629,-0.7148371312307991,1,0,0,0,99,44
1701519180,12,2,5,1213,018.2,0.0,084,0,0,0,0,0,1,0,0.3384184928294446,0.9409957086570837,-0.1717618865507076,-0.9851384949988209,0.996277695976082,-0.08620181262937314,0.7369538020220037,0.6759431142376653,0.40252756785239857,0.9154078638065289,0.2056600790059547,0.978623488325957,0.10338402118809999,0.9946415154029006,-0.05176139776464421,-0.9986594803542649,-0.99966481391371,0.02588937664115494,0.6978934816140803,-0.7162015696161085,1,0,0,0,99,41
1701519240,12,2,5,1214,018.2,0.0,084,0,0,0,0,0,1,0,0.9746688776878502,0.2236528087610497,-0.6230357899988372,-0.7821933292866443,0.9439791653650637,-0.33000505353202975,0.8154768707731783,0.5787896623420162,0.458917387804158,0.8884789424465883,0.23613667393419815,0.9717198522327791,0.11891204263492582,0.9929047920704127,-0.059561765964363605,-0.9982246220341424,-0.9995560569658268,0.029794109869717856,0.6964933201870217,-0.7175632759101171,1,0,0,0,99,43
1701519300,12,2,5,1215,018.2,0.0,084,0,0,0,0,0,1,0,0.71481319131587,-0.6993154520821212,-0.921768802922436,-0.38773995661904564,0.832988582340432,-0.5532901785595666,0.8812746956992373,0.47260439134673377,0.5135151451774652,0.8580805298300195,0.2663826854076486,0.9638673481942469,0.13441103341198044,0.9909256652731947,-0.06735849882088121,-0.9977288372281305,-0.9994320480223081,0.033698388476821044,0.6950905018496436,-0.7189222449183295,1,0,0,0,99,42
1701519360,12,2,5,1216,018.2,0.0,085,0,0,0,0,0,1,0,-0.2022384466219937,-0.979336311339431,-0.9948206650797496,0.10164568033263627,0.6702068037805061,-0.7421744001016999,0.933320523748862,0.35904428689111606,0.5661076368981803,0.8243313311075577,0.2963685787093853,0.9550736440472949,0.14987720966295234,0.9887046181866692,-0.0751511204618093,-0.9971721561963784,-0.999292788975378,0.03760215288797655,0.6936850319532718,-0.7202784714566918,1,0,0,0,99,43
1701519420,12,2,5,1217,018.2,0.0,085,0,0,0,0,0,1,0,-0.9333529894059777,-0.3589598823920647,-0.8243057328419064,0.5661449097218553,0.46575481225541016,-0.8849138121087995,0.9708021971825155,0.23988141642403288,0.6164894904116238,0.787363136177975,0.32606507312346794,0.9453473266947908,0.16530679554272595,0.9862421930476284,-0.08293915526568758,-0.9965546129158271,-0.9991382819499579,0.04150534353654243,0.6922769158593466,-0.7216319503516119,1,0,0,0,99,43
1701519480,12,2,5,1218,018.2,0.0,085,0,0,0,0,0,1,0,-0.8063470981079486,0.5914426069982534,-0.451972008536893,0.8920321202171627,0.23234444235104618,-0.9726335692893708,0.9931348270223361,0.11697527668406932,0.6644639656580071,0.7473203050513445,0.3554431705270587,0.9346978937205712,0.1806960241392001,0.9835389910218535,-0.09072212789101262,-0.9958762450781355,-0.9989685293036351,0.04540790086463162,0.6908661589394028,-0.7229826764399793,1,0,0,0,99,43
1701519540,12,2,5,1219,018.2,0.0,085,0,0,0,0,0,1,0,0.06201059653036232,0.9980754910917052,0.031020226532818423,0.999518756975502,-0.015511979636687254,-0.9998796820056656,0.9999699200490146,-0.007756223125155063,0.7098437233381567,0.7043592041262913,0.38447418370659736,0.9231357441152117,0.19604113839292545,0.98059567205735,-0.09849956330525031,-0.99513709408738,-0.9987835336266262,0.049309765324020774,0.6894527665750494,-0.7243306445691846,1,0,0,0,99,44
1701519660,12,2,5,1221,018.2,0.0,085,0,0,0,0,0,1,0,0.8817419622489547,-0.47173203411403275,0.8578263326903741,0.5139396685827857,-0.49298089791452077,-0.870040133724527,0.9669643565624658,-0.2549116182870771,0.7921210823753768,0.6103639822732511,0.44138193083017624,0.8973193362101507,0.2265840503983558,0.9739916160342836,-0.1140359240891141,-0.9934766268096809,-0.9983678247043223,0.05711117749757566,0.6866180970897957,-0.7270182863922942,1,0,0,0,99,41
1701519720,12,2,5,1222,018.2,0.0,085,0,0,0,0,0,1,0,0.07945839607244107,-0.9968381831037548,0.9992092331198094,0.03976063943301937,-0.6929066894492291,-0.7210272669715825,0.9276387408284494,-0.3734787363615347,0.8286973924061589,0.5596969106750838,0.46920309532489035,0.883090287194657,0.24177439153614155,0.9703324912612833,-0.12179390119935532,-0.9925554118691015,-0.998137117802234,0.06101060617179,0.6851968307822979,-0.7283579498336618,1,0,0,0,99,40
1701519780,12,2,5,1223,018.2,0.0,085,0,0,0,0,0,1,0,-0.795878853011907,-0.6054559037026985,0.8959508646412198,-0.4441531809507287,-0.8497508990729956,-0.5271844169971601,0.8738376328006137,-0.4862178436682676,0.8620376568538834,0.5068442346183551,0.4965660909595242,0.8679989155000009,0.2569057069237653,0.9664364737270631,-0.12954444463761627,-0.991573616462001,-0.9978911805557761,0.06490910389921796,0.6837729506571542,-0.7296948348108331,1,0,0,0,99,39
1701519840,12,2,5,1224,018.2,0.0,085,0,0,0,0,0,1,0,-0.9394887550204882,0.3425797413596621,0.5733324771196631,-0.8193228122540169,-0.9537617134939987,-0.3005637933500832,0.8064005807754863,-0.5913696841443247,0.8920116826993705,0.45201234267200896,0.523444198233198,0.8520599575945371,0.2719743024675887,0.9623045145884273,-0.13728708135067327,-0.9905313005121108,-0.9976300167176484,0.06880661119358068,0.6823464621460344,-0.7310289362239981,1,0,0,0,99,39
1701519900,12,2,5,1225,018.2,0.0,085,0,0,0,0,0,1,0,-0.21933702833760824,0.9756491521033712,0.11034230353003502,-0.9938936442354813,-0.9984722440397332,-0.05525556878957371,0.7263799173950136,-0.6872933984880206,0.9185024220131432,0.39541535220068236,0.549811171130288,0.8352889776001723,0.2869764993861237,0.9579376226039388,-0.14502133876788834,-0.9894285276370242,-0.9973536302728897,0.07270306858371212,0.6809173706905589,-0.7323602489839656,1,0,0,0,99,40
1701519960,12,2,5,1226,018.2,0.0,085,0,0,0,0,0,1,0,0.7024721506743378,0.7117112318398315,-0.37966351428611655,-0.9251246488554479,-0.9811026064728011,0.19348817941227325,0.6350243383476443,-0.7724921292195388,0.9414064290250888,0.33727427324097903,0.5756412627492147,0.8177023520942627,0.3019086351081543,0.9533368638876456,-0.15274674483005257,-0.9882653651443133,-0.9970620254388173,0.07659841661446647,0.6794856817422769,-0.7336887680121819,1,0,0,0,99,40
1701520020,12,2,5,1227,018.2,0.0,085,0,0,0,0,0,1,0,0.9784316739726002,-0.2065707127527409,-0.7767144625770596,-0.6298528745855095,-0.9027327607286415,0.43020176976303254,0.5337594168897479,-0.845636378641267,0.9606342640779755,0.27781614546200606,0.6009092504438561,0.7993172541181649,0.3167670641669009,0.9485033616488043,-0.16046282801819817,-0.9870418840274217,-0.9967552066649619,0.08049259584762539,0.6780514007626467,-0.7350144882407508,1,0,0,0,99,39
1701520080,12,2,5,1228,018.1,0.0,085,0,0,0,0,0,1,0,0.3548256284893018,-0.9349324966900936,-0.9835986215652434,-0.1803711497300862,-0.7682353642374472,0.6401674977183369,0.42416535825174545,-0.9055847552047066,0.9761108428874015,0.21727315158032454,0.6255904604530329,0.7801516364080526,0.3315481590900087,0.9434382959176643,-0.16816911738237747,-0.9857581589613307,-0.9964331786330006,0.08438554686280492,0.6766145332230143,-0.7363374046124525,1,0,0,0,99,36
1701520140,12,2,5,1229,018.1,0.0,085,0,0,0,0,0,1,0,-0.5950054634648368,-0.8037216548326881,-0.9496635337930714,0.3132717232430274,-0.5859728136854869,0.8103307112664024,0.307952341064001,-0.9514017845438388,0.9877757297443177,0.15588171069141035,0.649660791994018,0.7602242138643738,0.3462483112851427,0.9381429032573806,-0.1758651425704074,-0.9844142682980018,-0.9960959462566851,0.08827721025836226,0.6751750846045926,-0.7376575120807631,1,0,0,0,99,37
1701520260,12,2,5,1231,018.1,0.0,085,0,0,0,0,0,1,0,-0.48321239127428384,0.8755031609988558,-0.24949633163750545,0.9683757434484963,-0.12574628533579774,0.9920624333802022,0.0629982802138193,-0.998013635523133,0.999503285518145,0.031514793961462985,0.6958754220543132,0.7181625143243913,0.37539145280334285,0.926866364241467,-0.19122452217031827,-0.9815463219434595,-0.9953758892859168,0.09605643668318248,0.6722884661054426,-0.7402892801747106,1,0,0,0,99,39
1701520320,12,2,5,1232,018.1,0.0,085,0,0,0,0,0,1,0,0.47562973785858026,0.8796455834394772,0.24531043247334874,0.9694445789831095,0.12360303600011291,0.9923317436681922,-0.06192033725605731,-0.9980810948185003,0.9995201585807313,-0.03097503173121646,0.7179745927716441,0.6960693098638897,0.3898273272463786,0.9208879708911095,-0.1988869391248336,-0.9800224412969096,-0.9949930756786476,0.09994388101102124,0.6708413072362862,-0.7416009307609522,1,0,0,0,99,40
1701520380,12,2,5,1233,018.1,0.0,085,0,0,0,0,0,1,0,0.9971800794831833,0.07504591315929346,0.6800566472142988,0.7331595710209659,0.36526731921911254,0.9309026724155877,-0.18587270857284605,-0.9825738324460884,0.9956339268139893,-0.09334390058785733,0.7393726734833582,0.6732964055347922,0.40416803093837583,0.9146847559500465,-0.2065372170456859,-0.9784387451317651,-0.9945950797012232,0.10382980031820073,0.669391589311443,-0.7429097523650503,1,0,0,0,99,35
1701520440,12,2,5,1234,018.1,0.0,085,0,0,0,0,0,1,0,0.6019276547624973,-0.7985506235875843,0.9483012769124547,0.3173715302389422,0.584221049672578,0.811594581746004,-0.3069245984390922,-0.9517338340486808,0.9878597658698022,-0.15534826351028058,0.7600487693267718,0.6498660386917136,0.4184100628022027,0.9082582338442392,-0.2141748889993418,-0.9767953301086771,-0.9941819074265729,0.10771413531037331,0.6679393178611462,-0.7442157399942483,1,0,0,0,99,34
1701520500,12,2,5,1235,018.1,0.0,085,0,0,0,0,0,1,0,-0.34673427981522564,-0.9379633997129189,0.9843686808591887,-0.17612012986464826,0.7668507448860724,0.6418254708779294,-0.4231870326002857,-0.9060423474865646,0.9762280336802884,-0.21674599478817985,0.7799826904451725,0.6258010886902563,0.4325499458500392,0.9016099735168907,-0.22179948882167133,-0.9750922965332284,-0.9937535651591969,0.11159682671736608,0.6664844984253699,-0.7455188886666005,1,0,0,0,99,31
1701520560,12,2,5,1236,018.1,0.0,085,0,0,0,0,0,1,0,-0.9766103165778877,-0.21501695178203503,0.7794283006736524,-0.6264914397731085,0.9018013749637745,0.43215076086181514,-0.5328457746563188,-0.8462123731256284,0.9607841519107266,-0.27729733759483854,0.7991549717028728,0.6011250545457083,0.4465842280322334,0.8947415980454101,-0.2294105511463999,-0.9733297483498103,-0.9933100594350714,0.11547781529408518,0.6650271365538082,-0.7468191934109906,1,0,0,0,99,29
1701520620,12,2,5,1237,018.1,0.0,085,0,0,0,0,0,1,0,-0.7085953321480677,0.7056150900157746,0.38365668897089844,-0.9234757955722972,0.9806823633502076,0.1956070096235086,-0.6341896366137227,-0.7731775377051213,0.9415884285889248,-0.3367658402324074,0.8175468916925828,0.5758620319866524,0.46050948308007056,0.8876547842451626,-0.23700761143351218,-0.9715077931352797,-0.9928513970215481,0.11935704182141989,0.6635672378058535,-0.7481166492671514,1,0,0,0,99,28
1701520680,12,2,5,1238,018.2,0.0,085,0,0,0,0,0,1,0,0.21089893280388508,0.977507872163791,-0.10604746068673451,-0.9943610692710649,0.9985892722413617,-0.0530986380660329,-0.7256371814019844,-0.6880775254046476,0.9187158226036622,-0.39491927947072447,0.8351404910165487,0.5500366899258974,0.4743223113422468,0.8803512622600985,-0.24459020599760484,-0.969626542092392,-0.9923775849172511,0.12323444710714614,0.6621048077505758,-0.749411251285683,1,0,0,0,99,27
1701520740,12,2,5,1239,018.2,0.0,085,0,0,0,0,0,1,0,0.9364936915462055,0.3506844246529354,-0.5697874934337646,-0.8217920736576058,0.9544087367730887,-0.2985028696197025,-0.8057614006701062,-0.5922402934537203,0.8922556509918332,-0.4515305673740592,0.851918589823599,0.5236742463717023,0.48801934061484575,0.872832815140363,-0.25215787203618784,-0.9676861100430146,-0.9918886303519702,0.1271099719868298,0.6606398519667014,-0.7507029945280722,1,0,0,0,99,28
1701520860,12,2,5,1241,018.2,0.0,085,0,0,0,0,0,1,0,-0.07084244221854993,-0.9974875179071222,-0.9993716820850794,0.03544349088956821,0.6944625652655555,-0.7195288357284815,-0.9272348234747446,-0.3744804162246128,0.8289995223836419,-0.5592493110301465,0.8829635640925809,0.46944152403140343,0.5150526555453319,0.8571585396037898,-0.26724657191085743,-0.9636281802655497,-0.9908653239127783,0.13485514401469864,0.65770238557622,-0.7532778849849167,1,0,0,0,99,26
1701520920,12,2,5,1242,018.2,0.0,085,0,0,0,0,0,1,0,-0.8776331389109034,-0.4793329463800657,-0.8600386463351707,0.5102288964866329,0.4948591231418125,-0.8689732149170747,-0.966688474876233,-0.25595584099891655,0.7924505792158009,-0.6099361273941245,0.8972001246639806,0.4416242025783208,0.528382341407091,0.8490065378365236,-0.27476668481047367,-0.9615109302125805,-0.9903309876532644,0.13872467298108784,0.6562298861751544,-0.7545610223769472,1,0,0,0,99,27
1701520980,12,2,5,1243,018.2,0.0,085,0,0,0,0,0,1,0,-0.877531975101159,0.47951812549168443,-0.5101381550660152,0.8600924733689059,0.264487737552324,-0.9643890484054933,-0.9910572759446079,-0.13343716048107937,0.7528071334947217,-0.6582411562333825,0.9105605845393766,0.4133756425859036,0.541583030298262,0.8406472632995077,-0.2822700273678489,-0.9593349944882412,-0.989781540161323,0.14259208517964586,0.6547548834565322,-0.7558412813480241,1,0,0,0,99,26
1701521040,12,2,5,1244,018.2,0.0,085,0,0,0,0,0,1,0,-0.07063196032945498,0.9975024441975159,-0.03533805174655298,0.9993754159967905,0.01767178546737087,-0.9998438418065069,-0.9999609596895538,-0.008836237703148543,0.7102239920275675,-0.7039757674440404,0.9230318974564314,0.3847234282935987,0.5546514994599768,0.8320827567897314,-0.28975614161762697,-0.9571005059004335,-0.9892169898208465,0.14645732159842081,0.6532773830470404,-0.7571186570143483,1,0,0,0,99,23
1701521100,12,2,5,1245,018.2,0.0,085,0,0,0,0,0,1,0,0.801206753033176,0.5983876159263619,0.44811403909810615,0.8939764023525347,-0.2302429126460414,-0.9731331877889415,-0.993260587104145,0.1159025716087837,0.66486744107048,-0.7469613683480504,0.9346018853897231,0.35569553810242655,0.5675845584129177,0.8233151092086269,-0.29722457064597896,-0.9548076008308236,-0.9886373452461786,0.15032032325866046,0.6517973905828941,-0.75839314450312,1,0,0,0,99,22
1701521160,12,2,5,1246,018.2,0.0,085,0,0,0,0,0,1,0,0.9364196726113553,-0.3508820268216116,0.8218521846480703,0.5697007868953616,-0.46384222161454775,-0.885917825448659,-0.9710607152615791,0.23883276005537946,0.6169145969843073,-0.7870301010937827,0.9452592504423807,0.32632031725454774,0.5803790497362272,0.8143464610516054,-0.3046748586184907,-0.9524564192265191,-0.9880426152819825,0.1541810312157123,0.6503149117098145,-0.7596647389525567,1,0,0,0,99,22
1701521220,12,2,5,1247,018.2,0.0,085,0,0,0,0,0,1,0,0.21069266371123146,-0.9775523522851683,0.9943722522992001,0.1059425497966507,-0.6686020678263527,-0.7436203835952356,-0.93370776573702,0.35803604316099547,0.5665527145990056,-0.8240254981373439,0.9549935858782884,0.2966264501546146,0.5930318498383478,0.805179001885486,-0.31210655080798455,-0.9500471045915265,-0.9874328090031054,0.1580393865599229,0.6488299520830081,-0.7609334355119122,1,0,0,0,99,24
1701521280,12,2,5,1248,018.2,0.0,085,0,0,0,0,0,1,0,-0.7087442085459975,-0.7054655532713894,0.923435312642794,-0.3837541183678754,-0.8317914757822045,-0.5550882279566577,-0.8817846188147811,0.47165229356133864,0.5139784559875352,-0.8578030932449878,0.9637953862840878,0.26664293235993725,0.605539869719601,0.7958149698139441,-0.31951919362227366,-0.9475798039779932,-0.9868079357144411,0.16189533041753676,0.6473425173671444,-0.7621992293414946,1,0,0,0,99,25
1701521340,12,2,5,1249,018.2,0.0,085,0,0,0,0,0,1,0,-0.9765649240074158,0.21522302199901908,0.6264092025190007,-0.7794943944631735,-0.9432641184904612,-0.33204337482987556,-0.8161015178364379,0.5779085676688503,0.4593971225046744,-0.8882309856306665,0.9716560568510512,0.2363990422668137,0.6179000557263231,0.786256650931111,-0.3269123346318467,-0.9450546679772316,-0.9861680049507872,0.16574880395159478,0.6458526132363348,-0.7634621156126854,1,0,0,0,99,26
1701521460,12,2,5,1251,018.3,0.0,085,0,0,0,0,0,1,0,0.6020961439059417,0.7984235927711527,-0.31747157922312297,-0.9482677872761346,-0.9869822154618934,0.1608294325113806,-0.647754030280252,0.7618495364937162,0.3450727919630029,-0.938575925669766,0.9845242317154429,0.1752485011779473,0.642164892695814,0.7665665337000915,-0.34163830749778956,-0.9398315098197366,-0.9848430102863442,0.1734481048905743,0.6428654194734018,-0.7659791462208924,1,0,0,0,99,19
1701521520,12,2,5,1252,018.3,0.0,085,0,0,0,0,0,1,0,0.9971642218096964,-0.07525632692779136,-0.7332313164778873,-0.6799792912553325,-0.9165094902005468,0.4000129427560235,-0.5477166499404489,0.8366638939132081,0.2857762289683941,-0.958296377409726,0.9895191704584925,0.14440156264783635,0.6540636197466435,0.7564395424116314,-0.348970240556676,-0.9371338064576561,-0.9841579666033436,0.17729381481363626,0.6413681412365148,-0.7672332809562018,1,0,0,0,99,19
1701521580,12,2,5,1253,018.3,0.0,085,0,0,0,0,0,1,0,0.4754441128400345,-0.8797459267116572,-0.969470455122707,-0.2452081496283747,-0.7890526438801072,0.6143255856512999,-0.4391323344669008,0.8984223910976674,0.22536371591533166,-0.9742747023036336,0.9935478605239995,0.11341361844233368,0.665802666545301,0.7461278772577572,-0.35628087427073796,-0.9343789052781952,-0.9834579058806217,0.18113681945121585,0.6398684163751107,-0.7684844889297427,1,0,0,0,99,21
1701521640,12,2,5,1254,018.3,0.0,085,0,0,0,0,0,1,0,-0.48339712085189107,-0.8754011786330324,-0.9683494148893343,0.2495984989607987,-0.6125363258775766,0.7904424390683988,-0.323695505785608,0.946161307354195,0.1640711623744481,-0.9864485053347172,0.9966063679644831,0.08231492776308211,0.6773791671718721,0.7356340556836266,-0.3635697624365738,-0.9315669744263229,-0.9827428388002435,0.18497706016379048,0.6383662506101844,-0.769732765368537,1,0,0,0,99,20
1701521700,12,2,5,1255,018.3,0.0,085,0,0,0,0,0,1,0,-0.9978052709326276,-0.06621662403857209,-0.730142665524544,0.6832947299523933,-0.3979354659034595,0.9174134100699621,-0.20320751699929535,0.9791356928613015,0.10213791445564772,-0.9947702480626623,0.9986917061993311,0.05113585795377667,0.6887902953897591,0.7249606396052742,-0.3708364601780182,-0.9286981855278049,-0.9820127762732532,0.1888144783540117,0.6368616496720415,-0.7709781055107894,1,0,0,0,99,20
1701521760,12,2,5,1256,018.3,0.0,085,0,0,0,0,0,1,0,-0.5948358565326741,0.803847189323344,-0.31317152702365525,0.9496965803148245,-0.15859290602857282,0.987344058653017,-0.0795485428747221,0.9968309933617175,0.039805820166669656,-0.9992074342602034,0.9998018389311463,0.01990685484696882,0.7000332653356665,0.7141102347841574,-0.378080523973295,-0.9257727136787294,-0.9812677294395066,0.19264901546759924,0.6353546193002774,-0.7722205046059057,1,0,0,0,99,22
1701521820,12,2,5,1257,018.3,0.0,085,0,0,0,0,0,1,0,0.3550229011373201,0.9348576039526237,0.18047492353146505,0.9835795859900265,0.0906101926109131,0.995886435792261,0.04535175965571227,0.9989710796094803,-0.022681714998206804,-0.9997427368101957,0.999935682134155,-0.011341586965772336,0.7111053321997285,0.7030854901909965,-0.3853015116820874,-0.9227907374348197,-0.9805077096675017,0.19648061299423458,0.6338451652437547,-0.773459957914511,1,0,0,0,99,19
1701521880,12,2,5,1258,018.3,0.0,085,0,0,0,0,0,1,0,0.9784752407736554,0.20636424882458945,0.6299348185230796,0.7766480054775746,0.3341795883371884,0.9425094178515073,0.16954436314500793,0.9855225562744638,-0.08508067855140847,-0.9963740653676368,0.999093105112741,-0.042578953911311244,0.722003792895616,0.6918890973590669,-0.3924989825725241,-0.9197524388005358,-0.9797327285542052,0.20030921246845357,0.6323332932605821,-0.7746964607084679,1,0,0,0,99,18
1701521940,12,2,5,1259,018.3,0.0,085,0,0,0,0,0,1,0,0.7023219565124583,-0.7118594449752793,0.9251647001953974,0.3795659066780898,0.55697131583319,0.830531729278927,0.2910912835530059,0.956695283065336,-0.1471474038756103,-0.98911457452242,0.9972749306290668,-0.07377474323093221,0.7327259867204562,0.6805237897270998,-0.39967249734807886,-0.9166580032179668,-0.9789427979248754,0.20413475547053872,0.6308190091180914,-0.7759300082708939,1,0,0,0,99,14
1701522060,12,2,5,1261,018.3,0.0,085,0,0,0,0,0,1,0,-0.9395610220178386,-0.3423814917672896,0.8192623181152938,-0.5734189167758204,0.8869664358857725,0.46183388963142347,0.5187321613166936,0.854936807498491,-0.2693169067302581,-0.9630516101171553,0.9907198418617534,-0.13591981070256942,0.7536311467497112,0.6572975693312089,-0.4139459087059511,-0.9103014800963494,-0.977318136559521,0.21177643861351833,0.6277832274704708,-0.7783882188900081,1,0,0,0,99,16
1701522120,12,2,5,1262,018.3,0.0,085,0,0,0,0,0,1,0,-0.7957510777574821,0.6056238289960243,0.4440586509707787,-0.8959977201410795,0.9736523301828737,0.22803758446681607,0.6212738589113436,0.7835935121179909,-0.3289426149665083,-0.9443499118753576,0.9859893285110538,-0.16680840525081836,0.763809009259127,0.645442326915884,-0.421044934112807,-0.9070397805267099,-0.9764834306138301,0.21559246215172986,0.6262617415459251,-0.7796128725693702,1,0,0,0,99,14
1701522180,12,2,5,1263,018.3,0.0,085,0,0,0,0,0,1,0,0.07966873759898874,0.9968213943577774,-0.039866061018256155,-0.9992050326028631,0.9998012383976285,-0.019936993217846526,0.714120785728103,0.7000225020605243,-0.38728380933075146,-0.9219605474369618,0.980296013313571,-0.19753411422212402,0.7738003987534913,0.633429509013385,-0.42811826110703044,-0.9037227199239225,-0.9756338247323948,0.219405196014221,0.6247378666231859,-0.7808345522625844,1,0,0,0,99,14
1701522240,12,2,5,1264,018.3,0.0,085,0,0,0,0,0,1,0,0.8818414830181569,0.4715459668243784,-0.514030170892537,-0.8577721045896685,0.9637873480674221,-0.2666719852274808,0.7958240965274552,0.6055278749869898,-0.4441126687075084,-0.8959709467909631,0.9736454556949781,-0.22806693448309956,0.7836028759783554,0.6212620483809149,-0.43516545796919887,-0.9003505007442698,-0.9747693318791554,0.22321458202336397,0.6232116085153726,-0.782053253309314,1,0,0,0,99,9
1701522300,12,2,5,1265,018.3,0.0,085,0,0,0,0,0,1,0,0.8732532357707915,-0.48726664796171143,-0.8623417675033813,-0.506326649524933,0.8678498284625437,-0.49682660480044094,0.8651088384707559,0.5015841879483239,-0.49920727761706163,-0.8664825987717018,0.9660441498119281,-0.25837705125291044,0.7932140477994922,0.6089429155294811,-0.44218609457473834,-0.8969233288106295,-0.9738899652452092,0.2270205620526151,0.6216829730446962,-0.783268971060585,1,0,0,0,99,10
1701522360,12,2,5,1266,018.3,0.0,085,0,0,0,0,0,1,0,0.06179999076938898,-0.9980885537570819,-0.9995220242088421,-0.030914771897250545,0.7179536098861996,-0.6960909524274645,0.9208938463328616,0.38981344741589885,-0.552352492790655,-0.8336106547471364,0.9574995182106194,-0.28843486721690187,0.8026315677871454,0.5964751179986882,-0.4491797424201762,-0.893441413299912,-0.9729957382486092,0.2308230780274018,0.6201519660424364,-0.7844817008788038,1,0,0,0,99,8
1701522420,12,2,5,1267,018.3,0.0,085,0,0,0,0,0,1,0,-0.8064718807401303,-0.5912724461493848,-0.8919844298387122,0.4520661200812417,0.5234185131989307,-0.8520757360942869,0.9623086137238632,0.2719597984130312,-0.6033407833003538,-0.7974834789552168,0.9480199045788059,-0.3182110314278744,0.8118531367888758,0.58386169962249,-0.4561459746492947,-0.8899049667302936,-0.9720866645341592,0.23462207192600865,0.6186185933489193,-0.7856914381377745,1,0,0,0,99,7
1701522480,12,2,5,1268,018.3,0.0,085,0,0,0,0,0,1,0,-0.9332772243328045,0.3591568216554658,-0.5660579379995188,0.8243654595067245,0.2963397884973224,-0.955082577452527,0.9887068770501516,0.1498623077152374,-0.651973040962877,-0.7582421472442815,0.9376145655983277,-0.34767646796678553,0.8208765034908678,0.5711057397860814,-0.46308436607918363,-0.8863142049482455,-0.9711627579732054,0.23841748578046287,0.6170828608134961,-0.7868981782227173,1,0,0,0,99,7
1701522540,12,2,5,1269,018.3,0.0,086,0,0,0,0,0,1,0,-0.2020317919023325,0.9793789639668256,-0.10154072097728682,0.9948313836944493,0.05083609104539121,-0.9987070100120579,0.9996767002416476,0.025426265828293697,-0.6980593578527926,-0.7160398961748897,0.9262936619061176,-0.3768024043348916,0.8296994649675543,0.5582103526741099,-0.469994493226192,-0.8826693471153595,-0.9702240326634255,0.24220926167741863,0.6155447742945193,-0.7881019165302856,1,0,0,0,99,8
1701522600,12,2,5,1270,018.3,0.0,086,0,0,0,0,0,1,0,0.7149607382857998,0.6991646034445853,0.38783720589663306,0.9217278891963141,-0.19782834832713678,-0.9802366778478334,0.9950469028764004,-0.09940654443286578,-0.7414197678889017,-0.6710415246343308,0.9140682481725122,-0.40556039954960427,0.8383198672194296,0.5451786865103935,-0.4768759343317749,-0.8789706156949713,-0.9692705029286126,0.24599734175904098,0.6140043396593216,-0.7893026484685837,1,0,0,0,99,9
1701522660,12,2,5,1271,018.3,0.0,086,0,0,0,0,0,1,0,0.9746216629043428,-0.22385846912183968,0.7822590584716292,0.6229532610389644,-0.43419277916671734,-0.9008199767542249,0.974889731393819,-0.22268814881552984,-0.7818849495979348,-0.6234227503004964,0.9009502623065538,-0.4339223719166273,0.846735605698918,0.5320139227893255,-0.48372826938823543,-0.8752182364385827,-0.9683021833184573,0.24978166822388845,0.6124615627841928,-0.7905003694571839,1,0,0,0,99,7
1701522720,12,2,5,1272,018.3,0.0,086,0,0,0,0,0,1,0,0.33821992534671463,-0.9410670975538687,0.9851566112943334,0.17165794832475895,-0.6435612059762619,-0.7653946525566921,0.9395197317131483,-0.34249477911590703,-0.8192968873112808,-0.5733695234681091,0.8869525137988248,-0.46186062645125475,0.8549446258241684,0.5187192754991592,-0.49055108016436005,-0.8714124383720832,-0.9673190886083255,0.25356218332779523,0.610916449554358,-0.791695074927145,1,0,0,0,99,9
1701522780,12,2,5,1273,018.3,0.0,086,0,0,0,0,0,1,0,-0.6091396517935828,-0.793062976448146,0.9468534671342093,-0.3216652169195901,-0.8129161140362485,-0.5823807959919394,0.8894888408496027,-0.45695689293852465,-0.8535094882127922,-0.5210773009168003,0.8720886712131973,-0.4893478819220533,0.862944923480651,0.5052979903373586,-0.497343950230945,-0.867553453781771,-0.966321233799033,0.2573388293847521,0.6093690058639543,-0.7928867603210284,1,0,0,0,99,6
1701522840,12,2,5,1274,018.3,0.0,086,0,0,0,0,0,1,0,-0.9964590422662916,0.08407958780670174,0.6767275715505089,-0.7362335185953917,-0.9317278354206747,-0.36315732224795383,0.8255777741218431,-0.5642883472800259,-0.8843891528281048,-0.46675028265656904,0.8563732488397127,-0.5163572974905221,0.8707345455104334,0.49175334391820763,-0.5041064649862133,-0.8636415182001753,-0.9653086341166165,0.26111154876778686,0.6078192376160092,-0.794075421092917,1,0,0,0,99,7
1701522900,12,2,5,1275,018.3,0.0,086,0,0,0,0,0,1,0,-0.46763858468568814,0.8839197667849534,0.24091516475208297,-0.9705461778774241,-0.9926092327490774,-0.12135448513049653,0.7487838423505466,-0.6628142706933458,-0.911815296727727,-0.4106006145311124,0.8398215925216237,-0.5428624989207155,0.8783115901890158,0.478088642972872,-0.5108382116811192,-0.8596768703916815,-0.9642813050121011,0.26488028390984336,0.6062671507224173,-0.7952610527084308,1,0,0,0,99,7
1701522960,12,2,5,1276,018.3,0.0,086,0,0,0,0,0,1,0,0.49112663102911036,0.8710881885859756,-0.2538816765877605,-0.967235283833767,-0.9917749956098326,0.12799358610147818,0.6603053891566091,-0.7509971990964674,-0.9356808214066555,-0.3528475597928464,0.8224498646704389,-0.5688376043332375,0.8856742076896101,0.46430722354210824,-0.5175387794445416,-0.8556597523379571,-0.9632392621612652,0.2686449773046603,0.6047127511039186,-0.796443650644746,1,0,0,0,99,7
1701523020,12,2,5,1277,018.3,0.0,086,0,0,0,0,0,1,0,0.9983522871222469,0.05738214703005362,-0.6865194290659029,-0.7271114587977738,-0.9292769928276966,0.36938363607652286,0.561523091209737,-0.8274610673852042,-0.9558925325017463,-0.29371664288459703,0.8042750284836018,-0.5942572494784574,0.8928206005347483,0.4504124501618171,-0.5242077593083599,-0.8515904092231831,-0.9621825214644005,0.27240557150764816,0.6031560446900751,-0.7976232103906105,1,0,0,0,99,7
1701523080,12,2,5,1278,018.3,0.0,086,0,0,0,0,0,1,0,0.5876974545726518,-0.8090807758739703,-0.9510732821065815,-0.30896538974942617,-0.8090010475115055,0.5878072006408963,0.4539784132307965,-0.8910126824689131,-0.9723715037137074,-0.23343876877147773,0.7853148313802172,-0.6190966125042691,0.8997490240351109,0.4364077150416402,-0.5308447442324167,-0.8474690894190892,-0.96111109904607,0.27616200913676636,0.6015970374192486,-0.7987997274463626,1,0,0,0,99,6
1701523140,12,2,5,1279,018.3,0.0,086,0,0,0,0,0,1,0,-0.36328370740536675,-0.9316785647066331,-0.9827712258472551,0.184826182254256,-0.6384253353939456,0.7696837604673286,0.3393495539504004,-0.9406603426496007,-0.9850533850126095,-0.17224932126194178,0.7655877876709966,-0.6433314381942088,0.9064577867154677,0.4222964372368012,-0.5374493291293603,-0.8432960444697939,-0.9600250112548615,0.2799142328733983,0.600035735238578,-0.7999731973239473,1,0,0,0,99,5
1701523260,12,2,5,1281,018.3,0.0,086,0,0,0,0,0,1,0,-0.6959935559105248,0.7180480277328413,-0.3754676898663577,0.9268354837113331,-0.1912648899937819,0.9815384566361455,0.09607690503928216,-0.995373913822375,-0.9988428089099843,-0.048094106591270766,0.7239109429312665,-0.6898934314112323,0.9192098322502954,0.3937680590073094,-0.550559688404759,-0.8347958010817105,-0.957808906066787,0.287405809717105,0.5969062699800091,-0.802310977650532,1,0,0,0,99,6
1701523320,12,2,5,1282,018.2,0.0,086,0,0,0,0,0,1,0,0.2281696579078992,0.9736213880201031,0.11484470379581474,0.9933834576889489,0.057517572580260974,0.9983444940722989,-0.028770696269825667,-0.999586037835738,-0.9998965041032342,0.014386837113521522,0.702001838632378,-0.7121751319421092,0.9252500018757388,0.3793579233770469,-0.5570646625944573,-0.8304691214539668,-0.9566789224849597,0.29114504851193435,0.5953381188400696,-0.8034752791816107,1,0,0,0,99,4
1701523380,12,2,5,1283,018.2,0.0,086,0,0,0,0,0,1,0,0.9425547405040898,0.3340517342467597,0.5770391086197019,0.8167165157650357,0.3027238710730988,0.9530783062700137,-0.15316934048625133,-0.9881999560488792,-0.9970456248459444,0.07681160052726667,0.6794072414512276,-0.7337614055424511,0.9310642849831721,0.36485517295054826,-0.5635356364283681,-0.8260917542714454,-0.9555343411598155,0.2948798447915308,0.593767696666158,-0.8046365156987131,1,0,0,0,99,3
1701523440,12,2,5,1284,018.2,0.0,086,0,0,0,0,0,1,0,0.7903593414947124,-0.6126435434345525,0.8979542147110153,0.44008888679756925,0.5291082654818533,0.8485543255436181,-0.27517782837320115,-0.9613933444599089,-0.9903013037606052,0.13893641628473632,0.6561492146285263,-0.7546311735824118,0.9366512620987631,0.3502633483663315,-0.5699722149516012,-0.8216639667060773,-0.9543751795562575,0.2986101415674982,0.5921950094489575,-0.8057946827720751,1,0,0,0,99,3
1701523500,12,2,5,1285,018.2,0.0,086,0,0,0,0,0,1,0,-0.08848879115605462,-0.9960771726325929,0.9990188117929995,-0.04428785029444963,0.7225952706371838,0.6912713467610061,-0.3928922582839944,-0.9195845112769696,-0.9796898772767252,0.20051868830988095,0.6322504692327713,-0.7747640570876662,0.9420095692421776,0.3355860120090927,-0.5763740053085789,-0.8171860290071938,-0.9532014553616653,0.30233588192009736,0.5906200631877919,-0.8069497759836411,1,0,0,0,99,3
1701523560,12,2,5,1286,018.2,0.0,086,0,0,0,0,0,1,0,-0.8859807373049136,-0.46372204295746144,0.8554887617489377,-0.51782137704161,0.8711548016976116,0.49100846375515256,-0.5044757359104833,-0.8634258693585549,-0.9652527827876372,0.2613179391483152,0.6077343419832735,-0.7941403966391318,0.9471378982595755,0.3208267471400009,-0.5827406167670137,-0.8126582144850321,-0.9520131864856264,0.3060570089991143,0.5890428638906025,-0.8081017909270819,1,0,0,0,99,4
1701523620,12,2,5,1287,018.2,0.0,086,0,0,0,0,0,1,0,-0.8689060794851441,0.49497699444899096,0.5025052266151114,-0.864574171037104,0.965550146558195,0.2602170526338503,-0.6081870384043668,-0.7937937555290575,-0.9470463968383644,0.321096749026631,0.5826247724622465,-0.8127412715700584,0.9520349971429776,0.30598915702189644,-0.5890716607417571,-0.8080807994940532,-0.9508103910596616,0.30977346602472816,0.5874634175739252,-0.8092507232078103,1,0,0,0,99,5
1701523680,12,2,5,1288,018.2,0.0,086,0,0,0,0,0,1,0,-0.052963179352423326,0.9985964658624038,0.026490886523445938,-0.9996490548843638,0.9999122598719259,0.01324660552058789,-0.702407785577371,-0.7117747556357236,-0.9251418149764185,0.37962168297153187,0.5569462797382114,-0.8305485184417379,0.9566996703359257,0.2910768640396056,-0.5953667508185162,-0.8034540634160753,-0.9495930874369493,0.3134851962883771,0.5858817302628675,-0.8103965684429991,1,0,0,0,99,3
1701523740,12,2,5,1289,018.2,0.0,087,0,0,0,0,0,1,0,0.8116738236246998,0.5841109518254728,-0.4560093464911258,-0.8899749861163158,0.9721046718631476,-0.2345474513650535,-0.7856676941828057,-0.6186487487399237,-0.899624574125208,0.4366642023684082,0.5307239384235423,-0.847544748779794,0.9611307790253608,0.2760935088155877,-0.6016255027774389,-0.7987782886432216,-0.9483612941920452,0.31719214315362415,0.5842978079910859,-0.811539322261597,1,0,0,0,99,2
1701523800,12,2,5,1290,018.2,0.0,087,0,0,0,0,0,1,0,0.9300616563868934,-0.3674034775541302,-0.8268625876027196,-0.5624040017842467,0.8838563236703821,-0.46775848373693524,-0.8566675211938805,-0.5158689350324677,-0.8705943185641828,0.49200155739973644,0.5039833541895326,-0.8637133660537321,0.9653272414196473,0.2610427493211293,-0.6078475346165643,-0.7940537605606843,-0.9471150301205985,0.3208942500570208,0.5827116568007624,-0.8126789803043453,1,0,0,0,99,2
1701523860,12,2,5,1291,018.2,0.0,087,0,0,0,0,0,1,0,0.1933550914660601,-0.9811288440384125,-0.995271029428269,-0.09713690329011809,0.7406540701603272,-0.6718865591414528,-0.9142993380565942,-0.40503915913066185,-0.8381644108200555,0.5454176568783495,0.47675063876289164,-0.8790385818831701,0.9692880330126773,0.24592825998330273,-0.6140324665751385,-0.7892807675293066,-0.9458543142390657,0.3245914605089707,0.5811232827425817,-0.8138155382237952,1,0,0,0,99,2
1701523920,12,2,5,1292,018.2,0.0,087,0,0,0,0,0,1,0,-0.7211212528459787,-0.6928088760212632,-0.920002411959138,0.39191269689736824,0.551401533867395,-0.8342399825282195,-0.9576638195442646,-0.2878888826194756,-0.8024614889885606,0.5967039120788988,0.4490523844280872,-0.8935054314549238,0.9730121868339892,0.2307537307879076,-0.6201799211567932,-0.784459600867982,-0.9445791657844201,0.32828371809459106,0.5795326918757081,-0.8149489916843234,1,0,0,0,99,1
1701523980,12,2,5,1293,018.2,0.0,087,0,0,0,0,0,1,0,-0.9726020429124683,0.23247637755800724,-0.619485117836576,0.7850084004512332,0.32786552086851617,-0.9447244043770736,-0.9860842774269027,-0.16624619638194185,-0.7636249722154004,0.6456600512723619,0.42091563806043014,-0.9070997881358924,0.9764987936848393,0.2155228663786137,-0.6262895231525857,-0.7795905548358746,-0.9432896042138582,0.3319709664745739,0.5779398902677623,-0.8160793363621499,1,0,0,0,99,2
1701524040,12,2,5,1294,018.2,0.0,087,0,0,0,0,0,1,0,-0.3298770001093613,0.9440239217301903,-0.1672962615688254,0.9859066694495454,0.08394441777287699,-0.9964704384600542,-0.9991172199647183,-0.04200929385234764,-0.7218065162674647,0.6920949017828597,0.39236787471526025,-0.9198083772674773,0.9797470023601699,0.20023938515252526,-0.6323608996639003,-0.774673926614458,-0.941985649204503,0.33565314938604557,0.5763448839947981,-0.817206567945353,1,0,0,0,99,1
1701524100,12,2,5,1295,018.2,0.0,087,0,0,0,0,0,1,0,0.6161354352885633,0.7876402258530049,0.3258525541920725,0.9454206010694407,-0.1651959426416995,-0.9862607670057246,-0.9965592724483889,0.08288314965744041,-0.6771694213203072,0.7358271365128635,0.36343697079902076,-0.9316187891280595,0.9827560198564188,0.18490701835238776,-0.6383936801252078,-0.7697100162893775,-0.9406673206531035,0.33933021064342506,0.5747476791412798,-0.8183306821338868,1,0,0,0,99,1
1701524160,12,2,5,1296,018.2,0.0,087,0,0,0,0,0,1,0,0.9956757929363228,-0.0928962612844285,0.7392213001816264,0.6734625968513661,-0.4040652194563607,-0.9147301779353751,-0.9784503507933796,0.20648222933781113,-0.6298879942744539,0.7766859820216312,0.33415117684842055,-0.9425194910508831,0.9855251115651197,0.16952950915565845,-0.6443874963266829,-0.7646991268321347,-0.9393346386757316,0.3430020941392817,0.5731482818000584,-0.8194516746395976,1,0,0,0,99,4
1701524220,12,2,5,1297,018.2,0.0,087,0,0,0,0,0,1,0,0.45979641835260393,-0.8880243542100167,0.9716028906425754,0.2366174610948897,-0.6178116779833116,-0.786326096824622,-0.9450730386654309,0.3268592228891346,-0.5801468680906867,0.8145118853918384,0.30453908994426443,-0.9524998386855082,0.9880536014522462,0.15411061176066326,-0.650341982436678,-0.7596415640815948,-0.9379876236074746,0.346668743845191,0.5715466980723487,-0.8205695411862395,1,0,0,0,99,1
1701524280,12,2,5,1298,018.2,0.0,087,0,0,0,0,0,1,0,-0.4988176628046754,-0.8667069512090468,0.9661022076387795,-0.25815988146006835,-0.7931455986954944,-0.6090320675218718,-0.8969481778569685,0.4421356875881703,-0.5281402808022835,0.8491571372803064,0.2746296257868892,-0.961550086391839,0.9903408722232561,0.13865409047006316,-0.6562567750240514,-0.7545376367253204,-0.936626296002125,0.3503301038125896,0.5699429340677058,-0.8216842775094914,1,0,0,0,99,3
1701524340,12,2,5,1299,018.2,0.0,087,0,0,0,0,0,1,0,-0.9988210851948485,-0.04854317429036989,0.7240660102125944,-0.6897306813929731,-0.9191655676190696,-0.39387137405949346,-0.834826740725132,0.5505127727585013,-0.4740713170196541,0.880486448719826,0.2444519904604727,-0.9696613967565755,0.9923863654737946,0.1231637187718536,-0.6621315130803496,-0.7493876562807309,-0.9352506766318672,0.3539861181736292,0.5683369959040019,-0.8227958793569731,1,0,0,0,99,3
1701524400,12,2,5,1300,018.2,0.0,087,0,0,0,0,0,1,0,-0.5805130081563131,0.8142509732025552,0.3047532008014393,-0.9524313553224073,-0.9880362734541701,-0.15422166624309427,-0.7596781115193113,0.6502992902336991,-0.4181511148892831,0.9083774794196792,0.2140356519137885,-0.9768258492227975,0.9941895818260211,0.10764327841812157,-0.6679658380418412,-0.7441919370760884,-0.9338607864869604,0.35763673114202876,0.5667288897074029,-0.8239043424882614,1,0,0,0,99,3
1701524460,12,2,5,1301,018.2,0.0,087,0,0,0,0,0,1,0,0.37151605140823607,0.9284265310438047,-0.18917382080535783,-0.981943616264143,-0.995475669281812,0.0950167978197989,-0.6726749594641535,0.7399381047830281,-0.3605980416037862,0.9327213155018567,0.1834103111852539,-0.9830364478242546,0.9957500810505251,0.09209655850178511,-0.6737593938114017,-0.7389507962313138,-0.9324566467754181,0.36128188701392594,0.5651186216123453,-0.8250096626749065,1,0,0,0,99,6
1701524520,12,2,5,1302,018.2,0.0,087,0,0,0,0,0,1,0,0.9819749666421057,0.1890110179016962,-0.6367844934113518,-0.7710418334635599,-0.9410212095015605,0.33834757760063844,-0.5751749396485218,0.8180304326859235,-0.3016368406826962,0.9534228948074206,0.15260587340036988,-0.9882871280168078,0.9970674821738015,0.0765273545315405,-0.679511826780248,-0.73366455363863,-0.9310382789226848,0.3649215301687268,0.5635061977615123,-0.8261118357004477,1,0,0,0,99,4
1701524580,12,2,5,1303,018.2,0.0,087,0,0,0,0,0,1,0,0.6896106261548025,-0.7241803534302633,-0.9284881133946367,-0.37136211880705916,-0.8280586086766621,0.5606415437661308,-0.46869950727191356,0.8833576692841159,-0.24149775435382845,0.9704013781122005,0.12165241856987369,-0.9925727626003548,0.9981414635712602,0.06093946750524334,-0.6852227858495209,-0.7283335319430388,-0.9296057045713088,0.3685556050699549,0.561891624305811,-0.8272108573604299,1,0,0,0,99,5
1701524640,12,2,5,1304,018.2,0.0,087,0,0,0,0,0,1,0,-0.23677854371688278,-0.9715636475472476,-0.9928654610638965,0.11923999424008805,-0.6636113342009432,0.7480775341634341,-0.35491017584493534,0.9349004048997503,-0.1804156244623088,0.9835904648022342,0.09058017221711874,-0.995889166725453,0.9989717630457462,0.04533670298194944,-0.690891922451714,-0.7229580565226276,-0.9281589455806122,0.3721840562660983,0.5602749074043482,-0.8283067234624195,1,0,0,0,99,4
1701524700,12,2,5,1305,018.2,0.0,087,0,0,0,0,0,1,0,-0.9454746124554664,-0.3256958047046135,-0.8141547164712041,0.5806479980570787,-0.4579039211138737,0.8890016867411104,-0.235582589826678,0.971854332382459,-0.118628975418194,0.9929386517762462,0.059419475863364,-0.9982331019797546,0.9995581778915509,0.029722870152842088,-0.6965188905719492,-0.7175384554687094,-0.926698024026357,0.37580682839145607,0.5586560532244075,-0.8293994298260206,1,0,0,0,99,6
1701524760,12,2,5,1306,018.2,0.0,087,0,0,0,0,0,1,0,-0.7849056827820657,0.6196152589602836,-0.43611050264796214,0.8998931211428065,-0.22372626003354357,0.9746520202469203,-0.11257881628681225,0.9936427980534354,-0.056379082763754744,0.998409434564156,0.0282007573997934,-0.9996022795502609,0.9999005649439,0.014101780911272722,-0.7021033467690947,-0.7120750595657992,-0.925222962200409,0.37942386616698276,0.5570350679414255,-0.8304889722828903,1,0,0,0,99,9
1701524820,12,2,5,1307,018.2,0.0,087,0,0,0,0,0,1,0,0.09730191186315293,0.995254911039265,0.048708772109010486,0.9988130233029766,0.02436161629514139,0.9997032117841216,0.012181712028249383,0.9999258001932247,0.006090969002353426,0.9999814498762526,-0.0030454986248035533,-0.9999953624583098,0.9999988406139053,-0.001522751077858202,-0.7076449501967276,-0.7065682022714233,-0.9237337826103967,0.38303511440113214,0.5554119577389687,-0.8315753466767555,1,0,0,0,99,5
1701524880,12,2,5,1308,018.2,0.0,087,0,0,0,0,0,1,0,0.8900505774721458,0.4558617877619267,0.5216024406758817,0.853188662536583,0.2709348053161655,0.9625976995964054,0.13675214880138925,0.9906052946548402,0.06853723566485535,0.9976485590263838,-0.034288780771676325,-0.9994119668651121,0.9998529809089715,-0.017146911309152784,-0.7131433626239372,-0.7010182196957677,-0.9222305079793683,0.38664051799069915,0.5537867288087088,-0.8326585488634279,1,0,0,0,99,4
1701524940,12,2,5,1309,018.2,0.0,087,0,0,0,0,0,1,0,0.8644908468317865,-0.5026485608693819,0.8667896402442123,0.49867396118637375,0.5006625803940346,0.8656425247139762,0.2591886140304236,0.9658267248098844,0.13071586588879644,0.991419871903394,-0.06549858050601552,-0.9978526624465643,0.9994630214386534,-0.03276688536797246,-0.7185982484559688,-0.6954254505811631,-0.9207131612454454,0.39024002192166096,0.5521593873504004,-0.8337385747108206,1,0,0,0,99,7
1701525000,12,2,5,1310,018.2,0.0,087,0,0,0,0,0,1,0,0.04412221841808424,-0.9990261407199847,0.999756505535219,0.022066482275333348,0.6992615811428033,0.7148658903162654,0.37758052762538924,0.9259767519533807,0.19238405345378726,0.9813197113972033,-0.09664442198801937,-0.9953189718369693,0.9988290574059631,-0.04837885986167266,-0.7240092747547067,-0.6897902362814101,-0.9191817655614721,0.39383357127001617,0.5505299395718565,-0.834815420098963,1,0,0,0,99,6
1701525060,12,2,5,1311,018.2,0.0,087,0,0,0,0,0,1,0,-0.8168121741291692,-0.5769036940377309,0.8879481105441159,-0.45994364109218266,0.8543838835945416,0.5196423572553615,0.4900804233718373,0.8716772215835864,0.2533009854070979,0.9673875184184428,-0.12769589183203411,-0.9918133691422099,0.9979512435841267,-0.06397902335058789,-0.729376111258995,-0.6841129207409447,-0.9176363442946625,0.397421111202623,0.548898391688925,-0.8358890809200175,1,0,0,0,99,5
1701525120,12,2,5,1312,018.2,0.0,087,0,0,0,0,0,1,0,-0.9267732207044014,0.3756213484151173,0.5587390498188232,-0.829343520025061,0.9563847343054627,0.2921099792671752,0.5949327780232085,0.803775459710974,0.31322878243308516,0.9496776978825432,-0.158622668804709,-0.9873392775238264,0.9968297942787993,-0.07956356727854007,-0.7346984304047954,-0.6783938504738453,-0.9160769210262436,0.40100258697803604,0.5472647499254653,-0.8369595530782943,1,0,0,0,99,7
1701525180,12,2,5,1313,018.2,0.0,087,0,0,0,0,0,1,0,-0.18466324219769167,0.9828018554017064,0.09273118299227497,-0.9956911808893625,0.9989222144114532,0.046415617579848543,0.6905014056539462,0.7233310506192336,0.37193342776682925,0.9282594062597033,-0.18939455343316602,-0.9819010658563578,0.9954649832757448,-0.09512868690264292,-0.7399759073451794,-0.6726333745426839,-0.9145035195510961,0.4045779439473413,0.5456290205133241,-0.8380268324902673,1,0,0,0,99,7
1701525240,12,2,5,1314,018.2,0.0,087,0,0,0,0,0,1,0,0.7272252695674022,0.6863988689549387,-0.3959805115438519,-0.9182589147280136,0.9793515494264594,-0.20216464239820275,0.7752949897936278,0.6315993024069126,0.42918568102459304,0.9032162815203545,-0.2199814974942728,-0.9755040444612094,0.9938571437739957,-0.1106705822221754,-0.7452082199701555,-0.6668318445372209,-0.9129161638773905,0.40814712755499033,0.5439912096923119,-0.8390909150845903,1,0,0,0,99,7
1701525300,12,2,5,1315,018.2,0.0,087,0,0,0,0,0,1,0,0.9705062222633856,-0.24107607211843352,-0.7877423665509027,-0.6160048408420045,0.8988895485102729,-0.4381752840804668,0.8479903549217016,0.5300116583243869,0.4847619733826144,0.8746461165306764,-0.2503536333562224,-0.9681544599212143,0.9920066683045065,-0.12618545890629732,-0.7503950489263297,-0.6609896145529455,-0.9113148782262214,0.41171008333963266,0.5423513237101792,-0.8401517968021114,1,0,0,0,99,7
1701525360,12,2,5,1316,018.2,0.0,087,0,0,0,0,0,1,0,0.3215082299291668,-0.9469067842653859,-0.9866374167508005,-0.16293129799798153,0.7625389491684939,-0.6469423088661069,0.9074531141789384,0.4201533595806971,0.5384452806085791,0.8426604771735462,-0.2804813031437691,-0.9598594889809514,0.9899140086343236,-0.14166952922038076,-0.7555360776363961,-0.6551070411694638,-0.9096996870312377,0.41526675693494663,0.5407093688225928,-0.8412094735958894,1,0,0,0,99,4
1701525420,12,2,5,1317,018.2,0.0,087,0,0,0,0,0,1,0,-0.6230829462907598,-0.7821557658431126,-0.9439692171472311,0.33003350902361966,0.5787773712647983,-0.8154855943006043,0.9527553710949638,0.3037387081846794,0.590025970536603,0.8073842666861547,-0.31033508769864016,-0.9506272315387758,0.9875796756562926,-0.15711901295073133,-0.7606309923184603,-0.6491844834287357,-0.90807061493827,0.41881709407046913,0.5390653512931113,-0.8422639414312088,1,0,0,0,99,3
1701525480,12,2,5,1318,018.2,0.0,087,0,0,0,0,0,1,0,-0.9948145351851904,0.10170565659919678,-0.6701844311086327,0.7421946027152168,0.3590302196784995,-0.933325935221779,0.9831901991023352,0.18258431583548054,0.6393026216763542,0.7689552379155371,-0.3398858353068445,-0.9404667027374061,0.9850042392643308,-0.17253013832747296,-0.7656794820051903,-0.6432223028131592,-0.9064276868049539,0.4223610405724235,0.5374192773931619,-0.8433151962855951,1,0,0,0,99,3
1701525540,12,2,5,1319,018.2,0.0,087,0,0,0,0,0,1,0,-0.4519182282526401,0.8920593674038712,-0.23231512283548061,0.9726405727204349,0.11696030796720128,-0.9931365899815682,0.9982826728891893,0.05858075630457427,0.6860828097596623,0.727523455396654,-0.3691046901648271,-0.9293878241607897,0.9821883282142966,-0.18789914294537147,-0.7706812385627962,-0.6372208632235092,-0.9047709277003515,0.42589854236454644,0.5357711534020162,-0.8443632341488307,1,0,0,0,99,3
1701525660,12,2,5,1321,018.2,0.0,086,0,0,0,0,0,1,0,0.999211628421411,0.03970039832838073,0.6929284240351306,0.7210063794198983,-0.37349271785411137,-0.9276331115855821,0.9817415931867158,-0.19021946327126704,0.7714335562027579,0.6363098839122071,-0.426432946714834,-0.9045191772185395,0.9758378905378032,-0.21849579261562516,-0.7805433340358577,-0.6251016746835569,-0.9014160179083676,0.43295399600676,0.5324687803023009,-0.8464496429223537,1,0,0,0,99,5
1701525720,12,2,5,1322,018.2,0.0,087,0,0,0,0,0,1,0,0.5732830801649955,-0.8193573762385589,0.9537707733618594,0.30053504268341247,-0.5913818382891833,-0.8063916674555276,0.9503661577138381,-0.3111336791031087,0.809670821724208,0.5868842819913016,-0.45448636833721334,-0.8907536926646169,0.9723049142796247,-0.23371596793478092,-0.7854030710198365,-0.6189846654260585,-0.8997179184127819,0.43647184019930857,0.5308145437912809,-0.8474880058736255,1,0,0,0,99,2
1701525780,12,2,5,1323,018.2,0.0,087,0,0,0,0,0,1,0,-0.3797192881647377,-0.9251017577519053,0.9810967734509948,-0.19351775402801508,-0.7725017003308197,-0.6350126951376582,0.9041605762080257,-0.4271927579338991,0.8447463400139414,0.5351669095086602,-0.48209599173366907,-0.8761184022461406,0.9685345637214349,-0.2488790848523229,-0.7902148710484772,-0.6128298765349471,-0.8980060903287201,0.4399830243685845,0.5291582823841159,-0.8485231359157464,1,0,0,0,99,2
1701525840,12,2,5,1324,018.2,0.0,087,0,0,0,0,0,1,0,-0.9836094941210283,-0.18031184951348836,0.7682160664531458,-0.6401906553857654,-0.9055911481970673,-0.424151709070136,0.8438458713148201,-0.5365856366554476,0.8765231419236595,0.48135972169706537,-0.5092348565754973,-0.860627597075839,0.964527759340248,-0.26398144151072533,-0.7949784404343068,-0.6066376836668139,-0.896280559776573,0.4434874949382373,0.5275000023989397,-0.8495550291000099,1,0,0,0,99,2
1701525900,12,2,5,1325,018.2,0.0,087,0,0,0,0,0,1,0,-0.6831736673300343,0.7302559416169317,0.36724927391559825,-0.9301225568754183,-0.982375324627868,-0.18691902407805047,0.7703632338313046,-0.6376052759826998,0.9048771397219348,0.425672834473437,-0.535876462221734,-0.8442964036620779,0.9602854793398883,-0.2790193508862083,-0.7996934884336023,-0.6004084647611956,-0.8945413530858134,0.4469851984343578,0.5258397101615864,-0.850583681490057,1,0,0,0,99,1
1701525960,12,2,5,1326,018.2,0.0,087,0,0,0,0,0,1,0,0.24536887858740644,0.9694297877725641,-0.12363294914268595,-0.9923280172837418,-0.9980801614308696,0.0619353805036276,0.6848593357385049,-0.728675298230847,0.9296976116541461,0.368323703940673,-0.5619947935965809,-0.8271407691380811,0.9558087594121748,-0.2939891416888716,-0.8043597272641364,-0.5941426000175077,-0.8927884967945957,0.4504760814862939,0.5241774120055661,-0.8516090891618918,1,0,0,0,99,3
1701526020,12,2,5,1327,018.2,0.0,087,0,0,0,0,0,1,0,0.9483204091081449,0.3173143578046236,-0.5842455144009993,-0.8115769704115019,-0.9517292079188023,0.30693894310473063,0.5886684367686403,-0.8083745861618643,0.9508876343085613,0.3095362772262209,-0.5875643465926856,-0.8091774456898254,0.9510986924840727,-0.30888715925898774,-0.8089768721227412,-0.5878404718718389,-0.8910220176493504,0.45396009082746536,0.5225131142720414,-0.8526312482038954,1,0,0,0,99,2
1701526080,12,2,5,1328,018.2,0.0,087,0,0,0,0,0,1,0,0.7793905288984901,-0.6265384293587519,-0.9018144014592891,-0.43212357644616434,-0.8462043418838514,0.5328585288581931,0.48329156372825655,-0.875459459043705,0.9683644611001854,0.24954011797333814,-0.6125601529754697,-0.7904239741978156,0.9461564284508708,-0.3237097664592346,-0.8135446412026923,-0.5815024649736085,-0.889241942604376,0.45743717329617606,0.5208468233098019,-0.8536501547168418,1,0,0,0,99,1
1701526140,12,2,5,1329,018.2,0.0,087,0,0,0,0,0,1,0,-0.10610740923685848,-0.994354673999696,-0.9985876711635528,0.05312873986979144,-0.6880665883946875,0.7256475521455962,0.37037308747694114,-0.9288830798721646,0.9820598453944048,0.18856950989997748,-0.6369578047641863,-0.770898667108712,0.9409831738954507,-0.3384533445626502,-0.8180627557109083,-0.5751289661620904,-0.8874482988214272,0.4609072758364255,0.5191785454752413,-0.8546658048139125,1,0,0,0,99,1
1701526200,12,2,5,1330,018.2,0.0,087,0,0,0,0,0,1,0,-0.8940506846592281,-0.44796581706684435,-0.8508718520044145,0.5253732877360419,-0.4871481870355047,0.8733193252573889,0.25167506307003396,-0.9678117909122075,0.9919203070086345,0.12686254192588234,-0.6607334780658982,-0.7506205905535374,0.9355801917937172,-0.3531142941360932,-0.8225309398849666,-0.5687203644428019,-0.8856411136693016,0.46437034549871836,0.5175082871323327,-0.8556781946207109,1,0,0,0,99,1
1701526260,12,2,5,1331,018.2,0.0,087,0,0,0,0,0,1,0,-0.8600078837318815,0.5102807461770535,-0.4948329282813273,0.8689881317305357,-0.2559412708703545,0.9666923325780896,0.1290497334788228,-0.9916381226480983,0.9979073410512868,0.06466017844045019,-0.6838639563391061,-0.7296095457299233,0.9299488012062609,-0.3676890359189927,-0.8269489210099354,-0.5622770509637608,-0.8838204147234213,0.4678263294408723,0.5158360546526036,-0.8566873202752776,1,0,0,0,99,1
1701526320,12,2,5,1332,018.2,0.0,087,0,0,0,0,0,1,0,-0.03527780063100106,0.9993775446659983,-0.01764164581327013,0.9998443740567825,-0.008821166113885877,0.9999610927573088,0.004410625958475234,-0.9999902731420214,0.9999975682825487,0.0022053183419487145,-0.7063266530643069,-0.707886049566577,0.9240903769563281,-0.38217401169717374,-0.8313164294350177,-0.5557994189916117,-0.8819862297654119,0.47127517492882454,0.5141618544151129,-0.8576931779281052,1,0,0,0,99,1
1701526380,12,2,5,1333,018.2,0.0,087,0,0,0,0,0,1,0,0.8218865296781087,0.5696512374547038,0.463868926823783,0.8859038428223189,0.23884739602692043,0.971057115421724,-0.12029730790478227,-0.992737909878968,0.9981828264098136,-0.06025815347748382,-0.7280996337993461,-0.6854713146888483,0.9180063492941779,-0.3965656851715436,-0.8356331985900104,-0.5492878638876233,-0.8801385867826792,0.47471682933743603,0.5124856928064255,-0.8586957637421522,1,0,0,0,99,3
1701526440,12,2,5,1334,018.2,0.0,087,0,0,0,0,0,1,0,0.9234121749250919,-0.38380979039116697,0.8318082081799767,0.5550631538882909,0.4716655839213357,0.8817775098879226,-0.24312804251266182,-0.9699942035620426,0.9924702019612586,-0.12248631849712321,-0.7491616375980297,-0.662387228704961,0.9116982035479069,-0.4108605428214292,-0.8398989650015737,-0.5427427830835574,-0.8782775139679819,0.47815124015129495,0.5108075762205887,-0.8596950738928585,1,0,0,0,99,3
1701526500,12,2,5,1335,018.2,0.0,087,0,0,0,0,0,1,0,0.1759569250793735,-0.9843978669809336,0.9960918298482659,0.08832364637815417,0.675157890282653,0.7376732496092542,-0.36216484533341015,-0.9321140621214912,0.9828820026131039,-0.18423617706426285,-0.7694920977710762,-0.6386563328331354,0.9051674797608273,-0.4250550947623523,-0.8441134683093121,-0.5361645760574115,-0.8764030397190016,0.48157835496551776,0.509127511059107,-0.8606911045681598,1,0,0,0,99,3
1701526560,12,2,5,1336,018.2,0.0,087,0,0,0,0,0,1,0,-0.7332723102173858,-0.6799350844517864,0.9164974316526442,-0.40004057016021116,0.8366721491002945,0.5477040395322044,-0.47555018687189876,-0.8796885924951523,0.9694556700786149,-0.24526659730265726,-0.78907116196914,-0.6143017998904703,0.8984157723154882,-0.43914587559803503,-0.8482764512816665,-0.5295536443090374,-0.8745151926379088,0.48499812148654897,0.5074455037309183,-0.8616838519685015,1,0,0,0,99,2
1701526620,12,2,5,1337,018.2,0.0,087,0,0,0,0,0,1,0,-0.9683343651587963,0.2496568790410366,0.6125124982230825,-0.7904609032207212,0.9461661860425792,0.32368124503844736,-0.5815147267961288,-0.8135358766023928,0.9522436338990125,-0.3053392567273386,-0.8078797115682936,-0.5893474116650812,0.8914447295444292,-0.4531294452664265,-0.8523876598316128,-0.5229103913356348,-0.8726140015309274,0.4884104875329589,0.5057615606523697,-0.8626733123068543,1,0,0,0,99,2
1701526680,12,2,5,1338,018.2,0.0,087,0,0,0,0,0,1,0,-0.31311427047593193,0.949715459295217,0.15856314310832614,-0.9873488388850257,0.9968321922181852,0.07953351845283306,-0.6784049239013403,-0.7346882054493705,0.9313131067072369,-0.36421957288882034,-0.82589938033904,-0.5638175356935875,0.8842560533277641,-0.4670023898795447,-0.8564468430321711,-0.5162352226071247,-0.8706994954078947,0.49181540103624005,0.5040756882471917,-0.8636594818087276,1,0,0,0,99,1
1701526740,12,2,5,1339,018.2,0.0,087,0,0,0,0,0,1,0,0.6299816404820636,0.7766100261106137,-0.33420799952229324,-0.9424993437956903,0.9855200007599263,-0.1695592170958419,-0.7647088390674721,-0.6443759705731422,0.9067458217640548,-0.42167761941254234,-0.8431125723806229,-0.5377371014666263,0.8768514986776913,-0.48076132255692827,-0.8604537531317207,-0.5095285455414014,-0.8687717034818184,0.49521281004160156,0.5023878929464755,-0.8646423567121847,1,0,0,0,99,0
1701526860,12,2,5,1341,018.2,0.0,087,0,0,0,0,0,1,0,0.4440046316200165,-0.8960244902344876,-0.9736592037860289,-0.22800823424331892,0.7835841480796172,-0.621285669300637,-0.9003570595326714,-0.435151887677948,0.84709854434946,-0.5314358438805441,-0.8750530966405822,-0.484026939394625,0.8614020372029035,-0.507923744574604,-0.8683097789886407,-0.49602230566043903,-0.8648763800857435,0.5019849073127403,0.4990065594194428,-0.8665982077389557,1,0,0,0,99,0
1701526920,12,2,5,1342,018.2,0.0,087,0,0,0,0,0,1,0,-0.5140818839291789,-0.8577411128165807,-0.9637793089749802,0.2667010378527043,0.6055158801168206,-0.7958332230601788,-0.9475846197201016,-0.31950491149575566,0.8122514732198877,-0.5833074183071241,-0.8897492394790579,-0.45644965861137193,0.8533609021426315,-0.5213206025991243,-0.8721584152546842,-0.48922356719646887,-0.8629089080535873,0.5053594922446452,0.49731303409188604,-0.8675711764012926,1,0,0,0,99,1
1701526980,12,2,5,1343,018.2,0.0,087,0,0,0,0,0,1,0,-0.9995238862039619,-0.030854511950917846,-0.7179326263483635,0.696112594358514,0.38979956749686495,-0.920899721565414,-0.9800254388446796,-0.19887216803085594,0.7742325774697342,-0.6329011897481092,-0.9035765572844697,-0.42842666248256006,0.8451114312570148,-0.534590187675307,-0.8759538194663309,-0.48239496904750834,-0.8609282690931656,0.5087263660124623,0.4956176116662611,-0.8685408355432871,1,0,0,0,99,1
1701527040,12,2,5,1344,018.2,0.0,087,0,0,0,0,0,1,0,-0.5660082370433905,0.8243995849095468,-0.2963109980159809,0.9550915099898928,0.14984740573347818,-0.9887091356890289,-0.9971732887740798,-0.07513609089835323,0.7331903200732922,-0.6800234955873388,-0.9165215479156338,-0.39998531498835127,0.836655638536056,-0.5477292602242684,-0.8796957599716702,-0.47553692799599256,-0.858934493426592,0.5120854772418407,0.4939202986100892,-0.8695071814659844,1,0,0,0,99,2
1701527100,12,2,5,1345,018.2,0.0,087,0,0,0,0,0,1,0,0.38789277497415287,0.9217045053176486,0.19785789683804822,0.9802307139948351,-0.09942154194430115,-0.9950454044903768,-0.9987605830454005,0.04977245980270217,0.6892849701673822,-0.7244903242289376,-0.9285715708088789,-0.37115338862191627,0.827995588340275,-0.5607346125298864,-0.8833840083819399,-0.4686498626213997,-0.8569276114764303,0.5154367746768755,0.49222110139810366,-0.8704702104830686,1,0,0,0,99,1
1701527160,12,2,5,1346,018.2,0.0,087,0,0,0,0,0,1,0,0.985166958539643,0.17159855419481035,0.6435842780107317,0.7653752524725406,-0.3425089396843968,-0.9395145694646093,-0.9847625524624222,0.1739043279153665,0.6426879772038036,-0.766128033658659,-0.9397148593213419,-0.3419590372700662,0.8191333948967244,-0.5736030695219185,-0.8870183395854673,-0.46173419327470294,-0.8549076538652297,0.5187802071808914,0.4905200265122254,-0.8714299189208766,1,0,0,0,99,0
1701527220,12,2,5,1347,018.2,0.0,087,0,0,0,0,0,1,0,0.6766831837539894,-0.7362743162874585,0.9317387821399994,0.3631292357498508,-0.5643007904700069,-0.8255692689744001,-0.9553976316106295,0.2953224771547197,0.5935813014428943,-0.8047740295122351,-0.9499405322208951,-0.31243076872146003,0.8100712217828319,-0.5863314895511497,-0.8905985317614076,-0.4547903420527146,-0.8528746514150584,0.5221157237372216,0.48881708044153815,-0.8723863031184126,1,0,0,0,99,1
1701527280,12,2,5,1348,018.2,0.0,087,0,0,0,0,0,1,0,-0.2539399894906939,-0.9672199758780141,0.9917711368753414,-0.12802348245924622,-0.7510071512506543,-0.660294069919136,-0.9111240502585628,0.41213221791123295,0.542156703402608,-0.8402774000028898,-0.9592386043114846,-0.28259741682923273,0.8008112813981934,-0.598916765156381,-0.8941243663932834,-0.4478187327723233,-0.8508286351470322,0.5254432734499875,0.48711226968226357,-0.8733393594273613,1,0,0,0,99,0
1701527340,12,2,5,1349,018.2,0.0,087,0,0,0,0,0,1,0,-0.9510919075018955,-0.30890805020977646,0.8089833280759797,-0.5878315871872758,-0.891019524810561,-0.4539649836786557,-0.8526326828355384,0.52251077324843,0.4886149950377956,-0.8724995052286362,-0.9675999961835046,-0.25248811335522686,0.7913558344244475,-0.6113558238230716,-0.8975956282823216,-0.4408197909446265,-0.8487696362808422,0.5287628055448745,0.4854056007377364,-0.8742890842121027,1,0,0,0,99,3
1701527400,12,2,5,1350,018.2,0.0,087,0,0,0,0,0,1,0,-0.7738143119409093,0.6334125122188675,0.428128186283695,-0.9037180180285407,-0.9756326199006828,-0.21941055349670321,-0.7808362675672484,0.6247357227273372,0.43316525557381835,-0.9013145185581272,-0.9750165430796872,-0.22213225952332183,0.7817071892733627,-0.6236456287334492,-0.9010121055605882,-0.43379394374895947,-0.8466976862342779,0.5320742693699069,0.48369708011838003,-0.8752354738497254,1,0,0,0,99,3
1701527460,12,2,5,1351,018.2,0.0,087,0,0,0,0,0,1,0,0.11490459339101299,0.9933765320449471,-0.05754766700333219,-0.9983427597886778,-0.9995856040851824,0.028785762203928318,-0.6968551635010218,0.717211880201356,0.37602401505664773,-0.9266099179809582,-0.9814810028678492,-0.19155949730963728,0.7718677015232719,-0.6357831795079053,-0.9043735897039191,-0.4267416200068226,-0.8446128166227477,0.535377614396221,0.4819867143416813,-0.8761785247300407,1,0,0,0,99,2
1701527520,12,2,5,1352,018.2,0.0,087,0,0,0,0,0,1,0,0.89798074546892,0.44003474949949434,-0.5291338443628917,-0.848538375531565,-0.9613891968218607,0.2751923186322931,-0.6019998676776046,0.7984961861625556,0.31741440880766936,-0.9482869255037094,-0.9869870631127111,-0.16079968049764676,0.7618397733439909,-0.6477655129374955,-0.907679875544648,-0.4196632501557079,-0.8425150592587969,0.538672790218836,0.4802745099321658,-0.8771182332555959,1,0,0,0,99,0
1701527580,12,2,5,1353,018.2,0.0,087,0,0,0,0,0,1,0,0.855457541413084,-0.5178729524115752,-0.8711696024344442,-0.49098220313389407,-0.8634182657130592,0.5044887495604367,-0.4977505652631463,0.8673202262026514,0.2575653060850283,-0.966260892875897,-0.991529347239883,-0.12988284552646476,0.7516258529103641,-0.6595897037073636,-0.9109307612841284,-0.41255926622282796,-0.8404044461516217,0.5419597465574229,0.4785604734213729,-0.8780545958416888,1,0,0,0,99,0
1701527640,12,2,5,1354,018.2,0.0,087,0,0,0,0,0,1,0,0.026430618926637908,-0.9996506501689252,-0.9999126587279824,-0.01321646380607935,-0.7117641687406298,0.7024185134924622,-0.38573403175474275,0.9226100241956138,0.19671041635407388,-0.9804616321395789,-0.9951034197859987,-0.09883918216077345,0.7412284338045774,-0.6712528651109158,-0.9141260485050504,-0.4054301017987467,-0.8382810095065815,0.5452384332570721,0.47684461134783096,-0.8789876089163806,1,0,0,0,99,0
1701527700,12,2,5,1355,018.2,0.0,087,0,0,0,0,0,1,0,-0.8268964927099149,-0.5623541502861356,-0.8838422229917893,0.4677851268017531,-0.515856023129636,0.856675296364309,-0.2676982476928931,0.9635028013359144,0.13508737665689868,-0.9908336897118291,-0.9977057907298696,-0.06769900401103005,0.7306500544073853,-0.6827521497545687,-0.9172655421835513,-0.3982761920109155,-0.8361447817247069,0.5485088002890585,0.47512693025703223,-0.87991726892051,1,0,0,0,99,1
1701527760,12,2,5,1356,018.2,0.0,087,0,0,0,0,0,1,0,-0.9199787823775267,0.39196816194069034,-0.5513763859920506,0.83425660379187,-0.2878744485084861,0.9576681585475916,-0.1454851220097925,0.989360439513222,0.07293682364477497,-0.997336562929792,-0.9993339189004324,-0.03649271893274041,0.7198932972784023,-0.6940847502528994,-0.9203490507011184,-0.3910979734971153,-0.8339957954022056,0.5517707977516048,0.473407436701408,-0.8808435723077068,1,0,0,0,99,4
1701527820,12,2,5,1357,018.2,0.0,087,0,0,0,0,0,1,0,-0.16723682222676747,0.9859167537330383,-0.08391437977772838,0.9964729684575088,-0.041994234976311204,0.9991178530227325,-0.0210017496564878,0.9997794389320908,0.01050145389718089,-0.9999448582127144,-0.999986214458158,-0.005250799333704363,0.7089607885256082,-0.7052478999140287,-0.9233763858562847,-0.3838958843788061,-0.8318340833299649,0.5550243758706431,0.4716861372403035,-0.8817665155444051,1,0,0,0,99,3
1701527880,12,2,5,1358,018.2,0.0,087,0,0,0,0,0,1,0,0.7392619010271615,0.6734180289312927,0.40409279322248953,0.9147179972350201,0.20649697669091896,0.9784472385455999,0.10380934797598938,0.9945972145913138,-0.051974923803148484,-0.9986483902233343,-0.999662040447504,0.025996247581773553,0.6978551971642206,-0.7162388734150686,-0.9263473628761159,-0.3766703642343869,-0.8296596784930514,0.5582694850005744,0.4699630384399531,-0.8826860951098568,1,0,0,0,99,0
1701527940,12,2,5,1359,018.2,0.0,087,0,0,0,0,0,1,0,0.9660866417576471,-0.2582181260435283,0.7931639572129864,0.6090081583839709,0.44214920649936096,0.8969415138078879,0.22700053545323648,0.9738946333684891,-0.11424834053830024,-0.9934522216414057,-0.9983617134188905,0.05721790960265128,0.6865792344650938,-0.7270549874674718,-0.9292618004274876,-0.36942185407236544,-0.8274726140702076,0.5615060756250259,0.46823814687345483,-0.8836023074961455,1,0,0,0,99,0
1701528000,12,2,5,1360,018.2,0.0,087,0,0,0,0,0,1,0,0.3046957793929669,-0.9524497267678291,0.9880409219176677,0.15419188245846607,0.6503107401625525,0.7596683100072248,0.3466494554970303,0.9379947521194415,-0.1760756199485871,-0.9843766433940419,-0.996086503119594,0.08838369930580556,0.675135653292801,-0.7376936014721172,-0.9321195206281534,-0.36215079630444197,-0.8252729234333458,0.5647340983576067,0.4665114691207459,-0.8845151492081995,1,0,0,0,99,1
1701528060,12,2,5,1361,018.2,0.0,087,0,0,0,0,0,1,0,-0.6368309773690272,-0.7710034411487472,0.9410110098050786,-0.3383759439227712,0.8180391017313204,0.5751626100839783,0.4608890267277047,0.8874577764840359,-0.23721532783102786,-0.9714570954200797,-0.9928386312538608,0.11946318382648319,0.6635272474335613,-0.7481521181639744,-0.9349203490576014,-0.3548576347185062,-0.8230606401470387,0.5679535039426616,0.46478301176857706,-0.8854246167638049,1,0,0,0,99,2
1701528120,12,2,5,1362,018.2,0.0,087,0,0,0,0,0,1,0,-0.9928582704344598,0.11929985259795185,0.6635887835859072,-0.7480975379581034,0.9349057540624358,0.3548960848205405,0.5679365788446187,0.8230723190645342,-0.29742871493474354,-0.9547440282778767,-0.9886212693134506,0.15042601457547708,0.6517568509131771,-0.7584279842461896,-0.9376641147677002,-0.34754281445155094,-0.8208357979680074,0.5711642432560222,0.46305278141048767,-0.8863307066936196,1,0,0,0,99,2
1701528180,12,2,5,1363,018.2,0.0,087,0,0,0,0,0,1,0,-0.43605624846295626,0.8999194120455523,0.2236968796769947,-0.9746587638875343,0.9936444947483819,0.11256383991421444,0.6661216705999684,0.7458430933896936,-0.3564806492716725,-0.9343027061369601,-0.9834385354807285,0.1812419568740085,0.6398273373051481,-0.7685186910134354,-0.9403506502931328,-0.3402067819625033,-0.8185984308446063,0.574366267305757,0.4613207846467808,-0.8872334155411858,1,0,0,0,99,5
1701528240,12,2,5,1364,018.2,0.0,087,0,0,0,0,0,1,0,0.5216538773689684,0.8531572142494731,-0.27096382207826836,-0.9625895320045489,0.9906032333897737,-0.13676707936387883,0.7539121564757657,0.6569752356961871,-0.4141405343019522,-0.9102129519228418,-0.9772954906073296,0.2118809194773779,0.6277416190291282,-0.7784217749643756,-0.9429797916616176,-0.3328499850049752,-0.8163485729163049,0.5775595272329186,0.45958702808449753,-0.8881327398629437,1,0,0,0,99,8
1701528300,12,2,5,1365,018.2,0.0,087,0,0,0,0,0,1,0,0.999757834077975,0.0220062082085053,-0.6992831299951024,-0.7148448112032798,0.9259710608877795,-0.37759448406771,0.8299380953022069,0.5578554991806973,-0.47018320940847236,-0.8825688356102025,-0.9701981332723235,0.2423129839585546,0.6155026466399008,-0.7881348184030936,-0.9455513784039167,-0.3254728725999345,-0.8140862585131672,0.5807439743122892,0.45785151833739224,-0.8890286762282443,1,0,0,0,99,8
1701528360,12,2,5,1366,018.2,0.0,087,0,0,0,0,0,1,0,0.5586890487551656,-0.8293772041725335,-0.9563935393373727,-0.29208114953507913,0.803766492687733,-0.594944892601374,0.8930131277314388,0.45003061418009443,-0.5243898291442662,-0.8514783068816535,-0.962153393924704,0.2725084339230132,0.6031134081070436,-0.7976554500293386,-0.9480652535636296,-0.3180758950082994,-0.8118115221553275,0.5839195599531243,0.45611426202590716,-0.8899212212193629,1,0,0,0,99,11
1701528420,12,2,5,1367,018.2,0.0,088,0,0,0,0,0,1,0,-0.39603587146658814,-0.9182350399062867,-0.9793454548590826,0.20219416422552014,0.6315876169521059,-0.7753045092818435,0.942152988978394,0.3351831519618465,-0.5765487178192982,-0.8170627735865361,-0.9531691281159226,0.3024377840262885,0.5905769280854576,-0.8069813455174439,-0.9505212637067737,-0.3106595037034567,-0.8095243985524638,0.5870862356998942,0.454375265777147,-0.8908103714315113,1,0,0,0,99,9
1701528480,12,2,5,1368,018.1,0.0,088,0,0,0,0,0,1,0,-0.986647237874957,-0.16287181460804662,-0.7625194471644794,0.6469652948157085,0.42013968223930687,-0.907459446701534,0.9765908679435658,0.21510526876214117,-0.6264561960895026,-0.7794566276458689,-0.943254108829076,0.33207180876591375,0.5778962671769416,-0.8161102280837784,-0.9529192589311485,-0.3032241513437061,-0.8072249226032686,0.5902439532330229,0.45263453622485383,-0.8916961234728519,1,0,0,0,99,8
1701528540,12,2,5,1369,018.1,0.0,088,0,0,0,0,0,1,0,-0.6701396839379524,0.7422350059189753,-0.3590020850085865,0.9333367575315394,0.18256949699834932,-0.9831929509337268,0.9957893730437494,0.09167073978722218,-0.6739173763202645,-0.7388067202547708,-0.9324180179122373,0.36138157101962826,0.5650745211829904,-0.8250398690425901,-0.9552590928754853,-0.29577029174463243,-0.8049131293949157,0.5933926643696261,0.45089208000938197,-0.8925784739645097,1,0,0,0,99,10
1701528600,12,2,5,1370,018.1,0.0,088,0,0,0,0,0,1,0,0.262491204904113,0.964934384996196,0.13241150819283803,0.9911948307462555,-0.06635197530497698,-0.9977962794945308,0.9994489180279628,-0.033194280422003807,-0.718746923618461,-0.6952717884316881,-0.9206714366242954,0.39033845030198594,0.5521148203489986,-0.8337680883501076,-0.95754062272838,-0.288298379851407,-0.8025890542025249,0.5965323210642458,0.4491479037776722,-0.8934574195405861,1,0,0,0,99,10
1701528660,12,2,5,1371,018.1,0.0,088,0,0,0,0,0,1,0,0.9537888904975496,0.30047754053082465,0.5914061461758642,0.8063738402660471,-0.3111480031544096,-0.9503614681441075,0.9875123969206937,-0.1575413149873589,-0.7607697795612544,-0.6490218351537339,-0.9080258353025353,0.41891417071177367,0.5390203286000568,-0.8422927551367677,-0.9597637092370099,-0.28080887171102015,-0.8002527324886245,0.5996628754095837,0.44740201418322667,-0.8943329568481706,1,0,0,0,99,9
1701528720,12,2,5,1372,018.1,0.0,088,0,0,0,0,0,1,0,0.7681774687903683,-0.640236968975412,0.9056039335646163,0.42412441041785603,-0.5365983551885637,-0.8438377837054513,0.9601660751415484,-0.2794299700233931,-0.799821845795485,-0.6002374654987004,-0.8944935621620483,0.44708082854294906,0.5257942427685239,-0.8506117882274349,-0.9619282167156328,-0.2733022244444464,-0.7979041999026094,0.6027842796372321,0.4456544178860835,-0.8952050825473546,1,0,0,0,99,10
1701528780,12,2,5,1373,018.1,0.0,088,0,0,0,0,0,1,0,-0.12369277509077573,-0.9923205618097122,0.9980782939754056,-0.06196546695655508,-0.7286856204689904,-0.6848483529378766,0.9178366828956763,-0.396958213834985,-0.8357506248382304,-0.5491091813860951,-0.8800878312379098,0.47481091953213594,0.5124397918135671,-0.858723156649492,-0.9640340130538684,-0.26577889621874423,-0.7955434922801972,0.6058964861184029,0.4439051215527915,-0.8960737933112437,1,0,0,0,99,10
1701528840,12,2,5,1374,018.1,0.0,088,0,0,0,0,0,1,0,-0.901840451991919,-0.43206920643689867,0.8461882788236016,-0.5328840368987897,-0.8754667432001029,-0.4832783685937176,0.8611847561916425,-0.5082920574857935,-0.8684158155762116,-0.49583663767122255,-0.864822709481898,0.5020773657160704,0.49896023603285744,-0.866624880128672,-0.9660809697247618,-0.25823934621909184,-0.7931706456428818,0.6089994473646541,0.4421541318563844,-0.8969390858259702,1,0,0,0,99,9
1701528900,12,2,5,1375,018.1,0.0,088,0,0,0,0,0,1,0,-0.8508401763820226,0.5254245847447649,0.48712186116783707,-0.8733340096276925,-0.9678155840932953,-0.2516604760111404,0.7910943293979361,-0.6116941735822157,-0.8976898611386384,-0.4406278624972463,-0.8487131030263543,0.528853541872773,0.4853588662666146,-0.8743150295725143,-0.9680689617926282,-0.25068403462076094,-0.7907856961973835,0.612093116028615,0.4404014554763557,-0.8978009567907062,1,0,0,0,99,9
1701528960,12,2,5,1376,018.1,0.0,088,0,0,0,0,0,1,0,-0.017581366457004095,0.9998454358317113,0.008791022929352243,-0.9999613582113339,-0.9999903395061709,-0.004395553927897717,0.7086591401823227,-0.7055510066862999,-0.9234584470040598,-0.38369844494974187,-0.8317747426285983,0.5551133015206257,0.47163900309419615,-0.8817917275413242,-0.9699978679206785,-0.24311342256103,-0.7883886803350966,0.6151774449047079,0.4386470990986331,-0.898659402917676,1,0,0,0,99,8
1701529020,12,2,5,1377,018.2,0.0,087,0,0,0,0,0,1,0,0.8318416707079584,0.5550130042384525,-0.47169216431988115,-0.8817632914332657,-0.9699905389830525,0.24314266240906215,0.6151655621013492,-0.7883979523086873,-0.9456209473961242,-0.3252706931859315,-0.8140241683101097,0.5808310024499675,0.4578039960234251,-0.8890531487065235,-0.9718675703784244,-0.23552797211103876,-0.7859796346315338,0.6182523869298692,0.4368910694155529,-0.8995144209321686,1,0,0,0,99,7
1701529080,12,2,5,1378,018.2,0.0,087,0,0,0,0,0,1,0,0.9164733120584355,-0.4000958238780323,-0.8366886589042642,-0.5476788183424514,-0.8796814248187952,0.47556344563977404,0.5120725311712326,-0.8589422115718187,-0.9640908182250827,-0.2655727663260874,-0.7954787132054784,0.6059815317622776,0.4438572226728559,-0.8960975202962782,-0.9736779550488648,-0.22792814624758584,-0.7835585958457688,0.6213178951842664,0.4351333731258346,-0.90036600757255,1,0,0,0,99,7
1701529140,12,2,5,1379,018.2,0.0,087,0,0,0,0,0,1,0,0.15850361683560935,-0.9873583966574804,-0.9968345892517676,-0.07950346955485539,-0.7346779803270462,0.6784159971747219,0.40098877965928054,-0.9160829649040315,-0.9787959350406068,-0.20483778349704984,-0.7761564866368926,0.6305403303924937,0.42980208794717734,-0.9029231225282952,-0.9754289114354503,-0.22031440882487097,-0.7811256009198748,0.6243739228920155,0.43337401693455535,-0.9012141595902762,1,0,0,0,99,6
1701529260,12,2,5,1381,018.2,0.0,087,0,0,0,0,0,1,0,-0.9637632281627969,0.26675914237608567,-0.6054918899638188,0.7958514755832541,-0.31949062929665556,0.9475894352469465,0.1618804570555901,-0.9868103757173783,-0.9966971394855556,-0.08120844870646692,-0.7352579304932613,0.6777874118385252,0.4013804854259078,-0.9159114072437697,-0.9787521155133637,-0.2050470589355408,-0.7762238913276056,0.6304573502880505,0.4298503516992568,-0.9029001468291082,1,0,0,0,99,8
1701529320,12,2,5,1382,018.2,0.0,087,0,0,0,0,0,1,0,-0.2962534162455665,0.9551093724609926,-0.1498176016678404,0.9887136522929661,-0.07512106131782845,0.9971744211252528,0.03758709136623356,-0.9992933556081649,-0.9998233232947121,-0.01879686665158652,-0.7137215376642303,0.7004295586811045,0.38702095635694944,-0.9220709188237921,-0.980324160373443,-0.19739437830927187,-0.773755251455288,0.6334846571507191,0.4280860560969494,-0.9037379756186854,1,0,0,0,99,5
1701529380,12,2,5,1383,018.2,0.0,087,0,0,0,0,0,1,0,0.6436304203252101,0.7653364502178067,0.3425372605879492,0.9395042443272427,0.17391917041079355,0.9847599312338116,-0.08729280831256489,-0.996182696907001,-0.9990452184228202,0.043688116765311646,-0.6914882078657193,0.7223877479461123,0.37256694167215626,-0.928005320013337,-0.9818363712995504,-0.18972964974755915,-0.7712748050298153,0.636502297816921,0.4263201274764534,-0.904572356922574,1,0,0,0,99,4
1701529440,12,2,5,1384,018.2,0.0,087,0,0,0,0,0,1,0,0.9917634167027485,-0.1280832748257572,0.7510270550472058,0.6602714309941945,0.412145950487085,0.911117838425468,-0.2108105329134813,-0.9775269404025313,-0.9943658633527529,0.10600249902117563,-0.6685796515669709,0.7436405378343678,0.3580219701119138,-0.9337131620134654,-0.983288655994125,-0.18205334106592852,-0.7687825898997481,0.6395102262411726,0.4245525725742499,-0.9054032875578629,1,0,0,0,99,3
1701529500,12,2,5,1385,018.2,0.0,087,0,0,0,0,0,1,0,0.4280737015151094,-0.9037438276808053,0.9756392334466684,0.21938114358257266,0.6247474915585606,0.7808268513513648,-0.3310386296556908,-0.943617202935429,-0.9858035308659198,0.16790294378683643,-0.6450182385844464,0.7641671753572108,0.3433895926224244,-0.9391930513364147,-0.9846809258171946,-0.1743659207866968,-0.766278644093223,0.6425083965261867,0.42278339813302346,-0.9062307643548045,1,0,0,0,99,2
1701529560,12,2,5,1386,018.2,0.0,087,0,0,0,0,0,1,0,-0.5291850006825017,-0.8485064731943184,0.9613809008905675,-0.2752212989629269,0.798505259520226,0.601987832533629,-0.44610097930085907,-0.8949826346174625,-0.9733916566874463,0.22914773115016593,-0.6208269762380796,0.783947616601443,0.3286733814887943,-0.9444436501457996,-0.986013095791785,-0.16666785811037535,-0.7637630058173724,0.6454967629235737,0.42101261090163694,-0.9070547841568264,1,0,0,0,99,2
1701529620,12,2,5,1387,018.2,0.0,087,0,0,0,0,0,1,0,-0.999913453714287,-0.01315618034106097,0.7117429944653691,-0.7024399688439358,0.9226158379422976,0.3857201259696363,-0.5542020723663724,-0.8323821616209818,-0.9571787089203828,0.2894977015271609,-0.5960294868850194,0.8029625463018686,0.3138769294629118,-0.9494636765832247,-0.9872850846091074,-0.15895962288703272,-0.7612357134577412,0.648475279834539,0.4192402176351054,-0.9078753438205431,1,0,0,0,99,1
1701529680,12,2,5,1388,018.2,0.0,087,0,0,0,0,0,1,0,-0.5513260887383075,0.8342898440449338,0.2878455800903205,-0.9576768359015827,0.9893626321783087,0.14547021017792156,-0.6536550274502899,-0.7567926433898262,-0.9372279987787994,0.34871718957500053,-0.570649984852799,0.8211933967023238,0.29900384888632797,-0.9542519050812327,-0.9884968146335203,-0.1512416855876172,-0.7586968055777015,0.6514439018105791,0.4174662250945703,-0.9086924402157693,1,0,0,0,99,1
1701529740,12,2,5,1389,018.2,0.0,087,0,0,0,0,0,1,0,0.40414793965314666,0.9146936333407577,-0.20652647125640125,-0.9784410133832181,0.9945956498455084,-0.10382433870914339,-0.742907914451429,-0.6693936290744246,-0.9136174333588498,0.4065749444601668,-0.5447132527944557,0.8386223656867753,0.28405777080835576,-0.9588071666625086,-0.9896482119072687,-0.1435145172752418,-0.7561463209178637,0.6544025835541751,0.4156906400472742,-0.9095060702255304,1,0,0,0,99,0
1701529800,12,2,5,1390,018.2,0.0,087,0,0,0,0,0,1,0,0.9880502161512134,0.1541323144689025,-0.6503336395770626,-0.7596487064653314,0.9379895272510593,-0.34666359308028627,-0.8205679719195377,-0.5715489510618114,-0.8864392114132281,0.46284503288800055,-0.5182446174886911,0.8552324341627837,0.26904234409960104,-0.9631283492252691,-0.9907392061549974,-0.13577858957643307,-0.7535842983954858,0.6573512799194837,0.41391346926653416,-0.9103162307460754,1,0,0,0,99,0
1701529860,12,2,5,1391,018.3,0.0,087,0,0,0,0,0,1,0,0.6635436805468822,-0.7481375435080753,-0.9349164517506565,-0.3548679025298884,0.823063758930585,-0.567948984271524,-0.8854233406319048,-0.4647854428273739,-0.8557994633170126,0.5173077213673821,-0.49126992510870127,0.87100738268036,0.2539612345611432,-0.9672143978147658,-0.9917697307880408,-0.12803437465234527,-0.7510107771038793,0.6602899459130265,0.4121347195317167,-0.9111229186868879,1,0,0,0,99,0
1701529920,12,2,5,1392,018.3,0.0,087,0,0,0,0,0,1,0,-0.2710218548637878,-0.96257319419678,-0.9905991101845337,0.1367969403956463,0.6569638725243397,-0.7539220584369601,-0.9364619742512132,-0.3507691132091307,-0.8218178366308225,0.5697503342653119,-0.4638155159838274,0.8859318072699817,0.23881812402958275,-0.9710643148808378,-0.9927397229084867,-0.1202823451699422,-0.7484257963118128,0.6632185366943757,0.41035439762821135,-0.9119261309706986,1,0,0,0,99,0
1701529980,12,2,5,1393,018.3,0.0,087,0,0,0,0,0,1,0,-0.956411146794012,-0.2920234892746865,-0.8037485580934769,0.5949691213522402,0.4500171544773376,-0.8930199105709347,-0.9728874319701469,-0.23127914889702592,-0.7846270288796537,0.6199680843007058,-0.4359081988786711,0.8999911344843087,0.22361670947817314,-0.9746771605214489,-0.9936491233130156,-0.11252297427314804,-0.7458293954629128,0.6661370075768392,0.40857251034740505,-0.912725864533497,1,0,0,0,99,0
1701530040,12,2,5,1394,018.3,0.0,086,0,0,0,0,0,1,0,-0.7624804410778052,0.6470112649512338,-0.42011232727019937,0.9074721111282797,0.21509054938760125,-0.9765941099372553,-0.9941313067038114,-0.10818015081969684,-0.7443722693718838,0.6677648722343453,-0.40757522481479086,0.9131716356289067,0.20836070211425825,-0.9780520527121516,-0.9944978764965141,-0.10475673555396908,-0.7432216141750619,0.6690453140281423,0.40678906448665614,-0.9135221163245426,1,0,0,0,99,0
1701530100,12,2,5,1395,018.3,0.0,086,0,0,0,0,0,1,0,0.1324712658066232,0.9911868460263136,0.06638205319846043,0.9977942789038012,-0.03320934428891003,-0.9994484176043807,-0.9998620948921858,0.016606962329385515,-0.701210752081931,0.7129540526322105,-0.3788442604605417,0.9254604401680848,0.19305382647323416,-0.9811881675214201,-0.9952859306554624,-0.09698410302358805,-0.7406024922397939,0.6719434116711064,0.40500406684926854,-0.9143148833063767,1,0,0,0,99,2
1701530160,12,2,5,1396,018.3,0.0,086,0,0,0,0,0,1,0,0.9056295018309847,0.4240698119571381,0.5366237918890951,0.8438216079116303,-0.27944444178438205,-0.9601618634146094,-0.9899903695023021,0.14113492938566014,-0.6553110218111473,0.755359162711905,-0.3497433611150432,0.9368455482927549,0.17769981950925717,-0.9840847393118021,-0.9960132376910966,-0.08920555108343296,-0.7379720696216873,0.6748312562843274,0.4032175242444657,-0.9151041624548343,1,0,0,0,99,0
1701530220,12,2,5,1397,018.3,0.0,086,0,0,0,0,0,1,0,0.8461561503963683,-0.5329350515272933,0.8754813109162563,0.4832519779952829,-0.5083050373568597,-0.8611770950261284,-0.9646701755071856,0.26346053307267064,-0.6068523160239768,0.7948146114260453,-0.32030094331265613,0.9473158426380415,0.16230242968292016,-0.9867410609268374,-0.9966797532123439,-0.08142155449622213,-0.7353303864577548,0.6777088038028494,0.4014294434873647,-0.9158899507590552,1,0,0,0,99,0
1701530280,12,2,5,1398,018.3,0.0,086,0,0,0,0,0,1,0,0.00873073653634763,-0.999961886393443,0.999990471552965,0.0043654098637504885,-0.7055616876419274,-0.7086485059123989,-0.9242966260655718,0.3816749232577385,-0.5560238649294927,0.8311663260917572,-0.29054575707471864,0.9568610991392004,0.1468654160461197,-0.989156483863701,-0.9972854365385321,-0.07363258835698702,-0.7326774830568314,0.6805760103188376,0.39963983139895004,-0.9166722452214962,1,0,0,0,99,0
1701530340,12,2,5,1399,018.3,0.0,086,0,0,0,0,0,1,0,-0.8367216762313365,-0.5476283744699707,0.8796670888665696,-0.4755899628514196,-0.8589499295219191,-0.5120595849842967,-0.869499736913214,0.49393340391985197,-0.5030241525414799,0.864272354041205,-0.2605068578356384,0.9654719970152436,0.13139254732433728,-0.9913304184315247,-0.9978302507018728,-0.06583912806407498,-0.7300133998989591,0.6834328320822483,0.39784869480604795,-0.9174510428579413,1,0,0,0,99,0
1701530460,12,2,5,1401,018.3,0.0,086,0,0,0,0,0,1,0,-0.14975799312818222,0.9887226828055576,0.07509100210558642,-0.9971766851480127,-0.999293922013942,-0.03757202983595189,-0.7202680160315159,0.6936958880388611,-0.39134646539935614,0.9202434156349235,-0.19969549865367087,0.9798580039053933,0.10035436237305956,-0.994951758605761,-0.9987371422465876,-0.050240627953076634,-0.7246518570848614,0.6891151471441197,0.3942618754431376,-0.9189981357826902,1,0,0,0,99,0
1701530520,12,2,5,1402,018.3,0.0,086,0,0,0,0,0,1,0,0.7510668605929561,0.6602261513444018,-0.41217341535790386,-0.9111054141383427,-0.9775237629179003,0.21082526634829296,-0.6281618953946932,0.7780826647433718,-0.3331045896236106,0.9428898834814625,-0.16898241997103944,0.985619065227906,0.08479662367127003,-0.9963982801139075,-0.999099164275976,-0.042436540187039476,-0.7219544792391829,0.6919405537374438,0.3924662063557551,-0.9197664251693045,1,0,0,0,99,0
1701530580,12,2,5,1403,018.3,0.0,086,0,0,0,0,0,1,0,0.9613643064072199,-0.2752792588739023,-0.7985234056913743,-0.6019637618354188,-0.894975910803028,0.4461144685865844,-0.526253518474421,0.8503277217010464,-0.2735619475538892,0.9618543865110369,-0.13810433282298404,0.990417686259448,0.06921818308996544,-0.9976015452723217,-0.9994002064419243,-0.0346298623133153,-0.7192460852564008,0.6947554021692399,0.3906690401290842,-0.9205312059265671,1,0,0,0,99,0
1701530640,12,2,5,1404,018.4,0.0,086,0,0,0,0,0,1,0,0.2877878424693353,-0.9576941879988857,-0.9893670168342196,-0.14544038641504342,-0.7567827912998033,0.6536664338884767,-0.41613313140840114,0.9093036989610448,-0.2129510519332497,0.9770628687451604,-0.10709138913759518,0.994249181228016,0.053622843881987556,-0.9985612603210722,-0.9996402503703701,-0.026821070811284417,-0.7165267164632748,0.6975596494883844,0.38887038361876797,-0.9212924751370719,1,0,0,0,99,0
1701530700,12,2,5,1405,018.4,0.0,086,0,0,0,0,0,1,0,-0.6503794366332223,-0.759609497310725,-0.9379790768750454,0.3466918680105397,-0.57153658325144,0.8205765863131057,-0.2995191260060818,0.954090296123251,-0.15150858701200562,0.988455941386173,-0.07597387252808355,0.9971098087437945,0.03801441342573542,-0.9992771909594941,-0.9998192814102692,-0.019010642289332115,-0.7137964143540272,0.7003532529055134,0.38707024368613424,-0.9220502298968081,1,0,0,0,99,1
1701530760,12,2,5,1406,018.4,0.0,086,0,0,0,0,0,1,0,-0.9905908610736387,0.1368566620862393,-0.6569411457329191,0.7539418618455402,-0.3507549986489571,0.9364672609988937,-0.17823122481920262,0.9839886333182142,-0.08947448430079347,0.9959891147292259,-0.04478216872134558,0.9989967754525602,0.022396702295648618,-0.9997491624033901,-0.9999372886344898,-0.011199053455758941,-0.7110552205897088,0.7031361697936755,0.3852686271981697,-0.9228044673151717,1,0,0,0,99,1
1701530820,12,2,5,1407,018.4,0.0,086,0,0,0,0,0,1,0,-0.42005761618676374,0.9074974375079489,-0.21506111049193805,0.9766005932590736,-0.10816516708470997,0.9941329371012394,-0.05416208497999601,0.9985321569937644,-0.027090985643158427,0.9996329718936257,-0.013546735886816838,0.9999082387633441,0.006773523331910133,-0.9999770594277011,-0.9999942648404793,-0.0033867810896848777,-0.708303176997564,0.7059083576889833,0.3834655410274936,-0.9235551845149761,1,0,0,0,99,2
1701530880,12,2,5,1408,018.4,0.0,086,0,0,0,0,0,1,0,0.5366746638272738,0.8437892540237063,0.279473385115912,0.960153439306371,0.14114985067939137,0.9899882421792622,0.07075223608034517,0.9974939203271522,0.03539830273366068,0.9993732836951247,0.017701925105413577,0.9998433086476912,-0.008851309290403876,-0.9999608263946371,-0.9999902065507035,0.004425697988050785,-0.7055403255703919,0.70866977429126,0.3816609920523317,-0.9243023786324636,1,0,0,0,99,0
1701530940,12,2,5,1409,018.4,0.0,086,0,0,0,0,0,1,0,0.9999907329205332,0.004305121723583112,0.7055830490723317,0.7086272368896016,0.38168885437643996,0.9242908732887071,0.19456249216035051,0.9808901246543129,0.09774936149583555,0.9952110642105806,0.04893330046818505,0.9988020485087574,-0.024473980992500227,-0.9997004672672604,-0.9999251140128596,0.012237906943992148,-0.7027667084659062,0.7114203774646858,0.37985498715648985,-0.9250460468173154,1,0,0,0,99,0
1701531000,12,2,5,1410,018.4,0.0,086,0,0,0,0,0,1,0,0.5439199338601965,-0.8391371196351163,0.9589413745467228,0.2836043726433742,0.5984962937882848,0.8011255746271536,0.3153366656233036,0.9489798666534379,0.15971871109322489,0.9871625668180084,0.0801168932934608,0.9967854751193981,-0.040090677723143425,-0.9991960456085177,-0.9997989911998606,0.02004936896117015,-0.6999823680060913,0.7141601252384405,0.3780475332293278,-0.9257861862326637,1,0,0,0,99,1
1701531060,12,2,5,1411,018.4,0.0,086,0,0,0,0,0,1,0,-0.4122283439759128,-0.9110805630803879,0.9775174072824452,-0.2108547330742331,0.7780921324220651,0.6281501679239475,0.4311901158862831,0.9022610952279688,0.22106436254180728,0.9752592207274866,0.11122225333204101,0.993795557629306,-0.055697586889801545,-0.9984476845657227,-0.999611845809593,0.027859607268205022,-0.6971873466765569,0.7168889758073439,0.37623863716573297,-0.9265227940551014,1,0,0,0,99,3
1701531180,12,2,5,1413,018.3,0.0,087,0,0,0,0,0,1,0,-0.6568956903592464,0.7539814666074021,0.3507267692895696,-0.9364778338560401,0.9839913195389581,0.17821639394842426,0.6410084266417938,0.7675338409309469,0.3409297281472042,0.9400887832888304,0.17307688567681365,0.9849083163647341,-0.08686680503870821,-0.9962199346441363,-0.9990545367106183,0.04347450606886622,-0.6915654321650027,0.7223138189419008,0.3726165462362743,-0.9279854036949883,1,0,0,0,99,5
1701531240,12,2,5,1414,018.3,0.0,087,0,0,0,0,0,1,0,0.2795312710170884,0.9601365884724793,-0.1411796931706552,-0.9899839868584944,0.9974928538236488,-0.07076727047691461,0.7316991425705358,0.6816277318020025,0.3989813706164722,0.9169590317462396,0.20376575798421134,0.9790196708305302,-0.10242150450337505,-0.9947410896385376,-0.9986844070171862,0.05127821350955192,-0.6887386247664814,0.7250097287311226,0.3708033651875866,-0.9287113999330262,1,0,0,0,99,4
1701531300,12,2,5,1415,018.3,0.0,087,0,0,0,0,0,1,0,0.958958470944816,0.2835465587926973,-0.5985204429287703,-0.8011075329794051,0.9489751137357094,-0.31535096877970337,0.8109719381025781,0.5850850498945844,0.45547499937176333,0.8902485748077849,0.23425565648689797,0.9721750292019912,-0.11795119922664796,-0.9930193928624937,-0.9982533227749592,0.05907879119238266,-0.6859013080639289,0.7276945757638924,0.36898876963676525,-0.9294338534193524,1,0,0,0,99,6
1701531360,12,2,5,1416,018.3,0.0,087,0,0,0,0,0,1,0,0.7567236751494507,-0.6537348693991385,-0.9093225141277265,-0.41609201542499075,0.8414546973619527,-0.540327671221366,0.8775897877771157,0.47941231147032193,0.5101900080017631,0.8600617162362019,0.2645168083164075,0.9643810751555119,-0.13345209785628734,-0.9910552646435797,-0.9977613102950975,0.06687576301030233,-0.6830535253513071,0.7303683190727478,0.3671727665059408,-0.9301527613980265,1,0,0,0,99,4
1701531420,12,2,5,1417,018.3,0.0,087,0,0,0,0,0,1,0,-0.14123937776829337,-0.9899754735182207,-0.9974907201368394,0.07079733922182135,0.6816167034258251,-0.7317094161010304,0.9305131423308943,0.3662585042691635,0.5629127355686832,0.8265163350682077,0.29451966397151846,0.955645419354953,-0.1489204160702069,-0.9888491844955308,-0.9972083996075071,0.07466865307633827,-0.6801953200822767,0.7330309178596556,0.36535536272261315,-0.930868121126633,1,0,0,0,99,4
1701531480,12,2,5,1418,018.3,0.0,087,0,0,0,0,0,1,0,-0.9093475981246311,-0.4160371927904578,-0.8414384091513941,0.5403530360836063,0.4793990842275326,-0.8775970134644963,0.9689161505167762,0.24738935560721262,0.6134373009496519,0.7897434252993856,0.3242349261728403,0.9459765920199573,-0.1643523775003615,-0.9864016910011756,-0.9965946244590063,0.08245698575264687,-0.6773267358695333,0.7356823314966341,0.3635365652196254,-0.931579929876292,1,0,0,0,99,2
1701531540,12,2,5,1419,018.3,0.0,087,0,0,0,0,0,1,0,-0.8414058304364919,0.5404037643350365,-0.4793726294152408,0.8776114642411631,0.24737475190370273,-0.9689198791027984,0.9921995462362393,0.12465977879252307,0.661566406798092,0.7498865843554354,0.35363357847110943,0.935384034596335,-0.17974421465469337,-0.9837133816809486,-0.9959200223112669,0.09024028567954412,-0.6744478164841428,0.7383225195263734,0.3617163809351372,-0.9322881849316694,1,0,0,0,99,2
1701531660,12,2,5,1421,018.3,0.0,088,0,0,0,0,0,1,0,0.8415361269452281,0.540200839545835,0.4794784460505837,0.8775536563498083,-0.24743316638053162,-0.9689049634380579,0.9921957879970207,-0.12468968794960988,0.7498965555160291,0.6615551042998573,0.4113665614145994,0.9114699952000223,-0.21039249606387786,-0.9776169994430391,-0.9943885054250776,0.10578988741122869,-0.668659148067523,0.743569057791954,0.35807187980072236,-0.9336940231660353,1,0,0,0,99,2
1701531720,12,2,5,1422,018.3,0.0,088,0,0,0,0,0,1,0,0.9092472423065365,-0.4162564742535045,0.8415035574058807,0.5402515736888212,-0.4794519925452281,-0.8775681095188057,0.968908692684405,-0.24741856284563038,0.7897526710450653,0.6134253977275352,0.43964451678172034,0.8981718648809746,-0.2256414579803825,-0.9742104148696458,-0.9935316841625248,0.11355524014847192,-0.6657494873642518,0.7461753279720765,0.3562475768534598,-0.9343916009821783,1,0,0,0,99,2
1701531780,12,2,5,1423,018.3,0.0,088,0,0,0,0,0,1,0,0.1410006362997096,-0.9900095052892558,0.9974992494456464,0.07067706385647396,-0.6816608160014502,-0.731668320981739,0.9305021012823504,-0.3662865538197253,0.8265248192945344,0.5629002781045124,0.4674931667390913,0.883996684978092,-0.24083533277107402,-0.9705659907956007,-0.992614222846822,0.12131366205914178,-0.6628296681429017,0.7487702124347435,0.35442191492997194,-0.9350856143783689,1,0,0,0,99,2
1701531840,12,2,5,1424,018.3,0.0,088,0,0,0,0,0,1,0,-0.7568813044633205,-0.6535523628248179,0.9092723362185879,-0.4162016561567134,-0.8414872714892108,-0.5402769400239504,0.8775753358042688,-0.4794387656291727,0.8600694058124533,0.5101770449416689,0.4948853175526281,0.8689582973139933,-0.25597041106933305,-0.9666846169547733,-0.9916361774750792,0.12906467960915324,-0.6598997349563215,0.7513536715852107,0.3525949009946041,-0.9357760607071574,1,0,0,0,99,2
1701531900,12,2,5,1425,018.3,0.0,087,0,0,0,0,0,1,0,-0.9588900644397448,0.2837778080096155,0.5984238431038592,-0.8011796952025231,-0.9489941241131378,-0.3152937557243062,0.8109543007236308,-0.5851094958534231,0.8902554397063304,0.45546158133621817,0.5217942212519135,0.8530713866190268,-0.2710429978628605,-0.96256724092892,-0.9905976077421447,0.13680781971634529,-0.656959732511687,0.75392566600307,0.35076654201685914,-0.9364629373347004,1,0,0,0,99,1
1701531960,12,2,5,1426,018.3,0.0,087,0,0,0,0,0,1,0,-0.27929972131836583,0.9602039708684208,0.14106032243614638,-0.9900010027440429,-0.9974971184780542,-0.07070713279421359,0.7316785950108878,-0.6816497880898176,0.9169650451597972,0.39896755000261763,0.5481936017491368,0.8363514661918808,-0.28604941339576206,-0.958214867916346,-0.9894985770369622,0.14454260977935537,-0.6540097056698183,0.756486156442851,0.34893684497137084,-0.9371462416407726,1,0,0,0,99,0
1701532020,12,2,5,1427,018.3,0.0,087,0,0,0,0,0,1,0,0.6570774975264609,0.7538230311182882,-0.3508396848146685,-0.9364355373217871,-0.9839805733147853,0.17827571718859095,0.6409852895392409,-0.767553163366744,0.9400939217351487,0.3409155589242416,0.5740576804972469,0.818814862751111,-0.3009859940669075,-0.9536285604865007,-0.9883391524387013,0.15226857770646463,-0.6510496994444953,0.75903510383462,0.3471058168378773,-0.937825971018776,1,0,0,0,99,1
1701532080,12,2,5,1428,018.3,0.0,087,0,0,0,0,0,1,0,0.9893406954135933,-0.14561932700897776,-0.7568419012610816,-0.6535979930320404,-0.9092848819352602,0.4161742465410129,0.540289623007414,-0.8414791282441333,0.9595517516643209,0.281532299883927,0.5993612016622668,0.8004787004923762,-0.3158490933243467,-0.9488094383205661,-0.9871194047126635,0.15998525194441188,-0.6480797590017714,0.7615724692845757,0.3452734646011943,-0.9385021228757492,1,0,0,0,99,0
1701532140,12,2,5,1429,018.3,0.0,087,0,0,0,0,0,1,0,0.41200862051584575,-0.9111799474421229,-0.9775428244946927,-0.2107368650211409,-0.7780542606467562,0.6281970769507206,0.43116291761309866,-0.9022740927652529,0.9752625525378417,0.2210496632374126,0.6240794567851866,0.7813608843669526,-0.33063508255556256,-0.9437586779381032,-0.9858394083059632,0.16769216150717486,-0.6450999296592835,0.7640982140756432,0.3434397952511887,-0.9391746946323786,1,0,0,0,99,0
1701532260,12,2,5,1431,018.3,0.0,087,0,0,0,0,0,1,0,-0.9999896656421035,0.004546274188173623,-0.7054975995040048,0.7087123091170964,-0.3816331293814149,0.924313883136323,0.19453292377342837,-0.9808959891691685,0.9952125373931863,0.09773436148773754,0.6716642161498044,0.7408557084506191,-0.35996131149706967,-0.9329672310565412,-0.9830989856206092,0.18307480567169637,-0.639110786299333,0.7691146876999868,0.33976853319577227,-0.9405090875956454,1,0,0,0,99,0
1701532320,12,2,5,1432,018.3,0.0,087,0,0,0,0,0,1,0,-0.5364711643724094,0.843918651172559,-0.2793576102663403,0.9601871305044031,-0.14109016531210986,0.9899967501220404,0.07072216723899125,-0.9974960526543551,0.9993738171110836,0.03538323999893738,0.6944842546815092,0.7195079012766077,-0.374494391629162,-0.9272291791344273,-0.9816387266032314,0.19074960139614014,-0.6361015636688295,0.7716053399880473,0.33793095449511035,-0.9411709037119792,1,0,0,0,99,0
1701532380,12,2,5,1433,018.3,0.0,087,0,0,0,0,0,1,0,0.42027645135774633,0.9073961121991542,0.21517886490179033,0.9765746546473429,0.10822510187719181,0.9941264141565053,-0.054192185061569184,-0.9985305238590619,0.99963256345996,-0.02710605228485028,0.7166261411241046,0.6974575068472451,-0.38893604432654155,-0.9212647575065609,-0.9801185534175345,0.19841275474807443,-0.6330826349110855,0.7740842185279566,0.33609208669057017,-0.9418291295473815,1,0,0,0,99,0
1701532860,12,3,6,1,018.3,0.0,087,0,0,0,0,0,0,1,0.8414709848078965,0.5403023058681398,0.479425538604203,0.8775825618903728,0.24740395925452294,0.9689124217106447,0.12467473338522769,0.992197667229329,0.0624593178423802,0.9980475107000991,0.03124491398532608,0.9995117584851364,0.015624364224883372,0.9998779321710066,0.0078124205273828315,0.9999694825770951,0.0039062400659001166,0.99999237061517,0.001953123758236804,0.9999980926519735,1,0,0,0,99,21
1701532920,12,3,6,2,018.3,0.0,087,0,0,0,0,0,0,1,0.9092974268256817,-0.4161468365471424,0.8414709848078965,0.5403023058681398,0.479425538604203,0.8775825618903728,0.24740395925452294,0.9689124217106447,0.12467473338522769,0.992197667229329,0.0624593178423802,0.9980475107000991,0.03124491398532608,0.9995117584851364,0.015624364224883372,0.9998779321710066,0.0078124205273828315,0.9999694825770951,0.0039062400659001166,0.99999237061517,1,0,0,0,99,22
1701532980,12,3,6,3,018.3,0.0,087,0,0,0,0,0,0,1,0.1411200080598672,-0.9899924966004454,0.9974949866040544,0.0707372016677029,0.6816387600233341,0.7316888688738209,0.36627252908604757,0.9305076219123143,0.18640329676226988,0.9824733131012553,0.09361273123551289,0.9956086864580017,0.04685783574813424,0.9989015683384429,0.02343535429172257,0.9997253543694995,0.011718481780940232,0.9999313362350186,0.005859341472444868,0.9999828339114173,1,0,0,0,99,25
1701533040,12,3,6,4,018.4,0.0,087,0,0,0,0,0,0,1,-0.7568024953079283,-0.6536436208636119,0.9092974268256817,-0.4161468365471424,0.8414709848078965,0.5403023058681398,0.479425538604203,0.8775825618903728,0.24740395925452294,0.9689124217106447,0.12467473338522769,0.992197667229329,0.0624593178423802,0.9980475107000991,0.03124491398532608,0.9995117584851364,0.015624364224883372,0.9998779321710066,0.0078124205273828315,0.9999694825770951,1,0,0,0,99,24
1701533100,12,3,6,5,018.4,0.0,087,0,0,0,0,0,0,1,-0.9589242746631385,0.28366218546322625,0.5984721441039564,-0.8011436155469337,0.9489846193555862,0.3153223623952687,0.5850972729404622,0.8109631195052179,0.30743851458038085,0.9515679480481722,0.15561499277355603,0.9878177838164719,0.07804555138996731,0.9969497940760287,0.03905256665042215,0.999237157554709,0.01953000826025172,0.9998092711999397,0.009765469780311044,0.9999523166631346,1,0,0,0,99,24
1701533160,12,3,6,6,018.4,0.0,087,0,0,0,0,0,0,1,-0.27941549819892586,0.960170286650366,0.1411200080598672,-0.9899924966004454,0.9974949866040544,0.0707372016677029,0.6816387600233341,0.7316888688738209,0.36627252908604757,0.9305076219123143,0.18640329676226988,0.9824733131012553,0.09361273123551289,0.9956086864580017,0.04685783574813424,0.9989015683384429,0.02343535429172257,0.9997253543694995,0.011718481780940232,0.9999313362350186,1,0,0,0,99,23
1701533220,12,3,6,7,018.4,0.0,087,0,0,0,0,0,0,1,0.6569865987187891,0.7539022543433046,-0.35078322768961984,-0.9364566872907963,0.9839859468739369,-0.17824605564949209,0.7675435022360271,0.6409968581633251,0.42367625720393803,0.9058136834259364,0.21700958109501015,0.9761694738686353,0.10915705687532236,0.9940245152582091,0.05466024488506646,0.9985050113189741,0.027340342728520383,0.9996261829601539,0.013671449079123222,0.999906541372781,1,0,0,0,99,22
1701533280,12,3,6,8,018.4,0.0,087,0,0,0,0,0,0,1,0.9893582466233818,-0.14550003380861354,-0.7568024953079283,-0.6536436208636119,0.9092974268256817,-0.4161468365471424,0.8414709848078965,0.5403023058681398,0.479425538604203,0.8775825618903728,0.24740395925452294,0.9689124217106447,0.12467473338522769,0.992197667229329,0.0624593178423802,0.9980475107000991,0.03124491398532608,0.9995117584851364,0.015624364224883372,0.9998779321710066,1,0,0,0,99,21
1701533340,12,3,6,9,018.4,0.0,087,0,0,0,0,0,0,1,0.4121184852417566,-0.9111302618846769,-0.977530117665097,-0.2107957994307797,0.7780731968879212,-0.6281736227227391,0.9022675940990952,0.4311765167986662,0.5333026735360201,0.8459244992310679,0.2775567516463363,0.9607092430155619,0.1401619723470637,0.9901285883701071,0.07025457860486005,0.9975290944052978,0.03514900848318622,0.9993820826904237,0.017577219768442984,0.999845508738831,1,0,0,0,99,21
1701533460,12,3,6,11,018.4,0.0,088,0,0,0,0,0,0,1,-0.9999902065507035,0.004425697988050785,-0.7055403255703919,0.70866977429126,0.3816609920523317,-0.9243023786324636,0.9808930570231557,0.19454770798898718,0.6346070800152693,0.7728349461524715,0.33702006902225307,0.9414974631278811,0.17103002203139503,0.9852658177182139,0.08583176067687935,0.996309645069798,0.042955528923538926,0.9990769852893715,0.021482722251015034,0.9997692196925677,1,0,0,0,99,23
1701533520,12,3,6,12,018.4,0.0,088,0,0,0,0,0,0,1,-0.5365729180004349,0.8438539587324921,-0.27941549819892586,0.960170286650366,0.1411200080598672,-0.9899924966004454,0.9974949866040544,0.0707372016677029,0.6816387600233341,0.7316888688738209,0.36627252908604757,0.9305076219123143,0.18640329676226988,0.9824733131012553,0.09361273123551289,0.9956086864580017,0.04685783574813424,0.9989015683384429,0.02343535429172257,0.9997253543694995,1,0,0,0,99,20
1701533580,12,3,6,13,018.4,0.0,088,0,0,0,0,0,0,1,0.4201670368266409,0.9074467814501962,0.21511998808781552,0.9765876257280235,-0.10819513453010837,-0.9941296760805463,0.9985313405398316,-0.05417713502693632,0.7260086552607126,0.6876855622205048,0.39516733024093426,0.9186091557949183,0.2017310638016388,0.9794409517155483,0.10138798815552964,0.9948469610235406,0.05075942757980711,0.99871090937857,0.02538789693367659,0.999677675398068,1,0,0,0,99,20
1701533640,12,3,6,14,018.4,0.0,088,0,0,0,0,0,0,1,0.9906073556948704,0.1367372182078336,0.6569865987187891,0.7539022543433046,-0.35078322768961984,-0.9364566872907963,0.9839859468739369,-0.17824605564949209,0.7675435022360271,0.6409968581633251,0.42367625720393803,0.9058136834259364,0.21700958109501015,0.9761694738686353,0.10915705687532236,0.9940245152582091,0.05466024488506646,0.9985050113189741,0.027340342728520383,0.9996261829601539,1,0,0,0,99,18
1701533700,12,3,6,15,018.4,0.0,088,0,0,0,0,0,0,1,0.6502878401571168,-0.7596879128588213,0.9379999767747389,0.3466353178350258,-0.5715613187423437,-0.8205593573395608,0.9540857816096938,-0.29953350618957414,0.806081108260693,0.5918050750924775,0.4517714714916838,0.8921336993669944,0.23223511861151147,0.9726596782449127,0.11691946321097965,0.9931413993598577,0.05856022814223956,0.9982838773014061,0.029292684228266686,0.9995708772521852,1,0,0,0,99,17
1701533760,12,3,6,16,018.4,0.0,088,0,0,0,0,0,0,1,-0.2879033166650653,-0.9576594803233847,0.9893582466233818,-0.14550003380861354,-0.7568024953079283,-0.6536436208636119,0.9092974268256817,-0.4161468365471424,0.8414709848078965,0.5403023058681398,0.479425538604203,0.8775825618903728,0.24740395925452294,0.9689124217106447,0.12467473338522769,0.992197667229329,0.0624593178423802,0.9980475107000991,0.03124491398532608,0.9995117584851364,1,0,0,0,99,15
1701533820,12,3,6,17,018.4,0.0,088,0,0,0,0,0,0,1,-0.9613974918795568,-0.27516333805159693,0.7984871126234903,-0.6020119026848236,-0.8949893582285835,-0.4460874899137928,0.850319789818452,-0.5262663347043051,0.8735749351670712,0.4866896677019633,0.5066114548142574,0.8621744799348805,0.2625123997691533,0.964928619104771,0.13242239405634718,0.9911933764671682,0.06635745449017677,0.9977959151217167,0.03319702455253542,0.9994488268845275,1,0,0,0,99,15
1701533880,12,3,6,18,018.4,0.0,088,0,0,0,0,0,0,1,-0.7509872467716762,0.6603167082440802,0.4121184852417566,-0.9111302618846769,-0.977530117665097,-0.2107957994307797,0.7780731968879212,-0.6281736227227391,0.9022675940990952,0.4311765167986662,0.5333026735360201,0.8459244992310679,0.2775567516463363,0.9607092430155619,0.1401619723470637,0.9901285883701071,0.07025457860486005,0.9975290944052978,0.03514900848318622,0.9993820826904237,1,0,0,0,99,12
1701533940,12,3,6,19,018.4,0.0,088,0,0,0,0,0,0,1,0.14987720966295234,0.9887046181866692,-0.0751511204618093,-0.9971721561963784,-0.999292788975378,0.03760215288797655,0.6936850319532718,-0.7202784714566918,0.9274369173848677,0.37397963082453317,0.5594731312473669,0.8288484876093257,0.29253334202332754,0.9562553235431753,0.14789299587340962,0.9890033679273229,0.07415063072111083,0.9972470526221983,0.03710085833105311,0.9993115261574336,1,0,0,0,99,12
1701534060,12,3,6,21,018.4,0.0,088,0,0,0,0,0,0,1,0.836655638536056,-0.5477292602242684,-0.8796957599716702,-0.47553692799599256,-0.858934493426592,0.5120854772418407,0.4939202986100892,-0.8695071814659844,0.9668265566961802,0.2554337668888117,0.6101500770757914,0.7922858596771786,0.3222686304333866,0.9466482608860534,0.16332749173661285,0.9865719083994976,0.08193928117973213,0.9966373233025887,0.041004125996119335,0.9991589771659435,1,0,0,0,99,12
1701534120,12,3,6,22,018.4,0.0,088,0,0,0,0,0,0,1,-0.008851309290403876,-0.9999608263946371,-0.9999902065507035,0.004425697988050785,-0.7055403255703919,0.70866977429126,0.3816609920523317,-0.9243023786324636,0.9808930570231557,0.19454770798898718,0.6346070800152693,0.7728349461524715,0.33702006902225307,0.9414974631278811,0.17103002203139503,0.9852658177182139,0.08583176067687935,0.996309645069798,0.042955528923538926,0.9990769852893715,1,0,0,0,99,12
1701534180,12,3,6,23,018.4,0.0,088,0,0,0,0,0,0,1,-0.8462204041751706,-0.5328330203333975,-0.8754521746884285,0.4833047587530059,-0.5082790774992584,0.8611924171615208,0.26344599336342084,-0.9646741463213163,0.9911291909537616,0.13290194445282522,0.6584443999105676,0.7526293724180665,0.3516892289948141,0.9361168122670553,0.17872211353515366,0.983899591489664,0.08972293048696088,0.9959667643776232,0.04490676798867188,0.9989911822377671,1,0,0,0,99,12
1701534240,12,3,6,24,018.4,0.0,088,0,0,0,0,0,0,1,-0.9055783620066239,0.424179007336997,-0.5365729180004349,0.8438539587324921,-0.27941549819892586,0.960170286650366,0.1411200080598672,-0.9899924966004454,0.9974949866040544,0.0707372016677029,0.6816387600233341,0.7316888688738209,0.36627252908604757,0.9305076219123143,0.18640329676226988,0.9824733131012553,0.09361273123551289,0.9956086864580017,0.04685783574813424,0.9989015683384429,1,0,0,0,99,12
1701534300,12,3,6,25,018.4,0.0,088,0,0,0,0,0,0,1,-0.13235175009777303,0.9912028118634736,-0.06632189735120068,0.9977982791785807,-0.03317921654755682,0.9994494182244994,0.016591892229347906,-0.9998623450816866,0.9999655856782489,0.008296231623858378,0.7041675114545337,0.7100338835660797,0.38076640899239017,0.9246712614670362,0.1940731028929098,0.9809870696056692,0.09750110356896174,0.9952354167747622,0.04880872475919552,0.9988081439332486,1,0,0,0,99,12
1701534360,12,3,6,26,018.4,0.0,088,0,0,0,0,0,0,1,0.7625584504796027,0.6469193223286404,0.4201670368266409,0.9074467814501962,0.21511998808781552,0.9765876257280235,-0.10819513453010837,-0.9941296760805463,0.9985313405398316,-0.05417713502693632,0.7260086552607126,0.6876855622205048,0.39516733024093426,0.9186091557949183,0.2017310638016388,0.9794409517155483,0.10138798815552964,0.9948469610235406,0.05075942757980711,0.99871090937857,1,0,0,0,99,11
1701534420,12,3,6,27,018.4,0.0,088,0,0,0,0,0,0,1,0.956375928404503,-0.2921388087338362,0.8037844265516209,0.594920663309892,0.4500440737806176,0.8930063446890767,-0.23129381240202182,-0.9728839459794464,0.9931978518853749,-0.11643894112485227,0.7471408639355942,0.6646657275936332,0.40947177705329507,0.9123227848721178,0.20937671208599365,0.9778350537979598,0.10527332568613999,0.9944433251316939,0.05270993676863066,0.9986098650453273,1,0,0,0,99,11
1701534480,12,3,6,28,018.4,0.0,088,0,0,0,0,0,0,1,0.27090578830786904,-0.9626058663135666,0.9906073556948704,0.1367372182078336,0.6569865987187891,0.7539022543433046,-0.35078322768961984,-0.9364566872907963,0.9839859468739369,-0.17824605564949209,0.7675435022360271,0.6409968581633251,0.42367625720393803,0.9058136834259364,0.21700958109501015,0.9761694738686353,0.10915705687532236,0.9940245152582091,0.05466024488506646,0.9985050113189741,1,0,0,0,99,8
1701534540,12,3,6,29,018.4,0.0,088,0,0,0,0,0,0,1,-0.6636338842129675,-0.7480575296890004,0.934895055524683,-0.354924266788705,0.8230808790115055,0.5679241732886948,-0.46479878803160896,-0.8854163352030204,0.9709315977974505,-0.2393571231413216,0.7871966473319489,0.616702066178912,0.4377773028727551,0.8990834405601384,0.2246292049577053,0.9744443135859889,0.11303912246211711,0.9935905377936096,0.05661034448928185,0.9983963485994952,1,0,0,0,99,7
1701534660,12,3,6,31,018.4,0.0,088,0,0,0,0,0,0,1,-0.404037645323065,0.9147423578045313,0.2064674819377966,-0.9784534628188842,0.9945987791111761,0.10379435721925297,-0.669404826237736,-0.7428978251479987,0.9335142808623762,-0.3585402173062328,0.8241784446666367,0.5663301963933087,0.46565534658516017,0.8849661565261433,0.23982685783066157,0.9708156767703494,0.12079801991268428,0.9926771068102531,0.06050988840572611,0.9981675978537505,1,0,0,0,99,6
1701534720,12,3,6,32,018.4,0.0,088,0,0,0,0,0,0,1,0.5514266812416906,0.8342233605065102,-0.2879033166650653,-0.9576594803233847,0.9893582466233818,-0.14550003380861354,-0.7568024953079283,-0.6536436208636119,0.9092974268256817,-0.4161468365471424,0.8414709848078965,0.5403023058681398,0.479425538604203,0.8775825618903728,0.24740395925452294,0.9689124217106447,0.12467473338522769,0.992197667229329,0.0624593178423802,0.9980475107000991,1,0,0,0,99,5
1701534780,12,3,6,33,018.4,0.0,088,0,0,0,0,0,0,1,0.9999118601072672,-0.013276747223059479,-0.711785342369123,-0.7023970575027135,0.9226042102393402,-0.3857479374522218,-0.8323905145579873,-0.5541895264924167,0.8815297857963782,-0.4721284112969602,0.8579418428124834,0.513746819310368,0.49307868575392305,0.8699847180584174,0.2549659604158785,0.9669500292306779,0.12854954447473196,0.9917030879327435,0.06440850901572104,0.9979236162985481,1,0,0,0,99,5
1701534840,12,3,6,34,018.4,0.0,088,0,0,0,0,0,0,1,0.5290826861200238,-0.8485702747846052,-0.9613974918795568,-0.27516333805159693,0.7984871126234903,-0.6020119026848236,-0.8949893582285835,-0.4460874899137928,0.850319789818452,-0.5262663347043051,0.8735749351670712,0.4866896677019633,0.5066114548142574,0.8621744799348805,0.2625123997691533,0.964928619104771,0.13242239405634718,0.9911933764671682,0.06635745449017677,0.9977959151217167,1,0,0,0,99,4
1701534900,12,3,6,35,018.4,0.0,088,0,0,0,0,0,0,1,-0.428182669496151,-0.9036922050915067,-0.9756260054681576,0.2194399632114593,0.6247239537541924,-0.7808456836057491,-0.9436221923009624,-0.3310244072528874,0.815789313258297,-0.5783491993368335,0.888354996422273,0.4591572718923041,0.520020541953727,0.8541537542773854,0.27004281671858504,0.9628483147093797,0.1362932230351537,0.990668540610173,0.06830614683111276,0.9976644076567464,1,0,0,0,99,2
1701534960,12,3,6,36,018.5,0.0,088,0,0,0,0,0,0,1,-0.9917788534431158,-0.12796368962740468,-0.7509872467716762,0.6603167082440802,0.4121184852417566,-0.9111302618846769,-0.977530117665097,-0.2107957994307797,0.7780731968879212,-0.6281736227227391,0.9022675940990952,0.4311765167986662,0.5333026735360201,0.8459244992310679,0.2775567516463363,0.9607092430155619,0.1401619723470637,0.9901285883701071,0.07025457860486005,0.9975290944052978,1,0,0,0,99,2
1701535080,12,3,6,38,018.5,0.0,088,0,0,0,0,0,0,1,0.2963685787093853,0.9550736440472949,0.14987720966295234,0.9887046181866692,-0.0751511204618093,-0.9971721561963784,-0.999292788975378,0.03760215288797655,0.6936850319532718,-0.7202784714566918,0.9274369173848677,0.37397963082453317,0.5594731312473669,0.8288484876093257,0.29253334202332754,0.9562553235431753,0.14789299587340962,0.9890033679273229,0.07415063072111083,0.9972470526221983,1,0,0,0,99,2
1701535140,12,3,6,39,018.5,0.0,088,0,0,0,0,0,0,1,0.9637953862840878,0.26664293235993725,0.605539869719601,0.7958149698139441,-0.31951919362227366,-0.9475798039779932,-0.9868079357144411,0.16189533041753676,0.6473425173671444,-0.7621992293414946,0.9386690655767598,0.34481935173254513,0.5723550682345072,0.820005899897234,0.299995083378683,0.9539407476088947,0.1517551521219383,0.9884181168940841,0.0760982362013597,0.9971003251664509,1,0,0,0,99,1
1701535260,12,3,6,41,018.5,0.0,088,0,0,0,0,0,0,1,-0.158622668804709,-0.9873392775238264,0.9968297942787993,-0.07956356727854007,-0.7346984304047954,-0.6783938504738453,-0.9160769210262436,0.40100258697803604,0.5472647499254653,-0.8369595530782943,0.9583735057581397,0.28551746612221973,0.5976966345387016,0.8017223540984184,0.3148631813197452,0.949137069684463,0.15947245893184342,0.9872023778548304,0.07999256885851808,0.996795459925162,1,0,0,0,99,1
1701535320,12,3,6,42,018.5,0.0,088,0,0,0,0,0,0,1,-0.9165215479156338,-0.39998531498835127,0.836655638536056,-0.5477292602242684,-0.8796957599716702,-0.47553692799599256,-0.858934493426592,0.5120854772418407,0.4939202986100892,-0.8695071814659844,0.9668265566961802,0.2554337668888117,0.6101500770757914,0.7922858596771786,0.3222686304333866,0.9466482608860534,0.16332749173661285,0.9865719083994976,0.08193928117973213,0.9966373233025887,1,0,0,0,99,1
1701535380,12,3,6,43,018.5,0.0,088,0,0,0,0,0,0,1,-0.8317747426285983,0.5551133015206257,0.47163900309419615,-0.8817917275413242,-0.9699978679206785,-0.24311342256103,-0.7883886803350966,0.6151774449047079,0.4386470990986331,-0.898659402917676,0.9743355179089173,0.22510064091681745,0.6224545602223437,0.7826559400262728,0.32965440993086015,0.9441016735570044,0.16718003236480675,0.9859263850706614,0.08388568092749371,0.9964753848115521,1,0,0,0,99,1
1701535440,12,3,6,44,018.5,0.0,088,0,0,0,0,0,0,1,0.017701925105413577,0.9998433086476912,-0.008851309290403876,-0.9999608263946371,-0.9999902065507035,0.004425697988050785,-0.7055403255703919,0.70866977429126,0.3816609920523317,-0.9243023786324636,0.9808930570231557,0.19454770798898718,0.6346070800152693,0.7728349461524715,0.33702006902225307,0.9414974631278811,0.17103002203139503,0.9852658177182139,0.08583176067687935,0.996309645069798,1,0,0,0,99,1
1701535500,12,3,6,45,018.5,0.0,088,0,0,0,0,0,0,1,0.8509035245341184,0.5253219888177297,-0.4871745124605095,-0.8733046400935156,-0.9678079975112615,0.2516896500717544,-0.6116822499992318,0.7911035488707386,0.32318450699968687,-0.9463359733389455,0.9864927707132337,0.16380480252583335,0.6466046695911524,0.7628252757105762,0.3443651581456984,0.9388357885462655,0.17487740199027219,0.9845902164215998,0.0877775130041863,0.9961401047095734,1,0,0,0,99,1
1701535560,12,3,6,46,018.5,0.0,088,0,0,0,0,0,0,1,0.9017883476488092,-0.4321779448847783,-0.8462204041751706,-0.5328330203333975,-0.8754521746884285,0.4833047587530059,-0.5082790774992584,0.8611924171615208,0.26344599336342084,-0.9646741463213163,0.9911291909537616,0.13290194445282522,0.6584443999105676,0.7526293724180665,0.3516892289948141,0.9361168122670553,0.17872211353515366,0.983899591489664,0.08972293048696088,0.9959667643776232,1,0,0,0,99,1
1701535620,12,3,6,47,018.5,0.0,088,0,0,0,0,0,0,1,0.123573122745224,-0.9923354691509287,-0.9980820279793963,-0.061905293994420546,-0.72866497582717,0.6848703183835534,-0.39694437999324705,0.9178426658157577,0.20267872876086712,-0.9792452874065205,0.9947977903590559,0.10186930988644112,0.6701233804731629,0.7422497254585013,0.35899183454606504,0.9333407002425484,0.18256409800047155,0.9831939534604931,0.09166800570402665,0.995789624735188,1,0,0,0,99,1
1701535680,12,3,6,48,018.5,0.0,088,0,0,0,0,0,0,1,-0.7682546613236668,-0.6401443394691997,-0.9055783620066239,0.424179007336997,-0.5365729180004349,0.8438539587324921,-0.27941549819892586,0.960170286650366,0.1411200080598672,-0.9899924966004454,0.9974949866040544,0.0707372016677029,0.6816387600233341,0.7316888688738209,0.36627252908604757,0.9305076219123143,0.18640329676226988,0.9824733131012553,0.09361273123551289,0.9956086864580017,1,0,0,0,99,0
1701535740,12,3,6,49,018.6,0.0,087,0,0,0,0,0,0,1,-0.9537526527594719,0.3005925437436371,-0.5913575298651244,0.8064094939122546,-0.3111193549811273,0.9503708470676735,-0.157526431008143,0.987514771299061,0.07901021674738969,-0.9968738062811815,0.999218145922396,0.03953601977196579,0.692987727246318,0.7209493809456964,0.37353086823869297,0.9276177501928519,0.19023965123909906,0.9817376814080357,0.09555709966288278,0.9954239502362889,1,0,0,0,99,0
1701535860,12,3,6,51,018.6,0.0,087,0,0,0,0,0,0,1,0.6702291758433747,0.7421541968137826,0.3590583540221683,0.933315112063922,0.182599134631134,0.9831874470475918,0.09168574849017776,0.9957879912530557,-0.045891223272779696,-0.9989464428219001,0.9997365760093756,-0.022951657653640416,0.7151753832640076,0.6989450415971057,0.38797870972702503,0.9216683355733519,0.19790359322994627,0.9802214891475681,0.09944473553796578,0.9950430867926193,1,0,0,0,99,0
1701535920,12,3,6,52,018.6,0.0,087,0,0,0,0,0,0,1,0.9866275920404853,-0.16299078079570548,0.7625584504796027,0.6469193223286404,0.4201670368266409,0.9074467814501962,0.21511998808781552,0.9765876257280235,-0.10819513453010837,-0.9941296760805463,0.9985313405398316,-0.05417713502693632,0.7260086552607126,0.6876855622205048,0.39516733024093426,0.9186091557949183,0.2017310638016388,0.9794409517155483,0.10138798815552964,0.9948469610235406,1,0,0,0,99,0
1701535980,12,3,6,53,018.6,0.0,087,0,0,0,0,0,0,1,0.39592515018183416,-0.9182827862121189,0.979357643103917,0.20213512038718198,0.6316109877182386,0.775285470129288,0.33519735222008545,0.9421479369316923,-0.1700765461024943,-0.9854308542286699,0.9963510561615996,-0.08534970934727917,0.7366646826566614,0.6762581942766833,0.4023318317777731,0.9154939088483012,0.2055554562054955,0.9786454692196509,0.10333085400873529,0.9946470402156865,1,0,0,0,99,0
1701536040,12,3,6,54,018.6,0.0,087,0,0,0,0,0,0,1,-0.5587890488516163,-0.8293098328631502,0.956375928404503,-0.2921388087338362,0.8037844265516209,0.594920663309892,0.4500440737806176,0.8930063446890767,-0.23129381240202182,-0.9728839459794464,0.9931978518853749,-0.11643894112485227,0.7471408639355942,0.6646657275936332,0.40947177705329507,0.9123227848721178,0.20937671208599365,0.9778350537979598,0.10527332568613999,0.9944433251316939,1,0,0,0,99,0
1701536100,12,3,6,55,018.7,0.0,087,0,0,0,0,0,0,1,-0.9997551733586199,0.022126756261955736,0.6992400316550977,-0.7148869687796651,0.9259824428086272,0.3775665710972933,0.5578680080909402,0.8299296871112918,-0.2916078813138529,-0.9565379467410825,0.9890748067616226,-0.14741447225241752,0.7574346414881015,0.6529109923058358,0.41658673028204113,0.909095977415431,0.2131947731354699,0.9770097178164174,0.10721539577780473,0.9942358165486741,1,0,0,0,99,0
1701536160,12,3,6,56,018.7,0.0,087,0,0,0,0,0,0,1,-0.5215510020869119,0.8532201077225842,0.27090578830786904,-0.9626058663135666,0.9906073556948704,0.1367372182078336,0.6569865987187891,0.7539022543433046,-0.35078322768961984,-0.9364566872907963,0.9839859468739369,-0.17824605564949209,0.7675435022360271,0.6409968581633251,0.42367625720393803,0.9058136834259364,0.21700958109501015,0.9761694738686353,0.10915705687532236,0.9940245152582091,1,0,0,0,99,1
1701536220,12,3,6,57,018.7,0.0,087,0,0,0,0,0,0,1,0.43616475524782494,0.8998668269691937,-0.22375564018679642,-0.9746452757206577,0.9936411011327626,-0.11259379263383548,0.7458531332084875,0.6661104290454266,-0.4085887730680895,-0.9127185845169985,0.9779362414076386,-0.2089035847981091,0.7774649782460008,0.6289262338310793,0.4307399251108032,0.9024761032379415,0.2208210777553385,0.9753143347757023,0.11109830157184598,0.9938094220663493,1,0,0,0,99,1
1701536280,12,3,6,58,018.7,0.0,087,0,0,0,0,0,0,1,0.9928726480845371,0.11918013544881928,-0.6636338842129675,-0.7480575296890004,0.934895055524683,-0.354924266788705,0.8230808790115055,0.5679241732886948,-0.46479878803160896,-0.8854163352030204,0.9709315977974505,-0.2393571231413216,0.7871966473319489,0.616702066178912,0.4377773028727551,0.8990834405601384,0.2246292049577053,0.9744443135859889,0.11303912246211711,0.9935905377936096,1,0,0,0,99,1
1701536340,12,3,6,59,018.7,0.0,087,0,0,0,0,0,0,1,0.6367380071391379,-0.7710802229758452,-0.9410314083429535,-0.3383192109710552,0.8180217634546941,-0.5751872690824027,0.8874647229840752,0.46087565075494996,-0.5191937736746512,-0.8546565540481598,0.9629788559589872,-0.26957693331574223,0.7967361336464357,0.6043273395620364,0.4447879609645272,0.8956359024631707,0.22843390459477475,0.9735594235749482,0.11497951214249395,0.9933678632749673,1,0,0,0,99,1
1701536460,12,3,6,61,018.7,0.0,087,0,0,0,0,0,0,1,-0.9661177700083929,-0.25810163593826746,-0.7931272394572851,0.6090559761063561,0.4421221685765394,-0.8969548417022889,0.9738980546500462,0.2269858567154693,-0.621696929091873,-0.7832578939006837,0.9442610586857545,-0.3291975896777772,0.8152292897331944,0.579138329901511,0.4587274082167366,0.8885770450280356,0.23603278900606633,0.9717450913248895,0.11885896826725052,0.992911146912172,1,0,0,0,99,0
1701536520,12,3,6,62,018.8,0.0,087,0,0,0,0,0,0,1,-0.7391806966492228,0.6735071623235863,-0.404037645323065,0.9147423578045313,0.2064674819377966,-0.9784534628188842,0.9945987791111761,0.10379435721925297,-0.669404826237736,-0.7428978251479987,0.9335142808623762,-0.3585402173062328,0.8241784446666367,0.5663301963933087,0.46565534658516017,0.8849661565261433,0.23982685783066157,0.9708156767703494,0.12079801991268428,0.9926771068102531,1,0,0,0,99,0
1701536580,12,3,6,63,018.8,0.0,087,0,0,0,0,0,0,1,0.16735570030280691,0.9858965815825497,0.08397445569174683,0.9964679075571249,-0.04202435271884079,-0.999116586679734,0.9997791222764492,-0.021016818506448383,-0.7144987118625367,-0.6996367562862716,0.9218559421857278,-0.38753273649701414,0.832926388253192,0.5533838014899721,0.47255486375130445,0.8813012542513405,0.2436172671924749,0.9698714487630153,0.12273661075038828,0.9924392799468931,1,0,0,0,99,0
1701536640,12,3,6,64,018.8,0.0,087,0,0,0,0,0,0,1,0.9200260381967906,0.39185723042955,0.5514266812416906,0.8342233605065102,-0.2879033166650653,-0.9576594803233847,0.9893582466233818,-0.14550003380861354,-0.7568024953079283,-0.6536436208636119,0.9092974268256817,-0.4161468365471424,0.8414709848078965,0.5403023058681398,0.479425538604203,0.8775825618903728,0.24740395925452294,0.9689124217106447,0.12467473338522769,0.992197667229329,1,0,0,0,99,0
1701536700,12,3,6,65,018.8,0.0,087,0,0,0,0,0,0,1,0.8268286794901035,-0.562453851238172,0.8838704235458307,0.4677318402470736,-0.5158818468181093,-0.8566597458288424,0.9634987664311881,-0.2677127697469413,-0.7961509812048658,-0.6050980210895829,0.8958509979593657,-0.44435457627350766,0.8498101482900483,0.5270889031873525,0.48626695179327556,0.8738103064130545,0.25118687623654373,0.9679386102468107,0.12661238042385375,0.9919522695792401,1,0,0,0,99,0
1701536760,12,3,6,66,018.8,0.0,087,0,0,0,0,0,0,1,-0.026551154023966794,-0.99964745596635,0.9999118601072672,-0.013276747223059479,-0.711785342369123,-0.7023970575027135,0.9226042102393402,-0.3857479374522218,-0.8323905145579873,-0.5541895264924167,0.8815297857963782,-0.4721284112969602,0.8579418428124834,0.513746819310368,0.49307868575392305,0.8699847180584174,0.2549659604158785,0.9669500292306779,0.12854954447473196,0.9917030879327435,1,0,0,0,99,0
1701536820,12,3,6,67,018.8,0.0,087,0,0,0,0,0,0,1,-0.8555199789753223,-0.5177697997895051,0.8711400001691764,-0.4910347239302405,-0.8634334728079056,-0.504462722145928,0.8673127239196736,-0.4977636376102979,-0.8653795807650819,-0.5011169336540635,0.8663477747573614,-0.4994412209389292,0.8658640831386093,0.5002793115156127,0.49986032473301345,0.8661060303206567,0.2587411541283521,0.9659466937467762,0.13048621814817024,0.9914501232403918,1,0,0,0,99,0
1701536880,12,3,6,68,018.8,0.0,087,0,0,0,0,0,0,1,-0.8979276806892913,0.4401430224960407,0.5290826861200238,-0.8485702747846052,-0.9613974918795568,-0.27516333805159693,0.7984871126234903,-0.6020119026848236,-0.8949893582285835,-0.4460874899137928,0.850319789818452,-0.5262663347043051,0.8735749351670712,0.4866896677019633,0.5066114548142574,0.8621744799348805,0.2625123997691533,0.964928619104771,0.13242239405634718,0.9911933764671682,1,0,0,0,99,0
1701536940,12,3,6,69,018.8,0.0,087,0,0,0,0,0,0,1,-0.11478481378318722,0.9933903797222716,0.057487478104924564,-0.9983462274487422,-0.9995864713592172,-0.028755630329187164,0.7172013769957456,-0.6968659733660458,-0.9211042214011522,-0.38931608407176954,0.8334614820349437,-0.5525775583247253,0.8810725164039352,0.4729812055860543,0.5133316639434712,0.8581903068626603,0.26627963979371355,0.9638958208392285,0.1343580648133402,0.9909328485924838,1,0,0,0,99,1
1701537060,12,3,6,71,018.7,0.0,087,0,0,0,0,0,0,1,0.9510546532543747,-0.3090227281660707,-0.8090187662119065,-0.587782813560387,-0.8910058399248534,0.45399184267980686,0.5224979221586403,-0.8526405581133842,-0.9624553387335394,-0.27144008720767066,0.7973205400614205,-0.6035560921705327,0.8954205973090336,0.4452212415358611,0.5266776805903868,0.8500650685494203,0.2738018731223179,0.9617861166988793,0.13822786133974724,0.9904004535284905,1,0,0,0,99,1
1701537120,12,3,6,72,018.8,0.0,087,0,0,0,0,0,0,1,0.25382336276203626,-0.9672505882738824,-0.9917788534431158,-0.12796368962740468,-0.7509872467716762,0.6603167082440802,0.4121184852417566,-0.9111302618846769,-0.977530117665097,-0.2107957994307797,0.7780731968879212,-0.6281736227227391,0.9022675940990952,0.4311765167986662,0.5333026735360201,0.8459244992310679,0.2775567516463363,0.9607092430155619,0.1401619723470637,0.9901285883701071,1,0,0,0,99,1
1701537180,12,3,6,73,018.7,0.0,087,0,0,0,0,0,0,1,-0.6767719568873076,-0.7361927182273159,-0.9317168878547055,0.36318540841606234,-0.5642759039618552,0.8255862790817391,0.29530807719927077,-0.9554020826546641,-0.9887876624065108,-0.14932835856818344,0.7580660784417752,-0.6521777523926344,0.9088943151963913,0.41702652649883415,0.5398951164352044,0.8417322990413384,0.2813073949958138,0.9596177100911952,0.14209554867905747,0.9898529461721057,1,0,0,0,99,1
1701537240,12,3,6,74,018.7,0.0,087,0,0,0,0,0,0,1,-0.9851462604682474,0.17171734183077755,-0.6435381333569995,0.7654140519453434,-0.34248061846961253,0.939524893748256,0.17388948538043356,-0.9847651734673236,-0.9961840124864793,-0.08727779366103493,0.737318721334619,-0.6755450415549525,0.9152991427820066,0.40277472515355744,0.5464546069192036,0.8374887238505236,0.28505374594054744,0.9585115345812286,0.14402858295972257,0.9895735279859775,1,0,0,0,99,1
1701537300,12,3,6,75,018.7,0.0,087,0,0,0,0,0,0,1,-0.38778163540943045,0.9217512697247493,-0.19779879963646227,0.9802426408101081,-0.09939154689884817,0.9950484010363788,0.04975740630107862,-0.998761333111264,-0.9996902853162234,-0.02488641083740215,0.7158513850085791,-0.698252672448376,0.9214805132091443,0.38842459213573494,0.5529807446305274,0.8331940326645814,0.288795747315831,0.9573907333645395,0.14596106781512072,0.9892903348776181,1,0,0,0,99,1
1701537360,12,3,6,76,018.7,0.0,087,0,0,0,0,0,0,1,0.5661076368981803,0.8243313311075577,0.2963685787093853,0.9550736440472949,0.14987720966295234,0.9887046181866692,-0.0751511204618093,-0.9971721561963784,-0.999292788975378,0.03760215288797655,0.6936850319532718,-0.7202784714566918,0.9274369173848677,0.37397963082453317,0.5594731312473669,0.8288484876093257,0.29253334202332754,0.9562553235431753,0.14789299587340962,0.9890033679273229,1,0,0,0,99,1
1701537420,12,3,6,77,018.7,0.0,087,0,0,0,0,0,0,1,0.9995201585807313,-0.03097503173121646,0.7179745927716441,0.6960693098638897,0.3898273272463786,0.9208879708911095,-0.1988869391248336,-0.9800224412969096,-0.9949930756786476,0.09994388101102124,0.6708413072362862,-0.7416009307609522,0.9331669011385242,0.35944336775008645,0.565931370507906,0.8244523539144292,0.29626647303194026,0.9551053224420931,0.14982435976487088,0.9887126282297838,1,0,0,0,99,1
1701537480,12,3,6,78,018.7,0.0,087,0,0,0,0,0,0,1,0.5139784559875352,-0.8578030932449878,0.9637953862840878,0.26664293235993725,0.605539869719601,0.7958149698139441,-0.31951919362227366,-0.9475798039779932,-0.9868079357144411,0.16189533041753676,0.6473425173671444,-0.7621992293414946,0.9386690655767598,0.34481935173254513,0.5723550682345072,0.820005899897234,0.299995083378683,0.9539407476088947,0.1517551521219383,0.9884181168940841,1,0,0,0,99,1
1701537540,12,3,6,79,018.7,0.0,088,0,0,0,0,0,0,1,-0.4441126687075084,-0.8959709467909631,0.9736454556949781,-0.22806693448309956,0.7836028759783554,0.6212620483809149,-0.43516545796919887,-0.9003505007442698,-0.9747693318791554,0.22321458202336397,0.6232116085153726,-0.782053253309314,0.943942067425039,0.330111153015682,0.5787438323577704,0.8155093969463755,0.30371911616954944,0.9527616168135594,0.1536853655792259,0.9881198350436954,1,0,0,0,99,1
1701537660,12,3,6,81,018.7,0.0,088,0,0,0,0,0,0,1,-0.6298879942744539,0.7766859820216312,0.33415117684842055,-0.9425194910508831,0.9855251115651197,0.16952950915565845,-0.6443874963266829,-0.7646991268321347,-0.9393346386757316,0.3430020941392817,0.5731482818000584,-0.8194516746395976,0.9537954903016678,0.30045659034243405,0.5914150022013163,0.8063673450551039,0.3111532218577337,0.95035975952665,0.15754402634398745,0.9875119643646476,1,0,0,0,99,1
1701537720,12,3,6,82,018.7,0.0,088,0,0,0,0,0,0,1,0.31322878243308516,0.9496776978825432,-0.158622668804709,-0.9873392775238264,0.9968297942787993,-0.07956356727854007,-0.7346984304047954,-0.6783938504738453,-0.9160769210262436,0.40100258697803604,0.5472647499254653,-0.8369595530782943,0.9583735057581397,0.28551746612221973,0.5976966345387016,0.8017223540984184,0.3148631813197452,0.949137069684463,0.15947245893184342,0.9872023778548304,1,0,0,0,99,1
1701537780,12,3,6,83,018.7,0.0,088,0,0,0,0,0,0,1,0.9683644611001854,0.24954011797333814,-0.6125601529754697,-0.7904239741978156,0.9461564284508708,-0.3237097664592346,-0.8135446412026923,-0.5815024649736085,-0.889241942604376,0.45743717329617606,0.5208468233098019,-0.8536501547168418,0.9627175480681864,0.27050863690754695,0.6039417865541566,0.7970284301414683,0.31856833635699866,0.9478998971783541,0.16140028318073973,0.9868890254679992,1,0,0,0,99,1
1701537840,12,3,6,84,018.7,0.0,088,0,0,0,0,0,0,1,0.7331903200732922,-0.6800234955873388,-0.9165215479156338,-0.39998531498835127,0.836655638536056,-0.5477292602242684,-0.8796957599716702,-0.47553692799599256,-0.858934493426592,0.5120854772418407,0.4939202986100892,-0.8695071814659844,0.9668265566961802,0.2554337668888117,0.6101500770757914,0.7922858596771786,0.3222686304333866,0.9466482608860534,0.16332749173661285,0.9865719083994976,1,0,0,0,99,1
1701537900,12,3,6,85,018.7,0.0,088,0,0,0,0,0,0,1,-0.1760756199485871,-0.9843766433940419,-0.996086503119594,0.08838369930580556,0.675135653292801,-0.7376936014721172,-0.9321195206281534,-0.36215079630444197,-0.8252729234333458,0.5647340983576067,0.4665114691207459,-0.8845151492081995,0.970699528486596,0.24029653637932502,0.616321127181551,0.7874949321676061,0.3259640070869742,0.9453821799059907,0.1652540772477479,0.9862510278590311,1,0,0,0,99,1
1701537960,12,3,6,86,018.7,0.0,088,0,0,0,0,0,0,1,-0.9234584470040598,-0.38369844494974187,-0.8317747426285983,0.5551133015206257,0.47163900309419615,-0.8817917275413242,-0.9699978679206785,-0.24311342256103,-0.7883886803350966,0.6151774449047079,0.4386470990986331,-0.898659402917676,0.9743355179089173,0.22510064091681745,0.6224545602223437,0.7826559400262728,0.32965440993086015,0.9441016735570044,0.16718003236480675,0.9859263850706614,1,0,0,0,99,1
1701538020,12,3,6,87,018.7,0.0,087,0,0,0,0,0,0,1,-0.8218178366308225,0.5697503342653119,-0.4638155159838274,0.8859318072699817,0.23881812402958275,-0.9710643148808378,-0.9927397229084867,-0.1202823451699422,-0.7484257963118128,0.6632185366943757,0.41035439762821135,-0.9119261309706986,0.9777336372884741,0.20984979036122642,0.6285500018450296,0.7777691786003179,0.33333978265403763,0.9428067613780455,0.16910534974085598,0.9855979812728021,1,0,0,0,99,1
1701538080,12,3,6,88,018.7,0.0,087,0,0,0,0,0,0,1,0.03539830273366068,0.9993732836951247,0.017701925105413577,0.9998433086476912,-0.008851309290403876,-0.9999608263946371,-0.9999902065507035,0.004425697988050785,-0.7055403255703919,0.70866977429126,0.3816609920523317,-0.9243023786324636,0.9808930570231557,0.19454770798898718,0.6346070800152693,0.7728349461524715,0.33702006902225307,0.9414974631278811,0.17103002203139503,0.9852658177182139,1,0,0,0,99,1
1701538140,12,3,6,89,018.7,0.0,087,0,0,0,0,0,0,1,0.8600694058124533,0.5101770449416689,0.4948853175526281,0.8689582973139933,-0.25597041106933305,-0.9666846169547733,-0.9916361774750792,0.12906467960915324,-0.6598997349563215,0.7513536715852107,0.3525949009946041,-0.9357760607071574,0.9838130057859464,0.17919812958404827,0.6406254250402305,0.7678535438428503,0.3406952128788645,0.9401737987847912,0.1729540418943841,0.9849298956739996,1,0,0,0,99,1
1701538200,12,3,6,90,018.7,0.0,087,0,0,0,0,0,0,1,0.8939966636005579,-0.4480736161291702,0.8509035245341184,0.5253219888177297,-0.4871745124605095,-0.8733046400935156,-0.9678079975112615,0.2516896500717544,-0.6116822499992318,0.7911035488707386,0.32318450699968687,-0.9463359733389455,0.9864927707132337,0.16380480252583335,0.6466046695911524,0.7628252757105762,0.3443651581456984,0.9388357885462655,0.17487740199027219,0.9845902164215998,1,0,0,0,99,1
1701538260,12,3,6,91,018.7,0.0,087,0,0,0,0,0,0,1,0.10598751175115685,-0.9943674609282015,0.9985908724117705,0.05306853621402457,-0.688088462258297,-0.7256268104935293,-0.9288774974380447,0.37038708772476847,-0.5610761589460167,0.8277641837276992,0.2934585288182137,-0.9559718049523478,0.9889316975788438,0.1483714848743724,0.652544448725766,0.7577504486552193,0.34802984882390525,0.9374834528286937,0.17680009498202517,0.9842467812567877,1,0,0,0,99,1
1701538320,12,3,6,92,018.7,0.0,087,0,0,0,0,0,0,1,-0.7794660696158047,-0.626444447910339,0.9017883476488092,-0.4321779448847783,-0.8462204041751706,-0.5328330203333975,-0.8754521746884285,0.4833047587530059,-0.5082790774992584,0.8611924171615208,0.26344599336342084,-0.9646741463213163,0.9911291909537616,0.13290194445282522,0.6584443999105676,0.7526293724180665,0.3516892289948141,0.9361168122670553,0.17872211353515366,0.983899591489664,1,0,0,0,99,1
1701538380,12,3,6,93,018.7,0.0,087,0,0,0,0,0,0,1,-0.9482821412699473,0.31742870151970165,0.5841965844132856,-0.8116121923430246,-0.9517384599623535,-0.3069102537037296,-0.808365713555359,0.5886806206663637,-0.45349717713213844,0.8912577126360152,0.23317620736685893,-0.9724344997571855,0.9930847143514961,0.1173999579276213,0.6643041630429463,0.7474623595632162,0.3553432428207858,0.9347358877146036,0.18064345031774107,0.9835486484446521,1,0,0,0,99,1
1701538440,12,3,6,94,018.7,0.0,087,0,0,0,0,0,0,1,-0.24525198546765434,0.9694593666699876,0.123573122745224,-0.9923354691509287,-0.9980820279793963,-0.061905293994420546,-0.72866497582717,0.6848703183835534,-0.39694437999324705,0.9178426658157577,0.20267872876086712,-0.9792452874065205,0.9947977903590559,0.10186930988644112,0.6701233804731629,0.7422497254585013,0.35899183454606504,0.9333407002425484,0.18256409800047155,0.9831939534604931,1,0,0,0,99,1
1701538500,12,3,6,95,018.7,0.0,087,0,0,0,0,0,0,1,0.683261714736121,0.7301735609948197,-0.36730534913419133,-0.9301004142012893,-0.9823696896284233,0.18694863706204273,-0.6375936648595081,0.7703728438431753,-0.3388415235451705,0.9408434630275048,0.17198333781575365,-0.9850998586507625,0.9962680007535027,0.08631379191426318,0.6759016970261789,0.7369917882562408,0.36263494849763117,0.931931271139734,0.18448404925665798,0.9828355078902405,1,0,0,0,99,1
1701538560,12,3,6,96,018.7,0.0,087,0,0,0,0,0,0,1,0.9835877454343449,-0.18043044929108396,-0.7682546613236668,-0.6401443394691997,-0.9055783620066239,0.424179007336997,-0.5365729180004349,0.8438539587324921,-0.27941549819892586,0.960170286650366,0.1411200080598672,-0.9899924966004454,0.9974949866040544,0.0707372016677029,0.6816387600233341,0.7316888688738209,0.36627252908604757,0.9305076219123143,0.18640329676226988,0.9824733131012553,1,0,0,0,99,1
1701538620,12,3,6,97,018.7,0.0,087,0,0,0,0,0,0,1,0.3796077390275217,-0.9251475365964139,-0.981108438603097,-0.1934586046207122,-0.7724825579327705,0.6350359814133715,-0.42717913021742326,0.904167014830051,-0.2188983613117615,0.9757476658516921,0.11011887701095537,-0.9939184236776407,0.9984784483597131,0.055143341947869365,0.6873342193038735,0.7263412909741086,0.3699045208063098,0.929069774283425,0.18832183319596135,0.9821073704752004,1,0,0,0,99,0
1701538680,12,3,6,98,018.7,0.0,087,0,0,0,0,0,0,1,-0.5733818719904229,-0.8192882452914593,-0.9537526527594719,0.3005925437436371,-0.5913575298651244,0.8064094939122546,-0.3111193549811273,0.9503708470676735,-0.157526431008143,0.987514771299061,0.07901021674738969,-0.9968738062811815,0.999218145922396,0.03953601977196579,0.692987727246318,0.7209493809456964,0.37353086823869297,0.9276177501928519,0.19023965123909906,0.9817376814080357,1,0,0,0,99,0
1701538740,12,3,6,99,018.7,0.0,087,0,0,0,0,0,0,1,-0.9992068341863537,0.0398208803931389,-0.6928849542336957,0.7210481538680822,-0.3734647547841147,0.9276443698605846,-0.19020466626691288,0.9817444600965631,-0.0955393633625346,0.9954256526975189,0.04782440434799511,-0.998855758530109,0.9997138987055519,0.023919045443861007,0.6985989387896817,0.7155134678829815,0.37715151604959674,0.9261515717966962,0.19215674357579007,0.9813642473100128,1,0,0,0,99,0
1701538800,12,3,6,100,018.7,0.0,087,0,0,0,0,0,0,1,-0.5063656411097588,0.8623188722876839,-0.26237485370392877,0.9649660284921133,-0.13235175009777303,0.9912028118634736,-0.06632189735120068,0.9977982791785807,-0.03317921654755682,0.9994494182244994,0.016591892229347906,-0.9998623450816866,0.9999655856782489,0.008296231623858378,0.7041675114545337,0.7100338835660797,0.38076640899239017,0.9246712614670362,0.1940731028929098,0.9809870696056692,1,0,0,0,99,0
1701538860,12,3,6,101,018.7,0.0,087,0,0,0,0,0,0,1,0.45202578717835057,0.8920048697881602,0.23237376165548454,0.9726265649744922,0.11699024537436405,0.9931330638374931,0.05859580259074419,0.9982817898362899,0.029310494397997367,0.999570355161729,-0.014656821590492326,-0.9998925830212285,0.9999731453947223,-0.007328607602110553,0.7096931053638997,0.7045109624405745,0.3843754919082546,0.9231768417915862,0.19598872188012992,0.9806061497338231,1,0,0,0,99,0
1701538920,12,3,6,102,018.7,0.0,087,0,0,0,0,0,0,1,0.9948267913584063,0.10158570369662134,0.6702291758433747,0.7421541968137826,0.3590583540221683,0.933315112063922,0.182599134631134,0.9831874470475918,0.09168574849017776,0.9957879912530557,-0.045891223272779696,-0.9989464428219001,0.9997365760093756,-0.022951657653640416,0.7151753832640076,0.6989450415971057,0.38797870972702503,0.9216683355733519,0.19790359322994627,0.9802214891475681,1,0,0,0,99,0
1701538980,12,3,6,103,018.7,0.0,087,0,0,0,0,0,0,1,0.6229886314423488,-0.7822308898871159,0.9439891127251193,0.32997659774057014,0.5788019532877502,0.8154681470604999,0.3037530682474665,0.95275079298327,0.15370297169659722,0.9881170965485999,-0.07708081295432778,-0.9970248483735498,0.9992559352772317,-0.03856910438712712,0.7206140105448711,0.6933364607507934,0.3915760074680308,0.9201457658302823,0.19981770963770668,0.9798330893142674,1,0,0,0,99,0
1701539040,12,3,6,104,018.7,0.0,087,0,0,0,0,0,0,1,-0.32162240316253093,-0.9468680107512125,0.9866275920404853,-0.16299078079570548,0.7625584504796027,0.6469193223286404,0.4201670368266409,0.9074467814501962,0.21511998808781552,0.9765876257280235,-0.10819513453010837,-0.9941296760805463,0.9985313405398316,-0.05417713502693632,0.7260086552607126,0.6876855622205048,0.39516733024093426,0.9186091557949183,0.2017310638016388,0.9794409517155483,1,0,0,0,99,0
1701539100,12,3,6,105,018.7,0.0,087,0,0,0,0,0,0,1,-0.9705352835374847,-0.24095904923620143,0.7877052269841179,-0.616052331690985,0.8989027566124672,0.43814818743720435,0.5300244393246389,0.8479823663960249,0.27569696552916134,0.961244601128148,-0.13920380539312127,-0.9902637530295018,0.9975629686965886,-0.06977193909623788,0.7313589881502236,0.6819926909079606,0.3987526232465684,0.9170585289140385,0.20364364842287808,0.9790450778472967,1,0,0,0,99,0
1701539160,12,3,6,106,018.8,0.0,087,0,0,0,0,0,0,1,-0.7271425000808527,0.6864865509069841,0.39592515018183416,-0.9182827862121189,0.979357643103917,0.20213512038718198,0.6316109877182386,0.775285470129288,0.33519735222008545,0.9421479369316923,-0.1700765461024943,-0.9854308542286699,0.9963510561615996,-0.08534970934727917,0.7366646826566614,0.6762581942766833,0.4023318317777731,0.9154939088483012,0.2055554562054955,0.9786454692196509,1,0,0,0,99,0
1701539220,12,3,6,107,018.8,0.0,087,0,0,0,0,0,0,1,0.18478174456066745,0.9827795820412206,-0.09279121175730869,-0.9956855884367365,0.9989208147888241,-0.046445729422969886,0.7233414578962587,0.6904905034021214,0.39338880042387997,0.9193722052036709,-0.20078320995084364,-0.9796356989217142,0.9948958988059289,-0.10090664269087,0.7419254149477796,0.6704824223307908,0.4059049012202299,0.9139153194718838,0.2074664798565255,0.9782421273569963,1,0,0,0,99,0
1701539280,12,3,6,108,018.8,0.0,087,0,0,0,0,0,0,1,0.926818505417785,0.3755095977670121,-0.5587890488516163,-0.8293098328631502,0.956375928404503,-0.2921388087338362,0.8037844265516209,0.594920663309892,0.4500440737806176,0.8930063446890767,-0.23129381240202182,-0.9728839459794464,0.9931978518853749,-0.11643894112485227,0.7471408639355942,0.6646657275936332,0.40947177705329507,0.9123227848721178,0.20937671208599365,0.9778350537979598,1,0,0,0,99,0
1701539340,12,3,6,109,018.8,0.0,087,0,0,0,0,0,0,1,0.8167426066363169,-0.577002178942952,-0.8879758383376634,-0.4598901070131037,0.8543682189235223,-0.5196681118689583,0.8716846080633058,0.49006728524307847,0.5049419346602744,0.8631533135089845,-0.26157856037050853,-0.9651821883740356,0.99125732995374,-0.13194281266132774,0.7523107112959804,0.6588084650862769,0.413032404850832,0.9107163293491221,0.21128614560694461,0.977424250095403,1,0,0,0,99,0
1701539400,12,3,6,110,018.8,0.0,087,0,0,0,0,0,0,1,-0.044242678085070965,-0.999020813314648,-0.9997551733586199,0.022126756261955736,0.6992400316550977,-0.7148869687796651,0.9259824428086272,0.3775665710972933,0.5578680080909402,0.8299296871112918,-0.2916078813138529,-0.9565379467410825,0.9890748067616226,-0.14741447225241752,0.7574346414881015,0.6529109923058358,0.41658673028204113,0.909095977415431,0.2131947731354699,0.9770097178164174,1,0,0,0,99,0
1701539460,12,3,6,111,018.8,0.0,087,0,0,0,0,0,0,1,-0.8645514486106083,-0.5025443191453852,-0.8667595742607592,0.49872621790648564,0.500636485932415,-0.8656576164704166,0.9658306312367652,0.2591740568899436,0.608615618888497,0.7934652030460894,-0.3213524521097596,-0.9469596620358465,0.9866508151407586,-0.1628501427143272,0.7625123417736683,0.6469736692036518,0.4201346991122895,0.9074617537956219,0.21510258739073557,0.9765914585423174,1,0,0,0,99,2
1701539520,12,3,6,112,018.8,0.0,087,0,0,0,0,0,0,1,-0.8899956043668333,0.4559691044442761,-0.5215510020869119,0.8532201077225842,0.27090578830786904,-0.9626058663135666,0.9906073556948704,0.1367372182078336,0.6569865987187891,0.7539022543433046,-0.35078322768961984,-0.9364566872907963,0.9839859468739369,-0.17824605564949209,0.7675435022360271,0.6409968581633251,0.42367625720393803,0.9058136834259364,0.21700958109501015,0.9761694738686353,1,0,0,0,99,2
1701539580,12,3,6,113,018.8,0.0,087,0,0,0,0,0,0,1,-0.09718190589320902,0.9952666362171313,-0.04864855487508726,0.9988159580766447,0.02433148087720227,-0.9997039456950855,0.9999259836845639,0.012166640968536861,0.7027920599407278,0.7113953334709671,-0.37987146940052824,-0.9250392784825321,0.9810808525505256,-0.19359845236657747,0.7725278157990745,0.6349809239785958,0.4272113505171674,0.9041517914539007,0.2189157469736923,0.9757437654051141,1,0,0,0,99,3
1701539640,12,3,6,114,018.8,0.0,087,0,0,0,0,0,0,1,0.7849803886813105,0.6195206125592099,0.43616475524782494,0.8998668269691937,-0.22375564018679642,-0.9746452757206577,0.9936411011327626,-0.11259379263383548,0.7458531332084875,0.6661104290454266,-0.4085887730680895,-0.9127185845169985,0.9779362414076386,-0.2089035847981091,0.7774649782460008,0.6289262338310793,0.4307399251108032,0.9024761032379415,0.2208210777553385,0.9753143347757023,1,0,0,0,99,3
1701539700,12,3,6,115,018.8,0.0,087,0,0,0,0,0,0,1,0.9454353340247703,-0.3258098052199642,0.8141897215084345,0.580598912666927,-0.45793071928681145,-0.8889878831195976,0.9718507815296538,-0.23559723776012562,0.7860016659524729,0.618224377649359,-0.43690709673261263,-0.8995066363427673,0.9745528811569866,-0.2241577164155103,0.7823546882378575,0.6228331572678552,0.4342619271431383,0.9007866443469994,0.22272556617169098,0.9748811836185473,1,0,0,0,99,3
1701539760,12,3,6,116,018.8,0.0,087,0,0,0,0,0,0,1,0.23666139336428604,-0.9715921906288022,0.9928726480845371,0.11918013544881928,-0.6636338842129675,-0.7480575296890004,0.934895055524683,-0.354924266788705,0.8230808790115055,0.5679241732886948,-0.46479878803160896,-0.8854163352030204,0.9709315977974505,-0.2393571231413216,0.7871966473319489,0.616702066178912,0.4377773028727551,0.8990834405601384,0.2246292049577053,0.9744443135859889,1,0,0,0,99,1
1701539820,12,3,6,117,018.8,0.0,087,0,0,0,0,0,0,1,-0.689697940935389,-0.7240971967004738,0.9284657227653786,-0.37141809547969407,-0.8280755084772445,-0.5606165822201061,0.8833506048619953,-0.4687128213415406,0.8569459788520921,0.5154062371850283,-0.49223661120185463,-0.8704614400377044,0.967073275413426,-0.254498094258381,0.7919905600000485,0.610533334774449,0.44128599865934504,0.897366517866153,0.22653198685157808,0.9740037263445538,1,0,0,0,99,1
1701539880,12,3,6,118,018.8,0.0,087,0,0,0,0,0,0,1,-0.9819521690440836,0.1891294205289584,0.6367380071391379,-0.7710802229758452,-0.9410314083429535,-0.3383192109710552,0.8180217634546941,-0.5751872690824027,0.8874647229840752,0.46087565075494996,-0.5191937736746512,-0.8546565540481598,0.9629788559589872,-0.26957693331574223,0.7967361336464357,0.6043273395620364,0.4447879609645272,0.8956359024631707,0.22843390459477475,0.9735594235749482,1,0,0,0,99,1
1701539940,12,3,6,119,018.8,0.0,087,0,0,0,0,0,0,1,-0.3714041014380902,0.9284713207390763,0.18911462035089152,-0.9819550195245901,-0.9954785330494551,-0.09498678980629327,0.7399279660231438,-0.6726861118655962,0.9145179363647266,0.40454535477150383,-0.5456439522383145,-0.8380171104373418,0.9586493390279216,-0.2845899590311104,0.8014330786257547,0.598084459323635,0.44828313635266553,0.8938916207582536,0.2303349509320572,0.9731114069720521,1,0,0,0,99,1
1701540060,12,3,6,121,018.9,0.0,086,0,0,0,0,0,0,1,0.9988152247235795,-0.04866360920015389,-0.7241075918674496,-0.6896870271361664,-0.9191536942035773,0.3938990815322077,0.5505001900398365,-0.8348350380560844,0.9578191473488313,0.28737167740046654,-0.5969205653181726,-0.8023003419544537,0.949289297831397,-0.3144039265384152,0.8106799388594784,0.5854895701298123,0.4552529131538796,0.8903621651131107,0.2341344003845754,0.9722042391167379,1,0,0,0,99,1
1701540120,12,3,6,122,018.8,0.0,086,0,0,0,0,0,0,1,0.4987131538963941,-0.8667670910519801,-0.9661177700083929,-0.25810163593826746,-0.7931272394572851,0.6090559761063561,0.4421221685765394,-0.8969548417022889,0.9738980546500462,0.2269858567154693,-0.621696929091873,-0.7832578939006837,0.9442610586857545,-0.3291975896777772,0.8152292897331944,0.579138329901511,0.4587274082167366,0.8885770450280356,0.23603278900606633,0.9717450913248895,1,0,0,0,99,1
1701540180,12,3,6,123,018.8,0.0,086,0,0,0,0,0,0,1,-0.45990349068959124,-0.8879689066918555,-0.9715886235161092,0.23667603734656428,-0.617787974410896,0.7863447200008926,0.3268449785441926,-0.9450779650380419,0.9861739108894643,0.16571366111754054,-0.6458662163646817,-0.7634506078056198,0.9390022917452384,-0.3439108839469756,0.8197288832129119,0.5727517420545416,0.4621949036637349,0.8867783663505052,0.23793027723420868,0.9712822366208766,1,0,0,0,99,1
1701540240,12,3,6,124,018.9,0.0,086,0,0,0,0,0,0,1,-0.9956869868891794,-0.09277620459766088,-0.7391806966492228,0.6735071623235863,-0.404037645323065,0.9147423578045313,0.2064674819377966,-0.9784534628188842,0.9945987791111761,0.10379435721925297,-0.669404826237736,-0.7428978251479987,0.9335142808623762,-0.3585402173062328,0.8241784446666367,0.5663301963933087,0.46565534658516017,0.8849661565261433,0.23982685783066157,0.9708156767703494,1,0,0,0,99,1
1701540300,12,3,6,125,018.9,0.0,086,0,0,0,0,0,0,1,-0.6160404591886565,0.7877145121442345,-0.32579555541456173,0.9454402445803316,-0.165166212373579,0.9862657462824945,0.08286812933059823,-0.9965605215646701,0.99913976038507,0.04146973857724405,-0.6922897736579516,-0.7216196153712994,0.9277983658563156,-0.37308201821362325,0.8285777025160715,0.5598740848558614,0.469108684178911,0.8831404432070421,0.2417225235605465,0.9703454135530919,1,0,0,0,99,0
1701540360,12,3,6,126,018.9,0.0,086,0,0,0,0,0,0,1,0.329990825673782,0.9439841391523142,0.16735570030280691,0.9858965815825497,0.08397445569174683,0.9964679075571249,-0.04202435271884079,-0.999116586679734,0.9997791222764492,-0.021016818506448383,-0.7144987118625367,-0.6996367562862716,0.9218559421857278,-0.38753273649701414,0.832926388253192,0.5533838014899721,0.47255486375130445,0.8813012542513405,0.2436172671924749,0.9698714487630153,1,0,0,0,99,0
1701540420,12,3,6,127,018.9,0.0,086,0,0,0,0,0,0,1,0.972630067242408,0.23235910202965793,0.6195324438519512,0.784971051068018,0.3278939988258263,0.9447145206537312,-0.16626105879951092,-0.9860817716228536,0.9965143680908102,-0.08342130536363722,-0.7360099542002259,-0.6769707137817569,0.9156884606081254,-0.40188884422078897,0.8372242364566345,0.5468597424290853,0.4759938327178802,0.8794486177227995,0.24551108149857567,0.9693937842081513,1,0,0,0,99,0
1701540480,12,3,6,128,018.9,0.0,086,0,0,0,0,0,0,1,0.7210377105017316,-0.6928958219201651,0.9200260381967906,0.39185723042955,0.5514266812416906,0.8342233605065102,-0.2879033166650653,-0.9576594803233847,0.9893582466233818,-0.14550003380861354,-0.7568024953079283,-0.6536436208636119,0.9092974268256817,-0.4161468365471424,0.8414709848078965,0.5403023058681398,0.479425538604203,0.8775825618903728,0.24740395925452294,0.9689124217106447,1,0,0,0,99,0
1701540540,12,3,6,129,018.9,0.0,086,0,0,0,0,0,0,1,-0.19347339203846847,-0.9811055226493881,0.9952651713612277,-0.0971969067167568,0.740674323409674,0.6718642322981792,-0.4050529395658183,-0.914293233130974,0.9783387023753517,-0.20701058773529676,-0.7768560316221071,-0.6296782560422042,0.9026844011176343,-0.4303032325917363,0.8456663741073475,0.5337118920392648,0.48284992904666313,0.8757031152277766,0.24929589323956333,0.9684273631067475,1,0,0,0,99,0
1701540600,12,3,6,130,019.0,0.0,086,0,0,0,0,0,0,1,-0.9301059501867618,-0.3672913304546965,0.8268286794901035,-0.562453851238172,0.8838704235458307,0.4677318402470736,-0.5158818468181093,-0.8566597458288424,0.9634987664311881,-0.2677127697469413,-0.7961509812048658,-0.6050980210895829,0.8958509979593657,-0.44435457627350766,0.8498101482900483,0.5270889031873525,0.48626695179327556,0.8738103064130545,0.25118687623654373,0.9679386102468107,1,0,0,0,99,0
1701540660,12,3,6,131,019.0,0.0,086,0,0,0,0,0,0,1,-0.8116033871367004,0.5842088171092894,0.45595569022148996,-0.8900024767126464,0.9721117417027341,0.23451814779175792,-0.618660590391954,-0.7856583697103207,0.9448963884231754,-0.3273695391218304,-0.8146685028653773,-0.5799269181880462,0.8887988856282523,-0.4582974371584211,0.8539020544413806,0.520433743545506,0.48967655470447735,0.8719041643281404,0.25307690103193886,0.9674461649952778,1,0,0,0,99,0
1701540720,12,3,6,132,019.0,0.0,086,0,0,0,0,0,0,1,0.05308358714605824,0.9985900724399912,-0.026551154023966794,-0.99964745596635,0.9999118601072672,-0.013276747223059479,-0.711785342369123,-0.7023970575027135,0.9226042102393402,-0.3857479374522218,-0.8323905145579873,-0.5541895264924167,0.8815297857963782,-0.4721284112969602,0.8579418428124834,0.513746819310368,0.49307868575392305,0.8699847180584174,0.2549659604158785,0.9669500292306779,1,0,0,0,99,0
1701540780,12,3,6,133,019.0,0.0,086,0,0,0,0,0,0,1,0.8689657562142357,0.4948722204034305,-0.5025573497604873,-0.8645438740756395,0.9655423020447212,-0.2602461584004272,-0.7938029221413925,-0.6081750741355538,0.8967092823584335,-0.44261999834194465,-0.8492997110390256,-0.5279109781289149,0.8740454731102137,-0.48584412205515315,0.8619292668354965,0.5070285386173281,0.49647329302927856,0.8680519968922737,0.25685404718217525,0.9664502048456179,1,0,0,0,99,0
1701540840,12,3,6,134,019.0,0.0,086,0,0,0,0,0,0,1,0.8859248164599484,-0.4638288688518717,-0.8555199789753223,-0.5177697997895051,0.8711400001691764,-0.4910347239302405,-0.8634334728079056,-0.504462722145928,0.8673127239196736,-0.4977636376102979,-0.8653795807650819,-0.5011169336540635,0.8663477747573614,-0.4994412209389292,0.8658640831386093,0.5002793115156127,0.49986032473301345,0.8661060303206567,0.2587411541283521,0.9659466937467762,1,0,0,0,99,0
1701540900,12,3,6,135,019.0,0.0,086,0,0,0,0,0,0,1,0.08836868610400143,-0.9960878351411849,-0.999021480034635,-0.04422762066183892,0.7225744323811351,-0.6912931286141072,-0.919590432914052,-0.3928783980991401,0.8345293278546717,-0.5509635205260235,-0.8806144220162487,-0.4738335569975899,0.8584385700204732,-0.5129163884116056,0.8697460515609156,0.49349954994325695,0.503239729183191,0.8641468480366219,0.2606272740556695,0.9654394978548946,1,0,0,0,99,0
1701540960,12,3,6,136,019.0,0.0,086,0,0,0,0,0,0,1,-0.7904332067228887,-0.6125482394960996,-0.8979276806892913,0.4401430224960407,0.5290826861200238,-0.8485702747846052,-0.9613974918795568,-0.27516333805159693,0.7984871126234903,-0.6020119026848236,-0.8949893582285835,-0.4460874899137928,0.850319789818452,-0.5262663347043051,0.8735749351670712,0.4866896677019633,0.5066114548142574,0.8621744799348805,0.2625123997691533,0.964928619104771,1,0,0,0,99,0
1701541020,12,3,6,137,019.0,0.0,086,0,0,0,0,0,0,1,-0.9425144545582509,0.33416538263076073,-0.5769898687885426,0.8167513032223337,0.30269514100631545,-0.953087431252331,-0.9882022645319962,-0.1531544461445194,0.7593268223052967,-0.6507094412468135,-0.9084903525208217,-0.4179058259663213,0.8419934162350443,-0.5394878006191052,0.8773505002617554,0.4798500804318443,0.5099754501778275,0.860188956111343,0.2643965240776218,0.9644140594452528,1,0,0,0,99,0
1701541080,12,3,6,138,019.0,0.0,086,0,0,0,0,0,0,1,-0.2280522595008612,0.9736488930495181,-0.11478481378318722,0.9933903797222716,0.057487478104924564,-0.9983462274487422,-0.9995864713592172,-0.028755630329187164,0.7172013769957456,-0.6968659733660458,-0.9211042214011522,-0.38931608407176954,0.8334614820349437,-0.5525775583247253,0.8810725164039352,0.4729812055860543,0.5133316639434712,0.8581903068626603,0.26627963979371355,0.9638958208392285,1,0,0,0,99,0
1701541140,12,3,6,139,019.0,0.0,086,0,0,0,0,0,0,1,0.6960801312247417,0.717964101410472,0.375523566896625,0.926812845565509,-0.1912944777489552,-0.9815326906337631,-0.9953724656212274,0.09609190747986249,0.6722752756572777,-0.7403012587723536,-0.9328186476406745,-0.3603461816279218,0.8247260701675199,-0.5655324121445553,0.884740756420929,0.4660834624053104,0.5166800448994956,0.8561785626857608,0.26816173973391433,0.9633739052636211,1,0,0,0,99,0
1701541260,12,3,6,141,018.9,0.0,086,0,0,0,0,0,0,1,0.363171365373259,-0.9317223617435201,0.9827823669926928,0.18476693191217952,-0.6384485367231334,-0.7696645151987259,-0.9406552278063217,0.33936373171073697,0.5747330981809134,-0.8183409227549167,-0.9535043059039945,-0.301379393161745,0.8066533930883032,-0.5910247908667855,0.8919150158133861,0.4522030567860055,0.5233531041342903,0.8521159125336193,0.27192286357198864,0.9623190511814725,1,0,0,0,99,0
1701541320,12,3,6,142,018.9,0.0,086,0,0,0,0,0,0,1,-0.5877950071674065,-0.8090099069535975,0.9510546532543747,-0.3090227281660707,-0.8090187662119065,-0.587782813560387,-0.8910058399248534,0.45399184267980686,0.5224979221586403,-0.8526405581133842,-0.9624553387335394,-0.27144008720767066,0.7973205400614205,-0.6035560921705327,0.8954205973090336,0.4452212415358611,0.5266776805903868,0.8500650685494203,0.2738018731223179,0.9617861166988793,1,0,0,0,99,0
1701541380,12,3,6,143,018.9,0.0,086,0,0,0,0,0,0,1,-0.9983453608739179,0.05750252534912421,0.6864755912087755,-0.7271528468448447,-0.9292881272363391,-0.36935562345465606,-0.8274526039159754,0.5615355627853609,0.4682224029318968,-0.8836106503390961,-0.9704665502579407,-0.24123572461485038,0.7877930326598638,-0.6159400439105862,0.8988715269465893,0.43821225227588845,0.52999422059307,0.8480012536181443,0.2756798382017224,0.9612495132945827,1,0,0,0,99,0
1701541440,12,3,6,144,018.9,0.0,086,0,0,0,0,0,0,1,-0.49102159389846933,0.8711474010323434,0.25382336276203626,-0.9672505882738824,-0.9917788534431158,-0.12796368962740468,-0.7509872467716762,0.6603167082440802,0.4121184852417566,-0.9111302618846769,-0.977530117665097,-0.2107957994307797,0.7780731968879212,-0.6281736227227391,0.9022675940990952,0.4311765167986662,0.5333026735360201,0.8459244992310679,0.2775567516463363,0.9607092430155619,1,0,0,0,99,0
1701541500,12,3,6,145,018.9,0.0,086,0,0,0,0,0,0,1,0.4677451620451334,0.8838633737085002,-0.2409736772881011,-0.9705316516498831,-0.9926055741456128,0.1213844066388201,-0.6628029848156917,0.7487938323192908,0.35440525368616455,-0.9350919292559664,-0.9836391435013062,-0.1801500357258271,0.7681634057040947,-0.6402538419541788,0.905608591488116,0.4241144645292243,0.5366029889363158,0.8438348370769082,0.27943260629630523,0.9601653079227838,1,0,0,0,99,0
1701541560,12,3,6,146,018.9,0.0,086,0,0,0,0,0,0,1,0.9964691731217737,0.08395943674184847,-0.6767719568873076,-0.7361927182273159,-0.9317168878547055,0.36318540841606234,-0.5642759039618552,0.8255862790817391,0.29530807719927077,-0.9554020826546641,-0.9887876624065108,-0.14932835856818344,0.7580660784417752,-0.6521777523926344,0.9088943151963913,0.41702652649883415,0.5398951164352044,0.8417322990413384,0.2813073949958138,0.9596177100911952,1,0,0,0,99,0
1701541620,12,3,6,147,018.9,0.0,086,0,0,0,0,0,0,1,0.6090440218832924,-0.7931364191664784,-0.9468728581933475,-0.32160813176404734,-0.8128985581744033,0.582405300557933,-0.4569434863536556,0.889495728083596,0.23505772899056523,-0.9719814113663893,-0.9929706469393719,-0.11836086480254095,0.7477836802185981,-0.6639424429863854,0.9121245646802812,0.4099131353187006,0.5431790057988708,0.8396169172065021,0.2831811105931131,0.9590664516097157,1,0,0,0,99,0
1701541680,12,3,6,148,018.9,0.0,086,0,0,0,0,0,0,1,-0.3383333943242765,-0.9410263090291437,-0.9851462604682474,0.17171734183077755,-0.6435381333569995,0.7654140519453434,-0.34248061846961253,0.939524893748256,0.17388948538043356,-0.9847651734673236,-0.9961840124864793,-0.08727779366103493,0.737318721334619,-0.6755450415549525,0.9152991427820066,0.40277472515355744,0.5464546069192036,0.8374887238505236,0.28505374594054744,0.9585115345812286,1,0,0,0,99,0
1701541740,12,3,6,149,018.9,0.0,086,0,0,0,0,0,0,1,-0.9746486480944947,-0.22374095013558368,-0.7822215000035424,0.6230004212937645,-0.4341656243337532,0.9008330648055067,-0.22267345507995925,0.9748930876782097,0.11204220705116075,-0.9937034486400381,-0.998424621250908,-0.05610949723514686,0.7266737566594609,-0.6869827154903001,0.9184178557416826,0.3956117316951685,0.5497218698145597,0.8353477514470151,0.28692529389458227,0.9579529611225739,1,0,0,0,99,0
1701541800,12,3,6,150,018.9,0.0,086,0,0,0,0,0,0,1,-0.7148764296291646,0.6992508064783751,-0.38778163540943045,0.9217512697247493,-0.19779879963646227,0.9802426408101081,-0.09939154689884817,0.9950484010363788,0.04975740630107862,-0.998761333111264,-0.9996902853162234,-0.02488641083740215,0.7158513850085791,-0.698252672448376,0.9214805132091443,0.38842459213573494,0.5529807446305274,0.8331940326645814,0.288795747315831,0.9573907333645395,1,0,0,0,99,0
1701541860,12,3,6,151,018.9,0.0,086,0,0,0,0,0,0,1,0.20214988141565363,0.9793545963764285,0.1016006978902495,0.9948252601277343,0.050866196399306694,0.9987054771372125,0.025441333129256026,0.9996763168989281,-0.012721696055790868,-0.9999190759503811,-0.9999797687829443,0.006360976718196107,0.7048542485087977,-0.7093521610308227,0.9244869282555656,0.3812137451412117,0.5562311816406863,0.8310276003663211,0.29066509906908233,0.9568248534518533,1,0,0,0,99,0
1701541920,12,3,6,152,018.9,0.0,087,0,0,0,0,0,0,1,0.933320523748862,0.35904428689111606,0.5661076368981803,0.8243313311075577,0.2963685787093853,0.9550736440472949,0.14987720966295234,0.9887046181866692,-0.0751511204618093,-0.9971721561963784,-0.999292788975378,0.03760215288797655,0.6936850319532718,-0.7202784714566918,0.9274369173848677,0.37397963082453317,0.5594731312473669,0.8288484876093257,0.29253334202332754,0.9562553235431753,1,0,0,0,99,0
1701541980,12,3,6,153,018.9,0.0,087,0,0,0,0,0,0,1,0.8064005807754863,-0.5913696841443247,0.8920116826993705,0.45201234267200896,0.523444198233198,0.8520599575945371,0.2719743024675887,0.9623045145884273,-0.13728708135067327,-0.9905313005121108,-0.9976300167176484,0.06880661119358068,0.6823464621460344,-0.7310289362239981,0.9303303005449188,0.3667226907187513,0.5627065439824068,0.826656727644175,0.29440046905178757,0.9556821458110889,1,0,0,0,99,0
1701542040,12,3,6,154,018.9,0.0,087,0,0,0,0,0,0,1,-0.06192033725605731,-0.9980810948185003,0.9995201585807313,-0.03097503173121646,0.7179745927716441,0.6960693098638897,0.3898273272463786,0.9208879708911095,-0.1988869391248336,-0.9800224412969096,-0.9949930756786476,0.09994388101102124,0.6708413072362862,-0.7416009307609522,0.9331669011385242,0.35944336775008645,0.565931370507906,0.8244523539144292,0.29626647303194026,0.9551053224420931,1,0,0,0,99,0
1701542100,12,3,6,155,018.9,0.0,087,0,0,0,0,0,0,1,-0.8733119827746476,-0.48716134980334147,0.862311240157329,-0.506378638074642,0.8678648045849774,0.49680044380282007,0.5015972269646135,0.8651012784069909,-0.2597101476579314,-0.9656866154211187,-0.9913845407865504,0.13098355732472944,0.6591723760425913,-0.7519918740667114,0.9359465460342037,0.35214210621089365,0.5691475616169792,0.8222354000561195,0.2981313468455477,0.9545248556365935,1,0,0,0,99,0
1701542160,12,3,6,156,018.9,0.0,087,0,0,0,0,0,0,1,-0.8817846188147811,0.47165229356133864,0.5139784559875352,-0.8578030932449878,0.9637953862840878,0.26664293235993725,0.605539869719601,0.7958149698139441,-0.31951919362227366,-0.9475798039779932,-0.9868079357144411,0.16189533041753676,0.6473425173671444,-0.7621992293414946,0.9386690655767598,0.34481935173254513,0.5723550682345072,0.820005899897234,0.299995083378683,0.9539407476088947,1,0,0,0,99,0
1701542220,12,3,6,157,018.9,0.0,087,0,0,0,0,0,0,1,-0.0795485428747221,0.9968309933617175,0.039805820166669656,-0.9992074342602034,0.9998018389311463,0.01990685484696882,0.7000332653356665,0.7141102347841574,-0.378080523973295,-0.9257727136787294,-0.9812677294395066,0.19264901546759924,0.6353546193002774,-0.7722205046059057,0.941334293597632,0.33747555125823137,0.5755538414178853,0.8177638874572022,0.3018576755217579,0.9533530005871913,1,0,0,0,99,0
1701542280,12,3,6,158,018.9,0.0,087,0,0,0,0,0,0,1,0.7958240965274552,0.6055278749869898,-0.4441126687075084,-0.8959709467909631,0.9736454556949781,-0.22806693448309956,0.7836028759783554,0.6212620483809149,-0.43516545796919887,-0.9003505007442698,-0.9747693318791554,0.22321458202336397,0.6232116085153726,-0.782053253309314,0.943942067425039,0.330111153015682,0.5787438323577704,0.8155093969463755,0.30371911616954944,0.9527616168135594,1,0,0,0,99,0
1701542340,12,3,6,159,018.9,0.0,087,0,0,0,0,0,0,1,0.9395197317131483,-0.34249477911590703,-0.8192968873112808,-0.5733695234681091,0.8869525137988248,-0.46186062645125475,0.8549446258241684,0.5187192754991592,-0.49055108016436005,-0.8714124383720832,-0.9673190886083255,0.25356218332779523,0.610916449554358,-0.791695074927145,0.9464922278939074,0.3227266064898082,0.5819249923788253,0.8132424627655053,0.30557939822122726,0.9521665985439484,1,0,0,0,99,0
1701542400,12,3,6,160,018.9,0.0,087,0,0,0,0,0,0,1,0.21942525837900473,-0.9756293127952373,-0.9938886539233752,-0.11038724383904756,0.7451131604793488,-0.6669380616522619,0.9129452507276277,0.408082061813392,-0.5440211108893698,-0.8390715290764524,-0.9589242746631385,0.28366218546322625,0.5984721441039564,-0.8011436155469337,0.9489846193555862,0.3153223623952687,0.5850972729404622,0.8109631195052179,0.30743851458038085,0.9515679480481722,1,0,0,0,99,0
1701542460,12,3,6,161,018.9,0.0,087,0,0,0,0,0,0,1,-0.702407785577371,-0.7117747556357236,-0.9251418149764185,0.37962168297153187,0.5569462797382114,-0.8305485184417379,0.9566996703359257,0.2910768640396056,-0.5953667508185162,-0.8034540634160753,-0.9495930874369493,0.3134851962883771,0.5858817302628675,-0.8103965684429991,0.9514190896873468,0.30789887264895993,0.5882606256375825,0.8086714019454874,0.3092964581550463,0.9509656676099004,1,0,0,0,99,0
1701542520,12,3,6,162,018.9,0.0,087,0,0,0,0,0,0,1,-0.9784503507933796,0.20648222933781113,-0.6298879942744539,0.7766859820216312,0.33415117684842055,-0.9425194910508831,0.9855251115651197,0.16952950915565845,-0.6443874963266829,-0.7646991268321347,-0.9393346386757316,0.3430020941392817,0.5731482818000584,-0.8194516746395976,0.9537954903016678,0.30045659034243405,0.5914150022013163,0.8063673450551039,0.3111532218577337,0.95035975952665,1,0,0,0,99,1
1701542580,12,3,6,163,018.9,0.0,087,0,0,0,0,0,0,1,-0.35491017584493534,0.9349004048997503,-0.1804156244623088,0.9835904648022342,0.09058017221711874,-0.995889166725453,0.9989717630457462,0.04533670298194944,-0.690891922451714,-0.7229580565226276,-0.9281589455806122,0.3721840562660983,0.5602749074043482,-0.8283067234624195,0.9561136761553041,0.2929959697142441,0.5945603544997581,0.8040509839911409,0.3130087986054538,0.9497502261097759,1,0,0,0,99,1
1701542640,12,3,6,164,018.9,0.0,087,0,0,0,0,0,0,1,0.5949327780232085,0.803775459710974,0.31322878243308516,0.9496776978825432,-0.158622668804709,-0.9873392775238264,0.9968297942787993,-0.07956356727854007,-0.7346984304047954,-0.6783938504738453,-0.9160769210262436,0.40100258697803604,0.5472647499254653,-0.8369595530782943,0.9583735057581397,0.28551746612221973,0.5976966345387016,0.8017223540984184,0.3148631813197452,0.949137069684463,1,0,0,0,99,1
1701542700,12,3,6,165,018.9,0.0,087,0,0,0,0,0,0,1,0.9977972794498907,-0.06633693633562374,0.7301838591531669,0.6832507093535931,-0.397963120556671,-0.9174014141458452,0.979132629970487,-0.2032222746823719,-0.7756359567098382,-0.6311805309567257,-0.9031003629045682,0.429429545468913,0.5341209856067664,-0.8454080510229699,0.9605748411818232,0.2780215360156746,0.6008237944623721,0.7993814909089635,0.31671636292670174,0.9485202925897167,1,0,0,0,99,1
1701542760,12,3,6,166,018.9,0.0,087,0,0,0,0,0,0,1,0.48329156372825655,-0.875459459043705,0.9683644611001854,0.24954011797333814,-0.6125601529754697,-0.7904239741978156,0.9461564284508708,-0.3237097664592346,-0.8135446412026923,-0.5815024649736085,-0.889241942604376,0.45743717329617606,0.5208468233098019,-0.8536501547168418,0.9627175480681864,0.27050863690754695,0.6039417865541566,0.7970284301414683,0.31856833635699866,0.9478998971783541,1,0,0,0,99,1
1701542820,12,3,6,167,018.9,0.0,087,0,0,0,0,0,0,1,-0.47555018687189876,-0.8796885924951523,0.9694556700786149,-0.24526659730265726,-0.78907116196914,-0.6143017998904703,0.8984157723154882,-0.43914587559803503,-0.8482764512816665,-0.5295536443090374,-0.8745151926379088,0.48499812148654897,0.5074455037309183,-0.8616838519685015,0.964801495637445,0.26297922734647544,0.6070505632373322,0.7946632077007452,0.32041909454592027,0.9472758858169951,1,0,0,0,99,1
1701542880,12,3,6,168,018.9,0.0,087,0,0,0,0,0,0,1,-0.9971732887740798,-0.07513609089835323,0.7331903200732922,-0.6800234955873388,-0.9165215479156338,-0.39998531498835127,0.836655638536056,-0.5477292602242684,-0.8796957599716702,-0.47553692799599256,-0.858934493426592,0.5120854772418407,0.4939202986100892,-0.8695071814659844,0.9668265566961802,0.2554337668888117,0.6101500770757914,0.7922858596771786,0.3222686304333866,0.9466482608860534,1,0,0,0,99,1
1701542940,12,3,6,169,018.9,0.0,087,0,0,0,0,0,0,1,-0.6019998676776046,0.7984961861625556,0.31741440880766936,-0.9482869255037094,-0.9869870631127111,-0.16079968049764676,0.7618397733439909,-0.6477655129374955,-0.907679875544648,-0.4196632501557079,-0.8425150592587969,0.538672790218836,0.4802745099321658,-0.8771182332555959,0.9687926076451028,0.24787271607057126,0.6132402807747664,0.7898964223461742,0.3241169369639805,0.9460170247797273,1,0,0,0,99,1
1701543000,12,3,6,170,018.9,0.0,087,0,0,0,0,0,0,1,0.3466494554970303,0.9379947521194415,-0.1760756199485871,-0.9843766433940419,-0.996086503119594,0.08838369930580556,0.675135653292801,-0.7376936014721172,-0.9321195206281534,-0.36215079630444197,-0.8252729234333458,0.5647340983576067,0.4665114691207459,-0.8845151492081995,0.970699528486596,0.24029653637932502,0.616321127181551,0.7874949321676061,0.3259640070869742,0.9453821799059907,1,0,0,0,99,1
1701543060,12,3,6,171,018.9,0.0,087,0,0,0,0,0,0,1,0.9765908679435658,0.21510526876214117,-0.6264561960895026,-0.7794566276458689,-0.943254108829076,0.33207180876591375,0.5778962671769416,-0.8161102280837784,-0.9529192589311485,-0.3032241513437061,-0.8072249226032686,0.5902439532330229,0.45263453622485383,-0.8916961234728519,0.9725472028320404,0.23270569022603224,0.6193925692862192,0.7850814257852596,0.32780983375635664,0.944743728686584,1,0,0,0,99,1
1701543120,12,3,6,172,018.9,0.0,087,0,0,0,0,0,0,1,0.7086591401823227,-0.7055510066862999,-0.9234584470040598,-0.38369844494974187,-0.8317747426285983,0.5551133015206257,0.47163900309419615,-0.8817917275413242,-0.9699978679206785,-0.24311342256103,-0.7883886803350966,0.6151774449047079,0.4386470990986331,-0.898659402917676,0.9743355179089173,0.22510064091681745,0.6224545602223437,0.7826559400262728,0.32965440993086015,0.9441016735570044,1,0,0,0,99,1
1701543180,12,3,6,173,018.9,0.0,087,0,0,0,0,0,0,1,-0.2108105329134813,-0.9775269404025313,-0.9943658633527529,0.10600249902117563,-0.6685796515669709,0.7436405378343678,0.3580219701119138,-0.9337131620134654,-0.983288655994125,-0.18205334106592852,-0.7687825898997481,0.6395102262411726,0.4245525725742499,-0.9054032875578629,0.9760643645676915,0.2174818526246926,0.62550705326771,0.7802185119005741,0.3314977285739873,0.943456016966497,1,0,0,0,99,1
1701543240,12,3,6,174,018.9,0.0,087,0,0,0,0,0,0,1,-0.9364619742512132,-0.3507691132091307,-0.8218178366308225,0.5697503342653119,-0.4638155159838274,0.8859318072699817,0.23881812402958275,-0.9710643148808378,-0.9927397229084867,-0.1202823451699422,-0.7484257963118128,0.6632185366943757,0.41035439762821135,-0.9119261309706986,0.9777336372884741,0.20984979036122642,0.6285500018450296,0.7777691786003179,0.33333978265403763,0.9428067613780455,1,0,0,0,99,1
1701543300,12,3,6,175,018.9,0.0,087,0,0,0,0,0,0,1,-0.8011345951780408,0.5984842190140996,-0.44806014160260915,0.8940034169437217,-0.23021357807075407,0.9731401278705245,0.11588760099655933,-0.9932623338953623,-0.9983141624497176,-0.058041649290133286,-0.7273381776347689,0.6862792255014961,0.3960560405413001,-0.9182263406975145,0.9793432341874616,0.2022049199481623,0.6315833595226515,0.7753079774993168,0.3351805651441348,0.9421539092683628,1,0,0,0,99,1
1701543360,12,3,6,176,018.9,0.0,087,0,0,0,0,0,0,1,0.07075223608034517,0.9974939203271522,0.03539830273366068,0.9993732836951247,0.017701925105413577,0.9998433086476912,-0.008851309290403876,-0.9999608263946371,-0.9999902065507035,0.004425697988050785,-0.7055403255703919,0.70866977429126,0.3816609920523317,-0.9243023786324636,0.9808930570231557,0.19454770798898718,0.6346070800152693,0.7728349461524715,0.33702006902225307,0.9414974631278811,1,0,0,0,99,1
1701543420,12,3,6,177,018.9,0.0,086,0,0,0,0,0,0,1,0.8775897877771157,0.47941231147032193,0.5101900080017631,0.8600617162362019,0.2645168083164075,0.9643810751555119,-0.13345209785628734,-0.9910552646435797,-0.9977613102950975,0.06687576301030233,-0.6830535253513071,0.7303683190727478,0.3671727665059408,-0.9301527613980265,0.9823830112023585,0.1868786218404523,0.6376211171846285,0.7703501222951977,0.3388582872712443,0.9408374254607429,1,0,0,0,99,1
1701543480,12,3,6,178,018.9,0.0,086,0,0,0,0,0,0,1,0.8775753358042688,-0.4794387656291727,0.8600694058124533,0.5101770449416689,0.4948853175526281,0.8689582973139933,-0.25597041106933305,-0.9666846169547733,-0.9916361774750792,0.12906467960915324,-0.6598997349563215,0.7513536715852107,0.3525949009946041,-0.9357760607071574,0.9838130057859464,0.17919812958404827,0.6406254250402305,0.7678535438428503,0.3406952128788645,0.9401737987847912,1,0,0,0,99,1
1701543540,12,3,6,179,019.0,0.0,086,0,0,0,0,0,0,1,0.07072216723899125,-0.9974960526543551,0.9993738171110836,0.03538323999893738,0.6944842546815092,0.7195079012766077,-0.374494391629162,-0.9272291791344273,-0.9816387266032314,0.19074960139614014,-0.6361015636688295,0.7716053399880473,0.33793095449511035,-0.9411709037119792,0.9851829534944205,0.17150669999743565,0.6436199577400332,0.7653452488901449,0.34253083883780094,0.9395065856315603,1,0,0,0,99,1
1701543600,12,3,6,180,019.0,0.0,086,0,0,0,0,0,0,1,-0.8011526357338304,-0.5984600690578581,0.8939966636005579,-0.4480736161291702,0.8509035245341184,0.5253219888177297,-0.4871745124605095,-0.8733046400935156,-0.9678079975112615,0.2516896500717544,-0.6116822499992318,0.7911035488707386,0.32318450699968687,-0.9463359733389455,0.9864927707132337,0.16380480252583335,0.6466046695911524,0.7628252757105762,0.3443651581456984,0.9388357885462655,1,0,0,0,99,1
1701543660,12,3,6,181,019.0,0.0,086,0,0,0,0,0,0,1,-0.936451400117644,0.3507973420904214,0.5697379476169631,-0.8218264239151785,0.9544177345154423,0.29847409944986975,-0.5922524379646446,-0.8057524742282427,-0.9501979989002931,0.31164685605004694,-0.5866656389929246,0.8098292585632008,0.3083591586419959,-0.9512700086103841,0.987742377497894,0.15609290725336597,0.6495795150505572,0.7602936627558348,0.3461981638051863,0.9381614100877936,1,0,0,0,99,1
1701543720,12,3,6,182,019.0,0.0,086,0,0,0,0,0,0,1,-0.21078106590019152,0.9775332947055968,0.10598751175115685,-0.9943674609282015,0.9985908724117705,0.05306853621402457,-0.688088462258297,-0.7256268104935293,-0.9288774974380447,0.37038708772476847,-0.5610761589460167,0.8277641837276992,0.2934585288182137,-0.9559718049523478,0.9889316975788438,0.1483714848743724,0.652544448725766,0.7577504486552193,0.34802984882390525,0.9374834528286937,1,0,0,0,99,1
1701543780,12,3,6,183,019.0,0.0,086,0,0,0,0,0,0,1,0.7086804082392084,0.705529644294206,-0.38371236343503057,-0.9234526637284138,0.9806764664578257,-0.19563657157033057,-0.7731870962355524,-0.6341779830732337,-0.9039297492264633,0.42768096574828196,-0.5349387975515134,0.8448908112141716,0.27848625530340665,-0.9604402144886925,0.9900606583661156,0.14064100666467697,0.6554994253755387,0.7551956722150481,0.3498602062145335,0.9368019193551667,1,0,0,0,99,1
1701543840,12,3,6,184,019.0,0.0,086,0,0,0,0,0,0,1,0.9765843832906294,-0.21513470736462095,-0.7794660696158047,-0.626444447910339,0.9017883476488092,-0.4321779448847783,-0.8462204041751706,-0.5328330203333975,-0.8754521746884285,0.4833047587530059,-0.5082790774992584,0.8611924171615208,0.26344599336342084,-0.9646741463213163,0.9911291909537616,0.13290194445282522,0.6584443999105676,0.7526293724180665,0.3516892289948141,0.9361168122670553,1,0,0,0,99,1
1701543900,12,3,6,185,019.0,0.0,086,0,0,0,0,0,0,1,0.346621180094276,-0.9380052012169503,-0.9843792971250844,-0.17606078322989716,0.7668313971238714,-0.6418485868061496,-0.9060487257333762,-0.4231733765218757,-0.8435559781430856,0.537041257017617,-0.4811230315534598,0.876653083328182,0.2483414148625013,-0.9686725667964852,0.9921372301240603,0.12515477059128596,0.6613793273941642,0.7500515884228517,0.3535169101875809,0.9354281341778351,1,0,0,0,99,1
1701543960,12,3,6,186,019.0,0.0,086,0,0,0,0,0,0,1,-0.6020239375552833,-0.7984780389030324,-0.9482821412699473,0.31742870151970165,0.5841965844132856,-0.8116121923430246,-0.9517384599623535,-0.3069102537037296,-0.808365713555359,0.5886806206663637,-0.45349717713213844,0.8912577126360152,0.23317620736685893,-0.9724344997571855,0.9930847143514961,0.1173999579276213,0.6643041630429463,0.7474623595632162,0.3553432428207858,0.9347358877146036,1,0,0,0,99,1
1701544020,12,3,6,187,019.0,0.0,086,0,0,0,0,0,0,1,-0.997171023392149,0.07516615000819327,-0.6800124447360528,0.7332005694242856,0.365239257594056,-0.9309136827397816,-0.9825766338407864,-0.18585789902532845,-0.7700187981553854,0.6380211990892903,-0.4254284904133183,0.9049920439123458,0.21795407324440425,-0.9759590267814386,0.9939715858065156,0.10963797977562646,0.6672188622275204,0.7448617253476065,0.3571682199275248,0.9340400755180708,1,0,0,0,99,1
1701544080,12,3,6,188,019.0,0.0,086,0,0,0,0,0,0,1,-0.47552366901205834,0.879702927248347,-0.24525198546765434,0.9694593666699876,0.123573122745224,-0.9923354691509287,-0.9980820279793963,-0.061905293994420546,-0.72866497582717,0.6848703183835534,-0.39694437999324705,0.9178426658157577,0.20267872876086712,-0.9792452874065205,0.9947977903590559,0.10186930988644112,0.6701233804731629,0.7422497254585013,0.35899183454606504,0.9333407002425484,1,0,0,0,99,1
1701544140,12,3,6,189,019.0,0.0,086,0,0,0,0,0,0,1,0.48331795366796265,0.8754448901342752,0.24955471330524379,0.9683606998774462,-0.1257761903592125,-0.9920586423890088,-0.9980126858885634,0.06301332244450873,-0.6844657323619245,0.7290450337408892,-0.36807266012236683,0.9297970299320409,0.1873539031725241,-0.982292479339031,0.9955632775818498,0.09409442241963412,0.673017673460499,0.7396263997518051,0.360814079719871,0.9326377645559408,1,0,0,0,99,1
1701544200,12,3,6,190,019.1,0.0,086,0,0,0,0,0,0,1,0.9977992786806003,0.06630685835171127,0.683261714736121,0.7301735609948197,-0.36730534913419133,-0.9301004142012893,-0.9823696896284233,0.18694863706204273,-0.6375936648595081,0.7703728438431753,-0.3388415235451705,0.9408434630275048,0.17198333781575365,-0.9850998586507625,0.9962680007535027,0.08631379191426318,0.6759016970261789,0.7369917882562408,0.36263494849763117,0.931931271139734,1,0,0,0,99,1
1701544260,12,3,6,191,019.1,0.0,085,0,0,0,0,0,0,1,0.594908548461427,-0.8037933932096717,0.9496824188142243,0.31321446868745406,-0.5859972403145539,-0.8103130471266812,-0.9513971429236797,0.3079666807248138,-0.588231807740446,0.8086923644763854,-0.30927951397046544,0.9509711784476923,0.15657078519364281,-0.98766673996032,0.9969119168613444,0.07852789325991148,0.6787754071635509,0.734345931172738,0.3644544339332847,0.9312212226889854,1,0,0,0,99,1
1701544320,12,3,6,192,019.1,0.0,085,0,0,0,0,0,0,1,-0.3549383576518463,-0.9348897059372352,0.9835877454343449,-0.18043044929108396,-0.7682546613236668,-0.6401443394691997,-0.9055783620066239,0.424179007336997,-0.5365729180004349,0.8438539587324921,-0.27941549819892586,0.960170286650366,0.1411200080598672,-0.9899924966004454,0.9974949866040544,0.0707372016677029,0.6816387600233341,0.7316888688738209,0.36627252908604757,0.9305076219123143,1,0,0,0,99,0
1701544380,12,3,6,193,019.1,0.0,085,0,0,0,0,0,0,1,-0.9784565746221131,-0.20645273449087873,0.7766764881502719,-0.629899700551255,-0.9027457284726566,-0.43017455727224563,-0.8456283336289784,0.5337721624100279,-0.482818722498399,0.8757203213383905,-0.2492786379351523,0.9684318048624773,0.12563477850006885,-0.9920765607710116,0.9980171743940611,0.06294219264129754,0.6844917119142869,0.7290206419029908,0.36808922702043945,0.9297904715318905,1,0,0,0,99,0
1701544440,12,3,6,194,019.1,0.0,085,0,0,0,0,0,0,1,-0.7023863292684922,0.711795928940826,0.3796077390275217,-0.9251475365964139,-0.981108438603097,-0.1934586046207122,-0.7724825579327705,0.6350359814133715,-0.42717913021742326,0.904167014830051,-0.2188983613117615,0.9757476658516921,0.11011887701095537,-0.9939184236776407,0.9984784483597131,0.055143341947869365,0.6873342193038735,0.7263412909741086,0.3699045208063098,0.929069774283425,1,0,0,0,99,0
1701544500,12,3,6,195,019.1,0.0,085,0,0,0,0,0,0,1,0.21945466799406363,0.9756226979194443,-0.11040222389190282,-0.9938869900344416,-0.9984705779426957,0.05528566706461281,-0.6872824502835014,0.7263902763200416,-0.36987141257466655,0.9290829554781537,-0.18830433415331466,0.9821107258039069,0.09457609157734605,-0.9955176356559202,0.9988787803472252,0.04734112558906797,0.6901662388189284,0.7236508569707729,0.37171840351886476,0.9283455329161585,1,0,0,0,99,0
1701544560,12,3,6,196,019.1,0.0,085,0,0,0,0,0,0,1,0.9395300555699313,0.3424664577455166,-0.5733818719904229,-0.8192882452914593,-0.9537526527594719,0.3005925437436371,-0.5913575298651244,0.8064094939122546,-0.3111193549811273,0.9503708470676735,-0.157526431008143,0.987514771299061,0.07901021674738969,-0.9968738062811815,0.999218145922396,0.03953601977196579,0.692987727246318,0.7209493809456964,0.37353086823869297,0.9276177501928519,1,0,0,0,99,0
1701544620,12,3,6,197,019.1,0.0,085,0,0,0,0,0,0,1,0.7958058429196471,-0.6055518643146514,-0.8959776404338033,-0.44409916442465225,-0.8497350070535673,0.5272100319490078,-0.486204672977848,0.873844961062604,-0.2511523829644027,0.9679475608375188,-0.1265947059763584,0.9919545253784365,0.06342505270618003,-0.9979866044638166,0.9994965243721002,0.03172850087999289,0.6957986415336003,0.7182369041200796,0.3753419080517924,0.9268864288897749,1,0,0,0,99,0
1701544680,12,3,6,198,019.1,0.0,085,0,0,0,0,0,0,1,-0.07957859166428352,-0.9968285949694307,-0.9992068341863537,0.0398208803931389,-0.6928849542336957,0.7210481538680822,-0.3734647547841147,0.9276443698605846,-0.19020466626691288,0.9817444600965631,-0.0955393633625346,0.9954256526975189,0.04782440434799511,-0.998855758530109,0.9997138987055519,0.023919045443861007,0.6985989387896817,0.7155134678829815,0.37715151604959674,0.9261515717966962,1,0,0,0,99,0
1701544740,12,3,6,199,019.1,0.0,085,0,0,0,0,0,0,1,-0.8817988360675502,-0.47162571251991114,-0.857795346373455,0.5139913848889341,-0.49295467089331135,0.8700549939196184,-0.2548970440004961,0.9669681985255819,-0.12851420441806832,0.9917076682484567,-0.06439072818171633,0.997924763759387,0.03221208034738687,-0.9994810562885589,0.9998702556553423,0.016108130112478542,0.7013885762854716,0.7127791137906885,0.3789596853290014,0.9254131817168719,1,0,0,0,99,0
1701544860,12,3,6,201,019.1,0.0,085,0,0,0,0,0,0,1,-0.06189025071872073,0.9980829609135574,-0.030959966783271346,0.9995206253283515,-0.015481838903188173,0.9998801491499747,-0.00774115140096295,0.9999700368385982,-0.003870604694478365,0.9999925091815933,-0.0019353059714989746,0.9999981272936448,0.0009676534387822795,-0.9999995318233016,0.9999998829558185,0.0004838267760202487,0.7069357018937364,0.7072778190979907,0.3825716801476615,0.9239258138773888,1,0,0,0,99,0
1701544920,12,3,6,202,019.1,0.0,085,0,0,0,0,0,0,1,0.8064184068658303,0.591345375451585,0.45202578717835057,0.8920048697881602,0.23237376165548454,0.9726265649744922,0.11699024537436405,0.9931330638374931,0.05859580259074419,0.9982817898362899,0.029310494397997367,0.999570355161729,-0.014656821590492326,-0.9998925830212285,0.9999731453947223,-0.007328607602110553,0.7096931053638997,0.7045109624405745,0.3843754919082546,0.9231768417915862,1,0,0,0,99,0
1701544980,12,3,6,203,019.1,0.0,085,0,0,0,0,0,0,1,0.9333097001669604,-0.35907242107165305,0.82433986348825,0.5660952123664124,0.46578148719844353,0.8848997718291073,0.23989604849902457,0.9707985815371557,0.12083339452081168,0.9926728014651041,0.060527673567121146,0.9981665195409792,-0.030277718366983942,-0.9995415247854836,0.9998853746268829,-0.015140594679806359,0.712439679790439,0.7017333558126596,0.38617783739317585,0.9224243480667289,1,0,0,0,99,0
1701545040,12,3,6,204,019.1,0.0,085,0,0,0,0,0,0,1,0.2021203593127912,-0.9793606896089245,0.9948267913584063,0.10158570369662134,0.6702291758433747,0.7421541968137826,0.3590583540221683,0.933315112063922,0.182599134631134,0.9831874470475918,0.09168574849017776,0.9957879912530557,-0.045891223272779696,-0.9989464428219001,0.9997365760093756,-0.022951657653640416,0.7151753832640076,0.6989450415971057,0.38797870972702503,0.9216683355733519,1,0,0,0,99,0
1701545100,12,3,6,205,019.1,0.0,085,0,0,0,0,0,0,1,-0.7148975077677644,-0.6992292566729738,0.9217454249067293,-0.3877955281633778,0.833005260536624,0.5532650684060137,0.4726176740209713,0.8812675724222507,0.24365182902837945,0.9698627666897649,0.12275429383576587,0.9924370928904676,-0.06149352449458594,-0.998107482411205,0.9995267586241013,-0.030761319776588504,0.7179001740411366,0.696146062340157,0.3897781020400216,0.9209088071954131,1,0,0,0,99,0
1701545160,12,3,6,206,019.2,0.0,085,0,0,0,0,0,0,1,-0.97464190312541,0.22377033018717848,0.6229886314423488,-0.7822308898871159,0.9439891127251193,0.32997659774057014,0.5788019532877502,0.8154681470604999,0.3037530682474665,0.95275079298327,0.15370297169659722,0.9881170965485999,-0.07708081295432778,-0.9970248483735498,0.9992559352772317,-0.03856910438712712,0.7206140105448711,0.6933364607507934,0.3915760074680308,0.9201457658302823,1,0,0,0,99,0
1701545220,12,3,6,207,019.2,0.0,085,0,0,0,0,0,0,1,-0.3383050275409778,0.9410365074429887,0.17170249351277814,-0.9851488485104646,0.9962802940213323,0.08617178044329644,0.6759542216587983,0.7369436140042521,0.36266815823542314,0.9319183478192314,0.18450156121394817,0.9828322206305692,-0.09264928323908087,-0.9956988050185078,0.9989241224984278,-0.04637453493832645,0.7233168513654049,0.6905162797000783,0.39337241915258986,0.9193792143887304,1,0,0,0,99,0
1701545280,12,3,6,208,019.2,0.0,085,0,0,0,0,0,0,1,0.6090679301910603,0.7931180595679168,-0.32162240316253093,-0.9468680107512125,0.9866275920404853,-0.16299078079570548,0.7625584504796027,0.6469193223286404,0.4201670368266409,0.9074467814501962,0.21511998808781552,0.9765876257280235,-0.10819513453010837,-0.9941296760805463,0.9985313405398316,-0.05417713502693632,0.7260086552607126,0.6876855622205048,0.39516733024093426,0.9186091557949183,1,0,0,0,99,0
1701545340,12,3,6,209,019.2,0.0,085,0,0,0,0,0,0,1,0.9964666417661079,-0.08398947462256867,-0.7362029185702026,-0.6767608607837156,0.9156311650396451,-0.40201936471784816,0.837263209724949,0.5468000709958585,0.4760251721307086,0.879431654819139,0.24552835394396,0.9693894095819128,-0.12371457153077643,-0.9923178446399905,0.9980776133748294,-0.061976428422463405,0.7286893811571785,0.684844351505339,0.39696073388602365,0.9178355929863853,1,0,0,0,99,0
1701545400,12,3,6,210,019.2,0.0,085,0,0,0,0,0,0,1,0.46771851834275896,-0.8838774731823718,-0.9705352835374847,-0.24095904923620143,0.7877052269841179,-0.616052331690985,0.8989027566124672,0.43814818743720435,0.5300244393246389,0.8479823663960249,0.27569696552916134,0.961244601128148,-0.13920380539312127,-0.9902637530295018,0.9975629686965886,-0.06977193909623788,0.7313589881502236,0.6819926909079606,0.3987526232465684,0.9170585289140385,1,0,0,0,99,0
1701545460,12,3,6,211,019.2,0.0,085,0,0,0,0,0,0,1,-0.491047853850463,-0.8711325991081119,-0.9672467624934477,0.2538379413049674,0.6108035931029845,-0.7917821484805551,0.9465152266288576,0.3226591479560474,0.5819539724256346,0.813221724979125,0.3055963637061761,0.9521611536339647,-0.15465905464284221,-0.9879679027260867,0.9969874379163678,-0.07756319125046778,0.7340174355049299,0.6791306239412018,0.4005429914870551,0.916277966542141,1,0,0,0,99,0
1701545520,12,3,6,212,019.2,0.0,085,0,0,0,0,0,0,1,-0.9983470937967718,-0.057472430847665464,-0.7271425000808527,0.6864865509069841,0.39592515018183416,-0.9182827862121189,0.979357643103917,0.20213512038718198,0.6316109877182386,0.775285470129288,0.33519735222008545,0.9421479369316923,-0.1700765461024943,-0.9854308542286699,0.9963510561615996,-0.08534970934727917,0.7366646826566614,0.6762581942766833,0.4023318317777731,0.9154939088483012,1,0,0,0,99,0
1701545580,12,3,6,213,019.2,0.0,085,0,0,0,0,0,0,1,-0.5877706198198406,0.8090276252864301,-0.30900839366720273,0.9510593107915064,0.15642999905467883,-0.9876890479274097,0.9969175111129831,0.07845684187051573,0.6788015756204033,0.7343217421098587,0.3644710262079424,0.9312147287575134,-0.1854525158126556,-0.9826532269212557,0.9956538622737461,-0.09313101813774066,0.7393006892116836,0.6733754457441478,0.4041191372948405,0.9147063588234609,1,0,0,0,99,0
1701545640,12,3,6,214,019.2,0.0,085,0,0,0,0,0,0,1,0.36319945137636067,0.9317114137542325,0.18478174456066745,0.9827795820412206,-0.09279121175730869,-0.9956855884367365,0.9989208147888241,-0.046445729422969886,0.7233414578962587,0.6904905034021214,0.39338880042387997,0.9193722052036709,-0.20078320995084364,-0.9796356989217142,0.9948958988059289,-0.10090664269087,0.7419254149477796,0.6704824223307908,0.4059049012202299,0.9139153194718838,1,0,0,0,99,0
1701545700,12,3,6,215,019.2,0.0,085,0,0,0,0,0,0,1,0.9802456219572225,0.19778402522372224,0.6333308672314487,0.7738811359710619,-0.3362431144491573,-0.9417752215818438,0.9853362932476007,-0.17062353064298638,0.7650567072586797,0.6439629140552325,0.4219224371521189,0.906631930293444,-0.21606488574795768,-0.9763790069162293,0.9940772120203313,-0.10867610842262153,0.7445388198148641,0.6675791681805906,0.4076891167417947,0.9131207938111449,1,0,0,0,99,0
1701545760,12,3,6,216,019.2,0.0,085,0,0,0,0,0,0,1,0.6960584883449115,-0.7179850839697136,0.926818505417785,0.3755095977670121,-0.5587890488516163,-0.8293098328631502,0.956375928404503,-0.2921388087338362,0.8037844265516209,0.594920663309892,0.4500440737806176,0.8930063446890767,-0.23129381240202182,-0.9728839459794464,0.9931978518853749,-0.11643894112485227,0.7471408639355942,0.6646657275936332,0.40947177705329507,0.9123227848721178,1,0,0,0,99,0
1701545820,12,3,6,217,019.2,0.0,085,0,0,0,0,0,0,1,-0.22808160941352784,-0.9736420181192547,0.9933886495524434,-0.1147997863254662,-0.7465921866472573,-0.665281975433926,0.9124916370668626,-0.4090953584227484,0.8393733848600241,0.5435552601057465,0.4777262500084402,0.8785087535436817,-0.24646627198900695,-0.9691513693803672,0.9922578720726702,-0.1241946669942652,0.749731507605978,0.6617421450254377,0.4112528753544237,0.9115212956989643,1,0,0,0,99,0
1701545880,12,3,6,218,019.2,0.0,085,0,0,0,0,0,0,1,-0.9425245273294025,-0.33413697099017103,0.8167426066363169,-0.577002178942952,-0.8879758383376634,-0.4598901070131037,0.8543682189235223,-0.5196681118689583,0.8716846080633058,0.49006728524307847,0.5049419346602744,0.8631533135089845,-0.26157856037050853,-0.9651821883740356,0.99125732995374,-0.13194281266132774,0.7523107112959804,0.6588084650862769,0.413032404850832,0.9107163293491221,1,0,0,0,99,0
1701545940,12,3,6,219,019.2,0.0,085,0,0,0,0,0,0,1,-0.7904147414931815,0.6125720663156844,0.44012948872139646,-0.8979343145007,-0.9741494532413135,-0.22590449917974179,0.7829126704747286,-0.6221316182369524,0.9005919215263238,0.4346656081190733,0.531664552081915,0.8469550189115929,-0.2766269880980588,-0.9609773719790682,0.9901962865965183,-0.1396829052191638,0.7548784356501264,0.6558647325404974,0.4148103587541557,0.9099078888932927,1,0,0,0,99,0
1701546000,12,3,6,220,019.2,0.0,085,0,0,0,0,0,0,1,0.08839871248753149,0.9960851708717215,-0.044242678085070965,-0.999020813314648,-0.9997551733586199,0.022126756261955736,0.6992400316550977,-0.7148869687796651,0.9259824428086272,0.3775665710972933,0.5578680080909402,0.8299296871112918,-0.2916078813138529,-0.9565379467410825,0.9890748067616226,-0.14741447225241752,0.7574346414881015,0.6529109923058358,0.41658673028204113,0.909095977415431,1,0,0,0,99,0
1701546060,12,3,6,221,019.2,0.0,085,0,0,0,0,0,0,1,0.8859387978787574,0.4638021630104179,-0.5177826942789717,-0.855512174960245,-0.9632009590319782,0.2687822771684872,0.6046559860083719,-0.7964867472747074,0.9477570224679708,0.31899314469537793,0.5835267154572368,0.8120939430556596,-0.3065175826476683,-0.9518649964820798,0.9878929588984021,-0.1551370418660872,0.7599792898053496,0.6499472894527343,0.41836151265817084,0.9082805980127326,1,0,0,0,99,0
1701546120,12,3,6,222,019.2,0.0,085,0,0,0,0,0,0,1,0.8689508382163492,-0.49489841458940237,-0.8645514486106083,-0.5025443191453852,-0.8667595742607592,0.49872621790648564,0.500636485932415,-0.8656576164704166,0.9658306312367652,0.2591740568899436,0.608615618888497,0.7934652030460894,-0.3213524521097596,-0.9469596620358465,0.9866508151407586,-0.1628501427143272,0.7625123417736683,0.6469736692036518,0.4201346991122895,0.9074617537956219,1,0,0,0,99,0
1701546180,12,3,6,223,019.2,0.0,086,0,0,0,0,0,0,1,0.05305348526993529,-0.9985916721566993,-0.9996478560364893,-0.026536087157875483,-0.7164272772437812,0.6976617779562402,0.38880472093569013,-0.9213201880877897,0.980132692059547,0.19834289993873028,0.6331102194962855,0.7740616577310655,-0.3361088679795094,-0.9418231409694353,0.9853484513027448,-0.17055330402921653,0.765033758741801,0.643990176932375,0.4219062828802298,0.9066394478877409,1,0,0,0,99,0
1701546240,12,3,6,224,019.2,0.0,086,0,0,0,0,0,0,1,-0.8116209973649744,-0.5841843515845697,-0.8899956043668333,0.4559691044442761,-0.5215510020869119,0.8532201077225842,0.27090578830786904,-0.9626058663135666,0.9906073556948704,0.1367372182078336,0.6569865987187891,0.7539022543433046,-0.35078322768961984,-0.9364566872907963,0.9839859468739369,-0.17824605564949209,0.7675435022360271,0.6409968581633251,0.42367625720393803,0.9058136834259364,1,0,0,0,99,0
1701546300,12,3,6,225,019.2,0.0,086,0,0,0,0,0,0,1,-0.9300948780045254,0.36731936773024515,-0.562441389066343,0.8268371568000089,-0.2942472117115055,0.9557293436951722,0.14877946146029003,-0.9888704019473866,0.997213718805399,0.0745975805660389,0.6802214416768855,0.7330066781981044,-0.3653719487056276,-0.9308616111426297,0.9825633850145825,-0.18592792804924488,0.7700415339607484,0.6379937585708637,0.42544461533150013,0.9049844635602491,1,0,0,0,99,0
1701546360,12,3,6,226,019.2,0.0,086,0,0,0,0,0,0,1,-0.19344381715900788,0.9811113543339269,-0.09718190589320902,0.9952666362171313,-0.04864855487508726,0.9988159580766447,0.02433148087720227,-0.9997039456950855,0.9999259836845639,0.012166640968536861,0.7027920599407278,0.7113953334709671,-0.37987146940052824,-0.9250392784825321,0.9810808525505256,-0.19359845236657747,0.7725278157990745,0.6349809239785958,0.4272113505171674,0.9041517914539007,1,0,0,0,99,0
1701546420,12,3,6,227,019.2,0.0,086,0,0,0,0,0,0,1,0.7210585970706318,0.6928740863898232,0.39187109718004004,0.9200201319508784,0.19997483347801748,0.9798010338713872,-0.1004961843270998,-0.9949374437298526,0.9987335589960549,-0.05031180910157879,0.724676413684611,0.6890893232732681,-0.3942782499242964,-0.9189911107495187,0.9795384399679061,-0.20125716043222083,0.7750023098134033,0.6319584003586705,0.4289764560213821,0.9033156702832821,1,0,0,0,99,0
1701546480,12,3,6,228,019.2,0.0,086,0,0,0,0,0,0,1,0.9726230624856244,-0.23238842122852268,0.7849803886813105,0.6195206125592099,0.43616475524782494,0.8998668269691937,-0.22375564018679642,-0.9746452757206577,0.9936411011327626,-0.11259379263383548,0.7458531332084875,0.6661104290454266,-0.4085887730680895,-0.9127185845169985,0.9779362414076386,-0.2089035847981091,0.7774649782460008,0.6289262338310793,0.4307399251108032,0.9024761032379415,1,0,0,0,99,0
1701546540,12,3,6,229,019.2,0.0,086,0,0,0,0,0,0,1,0.3299623697323973,-0.9439940860834779,0.98589910388525,0.16734084067633054,0.645236065065984,0.7639832592002035,-0.34352346411838924,-0.939144094162393,0.9846684960336634,-0.17443609981538652,0.766301539805117,0.6424810892876979,-0.42279954512292356,-0.9062232311322905,0.976274354659665,-0.21653725876591012,0.7799157835195766,0.625884470662953,0.4325017510583321,0.901633093520572,1,0,0,0,99,0
1701546600,12,3,6,230,019.2,0.0,086,0,0,0,0,0,0,1,-0.6160642040533645,-0.787695941645058,0.9454353340247703,-0.3258098052199642,0.8141897215084345,0.580598912666927,-0.45793071928681145,-0.8889878831195976,0.9718507815296538,-0.23559723776012562,0.7860016659524729,0.618224377649359,-0.43690709673261263,-0.8995066363427673,0.9745528811569866,-0.2241577164155103,0.7823546882378575,0.6228331572678552,0.4342619271431383,0.9007866443469994,1,0,0,0,99,0
1701546660,12,3,6,231,019.1,0.0,086,0,0,0,0,0,0,1,-0.9956841897581032,0.09280621889587708,0.6734960211850264,-0.7391908477842096,0.9325210045313215,0.36111573782915524,-0.5651921187396569,-0.8249593134904155,0.9552380105215703,-0.295838373533239,0.8049342748116889,0.5933639803976818,-0.4509079837407618,-0.8925704399087172,0.9727719259694734,-0.23176449263345197,0.7847816551861582,0.619772340205074,0.4360204466506852,0.8999367589461701,1,0,0,0,99,0
1701546720,12,3,6,232,019.1,0.0,086,0,0,0,0,0,0,1,-0.4598767232321427,0.8879827697817494,0.23666139336428604,-0.9715921906288022,0.9928726480845371,0.11918013544881928,-0.6636338842129675,-0.7480575296890004,0.934895055524683,-0.354924266788705,0.8230808790115055,0.5679241732886948,-0.46479878803160896,-0.8854163352030204,0.9709315977974505,-0.2393571231413216,0.7871966473319489,0.616702066178912,0.4377773028727551,0.8990834405601384,1,0,0,0,99,0
1701546780,12,3,6,233,019.1,0.0,086,0,0,0,0,0,0,1,0.4987392818032813,0.8667520572726362,-0.2581161974066756,-0.9661138797451976,0.9914922792803779,-0.13016551051411895,-0.7517198648812332,-0.6594825583311059,0.9109013553429114,-0.41262418837781073,0.8404237587008743,0.5419297978623197,-0.47857611836450864,-0.8780460687977367,0.9690320089650643,-0.2469351445240868,0.789599627825421,0.6136223820379734,0.4395324891074758,0.8982266924440548,1,0,0,0,99,0
1701546900,12,3,6,235,019.1,0.0,086,0,0,0,0,0,0,1,0.5805866409896446,-0.8141984723053474,-0.9524175744665119,-0.3047962661308802,0.8077116645594764,-0.5895777022026527,-0.8915093107204918,-0.4530023718466313,0.8523503891729713,-0.5229711407684791,0.8726314057975678,0.4883793910637103,-0.5057769315302397,-0.8626643006012565,0.9650555166935363,-0.2620455107407332,0.7943694073731481,0.6074349715233996,0.44303782483925697,0.8965029201077372,1,0,0,0,99,0
1701546960,12,3,6,236,019.1,0.0,087,0,0,0,0,0,0,1,-0.37143208943692263,-0.9284601245807608,-0.9819521690440836,0.1891294205289584,0.6367380071391379,-0.7710802229758452,-0.9410314083429535,-0.3383192109710552,0.8180217634546941,-0.5751872690824027,0.8874647229840752,0.46087565075494996,-0.5191937736746512,-0.8546565540481598,0.9629788559589872,-0.26957693331574223,0.7967361336464357,0.6043273395620364,0.4447879609645272,0.8956359024631707,1,0,0,0,99,0
1701547020,12,3,6,237,019.1,0.0,087,0,0,0,0,0,0,1,-0.9819578697820255,-0.18909982012986337,-0.7710706258605184,0.6367496289241701,0.42617506442530745,-0.9046407101507675,-0.9758690255743256,-0.21835669196206517,0.7804987802559544,-0.6251573034196812,0.9014314459291071,0.43292187319441294,-0.5324838621055041,-0.8464401553548877,0.9608434199584467,-0.27709190230419245,0.7990907027065802,0.6012104863089995,0.44653640035891834,0.8947654682398621,1,0,0,0,99,0
1701547080,12,3,6,238,019.1,0.0,087,0,0,0,0,0,0,1,-0.6896761131802671,0.7241179868699296,-0.3714041014380902,0.9284713207390763,0.18911462035089152,-0.9819550195245901,-0.9954785330494551,-0.09498678980629327,0.7399279660231438,-0.6726861118655962,0.9145179363647266,0.40454535477150383,-0.5456439522383145,-0.8380171104373418,0.9586493390279216,-0.2845899590311104,0.8014330786257547,0.598084459323635,0.44828313635266553,0.8938916207582536,1,0,0,0,99,0
1701547140,12,3,6,239,019.1,0.0,087,0,0,0,0,0,0,1,0.2366906812750767,0.9715850561826999,0.11919510018725629,0.9928708516677031,-0.05970405485516448,-0.9982161218062207,-0.9995539309627621,0.029865349435251595,0.696467748917618,-0.7175880954402921,0.9267114155551047,0.3757738046749054,-0.5586708312258188,-0.8293894756611352,0.9563967470828033,-0.29207064585375986,0.8037632256621846,0.5949493063052683,0.45002816228250186,0.8930143633518076,1,0,0,0,99,0
1701547260,12,3,6,241,019.1,0.0,087,0,0,0,0,0,0,1,0.7849617132764033,-0.6195442750039529,0.8998734008192355,0.4361511922464772,-0.5309655392553846,-0.8473934128391833,-0.9610914141847234,0.2762305080551537,0.6015685712970908,-0.7988211652351087,0.9483725969351678,0.3171583474897762,-0.5843122677602378,-0.8115289112193651,0.9517165836580145,-0.3069780845440232,0.8083866910532431,0.5886518136623622,0.45351305733001657,0.8912496321632796,1,0,0,0,99,0
1701547320,12,3,6,242,019.1,0.0,087,0,0,0,0,0,0,1,-0.09721190751822432,-0.9952637062792294,0.9988152247235795,-0.04866360920015389,-0.7241075918674496,-0.6896870271361664,-0.9191536942035773,0.3938990815322077,0.5505001900398365,-0.8348350380560844,0.9578191473488313,0.28737167740046654,-0.5969205653181726,-0.8023003419544537,0.949289297831397,-0.3144039265384152,0.8106799388594784,0.5854895701298123,0.4552529131538796,0.8903621651131107,1,0,0,0,99,0
1701547380,12,3,6,243,019.1,0.0,087,0,0,0,0,0,0,1,-0.8900093488562771,-0.4559422758951242,0.8532122467168191,-0.5215638619118831,-0.8722281415753229,-0.4890992425306529,-0.8628728882432953,0.5054209915849098,0.4972821173212898,-0.8675888979190864,0.9663304036195608,0.257304393744951,-0.6093831332811276,-0.7928759025676563,0.9468040722788575,-0.3218105789376289,0.8129608166872586,0.5823183927467734,0.4569910323262517,0.8894713016019048,1,0,0,0,99,0
1701547440,12,3,6,244,019.0,0.0,087,0,0,0,0,0,0,1,-0.8645362993442719,0.5025703802614231,0.4987131538963941,-0.8667670910519801,-0.9661177700083929,-0.25810163593826746,-0.7931272394572851,0.6090559761063561,0.4421221685765394,-0.8969548417022889,0.9738980546500462,0.2269858567154693,-0.621696929091873,-0.7832578939006837,0.9442610586857545,-0.3291975896777772,0.8152292897331944,0.579138329901511,0.4587274082167366,0.8885770450280356,1,0,0,0,99,0
1701547500,12,3,6,245,019.0,0.0,087,0,0,0,0,0,0,1,-0.04421256322855966,0.9990221465276736,0.0221116877728314,-0.9997555067434422,-0.9999388748177166,-0.011056519718198895,-0.7110051053678162,0.7031868458247073,0.3852357422249997,-0.9228181960236553,0.9805147107574815,0.19644567184891684,-0.6338589465137663,-0.7734486640524104,0.9416604122645303,-0.33656450789379855,0.8174853233831781,0.5759494301178713,0.46046203420158793,0.8876793988028199,1,0,0,0,99,0
1701547560,12,3,6,246,019.0,0.0,087,0,0,0,0,0,0,1,0.8167599996228085,0.5769775585030581,-0.45990349068959124,-0.8879689066918555,-0.9715886235161092,0.23667603734656428,-0.617787974410896,0.7863447200008926,0.3268449785441926,-0.9450779650380419,0.9861739108894643,0.16571366111754054,-0.6458662163646817,-0.7634506078056198,0.9390022917452384,-0.3439108839469756,0.8197288832129119,0.5727517420545416,0.4621949036637349,0.8867783663505052,1,0,0,0,99,0
1701547620,12,3,6,247,019.0,0.0,087,0,0,0,0,0,0,1,0.9268071855026884,-0.3755375359409301,-0.8293182549362247,-0.5587765492838215,-0.8828296974172939,0.4696932247308761,-0.5149304687378307,0.8572319478212639,0.2671778922167178,-0.9636472248238107,0.9908701289331036,0.13481983380828896,-0.6577158072418934,-0.7532661660423522,0.9362868593658549,-0.3512362694523786,0.8219599349884332,0.5695453145043077,0.46392600999280714,0.8858739511082566,1,0,0,0,99,0
1701547680,12,3,6,248,019.0,0.0,087,0,0,0,0,0,0,1,0.184752119221718,-0.982785151720906,-0.9956869868891794,-0.09277620459766088,-0.7391806966492228,0.6735071623235863,-0.404037645323065,0.9147423578045313,0.2064674819377966,-0.9784534628188842,0.9945987791111761,0.10379435721925297,-0.669404826237736,-0.7428978251479987,0.9335142808623762,-0.3585402173062328,0.8241784446666367,0.5663301963933087,0.46565534658516017,0.8849661565261433,1,0,0,0,99,0
1701547740,12,3,6,249,019.0,0.0,087,0,0,0,0,0,0,1,-0.727163193443649,-0.68646463135462,-0.9182768186539993,0.39593899065726024,-0.5495730203270262,0.8354456866419445,-0.28683994958692166,0.9579785192377605,0.14495082056035336,-0.9894388609807482,0.9973562204600591,0.07266752720181091,-0.6809304196458655,-0.7323481164042859,0.9306847254587038,-0.36582228171320713,0.8263843783957945,0.5631064367802915,0.46738290684390055,0.8840549860671256,1,0,0,0,99,0
1701547860,12,3,6,251,019.0,0.0,087,0,0,0,0,0,0,1,-0.3215938602925038,0.9468777054203809,-0.1629759101518061,0.9866300485542645,-0.08176170083154903,0.9966519072761223,-0.0409151116574164,0.9991626262216082,0.020461839829201516,-0.9997906346384747,0.999947657289739,0.010231455456709277,-0.7034801150506284,-0.710714941258698,0.9248553782237248,-0.38031898371058337,0.8307583835600407,0.556633189941732,0.4708326720068755,0.8822225314345956,1,0,0,0,99,1
1701547920,12,3,6,252,019.0,0.0,087,0,0,0,0,0,0,1,0.623012211003653,0.7822121099422712,0.329990825673782,0.9439841391523142,0.16735570030280691,0.9858965815825497,0.08397445569174683,0.9964679075571249,-0.04202435271884079,-0.999116586679734,0.9997791222764492,-0.021016818506448383,-0.7144987118625367,-0.6996367562862716,0.9218559421857278,-0.38753273649701414,0.832926388253192,0.5533838014899721,0.47255486375130445,0.8813012542513405,1,0,0,0,99,1
1701547980,12,3,6,253,019.0,0.0,087,0,0,0,0,0,0,1,0.9948237286710673,-0.10161569206079699,0.7421642985420401,0.6702179898880674,0.4060677345664961,0.9138429815586667,0.20755362974582411,0.9782236404725319,-0.10434644106884551,-0.994541009831302,0.9986343199167806,-0.05224456990299564,-0.7253428740612937,-0.6883877650339976,0.9188002408124406,-0.3947228362826266,0.8350816835144412,0.5501259690822519,0.47427525284255984,0.8803766151716695,1,0,0,0,99,1
1701548040,12,3,6,254,019.0,0.0,087,0,0,0,0,0,0,1,0.45199889806298343,-0.892018495407942,0.972630067242408,0.23235910202965793,0.6195324438519512,0.784971051068018,0.3278939988258263,0.9447145206537312,-0.16626105879951092,-0.9860817716228536,0.9965143680908102,-0.08342130536363722,-0.7360099542002259,-0.6769707137817569,0.9156884606081254,-0.40188884422078897,0.8372242364566345,0.5468597424290853,0.4759938327178802,0.8794486177227995,1,0,0,0,99,1
1701548100,12,3,6,255,019.0,0.0,087,0,0,0,0,0,0,1,-0.5063916349244909,-0.8623036078310824,0.9649620738223555,-0.2623893978125999,0.79447762643532,0.6072934225674604,0.44311769172113835,0.8964634467080798,-0.22752643065358386,-0.9737719051985634,0.9934213368955197,-0.11451658133527351,-0.7464973480647046,-0.6653883898388694,0.9125207914998072,-0.4090303229353116,0.8393540143870498,0.5435851713690728,0.4777105968214057,0.8785172654447586,1,0,0,0,99,1
1701548160,12,3,6,256,019.0,0.0,087,0,0,0,0,0,0,1,-0.9992080341070627,-0.03979075993115771,0.7210377105017316,-0.6928958219201651,0.9200260381967906,0.39185723042955,0.5514266812416906,0.8342233605065102,-0.2879033166650653,-0.9576594803233847,0.9893582466233818,-0.14550003380861354,-0.7568024953079283,-0.6536436208636119,0.9092974268256817,-0.4161468365471424,0.8414709848078965,0.5403023058681398,0.479425538604203,0.8775825618903728,1,0,0,0,99,1
1701548220,12,3,6,257,019.0,0.0,087,0,0,0,0,0,0,1,-0.5733571748155426,0.8193055291449822,0.3005781685810014,-0.953757183235068,0.9883716869768853,0.1520572536331825,0.6511308418308941,0.7589654977774624,-0.3471559463861577,-0.9378074156716458,0.9843290648130953,-0.17634140796811468,-0.7669228800759939,-0.6417392741728861,0.9060185633233147,-0.4232379507009703,0.8435751154168105,0.5370111960187747,0.48113865152429053,0.8766445106252518,1,0,0,0,99,1
1701548280,12,3,6,258,019.0,0.0,087,0,0,0,0,0,0,1,0.37963562682930313,0.9251360931462582,-0.19347339203846847,-0.9811055226493881,0.9952651713612277,-0.0971969067167568,0.740674323409674,0.6718642322981792,-0.4050529395658183,-0.914293233130974,0.9783387023753517,-0.20701058773529676,-0.7768560316221071,-0.6296782560422042,0.9026844011176343,-0.4303032325917363,0.8456663741073475,0.5337118920392648,0.48284992904666313,0.8757031152277766,1,0,0,0,99,1
1701548340,12,3,6,259,019.0,0.0,087,0,0,0,0,0,0,1,0.9835931839466808,0.18040079959254857,-0.6401559186664806,-0.7682450128678183,0.9402778878788489,-0.34040783417261544,0.8186598298965864,0.5742787501846923,-0.46136820968468756,-0.8872087550809822,0.9713930087974131,-0.23747762517658147,-0.7865995249097795,-0.6174635109961635,0.8992951437087169,-0.4373422509910497,0.8477447289694727,0.5304044442729295,0.4845593646433172,0.8747583792890838,1,0,0,0,99,1
1701548460,12,3,6,261,019.0,0.0,087,0,0,0,0,0,0,1,-0.24528120908194284,-0.9694519732670104,-0.992333606522275,0.12358807938670624,0.6619712684902925,-0.7495292120346966,0.935288514853758,0.3538861313793629,-0.5683809763796802,-0.8227654986019294,0.9546636838703799,-0.297686497340802,-0.8055080686562991,-0.5925848051794772,0.8923521740824856,-0.45133978044291795,0.8518626005533163,0.5237653193736113,0.48797268398261223,0.8728589002162982,1,0,0,0,99,1
1701548520,12,3,6,262,019.0,0.0,087,0,0,0,0,0,0,1,-0.9482917095220488,-0.31740011602352985,-0.8116033871367004,0.5842088171092894,0.45595569022148996,-0.8900024767126464,0.9721117417027341,0.23451814779175792,-0.618660590391954,-0.7856583697103207,0.9448963884231754,-0.3273695391218304,-0.8146685028653773,-0.5799269181880462,0.8887988856282523,-0.4582974371584211,0.8539020544413806,0.520433743545506,0.48967655470447735,0.8719041643281404,1,0,0,0,99,1
1701548580,12,3,6,263,019.0,0.0,087,0,0,0,0,0,0,1,-0.7794471854988634,0.6264679441263539,-0.4321643529223842,0.9017948614087224,0.22159099552021236,-0.9751396980455473,0.9937654899536277,0.11149058694448753,-0.6665243480382065,-0.7454832616982381,0.9342064176878251,-0.35673291010345676,-0.8236300474434674,-0.5671274503568591,0.8851913494710788,-0.46522712176051223,0.855928478834684,0.5170942265387846,0.49137855745912207,0.8709461023906085,1,0,0,0,99,1
1701548640,12,3,6,264,019.0,0.0,087,0,0,0,0,0,0,1,0.10601748626711377,0.9943642655514137,0.05308358714605824,0.9985900724399912,-0.026551154023966794,-0.99964745596635,0.9999118601072672,-0.013276747223059479,-0.711785342369123,-0.7023970575027135,0.9226042102393402,-0.3857479374522218,-0.8323905145579873,-0.5541895264924167,0.8815297857963782,-0.4721284112969602,0.8579418428124834,0.513746819310368,0.49307868575392305,0.8699847180584174,1,0,0,0,99,1
1701548700,12,3,6,265,019.0,0.0,087,0,0,0,0,0,0,1,0.8940101700837942,0.44804666697426215,0.5253348137263215,0.8508956066916382,-0.2730424814093603,-0.9620019767889353,0.9904549401131116,-0.1378369021907137,-0.7542668301704357,-0.6565680078290772,0.9101010954364018,-0.41438628848631254,-0.8409477654665337,-0.5411163052032749,0.8778144180871248,-0.4790008845486223,0.8599421156533218,0.510391572937572,0.4947769331034077,0.8690200149989562,1,0,0,0,99,1
1701548760,12,3,6,266,019.0,0.0,087,0,0,0,0,0,0,1,0.8600540264645697,-0.510202970945957,0.8689657562142357,0.4948722204034305,-0.5025573497604873,-0.8645438740756395,0.9655423020447212,-0.2602461584004272,-0.7938029221413925,-0.6081750741355538,0.8967092823584335,-0.44261999834194465,-0.8492997110390256,-0.5279109781289149,0.8740454731102137,-0.48584412205515315,0.8619292668354965,0.5070285386173281,0.49647329302927856,0.8680519968922737,1,0,0,0,99,1
1701548820,12,3,6,267,019.0,0.0,087,0,0,0,0,0,0,1,0.035368177256176046,-0.9993743503000143,0.9998435753406666,0.01768685528840119,-0.7008256362004742,-0.713332620622526,0.9255626992869057,-0.3785943603498829,-0.8302392306889271,-0.5574072297925984,0.8824418478836433,-0.47042149728057797,-0.857444312267735,-0.5145767691605511,0.8702231809026209,-0.49265770614060683,0.8639032660375254,0.5036577676654025,0.49816775906043814,0.867080667431065,1,0,0,0,99,1
1701548880,12,3,6,268,018.9,0.0,087,0,0,0,0,0,0,1,-0.8218350110128397,-0.5697255608391865,0.8859248164599484,-0.4638288688518717,-0.8555199789753223,-0.5177697997895051,0.8711400001691764,-0.4910347239302405,-0.8634334728079056,-0.504462722145928,0.8673127239196736,-0.4977636376102979,-0.8653795807650819,-0.5011169336540635,0.8663477747573614,-0.4994412209389292,0.8658640831386093,0.5002793115156127,0.49986032473301345,0.8661060303206567,1,0,0,0,99,1
1701548940,12,3,6,269,018.9,0.0,087,0,0,0,0,0,0,1,-0.9234468802429867,0.3837262818331512,0.5551007648016929,-0.8317831092998796,-0.9570222331011646,-0.2900145605828441,0.8031234527091224,-0.5958126548744814,-0.8932560256932167,-0.44954829836488014,0.8513366837993298,-0.5246197201950761,-0.8731035792490706,-0.48753475763525,0.862419491209252,-0.5061942524193405,0.8678116882190918,0.4968932217190427,0.501550983590381,0.8651280892789931,1,0,0,0,99,1
1701549060,12,3,6,271,018.9,0.0,087,0,0,0,0,0,0,1,0.7332108186087175,0.6800013937302882,-0.3999991289176214,-0.916515519162193,-0.9789064100214568,0.2043091784989199,0.630749879707115,-0.7759862042906819,-0.9423338591737755,-0.33467431609649856,0.8169070681835537,-0.5767693143291786,-0.8879102754020753,-0.46001667669271595,0.8544052541659362,-0.5196072186311907,0.8716671436480758,0.49009834797151136,0.5049265550693925,0.8631623103366803,1,0,0,0,99,1
1701549120,12,3,6,272,018.9,0.0,087,0,0,0,0,0,0,1,0.9683569384347241,-0.24956930858045798,-0.7904332067228887,-0.6125482394960996,-0.8979276806892913,0.4401430224960407,0.5290826861200238,-0.8485702747846052,-0.9613974918795568,-0.27516333805159693,0.7984871126234903,-0.6020119026848236,-0.8949893582285835,-0.4460874899137928,0.850319789818452,-0.5262663347043051,0.8735749351670712,0.4866896677019633,0.5066114548142574,0.8621744799348805,1,0,0,0,99,1
1701549180,12,3,6,273,018.9,0.0,087,0,0,0,0,0,0,1,0.3132001548706699,-0.9496871395301657,-0.9873416682005692,-0.15860778743465642,-0.7611201572139107,0.6486109051524434,0.4191593341723149,-0.9079126899521901,-0.9767068879536455,-0.2145778530601538,0.7792874479484941,-0.6266666366338032,-0.9018499422392295,-0.4320493972719999,0.8461824263337073,-0.5328933301928258,0.8754693970073499,0.4832735611468799,0.5082944219904051,0.8611833605994951,1,0,0,0,99,1
1701549240,12,3,6,274,018.9,0.0,087,0,0,0,0,0,0,1,-0.6299114066849614,-0.7766669941024745,-0.9425144545582509,0.33416538263076073,-0.5769898687885426,0.8167513032223337,0.30269514100631545,-0.953087431252331,-0.9882022645319962,-0.1531544461445194,0.7593268223052967,-0.6507094412468135,-0.9084903525208217,-0.4179058259663213,0.8419934162350443,-0.5394878006191052,0.8773505002617554,0.4798500804318443,0.5099754501778275,0.860188956111343,1,0,0,0,99,1
1701549300,12,3,6,275,018.9,0.0,087,0,0,0,0,0,0,1,-0.9938853259197261,0.11041720391967796,-0.6669268310993051,0.7451232126030157,-0.3569851449269173,0.9341100611285096,0.1815074914039231,-0.9833895619561226,-0.995838732415074,-0.09113297439422614,0.7386247269061015,-0.6741168391331631,-0.9149089679124266,-0.4036602289468439,0.8377530151980487,-0.5460493434906575,0.8792182162269665,0.47641927779496,0.5116545329639131,0.8591912702637754,1,0,0,0,99,1
1701549360,12,3,6,276,018.9,0.0,087,0,0,0,0,0,0,1,-0.4440856600409099,0.8959843338731037,-0.2280522595008612,0.9736488930495181,-0.11478481378318722,0.9933903797222716,0.057487478104924564,-0.9983462274487422,-0.9995864713592172,-0.028755630329187164,0.7172013769957456,-0.6968659733660458,-0.9211042214011522,-0.38931608407176954,0.8334614820349437,-0.5525775583247253,0.8810725164039352,0.4729812055860543,0.5133316639434712,0.8581903068626603,1,0,0,0,99,1
1701549420,12,3,6,277,018.9,0.0,087,0,0,0,0,0,0,1,0.5140043136735694,0.8577875993070563,0.2666574588239974,0.9637913672852274,0.13455228113037063,0.9909064959130168,-0.06742960806271654,-0.9977240339675638,-0.9994308465240513,0.033734003856911096,0.6950776921118563,-0.7189346298019421,-0.9270746005047118,-0.3748768932583455,0.8291190786787943,-0.5590720466727229,0.8829133724983225,0.46953591626587904,0.515006836718757,0.857186069726369,1,0,0,0,99,1
1701549480,12,3,6,278,018.9,0.0,087,0,0,0,0,0,0,1,0.99952109184891,0.030944901828293042,0.6960801312247417,0.717964101410472,0.375523566896625,0.926812845565509,-0.1912944777489552,-0.9815326906337631,-0.9953724656212274,0.09609190747986249,0.6722752756572777,-0.7403012587723536,-0.9328186476406745,-0.3603461816279218,0.8247260701675199,-0.5655324121445553,0.884740756420929,0.4660834624053104,0.5166800448994956,0.8561785626857608,1,0,0,0,99,1
1701549540,12,3,6,279,018.9,0.0,087,0,0,0,0,0,0,1,0.5660827877060443,-0.8243483956816764,0.9550781108583937,0.2963541836370153,0.5931466160920859,0.8050944614258054,-0.3121742610900157,-0.9500248579447291,-0.9874271765413207,0.1580745742604909,0.6488163938047147,-0.7609449961266882,-0.9383349604823131,-0.3457274966453434,0.8202827246277175,-0.571958260432812,0.8865546402881246,0.4626238966845466,0.5183512821029063,0.8551677895841688,1,0,0,0,99,1
1701549660,12,3,6,281,018.9,0.0,087,0,0,0,0,0,0,1,-0.9851514363288851,-0.17168764515577298,0.7654043523379563,-0.6435496697397284,0.9065179727230256,0.4221672241305995,-0.5375094305542,-0.8432577376255137,-0.9600150357222312,0.27994844380214573,0.6000214813645651,-0.7999838885259333,-0.9486790522948035,-0.31624050299895706,0.8112461103139285,-0.5847048387866493,0.8901417973521548,0.4556836409250121,0.5216878180842389,0.8531364606336469,1,0,0,0,99,1
1701549720,12,3,6,282,018.9,0.0,087,0,0,0,0,0,0,1,-0.6767497645263835,0.7362131187458456,0.363171365373259,-0.9317223617435201,0.9827823669926928,0.18476693191217952,-0.6384485367231334,-0.7696645151987259,-0.9406552278063217,0.33936373171073697,0.5747330981809134,-0.8183409227549167,-0.9535043059039945,-0.301379393161745,0.8066533930883032,-0.5910247908667855,0.8919150158133861,0.4522030567860055,0.5233531041342903,0.8521159125336193,1,0,0,0,99,1
1701549780,12,3,6,283,018.9,0.0,087,0,0,0,0,0,0,1,0.253852519790234,0.9672429364932829,-0.12797863787897792,-0.9917769246391254,0.9979421137117938,-0.06412127322844811,-0.7294248670111433,-0.6840609354332229,-0.9176221813560369,0.3974538115094489,0.5488834978802656,-0.8358988609602985,-0.9580967751120705,-0.2864447058680798,0.8020114418972087,-0.5973086698399414,0.8936746247488349,0.4487155725847157,0.525016393751321,0.8510921138703835,1,0,0,0,99,1
1701549840,12,3,6,284,018.9,0.0,087,0,0,0,0,0,0,1,0.9510639681125854,0.3089940590981371,-0.5877950071674065,-0.8090099069535975,0.9510546532543747,-0.3090227281660707,-0.8090187662119065,-0.587782813560387,-0.8910058399248534,0.45399184267980686,0.5224979221586403,-0.8526405581133842,-0.9624553387335394,-0.27144008720767066,0.7973205400614205,-0.6035560921705327,0.8954205973090336,0.4452212415358611,0.5266776805903868,0.8500650685494203,1,0,0,0,99,1
1701549900,12,3,6,285,018.9,0.0,087,0,0,0,0,0,0,1,0.7738715902084317,-0.6333425312327234,-0.9036986586337072,-0.428169048838935,0.8450352208159536,-0.5347106465935876,-0.8759881981492638,-0.4823325374709923,-0.860910139756465,0.5087570454200157,0.4956021360829594,-0.8685496662310151,-0.966578932687604,-0.2563692003429672,0.7925809738894087,-0.609766676548101,0.8971529068525892,0.4417201169586342,0.5283369583141831,0.8490347804885953,1,0,0,0,99,1
1701549960,12,3,6,286,018.9,0.0,087,0,0,0,0,0,0,1,-0.11481475884166603,-0.9933869191569467,-0.9983453608739179,0.05750252534912421,0.6864755912087755,-0.7271528468448447,-0.9292881272363391,-0.36935562345465606,-0.8274526039159754,0.5615355627853609,0.4682224029318968,-0.8836106503390961,-0.9704665502579407,-0.24123572461485038,0.7877930326598638,-0.6159400439105862,0.8988715269465893,0.43821225227588845,0.52999422059307,0.8480012536181443,1,0,0,0,99,1
1701550020,12,3,6,287,018.9,0.0,088,0,0,0,0,0,0,1,-0.8979409481081247,-0.4401159548467677,-0.8485623002604958,0.529095475861036,0.48523423423072903,-0.8743842049868684,-0.9680868259063513,-0.2506150384684961,-0.7907638833648436,0.6121212957950017,0.4403854585502332,-0.8978088036422348,-0.9741172423384761,-0.22604335464437486,0.7829570086040404,-0.6220758174674632,0.9005764313670059,0.43469770101332306,0.5316494611050955,0.8469644918806583,1,0,0,0,99,1
1701550080,12,3,6,288,018.9,0.0,088,0,0,0,0,0,0,1,-0.8555043707508208,0.5177955886508133,-0.49102159389846933,0.8711474010323434,0.25382336276203626,-0.9672505882738824,-0.9917788534431158,-0.12796368962740468,-0.7509872467716762,0.6603167082440802,0.4121184852417566,-0.9111302618846769,-0.977530117665097,-0.2107957994307797,0.7780731968879212,-0.6281736227227391,0.9022675940990952,0.4311765167986662,0.5333026735360201,0.8459244992310679,1,0,0,0,99,1
1701550140,12,3,6,289,018.9,0.0,088,0,0,0,0,0,0,1,-0.026521020285755953,0.9996482558795381,-0.013261676373330016,0.9999120601031718,0.006630983970279104,-0.9999780147841181,-0.9999945036809248,-0.0033155102082415536,-0.7082780210511411,0.705933598078374,0.38344908522620447,-0.9235620168885179,-0.9807043430332401,-0.1954967814459897,0.7731418955942013,-0.6342330874978104,0.9039449893377943,0.42764875336085667,0.534953851579341,0.8448812796366294,1,0,0,0,99,3
1701550260,12,3,6,291,018.8,0.0,088,0,0,0,0,0,0,1,0.9200142254959646,-0.3918849638415085,0.8342316716121213,0.5514141076171752,-0.47359576242974594,-0.8807423311097222,-0.9697273666112869,0.2441901604183487,-0.6147397171086522,0.7887300426693371,0.3250153514302539,-0.9457087402232617,-0.9863338025798521,-0.16475930895815624,0.7631380310789642,-0.6462355186160244,0.907258375165538,0.42057370423266816,0.5382500793159867,0.8427851755437645,1,0,0,0,99,3
1701550320,12,3,6,292,018.8,0.0,088,0,0,0,0,0,0,1,0.16732598101183924,-0.9859016259639831,0.9964691731217737,0.08395943674184847,-0.6767719568873076,-0.7361927182273159,-0.9317168878547055,0.36318540841606234,-0.5642759039618552,0.8255862790817391,0.29530807719927077,-0.9554020826546641,-0.9887876624065108,-0.14932835856818344,0.7580660784417752,-0.6521777523926344,0.9088943151963913,0.41702652649883415,0.5398951164352044,0.8417322990413384,1,0,0,0,99,3
1701550380,12,3,6,293,018.8,0.0,088,0,0,0,0,0,0,1,-0.739200998751274,-0.6734848798934681,0.9147362679738538,-0.40405143243560715,-0.8378697489573207,-0.5458702078170199,-0.8791672786839316,0.4765132695859477,-0.5116086054857034,0.859218618742037,0.2653124396423611,-0.9641624911657881,-0.9910001239065988,-0.13386095180113555,0.752947857358375,-0.6580801806006866,0.9105163866182439,0.4134729854532902,0.5415380940186525,0.8406762115860333,1,0,0,0,99,3
1701550440,12,3,6,294,018.8,0.0,088,0,0,0,0,0,0,1,-0.9661099892625297,0.2581307588164473,0.6090440218832924,-0.7931364191664784,-0.9468728581933475,-0.32160813176404734,-0.8128985581744033,0.582405300557933,-0.4569434863536556,0.889495728083596,0.23505772899056523,-0.9719814113663893,-0.9929706469393719,-0.11836086480254095,0.7477836802185981,-0.6639424429863854,0.9121245646802812,0.4099131353187006,0.5431790057988708,0.8396169172065021,1,0,0,0,99,4
1701550500,12,3,6,295,018.8,0.0,088,0,0,0,0,0,0,1,-0.30478191109030295,0.9524221683015063,0.15423655808285816,-0.988033948885742,-0.9970039992110719,-0.07735001976165862,-0.7339448275455243,0.6792090916052071,-0.40049401268607804,0.9162993756423735,0.2045734884554038,-0.9788512082135807,-0.9946987504298929,-0.1028318816963379,0.7425738622171999,-0.6697641817474499,0.9137188248436852,0.40634703041399856,0.5448178455162797,0.8385544199436309,1,0,0,0,99,4
1701550560,12,3,6,296,018.8,0.0,088,0,0,0,0,0,0,1,0.6367612505645516,0.7710610285700272,-0.3383333943242765,-0.9410263090291437,-0.9851462604682474,0.17171734183077755,-0.6435381333569995,0.7654140519453434,-0.34248061846961253,0.939524893748256,0.17388948538043356,-0.9847651734673236,-0.9961840124864793,-0.08727779366103493,0.737318721334619,-0.6755450415549525,0.9152991427820066,0.40277472515355744,0.5464546069192036,0.8374887238505236,1,0,0,0,99,4
1701550620,12,3,6,297,018.8,0.0,088,0,0,0,0,0,0,1,0.992869055025318,-0.11921006489861569,-0.7480675320111867,-0.6636226092823331,-0.9120368987278785,0.4101081508076052,-0.5430892418343393,0.8396749820042292,-0.2831298447671764,0.9590815872500705,0.1430356821739413,-0.9897175322409093,-0.9974260705037014,-0.07170239800414888,0.7320185783175687,-0.6812846695750063,0.9168654943815386,0.3991962740463603,0.5480892837638954,0.8364198329924872,1,0,0,0,99,4
1701550680,12,3,6,298,018.8,0.0,088,0,0,0,0,0,0,1,0.43613762914604876,-0.8998799744648526,-0.9746486480944947,-0.22374095013558368,-0.7822215000035424,0.6230004212937645,-0.4341656243337532,0.9008330648055067,-0.22267345507995925,0.9748930876782097,0.11204220705116075,-0.9937034486400381,-0.998424621250908,-0.05610949723514686,0.7266737566594609,-0.6869827154903001,0.9184178557416826,0.3956117316951685,0.5497218698145597,0.8353477514470151,1,0,0,0,99,4
1701550740,12,3,6,299,018.8,0.0,088,0,0,0,0,0,0,1,-0.5215767216183704,-0.8532043855172293,-0.9626017830643233,0.2709202968427898,-0.6037713570372523,0.7971575430373816,-0.3184669974758911,0.9479339489219124,-0.16134753031591095,0.9868976514618708,0.08093932461458155,-0.9967190304849884,-0.9991794209462554,-0.04050289813711804,0.7212845825806614,-0.6926388315214799,0.9199562031753141,0.3920211527956879,0.5513523588433771,0.8342724833037728,1,0,0,0,99,4
1701550860,12,3,6,301,018.8,0.0,088,0,0,0,0,0,0,1,-0.5587640495890891,0.8293266768209027,-0.29212439403368673,0.9563803314636136,-0.1476815298816789,0.9890349668903556,-0.07404401768422757,0.9972549741391004,-0.0370474416181442,0.9993135078990728,0.01852690072471944,-0.9998283622450087,-0.9999570896406027,-0.00926384787740154,0.7103744955575902,-0.7038238956310728,0.9229907625840772,0.38482210459440036,0.5546070209642138,0.8321124036434021,1,0,0,0,99,4
1701550920,12,3,6,302,018.8,0.0,088,0,0,0,0,0,0,1,0.39595283104274065,0.9182708508872743,0.20214988141565363,0.9793545963764285,0.1016006978902495,0.9948252601277343,0.050866196399306694,0.9987054771372125,0.025441333129256026,0.9996763168989281,-0.012721696055790868,-0.9999190759503811,-0.9999797687829443,0.006360976718196107,0.7048542485087977,-0.7093521610308227,0.9244869282555656,0.3812137451412117,0.5562311816406863,0.8310276003663211,1,0,0,0,99,4
1701550980,12,3,6,303,018.8,0.0,088,0,0,0,0,0,0,1,0.9866325048439105,0.1629610394708834,0.6469308156708554,0.7625486999106625,0.3445658863623454,0.9387621370482149,0.17498266050066957,0.984571515190292,0.08783076001523608,0.9961354112745646,-0.043957870315993346,-0.9990333856469874,-0.9997583172064605,0.02198424837255722,0.699290980789629,-0.7148371312307991,0.925968987393962,0.3775995688352947,0.5578532204642657,0.829939626971533,1,0,0,0,99,6
1701551040,12,3,6,304,018.8,0.0,088,0,0,0,0,0,0,1,0.6702068037805061,-0.7421744001016999,0.933320523748862,0.35904428689111606,0.5661076368981803,0.8243313311075577,0.2963685787093853,0.9550736440472949,0.14987720966295234,0.9887046181866692,-0.0751511204618093,-0.9971721561963784,-0.999292788975378,0.03760215288797655,0.6936850319532718,-0.7202784714566918,0.9274369173848677,0.37397963082453317,0.5594731312473669,0.8288484876093257,1,0,0,0,99,10
1701551100,12,3,6,305,018.8,0.0,088,0,0,0,0,0,0,1,-0.2624039418616639,-0.9649581189333869,0.991200816921926,-0.13236668966664739,0.7524515564694672,0.6586475955825515,0.41312976437037824,0.910672168121589,0.21133839201433674,0.9774129547232299,-0.10627098681382932,-0.9943372050575272,-0.9985832977417375,0.05321087737705887,0.6880367441579487,-0.7256758495971389,0.9288906958294767,0.3703539863447274,0.5610909078105225,0.8277541864420642,1,0,0,0,99,16
1701551160,12,3,6,306,018.8,0.0,088,0,0,0,0,0,0,1,-0.9537617134939987,-0.3005637933500832,0.8064005807754863,-0.5913696841443247,0.8920116826993705,0.45201234267200896,0.523444198233198,0.8520599575945371,0.2719743024675887,0.9623045145884273,-0.13728708135067327,-0.9905313005121108,-0.9976300167176484,0.06880661119358068,0.6823464621460344,-0.7310289362239981,0.9303303005449188,0.3667226907187513,0.5627065439824068,0.826656727644175,1,0,0,0,99,20
1701551220,12,3,6,307,018.8,0.0,088,0,0,0,0,0,0,1,-0.7682353642374472,0.6401674977183369,0.42416535825174545,-0.9055847552047066,0.9761108428874015,0.21727315158032454,0.6255904604530329,0.7801516364080526,0.3315481590900087,0.9434382959176643,-0.16816911738237747,-0.9857581589613307,-0.9964331786330006,0.08438554686280492,0.6766145332230143,-0.7363374046124525,0.9317557095645973,0.36308579935570845,0.5643200335998588,0.8255561154021296,1,0,0,0,99,21
1701551280,12,3,6,308,018.8,0.0,088,0,0,0,0,0,0,1,0.12360303600011291,0.9923317436681922,-0.06192033725605731,-0.9980810948185003,0.9995201585807313,-0.03097503173121646,0.7179745927716441,0.6960693098638897,0.3898273272463786,0.9208879708911095,-0.1988869391248336,-0.9800224412969096,-0.9949930756786476,0.09994388101102124,0.6708413072362862,-0.7416009307609522,0.9331669011385242,0.35944336775008645,0.565931370507906,0.8244523539144292,1,0,0,0,99,25
1701551340,12,3,6,309,018.8,0.0,088,0,0,0,0,0,0,1,0.9018013749637745,0.43215076086181514,-0.5328457746563188,-0.8462123731256284,0.9607841519107266,-0.27729733759483854,0.7991549717028728,0.6011250545457083,0.4465842280322334,0.8947415980454101,-0.2294105511463999,-0.9733297483498103,-0.9933100594350714,0.11547781529408518,0.6650271365538082,-0.7468191934109906,0.9345638537336522,0.3557954514809102,0.5675405485597879,0.8233454473915885,1,0,0,0,99,28
1701551460,12,3,6,311,018.8,0.0,087,0,0,0,0,0,0,1,0.01767178546737087,-0.9998438418065069,-0.9999609596895538,-0.008836237703148543,0.7102239920275675,-0.7039757674440404,0.9230318974564314,0.3847234282935987,0.5546514994599768,0.8320827567897314,-0.28975614161762697,-0.9571005059004335,-0.9892169898208465,0.14645732159842081,0.6532773830470404,-0.7571186570143483,0.9373149569419951,0.3484833876855909,0.5707524035492137,0.8211222161425152,1,0,0,0,99,33
1701551520,12,3,6,312,018.8,0.0,087,0,0,0,0,0,0,1,-0.8317914757822045,-0.5550882279566577,-0.8817846188147811,0.47165229356133864,0.5139784559875352,-0.8578030932449878,0.9637953862840878,0.26664293235993725,0.605539869719601,0.7958149698139441,-0.31951919362227366,-0.9475798039779932,-0.9868079357144411,0.16189533041753676,0.6473425173671444,-0.7621992293414946,0.9386690655767598,0.34481935173254513,0.5723550682345072,0.820005899897234,1,0,0,0,99,33
1701551580,12,3,6,313,018.9,0.0,087,0,0,0,0,0,0,1,-0.9165094902005468,0.4000129427560235,-0.5477166499404489,0.8366638939132081,0.2857762289683941,-0.958296377409726,0.9895191704584925,0.14440156264783635,0.6540636197466435,0.7564395424116314,-0.348970240556676,-0.9371338064576561,-0.9841579666033436,0.17729381481363626,0.6413681412365148,-0.7672332809562018,0.9400088512764658,0.341150054260437,0.573955549559181,0.8188864555786831,1,0,0,0,99,33
1701551640,12,3,6,314,018.9,0.0,087,0,0,0,0,0,0,1,-0.15859290602857282,0.987344058653017,-0.0795485428747221,0.9968309933617175,0.039805820166669656,-0.9992074342602034,0.9998018389311463,0.01990685484696882,0.7000332653356665,0.7141102347841574,-0.378080523973295,-0.9257727136787294,-0.9812677294395066,0.19264901546759924,0.6353546193002774,-0.7722205046059057,0.941334293597632,0.33747555125823137,0.5755538414178853,0.8177638874572022,1,0,0,0,99,33
1701551700,12,3,6,315,018.9,0.0,087,0,0,0,0,0,0,1,0.7451332645574127,0.6669156003948422,0.4080958218391593,0.9129390999389944,-0.20863952173666145,-0.9779926124309412,0.9944829340996609,-0.1048984927657657,0.7432692960044044,0.668992341971952,-0.40682161817438367,-0.9135076195555109,-0.9781379298328817,0.20795718362741059,0.6293023185928165,-0.7771605958961798,0.9426453723156392,0.33379589879432325,0.5771499377136226,0.8166381998150476,1,0,0,0,99,33
1701551760,12,3,6,316,018.9,0.0,087,0,0,0,0,0,0,1,0.9637873480674221,-0.2666719852274808,0.7958240965274552,0.6055278749869898,-0.4441126687075084,-0.8959709467909631,0.9736454556949781,-0.22806693448309956,0.7836028759783554,0.6212620483809149,-0.43516545796919887,-0.9003505007442698,-0.9747693318791554,0.22321458202336397,0.6232116085153726,-0.782053253309314,0.943942067425039,0.330111153015682,0.5787438323577704,0.8155093969463755,1,0,0,0,99,33
1701551820,12,3,6,317,018.9,0.0,087,0,0,0,0,0,0,1,0.2963397884973224,-0.955082577452527,0.9887068770501516,0.1498623077152374,-0.651973040962877,-0.7582421472442815,0.9376145655983277,-0.34767646796678553,0.8208765034908678,0.5711057397860814,-0.46308436607918363,-0.8863142049482455,-0.9711627579732054,0.23841748578046287,0.6170828608134961,-0.7868981782227173,0.9452243591398598,0.3264213701469947,0.5803355192701052,0.8143774831572257,1,0,0,0,99,33
1701551880,12,3,6,318,018.9,0.0,087,0,0,0,0,0,0,1,-0.6435612059762619,-0.7653946525566921,0.9395197317131483,-0.34249477911590703,-0.8192968873112808,-0.5733695234681091,0.8869525137988248,-0.46186062645125475,0.8549446258241684,0.5187192754991592,-0.49055108016436005,-0.8714124383720832,-0.9673190886083255,0.25356218332779523,0.610916449554358,-0.791695074927145,0.9464922278939074,0.3227266064898082,0.5819249923788253,0.8132424627655053,1,0,0,0,99,33
1701551940,12,3,6,319,018.9,0.0,087,0,0,0,0,0,0,1,-0.9917749956098326,0.12799358610147818,0.6603053891566091,-0.7509971990964674,-0.9356808214066555,-0.3528475597928464,0.8224498646704389,-0.5688376043332375,0.8856742076896101,0.46430722354210824,-0.5175387794445416,-0.8556597523379571,-0.9632392621612652,0.2686449773046603,0.6047127511039186,-0.796443650644746,0.9477456543410647,0.3190269184216702,0.5835122456205738,0.812104340100972,1,0,0,0,99,33
1701552060,12,3,6,321,019.0,0.0,086,0,0,0,0,0,0,1,0.5291082654818533,0.8485543255436181,-0.27517782837320115,-0.9613933444599089,-0.9903013037606052,0.13893641628473632,0.6561492146285263,-0.7546311735824118,0.9366512620987631,0.3502633483663315,-0.5699722149516012,-0.8216639667060773,-0.9543751795562575,0.2986101415674982,0.5921950094489575,-0.8057946827720751,0.9502091040323901,0.31161299493757066,0.5866800682920927,0.8098188053316527,1,0,0,0,99,33
1701552120,12,3,6,322,019.0,0.0,086,0,0,0,0,0,0,1,0.9999122598719259,0.01324660552058789,-0.702407785577371,-0.7117747556357236,-0.9251418149764185,0.37962168297153187,0.5569462797382114,-0.8305485184417379,0.9566996703359257,0.2910768640396056,-0.5953667508185162,-0.8034540634160753,-0.9495930874369493,0.3134851962883771,0.5858817302628675,-0.8103965684429991,0.9514190896873468,0.30789887264895993,0.5882606256375825,0.8086714019454874,1,0,0,0,99,33
1701552180,12,3,6,323,019.0,0.0,086,0,0,0,0,0,0,1,0.551401533867395,-0.8342399825282195,-0.9576638195442646,-0.2878888826194756,-0.8024614889885606,0.5967039120788988,0.4490523844280872,-0.8935054314549238,0.9730121868339892,0.2307537307879076,-0.6201799211567932,-0.784459600867982,-0.9445791657844201,0.32828371809459106,0.5795326918757081,-0.8149489916843234,0.9526145578575638,0.3041800522023728,0.5898389389475855,0.8075209137237168,1,0,0,0,99,33
1701552240,12,3,6,324,019.0,0.0,086,0,0,0,0,0,0,1,-0.4040652194563607,-0.9147301779353751,-0.9784503507933796,0.20648222933781113,-0.6298879942744539,0.7766859820216312,0.33415117684842055,-0.9425194910508831,0.9855251115651197,0.16952950915565845,-0.6443874963266829,-0.7646991268321347,-0.9393346386757316,0.3430020941392817,0.5731482818000584,-0.8194516746395976,0.9537954903016678,0.30045659034243405,0.5914150022013163,0.8063673450551039,1,0,0,0,99,33
1701552300,12,3,6,325,019.0,0.0,086,0,0,0,0,0,0,1,-0.9880362734541701,-0.15422166624309427,-0.7596781115193113,0.6502992902336991,-0.4181511148892831,0.9083774794196792,0.2140356519137885,-0.9768258492227975,0.9941895818260211,0.10764327841812157,-0.6679658380418412,-0.7441919370760884,-0.9338607864869604,0.35763673114202876,0.5667288897074029,-0.8239043424882614,0.9549618690000825,0.2967285438845904,0.5929888093865725,0.8052107003401626,1,0,0,0,99,33
1701552360,12,3,6,326,019.0,0.0,086,0,0,0,0,0,0,1,-0.6636113342009432,0.7480775341634341,-0.35491017584493534,0.9349004048997503,-0.1804156244623088,0.9835904648022342,0.09058017221711874,-0.995889166725453,0.9989717630457462,0.04533670298194944,-0.690891922451714,-0.7229580565226276,-0.9281589455806122,0.3721840562660983,0.5602749074043482,-0.8283067234624195,0.9561136761553041,0.2929959697142441,0.5945603544997581,0.8040509839911409,1,0,0,0,99,33
1701552420,12,3,6,327,019.0,0.0,086,0,0,0,0,0,0,1,0.2709348053161655,0.9625976995964054,0.13675214880138925,0.9906052946548402,0.06853723566485535,0.9976485590263838,-0.034288780771676325,-0.9994119668651121,0.9998529809089715,-0.017146911309152784,-0.7131433626239372,-0.7010182196957677,-0.9222305079793683,0.38664051799069915,0.5537867288087088,-0.8326585488634279,0.9572508941921726,0.2892589247858846,0.596129631545906,0.8028882004320043,1,0,0,0,99,33
1701552480,12,3,6,328,019.0,0.0,086,0,0,0,0,0,0,1,0.9563847343054627,0.2921099792671752,0.5949327780232085,0.803775459710974,0.31322878243308516,0.9496776978825432,-0.158622668804709,-0.9873392775238264,0.9968297942787993,-0.07956356727854007,-0.7346984304047954,-0.6783938504738453,-0.9160769210262436,0.40100258697803604,0.5472647499254653,-0.8369595530782943,0.9583735057581397,0.28551746612221973,0.5976966345387016,0.8017223540984184,1,0,0,0,99,33
1701552540,12,3,6,329,019.0,0.0,086,0,0,0,0,0,0,1,0.7625389491684939,-0.6469423088661069,0.9074531141789384,0.4201533595806971,0.5384452806085791,0.8426604771735462,-0.2804813031437691,-0.9598594889809514,0.9899140086343236,-0.14166952922038076,-0.7555360776363961,-0.6551070411694638,-0.9096996870312377,0.41526675693494663,0.5407093688225928,-0.8412094735958894,0.9594814937235343,0.2817716508133054,0.5992613575005044,0.8005534494377329,1,0,0,0,99,33
1701552660,12,3,6,331,019.0,0.0,086,0,0,0,0,0,0,1,-0.9055911481970673,-0.424151709070136,0.8438458713148201,-0.5365856366554476,0.8765231419236595,0.48135972169706537,-0.5092348565754973,-0.860627597075839,0.964527759340248,-0.26398144151072533,-0.7949784404343068,-0.6066376836668139,-0.896280559776573,0.4434874949382373,0.5275000023989397,-0.8495550291000099,0.9616535314498694,0.27426717895146524,0.6023839394640825,0.798206482982776,1,0,0,0,99,33
1701552720,12,3,6,332,019.0,0.0,086,0,0,0,0,0,0,1,-0.8462043418838514,0.5328585288581931,0.48329156372825655,-0.875459459043705,0.9683644611001854,0.24954011797333814,-0.6125601529754697,-0.7904239741978156,0.9461564284508708,-0.3237097664592346,-0.8135446412026923,-0.5815024649736085,-0.889241942604376,0.45743717329617606,0.5208468233098019,-0.8536501547168418,0.9627175480681864,0.27050863690754695,0.6039417865541566,0.7970284301414683,1,0,0,0,99,33
1701552780,12,3,6,333,019.0,0.0,086,0,0,0,0,0,0,1,-0.008821166113885877,0.9999610927573088,0.004410625958475234,-0.9999902731420214,0.9999975682825487,0.0022053183419487145,-0.7063266530643069,-0.707886049566577,0.9240903769563281,-0.38217401169717374,-0.8313164294350177,-0.5557994189916117,-0.8819862297654119,0.47127517492882454,0.5141618544151129,-0.8576931779281052,0.9637668748011899,0.2667459672346471,0.6054973297898815,0.7958473368789541,1,0,0,0,99,33
1701552840,12,3,6,334,019.0,0.0,086,0,0,0,0,0,0,1,0.8366721491002945,0.5477040395322044,-0.47555018687189876,-0.8796885924951523,0.9694556700786149,-0.24526659730265726,-0.78907116196914,-0.6143017998904703,0.8984157723154882,-0.43914587559803503,-0.8482764512816665,-0.5295536443090374,-0.8745151926379088,0.48499812148654897,0.5074455037309183,-0.8616838519685015,0.964801495637445,0.26297922734647544,0.6070505632373322,0.7946632077007452,1,0,0,0,99,33
1701552900,12,3,6,335,018.9,0.0,086,0,0,0,0,0,0,1,0.9129329489429682,-0.40810958177221934,-0.839079728563448,-0.5440084641932424,0.8786377137914245,-0.477489023856443,-0.8595024793031265,-0.5111315760856283,0.8692328733100321,-0.49440288425249485,-0.8644081455691214,-0.5027907694794651,-0.8668306551684317,0.49860266270876197,0.5006981811886468,-0.8656219332678563,0.9658213947899105,0.2592084747188484,0.6086014809713954,0.7934760471239344,1,0,0,0,99,33
1701552960,12,3,6,336,019.0,0.0,086,0,0,0,0,0,0,1,0.14984740573347818,-0.9887091356890289,-0.9971732887740798,-0.07513609089835323,0.7331903200732922,-0.6800234955873388,-0.9165215479156338,-0.39998531498835127,0.836655638536056,-0.5477292602242684,-0.8796957599716702,-0.47553692799599256,-0.858934493426592,0.5120854772418407,0.4939202986100892,-0.8695071814659844,0.9668265566961802,0.2554337668888117,0.6101500770757914,0.7922858596771786,1,0,0,0,99,33
1701553020,12,3,6,337,019.0,0.0,086,0,0,0,0,0,0,1,-0.7510071512506543,-0.660294069919136,-0.9111240502585628,0.41213221791123295,0.542156703402608,-0.8402774000028898,-0.9592386043114846,-0.28259741682923273,0.8008112813981934,-0.598916765156381,-0.8941243663932834,-0.4478187327723233,-0.8508286351470322,0.5254432734499875,0.48711226968226357,-0.8733393594273613,0.9678169660187202,0.25165516145376265,0.6116963456430966,0.791092649900681,1,0,0,0,99,33
1701553080,12,3,6,338,019.0,0.0,086,0,0,0,0,0,0,1,-0.9613891968218607,0.2751923186322931,-0.6019998676776046,0.7984961861625556,0.31741440880766936,-0.9482869255037094,-0.9869870631127111,-0.16079968049764676,0.7618397733439909,-0.6477655129374955,-0.907679875544648,-0.4196632501557079,-0.8425150592587969,0.538672790218836,0.4802745099321658,-0.8771182332555959,0.9687926076451028,0.24787271607057126,0.6132402807747664,0.7898964223461742,1,0,0,0,99,33
1701553140,12,3,6,339,019.0,0.0,086,0,0,0,0,0,0,1,-0.2878744485084861,0.9576681585475916,-0.1454851220097925,0.989360439513222,0.07293682364477497,-0.997336562929792,-0.9993339189004324,-0.03649271893274041,0.7198932972784023,-0.6940847502528994,-0.9203490507011184,-0.3910979734971153,-0.8339957954022056,0.5517707977516048,0.473407436701408,-0.8808435723077068,0.9697534666882369,0.24408648845470035,0.6147818765811577,0.7886971815769029,1,0,0,0,99,33
1701553260,12,3,6,341,019.0,0.0,086,0,0,0,0,0,0,1,0.9906032333897737,-0.13676707936387883,0.7539121564757657,0.6569752356961871,-0.4141405343019522,-0.9102129519228418,-0.9772954906073296,0.2118809194773779,0.6277416190291282,-0.7784217749643756,-0.9429797916616176,-0.3328499850049752,-0.8163485729163049,0.5775595272329186,0.45958702808449753,-0.8881327398629437,0.9716307786044408,0.23650291767445097,0.617858026704173,0.7862896787044997,1,0,0,0,99,33
1701553320,12,3,6,342,018.9,0.0,087,0,0,0,0,0,0,1,0.42013968223930687,-0.907459446701534,0.9765908679435658,0.21510526876214117,-0.6264561960895026,-0.7794566276458689,-0.943254108829076,0.33207180876591375,0.5778962671769416,-0.8161102280837784,-0.9529192589311485,-0.3032241513437061,-0.8072249226032686,0.5902439532330229,0.45263453622485383,-0.8916961234728519,0.9725472028320404,0.23270569022603224,0.6193925692862192,0.7850814257852596,1,0,0,0,99,33
1701553380,12,3,6,343,018.9,0.0,087,0,0,0,0,0,0,1,-0.5365983551885637,-0.8438377837054513,0.9601660751415484,-0.2794299700233931,-0.799821845795485,-0.6002374654987004,-0.8944935621620483,0.44708082854294906,0.5257942427685239,-0.8506117882274349,-0.9619282167156328,-0.2733022244444464,-0.7979041999026094,0.6027842796372321,0.4456544178860835,-0.8952050825473546,0.9734487871858886,0.22890491197508778,0.6209247490738762,0.7838701780190033,1,0,0,0,99,33
1701553440,12,3,6,344,018.9,0.0,087,0,0,0,0,0,0,1,-0.9999903395061709,-0.004395553927897717,0.7086591401823227,-0.7055510066862999,-0.9234584470040598,-0.38369844494974187,-0.8317747426285983,0.5551133015206257,0.47163900309419615,-0.8817917275413242,-0.9699978679206785,-0.24311342256103,-0.7883886803350966,0.6151774449047079,0.4386470990986331,-0.898659402917676,0.9743355179089173,0.22510064091681745,0.6224545602223437,0.7826559400262728,1,0,0,0,99,33
1701553500,12,3,6,345,018.9,0.0,087,0,0,0,0,0,0,1,-0.5439958173735323,0.8390879278598296,0.2836477323549146,-0.958928549960796,-0.9896788746762244,-0.14330291350702545,-0.7560763564306933,0.6544834170905228,0.4156420232059537,-0.9095282890296824,-0.977120332668828,-0.21268722454618383,-0.7786806869783608,0.6274204234218935,0.4316130075531242,-0.9020588737499048,0.9752073814707066,0.22129293509971706,0.6239819968958571,0.7814387164390171,1,0,0,0,99,33
1701553560,12,3,6,346,018.9,0.0,087,0,0,0,0,0,0,1,0.412145950487085,0.911117838425468,-0.2108105329134813,-0.9775269404025313,-0.9943658633527529,0.10600249902117563,-0.6685796515669709,0.7436405378343678,0.3580219701119138,-0.9337131620134654,-0.983288655994125,-0.18205334106592852,-0.7687825898997481,0.6395102262411726,0.4245525725742499,-0.9054032875578629,0.9760643645676915,0.2174818526246926,0.62550705326771,0.7802185119005741,1,0,0,0,99,33
1701553620,12,3,6,347,018.9,0.0,087,0,0,0,0,0,0,1,0.9893626321783087,0.14547021017792156,-0.6536550274502899,-0.7567926433898262,-0.9372279987787994,0.34871718957500053,-0.570649984852799,0.8211933967023238,0.29900384888632797,-0.9542519050812327,-0.9884968146335203,-0.1512416855876172,-0.7586968055777015,0.6514439018105791,0.4174662250945703,-0.9086924402157693,0.9769064541233642,0.21366745164417375,0.6270297235202755,0.7789953310656533,1,0,0,0,99,33
1701553680,12,3,6,348,018.9,0.0,087,0,0,0,0,0,0,1,0.6569638725243397,-0.7539220584369601,-0.9364619742512132,-0.3507691132091307,-0.8218178366308225,0.5697503342653119,-0.4638155159838274,0.8859318072699817,0.23881812402958275,-0.9710643148808378,-0.9927397229084867,-0.1202823451699422,-0.7484257963118128,0.6632185366943757,0.41035439762821135,-0.9119261309706986,0.9777336372884741,0.20984979036122642,0.6285500018450296,0.7777691786003179,1,0,0,0,99,33
1701553740,12,3,6,349,018.9,0.0,087,0,0,0,0,0,0,1,-0.27944444178438205,-0.9601618634146094,-0.9899903695023021,0.14113492938566014,-0.6553110218111473,0.755359162711905,-0.3497433611150432,0.9368455482927549,0.17769981950925717,-0.9840847393118021,-0.9960132376910966,-0.08920555108343296,-0.7379720696216873,0.6748312562843274,0.4032175242444657,-0.9151041624548343,0.9785459014412237,0.20602892702866477,0.6300678824425727,0.7765400591819668,1,0,0,0,99,33
1701553800,12,3,6,350,018.9,0.0,087,0,0,0,0,0,0,1,-0.9589328250406132,-0.28363327918216646,-0.8011345951780408,0.5984842190140996,-0.44806014160260915,0.8940034169437217,-0.23021357807075407,0.9731401278705245,0.11588760099655933,-0.9932623338953623,-0.9983141624497176,-0.058041649290133286,-0.7273381776347689,0.6862792255014961,0.3960560405413001,-0.9182263406975145,0.9793432341874616,0.2022049199481623,0.6315833595226515,0.7753079774993168,1,0,0,0,99,33
1701553860,12,3,6,351,018.9,0.0,087,0,0,0,0,0,0,1,-0.7567827912998033,0.6536664338884767,-0.41613313140840114,0.9093036989610448,-0.2129510519332497,0.9770628687451604,-0.10709138913759518,0.994249181228016,0.053622843881987556,-0.9985612603210722,-0.9996402503703701,-0.026821070811284417,-0.7165267164632748,0.6975596494883844,0.38887038361876797,-0.9212924751370719,0.980125623360871,0.19837782746936225,0.6330964273041816,0.7740729382523853,1,0,0,0,99,33
1701553920,12,3,6,352,018.9,0.0,087,0,0,0,0,0,0,1,0.14114985067939137,0.9899882421792622,0.07075223608034517,0.9974939203271522,0.03539830273366068,0.9993732836951247,0.017701925105413577,0.9998433086476912,-0.008851309290403876,-0.9999608263946371,-0.9999902065507035,0.004425697988050785,-0.7055403255703919,0.70866977429126,0.3816609920523317,-0.9243023786324636,0.9808930570231557,0.19454770798898718,0.6346070800152693,0.7728349461524715,1,0,0,0,99,33
1701553980,12,3,6,353,018.8,0.0,087,0,0,0,0,0,0,1,0.9093099708898409,0.4161194261751267,0.5403149886061247,0.8414628411805024,0.2815467623854851,0.9595475082507646,0.14221900672771448,0.9898352156421706,-0.07129089828943605,-0.9974555668404911,-0.9993636892644466,0.03566814516840596,-0.6943816871258898,0.7196068875324937,0.3744283058660939,-0.9272558674746938,0.9816455234642222,0.19071461994994804,0.6361153118932337,0.7715940059221391,1,0,0,0,99,33
1701554040,12,3,6,354,018.8,0.0,087,0,0,0,0,0,0,1,0.8414546973619527,-0.540327671221366,0.8775897877771157,0.47941231147032193,0.5101900080017631,0.8600617162362019,0.2645168083164075,0.9643810751555119,-0.13345209785628734,-0.9910552646435797,-0.9977613102950975,0.06687576301030233,-0.6830535253513071,0.7303683190727478,0.3671727665059408,-0.9301527613980265,0.9823830112023585,0.1868786218404523,0.6376211171846285,0.7703501222951977,1,0,0,0,99,33
1701554100,12,3,6,355,018.8,0.0,087,0,0,0,0,0,0,1,-3.014435335948845e-05,-0.999999999545659,0.9999999998864147,-1.50721766814562e-05,0.7071121099856378,0.7071014523472988,0.3826869135812598,0.9238780905366516,-0.1950921698369112,-0.9807849128470145,-0.9951846343385268,0.09801807780451909,-0.6715586058548728,0.7409514416628525,0.3598948168125984,-0.9329928835909876,0.983105508984409,0.18303977219311154,0.6391244901452644,0.7691033000166855,1,0,0,0,99,33
1701554160,12,3,6,356,018.8,0.0,087,0,0,0,0,0,0,1,-0.8414872714892108,-0.5402769400239504,0.8775753358042688,-0.4794387656291727,0.8600694058124533,0.5101770449416689,0.4948853175526281,0.8689582973139933,-0.25597041106933305,-0.9666846169547733,-0.9916361774750792,0.12906467960915324,-0.6598997349563215,0.7513536715852107,0.3525949009946041,-0.9357760607071574,0.9838130057859464,0.17919812958404827,0.6406254250402305,0.7678535438428503,1,0,0,0,99,33
1701554220,12,3,6,357,018.8,0.0,087,0,0,0,0,0,0,1,-0.9092848819352602,0.4161742465410129,0.540289623007414,-0.8414791282441333,0.9595517516643209,0.281532299883927,0.5993612016622668,0.8004787004923762,-0.3158490933243467,-0.9488094383205661,-0.9871194047126635,0.15998525194441188,-0.6480797590017714,0.7615724692845757,0.3452734646011943,-0.9385021228757492,0.9845054908114401,0.17535375263200217,0.6421239161439161,0.7666008585411322,1,0,0,0,99,33
1701554280,12,3,6,358,018.8,0.0,087,0,0,0,0,0,0,1,-0.14109016531210986,0.9899967501220404,0.07072216723899125,-0.9974960526543551,0.9993738171110836,0.03538323999893738,0.6944842546815092,0.7195079012766077,-0.374494391629162,-0.9272291791344273,-0.9816387266032314,0.19074960139614014,-0.6361015636688295,0.7716053399880473,0.33793095449511035,-0.9411709037119792,0.9851829534944205,0.17150669999743565,0.6436199577400332,0.7653452488901449,1,0,0,0,99,33
1701554340,12,3,6,359,018.8,0.0,087,0,0,0,0,0,0,1,0.7568221986283603,0.6536208072447929,-0.41616054159134735,-0.9092911544837531,0.9770596589983012,-0.2129657783732482,0.7787701131827185,0.6273094219070648,-0.43167729734891963,-0.9020281098466568,-0.9751994949359482,0.22132768709917786,-0.6239680732620949,0.781449834314135,0.3305678188253245,-0.9437822403272206,0.9858453834976407,0.16765703038163873,0.645113544121638,0.7640867196796574,1,0,0,0,99,33
1701554400,12,3,6,360,018.8,0.0,087,0,0,0,0,0,0,1,0.9589157234143065,-0.2836910914865273,-0.8011526357338304,-0.5984600690578581,0.8939966636005579,-0.4480736161291702,0.8509035245341184,0.5253219888177297,-0.4871745124605095,-0.8733046400935156,-0.9678079975112615,0.2516896500717544,-0.6116822499992318,0.7911035488707386,0.32318450699968687,-0.9463359733389455,0.9864927707132337,0.16380480252583335,0.6466046695911524,0.7628252757105762,1,0,0,0,99,33
1701554460,12,3,6,361,018.8,0.0,087,0,0,0,0,0,0,1,0.2793865543595699,-0.9601787090136331,-0.9899946234736917,-0.141105086702016,0.7553492856626053,-0.655322406643472,0.9097588709772145,0.4151370817913813,-0.5407693215265723,-0.8411709344097017,-0.9594714520009706,0.2818058423722779,-0.5992470932877865,0.8005641268419033,0.3157814696574965,-0.9488319468804535,0.9871251052628672,0.15995007521027702,0.6480933284603858,0.7615609217949267,1,0,0,0,99,34
1701554520,12,3,6,362,018.8,0.0,087,0,0,0,0,0,0,1,-0.6570093243162466,-0.7538824495645917,-0.936451400117644,0.3507973420904214,0.5697379476169631,-0.8218264239151785,0.9544177345154423,0.29847409944986975,-0.5922524379646446,-0.8057524742282427,-0.9501979989002931,0.31164685605004694,-0.5866656389929246,0.8098292585632008,0.3083591586419959,-0.9512700086103841,0.987742377497894,0.15609290725336597,0.6495795150505572,0.7602936627558348,1,0,0,0,99,34
1701554580,12,3,6,363,018.8,0.0,087,0,0,0,0,0,0,1,-0.9893538601694428,0.14552985730709223,-0.6536322141284454,0.756812347054107,0.348703063469403,-0.9372332545994372,0.9841832285198314,0.17715352861368974,-0.6414228213067844,-0.7671875678781851,-0.9399966935788086,0.3411835518616152,-0.573940958696269,0.8188966820856021,0.3009180269727937,-0.9536500097220159,0.988344577999499,0.1522333575107376,0.6510632236923164,0.7590235034275084,1,0,0,0,99,34
1701554640,12,3,6,364,018.8,0.0,088,0,0,0,0,0,0,1,-0.41209101962194344,0.9111426845159583,-0.21078106590019152,0.9775332947055968,0.10598751175115685,-0.9943674609282015,0.9985908724117705,0.05306853621402457,-0.688088462258297,-0.7256268104935293,-0.9288774974380447,0.37038708772476847,-0.5610761589460167,0.8277641837276992,0.2934585288182137,-0.9559718049523478,0.9889316975788438,0.1483714848743724,0.652544448725766,0.7577504486552193,1,0,0,0,99,34
1701554700,12,3,6,365,018.8,0.0,088,0,0,0,0,0,0,1,0.5440464039108651,0.8390551295306261,0.2836766385070983,0.9589199991476417,-0.1433178301056054,-0.9896767146769802,0.997415839727087,-0.07184457294402906,-0.7320671324899203,-0.6812324959424539,-0.9168512681843369,0.39922894688232846,-0.5480743804985193,0.8364295986161443,0.2859811194675758,-0.9582352525909659,0.9895037272772058,0.14450734827169542,0.6540231845004826,0.7564745032952847,1,0,0,0,99,34
1701554760,12,3,6,366,018.8,0.0,088,0,0,0,0,0,0,1,0.9999900726865629,-0.004455842044182302,0.7086804082392084,0.705529644294206,-0.38371236343503057,-0.9234526637284138,0.9806764664578257,-0.19563657157033057,-0.7731870962355524,-0.6341779830732337,-0.9039297492264633,0.42768096574828196,-0.5349387975515134,0.8448908112141716,0.27848625530340665,-0.9604402144886925,0.9900606583661156,0.14064100666467697,0.6554994253755387,0.7551956722150481,1,0,0,0,99,35
1701554820,12,3,6,367,018.8,0.0,088,0,0,0,0,0,0,1,0.5365474803247321,-0.8438701329927379,0.9601744979410612,0.27940102631098374,-0.6002495204866958,-0.7998127988195062,0.948633964925225,-0.31637572692962224,-0.8112877809167417,-0.5846470187516472,-0.8901255582084044,0.4557153614090449,-0.5216726169691845,0.8531457558380763,0.27097439377358495,-0.9625865560660185,0.99060248234749,0.13677251904893306,0.6569731657195242,0.7539139602928616,1,0,0,0,99,35
1701554880,12,3,6,368,018.8,0.0,088,0,0,0,0,0,0,1,-0.42019439103217676,-0.9074341153742778,0.9765843832906294,-0.21513470736462095,-0.7794660696158047,-0.626444447910339,0.9017883476488092,-0.4321779448847783,-0.8462204041751706,-0.5328330203333975,-0.8754521746884285,0.4833047587530059,-0.5082790774992584,0.8611924171615208,0.26344599336342084,-0.9646741463213163,0.9911291909537616,0.13290194445282522,0.6584443999105676,0.7526293724180665,1,0,0,0,99,35
1701554940,12,3,6,369,018.8,0.0,088,0,0,0,0,0,0,1,-0.9906114770998198,-0.1367073569275377,0.7538923520395793,-0.6569979615921431,-0.910219193818759,-0.4141268153644828,0.8408706248182544,-0.5412361705556629,-0.8778485548645799,-0.47893832037347833,-0.8599239269765315,0.5104222172018581,-0.49476144898230595,0.8690288307075485,0.2559015135676726,-0.9667028578388368,0.9916407761480053,0.12902934193655957,0.6599131223363575,0.751341913490975,1,0,0,0,99,35
1701555000,12,3,6,370,018.8,0.0,088,0,0,0,0,0,0,1,-0.6502649395607762,0.759707515020103,0.346621180094276,-0.9380052012169503,-0.9843792971250844,-0.17606078322989716,0.7668313971238714,-0.6418485868061496,-0.9060487257333762,-0.4231733765218757,-0.8435559781430856,0.537041257017617,-0.4811230315534598,0.876653083328182,0.2483414148625013,-0.9686725667964852,0.9921372301240603,0.12515477059128596,0.6613793273941642,0.7500515884228517,1,0,0,0,99,35
1701555060,12,3,6,371,018.7,0.0,088,0,0,0,0,0,0,1,0.28793218456003195,0.9576508012289697,-0.14551494557438124,-0.9893560535087885,-0.9973354634998167,0.07295185566937777,0.6808260219507706,-0.7324451705313435,-0.9307107957178061,-0.3657559496909493,-0.8263643112123579,0.5631358851596348,-0.46736715483673286,0.8840633136714912,0.24076615867736564,-0.9705831529733789,0.9926185453066497,0.12127828953819604,0.6628430094908613,0.7487584021358946,1,0,0,0,99,35
1701555120,12,3,6,372,018.7,0.0,088,0,0,0,0,0,0,1,0.9614057860636483,0.27513435722086477,-0.6020239375552833,-0.7984780389030324,-0.9482821412699473,0.31742870151970165,0.5841965844132856,-0.8116121923430246,-0.9517384599623535,-0.3069102537037296,-0.808365713555359,0.5886806206663637,-0.45349717713213844,0.8912577126360152,0.23317620736685893,-0.9724344997571855,0.9930847143514961,0.1173999579276213,0.6643041630429463,0.7474623595632162,1,0,0,0,99,35
1701555180,12,3,6,373,018.7,0.0,088,0,0,0,0,0,0,1,0.7509673416102893,-0.6603393459690063,-0.9111364733038093,-0.412104752478659,-0.840269228425824,0.5421693681504614,0.4784509545656371,-0.8781142773439177,-0.9690496058881397,-0.24686607974373714,-0.78957776049726,0.6136505195370826,-0.4395164845958098,0.8982345238124292,0.22557202418248906,-0.9742264941512392,0.9935357301454335,0.11351983493813046,0.6657627824765626,0.746163465648825,1,0,0,0,99,35
1701555240,12,3,6,374,018.8,0.0,088,0,0,0,0,0,0,1,-0.14990701345623575,-0.9887000997858916,-0.997171023392149,0.07516615000819327,-0.6800124447360528,0.7332005694242856,0.365239257594056,-0.9309136827397816,-0.9825766338407864,-0.18585789902532845,-0.7700187981553854,0.6380211990892903,-0.4254284904133183,0.9049920439123458,0.21795407324440425,-0.9759590267814386,0.9939715858065156,0.10963797977562646,0.6672188622275204,0.7448617253476065,1,0,0,0,99,35
1701555300,12,3,6,375,018.7,0.0,088,0,0,0,0,0,0,1,-0.9129575516827102,-0.40805454148374776,-0.8390633293988445,0.5440337574619116,-0.47747578081934605,0.8786449104905553,0.24632812416515168,-0.9691864914686324,-0.9922667210656196,-0.12412394718862174,-0.7497079255245411,0.661768861767981,-0.4112366339663935,0.9115286231841491,0.2103228195130653,-0.9776319919029218,0.9943922746841213,0.10575445167244309,0.668672396741318,0.7435571436253043,1,0,0,0,99,36
1701555360,12,3,6,376,018.7,0.0,088,0,0,0,0,0,0,1,-0.8366391272115635,0.5477544804186207,-0.47552366901205834,0.879702927248347,-0.24525198546765434,0.9694593666699876,0.123573122745224,-0.9923354691509287,-0.9980820279793963,-0.061905293994420546,-0.72866497582717,0.6848703183835534,-0.39694437999324705,0.9178426658157577,0.20267872876086712,-0.9792452874065205,0.9947977903590559,0.10186930988644112,0.6701233804731629,0.7422497254585013,1,0,0,0,99,36
1701555420,12,3,6,377,018.7,0.0,088,0,0,0,0,0,0,1,0.00888145245887885,0.9999605591233189,0.0044407700166209495,0.9999901397322173,0.002220390481728404,0.9999975349300161,-0.0011101959250420757,-0.9999993837323141,-0.9999998459330667,0.0005550980480432917,-0.7069104971465471,0.7073030107556603,-0.3825552177427069,0.9239326303242191,0.1950222675437101,-0.9807988148249923,0.9951881266436493,0.09798261370010419,0.6715718078879934,0.7409394758346002,1,0,0,0,99,36
1701555480,12,3,6,378,018.7,0.0,088,0,0,0,0,0,0,1,0.8462364656975445,0.5328075113244262,0.48331795366796265,0.8754448901342752,0.24955471330524379,0.9683606998774462,-0.1257761903592125,-0.9920586423890088,-0.9980126858885634,0.06301332244450873,-0.6844657323619245,0.7290450337408892,-0.36807266012236683,0.9297970299320409,0.1873539031725241,-0.982292479339031,0.9955632775818498,0.09409442241963412,0.673017673460499,0.7396263997518051,1,0,0,0,99,35
1701555540,12,3,6,379,018.7,0.0,088,0,0,0,0,0,0,1,0.9055655749932976,-0.42420630521841407,0.8438620459584654,0.5365601992235288,0.48137293275405046,0.8765158866853267,-0.24847948940976328,-0.9686371577338252,-0.9921283076633347,0.12522548116532597,-0.6613525984052206,0.7500751566227634,-0.3535002428409609,0.9354344329301663,0.17967410368474607,-0.9837261897830529,0.9959232374493159,0.09020479537404606,0.6744609716751422,0.7383105022191023,1,0,0,0,99,35
1701555660,12,3,6,381,018.7,0.0,088,0,0,0,0,0,0,1,-0.7625779510977885,-0.6468963352033299,0.9074404485153088,-0.4201807139771352,0.842668592620235,0.5384325798198252,-0.48039953173383443,-0.8770497647852786,-0.9687749389784189,0.2479417625317701,-0.6132121319201985,0.7899182750550117,-0.32410008095107623,0.9460227996869345,0.1642820749702558,-0.9864134021004922,0.9965975622337464,0.08242147141221098,0.6773398440176795,0.7356702628937135,1,0,0,0,99,35
1701555720,12,3,6,382,018.7,0.0,088,0,0,0,0,0,0,1,-0.9563671216345017,0.29216763793503586,0.594908548461427,-0.8037933932096717,0.9496824188142243,0.31321446868745406,-0.5859972403145539,-0.8103130471266812,-0.9513971429236797,0.3079666807248138,-0.588231807740446,0.8086923644763854,-0.30927951397046544,0.9509711784476923,0.15657078519364281,-0.98766673996032,0.9969119168613444,0.07852789325991148,0.6787754071635509,0.734345931172738,1,0,0,0,99,37
1701555780,12,3,6,383,018.7,0.0,088,0,0,0,0,0,0,1,-0.27087677105340535,0.9626140321560251,0.13672228758321528,-0.9906094165098637,0.9976495919183909,0.06852219892172288,-0.6824506579520153,-0.7309316653838863,-0.930304161385911,0.3667889956201752,-0.5626770851828893,0.8266767795275779,-0.29438344083220963,0.9556873912340734,0.14884993914329722,-0.9888597957329627,0.9972110598396317,0.07463311686857685,0.6802083809875555,0.7330187981452375,1,0,0,0,99,37
1701555840,12,3,6,384,018.7,0.0,088,0,0,0,0,0,0,1,0.6636564336219596,0.7480375245348201,-0.3549383576518463,-0.9348897059372352,0.9835877454343449,-0.18043044929108396,-0.7682546613236668,-0.6401443394691997,-0.9055783620066239,0.424179007336997,-0.5365729180004349,0.8438539587324921,-0.27941549819892586,0.960170286650366,0.1411200080598672,-0.9899924966004454,0.9974949866040544,0.0707372016677029,0.6816387600233341,0.7316888688738209,1,0,0,0,99,37
1701555900,12,3,6,385,018.7,0.0,088,0,0,0,0,0,0,1,0.9880269738337468,-0.1542812333919083,-0.7596977140257526,-0.6502763899328083,0.9083711768690177,-0.41816480606765055,-0.8420703076547856,-0.5393677752389131,-0.8773162985032573,0.4799126091076827,-0.509944796469342,0.8602071288671359,-0.2643793402791376,0.964418770261948,0.13338146373850462,-0.9910647734285454,0.9977636928222396,0.06684020710416233,0.6830665388144254,0.7303561484317642,1,0,0,0,99,37
1701555960,12,3,6,386,018.7,0.0,088,0,0,0,0,0,0,1,0.4040100708226276,-0.9147545368424774,-0.9784565746221131,-0.20645273449087873,0.7766764881502719,-0.629899700551255,-0.9027457284726566,-0.43017455727224563,-0.8456283336289784,0.5337721624100279,-0.482818722498399,0.8757203213383905,-0.2492786379351523,0.9684318048624773,0.12563477850006885,-0.9920765607710116,0.9980171743940611,0.06294219264129754,0.6844917119142869,0.7290206419029908,1,0,0,0,99,37
1701556020,12,3,6,387,018.7,0.0,088,0,0,0,0,0,0,1,-0.5514518281149147,-0.8342067377267571,-0.9576551408849527,0.2879177506452518,0.5966918171697799,-0.8024704825242022,-0.9493341041288368,-0.3142686092149499,-0.8106382082084923,0.5855473468409921,-0.4552211842385018,0.8903783877770709,-0.2341170777868726,0.9722084107271113,0.117880425162299,-0.9930277968735597,0.9982554274517018,0.05904321775801332,0.6859142738863169,0.7276823543820522,1,0,0,0,99,38
1701556080,12,3,6,388,018.7,0.0,088,0,0,0,0,0,0,1,-0.9999114594340064,0.013306888913466725,-0.7023863292684922,0.711795928940826,0.3796077390275217,-0.9251475365964139,-0.981108438603097,-0.1934586046207122,-0.7724825579327705,0.6350359814133715,-0.42717913021742326,0.904167014830051,-0.2188983613117615,0.9757476658516921,0.11011887701095537,-0.9939184236776407,0.9984784483597131,0.055143341947869365,0.6873342193038735,0.7263412909741086,1,0,0,0,99,38
1701556140,12,3,6,389,018.7,0.0,088,0,0,0,0,0,0,1,-0.5290571062774264,0.8485862232545117,-0.2751488476674837,0.9614016390808037,0.13892149027273704,-0.9903033977223353,-0.9975729040331677,-0.06962974320527361,-0.7313103797996011,0.6820448140682276,-0.3987199430250338,0.9170727381370105,-0.20362620394117933,0.9790487061778415,0.10235060777093262,-0.9947483868239851,0.9986862337150706,0.05124262471817234,0.6887515427502967,0.7249974567949091,1,0,0,0,99,38
1701556200,12,3,6,390,018.7,0.0,088,0,0,0,0,0,0,1,0.42820991051876856,0.9036792973912307,0.21945466799406363,0.9756226979194443,-0.11040222389190282,-0.9938869900344416,-0.9984705779426957,0.05528566706461281,-0.6872824502835014,0.7263902763200416,-0.36987141257466655,0.9290829554781537,-0.18830433415331466,0.9821107258039069,0.09457609157734605,-0.9955176356559202,0.9988787803472252,0.04734112558906797,0.6901662388189284,0.7236508569707729,1,0,0,0,99,38
1701556260,12,3,6,391,018.7,0.0,088,0,0,0,0,0,0,1,0.9917827103751873,0.12793379303705288,0.6603280271815468,0.7509772942762827,-0.3528616624994258,-0.9356755031196132,-0.9837874524305575,0.17933836299072597,-0.6405706975070254,0.7678992000877217,-0.34066170896673886,0.9401859390800635,-0.17293649256292973,0.9849329771817125,0.08679580294659275,-0.9962261232224621,0.9990560853181523,0.04343890409263279,0.6915783021131328,0.7223014966385688,1,0,0,0,99,37
1701556320,12,3,6,392,018.7,0.0,088,0,0,0,0,0,0,1,0.6435150601529656,-0.7654334506384766,0.9395300555699313,0.3424664577455166,-0.5733818719904229,-0.8192882452914593,-0.9537526527594719,0.3005925437436371,-0.5913575298651244,0.8064094939122546,-0.3111193549811273,0.9503708470676735,-0.157526431008143,0.987514771299061,0.07901021674738969,-0.9968738062811815,0.999218145922396,0.03953601977196579,0.692987727246318,0.7209493809456964,1,0,0,0,99,37
1701556380,12,3,6,393,018.7,0.0,088,0,0,0,0,0,0,1,-0.2963973686521434,-0.9550647097742044,0.9887023590985824,-0.14989211157661958,-0.7582519738110213,-0.6519616125292119,-0.9088348619329069,0.4171560783872076,-0.5398351237242685,0.8417707759203831,-0.281273198225157,0.9596277340511744,-0.14207791163447184,0.9898554778479468,0.07121980817179005,-0.9974606453008427,0.9993649596871111,0.035632532180279806,0.6943945088419551,0.7195945150500662,1,0,0,0,99,37
1701556440,12,3,6,394,018.7,0.0,088,0,0,0,0,0,0,1,-0.9638034236249698,-0.26661387925010005,0.7958058429196471,-0.6055518643146514,-0.8959776404338033,-0.44409916442465225,-0.8497350070535673,0.5272100319490078,-0.486204672977848,0.873844961062604,-0.2511523829644027,0.9679475608375188,-0.1265947059763584,0.9919545253784365,0.06342505270618003,-0.9979866044638166,0.9994965243721002,0.03172850087999289,0.6957986415336003,0.7182369041200796,1,0,0,0,99,37
1701556500,12,3,6,395,018.7,0.0,088,0,0,0,0,0,0,1,-0.745093055724214,0.6669605223036468,0.4080683016949204,-0.9129514013088668,-0.97799575697159,-0.20862478123551537,-0.777375321590387,0.6290370492922037,-0.4306756033883254,0.9025068003323309,-0.2207863216638081,0.9753222032570393,-0.11108059403640383,0.9938114014381801,0.055626426102257626,-0.9984516516682669,0.9996128379698479,0.02782398544181939,0.6972001199649138,0.7168765533346099,1,0,0,0,99,37
1701556560,12,3,6,396,018.7,0.0,088,0,0,0,0,0,0,1,0.15865243143670757,0.9873344954974584,-0.07957859166428352,-0.9968285949694307,-0.9992068341863537,0.0398208803931389,-0.6928849542336957,0.7210481538680822,-0.3734647547841147,0.9276443698605846,-0.19020466626691288,0.9817444600965631,-0.0955393633625346,0.9954256526975189,0.04782440434799511,-0.998855758530109,0.9997138987055519,0.023919045443861007,0.6985989387896817,0.7155134678829815,1,0,0,0,99,40
1701556620,12,3,6,397,018.7,0.0,088,0,0,0,0,0,0,1,0.916533604797894,0.3999576868572196,-0.54774187038366,-0.8366473829688406,-0.9582920700310633,0.28579067254824764,-0.5975823489075595,0.8018075431636471,-0.31479553430469187,0.9491595079763061,-0.15943727924123308,0.9872080601312739,-0.07997480812332723,0.9967968850601596,0.04001946363858728,-0.9991989003847431,0.9997997050371497,0.020013740470697712,0.6999950926718352,0.7141476529649515,1,0,0,0,99,40
1701556680,12,3,6,398,018.7,0.0,089,0,0,0,0,0,0,1,0.8317580087191734,-0.5551383745801722,-0.8817988360675502,-0.47162571251991114,-0.857795346373455,0.5139913848889341,-0.49295467089331135,0.8700549939196184,-0.2548970440004961,0.9669681985255819,-0.12851420441806832,0.9917076682484567,-0.06439072818171633,0.997924763759387,0.03221208034738687,-0.9994810562885589,0.9998702556553423,0.016108130112478542,0.7013885762854716,0.7127791137906885,1,0,0,0,99,38
1701556740,12,3,6,399,018.7,0.0,089,0,0,0,0,0,0,1,-0.017732064727370864,-0.9998427745803359,-0.9999606928725588,0.008866380875648453,-0.703965062742588,0.7102346023940429,-0.38063460011273087,0.9247255274928996,-0.19400318619432566,0.9810008989529264,-0.09746563765521044,0.9952388906571443,-0.04879092816731252,0.9988090134397928,0.024402730996829252,-0.9997022090202143,0.9999255494836139,0.012202273964012331,0.7027793843148743,0.7114078555807535,1,0,0,0,99,38
1701556800,12,3,6,400,018.7,0.0,089,0,0,0,0,0,0,1,-0.8509193596391765,-0.525296338642536,-0.8732972972139945,0.4871876750070059,-0.5063656411097588,0.8623188722876839,-0.26237485370392877,0.9649660284921133,-0.13235175009777303,0.9912028118634736,-0.06632189735120068,0.9977982791785807,-0.03317921654755682,0.9994494182244994,0.016591892229347906,-0.9998623450816866,0.9999655856782489,0.008296231623858378,0.7041675114545337,0.7100338835660797,1,0,0,0,99,38
1701556860,12,3,6,401,018.7,0.0,089,0,0,0,0,0,0,1,-0.9017753195144049,0.4322051285150291,-0.5328202658894324,0.8462284350324767,-0.2772828564548513,0.9607883312760612,-0.14002083545661836,0.9901485573579505,-0.07018348324944229,0.9975340990056306,-0.03511339483992818,0.9993833346133081,-0.017559404697937788,0.9998458217678634,0.008780040778282644,-0.9999614546990957,0.9999903636283441,0.004390062693417029,0.7055529524091665,0.7086572029879528,1,0,0,0,99,37
1701556920,12,3,6,402,018.7,0.0,089,0,0,0,0,0,0,1,-0.12354320937804643,0.9923391937319478,-0.06189025071872073,0.9980829609135574,-0.030959966783271346,0.9995206253283515,-0.015481838903188173,0.9998801491499747,-0.00774115140096295,0.9999700368385982,-0.003870604694478365,0.9999925091815933,-0.0019353059714989746,0.9999981272936448,0.0009676534387822795,-0.9999995318233016,0.9999998829558185,0.0004838267760202487,0.7069357018937364,0.7072778190979907,1,0,0,0,99,36
1701556980,12,3,6,403,018.7,0.0,089,0,0,0,0,0,0,1,0.7682739577117872,0.6401211806383749,0.42419265632588754,0.9055719686028203,0.2172878636707302,0.9761075679972009,0.10929874656829122,0.9940089456330866,0.054731409478074984,0.9985011130772681,0.02737596503077039,0.9996252080348085,0.013689265232136597,0.9999062976186339,-0.0068447929612965195,-0.9999765741302729,0.999994143515419,-0.003422416523977862,0.7083157546334748,0.7058957371581238,1,0,0,0,99,38
1701557040,12,3,6,404,018.7,0.0,089,0,0,0,0,0,0,1,0.953743591158287,-0.3006212938640479,0.8064184068658303,0.591345375451585,0.45202578717835057,0.8920048697881602,0.23237376165548454,0.9726265649744922,0.11699024537436405,0.9931330638374931,0.05859580259074419,0.9982817898362899,0.029310494397997367,0.999570355161729,-0.014656821590492326,-0.9998925830212285,0.9999731453947223,-0.007328607602110553,0.7096931053638997,0.7045109624405745,1,0,0,0,99,37
1701557100,12,3,6,405,018.6,0.0,089,0,0,0,0,0,0,1,0.26234576530777837,-0.9649739371739923,0.9912048065798491,0.13233681049883225,0.6586589365905422,0.7524416291310683,0.3518226619114605,0.9360666720728467,0.17879223686608067,0.9838868512366772,0.08975842234387488,0.9959635664111105,0.044924567827022366,0.9989903819384626,-0.022467955642842295,-0.9997475636225533,0.9999368889141338,-0.011234686854707914,0.7110677488308368,0.7031235002278377,1,0,0,0,99,37
1701557160,12,3,6,406,018.6,0.0,089,0,0,0,0,0,0,1,-0.6702515472972181,-0.742133992851483,0.9333097001669604,-0.35907242107165305,0.82433986348825,0.5660952123664124,0.46578148719844353,0.8848997718291073,0.23989604849902457,0.9707985815371557,0.12083339452081168,0.9926728014651041,0.060527673567121146,0.9981665195409792,-0.030277718366983942,-0.9995415247854836,0.9998853746268829,-0.015140594679806359,0.712439679790439,0.7017333558126596,1,0,0,0,99,37
1701557220,12,3,6,407,018.6,0.0,089,0,0,0,0,0,0,1,-0.9866226783405293,0.16302052197242078,0.6469078288394643,-0.7625682008753121,0.938767330299503,0.34455173713441634,0.572471948162346,0.819924306608365,0.3000630711964028,0.953919364152014,0.15179037493857458,0.9884127083743951,0.07611600234380722,0.9970989691034674,-0.03808563309525359,-0.9992744790855682,0.9998186033190141,-0.01904627147805807,0.7138088930092067,0.700340534498019,1,0,0,0,99,38
1701557280,12,3,6,408,018.6,0.0,089,0,0,0,0,0,0,1,-0.39589746896115763,0.9182947207025364,0.2021203593127912,-0.9793606896089245,0.9948267913584063,0.10158570369662134,0.6702291758433747,0.7421541968137826,0.3590583540221683,0.933315112063922,0.182599134631134,0.9831874470475918,0.09168574849017776,0.9957879912530557,-0.045891223272779696,-0.9989464428219001,0.9997365760093756,-0.022951657653640416,0.7151753832640076,0.6989450415971057,1,0,0,0,99,38
1701557340,12,3,6,409,018.6,0.0,089,0,0,0,0,0,0,1,0.5588140476063818,0.8292929881518187,-0.29215322336762034,-0.9563715251281321,0.9890327408959049,-0.1476964367746696,0.7575277013993184,0.6528030189978178,0.4166515216593972,0.909066284436349,0.21322958936748326,0.9770021198637056,0.10723311087601266,0.9942339060461842,-0.05369401248656933,-0.9985574360161222,0.9996392939496032,-0.026856693615165312,0.7165391453420968,0.6975468824333009,1,0,0,0,99,38
1701557400,12,3,6,410,018.6,0.0,089,0,0,0,0,0,0,1,0.9997545059076306,-0.022156893225121342,-0.7148975077677644,-0.6992292566729738,0.9217454249067293,-0.3877955281633778,0.833005260536624,0.5532650684060137,0.4726176740209713,0.8812675724222507,0.24365182902837945,0.9698627666897649,0.12275429383576587,0.9924370928904676,-0.06149352449458594,-0.998107482411205,0.9995267586241013,-0.030761319776588504,0.7179001740411366,0.696146062340157,1,0,0,0,99,36
1701557460,12,3,6,411,018.6,0.0,089,0,0,0,0,0,0,1,0.5215252820815293,-0.8532358291526332,-0.9626099493441341,-0.2708912797114064,0.7971484427982678,-0.6037833718680043,0.8954840511890774,0.4450936014660263,0.5267382644796055,0.8500275293971443,0.2738361468130674,0.9617763589829874,0.13824550809522282,0.9903979904520676,-0.06928928325481673,-0.9975966094699971,0.9993989717500206,-0.03466547655811879,0.719258464169216,0.6947425866613768,1,0,0,0,99,36
1701557520,12,3,6,412,018.6,0.0,089,0,0,0,0,0,0,1,-0.43619188095326605,-0.8998536786558422,-0.97464190312541,0.22377033018717848,0.6229886314423488,-0.7822308898871159,0.9439891127251193,0.32997659774057014,0.5788019532877502,0.8154681470604999,0.3037530682474665,0.95275079298327,0.15370297169659722,0.9881170965485999,-0.07708081295432778,-0.9970248483735498,0.9992559352772317,-0.03856910438712712,0.7206140105448711,0.6933364607507934,1,0,0,0,99,36
1701557580,12,3,6,413,018.6,0.0,089,0,0,0,0,0,0,1,-0.9928762402415507,-0.11915020589072603,-0.7480475271968774,0.6636451589928438,0.4100944043797453,-0.9120430798467921,0.9777635398824176,0.2097104195709025,0.6286054328547828,0.7777243790607642,0.3333733799654944,0.9427948820026454,0.16912291092184195,0.9855949680275984,-0.08486763803830527,-0.9963922340192135,0.9990976513882949,-0.04247214369905562,0.7219668079971044,0.6919276899723498,1,0,0,0,99,36
1701557640,12,3,6,414,018.6,0.0,089,0,0,0,0,0,0,1,-0.6367147631351318,0.7710994166809965,-0.3383050275409778,0.9410365074429887,0.17170249351277814,-0.9851488485104646,0.9962802940213323,0.08617178044329644,0.6759542216587983,0.7369436140042521,0.36266815823542314,0.9319183478192314,0.18450156121394817,0.9828322206305692,-0.09264928323908087,-0.9956988050185078,0.9989241224984278,-0.04637453493832645,0.7233168513654049,0.6905162797000783,1,0,0,0,99,36
1701557700,12,3,6,415,018.6,0.0,090,0,0,0,0,0,0,1,0.30483933083715453,0.9524037916633658,0.15426634165726855,0.9880292990755299,-0.07736504677330103,-0.9970028332646628,0.9992504273866143,-0.038711540497229205,0.7206634236927906,0.693285099905793,0.3916087972034126,0.9201318111840806,0.19983516809600785,0.9798295288426657,-0.10042527360513957,-0.9949446036947649,0.9987353512554678,-0.050276218559250574,0.7246641354997674,0.6891022353180801,1,0,0,0,99,36
1701557760,12,3,6,416,018.6,0.0,090,0,0,0,0,0,0,1,0.9661255498763625,0.25807251282555527,0.6090679301910603,0.7931180595679168,-0.32162240316253093,-0.9468680107512125,0.9866275920404853,-0.16299078079570548,0.7625584504796027,0.6469193223286404,0.4201670368266409,0.9074467814501962,0.21511998808781552,0.9765876257280235,-0.10819513453010837,-0.9941296760805463,0.9985313405398316,-0.05417713502693632,0.7260086552607126,0.6876855622205048,1,0,0,0,99,36
1701557820,12,3,6,417,018.6,0.0,090,0,0,0,0,0,0,1,0.7391603938754915,-0.6735294441417006,0.9147484474274064,0.4040238581187374,-0.5458828362759094,-0.8378615214099336,0.958608763106705,-0.2847266044735426,0.8014757028361941,0.5980273386419961,0.4483149904687573,0.8938756453338451,0.2303522896197853,0.9731073027507925,-0.11595839178172378,-0.9932540719148331,0.9983120934644719,-0.05807722481819786,0.7273504055193061,0.6862662658115296,1,0,0,0,99,36
1701557880,12,3,6,418,018.6,0.0,090,0,0,0,0,0,0,1,-0.1673854194417015,-0.9858915363052498,0.9964666417661079,-0.08398947462256867,-0.7362029185702026,-0.6767608607837156,0.9156311650396451,-0.40201936471784816,0.837263209724949,0.5468000709958585,0.4760251721307086,0.879431654819139,0.24552835394396,0.9693894095819128,-0.12371457153077643,-0.9923178446399905,0.9980776133748294,-0.061976428422463405,0.7286893811571785,0.684844351505339,1,0,0,0,99,36
1701557940,12,3,6,419,018.6,0.0,090,0,0,0,0,0,0,1,-0.9200378500616057,-0.39182949666151784,0.8342150492113882,-0.5514392547409379,-0.8807494691286899,-0.4735824876719271,0.8583654488829123,-0.513038747234589,0.8697812216973269,0.49343756077411205,0.5032705232903513,0.8641289142176971,0.26064447604189017,0.9654348538916795,-0.1314632003800313,-0.9913210513985062,0.9978279038487815,-0.0658746863426833,0.7300255770665447,0.6834198247261037,1,0,0,0,99,36
1701558000,12,3,6,420,018.6,0.0,090,0,0,0,0,0,0,1,-0.8268117243068012,0.5624787751985085,0.46771851834275896,-0.8838774731823718,-0.9705352835374847,-0.24095904923620143,0.7877052269841179,-0.616052331690985,0.8989027566124672,0.43814818743720435,0.5300244393246389,0.8479823663960249,0.27569696552916134,0.961244601128148,-0.13920380539312127,-0.9902637530295018,0.9975629686965886,-0.06977193909623788,0.7313589881502236,0.6819926909079606,1,0,0,0,99,36
1701558060,12,3,6,421,018.6,0.0,090,0,0,0,0,0,0,1,0.02658128773805108,0.9996466551448001,-0.013291818069772856,-0.999911659884212,-0.9999779147271733,0.00664605581484232,0.7047531284730695,-0.7094526255553792,0.9245140954997331,0.38114785480481245,0.5562607954885853,0.831007778184059,0.290682147556348,0.956819674281434,-0.14693591412341295,-0.9891460140650201,0.9972828119608349,-0.07366812721584506,0.732689609321657,0.6805629554949912,1,0,0,0,99,35
1701558120,12,3,6,422,018.6,0.0,090,0,0,0,0,0,0,1,0.8555355864224282,0.5177440104577087,-0.491047853850463,-0.8711325991081119,-0.9672467624934477,0.2538379413049674,0.6108035931029845,-0.7917821484805551,0.9465152266288576,0.3226591479560474,0.5819539724256346,0.813221724979125,0.3055963637061761,0.9521611536339647,-0.15465905464284221,-0.9879679027260867,0.9969874379163678,-0.07756319125046778,0.7340174355049299,0.6791306239412018,1,0,0,0,99,35
1701558180,12,3,6,423,018.6,0.0,089,0,0,0,0,0,0,1,0.8979144124545271,-0.44017008974536365,-0.8485782491159444,-0.5290698962588196,-0.8743768913514411,0.4852474130488386,0.5073226719510776,-0.8617561757970866,0.9648202360536098,0.26291046403948376,0.6070788811845279,0.7946415745603435,0.3204359728866724,0.9472701764967436,-0.16237275557071826,-0.9867294909185454,0.9966768510702316,-0.0814570717662211,0.7353424616347886,0.6776957017105018,1,0,0,0,99,34
1701558240,12,3,6,424,018.6,0.0,089,0,0,0,0,0,0,1,0.1147548686204055,-0.9933938393849207,-0.9983470937967718,-0.057472430847665464,-0.7271425000808527,0.6864865509069841,0.39592515018183416,-0.9182827862121189,0.979357643103917,0.20213512038718198,0.6316109877182386,0.775285470129288,0.33519735222008545,0.9421479369316923,-0.1700765461024943,-0.9854308542286699,0.9963510561615996,-0.08534970934727917,0.7366646826566614,0.6762581942766833,1,0,0,0,99,34
1701558300,12,3,6,425,018.6,0.0,089,0,0,0,0,0,0,1,-0.773909772204126,-0.6332958743643905,-0.9036857513440141,0.42819629005609655,-0.5346979100127022,0.845043279973309,0.27834934886459767,-0.9604799008759395,0.9900706795163514,0.14057044341549993,0.6555263368410532,0.7551723125934571,0.3498768979273589,0.9367956854601374,-0.17776995603850315,-0.9840720719185504,0.9960100581617011,-0.08924104459678178,0.7379840935266768,0.6748181071234004,1,0,0,0,99,34
1701558360,12,3,6,426,018.6,0.0,089,0,0,0,0,0,0,1,-0.9510453375319575,0.3090513969532009,-0.5877706198198406,0.8090276252864301,-0.30900839366720273,0.9510593107915064,0.15642999905467883,-0.9876890479274097,0.9969175111129831,0.07845684187051573,0.6788015756204033,0.7343217421098587,0.3644710262079424,0.9312147287575134,-0.1854525158126556,-0.9826532269212557,0.9956538622737461,-0.09313101813774066,0.7393006892116836,0.6733754457441478,1,0,0,0,99,34
1701558420,12,3,6,427,018.6,0.0,089,0,0,0,0,0,0,1,-0.2537942055031938,0.9672582391755589,-0.12794874134676187,0.9917807820218032,-0.06410623206130915,0.9979430800456014,0.032069611428879305,-0.9994856377271265,0.9998714011629511,0.016036868037019116,0.701413976180608,0.7127541189067303,0.3789761741147256,0.9254064293343575,-0.19312375652110036,-0.9811744058357712,0.9952824739328456,-0.09701957061394559,0.7406144646892693,0.67193021564224,1,0,0,0,99,34
1701558480,12,3,6,428,018.7,0.0,089,0,0,0,0,0,0,1,0.6767941486332613,0.7361723170398212,0.36319945137636067,0.9317114137542325,0.18478174456066745,0.9827795820412206,-0.09279121175730869,-0.9956855884367365,0.9989208147888241,-0.046445729422969886,0.7233414578962587,0.6904905034021214,0.39338880042387997,0.9193722052036709,-0.20078320995084364,-0.9796356989217142,0.9948958988059289,-0.10090664269087,0.7419254149477796,0.6704824223307908,1,0,0,0,99,33
1701558540,12,3,6,429,018.7,0.0,088,0,0,0,0,0,0,1,0.9851410837124249,-0.17174703834974567,0.7654237513788508,0.6435265968280777,0.4221808872816973,0.9065116096410674,-0.21620405911884805,-0.9763481985544571,0.9940694640100503,-0.10874695730351001,0.7445626089535755,0.6675526356387524,0.4077053864993983,0.9131135295347322,-0.2084304086083264,-0.9780372000938237,0.9944941427916566,-0.10479217505657644,0.743233534986338,0.6690320713326916,1,0,0,0,99,33
1701558600,12,3,6,430,018.7,0.0,088,0,0,0,0,0,0,1,0.38775384963726117,-0.921762958732604,0.9802456219572225,0.19778402522372224,0.6333308672314487,0.7738811359710619,-0.3362431144491573,-0.9417752215818438,0.9853362932476007,-0.17062353064298638,0.7650567072586797,0.6439629140552325,0.4219224371521189,0.906631930293444,-0.21606488574795768,-0.9763790069162293,0.9940772120203313,-0.10867610842262153,0.7445388198148641,0.6675791681805906,1,0,0,0,99,33
1701558660,12,3,6,431,018.7,0.0,088,0,0,0,0,0,0,1,-0.5661324855759046,-0.824314265784384,0.9550691770192314,-0.2963829737144291,0.8051034013449543,0.5931344814987454,-0.45103520843790823,-0.8925061572613225,0.9727554053464115,-0.2318338227466793,0.7848037406723669,0.619744373614364,0.43603648149302604,0.8999289898693018,-0.22368617540060243,-0.9746612205964957,0.9936451128538035,-0.11255838352496064,0.745841264454093,0.6661237184168716,1,0,0,0,99,34
1701558720,12,3,6,432,018.8,0.0,088,0,0,0,0,0,0,1,-0.9995192244043064,0.03100516160599342,0.6960584883449115,-0.7179850839697136,0.926818505417785,0.3755095977670121,-0.5587890488516163,-0.8293098328631502,0.956375928404503,-0.2921388087338362,0.8037844265516209,0.594920663309892,0.4500440737806176,0.8930063446890767,-0.23129381240202182,-0.9728839459794464,0.9931978518853749,-0.11643894112485227,0.7471408639355942,0.6646657275936332,1,0,0,0,99,33
1701558780,12,3,6,433,018.8,0.0,088,0,0,0,0,0,0,1,-0.5139525978344581,0.8578185864034492,0.2666284058353037,-0.9637994050640022,0.9909085237962186,0.13453734599730627,-0.6578231730498302,-0.7531724058930022,0.9362618239288095,-0.3513029989247159,0.8219802305787883,0.5695160230736639,0.4639417942621338,0.8858656848173045,-0.2388873324212645,-0.9710472915407634,0.9927354359396977,-0.1203177220097618,0.7484376133017908,0.6632052012726672,1,0,0,0,99,33
1701558840,12,3,6,434,018.8,0.0,088,0,0,0,0,0,0,1,0.4441396769705497,0.8959575588946699,-0.22808160941352784,-0.9736420181192547,0.9933886495524434,-0.1147997863254662,-0.7465921866472573,-0.665281975433926,0.9124916370668626,-0.4090953584227484,0.8393733848600241,0.5435552601057465,0.4777262500084402,0.8785087535436817,-0.24646627198900695,-0.9691513693803672,0.9922578720726702,-0.1241946669942652,0.749731507605978,0.6617421450254377,1,0,0,0,99,33
1701558900,12,3,6,435,018.8,0.0,088,0,0,0,0,0,0,1,0.9938919810238954,0.11035728365811025,-0.6669492920537099,-0.7451031081864141,0.9341046804792315,-0.3569992239582503,-0.8237108788762748,-0.5670100422575202,0.8851581898896717,-0.46529020930086196,0.8559469052753395,0.517063724650617,0.4913940757423633,0.8709373469574654,-0.2540301685258412,-0.9671962952155745,0.9917651675713295,-0.12806971692095193,0.7510225419123423,0.6602765644330594,1,0,0,0,99,33
1701558960,12,3,6,436,018.8,0.0,088,0,0,0,0,0,0,1,0.6298645812915785,-0.7767049692350272,-0.9425245273294025,-0.33413697099017103,0.8167426066363169,-0.577002178942952,-0.8879758383376634,-0.4598901070131037,0.8543682189235223,-0.5196681118689583,0.8716846080633058,0.49006728524307847,0.5049419346602744,0.8631533135089845,-0.26157856037050853,-0.9651821883740356,0.99125732995374,-0.13194281266132774,0.7523107112959804,0.6588084650862769,1,0,0,0,99,33
1701559020,12,3,6,437,018.8,0.0,088,0,0,0,0,0,0,1,-0.31325740971087507,-0.9496682553719656,-0.9873368866227894,0.15863755013872718,0.6485994333412853,-0.7611299331056187,-0.9383842318329999,-0.34559374046297575,0.820241958346126,-0.572016721581207,0.8865711256242239,0.4625923034480756,0.518366519246722,0.8551585535583667,-0.26911098680807644,-0.9631091717864508,0.9907343669688791,-0.13581389511671688,0.7535960108429174,0.657337852585443,1,0,0,0,99,33
1701559080,12,3,6,438,018.8,0.0,088,0,0,0,0,0,0,1,-0.9683719828857112,-0.24951092713946563,-0.7904147414931815,0.6125720663156844,0.44012948872139646,-0.8979343145007,-0.9741494532413135,-0.22590449917974179,0.7829126704747286,-0.6221316182369524,0.9005919215263238,0.4346656081190733,0.531664552081915,0.8469550189115929,-0.2766269880980588,-0.9609773719790682,0.9901962865965183,-0.1396829052191638,0.7548784356501264,0.6558647325404974,1,0,0,0,99,32
1701559140,12,3,6,439,018.8,0.0,087,0,0,0,0,0,0,1,-0.73316982087163,0.6800455968264643,-0.3999715009682163,0.9165275764608679,0.20429442422534697,-0.9789094892943034,-0.9947133982445153,-0.1026900937425236,0.7425261253796137,-0.6698171042372225,0.9137333047003438,0.4063144692001366,0.5448327866418574,0.838544712343992,-0.2841261055024758,-0.9587869190659601,0.9896430970471022,-0.14354978393233453,0.7561579808255463,0.6543891105709452,1,0,0,0,99,32
1701559260,12,3,6,441,018.9,0.0,087,0,0,0,0,0,0,1,0.9234700129260028,0.3836706077176726,0.5551258381134531,0.8317663757683622,-0.2900289849580881,-0.9570178618417637,-0.9891961033692368,0.14659832563545244,0.653223420570844,-0.757165215007746,0.9373273747756826,0.3484499856451812,0.5707670340667981,0.8211120464483459,-0.29907185888315707,-0.9542305922701142,0.9884914244114903,-0.15127691120902387,0.7587084127677193,0.6514303833837413,1,0,0,0,99,31
1701559320,12,3,6,442,018.9,0.0,087,0,0,0,0,0,0,1,0.8218006615020342,-0.5697751071737155,0.8859387978787574,0.4638021630104179,-0.5177826942789717,-0.855512174960245,-0.9632009590319782,0.2687822771684872,0.6046559860083719,-0.7964867472747074,0.9477570224679708,0.31899314469537793,0.5835267154572368,0.8120939430556596,-0.3065175826476683,-0.9518649964820798,0.9878929588984021,-0.1551370418660872,0.7599792898053496,0.6499472894527343,1,0,0,0,99,32
1701559380,12,3,6,443,018.9,0.0,087,0,0,0,0,0,0,1,-0.035428428178979524,-0.9993722161821225,0.999843041727581,-0.01771699491840461,-0.7133431835093137,-0.7008148846455801,-0.9221753858799258,0.38677197116286743,0.553727382760295,-0.8326980158385354,0.9572612015115142,0.2892248123531802,0.5961439371690447,0.8028775785738385,-0.31394459815878467,-0.9494413037607534,0.9872794193542053,-0.15899480532276297,0.7612472677529828,0.6484617161703677,1,0,0,0,99,33
1701559440,12,3,6,444,018.9,0.0,087,0,0,0,0,0,0,1,-0.8600847843788071,-0.510151118473792,0.8689508382163492,-0.49489841458940237,-0.8645514486106083,-0.5025443191453852,-0.8667595742607592,0.49872621790648564,0.500636485932415,-0.8656576164704166,0.9658306312367652,0.2591740568899436,0.608615618888497,0.7934652030460894,-0.3213524521097596,-0.9469596620358465,0.9866508151407586,-0.1628501427143272,0.7625123417736683,0.6469736692036518,1,0,0,0,99,34
1701559500,12,3,6,445,018.9,0.0,087,0,0,0,0,0,0,1,-0.8939831563049628,0.44810056487692174,0.5253091637898002,-0.8509114421832984,-0.9620060920241873,-0.27302798191458466,-0.7978182693804977,0.6028980088229747,0.44559061434068903,-0.8952368426352254,0.9734569437410228,0.22887022235840837,0.620938715833371,0.7838591143689051,-0.3287406923633694,-0.9444202227739792,0.9860071558497887,-0.16670299521307466,0.7637745070415334,0.6454831542290338,1,0,0,0,99,30
1701559560,12,3,6,446,018.9,0.0,087,0,0,0,0,0,0,1,-0.10595753713889097,0.9943706554014256,0.05305348526993529,-0.9985916721566993,-0.9996478560364893,-0.026536087157875483,-0.7164272772437812,0.6976617779562402,0.38880472093569013,-0.9213201880877897,0.980132692059547,0.19834289993873028,0.6331102194962855,0.7740616577310655,-0.3361088679795094,-0.9418231409694353,0.9853484513027448,-0.17055330402921653,0.765033758741801,0.643990176932375,1,0,0,0,99,28
1701559620,12,3,6,447,018.9,0.0,087,0,0,0,0,0,0,1,0.7794849530244592,0.6264209511250854,-0.4321915367489943,-0.9017818336840362,-0.9751363580761503,0.22160569297286092,-0.6238566770609814,0.7815387683835208,0.3305005534159355,-0.9438057979223058,0.9858513574373943,0.1676218990431951,0.6451271583791853,0.7640752250410934,-0.34345652924271697,-0.9391685751347022,0.9846747115506476,-0.17440101041177747,0.7662900920708089,0.6424947430089302,1,0,0,0,99,28
1701559680,12,3,6,448,018.9,0.0,087,0,0,0,0,0,0,1,0.9482725721561587,-0.3174572867274317,-0.8116209973649744,-0.5841843515845697,-0.8899956043668333,0.4559691044442761,-0.5215510020869119,0.8532201077225842,0.27090578830786904,-0.9626058663135666,0.9906073556948704,0.1367372182078336,0.6569865987187891,0.7539022543433046,-0.35078322768961984,-0.9364566872907963,0.9839859468739369,-0.17824605564949209,0.7675435022360271,0.6409968581633251,1,0,0,0,99,25
1701559740,12,3,6,449,018.8,0.0,087,0,0,0,0,0,0,1,0.2452227616305097,-0.9694667591920345,-0.9923373315541532,-0.1235581660756696,-0.7495192346016444,0.661982565451814,-0.4111066981625245,0.9115872326474889,0.2102531418938979,-0.9776469793968293,0.9943960426803873,0.10571901579936002,0.6686856452028263,0.7435452292225941,-0.35808851613630804,-0.9336876429573742,0.9832821677823141,-0.18208838107170075,0.7687939844560767,0.6394965281095353,1,0,0,0,99,25
1701559800,12,3,6,450,018.9,0.0,087,0,0,0,0,0,0,1,-0.6832837250355236,-0.7301529641805058,-0.9300948780045254,0.36731936773024515,-0.562441389066343,0.8268371568000089,-0.2942472117115055,0.9557293436951722,0.14877946146029003,-0.9888704019473866,0.997213718805399,0.0745975805660389,0.6802214416768855,0.7330066781981044,-0.3653719487056276,-0.9308616111426297,0.9825633850145825,-0.18592792804924488,0.7700415339607484,0.6379937585708637,1,0,0,0,99,25
1701559860,12,3,6,451,018.8,0.0,087,0,0,0,0,0,0,1,-0.9835823060282404,0.18046009882566544,-0.640132760126497,0.7682643096049905,-0.34039366209949434,0.9402830184590676,-0.17279609593525602,0.9849576179864461,0.08672480041358972,-0.9962323067403621,0.999057632656986,0.04340330206123635,0.6915911718417044,0.7222891741059243,-0.3726330808543947,-0.9279787643329788,0.9818296095384826,-0.18976463799536156,0.7712861459910199,0.6364885552799195,1,0,0,0,99,25
1701559920,12,3,6,452,018.8,0.0,087,0,0,0,0,0,0,1,-0.3795798508807975,0.9251589792059046,-0.19344381715900788,0.9811113543339269,-0.09718190589320902,0.9952666362171313,-0.04864855487508726,0.9988159580766447,0.02433148087720227,-0.9997039456950855,0.9999259836845639,0.012166640968536861,0.7027920599407278,0.7113953334709671,-0.37987146940052824,-0.9250392784825321,0.9810808525505256,-0.19359845236657747,0.7725278157990745,0.6349809239785958,1,0,0,0,99,25
1701559980,12,3,6,453,018.8,0.0,087,0,0,0,0,0,0,1,0.5734065686442813,0.8192709606934638,0.300606918837987,0.9537481220672112,0.1520721505286041,0.9883693950308283,0.07625813061297684,0.9970881092037023,-0.03815685257131214,-0.9992717621357321,0.9998179239580905,-0.019081900642597186,0.7138213714377698,0.7003278158681843,-0.3870866725500994,-0.9220433330023552,0.9803171254758215,-0.19742931266360217,0.7737665386483193,0.6334708704180476,1,0,0,0,99,25
1701560040,12,3,6,454,018.8,0.0,087,0,0,0,0,0,0,1,0.9992056333576834,-0.03985100081893557,0.7210585970706318,0.6928740863898232,0.39187109718004004,0.9200201319508784,0.19997483347801748,0.9798010338713872,-0.1004961843270998,-0.9949374437298526,0.9987335589960549,-0.05031180910157879,0.724676413684611,0.6890893232732681,-0.3942782499242964,-0.9189911107495187,0.9795384399679061,-0.20125716043222083,0.7750023098134033,0.6319584003586705,1,0,0,0,99,26
1701560100,12,3,6,455,018.8,0.0,088,0,0,0,0,0,0,1,0.5063396468349013,-0.8623341359607118,0.9649699829426591,0.2623603095356538,0.6073053970056359,0.7944684731113166,0.32057099594994815,0.9472244911084481,-0.1624430806337284,-0.9867179158980666,0.9966739476624406,-0.08149258893277783,0.7353545365783697,0.677682599403003,-0.40144576258630316,-0.915882798015937,0.9787448079085622,-0.20508193726418603,0.776235124580235,0.6304435195700777,1,0,0,0,99,26
1701560160,12,3,6,456,018.8,0.0,088,0,0,0,0,0,0,1,-0.45205267588297,-0.8919912433578294,0.9726230624856244,-0.23238842122852268,0.7849803886813105,0.6195206125592099,0.43616475524782494,0.8998668269691937,-0.22375564018679642,-0.9746452757206577,0.9936411011327626,-0.11259379263383548,0.7458531332084875,0.6661104290454266,-0.4085887730680895,-0.9127185845169985,0.9779362414076386,-0.2089035847981091,0.7774649782460008,0.6289262338310793,1,0,0,0,99,26
1701560220,12,3,6,457,018.8,0.0,088,0,0,0,0,0,0,1,-0.9948298531417643,-0.1015557152401366,0.7421440949169293,-0.6702403616464259,0.9138491017795076,0.4060539609174956,0.5449523094191382,0.8384670419633367,-0.2841944387533501,-0.9587666665991619,0.9896379809301888,-0.14358505040713354,0.7561696404931679,0.6543756373799633,-0.41570684539711195,-0.9094986633799863,0.9771127528028652,-0.2127220447203506,0.7786918661191828,0.6274065489296591,1,0,0,0,99,25
1701560280,12,3,6,458,018.8,0.0,088,0,0,0,0,0,0,1,-0.6229650513149461,0.7822496691211615,0.3299623697323973,-0.9439940860834779,0.98589910388525,0.16734084067633054,0.645236065065984,0.7639832592002035,-0.34352346411838924,-0.939144094162393,0.9846684960336634,-0.17443609981538652,0.766301539805117,0.6424810892876979,-0.42279954512292356,-0.9062232311322905,0.976274354659665,-0.21653725876591012,0.7799157835195766,0.625884470662953,1,0,0,0,99,25
1701560340,12,3,6,459,018.8,0.0,088,0,0,0,0,0,0,1,0.32165094574030556,0.9468583152216423,-0.16300565140257817,-0.9866251353025733,0.9966506748361166,-0.08177672253589847,0.7354511277222635,0.6775777731980668,-0.4015110377075164,-0.9158541841357899,0.9787374990608538,-0.20511681533239795,0.7762463575864296,0.630429688651955,-0.4298664393436902,-0.9028924876894134,0.975421059770962,-0.22034916871931534,0.7811367257783094,0.6243600048372272,1,0,0,0,99,25
1701560400,12,3,6,460,018.7,0.0,088,0,0,0,0,0,0,1,0.970542546651256,0.24092979296818903,-0.6160642040533645,-0.787695941645058,0.9454353340247703,-0.3258098052199642,0.8141897215084345,0.580598912666927,-0.45793071928681145,-0.8889878831195976,0.9718507815296538,-0.23559723776012562,0.7860016659524729,0.618224377649359,-0.43690709673261263,-0.8995066363427673,0.9745528811569866,-0.2241577164155103,0.7823546882378575,0.6228331572678552,1,0,0,0,99,25
1701560460,12,3,6,461,018.7,0.0,088,0,0,0,0,0,0,1,0.7271218060573149,-0.6865084698355503,-0.9182887535616316,-0.3959113096164656,0.8354374032853884,-0.5495856122495996,0.880223157003268,0.47456000028995304,-0.5125621912070998,-0.8586501034443405,0.9640150682028628,-0.26584760348332986,0.7955650832846204,0.605868136031542,-0.4439210875642528,-0.8960658837472673,0.9736698320650762,-0.22796284374074297,0.7835696662520644,0.6213039337792966,1,0,0,0,99,24
1701560520,12,3,6,462,018.7,0.0,088,0,0,0,0,0,0,1,-0.18481136973170906,-0.9827740114685011,-0.9956841897581032,0.09280621889587708,0.6734960211850264,-0.7391908477842096,0.9325210045313215,0.36111573782915524,-0.5651921187396569,-0.8249593134904155,0.9552380105215703,-0.295838373533239,0.8049342748116889,0.5933639803976818,-0.4509079837407618,-0.8925704399087172,0.9727719259694734,-0.23176449263345197,0.7847816551861582,0.619772340205074,1,0,0,0,99,24
1701560580,12,3,6,463,018.7,0.0,088,0,0,0,0,0,0,1,-0.9268298244906983,-0.3754816592518752,-0.8293014106016808,0.5588015482924706,0.46967991851234675,-0.8828367766162867,0.9702671736733874,0.24203638505781863,-0.6156149831437591,-0.7880470750716034,0.9455281791336532,-0.3255402624318508,0.8141069531799402,0.5807149634580416,-0.4578673588180088,-0.8890205181709929,0.9718591765711205,-0.23556260508515253,0.7859906504167694,0.6182383823877515,1,0,0,0,99,24
1701560640,12,3,6,464,018.7,0.0,088,0,0,0,0,0,0,1,-0.816725212907666,0.5770267988585345,-0.4598767232321427,0.8879827697817494,0.23666139336428604,-0.9715921906288022,0.9928726480845371,0.11918013544881928,-0.6636338842129675,-0.7480575296890004,0.934895055524683,-0.354924266788705,0.8230808790115055,0.5679241732886948,-0.46479878803160896,-0.8854163352030204,0.9709315977974505,-0.2393571231413216,0.7871966473319489,0.616702066178912,1,0,0,0,99,23
1701560700,12,3,6,465,018.7,0.0,088,0,0,0,0,0,0,1,0.04427279290137974,0.99901947919383,0.022141824746053522,0.9997548397466827,-0.011071590972334946,-0.9999387080583196,0.9999846768971812,-0.005535880313030703,-0.7090613091662211,-0.7051468356615412,0.9233490227594171,-0.38396169362220156,0.831853861451097,0.5549947325776158,-0.4717018483228491,-0.8817581109855513,0.9699892038021741,-0.24314798890228217,0.788399641331185,0.6151633974391348,1,0,0,0,99,25
1701560760,12,3,6,466,018.6,0.0,088,0,0,0,0,0,0,1,0.8645665970913422,0.5025182575726944,0.4987392818032813,0.8667520572726362,-0.2581161974066756,-0.9661138797451976,0.9914922792803779,-0.13016551051411895,-0.7517198648812332,-0.6594825583311059,0.9109013553429114,-0.41262418837781073,0.8404237587008743,0.5419297978623197,-0.47857611836450864,-0.8780460687977367,0.9690320089650643,-0.2469351445240868,0.789599627825421,0.6136223820379734,1,0,0,0,99,23
1701560820,12,3,6,467,018.6,0.0,088,0,0,0,0,0,0,1,0.8899818590686664,-0.45599593257909704,0.8532279685345228,0.5215381421434596,-0.4891123888517548,-0.8722207696860524,0.9675279762585814,-0.25276395145861635,-0.7914429706108382,-0.6112430157234452,0.8975642082111578,-0.44088376261581397,0.8487884785433335,0.5287325587592399,-0.4854211785865756,-0.8742804352034992,0.9680600278917365,-0.2507185322194002,0.7907966022370734,0.6120790258539333,1,0,0,0,99,23
1701560880,12,3,6,468,018.6,0.0,088,0,0,0,0,0,0,1,0.09715190417988626,-0.9952695652506521,0.9988166912028082,0.048633500538969116,-0.689697940935389,-0.7240971967004738,0.9284657227653786,-0.37141809547969407,-0.8280755084772445,-0.5606165822201061,0.8833506048619953,-0.4687128213415406,0.8569459788520921,0.5154062371850283,-0.49223661120185463,-0.8704614400377044,0.967073275413426,-0.254498094258381,0.7919905600000485,0.610533334774449,1,0,0,0,99,23
1701560940,12,3,6,469,018.6,0.0,089,0,0,0,0,0,0,1,-0.7849990633729201,-0.6194969495515196,0.8998602529147288,-0.43617831815008895,-0.8474014155493513,-0.5309527671318378,0.8749150722018217,-0.48427638434480896,-0.8614744292040272,-0.5078009529605035,0.8682744246378858,-0.4960841899514116,0.8648942680904446,0.5019540865699712,-0.49902200023146714,-0.8665893163921337,0.9660717665867619,-0.25827377296956255,0.7931814965597604,0.6089853146958625,1,0,0,0,99,23
1701561000,12,3,6,470,018.6,0.0,089,0,0,0,0,0,0,1,-0.9454255122693237,0.3258383046087229,0.5805866409896446,-0.8141984723053474,-0.9524175744665119,-0.3047962661308802,0.8077116645594764,-0.5895777022026527,-0.8915093107204918,-0.4530023718466313,0.8523503891729713,-0.5229711407684791,0.8726314057975678,0.4883793910637103,-0.5057769315302397,-0.8626643006012565,0.9650555166935363,-0.2620455107407332,0.7943694073731481,0.6074349715233996,1,0,0,0,99,22
1701561060,12,3,6,471,018.6,0.0,089,0,0,0,0,0,0,1,-0.2366321052384454,0.9715993241920361,0.11916517068330806,-0.9928744442758198,-0.9982170215629014,-0.05968900955862884,0.7279041865378398,-0.6856788572069913,-0.9180628674570689,-0.39643482616503856,0.8355940480176479,-0.549347419141549,0.8801555030622569,0.47468546473346485,-0.5125009928119824,-0.8586866322278066,0.9640245412404724,-0.26581325001981504,0.795554287908693,0.6058823111711485,1,0,0,0,99,22
1701561120,12,3,6,472,018.6,0.0,089,0,0,0,0,0,0,1,0.689719768063795,0.7240764058730438,-0.37143208943692263,-0.9284601245807608,-0.9819521690440836,0.1891294205289584,0.6367380071391379,-0.7710802229758452,-0.9410314083429535,-0.3383192109710552,0.8180217634546941,-0.5751872690824027,0.8874647229840752,0.46087565075494996,-0.5191937736746512,-0.8546565540481598,0.9629788559589872,-0.26957693331574223,0.7967361336464357,0.6043273395620364,1,0,0,0,99,23
1701561180,12,3,6,473,018.6,0.0,089,0,0,0,0,0,0,1,0.9819464674138593,-0.18915902075619492,-0.7710898199160053,-0.6367263852094576,-0.9046342866621455,0.42618869928151687,0.535635744101569,-0.8444491397596178,-0.9603252417175178,-0.27888246649832815,0.7996506945217794,-0.6004654584160823,0.8945572811218079,0.44695332059618803,-0.5258548656253986,-0.8505743120375162,0.9619184768049516,-0.27333650319933833,0.7979149400779942,0.6027700626278074,1,0,0,0,99,22
1701561240,12,3,6,474,018.6,0.0,089,0,0,0,0,0,0,1,0.3713761131017696,-0.9284825160537067,-0.9819578697820255,-0.18909982012986337,-0.7710706258605184,0.6367496289241701,0.42617506442530745,-0.9046407101507675,-0.9758690255743256,-0.21835669196206517,0.7804987802559544,-0.6251573034196812,0.9014314459291071,0.43292187319441294,-0.5324838621055041,-0.8464401553548877,0.9608434199584467,-0.27709190230419245,0.7990907027065802,0.6012104863089995,1,0,0,0,99,24
1701561300,12,3,6,475,018.6,0.0,089,0,0,0,0,0,0,1,-0.580635726907393,-0.8141634680079446,-0.9524083861474406,0.30482497600430924,-0.5895655281627695,0.8077205506870273,0.31006406540662906,-0.9507156648249326,-0.9876020617700564,-0.15697823921656684,0.7605847221764866,-0.6492386929255808,0.9080855391772245,0.41878473412626877,-0.5390803585151899,-0.8422543363278899,0.9597537018235173,-0.28084307332753466,0.8002634170470166,0.5996486165549226,1,0,0,0,99,24
1701561360,12,3,6,476,018.5,0.0,089,0,0,0,0,0,0,1,-0.9988137573367454,0.048693717817118926,-0.6896761131802671,0.7241179868699296,-0.3714041014380902,0.9284713207390763,0.18911462035089152,-0.9819550195245901,-0.9954785330494551,-0.09498678980629327,0.7399279660231438,-0.6726861118655962,0.9145179363647266,0.40454535477150383,-0.5456439522383145,-0.8380171104373418,0.9586493390279216,-0.2845899590311104,0.8014330786257547,0.598084459323635,1,0,0,0,99,26
1701561420,12,3,6,477,018.6,0.0,089,0,0,0,0,0,0,1,-0.49868702553633515,0.8667821240437084,-0.25808707441122625,0.9661216600521149,-0.13015056655252244,0.9914942410453312,0.06521410489560044,-0.9978712945679246,-0.9994676819607337,-0.03262441901456225,0.7185486827677587,-0.6954766642330416,0.9207270671140937,0.39020721147036636,-0.5521742426669474,-0.8337287363016721,0.9575303484228769,-0.28833250224205376,0.8025996829808911,0.5965180205819209,1,0,0,0,99,26
1701561480,12,3,6,478,018.6,0.0,089,0,0,0,0,0,0,1,0.45993025772913376,0.8879550427950801,0.2366906812750767,0.9715850561826999,0.11919510018725629,0.9928708516677031,-0.05970405485516448,-0.9982161218062207,-0.9995539309627621,0.029865349435251595,0.696467748917618,-0.7175880954402921,0.9267114155551047,0.3757738046749054,-0.5586708312258188,-0.8293894756611352,0.9563967470828033,-0.29207064585375986,0.8037632256621846,0.5949493063052683,1,0,0,0,99,27
1701561540,12,3,6,479,018.5,0.0,089,0,0,0,0,0,0,1,0.9956897831154927,0.0927461902151406,0.6735183033091452,0.7391705453463161,0.36112979290947733,0.9325155616251978,-0.18369055279845262,-0.9829841203257552,-0.9957369432550334,0.09223849433464518,0.6737067261299069,-0.7389988140500109,0.9324695206949155,0.36124865809438594,-0.565133321396648,-0.8249995933618349,0.9552485523050623,-0.2958043328267565,0.8049237022310738,0.5933783224778453,1,0,0,0,99,27
1701561660,12,3,6,481,018.5,0.0,089,0,0,0,0,0,0,1,-0.33001928131531005,-0.9439741913633689,0.9858940590558828,-0.16737055989126504,0.7639929842254002,0.6452245501020304,-0.421174221610232,-0.9069797544879462,-0.9764680625826803,0.21566205682972353,0.6262339591439754,-0.779635189312836,0.9433014336130409,0.3319373515342646,-0.5779544309310792,-0.8160690386034335,0.9529084527391478,-0.30325810903961536,0.8072354393358901,0.5902295701506256,1,0,0,0,99,25
1701561720,12,3,6,482,018.5,0.0,089,0,0,0,0,0,0,1,-0.9726370711153801,-0.23232978261965265,0.7849617132764033,-0.6195442750039529,0.8998734008192355,0.4361511922464772,-0.5309655392553846,-0.8473934128391833,-0.9610914141847234,0.2762305080551537,0.6015685712970908,-0.7988211652351087,0.9483725969351678,0.3171583474897762,-0.5843122677602378,-0.8115289112193651,0.9517165836580145,-0.3069780845440232,0.8083866910532431,0.5886518136623622,1,0,0,0,99,24
1701561780,12,3,6,483,018.5,0.0,089,0,0,0,0,0,0,1,-0.7210168232776373,0.692917556820885,0.39184336359004157,-0.9200319442337003,0.9798040478161182,0.1999600657210081,-0.6324713172464788,-0.7745837804011287,-0.9419617243819222,0.33572028505801615,0.5763157619491175,-0.8172271058457423,0.9532122286893256,0.30230191378343746,-0.5906344411802289,-0.8069392522933302,0.9505101925527496,-0.31069337594054836,0.8095348590210765,0.5870718116463486,1,0,0,0,99,25
1701561840,12,3,6,484,018.6,0.0,089,0,0,0,0,0,0,1,0.19350296674212325,0.9810996900733364,-0.09721190751822432,-0.9952637062792294,0.9988152247235795,-0.04866360920015389,-0.7241075918674496,-0.6896870271361664,-0.9191536942035773,0.3938990815322077,0.5505001900398365,-0.8348350380560844,0.9578191473488313,0.28737167740046654,-0.5969205653181726,-0.8023003419544537,0.949289297831397,-0.3144039265384152,0.8106799388594784,0.5854895701298123,1,0,0,0,99,25
1701561900,12,3,6,485,018.6,0.0,089,0,0,0,0,0,0,1,0.9301170215238276,0.36726329284539677,-0.5624663132822282,-0.8268202019923669,0.9557249086406524,-0.29426161659961114,-0.8044444097013824,-0.5940279384845417,-0.8927563885194386,0.4505397105225345,0.52414706403712,-0.851627768019143,0.9621922282005667,0.2723712833439467,-0.6031702565014514,-0.7976124633379128,0.9480539181233082,-0.31810967971918674,0.8118219262003172,0.5839050951485237,1,0,0,0,99,25
1701561960,12,3,6,486,018.5,0.0,089,0,0,0,0,0,0,1,0.8115857761709371,-0.584233282103149,-0.8900093488562771,-0.4559422758951242,0.8532122467168191,-0.5215638619118831,-0.8722281415753229,-0.4890992425306529,-0.8628728882432953,0.5054209915849098,0.4972821173212898,-0.8675888979190864,0.9663304036195608,0.257304393744951,-0.6093831332811276,-0.7928759025676563,0.9468040722788575,-0.3218105789376289,0.8129608166872586,0.5823183927467734,1,0,0,0,99,25
1701562020,12,3,6,487,018.6,0.0,089,0,0,0,0,0,0,1,-0.053113688973945104,-0.9985884718158823,-0.9996470556691202,0.026566220884026468,0.6976509797584941,-0.7164377924439869,-0.9264010450242344,-0.37653831648054964,-0.8296198878042129,0.5583286144912557,0.4699315830569086,-0.8827028419834321,0.9702326633296345,0.24217468696848557,-0.6155588164552248,-0.7880909487389401,0.9455397793691549,-0.32550656772257286,0.8140966059757813,0.5807294689773488,1,0,0,0,99,25
1701562080,12,3,6,488,018.5,0.0,089,0,0,0,0,0,0,1,-0.8689806734225085,-0.49484602576777714,-0.8645362993442719,0.5025703802614231,0.4987131538963941,-0.8667670910519801,-0.9661177700083929,-0.25810163593826746,-0.7931272394572851,0.6090559761063561,0.4421221685765394,-0.8969548417022889,0.9738980546500462,0.2269858567154693,-0.621696929091873,-0.7832578939006837,0.9442610586857545,-0.3291975896777772,0.8152292897331944,0.579138329901511,1,0,0,0,99,26
1701562140,12,3,6,489,018.5,0.0,089,0,0,0,0,0,0,1,-0.8859108342361154,0.46385557427185253,-0.5177569051824165,0.8555277827960506,0.2687677596029232,-0.9632050100565431,-0.9907585503180235,-0.1356373656914954,-0.7535374462133568,0.65740498716868,0.413881029301489,-0.9103309802397916,0.977325682728074,0.21174161112097017,-0.6277970965523135,-0.7783770330376437,0.9429679297403607,-0.332883588482788,0.8163588636386537,0.5775449815889719,1,0,0,0,99,25
1701562260,12,3,6,491,018.6,0.0,088,0,0,0,0,0,0,1,0.7904516712343437,0.6125244121199033,0.4401565561706975,0.8979210466738997,-0.22591918170675576,-0.9741460482581397,-0.9935154876140935,0.11369685954735136,-0.6656963048014645,0.7462227748961269,0.3562142789837832,-0.9344042954995784,0.9834643601828127,0.18110177318350804,-0.6398821089921534,-0.7684730877472249,0.9403385262093713,-0.34024029174450743,0.818608664669666,0.5743516815747528,1,0,0,0,99,26
1701562320,12,3,6,492,018.6,0.0,088,0,0,0,0,0,0,1,0.9425043809306535,-0.3341937939677003,0.8167599996228085,0.5769775585030581,-0.45990349068959124,-0.8879689066918555,-0.9715886235161092,0.23667603734656428,-0.617787974410896,0.7863447200008926,0.3268449785441926,-0.9450779650380419,0.9861739108894643,0.16571366111754054,-0.6458662163646817,-0.7634506078056198,0.9390022917452384,-0.3439108839469756,0.8197288832129119,0.5727517420545416,1,0,0,0,99,23
1701562380,12,3,6,493,018.6,0.0,088,0,0,0,0,0,0,1,0.22802290938096753,-0.9736557670950443,0.9933921096664309,0.11476984121483252,-0.665293228127706,-0.7465821593149787,-0.9345004439043832,0.3559619647413339,-0.567467195201038,0.8233960058019877,0.29715651952970196,-0.9548287819818765,0.9886427013794914,0.15028509243787871,-0.6518109033922803,-0.7583815307738838,0.9376517292614257,-0.34757622849248204,0.8208459747396225,0.5711496176605207,1,0,0,0,99,23
1701562440,12,3,6,494,018.7,0.0,088,0,0,0,0,0,0,1,-0.6961017734720562,-0.7179431181988293,0.9268071855026884,-0.3755375359409301,-0.8293182549362247,-0.5587765492838215,-0.8828296974172939,0.4696932247308761,-0.5149304687378307,0.8572319478212639,0.2671778922167178,-0.9636472248238107,0.9908701289331036,0.13481983380828896,-0.6577158072418934,-0.7532661660423522,0.9362868593658549,-0.3512362694523786,0.8219599349884332,0.5695453145043077,1,0,0,0,99,23
1701562500,12,3,6,495,018.7,0.0,088,0,0,0,0,0,0,1,-0.9802336960326743,0.19784312260506456,0.6333075387972795,-0.7739002269689111,-0.9417802893905008,-0.3362289198084311,-0.8173826887720437,0.5760950790414586,-0.46038294981381606,0.8877204174292317,0.23693837022606568,-0.9715246825040607,0.9928556497558093,0.1193216608498628,-0.6635805675086248,-0.7481048258265224,0.9349077028847613,-0.3548909509789434,0.8230707597099242,0.5679388387058313,1,0,0,0,99,23
1701562560,12,3,6,496,018.7,0.0,088,0,0,0,0,0,0,1,-0.36314327904015004,0.9317333088861682,0.184752119221718,-0.982785151720906,-0.9956869868891794,-0.09277620459766088,-0.7391806966492228,0.6735071623235863,-0.404037645323065,0.9147423578045313,0.2064674819377966,-0.9784534628188842,0.9945987791111761,0.10379435721925297,-0.669404826237736,-0.7428978251479987,0.9335142808623762,-0.3585402173062328,0.8241784446666367,0.5663301963933087,1,0,0,0,99,23
1701562620,12,3,6,497,018.7,0.0,088,0,0,0,0,0,0,1,0.5878193939808536,0.8089921878856321,-0.30903706259473784,-0.9510499955011913,-0.9876866900746388,0.1564448856607474,-0.6494440369805748,0.7604093915979561,-0.3461145824738131,0.938192248848272,0.1757949816572247,-0.9844267999318873,0.9960990914391719,0.08824171368494811,-0.6751882279464934,-0.7376454818152647,0.9321066145606051,-0.3621840127509325,0.8252829856330895,0.5647193937032212,1,0,0,0,99,23
1701562680,12,3,6,498,018.7,0.0,088,0,0,0,0,0,0,1,0.9983436270438855,-0.05753261979833144,-0.727163193443649,-0.68646463135462,-0.9182768186539993,0.39593899065726024,-0.5495730203270262,0.8354456866419445,-0.28683994958692166,0.9579785192377605,0.14495082056035336,-0.9894388609807482,0.9973562204600591,0.07266752720181091,-0.6809304196458655,-0.7323481164042859,0.9306847254587038,-0.36582228171320713,0.8263843783957945,0.5631064367802915,1,0,0,0,99,26
1701562740,12,3,6,499,018.7,0.0,088,0,0,0,0,0,0,1,0.4909953335002932,-0.8711622021649791,-0.9672544138345865,-0.253808784161444,-0.7917729422509473,0.6108155269140414,-0.44112610050072903,0.8974451311679287,-0.22644521283532507,0.9740239040105557,0.11396511744705974,-0.9934847517729086,0.9983698592638173,0.05707559998410604,-0.6866310508620674,-0.7270060522389432,0.9292486352529508,-0.36945496867754857,0.8274826187532728,0.56149133177746,1,0,0,0,99,26
1701562860,12,3,6,501,018.7,0.0,088,0,0,0,0,0,0,1,-0.9964717035719659,-0.08392939878483582,-0.7361825177171881,0.676783052837157,-0.40200556411749017,0.9156372242425372,-0.20538107965129446,0.978682079186734,-0.1032422413871038,0.9946562419214826,0.05169022189214013,-0.9986631669190275,0.9996657358635004,0.02585375292846797,-0.6979062426542451,-0.716189134561698,0.9263339393981249,-0.37670337497711776,0.829669625506779,0.5582547021848012,1,0,0,0,99,21
1701562920,12,3,6,502,018.7,0.0,088,0,0,0,0,0,0,1,-0.6090201130220971,0.7931547780443311,-0.3215938602925038,0.9468777054203809,-0.1629759101518061,0.9866300485542645,-0.08176170083154903,0.9966519072761223,-0.0409151116574164,0.9991626262216082,0.020461839829201516,-0.9997906346384747,0.999947657289739,0.010231455456709277,-0.7034801150506284,-0.710714941258698,0.9248553782237248,-0.38031898371058337,0.8307583835600407,0.556633189941732,1,0,0,0,99,20
1701562980,12,3,6,503,018.7,0.0,088,0,0,0,0,0,0,1,0.33836176080013775,0.9410161097602051,0.17173219010976784,0.985143672202234,0.08618679654612434,0.9962789951118698,0.043133541983763984,0.9990693156913262,0.0215717907077017,0.9997673018486167,-0.010786522873087307,-0.9999418237699174,0.9999854558367129,-0.005393339878159504,-0.7090110506466594,-0.7051973695788437,0.9233627048941395,-0.3839287892442792,0.8318439725225757,0.5550095543122302,1,0,0,0,99,20
1701563040,12,3,6,504,018.7,0.0,088,0,0,0,0,0,0,1,0.9746553921779337,0.22371156988067947,0.623012211003653,0.7822121099422712,0.329990825673782,0.9439841391523142,0.16735570030280691,0.9858965815825497,0.08397445569174683,0.9964679075571249,-0.04202435271884079,-0.999116586679734,0.9997791222764492,-0.021016818506448383,-0.7144987118625367,-0.6996367562862716,0.9218559421857278,-0.38753273649701414,0.832926388253192,0.5533838014899721,1,0,0,0,99,20
1701563100,12,3,6,505,018.7,0.0,088,0,0,0,0,0,0,1,0.7148553508409695,-0.69927235564838,0.9217571143333747,0.3877677425673905,0.5532776235456344,0.8329969215331442,0.2889663288921875,0.9573392610598251,0.1460492022233857,0.9892773274112333,-0.07322114649732905,-0.997315729197939,0.9993287069823269,-0.03663516617992241,-0.7199427637597042,-0.6940334407721567,0.9203351130898344,-0.3911307704769872,0.8340056266228025,0.5517559376767108,1,0,0,0,99,21
1701563160,12,3,6,506,018.7,0.0,088,0,0,0,0,0,0,1,-0.20217940333482604,-0.9793485022540106,0.9948237286710673,-0.10161569206079699,0.7421642985420401,0.6702179898880674,0.4060677345664961,0.9138429815586667,0.20755362974582411,0.9782236404725319,-0.10434644106884551,-0.994541009831302,0.9986343199167806,-0.05224456990299564,-0.7253428740612937,-0.6883877650339976,0.9188002408124406,-0.3947228362826266,0.8350816835144412,0.5501259690822519,1,0,0,0,99,22
1701563220,12,3,6,507,018.8,0.0,088,0,0,0,0,0,0,1,-0.9333313464826719,-0.35901615238432194,0.8243227985396018,-0.5661200613013454,0.8849067920694658,0.4657681497798313,0.5168325890557641,0.8560864879729826,0.2682475647857939,0.9633500111519651,-0.1353698431114458,-0.990795138046197,0.9976961306044534,-0.06784121886361938,-0.7306987131724058,-0.6827000736547422,0.9172513487738087,-0.39830887910342766,0.8361545548232777,0.5484939019244299,1,0,0,0,99,23
1701563280,12,3,6,508,018.8,0.0,088,0,0,0,0,0,0,1,-0.8063827539523806,0.5913939922996974,0.45199889806298343,-0.892018495407942,0.972630067242408,0.23235910202965793,0.6195324438519512,0.784971051068018,0.3278939988258263,0.9447145206537312,-0.16626105879951092,-0.9860817716228536,0.9965143680908102,-0.08342130536363722,-0.7360099542002259,-0.6769707137817569,0.9156884606081254,-0.40188884422078897,0.8372242364566345,0.5468597424290853,1,0,0,0,99,19
1701563340,12,3,6,509,018.7,0.0,087,0,0,0,0,0,0,1,0.061950423737127995,0.9980792278165047,-0.030990096672124958,-0.9995196916060495,0.9998799156913918,-0.015496909271697935,0.7125647020698184,0.7016064034515015,0.3862600138174404,0.9223899401694224,-0.19698992338515384,-0.980405513083597,0.99508932088622,-0.09898102574838,-0.7412762729739769,-0.6712000351056382,0.9141116001631415,-0.40546267700884736,0.8382907243340008,0.5452234968300397,1,0,0,0,99,18
1701563460,12,3,6,511,018.7,0.0,087,0,0,0,0,0,0,1,0.8817704007607503,-0.4716788741741842,-0.8578108399216532,-0.5139655269693756,0.8700475639208972,-0.49296778445990996,0.8639929931602194,0.5035038309387974,0.4982450045214717,0.8670362826718376,-0.25784076222366625,-0.9661874255732781,0.9915108233330784,-0.13002417934123234,-0.7516728608048957,-0.6595361326943231,0.9109160588919055,-0.41259172756229423,0.8404141025596531,0.5419447722958981,1,0,0,0,99,13
1701563520,12,3,6,512,018.7,0.0,087,0,0,0,0,0,0,1,0.07951849401287635,-0.996833390848202,-0.9992080341070627,-0.03979075993115771,0.7210377105017316,-0.6928958219201651,0.9200260381967906,0.39185723042955,0.5514266812416906,0.8342233605065102,-0.2879033166650653,-0.9576594803233847,0.9893582466233818,-0.14550003380861354,-0.7568024953079283,-0.6536436208636119,0.9092974268256817,-0.4161468365471424,0.8414709848078965,0.5403023058681398,1,0,0,0,99,12
1701563580,12,3,6,513,018.8,0.0,087,0,0,0,0,0,0,1,-0.7958423494121124,-0.6055038851090959,-0.8959642529445848,0.4441261728894752,0.5271972245329658,-0.8497429531597998,0.9617023846179752,0.27409582889949297,0.6024550485723009,0.7981528139709504,-0.3176847384035387,-0.948196396842698,0.9869641322871612,-0.16094036652950375,-0.7618859384873512,-0.6477112139952867,0.9076649199994695,-0.41969559564326697,0.8425246571000955,0.5386577783513077,1,0,0,0,99,13
1701563640,12,3,6,514,018.8,0.0,087,0,0,0,0,0,0,1,-0.9395094070026404,0.34252310017507853,-0.5733571748155426,0.8193055291449822,0.3005781685810014,-0.953757183235068,0.9883716869768853,0.1520572536331825,0.6511308418308941,0.7589654977774624,-0.3471559463861577,-0.9378074156716458,0.9843290648130953,-0.17634140796811468,-0.7669228800759939,-0.6417392741728861,0.9060185633233147,-0.4232379507009703,0.8435751154168105,0.5370111960187747,1,0,0,0,99,13
1701563700,12,3,6,515,018.8,0.0,087,0,0,0,0,0,0,1,-0.21939584856455807,0.9756359267844935,-0.11037226376111557,0.9938903175865266,0.05527061793337119,-0.9984714111046261,0.9996177797299891,0.027645875780791213,0.6972639830864666,0.7168144375571656,-0.37628816247846175,-0.926502681474038,0.9814536875151161,-0.19169939818106102,-0.7719130126449032,-0.6357281658928362,0.9043583819185943,-0.42677384766827253,0.8446223557508624,0.5353625651517518,1,0,0,0,99,7
1701563760,12,3,6,516,018.8,0.0,087,0,0,0,0,0,0,1,0.7024292412479847,0.7117535816838442,0.37963562682930313,0.9251360931462582,-0.19347339203846847,-0.9811055226493881,0.9952651713612277,-0.0971969067167568,0.740674323409674,0.6718642322981792,-0.4050529395658183,-0.914293233130974,0.9783387023753517,-0.20701058773529676,-0.7768560316221071,-0.6296782560422042,0.9026844011176343,-0.4303032325917363,0.8456663741073475,0.5337118920392648,1,0,0,0,99,6
1701563820,12,3,6,517,018.8,0.0,087,0,0,0,0,0,0,1,0.9784441260755459,-0.20651172399711681,0.7766954757165503,0.6298762878545608,-0.43018816356650214,-0.9027392447031869,0.9753817828684281,-0.22052296399333682,0.7811923463505441,0.6242904115900961,-0.4334221893315477,-0.9011909929615631,0.9749848698727491,-0.22227123862348555,-0.7817516353112047,-0.6235899138763048,0.900996646463322,-0.43382605161729004,0.8467071665036532,0.5320591829781298,1,0,0,0,99,6
1701563880,12,3,6,518,018.8,0.0,087,0,0,0,0,0,0,1,0.35488199371552387,-0.9349111030127383,0.9835931839466808,0.18040079959254857,-0.6401559186664806,-0.7682450128678183,0.9402778878788489,-0.34040783417261544,0.8186598298965864,0.5742787501846923,-0.46136820968468756,-0.8872087550809822,0.9713930087974131,-0.23747762517658147,-0.7865995249097795,-0.6174635109961635,0.8992951437087169,-0.4373422509910497,0.8477447289694727,0.5304044442729295,1,0,0,0,99,7
1701563940,12,3,6,519,018.9,0.0,087,0,0,0,0,0,0,1,-0.5949570070443855,-0.8037575254818999,0.9496729767351233,-0.3132430961075599,-0.8103218792885825,-0.5859850270665796,0.8905012709330009,-0.45498075395197785,0.8529304643263652,0.5220245425494965,-0.4888637118106147,-0.8723601729072392,0.9675639960507106,-0.2526260349733978,-0.7913994045276372,-0.6112994213258353,0.8975799188166576,-0.44085177706013884,0.8487790575468208,0.5287476822359892,1,0,0,0,99,8
1701564060,12,3,6,521,018.8,0.0,087,0,0,0,0,0,0,1,-0.483265173349392,0.8754740271576206,0.2495255225847443,-0.9683682221029407,-0.9920605379972889,-0.12576123786178975,0.7502537030437737,-0.6611500442933549,0.9113588876763519,0.41161265511804,-0.5423962319568417,-0.8401228050463933,0.9591983124063536,-0.2827341462872912,-0.8008539649297153,-0.5988596887889135,0.8941084075180463,-0.4478505951827498,0.8508379972658573,0.5254281134547572,1,0,0,0,99,5
1701564120,12,3,6,522,018.8,0.0,086,0,0,0,0,0,0,1,0.4755767042996153,0.8796742569426005,-0.24528120908194284,-0.9694519732670104,-0.992333606522275,0.12358807938670624,0.6619712684902925,-0.7495292120346966,0.935288514853758,0.3538861313793629,-0.5683809763796802,-0.8227654986019294,0.9546636838703799,-0.297686497340802,-0.8055080686562991,-0.5925848051794772,0.8923521740824856,-0.45133978044291795,0.8518626005533163,0.5237653193736113,1,0,0,0,99,3
1701564180,12,3,6,523,018.8,0.0,086,0,0,0,0,0,0,1,0.9971755532498972,0.07510603172023837,-0.6800345462841435,-0.7331800705557395,-0.930908177683422,0.36525328844807164,0.5633589936940424,-0.8262122271087713,0.9555658603960198,0.2947776898708828,-0.593810706424664,-0.8046047756106357,0.9498959878877886,-0.3125661725054107,-0.8101130083221139,-0.5862737532478276,0.8905823244506449,-0.45482207881333797,0.8528839542438754,0.522100527286969,1,0,0,0,99,4
1701564240,12,3,6,524,018.8,0.0,086,0,0,0,0,0,0,1,0.6019757972528995,-0.7985143326964996,-0.9482917095220488,-0.31740011602352985,-0.8116033871367004,0.5842088171092894,0.45595569022148996,-0.8900024767126464,0.9721117417027341,0.23451814779175792,-0.618660590391954,-0.7856583697103207,0.9448963884231754,-0.3273695391218304,-0.8146685028653773,-0.5799269181880462,0.8887988856282523,-0.4582974371584211,0.8539020544413806,0.520433743545506,1,0,0,0,99,3
1701564300,12,3,6,525,018.8,0.0,086,0,0,0,0,0,0,1,-0.34667773058479046,-0.9379843021695936,-0.984373989439378,0.17609045662727782,-0.6418370289149428,0.7668410710920738,0.34143735070135944,-0.9399045353364547,0.9848615474614832,0.17334281736424106,-0.6429063627915651,-0.7659447817448204,0.9396661060570453,-0.3420929831604118,-0.8191742742421821,-0.5735446873782322,0.8870018848283898,-0.46176580244847487,0.8549168972620891,0.5187649745074956,1,0,0,0,99,2
1701564360,12,3,6,526,018.8,0.0,086,0,0,0,0,0,0,1,-0.9765973517090915,-0.21507582996419908,-0.7794471854988634,0.6264679441263539,-0.4321643529223842,0.9017948614087224,0.22159099552021236,-0.9751396980455473,0.9937654899536277,0.11149058694448753,-0.6665243480382065,-0.7454832616982381,0.9342064176878251,-0.35673291010345676,-0.8236300474434674,-0.5671274503568591,0.8851913494710788,-0.46522712176051223,0.855928478834684,0.5170942265387846,1,0,0,0,99,2
1701564420,12,3,6,527,018.8,0.0,086,0,0,0,0,0,0,1,-0.708637871481491,0.7055723684372722,-0.3836845263772881,0.9234642300699232,-0.19562179061913934,0.9806794150154073,0.09828678696699936,-0.995158131910554,0.9987887994742818,0.049202988168636434,-0.6894914835700886,-0.7242937898976618,0.9285186562201273,-0.371285745822768,-0.8280355505118026,-0.5606755987989989,0.8833673071828612,-0.4686813422790591,0.8569367953002891,0.5154215060127686,1,0,0,0,99,1
1701564480,12,3,6,528,018.8,0.0,086,0,0,0,0,0,0,1,0.21083999973521134,0.9775205852112047,0.10601748626711377,0.9943642655514137,0.05308358714605824,0.9985900724399912,-0.026551154023966794,-0.99964745596635,0.9999118601072672,-0.013276747223059479,-0.711785342369123,-0.7023970575027135,0.9226042102393402,-0.3857479374522218,-0.8323905145579873,-0.5541895264924167,0.8815297857963782,-0.4721284112969602,0.8579418428124834,0.513746819310368,1,0,0,0,99,1
1701564540,12,3,6,529,018.8,0.0,086,0,0,0,0,0,0,1,0.9364725475338364,0.3507408840091023,0.5697627207842304,0.8218092491597738,0.29848848456869004,0.9544132357526728,-0.15097477313665228,-0.9885376158125377,0.9971302863248458,-0.07570463720097437,-0.7333841548605254,-0.6798144463009835,0.9164645236726252,-0.4001159542551487,-0.8366946737774624,-0.5476696293135358,0.8796788133499452,-0.4755682762161834,0.8589436175373164,0.5120701728200036,1,0,0,0,99,2
1701564660,12,3,6,531,018.8,0.0,086,0,0,0,0,0,0,1,-0.07078230485740782,-0.9974917870935445,0.9993727500521375,-0.03541336546034254,0.7195183685842713,0.6944734100524143,-0.3908494530810973,-0.9204546186674317,0.9799118885561681,-0.19943091702713533,-0.7744129767207983,-0.6326804418396639,0.9035154790704097,-0.42855545624827607,-0.8451495300384058,-0.5345299541427608,0.8759366284562944,-0.48242618391689684,0.8609373333515329,0.5087110260664217,1,0,0,0,99,2
1701564720,12,3,6,532,018.9,0.0,086,0,0,0,0,0,0,1,-0.8776042389525125,-0.47938585687583785,0.8600540264645697,-0.510202970945957,0.8689657562142357,0.4948722204034305,-0.5025573497604873,-0.8645438740756395,0.9655423020447212,-0.2602461584004272,-0.7938029221413925,-0.6081750741355538,0.8967092823584335,-0.44261999834194465,-0.8492997110390256,-0.5279109781289149,0.8740454731102137,-0.48584412205515315,0.8619292668354965,0.5070285386173281,1,0,0,0,99,1
1701564780,12,3,6,533,018.8,0.0,086,0,0,0,0,0,0,1,-0.8775608830339849,0.4794652193523661,0.5101640817656776,-0.8600770951933222,0.9643850618900425,0.2645022729644093,-0.6064230070815217,-0.795142211483081,0.9474022935065866,-0.32004514409448476,-0.8124177324795677,-0.5830758337924473,0.8896841669357861,-0.45657648111107996,-0.8533980551627359,-0.5212597811499177,0.8721409809055867,-0.48925464680986036,0.862917912321288,0.5053441170084696,1,0,0,0,99,1
1701564840,12,3,6,534,018.8,0.0,086,0,0,0,0,0,0,1,-0.07069209833337335,0.9974981840751515,0.035368177256176046,-0.9993743503000143,0.9998435753406666,0.01768685528840119,-0.7008256362004742,-0.713332620622526,0.9255626992869057,-0.3785943603498829,-0.8302392306889271,-0.5574072297925984,0.8824418478836433,-0.47042149728057797,-0.857444312267735,-0.5145767691605511,0.8702231809026209,-0.49265770614060683,0.8639032660375254,0.5036577676654025,1,0,0,0,99,4
1701564900,12,3,6,535,018.8,0.0,086,0,0,0,0,0,0,1,0.8011706755616272,0.5984359185578068,-0.448087090553942,-0.8939899100543045,0.973136657940267,-0.23022824538454828,-0.7842921156637201,-0.6203917127974276,0.9001088025337347,-0.43566517373010916,-0.8472500143789049,-0.5311943270922096,0.8749840933103326,-0.4841516667883063,-0.8614382353913443,-0.5078623500574214,0.8682921023645849,-0.4960532481208941,0.8648853242253837,0.5019694970210371,1,0,0,0,99,4
1701564960,12,3,6,536,018.8,0.0,086,0,0,0,0,0,0,1,0.9364408251331382,-0.35082557065294895,-0.8218350110128397,-0.5697255608391865,0.8859248164599484,-0.4638288688518717,-0.8555199789753223,-0.5177697997895051,0.8711400001691764,-0.4910347239302405,-0.8634334728079056,-0.504462722145928,0.8673127239196736,-0.4977636376102979,-0.8653795807650819,-0.5011169336540635,0.8663477747573614,-0.4994412209389292,0.8658640831386093,0.5002793115156127,1,0,0,0,99,5
1701565020,12,3,6,537,018.8,0.0,086,0,0,0,0,0,0,1,0.21075159869536877,-0.9775396481203953,-0.9943690582777592,-0.10597252445706083,0.7436304607992672,-0.6685908597726038,-0.9133977391510787,-0.40706826222845977,0.8387694147465261,-0.5444867940416647,-0.8787738031034109,-0.47723851791234084,0.8594296125664803,-0.5112540865790997,-0.8692681078295407,-0.49434093165592724,0.8643902277489974,-0.5028215728984153,0.8668395390435346,0.4985872175966732,1,0,0,0,99,6
1701565080,12,3,6,538,018.8,0.0,086,0,0,0,0,0,0,1,-0.708701675652129,-0.7055082812610101,-0.9234468802429867,0.3837262818331512,0.5551007648016929,-0.8317831092998796,-0.9570222331011646,-0.2900145605828441,0.8031234527091224,-0.5958126548744814,-0.8932560256932167,-0.44954829836488014,0.8513366837993298,-0.5246197201950761,-0.8731035792490706,-0.48753475763525,0.862419491209252,-0.5061942524193405,0.8678116882190918,0.4968932217190427,1,0,0,0,99,5
1701565140,12,3,6,539,018.8,0.0,086,0,0,0,0,0,0,1,-0.9765778977502884,0.21516414577161172,-0.6264326995888658,0.7794755114086689,0.3320575918356115,-0.943259113766909,-0.9857127151880788,-0.16843527871721392,0.7643413107758908,-0.6448118800405224,-0.9068659989327317,-0.4214191025330233,0.8430359133907117,-0.5378572754304699,-0.8768857609262651,-0.4806988270058135,0.8604355952091398,-0.5095592080387649,0.8687805269568273,0.4951973303448006,1,0,0,0,99,6
1701565260,12,3,6,541,018.8,0.0,086,0,0,0,0,0,0,1,0.6020480068859135,0.7984598909179464,0.3174429941596235,0.9482773568207633,-0.16081455652277984,-0.9869846393994092,-0.9967408488166343,0.08067019462165342,0.677985916291167,-0.7350748923142639,-0.9314169024433323,-0.36395405457676666,0.8258190039520665,-0.5639352557799668,-0.8842893349407667,-0.46693936663127533,0.8564284461153995,-0.5162657423114207,0.8707082583481739,0.491799886990928,1,0,0,0,99,4
1701565320,12,3,6,542,018.8,0.0,087,0,0,0,0,0,0,1,0.9971687571041068,-0.07519620904973118,0.7332108186087175,0.6800013937302882,-0.3999991289176214,-0.916515519162193,-0.9789064100214568,0.2043091784989199,0.630749879707115,-0.7759862042906819,-0.9423338591737755,-0.33467431609649856,0.8169070681835537,-0.5767693143291786,-0.8879102754020753,-0.46001667669271595,0.8544052541659362,-0.5196072186311907,0.8716671436480758,0.49009834797151136,1,0,0,0,99,4
1701565380,12,3,6,543,018.8,0.0,087,0,0,0,0,0,0,1,0.47549715072011806,-0.8797172612021713,0.9694630630411277,0.24523737357693737,-0.6143136928406621,-0.7890619030142494,-0.9457964641016188,0.32475998597868444,0.5810507783409793,-0.8138673067456035,-0.9523306428823981,-0.30506777382607664,0.8077956962704359,-0.5894625629223299,-0.8914770223966318,-0.4530659097072247,0.8523690250435033,-0.5229407663840979,0.8726227038027654,0.4883949393758611,1,0,0,0,99,3
1701565440,12,3,6,544,018.7,0.0,087,0,0,0,0,0,0,1,-0.48334434316848646,-0.8754303204293443,0.9683569384347241,-0.24956930858045798,-0.7904332067228887,-0.6125482394960996,-0.8979276806892913,0.4401430224960407,0.5290826861200238,-0.8485702747846052,-0.9613974918795568,-0.27516333805159693,0.7984871126234903,-0.6020119026848236,-0.8949893582285835,-0.4460874899137928,0.850319789818452,-0.5262663347043051,0.8735749351670712,0.4866896677019633,1,0,0,0,99,1
1701565500,12,3,6,545,018.7,0.0,087,0,0,0,0,0,0,1,-0.9978012770046274,-0.06627678030754695,0.7301632626705986,-0.683272719963432,-0.9174074122121076,-0.39794929327526646,-0.8360470361394945,0.5486577743569909,0.4750485373322441,-0.8799595940601451,-0.9695255525410729,-0.24499020994710669,0.7889835897999105,-0.6144142698753396,-0.8984470685230543,-0.43908184323919636,0.8482575797595906,-0.5295838728477311,0.8745238341085196,0.48498253945491115,1,0,0,0,99,1
1701565560,12,3,6,546,018.7,0.0,087,0,0,0,0,0,0,1,-0.5948843183590627,0.8038113259779768,0.3132001548706699,-0.9496871395301657,-0.9873416682005692,-0.15860778743465642,-0.7611201572139107,0.6486109051524434,0.4191593341723149,-0.9079126899521901,-0.9767068879536455,-0.2145778530601538,0.7792874479484941,-0.6266666366338032,-0.9018499422392295,-0.4320493972719999,0.8461824263337073,-0.5328933301928258,0.8754693970073499,0.4832735611468799,1,0,0,0,99,1
1701565620,12,3,6,547,018.7,0.0,087,0,0,0,0,0,0,1,0.35496653913623116,0.9348790061252026,-0.18044527407887062,-0.9835850258430133,-0.9958878013719752,0.0905951824243062,-0.6743162527982304,0.7384426797065248,0.3616333227825357,-0.9323204062194833,-0.9829344856651138,-0.18395596454113236,0.7694010542432121,-0.6387660117205939,-0.9051977716832366,-0.4249905812364588,0.8440943612050903,-0.5361946562413418,0.876411620256527,0.4815627392971025,1,0,0,0,99,3
1701565680,12,3,6,548,018.7,0.0,087,0,0,0,0,0,0,1,0.9784627975617406,0.20642323945634647,-0.6299114066849614,-0.7766669941024745,-0.9425144545582509,0.33416538263076073,-0.5769898687885426,0.8167513032223337,0.30269514100631545,-0.953087431252331,-0.9882022645319962,-0.1531544461445194,0.7593268223052967,-0.6507094412468135,-0.9084903525208217,-0.4179058259663213,0.8419934162350443,-0.5394878006191052,0.8773505002617554,0.4798500804318443,1,0,0,0,99,1
1701565740,12,3,6,549,018.7,0.0,087,0,0,0,0,0,0,1,0.7023648723213674,-0.7118171015991323,-0.925153258006243,-0.37959379499727586,-0.8305401239546696,0.5569587978489631,-0.47065975085566697,0.8823147958209029,0.2425749411822016,-0.9701326702623984,-0.9925050806576252,-0.12220337503031901,0.7490672116139909,-0.6624940093954363,-0.9117274837898209,-0.41079556387853294,0.8398796234814049,-0.5427727130767847,0.8782860334414936,0.4781355910843782,1,0,0,0,99,1
1701565860,12,3,6,551,018.6,0.0,087,0,0,0,0,0,0,1,-0.9395403785729803,-0.3424381360639331,-0.8192796030855196,0.5733942203824812,-0.4618472580937981,0.8869594749430442,-0.2377399052083556,0.9713288513534034,0.1197312587560086,-0.9928063384551399,-0.9981999645499743,-0.05997358395518874,0.7280019175645037,-0.6855750929128083,-0.9180346107072457,-0.39650025667532157,0.8356136238344016,-0.5493176418633751,0.8801470450621802,0.47470114711080325,1,0,0,0,99,2
1701565920,12,3,6,552,018.7,0.0,088,0,0,0,0,0,0,1,-0.7957875885887045,0.6055758530920589,-0.4440856600409099,0.8959843338731037,-0.2280522595008612,0.9736488930495181,-0.11478481378318722,0.9933903797222716,0.057487478104924564,-0.9983462274487422,-0.9995864713592172,-0.028755630329187164,0.7172013769957456,-0.6968659733660458,-0.9211042214011522,-0.38931608407176954,0.8334614820349437,-0.5525775583247253,0.8810725164039352,0.4729812055860543,1,0,0,0,99,1
1701565980,12,3,6,553,018.6,0.0,088,0,0,0,0,0,0,1,0.07960864038153331,0.9968261956713436,0.03983594061056201,0.9992062338855137,0.01992192403467051,0.9998015387779501,0.009961456270293016,0.9999503834635872,-0.004980789917915772,-0.9999875957889646,-0.9999968989424328,0.002490402681839968,0.7062257419969057,-0.7079867239863471,-0.9241176126409308,-0.3821081496210549,0.831296622638711,-0.5558290431323939,0.8819946267218395,0.4712594597817672,1,0,0,0,99,2
1701566040,12,3,6,554,018.6,0.0,088,0,0,0,0,0,0,1,0.8818130525190443,0.47159913104992585,0.5140043136735694,0.8577875993070563,0.2666574588239974,0.9637913672852274,0.13455228113037063,0.9909064959130168,-0.06742960806271654,-0.9977240339675638,-0.9994308465240513,0.033734003856911096,0.6950776921118563,-0.7189346298019421,-0.9270746005047118,-0.3748768932583455,0.8291190786787943,-0.5590720466727229,0.8829133724983225,0.46953591626587904,1,0,0,0,99,1
1701566100,12,3,6,555,018.6,0.0,088,0,0,0,0,0,0,1,0.873282610859792,-0.4872139997679717,0.8623265042221454,0.5063526440298443,0.4968135243580612,0.8678573166223363,0.2570434626455842,0.9663998439109809,-0.1296151150310394,-0.9915643811450119,-0.9978888668446532,0.06494466434969119,0.6837599489770912,-0.729707018038641,-0.9299750045131969,-0.3676227563422584,0.8269288833818355,-0.5623065194614685,0.8838287502286483,0.4678105816131843,1,0,0,0,99,2
1701566160,12,3,6,556,018.6,0.0,088,0,0,0,0,0,0,1,0.061860164125145584,-0.9980848261016746,0.99952109184891,0.030944901828293042,0.6960801312247417,0.717964101410472,0.375523566896625,0.926812845565509,-0.1912944777489552,-0.9815326906337631,-0.9953724656212274,0.09609190747986249,0.6722752756572777,-0.7403012587723536,-0.9328186476406745,-0.3603461816279218,0.8247260701675199,-0.5655324121445553,0.884740756420929,0.4660834624053104,1,0,0,0,99,3
1701566220,12,3,6,557,018.5,0.0,088,0,0,0,0,0,0,1,-0.8064362322233966,-0.5913210662215004,0.8919980566743126,-0.45203923158200526,0.8520678469411944,0.5234313557755185,0.48814375148335226,0.8727632427455679,-0.2522268396250011,-0.9676681359705837,-0.9918841000768648,0.12714531849308558,0.6606264759706935,-0.7507147655711474,-0.9356053563258249,-0.3530476132399514,0.8225106726480671,-0.5687496754988299,0.8856493875961384,0.4643545652306921,1,0,0,0,99,3
1701566280,12,3,6,558,018.5,0.0,088,0,0,0,0,0,0,1,-0.9332988757369771,0.35910055492590737,0.5660827877060443,-0.8243483956816764,0.9550781108583937,0.2963541836370153,0.5931466160920859,0.8050944614258054,-0.3121742610900157,-0.9500248579447291,-0.9874271765413207,0.1580745742604909,0.6488163938047147,-0.7609449961266882,-0.9383349604823131,-0.3457274966453434,0.8202827246277175,-0.571958260432812,0.8865546402881246,0.4626238966845466,1,0,0,0,99,1
1701566340,12,3,6,559,018.5,0.0,088,0,0,0,0,0,0,1,-0.20209083702626568,0.9793667819514931,0.1015707094799159,-0.9948283223630832,0.9987062436880735,0.050851143728124895,0.6888936261397238,0.7248624503063064,-0.37090264874606493,-0.9286717531793207,-0.9820060471247926,0.1888494728886995,0.6368479124215218,-0.7709894528749078,-0.9410072935091703,-0.33838627862628545,0.8180422601022167,-0.5751581179874429,0.8874565110436237,0.46089146336884845,1,0,0,0,99,0
1701566460,12,3,6,561,018.5,0.0,088,0,0,0,0,0,0,1,0.9746351572706857,-0.22379971003543722,-0.7822402795929897,-0.6229768414494085,0.9008265208821864,-0.4341792017995516,0.8468114317247825,0.5318932215212224,-0.4837906460850486,-0.8751837582820029,-0.9682932815738222,0.24981617413409918,0.6124474776933533,-0.7905112820618372,-0.9461794972577448,-0.32364233185583335,0.8135239184731551,-0.5815314557890083,0.8892500929966238,0.457421328870327,1,0,0,0,99,2
1701566520,12,3,6,562,018.5,0.0,089,0,0,0,0,0,0,1,0.33827666045026744,-0.9410467050017307,-0.9851514363288851,-0.17168764515577298,0.7654043523379563,-0.6435496697397284,0.9065179727230256,0.4221672241305995,-0.5375094305542,-0.8432577376255137,-0.9600150357222312,0.27994844380214573,0.6000214813645651,-0.7999838885259333,-0.9486790522948035,-0.31624050299895706,0.8112461103139285,-0.5847048387866493,0.8901417973521548,0.4556836409250121,1,0,0,0,99,3
1701566580,12,3,6,563,018.4,0.0,088,0,0,0,0,0,0,1,-0.6090918379453792,-0.7930996992486631,-0.9468631630939771,0.32163667448795147,0.5823930483410875,-0.8129073361976602,0.9520786039497107,0.30585344840490175,-0.5891292521998455,-0.8080388135494797,-0.9507993514799744,0.3098073485656209,0.5874489983966179,-0.8092611903970253,-0.9511207048521826,-0.30881937245174135,0.8089559235371669,-0.5878692999078361,0.8910301060872848,0.4539442146851108,1,0,0,0,99,6
1701566640,12,3,6,564,018.4,0.0,088,0,0,0,0,0,0,1,-0.9964641095049708,0.08401951242696915,-0.6767497645263835,0.7362131187458456,0.363171365373259,-0.9317223617435201,0.9827823669926928,0.18476693191217952,-0.6384485367231334,-0.7696645151987259,-0.9406552278063217,0.33936373171073697,0.5747330981809134,-0.8183409227549167,-0.9535043059039945,-0.301379393161745,0.8066533930883032,-0.5910247908667855,0.8919150158133861,0.4522030567860055,1,0,0,0,99,5
1701566700,12,3,6,565,018.4,0.0,088,0,0,0,0,0,0,1,-0.46769187421537717,0.8838915718530796,-0.24094442112956296,0.9705389152046093,0.12136944589844409,-0.9926074035600907,0.9981501398988257,0.060797189243867816,-0.6852746933734428,-0.7282846933870942,-0.9295925702658919,0.36858873193093256,0.561876885122118,-0.8272208689131738,-0.9558297099675166,-0.2939210192269568,0.8043385541011188,-0.5941712635145877,0.892796523154797,0.45046017386968423,1,0,0,0,99,4
1701566760,12,3,6,566,018.4,0.0,088,0,0,0,0,0,0,1,0.4910741133562503,0.8711177963922977,0.253852519790234,0.9672429364932829,-0.12797863787897792,-0.9917769246391254,0.9979421137117938,-0.06412127322844811,-0.7294248670111433,-0.6840609354332229,-0.9176221813560369,0.3974538115094489,0.5488834978802656,-0.8358988609602985,-0.9580967751120705,-0.2864447058680798,0.8020114418972087,-0.5973086698399414,0.8936746247488349,0.4487155725847157,1,0,0,0,99,3
1701566820,12,3,6,567,018.4,0.0,088,0,0,0,0,0,0,1,0.9983488258124457,0.05744233629398255,0.6864975104492431,0.7271321531516752,-0.3693696298075444,-0.9292825601375706,0.9821615346106695,-0.1880391446779491,-0.770726652153002,-0.6371659341655245,-0.9047557499583864,0.4259307841859259,0.5357561086045003,-0.8443727802889923,-0.9603053629676844,-0.2789509094007471,0.7996720919854422,-0.6004369619698862,0.894549317245809,0.44696925958622363,1,0,0,0,99,1
1701566880,12,3,6,568,018.4,0.0,088,0,0,0,0,0,0,1,0.587746231938178,-0.8090453428841139,0.9510639681125854,0.3089940590981371,-0.5877950071674065,-0.8090099069535975,0.9510546532543747,-0.3090227281660707,-0.8090187662119065,-0.587782813560387,-0.8910058399248534,0.45399184267980686,0.5224979221586403,-0.8526405581133842,-0.9624553387335394,-0.27144008720767066,0.7973205400614205,-0.6035560921705327,0.8954205973090336,0.4452212415358611,1,0,0,0,99,2
1701566940,12,3,6,569,018.4,0.0,088,0,0,0,0,0,0,1,-0.36322753704942956,-0.9317004649183155,0.9827767968664898,-0.18479655716717844,-0.7696741379204508,-0.6384369361310566,0.9051068821225083,-0.42518411533648776,-0.8441516793019155,-0.5361044136469649,-0.8763858778092459,0.4816095858436764,0.5091121753387575,-0.8607001759740951,-0.964546571186196,-0.2639126977107249,0.794956822006933,-0.6066660128477922,0.8962884616148398,0.4434715251017859,1,0,0,0,99,1
1701567060,12,3,6,571,018.5,0.0,088,0,0,0,0,0,0,1,-0.6960368448325855,0.718006065876535,0.3754956285520944,-0.9268241650595153,-0.9815355737464423,-0.1912796838930951,0.7717770675179119,-0.6358931970491998,-0.9044040018291604,-0.4266771630582074,-0.8445937375620919,0.535407712375248,0.481971102673569,-0.8761871125436759,-0.9685522991928923,-0.24881005552059607,0.790193031961367,-0.6128580359591461,0.8980139297246859,0.4399670237874959,1,0,0,0,99,0
1701567120,12,3,6,572,018.5,0.0,088,0,0,0,0,0,0,1,0.22811095911894086,0.9736351423042602,-0.11481475884166603,-0.9933869191569467,-0.9983453608739179,0.05750252534912421,0.6864755912087755,-0.7271528468448447,-0.9292881272363391,-0.36935562345465606,-0.8274526039159754,0.5615355627853609,0.4682224029318968,-0.8836106503390961,-0.9704665502579407,-0.24123572461485038,0.7877930326598638,-0.6159400439105862,0.8988715269465893,0.43821225227588845,1,0,0,0,99,0
1701567180,12,3,6,573,018.6,0.0,088,0,0,0,0,0,0,1,0.9425345992440989,0.3341085590459571,-0.5770144889662836,-0.8167339098647604,-0.9530828688694285,0.3027095060740904,0.5904618928965313,-0.8070655196680411,-0.9505434023936101,-0.31059175804579786,-0.8095034768442313,0.5871150832478255,0.4543593934058008,-0.8908184672669919,-0.9723215690467305,-0.233646669923849,0.7853810126059354,-0.619012653374772,0.8997256952468269,0.4364558091177319,1,0,0,0,99,2
1701567240,12,3,6,574,018.5,0.0,088,0,0,0,0,0,0,1,0.7903962755452384,-0.6125958925786359,-0.8979409481081247,-0.4401159548467677,-0.8485623002604958,0.529095475861036,0.48523423423072903,-0.8743842049868684,-0.9680868259063513,-0.2506150384684961,-0.7907638833648436,0.6121212957950017,0.4403854585502332,-0.8978088036422348,-0.9741172423384761,-0.22604335464437486,0.7829570086040404,-0.6220758174674632,0.9005764313670059,0.43469770101332306,1,0,0,0,99,3
1701567300,12,3,6,575,018.5,0.0,088,0,0,0,0,0,0,1,-0.08842873879073523,-0.9960825056971334,-0.999020146367713,0.044257735498252376,-0.6912822377660761,0.7225848515912344,0.37243465763054706,-0.9280584172322436,-0.9818498910811784,-0.1896596725291863,-0.771252122372829,0.6365297822846995,0.42630400990097467,-0.9045799528744541,-0.9758534605345349,-0.21842624284360365,0.7805210576414975,-0.6251294894485447,0.9014237320618269,0.4329379346693099,1,0,0,0,99,1
1701567360,12,3,6,576,018.6,0.0,088,0,0,0,0,0,0,1,-0.8859527784925297,-0.4637754567475154,-0.8555043707508208,0.5177955886508133,-0.49102159389846933,0.8711474010323434,0.25382336276203626,-0.9672505882738824,-0.9917788534431158,-0.12796368962740468,-0.7509872467716762,0.6603167082440802,0.4121184852417566,-0.9111302618846769,-0.977530117665097,-0.2107957994307797,0.7780731968879212,-0.6281736227227391,0.9022675940990952,0.4311765167986662,1,0,0,0,99,0
1701567420,12,3,6,577,018.6,0.0,087,0,0,0,0,0,0,1,-0.8689359194288628,0.4949246083256689,-0.5025312884161199,0.8645590229491764,-0.2602316055466972,0.96554622441113,0.1312512392110452,-0.9913491373908412,-0.9978349406066219,-0.06576801125607637,-0.7299890448685091,0.6834588461436152,0.3978323477649755,-0.917458131508903,-0.9791471113956531,-0.20315249012884015,0.7756134636946551,-0.6312081708403179,0.9031080142597334,0.42941345412066567,1,0,0,0,99,1
1701567480,12,3,6,578,018.6,0.0,087,0,0,0,0,0,0,1,-0.053023383345603574,0.998593270966005,-0.026521020285755953,0.9996482558795381,-0.013261676373330016,0.9999120601031718,0.006630983970279104,-0.9999780147841181,-0.9999945036809248,-0.0033155102082415536,-0.7082780210511411,0.705933598078374,0.38344908522620447,-0.9235620168885179,-0.9807043430332401,-0.1954967814459897,0.7731418955942013,-0.6342330874978104,0.9039449893377943,0.42764875336085667,1,0,0,0,99,2
1701567540,12,3,6,579,018.7,0.0,087,0,0,0,0,0,0,1,0.811638606855743,0.5841598855290122,0.45598251856347943,0.8899887318188394,0.23453279960504517,0.972108206893358,-0.1180927455575532,-0.9930025697079937,-0.9982491096184343,0.05914993783600386,-0.685875375765888,0.7277190178344949,0.36897220909270734,-0.9294404278474482,-0.982201717532465,-0.1878291406472274,0.7706585302996481,-0.63724832653871,0.9047785161404723,0.42588242125103615,1,0,0,0,99,1
1701567660,12,3,6,581,018.8,0.0,087,0,0,0,0,0,0,1,0.19341424210376837,-0.9811171851269475,0.9952681008469395,0.09716690504758436,0.6718753957961311,0.7406641968691292,-0.3600942953803009,-0.9329159117704899,-0.9830859351477087,0.18314487193136209,-0.6390833779987701,0.7691374623340622,0.33975177531981915,-0.9405151413810577,-0.9850165332066914,-0.17245993537477364,0.7656565598800724,-0.6432495878837492,0.9064352122142402,0.42234488993963853,1,0,0,0,99,3
1701567720,12,3,6,582,018.8,0.0,087,0,0,0,0,0,0,1,-0.7210794829843191,-0.6928523502298791,0.9200142254959646,-0.3918849638415085,0.8342316716121213,0.5514141076171752,-0.47359576242974594,-0.8807423311097222,-0.9697273666112869,0.2441901604183487,-0.6147397171086522,0.7887300426693371,0.3250153514302539,-0.9457087402232617,-0.9863338025798521,-0.16475930895815624,0.7631380310789642,-0.6462355186160244,0.907258375165538,0.42057370423266816,1,0,0,0,99,3
1701567780,12,3,6,583,018.8,0.0,087,0,0,0,0,0,0,1,-0.9726160568450356,0.23241774021622025,0.6195087811257318,-0.7849897261162786,0.9447194626227086,0.32787975988441354,-0.579706926004678,-0.8148250609438855,-0.9525820334606059,0.3042818915546195,-0.5897957733170781,0.8075524415029093,0.31019957970401146,-0.9506714578399073,-0.9875908712214556,-0.15704862648252085,0.760607857730421,-0.6492115885893748,0.9080780772018932,0.41880091416484827,1,0,0,0,99,5
1701567840,12,3,6,584,018.8,0.0,087,0,0,0,0,0,0,1,-0.32993391349118173,0.9440040321568512,0.16732598101183924,-0.9859016259639831,0.9964691731217737,0.08395943674184847,-0.6767719568873076,-0.7361927182273159,-0.9317168878547055,0.36318540841606234,-0.5642759039618552,0.8255862790817391,0.29530807719927077,-0.9554020826546641,-0.9887876624065108,-0.14932835856818344,0.7580660784417752,-0.6521777523926344,0.9088943151963913,0.41702652649883415,1,0,0,0,99,6
1701567900,12,3,6,585,018.8,0.0,087,0,0,0,0,0,0,1,0.616087948358266,0.7876773704301162,-0.32582405495135236,-0.9454304232544339,0.9862632567561346,-0.16518107752640138,-0.7632761877349513,-0.6460723343688377,-0.9072134077406588,0.4206706940298802,-0.5382050287623295,0.8428139456694699,0.2803444794627942,-0.95989945975333,-0.9899241030890525,-0.1415989764205058,0.7555127319974514,-0.6551339647657929,0.9097070860353328,0.4152505480033754,1,0,0,0,99,6
1701567960,12,3,6,586,018.7,0.0,086,0,0,0,0,0,0,1,0.9956813917222668,-0.09283623310976193,-0.739200998751274,-0.6734848798934681,0.9147362679738538,-0.40405143243560715,-0.8378697489573207,-0.5458702078170199,-0.8791672786839316,0.4765132695859477,-0.5116086054857034,0.859218618742037,0.2653124396423611,-0.9641624911657881,-0.9910001239065988,-0.13386095180113555,0.752947857358375,-0.6580801806006866,0.9105163866182439,0.4134729854532902,1,0,0,0,99,3
1701568020,12,3,6,587,018.8,0.0,086,0,0,0,0,0,0,1,0.4598499553568124,-0.8879966320647492,-0.9715957575207781,-0.2366467493282453,0.7863354085020734,-0.6177998262672768,-0.8993886329800029,-0.4371499592432345,-0.8476880202182978,0.5304950710217605,-0.48451260508795824,0.8747842794145767,0.2502156275949039,-0.9681901361340594,-0.9920156591843848,-0.12611475699921215,0.7503714936613771,-0.6610163549416868,0.9113222138578887,0.4116938456294394,1,0,0,0,99,4
1701568080,12,3,6,588,018.8,0.0,086,0,0,0,0,0,0,1,-0.49876540925697305,-0.8667370227056902,-0.9661099892625297,0.2581307588164473,0.6090440218832924,-0.7931364191664784,-0.9468728581933475,-0.32160813176404734,-0.8128985581744033,0.582405300557933,-0.4569434863536556,0.889495728083596,0.23505772899056523,-0.9719814113663893,-0.9929706469393719,-0.11836086480254095,0.7477836802185981,-0.6639424429863854,0.9121245646802812,0.4099131353187006,1,0,0,0,99,4
1701568140,12,3,6,589,018.9,0.0,086,0,0,0,0,0,0,1,-0.9988181567744302,-0.04860339183359195,-0.7240868013690044,0.6897088545779327,0.39388522784059016,-0.9191596310157264,-0.9795814491444105,-0.20104771695330634,-0.7749347446570279,0.6320412498590158,-0.42892817005938433,0.9033385992691267,0.21984244441289458,-0.9755353912773044,-0.9938650288840292,-0.11059974846873663,0.745184456516887,-0.666858400086279,0.9129234360246973,0.40813086131394244,1,0,0,0,99,3
1701568260,12,3,6,591,018.9,0.0,087,0,0,0,0,0,0,1,0.37146007709824136,0.9284489275787703,0.18914422066406064,0.9819493183405064,-0.09500179382383689,-0.995477101278705,-0.9988686353266643,0.04755469861798596,-0.6900888715890201,0.7237246363838894,-0.3716687797058764,0.9283654012251559,0.1892545888147023,-0.9819280526660688,-0.9954717606908969,-0.09505773859589553,0.7399519371539937,-0.672659743631245,0.9145107281030783,0.40456164942364164,1,0,0,0,99,6
1701568320,12,3,6,592,018.9,0.0,087,0,0,0,0,0,0,1,0.9819635696276799,0.18907021955893671,0.6367612505645516,0.7710610285700272,-0.3383333943242765,-0.9410263090291437,-0.9851462604682474,0.17171734183077755,-0.6435381333569995,0.7654140519453434,-0.34248061846961253,0.939524893748256,0.17388948538043356,-0.9847651734673236,-0.9961840124864793,-0.08727779366103493,0.737318721334619,-0.6755450415549525,0.9152991427820066,0.40277472515355744,1,0,0,0,99,6
1701568380,12,3,6,593,018.9,0.0,087,0,0,0,0,0,0,1,0.6896542847984488,-0.7241387763813923,0.9284769185018528,0.37139010731211436,-0.5606290630567977,-0.8280670586710095,-0.9560510077059198,0.2932003933566516,-0.5944743924860635,0.8041145420139632,-0.31295803072140266,0.9497669561566046,0.15848192932223448,-0.9873618779749916,-0.9968354623444613,-0.0794925217394956,0.7346742549387094,-0.6784200314924761,0.9160840658729078,0.400986264420319,1,0,0,0,99,4
1701568440,12,3,6,594,018.8,0.0,087,0,0,0,0,0,0,1,-0.23671996897079078,-0.9715779208537356,0.992869055025318,-0.11921006489861569,-0.7480675320111867,-0.6636226092823331,-0.9120368987278785,0.4101081508076052,-0.5430892418343393,0.8396749820042292,-0.2831298447671764,0.9590815872500705,0.1430356821739413,-0.9897175322409093,-0.9974260705037014,-0.07170239800414888,0.7320185783175687,-0.6812846695750063,0.9168654943815386,0.3991962740463603,1,0,0,0,99,1
1701568500,12,3,6,595,018.8,0.0,087,0,0,0,0,0,0,1,-0.9454549749583542,-0.3257528055543003,0.8141722193597312,-0.5806234556258039,-0.8889947850313308,-0.4579173202523552,-0.853790758983826,0.5206163077294279,-0.4895833393154694,0.8719565091589797,-0.2530251873243257,0.9674596914494629,0.12755451491526504,-0.9918315611658722,-0.9979558009165216,-0.06390789792399577,0.7293517319935546,-0.6841389120916908,0.9176434253269868,0.39740476085995075,1,0,0,0,99,1
1701568560,12,3,6,596,018.8,0.0,087,0,0,0,0,0,0,1,-0.7849430371582153,0.6195679368857272,0.43613762914604876,-0.8998799744648526,-0.9746486480944947,-0.22374095013558368,-0.7822215000035424,0.6230004212937645,-0.4341656243337532,0.9008330648055067,-0.22267345507995925,0.9748930876782097,0.11204220705116075,-0.9937034486400381,-0.998424621250908,-0.05610949723514686,0.7266737566594609,-0.6869827154903001,0.9184178557416826,0.3956117316951685,1,0,0,0,99,3
1701568620,12,3,6,597,018.8,0.0,087,0,0,0,0,0,0,1,0.09724190905490493,0.9952607754369492,-0.04867866351416559,-0.998814491143613,-0.9997035788531551,0.024346548588937242,-0.6984459361364568,0.715662821651697,-0.37705250188024414,0.9261918866119744,-0.19210428598553647,0.9813745173510403,0.09650254568911575,-0.9953327376689265,-0.9988325028924836,-0.048307671911785734,0.7239846931778965,-0.6898160363778933,0.9191887826714089,0.39381719339187476,1,0,0,0,99,3
1701568680,12,3,6,598,018.8,0.0,087,0,0,0,0,0,0,1,0.8900230925369855,0.45591544693166575,-0.5215767216183704,-0.8532043855172293,-0.9626017830643233,0.2709202968427898,-0.6037713570372523,0.7971575430373816,-0.3184669974758911,0.9479339489219124,-0.16134753031591095,0.9868976514618708,0.08093932461458155,-0.9967190304849884,-0.9991794209462554,-0.04050289813711804,0.7212845825806614,-0.6926388315214799,0.9199562031753141,0.3920211527956879,1,0,0,0,99,2
1701568740,12,3,6,599,018.8,0.0,087,0,0,0,0,0,0,1,0.864521149292347,-0.5025964409207844,-0.866774607646297,-0.4987000897730096,-0.8656500706905215,0.5006495332200912,-0.4996751278480393,0.8662128875802101,-0.2586378862616515,0.9659743494472848,-0.13043322152104356,0.9914570967639711,0.06535634336477557,-0.9978619886447151,-0.9994653542381334,-0.0326956522743077,0.7185734660681216,-0.6954510578486787,0.9207201143259223,0.39022361675795675,1,0,0,0,99,2
1701568860,12,3,6,601,018.7,0.0,087,0,0,0,0,0,0,1,-0.816777391867125,-0.576952937538875,-0.8879619748443272,0.4599168742616023,-0.519655234621185,0.8543760513560765,-0.26983694024718285,0.9629060315929266,-0.13618731293162617,0.9906831056379549,-0.06825281811780774,0.9976680574314172,0.034146321680254645,-0.9994168443225823,-0.9998542004518914,-0.017075650462248376,0.7131183809376422,-0.7010436325713798,0.9222373969242897,0.38662408579175467,1,0,0,0,99,2
1701568920,12,3,6,602,018.6,0.0,087,0,0,0,0,0,0,1,-0.9267958647454188,0.3755654737736039,-0.5587640495890891,0.8293266768209027,-0.29212439403368673,0.9563803314636136,-0.1476815298816789,0.9890349668903556,-0.07404401768422757,0.9972549741391004,-0.0370474416181442,0.9993135078990728,0.01852690072471944,-0.9998283622450087,-0.9999570896406027,-0.00926384787740154,0.7103744955575902,-0.7038238956310728,0.9229907625840772,0.38482210459440036,1,0,0,0,99,1
1701568980,12,3,6,603,018.6,0.0,088,0,0,0,0,0,0,1,-0.18472249371488758,0.9827907205075521,-0.09276119741693704,0.9956883851154316,-0.046430673506683055,0.9989215147136015,-0.02322159863573769,0.9997303423207684,-0.011611582132328728,0.9999325833076869,-0.0058058889204457365,0.9999831456848878,0.0029029566920853495,-0.9999957864123448,-0.9999989466025314,-0.001451479875027901,0.7076197707367382,-0.7065934192040612,0.9237406073146458,0.38301865541768254,1,0,0,0,99,3
1701569040,12,3,6,604,018.7,0.0,088,0,0,0,0,0,0,1,0.7271838861456853,0.6864427111784778,0.39595283104274065,0.9182708508872743,0.20214988141565363,0.9793545963764285,0.1016006978902495,0.9948252601277343,0.050866196399306694,0.9987054771372125,0.025441333129256026,0.9996763168989281,-0.012721696055790868,-0.9999190759503811,-0.9999797687829443,0.006360976718196107,0.7048542485087977,-0.7093521610308227,0.9244869282555656,0.3812137451412117,1,0,0,0,99,5
1701569100,12,3,6,605,018.7,0.0,088,0,0,0,0,0,0,1,0.9705207546642247,-0.24101756111533412,0.7877237971254055,0.6160285865463817,0.4381617358086043,0.8988961526634714,0.22483754950689241,0.9743962624783286,0.11314534352254951,0.9935784474510124,0.056663712148903436,0.9983933211542965,-0.0283432429840298,-0.9995982495868769,-0.9998995573523565,0.01417304507018692,0.7020779710722354,-0.7121000790163511,0.9252297225598493,0.37940738065017193,1,0,0,0,99,6
1701569160,12,3,6,606,018.6,0.0,088,0,0,0,0,0,0,1,0.3215653171302501,-0.9468873992291383,0.9866325048439105,0.1629610394708834,0.6469308156708554,0.7625486999106625,0.3445658863623454,0.9387621370482149,0.17498266050066957,0.984571515190292,0.08783076001523608,0.9961354112745646,-0.043957870315993346,-0.9990333856469874,-0.9997583172064605,0.02198424837255722,0.699290980789629,-0.7148371312307991,0.925968987393962,0.3775995688352947,1,0,0,0,99,9
1701569220,12,3,6,607,018.7,0.0,088,0,0,0,0,0,0,1,-0.6230357899988372,-0.7821933292866443,0.9439791653650637,-0.33000505353202975,0.8154768707731783,0.5787896623420162,0.458917387804158,0.8884789424465883,0.23613667393419815,0.9717198522327791,0.11891204263492582,0.9929047920704127,-0.059561765964363605,-0.9982246220341424,-0.9995560569658268,0.029794109869717856,0.6964933201870217,-0.7175632759101171,0.9267047199378335,0.3757903165928327,1,0,0,0,99,5
1701569280,12,3,6,608,018.7,0.0,088,0,0,0,0,0,0,1,-0.9948206650797496,0.10164568033263627,0.6702068037805061,-0.7421744001016999,0.933320523748862,0.35904428689111606,0.5661076368981803,0.8243313311075577,0.2963685787093853,0.9550736440472949,0.14987720966295234,0.9887046181866692,-0.0751511204618093,-0.9971721561963784,-0.999292788975378,0.03760215288797655,0.6936850319532718,-0.7202784714566918,0.9274369173848677,0.37397963082453317,1,0,0,0,99,5
1701569340,12,3,6,609,018.7,0.0,089,0,0,0,0,0,0,1,-0.451972008536893,0.8920321202171627,0.23234444235104618,-0.9726335692893708,0.9931348270223361,0.11697527668406932,0.6644639656580071,0.7473203050513445,0.3554431705270587,0.9346978937205712,0.1806960241392001,0.9835389910218535,-0.09072212789101262,-0.9958762450781355,-0.9989685293036351,0.04540790086463162,0.6908661589394028,-0.7229826764399793,0.9281655769419537,0.3721675184376121,1,0,0,0,99,5
1701569400,12,3,6,610,018.8,0.0,089,0,0,0,0,0,0,1,0.506417628279074,0.862288342590921,-0.2624039418616639,-0.9649581189333869,0.991200816921926,-0.13236668966664739,0.7524515564694672,0.6586475955825515,0.41312976437037824,0.910672168121589,0.21133839201433674,0.9774129547232299,-0.10627098681382932,-0.9943372050575272,-0.9985832977417375,0.05321087737705887,0.6880367441579487,-0.7256758495971389,0.9288906958294767,0.3703539863447274,1,0,0,0,99,4
1701569460,12,3,6,611,018.7,0.0,089,0,0,0,0,0,0,1,0.9992092331198094,0.03976063943301937,-0.6929066894492291,-0.7210272669715825,0.9276387408284494,-0.3734787363615347,0.8286973924061589,0.5596969106750838,0.46920309532489035,0.883090287194657,0.24177439153614155,0.9703324912612833,-0.12179390119935532,-0.9925554118691015,-0.998137117802234,0.06101060617179,0.6851968307822979,-0.7283579498336618,0.9296122712813288,0.3685390414639528,1,0,0,0,99,3
1701569520,12,3,6,612,018.7,0.0,088,0,0,0,0,0,0,1,0.5733324771196631,-0.8193228122540169,-0.9537617134939987,-0.3005637933500832,0.8064005807754863,-0.5913696841443247,0.8920116826993705,0.45201234267200896,0.523444198233198,0.8520599575945371,0.2719743024675887,0.9623045145884273,-0.13728708135067327,-0.9905313005121108,-0.9976300167176484,0.06880661119358068,0.6823464621460344,-0.7310289362239981,0.9303303005449188,0.3667226907187513,1,0,0,0,99,3
1701569580,12,3,6,613,018.6,0.0,088,0,0,0,0,0,0,1,-0.37966351428611655,-0.9251246488554479,-0.9811026064728011,0.19348817941227325,0.6350243383476443,-0.7724921292195388,0.9414064290250888,0.33727427324097903,0.5756412627492147,0.8177023520942627,0.3019086351081543,0.9533368638876456,-0.15274674483005257,-0.9882653651443133,-0.9970620254388173,0.07659841661446647,0.6794856817422769,-0.7336887680121819,0.9310447808811835,0.364904941037949,1,0,0,0,99,7
1701569640,12,3,6,614,018.6,0.0,088,0,0,0,0,0,0,1,-0.9835986215652434,-0.1803711497300862,-0.7682353642374472,0.6401674977183369,0.42416535825174545,-0.9055847552047066,0.9761108428874015,0.21727315158032454,0.6255904604530329,0.7801516364080526,0.3315481590900087,0.9434382959176643,-0.16816911738237747,-0.9857581589613307,-0.9964331786330006,0.08438554686280492,0.6766145332230143,-0.7363374046124525,0.9317557095645973,0.36308579935570845,1,0,0,0,99,11
1701569700,12,3,6,615,018.6,0.0,088,0,0,0,0,0,0,1,-0.683217692274733,0.7302147526329418,-0.3672773116917639,0.9301114859609416,0.18693383059127952,-0.9823725072397287,0.995583373515179,0.09388155505814576,0.6730967407965419,0.7395544452770687,0.3608639319209744,0.9326184764621246,-0.1835504338565772,-0.9830102940615943,-0.9957435146817665,0.09216752665230203,0.6737330603984407,-0.7389748056098739,0.9324630838831836,0.3612652726115022,1,0,0,0,99,11
1701569760,12,3,6,616,018.6,0.0,088,0,0,0,0,0,0,1,0.24531043247334874,0.9694445789831095,0.12360303600011291,0.9923317436681922,-0.06192033725605731,-0.9980810948185003,0.9995201585807313,-0.03097503173121646,0.7179745927716441,0.6960693098638897,0.3898273272463786,0.9208879708911095,-0.1988869391248336,-0.9800224412969096,-0.9949930756786476,0.09994388101102124,0.6708413072362862,-0.7416009307609522,0.9331669011385242,0.35944336775008645,1,0,0,0,99,11
1701569820,12,3,6,617,018.7,0.0,088,0,0,0,0,0,0,1,0.9483012769124547,0.3173715302389422,0.584221049672578,0.811594581746004,-0.3069245984390922,-0.9517338340486808,0.9878597658698022,-0.15534826351028058,0.7600487693267718,0.6498660386917136,0.4184100628022027,0.9082582338442392,-0.2141748889993418,-0.9767953301086771,-0.9941819074265729,0.10771413531037331,0.6679393178611462,-0.7442157399942483,0.9338671586457702,0.35762009172147446,1,0,0,0,99,11
1701569880,12,3,6,618,018.7,0.0,088,0,0,0,0,0,0,1,0.7794283006736524,-0.6264914397731085,0.9018013749637745,0.43215076086181514,-0.5328457746563188,-0.8462123731256284,0.9607841519107266,-0.27729733759483854,0.7991549717028728,0.6011250545457083,0.4465842280322334,0.8947415980454101,-0.2294105511463999,-0.9733297483498103,-0.9933100594350714,0.11547781529408518,0.6650271365538082,-0.7468191934109906,0.9345638537336522,0.3557954514809102,1,0,0,0,99,7
1701569940,12,3,6,619,018.7,0.0,088,0,0,0,0,0,0,1,-0.10604746068673451,-0.9943610692710649,0.9985892722413617,-0.0530986380660329,-0.7256371814019844,-0.6880775254046476,0.9187158226036622,-0.39491927947072447,0.8351404910165487,0.5500366899258974,0.4743223113422468,0.8803512622600985,-0.24459020599760484,-0.969626542092392,-0.9923775849172511,0.12323444710714614,0.6621048077505758,-0.749411251285683,0.9352569837444902,0.3539694539888414,1,0,0,0,99,7
1701570060,12,3,6,621,018.6,0.0,088,0,0,0,0,0,0,1,-0.8600386463351707,0.5102288964866329,0.4948591231418125,-0.8689732149170747,-0.966688474876233,-0.25595584099891655,0.7924505792158009,-0.6099361273941245,0.8972001246639806,0.4416242025783208,0.528382341407091,0.8490065378365236,-0.27476668481047367,-0.9615109302125805,-0.9903309876532644,0.13872467298108784,0.6562298861751544,-0.7545610223769472,0.9366325379723223,0.35031341511784325,1,0,0,0,99,12
1701570120,12,3,6,622,018.6,0.0,088,0,0,0,0,0,0,1,-0.03533805174655298,0.9993754159967905,0.01767178546737087,-0.9998438418065069,-0.9999609596895538,-0.008836237703148543,0.7102239920275675,-0.7039757674440404,0.9230318974564314,0.3847234282935987,0.5546514994599768,0.8320827567897314,-0.28975614161762697,-0.9571005059004335,-0.9892169898208465,0.14645732159842081,0.6532773830470404,-0.7571186570143483,0.9373149569419951,0.3484833876855909,1,0,0,0,99,11
1701570180,12,3,6,623,018.6,0.0,088,0,0,0,0,0,0,1,0.8218521846480703,0.5697007868953616,-0.46384222161454775,-0.885917825448659,-0.9710607152615791,0.23883276005537946,0.6169145969843073,-0.7870301010937827,0.9452592504423807,0.32632031725454774,0.5803790497362272,0.8143464610516054,-0.3046748586184907,-0.9524564192265191,-0.9880426152819825,0.1541810312157123,0.6503149117098145,-0.7596647389525567,0.9379938003400013,0.346652030895135,1,0,0,0,99,12
1701570240,12,3,6,624,018.7,0.0,089,0,0,0,0,0,0,1,0.923435312642794,-0.3837541183678754,-0.8317914757822045,-0.5550882279566577,-0.8817846188147811,0.47165229356133864,0.5139784559875352,-0.8578030932449878,0.9637953862840878,0.26664293235993725,0.605539869719601,0.7958149698139441,-0.31951919362227366,-0.9475798039779932,-0.9868079357144411,0.16189533041753676,0.6473425173671444,-0.7621992293414946,0.9386690655767598,0.34481935173254513,1,0,0,0,99,13
1701570300,12,3,6,625,018.7,0.0,089,0,0,0,0,0,0,1,0.17601627283386595,-0.9843872569764778,-0.9960891669364942,-0.08835367288212255,-0.7376834256244756,0.6751467718644137,0.40302185308962235,-0.9151903550257765,0.9785679217677679,0.20592431252067284,0.6301093902963704,0.7765063787634564,-0.33428552259748223,-0.9424718507105282,-0.9855130264766997,0.16959974836283187,0.6443602453741106,-0.7647220895079571,0.9393407500763387,0.3429853571889352,1,0,0,0,99,13
1701570360,12,3,6,626,018.7,0.0,089,0,0,0,0,0,0,1,-0.7332313164778873,-0.6799792912553325,-0.9165094902005468,0.4000129427560235,-0.5477166499404489,0.8366638939132081,0.2857762289683941,-0.958296377409726,0.9895191704584925,0.14440156264783635,0.6540636197466435,0.7564395424116314,-0.348970240556676,-0.9371338064576561,-0.9841579666033436,0.17729381481363626,0.6413681412365148,-0.7672332809562018,0.9400088512764658,0.341150054260437,1,0,0,0,99,16
1701570420,12,3,6,627,018.6,0.0,089,0,0,0,0,0,0,1,-0.9683494148893343,0.2495984989607987,-0.6125363258775766,0.7904424390683988,-0.323695505785608,0.946161307354195,0.1640711623744481,-0.9864485053347172,0.9966063679644831,0.08231492776308211,0.6773791671718721,0.7356340556836266,-0.3635697624365738,-0.9315669744263229,-0.9827428388002435,0.18497706016379048,0.6383662506101844,-0.769732765368537,0.9406733666285383,0.3393134499481733,1,0,0,0,99,16
1701570480,12,3,6,628,018.6,0.0,089,0,0,0,0,0,0,1,-0.31317152702365525,0.9496965803148245,-0.15859290602857282,0.987344058653017,-0.0795485428747221,0.9968309933617175,0.039805820166669656,-0.9992074342602034,0.9998018389311463,0.01990685484696882,0.7000332653356665,0.7141102347841574,-0.378080523973295,-0.9257727136787294,-0.9812677294395066,0.19264901546759924,0.6353546193002774,-0.7722205046059057,0.941334293597632,0.33747555125823137,1,0,0,0,99,17
1701570540,12,3,6,629,018.6,0.0,089,0,0,0,0,0,0,1,0.6299348185230796,0.7766480054775746,0.3341795883371884,0.9425094178515073,0.16954436314500793,0.9855225562744638,-0.08508067855140847,-0.9963740653676368,0.999093105112741,-0.042578953911311244,0.722003792895616,0.6918890973590669,-0.3924989825725241,-0.9197524388005358,-0.9797327285542052,0.20030921246845357,0.6323332932605821,-0.7746964607084679,0.9419916296625114,0.3356363652016361,1,0,0,0,99,16
1701570660,12,3,6,631,018.6,0.0,089,0,0,0,0,0,0,1,0.4440586509707787,-0.8959977201410795,0.9736523301828737,0.22803758446681607,0.6212738589113436,0.7835935121179909,-0.3289426149665083,-0.9443499118753576,0.9859893285110538,-0.16680840525081836,0.763809009259127,0.645442326915884,-0.421044934112807,-0.9070397805267099,-0.9764834306138301,0.21559246215172986,0.6262617415459251,-0.7796128725693702,0.9432955190631858,0.3319541590571128,1,0,0,0,99,17
1701570720,12,3,6,632,018.6,0.0,089,0,0,0,0,0,0,1,-0.514030170892537,-0.8577721045896685,0.9637873480674221,-0.2666719852274808,0.7958240965274552,0.6055278749869898,-0.4441126687075084,-0.8959709467909631,0.9736454556949781,-0.22806693448309956,0.7836028759783554,0.6212620483809149,-0.43516545796919887,-0.9003505007442698,-0.9747693318791554,0.22321458202336397,0.6232116085153726,-0.782053253309314,0.943942067425039,0.330111153015682,1,0,0,0,99,18
1701570780,12,3,6,633,018.6,0.0,089,0,0,0,0,0,0,1,-0.9995220242088421,-0.030914771897250545,0.7179536098861996,-0.6960909524274645,0.9208938463328616,0.38981344741589885,-0.552352492790655,-0.8336106547471364,0.9574995182106194,-0.28843486721690187,0.8026315677871454,0.5964751179986882,-0.4491797424201762,-0.893441413299912,-0.9729957382486092,0.2308230780274018,0.6201519660424364,-0.7844817008788038,0.9445850149348135,0.32826688770053875,1,0,0,0,99,18
1701570840,12,3,6,634,018.6,0.0,089,0,0,0,0,0,0,1,-0.5660579379995188,0.8243654595067245,0.2963397884973224,-0.955082577452527,0.9887068770501516,0.1498623077152374,-0.651973040962877,-0.7582421472442815,0.9376145655983277,-0.34767646796678553,0.8208765034908678,0.5711057397860814,-0.46308436607918363,-0.8863142049482455,-0.9711627579732054,0.23841748578046287,0.6170828608134961,-0.7868981782227173,0.9452243591398598,0.3264213701469947,1,0,0,0,99,19
1701570900,12,3,6,635,018.6,0.0,089,0,0,0,0,0,0,1,0.38783720589663306,0.9217278891963141,-0.19782834832713678,-0.9802366778478334,0.9950469028764004,-0.09940654443286578,-0.7414197678889017,-0.6710415246343308,0.9140682481725122,-0.40556039954960427,0.8383198672194296,0.5451786865103935,-0.4768759343317749,-0.8789706156949713,-0.9692705029286126,0.24599734175904098,0.6140043396593216,-0.7893026484685837,0.9458600976012741,0.3245746073951383,1,0,0,0,99,17
1701570960,12,3,6,636,018.6,0.0,089,0,0,0,0,0,0,1,0.9851566112943334,0.17165794832475895,-0.6435612059762619,-0.7653946525566921,0.9395197317131483,-0.34249477911590703,-0.8192968873112808,-0.5733695234681091,0.8869525137988248,-0.46186062645125475,0.8549446258241684,0.5187192754991592,-0.49055108016436005,-0.8714124383720832,-0.9673190886083255,0.25356218332779523,0.610916449554358,-0.791695074927145,0.9464922278939074,0.3227266064898082,1,0,0,0,99,17
1701571020,12,3,6,637,018.6,0.0,089,0,0,0,0,0,0,1,0.6767275715505089,-0.7362335185953917,-0.9317278354206747,-0.36315732224795383,0.8255777741218431,-0.5642883472800259,-0.8843891528281048,-0.46675028265656904,0.8563732488397127,-0.5163572974905221,0.8707345455104334,0.49175334391820763,-0.5041064649862133,-0.8636415182001753,-0.9653086341166165,0.26111154876778686,0.6078192376160092,-0.794075421092917,0.9471207476063749,0.3208773744805662,1,0,0,0,99,17
1701571080,12,3,6,638,018.6,0.0,089,0,0,0,0,0,0,1,-0.2538816765877605,-0.967235283833767,-0.9917749956098326,0.12799358610147818,0.6603053891566091,-0.7509971990964674,-0.9356808214066555,-0.3528475597928464,0.8224498646704389,-0.5688376043332375,0.8856742076896101,0.46430722354210824,-0.5175387794445416,-0.8556597523379571,-0.9632392621612652,0.2686449773046603,0.6047127511039186,-0.796443650644746,0.9477456543410647,0.3190269184216702,1,0,0,0,99,17
1701571140,12,3,6,639,018.6,0.0,089,0,0,0,0,0,0,1,-0.9510732821065815,-0.30896538974942617,-0.8090010475115055,0.5878072006408963,0.4539784132307965,-0.8910126824689131,-0.9723715037137074,-0.23343876877147773,0.7853148313802172,-0.6190966125042691,0.8997490240351109,0.4364077150416402,-0.5308447442324167,-0.8474690894190892,-0.96111109904607,0.27616200913676636,0.6015970374192486,-0.7987997274463626,0.9483669457141478,0.3171752453720478,1,0,0,0,99,17
1701571200,12,3,6,640,018.7,0.0,089,0,0,0,0,0,0,1,-0.773852498155771,0.63336585880364,-0.42815542808445156,0.903705111970614,0.21942525837900473,-0.9756293127952373,-0.9938886539233752,-0.11038724383904756,0.7451131604793488,-0.6669380616522619,0.9129452507276277,0.408082061813392,-0.5440211108893698,-0.8390715290764524,-0.9589242746631385,0.28366218546322625,0.5984721441039564,-0.8011436155469337,0.9489846193555862,0.3153223623952687,1,0,0,0,99,18
1701571260,12,3,6,641,018.7,0.0,090,0,0,0,0,0,0,1,0.11484470379581474,0.9933834576889489,0.057517572580260974,0.9983444940722989,-0.028770696269825667,-0.999586037835738,-0.9998965041032342,0.014386837113521522,0.702001838632378,-0.7121751319421092,0.9252500018757388,0.3793579233770469,-0.5570646625944573,-0.8304691214539668,-0.9566789224849597,0.29114504851193435,0.5953381188400696,-0.8034752791816107,0.9495986729091429,0.31346827655951837,1,0,0,0,99,21
1701571320,12,3,6,642,018.7,0.0,089,0,0,0,0,0,0,1,0.8979542147110153,0.44008888679756925,0.5291082654818533,0.8485543255436181,-0.27517782837320115,-0.9613933444599089,-0.9903013037606052,0.13893641628473632,0.6561492146285263,-0.7546311735824118,0.9366512620987631,0.3502633483663315,-0.5699722149516012,-0.8216639667060773,-0.9543751795562575,0.2986101415674982,0.5921950094489575,-0.8057946827720751,0.9502091040323901,0.31161299493757066,1,0,0,0,99,22
1701571380,12,3,6,643,018.7,0.0,089,0,0,0,0,0,0,1,0.8554887617489377,-0.51782137704161,0.8711548016976116,0.49100846375515256,-0.5044757359104833,-0.8634258693585549,-0.9652527827876372,0.2613179391483152,0.6077343419832735,-0.7941403966391318,0.9471378982595755,0.3208267471400009,-0.5827406167670137,-0.8126582144850321,-0.9520131864856264,0.3060570089991143,0.5890428638906025,-0.8081017909270819,0.9508159103967186,0.3097565246067612,1,0,0,0,99,19
1701571440,12,3,6,644,018.6,0.0,089,0,0,0,0,0,0,1,0.026490886523445938,-0.9996490548843638,0.9999122598719259,0.01324660552058789,-0.702407785577371,-0.7117747556357236,-0.9251418149764185,0.37962168297153187,0.5569462797382114,-0.8305485184417379,0.9566996703359257,0.2910768640396056,-0.5953667508185162,-0.8034540634160753,-0.9495930874369493,0.3134851962883771,0.5858817302628675,-0.8103965684429991,0.9514190896873468,0.30789887264895993,1,0,0,0,99,20
1701571500,12,3,6,645,018.6,0.0,089,0,0,0,0,0,0,1,-0.8268625876027196,-0.5624040017842467,0.8838563236703821,-0.46775848373693524,-0.8566675211938805,-0.5158689350324677,-0.8705943185641828,0.49200155739973644,0.5039833541895326,-0.8637133660537321,0.9653272414196473,0.2610427493211293,-0.6078475346165643,-0.7940537605606843,-0.9471150301205985,0.3208942500570208,0.5827116568007624,-0.8126789803043453,0.9520186396033287,0.3060400461505444,1,0,0,0,99,20
1701571560,12,3,6,646,018.6,0.0,089,0,0,0,0,0,0,1,-0.920002411959138,0.39191269689736824,0.551401533867395,-0.8342399825282195,-0.9576638195442646,-0.2878888826194756,-0.8024614889885606,0.5967039120788988,0.4490523844280872,-0.8935054314549238,0.9730121868339892,0.2307537307879076,-0.6201799211567932,-0.784459600867982,-0.9445791657844201,0.32828371809459106,0.5795326918757081,-0.8149489916843234,0.9526145578575638,0.3041800522023728,1,0,0,0,99,17
1701571620,12,3,6,647,018.6,0.0,089,0,0,0,0,0,0,1,-0.1672962615688254,0.9859066694495454,0.08394441777287699,-0.9964704384600542,-0.9991172199647183,-0.04200929385234764,-0.7218065162674647,0.6920949017828597,0.39236787471526025,-0.9198083772674773,0.9797470023601699,0.20023938515252526,-0.6323608996639003,-0.774673926614458,-0.941985649204503,0.33565314938604557,0.5763448839947981,-0.817206567945353,0.9532068421768051,0.3023188978997567,1,0,0,0,99,19
1701571680,12,3,6,648,018.5,0.0,089,0,0,0,0,0,0,1,0.7392213001816264,0.6734625968513661,-0.4040652194563607,-0.9147301779353751,-0.9784503507933796,0.20648222933781113,-0.6298879942744539,0.7766859820216312,0.33415117684842055,-0.9425194910508831,0.9855251115651197,0.16952950915565845,-0.6443874963266829,-0.7646991268321347,-0.9393346386757316,0.3430020941392817,0.5731482818000584,-0.8194516746395976,0.9537954903016678,0.30045659034243405,1,0,0,0,99,20
1701571740,12,3,6,649,018.5,0.0,089,0,0,0,0,0,0,1,0.9661022076387795,-0.25815988146006835,-0.7931455986954944,-0.6090320675218718,-0.8969481778569685,0.4421356875881703,-0.5281402808022835,0.8491571372803064,0.2746296257868892,-0.961550086391839,0.9903408722232561,0.13865409047006316,-0.6562567750240514,-0.7545376367253204,-0.936626296002125,0.3503301038125896,0.5699429340677058,-0.8216842775094914,0.9543804999866383,0.2985931366345421,1,0,0,0,99,22
1701571800,12,3,6,650,018.5,0.0,089,0,0,0,0,0,0,1,0.3047532008014393,-0.9524313553224073,-0.9880362734541701,-0.15422166624309427,-0.7596781115193113,0.6502992902336991,-0.4181511148892831,0.9083774794196792,0.2140356519137885,-0.9768258492227975,0.9941895818260211,0.10764327841812157,-0.6679658380418412,-0.7441919370760884,-0.9338607864869604,0.35763673114202876,0.5667288897074029,-0.8239043424882614,0.9549618690000825,0.2967285438845904,1,0,0,0,99,22
1701571860,12,3,6,651,018.6,0.0,089,0,0,0,0,0,0,1,-0.6367844934113518,-0.7710418334635599,-0.9410212095015605,0.33834757760063844,-0.5751749396485218,0.8180304326859235,-0.3016368406826962,0.9534228948074206,0.15260587340036988,-0.9882871280168078,0.9970674821738015,0.0765273545315405,-0.679511826780248,-0.73366455363863,-0.9310382789226848,0.3649215301687268,0.5635061977615123,-0.8261118357004477,0.9555395951242542,0.2948628192054335,1,0,0,0,99,21
1701571920,12,3,6,652,018.6,0.0,089,0,0,0,0,0,0,1,-0.9928654610638965,0.11923999424008805,-0.6636113342009432,0.7480775341634341,-0.35491017584493534,0.9349004048997503,-0.1804156244623088,0.9835904648022342,0.09058017221711874,-0.995889166725453,0.9989717630457462,0.04533670298194944,-0.690891922451714,-0.7229580565226276,-0.9281589455806122,0.3721840562660983,0.5602749074043482,-0.8283067234624195,0.9561136761553041,0.2929959697142441,1,0,0,0,99,24
1701571980,12,3,6,653,018.6,0.0,089,0,0,0,0,0,0,1,-0.43611050264796214,0.8998931211428065,-0.22372626003354357,0.9746520202469203,-0.11257881628681225,0.9936427980534354,-0.056379082763754744,0.998409434564156,0.0282007573997934,-0.9996022795502609,0.9999005649439,0.014101780911272722,-0.7021033467690947,-0.7120750595657992,-0.925222962200409,0.37942386616698276,0.5570350679414255,-0.8304889722828903,0.9566841099032873,0.29112800253248544,1,0,0,0,99,23
1701572040,12,3,6,654,018.6,0.0,089,0,0,0,0,0,0,1,0.5216024406758817,0.853188662536583,0.2709348053161655,0.9625976995964054,0.13675214880138925,0.9906052946548402,0.06853723566485535,0.9976485590263838,-0.034288780771676325,-0.9994119668651121,0.9998529809089715,-0.017146911309152784,-0.7131433626239372,-0.7010182196957677,-0.9222305079793683,0.38664051799069915,0.5537867288087088,-0.8326585488634279,0.9572508941921726,0.2892589247858846,1,0,0,0,99,24
1701572160,12,3,6,656,018.6,0.0,089,0,0,0,0,0,0,1,0.5587390498188232,-0.829343520025061,0.9563847343054627,0.2921099792671752,0.5949327780232085,0.803775459710974,0.31322878243308516,0.9496776978825432,-0.158622668804709,-0.9873392775238264,0.9968297942787993,-0.07956356727854007,-0.7346984304047954,-0.6783938504738453,-0.9160769210262436,0.40100258697803604,0.5472647499254653,-0.8369595530782943,0.9583735057581397,0.28551746612221973,1,0,0,0,99,24
1701572220,12,3,6,657,018.6,0.0,089,0,0,0,0,0,0,1,-0.3959805115438519,-0.9182589147280136,0.9793515494264594,-0.20216464239820275,0.7752949897936278,0.6315993024069126,0.42918568102459304,0.9032162815203545,-0.2199814974942728,-0.9755040444612094,0.9938571437739957,-0.1106705822221754,-0.7452082199701555,-0.6668318445372209,-0.9129161638773905,0.40814712755499033,0.5439912096923119,-0.8390909150845903,0.9589293287527998,0.28364509947768324,1,0,0,0,99,25
1701572280,12,3,6,658,018.6,0.0,089,0,0,0,0,0,0,1,-0.9866374167508005,-0.16293129799798153,0.7625389491684939,-0.6469423088661069,0.9074531141789384,0.4201533595806971,0.5384452806085791,0.8426604771735462,-0.2804813031437691,-0.9598594889809514,0.9899140086343236,-0.14166952922038076,-0.7555360776363961,-0.6551070411694638,-0.9096996870312377,0.41526675693494663,0.5407093688225928,-0.8412094735958894,0.9594814937235343,0.2817716508133054,1,0,0,0,99,22
1701572340,12,3,6,659,018.6,0.0,089,0,0,0,0,0,0,1,-0.6701844311086327,0.7421946027152168,0.3590302196784995,-0.933325935221779,0.9831901991023352,0.18258431583548054,0.6393026216763542,0.7689552379155371,-0.3398858353068445,-0.9404667027374061,0.9850042392643308,-0.17253013832747296,-0.7656794820051903,-0.6432223028131592,-0.9064276868049539,0.4223610405724235,0.5374192773931619,-0.8433151962855951,0.960029998564002,0.2798971272757233,1,0,0,0,99,21
1701572460,12,3,6,661,018.6,0.0,089,0,0,0,0,0,0,1,0.9537707733618594,0.30053504268341247,-0.5913818382891833,-0.8063916674555276,0.9503661577138381,-0.3111336791031087,0.809670821724208,0.5868842819913016,-0.45448636833721334,-0.8907536926646169,0.9723049142796247,-0.23371596793478092,-0.7854030710198365,-0.6189846654260585,-0.8997179184127819,0.43647184019930857,0.5308145437912809,-0.8474880058736255,0.9611160194985894,0.2761448841879698,1,0,0,0,99,21
1701572520,12,3,6,662,018.6,0.0,088,0,0,0,0,0,0,1,0.7682160664531458,-0.6401906553857654,-0.9055911481970673,-0.424151709070136,0.8438458713148201,-0.5365856366554476,0.8765231419236595,0.48135972169706537,-0.5092348565754973,-0.860627597075839,0.964527759340248,-0.26398144151072533,-0.7949784404343068,-0.6066376836668139,-0.896280559776573,0.4434874949382373,0.5275000023989397,-0.8495550291000099,0.9616535314498694,0.27426717895146524,1,0,0,0,99,17
1701572580,12,3,6,663,018.6,0.0,088,0,0,0,0,0,0,1,-0.12363294914268595,-0.9923280172837418,-0.9980801614308696,0.0619353805036276,0.6848593357385049,-0.728675298230847,0.9296976116541461,0.368323703940673,-0.5619947935965809,-0.8271407691380811,0.9558087594121748,-0.2939891416888716,-0.8043597272641364,-0.5941426000175077,-0.8927884967945957,0.4504760814862939,0.5241774120055661,-0.8516090891618918,0.9621873749852187,0.2723884274690357,1,0,0,0,99,16
1701572640,12,3,6,664,018.6,0.0,088,0,0,0,0,0,0,1,-0.9018144014592891,-0.43212357644616434,-0.8462043418838514,0.5328585288581931,0.48329156372825655,-0.875459459043705,0.9683644611001854,0.24954011797333814,-0.6125601529754697,-0.7904239741978156,0.9461564284508708,-0.3237097664592346,-0.8135446412026923,-0.5815024649736085,-0.889241942604376,0.45743717329617606,0.5208468233098019,-0.8536501547168418,0.9627175480681864,0.27050863690754695,1,0,0,0,99,16
1701572700,12,3,6,665,018.6,0.0,088,0,0,0,0,0,0,1,-0.8508718520044145,0.5253732877360419,-0.4871481870355047,0.8733193252573889,0.25167506307003396,-0.9678117909122075,0.9919203070086345,0.12686254192588234,-0.6607334780658982,-0.7506205905535374,0.9355801917937172,-0.3531142941360932,-0.8225309398849666,-0.5687203644428019,-0.8856411136693016,0.46437034549871836,0.5175082871323327,-0.8556781946207109,0.9632440486763235,0.26862781443782874,1,0,0,0,99,16
1701572760,12,3,6,666,018.6,0.0,087,0,0,0,0,0,0,1,-0.01764164581327013,0.9998443740567825,-0.008821166113885877,0.9999610927573088,0.004410625958475234,-0.9999902731420214,0.9999975682825487,0.0022053183419487145,-0.7063266530643069,-0.707886049566577,0.9240903769563281,-0.38217401169717374,-0.8313164294350177,-0.5557994189916117,-0.8819862297654119,0.47127517492882454,0.5141618544151129,-0.8576931779281052,0.9637668748011899,0.2667459672346471,1,0,0,0,99,15
1701572820,12,3,6,667,018.7,0.0,087,0,0,0,0,0,0,1,0.8318082081799767,0.5550631538882909,0.4716655839213357,0.8817775098879226,-0.24312804251266182,-0.9699942035620426,0.9924702019612586,-0.12248631849712321,-0.7491616375980297,-0.662387228704961,0.9116982035479069,-0.4108605428214292,-0.8398989650015737,-0.5427427830835574,-0.8782775139679819,0.47815124015129495,0.5108075762205887,-0.8596950738928585,0.9642860244483632,0.26486310247667705,1,0,0,0,99,16
1701572880,12,3,6,668,018.7,0.0,087,0,0,0,0,0,0,1,0.9164974316526442,-0.40004057016021116,0.8366721491002945,0.5477040395322044,-0.47555018687189876,-0.8796885924951523,0.9694556700786149,-0.24526659730265726,-0.78907116196914,-0.6143017998904703,0.8984157723154882,-0.43914587559803503,-0.8482764512816665,-0.5295536443090374,-0.8745151926379088,0.48499812148654897,0.5074455037309183,-0.8616838519685015,0.964801495637445,0.26297922734647544,1,0,0,0,99,16
1701572940,12,3,6,669,018.9,0.0,087,0,0,0,0,0,0,1,0.15856314310832614,-0.9873488388850257,0.9968321922181852,0.07953351845283306,-0.6784049239013403,-0.7346882054493705,0.9313131067072369,-0.36421957288882034,-0.82589938033904,-0.5638175356935875,0.8842560533277641,-0.4670023898795447,-0.8564468430321711,-0.5162352226071247,-0.8706994954078947,0.49181540103624005,0.5040756882471917,-0.8636594818087276,0.9653132864020695,0.26109434903045325,1,0,0,0,99,17
1701573000,12,3,6,670,019.1,0.0,088,0,0,0,0,0,0,1,-0.7451533679583873,-0.6668931385314084,0.9129329489429682,-0.40810958177221934,-0.839079728563448,-0.5440084641932424,0.8786377137914245,-0.477489023856443,-0.8595024793031265,-0.5111315760856283,0.8692328733100321,-0.49440288425249485,-0.8644081455691214,-0.5027907694794651,-0.8668306551684317,0.49860266270876197,0.5006981811886468,-0.8656219332678563,0.9658213947899105,0.2592084747188484,1,0,0,0,99,19
1701573060,12,3,6,671,019.1,0.0,087,0,0,0,0,0,0,1,-0.9637793089749802,0.2667010378527043,0.6055158801168206,-0.7958332230601788,-0.9475846197201016,-0.31950491149575566,0.8122514732198877,-0.5833074183071241,-0.8897492394790579,-0.45644965861137193,0.8533609021426315,-0.5213206025991243,-0.8721584152546842,-0.48922356719646887,-0.8629089080535873,0.5053594922446452,0.49731303409188604,-0.8675711764012926,0.9663258188626889,0.2573216116056981,1,0,0,0,99,20
1701573120,12,3,6,672,019.0,0.0,086,0,0,0,0,0,0,1,-0.2963109980159809,0.9550915099898928,0.14984740573347818,-0.9887091356890289,-0.9971732887740798,-0.07513609089835323,0.7331903200732922,-0.6800234955873388,-0.9165215479156338,-0.39998531498835127,0.836655638536056,-0.5477292602242684,-0.8796957599716702,-0.47553692799599256,-0.858934493426592,0.5120854772418407,0.4939202986100892,-0.8695071814659844,0.9668265566961802,0.2554337668888117,1,0,0,0,99,19
1701573180,12,3,6,673,019.1,0.0,086,0,0,0,0,0,0,1,0.6435842780107317,0.7653752524725406,-0.3425089396843968,-0.9395145694646093,-0.9847625524624222,0.1739043279153665,0.6426879772038036,-0.766128033658659,-0.9397148593213419,-0.3419590372700662,0.8191333948967244,-0.5736030695219185,-0.8870183395854673,-0.46173419327470294,-0.8549076538652297,0.5187802071808914,0.4905200265122254,-0.8714299189208766,0.9673236063802219,0.25354494776974296,1,0,0,0,99,16
1701573240,12,3,6,674,019.1,0.0,086,0,0,0,0,0,0,1,0.9917711368753414,-0.12802348245924622,-0.7510071512506543,-0.660294069919136,-0.9111240502585628,0.41213221791123295,0.542156703402608,-0.8402774000028898,-0.9592386043114846,-0.28259741682923273,0.8008112813981934,-0.598916765156381,-0.8941243663932834,-0.4478187327723233,-0.8508286351470322,0.5254432734499875,0.48711226968226357,-0.8733393594273613,0.9678169660187202,0.25165516145376265,1,0,0,0,99,16
1701573300,12,3,6,675,019.2,0.0,085,0,0,0,0,0,0,1,0.428128186283695,-0.9037180180285407,-0.9756326199006828,-0.21941055349670321,-0.7808362675672484,0.6247357227273372,0.43316525557381835,-0.9013145185581272,-0.9750165430796872,-0.22213225952332183,0.7817071892733627,-0.6236456287334492,-0.9010121055605882,-0.43379394374895947,-0.8466976862342779,0.5320742693699069,0.48369708011838003,-0.8752354738497254,0.9683066337296583,0.24976441514983128,1,0,0,0,99,18
1701573360,12,3,6,676,019.2,0.0,085,0,0,0,0,0,0,1,-0.5291338443628917,-0.848538375531565,-0.9613891968218607,0.2751923186322931,-0.6019998676776046,0.7984961861625556,0.31741440880766936,-0.9482869255037094,-0.9869870631127111,-0.16079968049764676,0.7618397733439909,-0.6477655129374955,-0.907679875544648,-0.4196632501557079,-0.8425150592587969,0.538672790218836,0.4802745099321658,-0.8771182332555959,0.9687926076451028,0.24787271607057126,1,0,0,0,99,19
1701573420,12,3,6,677,019.2,0.0,084,0,0,0,0,0,0,1,-0.9999126587279824,-0.01321646380607935,-0.7117641687406298,0.7024185134924622,-0.38573403175474275,0.9226100241956138,0.19671041635407388,-0.9804616321395789,-0.9951034197859987,-0.09883918216077345,0.7412284338045774,-0.6712528651109158,-0.9141260485050504,-0.4054301017987467,-0.8382810095065815,0.5452384332570721,0.47684461134783096,-0.8789876089163806,0.9692748859112106,0.2459800714322396,1,0,0,0,99,19
1701573480,12,3,6,678,019.3,0.0,084,0,0,0,0,0,0,1,-0.5513763859920506,0.83425660379187,-0.2878744485084861,0.9576681585475916,-0.1454851220097925,0.989360439513222,0.07293682364477497,-0.997336562929792,-0.9993339189004324,-0.03649271893274041,0.7198932972784023,-0.6940847502528994,-0.9203490507011184,-0.3910979734971153,-0.8339957954022056,0.5517707977516048,0.473407436701408,-0.8808435723077068,0.9697534666882369,0.24408648845470035,1,0,0,0,99,20
1701573540,12,3,6,679,019.3,0.0,084,0,0,0,0,0,0,1,0.40409279322248953,0.9147179972350201,0.20649697669091896,0.9784472385455999,0.10380934797598938,0.9945972145913138,-0.051974923803148484,-0.9986483902233343,-0.999662040447504,0.025996247581773553,0.6978551971642206,-0.7162388734150686,-0.9263473628761159,-0.3766703642343869,-0.8296596784930514,0.5582694850005744,0.4699630384399531,-0.8826860951098568,0.9702283481505415,0.24219197436139703,1,0,0,0,99,24
1701573660,12,3,6,681,019.2,0.0,083,0,0,0,0,0,0,1,0.6635887835859072,-0.7480975379581034,0.9349057540624358,0.3548960848205405,0.5679365788446187,0.8230723190645342,-0.29742871493474354,-0.9547440282778767,-0.9886212693134506,0.15042601457547708,0.6517568509131771,-0.7584279842461896,-0.9376641147677002,-0.34754281445155094,-0.8208357979680074,0.5711642432560222,0.46305278141048767,-0.8863307066936196,0.9711670058989905,0.23840018173900415,1,0,0,0,99,24
1701573720,12,3,6,682,019.3,0.0,083,0,0,0,0,0,0,1,-0.27096382207826836,-0.9625895320045489,0.9906032333897737,-0.13676707936387883,0.7539121564757657,0.6569752356961871,-0.4141405343019522,-0.9102129519228418,-0.9772954906073296,0.2118809194773779,0.6277416190291282,-0.7784217749643756,-0.9429797916616176,-0.3328499850049752,-0.8163485729163049,0.5775595272329186,0.45958702808449753,-0.8881327398629437,0.9716307786044408,0.23650291767445097,1,0,0,0,99,25
1701573780,12,3,6,683,019.3,0.0,083,0,0,0,0,0,0,1,-0.9563935393373727,-0.29208114953507913,0.803766492687733,-0.594944892601374,0.8930131277314388,0.45003061418009443,-0.5243898291442662,-0.8514783068816535,-0.962153393924704,0.2725084339230132,0.6031134081070436,-0.7976554500293386,-0.9480652535636296,-0.3180758950082994,-0.8118115221553275,0.5839195599531243,0.45611426202590716,-0.8899212212193629,0.972090844833795,0.23460475142315124,1,0,0,0,99,26
1701573840,12,3,6,684,019.3,0.0,083,0,0,0,0,0,0,1,-0.7625194471644794,0.6469652948157085,0.42013968223930687,-0.907459446701534,0.9765908679435658,0.21510526876214117,-0.6264561960895026,-0.7794566276458689,-0.943254108829076,0.33207180876591375,0.5778962671769416,-0.8161102280837784,-0.9529192589311485,-0.3032241513437061,-0.8072249226032686,0.5902439532330229,0.45263453622485383,-0.8916961234728519,0.9725472028320404,0.23270569022603224,1,0,0,0,99,25
1701573900,12,3,6,685,019.4,0.0,083,0,0,0,0,0,0,1,0.13241150819283803,0.9911948307462555,-0.06635197530497698,-0.9977962794945308,0.9994489180279628,-0.033194280422003807,-0.718746923618461,-0.6952717884316881,-0.9206714366242954,0.39033845030198594,0.5521148203489986,-0.8337680883501076,-0.95754062272838,-0.288298379851407,-0.8025890542025249,0.5965323210642458,0.4491479037776722,-0.8934574195405861,0.9729998508583098,0.23080574132743523,1,0,0,0,99,25
1701573960,12,3,6,686,019.4,0.0,083,0,0,0,0,0,0,1,0.9056039335646163,0.42412441041785603,-0.5365983551885637,-0.8438377837054513,0.9601660751415484,-0.2794299700233931,-0.799821845795485,-0.6002374654987004,-0.8944935621620483,0.44708082854294906,0.5257942427685239,-0.8506117882274349,-0.9619282167156328,-0.2733022244444464,-0.7979041999026094,0.6027842796372321,0.4456544178860835,-0.8952050825473546,0.9734487871858886,0.22890491197508778,1,0,0,0,99,25
1701574020,12,3,6,687,019.4,0.0,083,0,0,0,0,0,0,1,0.8461882788236016,-0.5328840368987897,-0.8754667432001029,-0.4832783685937176,0.8611847561916425,-0.5082920574857935,-0.8684158155762116,-0.49583663767122255,-0.864822709481898,0.5020773657160704,0.49896023603285744,-0.866624880128672,-0.9660809697247618,-0.25823934621909184,-0.7931706456428818,0.6089994473646541,0.4421541318563844,-0.8969390858259702,0.9738940101022211,0.2270032094200761,1,0,0,0,99,24
1701574080,12,3,6,688,019.5,0.0,083,0,0,0,0,0,0,1,0.008791022929352243,-0.9999613582113339,-0.9999903395061709,-0.004395553927897717,0.7086591401823227,-0.7055510066862999,-0.9234584470040598,-0.38369844494974187,-0.8317747426285983,0.5551133015206257,0.47163900309419615,-0.8817917275413242,-0.9699978679206785,-0.24311342256103,-0.7883886803350966,0.6151774449047079,0.4386470990986331,-0.898659402917676,0.9743355179089173,0.22510064091681745,1,0,0,0,99,23
1701574140,12,3,6,689,019.6,0.0,083,0,0,0,0,0,0,1,-0.8366886589042642,-0.5476788183424514,-0.8796814248187952,0.47556344563977404,0.5120725311712326,-0.8589422115718187,-0.9640908182250827,-0.2655727663260874,-0.7954787132054784,0.6059815317622776,0.4438572226728559,-0.8960975202962782,-0.9736779550488648,-0.22792814624758584,-0.7835585958457688,0.6213178951842664,0.4351333731258346,-0.90036600757255,0.974773308921759,0.22319721372303236,1,0,0,0,99,22
1701574260,12,3,6,691,019.6,0.0,082,0,0,0,0,0,0,1,-0.1498176016678404,0.9887136522929661,-0.07512106131782845,0.9971744211252528,0.03758709136623356,-0.9992933556081649,-0.9998233232947121,-0.01879686665158652,-0.7137215376642303,0.7004295586811045,0.38702095635694944,-0.9220709188237921,-0.980324160373443,-0.19739437830927187,-0.773755251455288,0.6334846571507191,0.4280860560969494,-0.9037379756186854,0.9756377338999054,0.21938781231111568,1,0,0,0,99,24
1701574320,12,3,6,692,019.6,0.0,082,0,0,0,0,0,0,1,0.7510270550472058,0.6602714309941945,0.412145950487085,0.911117838425468,-0.2108105329134813,-0.9775269404025313,-0.9943658633527529,0.10600249902117563,-0.6685796515669709,0.7436405378343678,0.3580219701119138,-0.9337131620134654,-0.983288655994125,-0.18205334106592852,-0.7687825898997481,0.6395102262411726,0.4245525725742499,-0.9054032875578629,0.9760643645676915,0.2174818526246926,1,0,0,0,99,25
1701574380,12,3,6,693,019.6,0.0,082,0,0,0,0,0,0,1,0.9613809008905675,-0.2752212989629269,0.798505259520226,0.601987832533629,-0.44610097930085907,-0.8949826346174625,-0.9733916566874463,0.22914773115016593,-0.6208269762380796,0.783947616601443,0.3286733814887943,-0.9444436501457996,-0.986013095791785,-0.16666785811037535,-0.7637630058173724,0.6454967629235737,0.42101261090163694,-0.9070547841568264,0.9764872718465987,0.21557506331110474,1,0,0,0,99,27
1701574440,12,3,6,694,019.6,0.0,082,0,0,0,0,0,0,1,0.2878455800903205,-0.9576768359015827,0.9893626321783087,0.14547021017792156,-0.6536550274502899,-0.7567926433898262,-0.9372279987787994,0.34871718957500053,-0.570649984852799,0.8211933967023238,0.29900384888632797,-0.9542519050812327,-0.9884968146335203,-0.1512416855876172,-0.7586968055777015,0.6514439018105791,0.4174662250945703,-0.9086924402157693,0.9769064541233642,0.21366745164417375,1,0,0,0,99,26
1701574500,12,3,6,695,019.6,0.0,082,0,0,0,0,0,0,1,-0.6503336395770626,-0.7596487064653314,0.9379895272510593,-0.34666359308028627,-0.8205679719195377,-0.5715489510618114,-0.8864392114132281,0.46284503288800055,-0.5182446174886911,0.8552324341627837,0.26904234409960104,-0.9631283492252691,-0.9907392061549974,-0.13577858957643307,-0.7535842983954858,0.6573512799194837,0.41391346926653416,-0.9103162307460754,0.977321909798935,0.21175902490085832,1,0,0,0,99,26
1701574560,12,3,6,696,019.6,0.0,082,0,0,0,0,0,0,1,-0.9905991101845337,0.1367969403956463,0.6569638725243397,-0.7539220584369601,-0.9364619742512132,-0.3507691132091307,-0.8218178366308225,0.5697503342653119,-0.4638155159838274,0.8859318072699817,0.23881812402958275,-0.9710643148808378,-0.9927397229084867,-0.1202823451699422,-0.7484257963118128,0.6632185366943757,0.41035439762821135,-0.9119261309706986,0.9777336372884741,0.20984979036122642,1,0,0,0,99,26
1701574620,12,3,6,697,019.7,0.0,082,0,0,0,0,0,0,1,-0.42011232727019937,0.9074721111282797,0.21509054938760125,-0.9765941099372553,-0.9941313067038114,-0.10818015081969684,-0.7443722693718838,0.6677648722343453,-0.40757522481479086,0.9131716356289067,0.20836070211425825,-0.9780520527121516,-0.9944978764965141,-0.10475673555396908,-0.7432216141750619,0.6690453140281423,0.40678906448665614,-0.9135221163245426,0.9781416350213661,0.2079397553084275,1,0,0,0,99,28
1701574680,12,3,6,698,019.7,0.0,082,0,0,0,0,0,0,1,0.5366237918890951,0.8438216079116303,-0.27944444178438205,-0.9601618634146094,-0.9899903695023021,0.14113492938566014,-0.6553110218111473,0.755359162711905,-0.3497433611150432,0.9368455482927549,0.17769981950925717,-0.9840847393118021,-0.9960132376910966,-0.08920555108343296,-0.7379720696216873,0.6748312562843274,0.4032175242444657,-0.9151041624548343,0.9785459014412237,0.20602892702866477,1,0,0,0,99,30
1701574740,12,3,6,699,019.8,0.0,082,0,0,0,0,0,0,1,0.999990471552965,0.0043654098637504885,-0.7055616876419274,-0.7086485059123989,-0.9242966260655718,0.3816749232577385,-0.5560238649294927,0.8311663260917572,-0.29054575707471864,0.9568610991392004,0.1468654160461197,-0.989156483863701,-0.9972854365385321,-0.07363258835698702,-0.7326774830568314,0.6805760103188376,0.39963983139895004,-0.9166722452214962,0.9789464350058935,0.2041173128111673,1,0,0,0,99,30
1701574800,12,3,6,700,019.7,0.0,082,0,0,0,0,0,0,1,0.5439705233633756,-0.8391043258807425,-0.9589328250406132,-0.28363327918216646,-0.8011345951780408,0.5984842190140996,-0.44806014160260915,0.8940034169437217,-0.23021357807075407,0.9731401278705245,0.11588760099655933,-0.9932623338953623,-0.9983141624497176,-0.058041649290133286,-0.7273381776347689,0.6862792255014961,0.3960560405413001,-0.9182263406975145,0.9793432341874616,0.2022049199481623,1,0,0,0,99,32
1701574860,12,3,6,701,019.7,0.0,082,0,0,0,0,0,0,1,-0.41217341535790386,-0.9111054141383427,-0.9775237629179003,0.21082526634829296,-0.6281618953946932,0.7780826647433718,-0.3331045896236106,0.9428898834814625,-0.16898241997103944,0.985619065227906,0.08479662367127003,-0.9963982801139075,-0.999099164275976,-0.042436540187039476,-0.7219544792391829,0.6919405537374438,0.3924662063557551,-0.9197664251693045,0.9797362974722598,0.2002917557348473,1,0,0,0,99,32
1701574920,12,3,6,702,019.7,0.0,082,0,0,0,0,0,0,1,-0.9893670168342196,-0.14544038641504342,-0.7567827912998033,0.6536664338884767,-0.41613313140840114,0.9093036989610448,-0.2129510519332497,0.9770628687451604,-0.10709138913759518,0.994249181228016,0.053622843881987556,-0.9985612603210722,-0.9996402503703701,-0.026821070811284417,-0.7165267164632748,0.6975596494883844,0.38887038361876797,-0.9212924751370719,0.980125623360871,0.19837782746936225,1,0,0,0,99,32
1701574980,12,3,6,703,019.6,0.0,082,0,0,0,0,0,0,1,-0.6569411457329191,0.7539418618455402,-0.3507549986489571,0.9364672609988937,-0.17823122481920262,0.9839886333182142,-0.08947448430079347,0.9959891147292259,-0.04478216872134558,0.9989967754525602,0.022396702295648618,-0.9997491624033901,-0.9999372886344898,-0.011199053455758941,-0.7110552205897088,0.7031361697936755,0.3852686271981697,-0.9228044673151717,0.9805112103681354,0.19646314245276175,1,0,0,0,99,31
1701575040,12,3,6,704,019.6,0.0,083,0,0,0,0,0,0,1,0.279473385115912,0.960153439306371,0.14114985067939137,0.9899882421792622,0.07075223608034517,0.9974939203271522,0.03539830273366068,0.9993732836951247,0.017701925105413577,0.9998433086476912,-0.008851309290403876,-0.9999608263946371,-0.9999902065507035,0.004425697988050785,-0.7055403255703919,0.70866977429126,0.3816609920523317,-0.9243023786324636,0.9808930570231557,0.19454770798898718,1,0,0,0,99,32
1701575100,12,3,6,705,019.5,0.0,083,0,0,0,0,0,0,1,0.9589413745467228,0.2836043726433742,0.5984962937882848,0.8011255746271536,0.3153366656233036,0.9489798666534379,0.15971871109322489,0.9871625668180084,0.0801168932934608,0.9967854751193981,-0.040090677723143425,-0.9991960456085177,-0.9997989911998606,0.02004936896117015,-0.6999823680060913,0.7141601252384405,0.3780475332293278,-0.9257861862326637,0.981271161869303,0.19263153138483885,1,0,0,0,99,33
1701575160,12,3,6,706,019.6,0.0,083,0,0,0,0,0,0,1,0.7567630866040035,-0.6536892463193665,0.9093099708898409,0.4161194261751267,0.5403149886061247,0.8414628411805024,0.2815467623854851,0.9595475082507646,0.14221900672771448,0.9898352156421706,-0.07129089828943605,-0.9974555668404911,-0.9993636892644466,0.03566814516840596,-0.6943816871258898,0.7196068875324937,0.3744283058660939,-0.9272558674746938,0.9816455234642222,0.19071461994994804,1,0,0,0,99,36
1701575220,12,3,6,707,019.5,0.0,083,0,0,0,0,0,0,1,-0.1411796931706552,-0.9899839868584944,0.9974928538236488,-0.07076727047691461,0.7316991425705358,0.6816277318020025,0.3989813706164722,0.9169590317462396,0.20376575798421134,0.9790196708305302,-0.10242150450337505,-0.9947410896385376,-0.9986844070171862,0.05127821350955192,-0.6887386247664814,0.7250097287311226,0.3708033651875866,-0.9287113999330262,0.9820161403798376,0.1887969809967493,1,0,0,0,99,37
1701575280,12,3,6,708,019.6,0.0,083,0,0,0,0,0,0,1,-0.9093225141277265,-0.41609201542499075,0.8414546973619527,-0.540327671221366,0.8775897877771157,0.47941231147032193,0.5101900080017631,0.8600617162362019,0.2645168083164075,0.9643810751555119,-0.13345209785628734,-0.9910552646435797,-0.9977613102950975,0.06687576301030233,-0.6830535253513071,0.7303683190727478,0.3671727665059408,-0.9301527613980265,0.9823830112023585,0.1868786218404523,1,0,0,0,99,37
1701575340,12,3,6,709,019.5,0.0,083,0,0,0,0,0,0,1,-0.8414384091513941,0.5403530360836063,0.4793990842275326,-0.8775970134644963,0.9689161505167762,0.24738935560721262,0.6134373009496519,0.7897434252993856,0.3242349261728403,0.9459765920199573,-0.1643523775003615,-0.9864016910011756,-0.9965946244590063,0.08245698575264687,-0.6773267358695333,0.7356823314966341,0.3635365652196254,-0.931579929876292,0.982746134532284,0.18495954979901422,1,0,0,0,99,38
1701575400,12,3,6,710,019.5,0.0,083,0,0,0,0,0,0,1,6.0288706691585265e-05,0.999999998182636,-3.014435335948845e-05,-0.999999999545659,0.9999999998864147,-1.50721766814562e-05,0.7071121099856378,0.7071014523472988,0.3826869135812598,0.9238780905366516,-0.1950921698369112,-0.9807849128470145,-0.9951846343385268,0.09801807780451909,-0.6715586058548728,0.7409514416628525,0.3598948168125984,-0.9329928835909876,0.983105508984409,0.18303977219311154,1,0,0,0,99,38
1701575460,12,3,6,711,019.5,0.0,083,0,0,0,0,0,0,1,0.8415035574058807,0.5402515736888212,-0.4794519925452281,-0.8775681095188057,0.968908692684405,-0.24741856284563038,0.7897526710450653,0.6134253977275352,0.43964451678172034,0.8981718648809746,-0.2256414579803825,-0.9742104148696458,-0.9935316841625248,0.11355524014847192,-0.6657494873642518,0.7461753279720765,0.3562475768534598,-0.9343916009821783,0.9834611331878292,0.18111929634611235,1,0,0,0,99,38
1701575520,12,3,6,712,019.5,0.0,083,0,0,0,0,0,0,1,0.9092723362185879,-0.4162016561567134,-0.8414872714892108,-0.5402769400239504,0.8775753358042688,-0.4794387656291727,0.8600694058124533,0.5101770449416689,0.4948853175526281,0.8689582973139933,-0.25597041106933305,-0.9666846169547733,-0.9916361774750792,0.12906467960915324,-0.6598997349563215,0.7513536715852107,0.3525949009946041,-0.9357760607071574,0.9838130057859464,0.17919812958404827,1,0,0,0,99,38
1701575580,12,3,6,713,019.6,0.0,083,0,0,0,0,0,0,1,0.14106032243614638,-0.9900010027440429,-0.9974971184780542,-0.07070713279421359,0.7316785950108878,-0.6816497880898176,0.9169650451597972,0.39896755000261763,0.5481936017491368,0.8363514661918808,-0.28604941339576206,-0.958214867916346,-0.9894985770369622,0.14454260977935537,-0.6540097056698183,0.756486156442851,0.34893684497137084,-0.9371462416407726,0.9841611254364736,0.17727627923558656,1,0,0,0,99,38
1701575640,12,3,6,714,019.6,0.0,082,0,0,0,0,0,0,1,-0.7568419012610816,-0.6535979930320404,-0.9092848819352602,0.4161742465410129,0.540289623007414,-0.8414791282441333,0.9595517516643209,0.281532299883927,0.5993612016622668,0.8004787004923762,-0.3158490933243467,-0.9488094383205661,-0.9871194047126635,0.15998525194441188,-0.6480797590017714,0.7615724692845757,0.3452734646011943,-0.9385021228757492,0.9845054908114401,0.17535375263200217,1,0,0,0,99,40
1701575760,12,3,6,716,019.6,0.0,082,0,0,0,0,0,0,1,-0.2793576102663403,0.9601871305044031,-0.14109016531210986,0.9899967501220404,0.07072216723899125,-0.9974960526543551,0.9993738171110836,0.03538323999893738,0.6944842546815092,0.7195079012766077,-0.374494391629162,-0.9272291791344273,-0.9816387266032314,0.19074960139614014,-0.6361015636688295,0.7716053399880473,0.33793095449511035,-0.9411709037119792,0.9851829534944205,0.17150669999743565,1,0,0,0,99,41
1701575820,12,3,6,717,019.6,0.0,082,0,0,0,0,0,0,1,0.6570320493166915,0.7538626441008393,0.35081145641153216,0.9364461127317576,-0.17826088643928933,-0.983983260206127,0.9959877660408604,-0.0894894960145405,0.7380682543012335,0.6747260569984901,-0.4032827438668247,-0.9150754223009407,-0.9785385588470545,0.20606379800811597,-0.6300540460912397,0.7765512854950779,0.3342519367968734,-0.9424837625909207,0.9855160482181202,0.16958218864179003,1,0,0,0,99,39
1701575880,12,3,6,718,019.7,0.0,082,0,0,0,0,0,0,1,0.9893494728164958,-0.14555968067333058,0.7568221986283603,0.6536208072447929,-0.41616054159134735,-0.9092911544837531,0.9770596589983012,-0.2129657783732482,0.7787701131827185,0.6273094219070648,-0.43167729734891963,-0.9020281098466568,-0.9751994949359482,0.22132768709917786,-0.6239680732620949,0.781449834314135,0.3305678188253245,-0.9437822403272206,0.9858453834976407,0.16765703038163873,1,0,0,0,99,40
1701575940,12,3,6,719,019.7,0.0,082,0,0,0,0,0,0,1,0.41206355362767066,-0.9111551063193005,0.9775364715240298,0.2107663323217201,-0.6281853499080824,-0.7780637288557153,0.9428848627631359,-0.33311880098868984,0.8164308914380598,0.5774431569476385,-0.4596503252758348,-0.8880999822507707,-0.9716223500544774,0.2365375422097191,-0.6178440166378084,0.7863006874630465,0.3268786567955711,-0.945066317107706,0.9861709580766679,0.16573123256087538,1,0,0,0,99,42
1701576060,12,3,6,721,019.7,0.0,081,0,0,0,0,0,0,1,-0.9999899379137492,0.0044859860962648745,0.7055189628577446,-0.7086910420261656,-0.924308130989381,-0.3816470607602228,0.8311579455074176,-0.5560363923520552,0.8820533975763755,0.47114944956348237,-0.5142229820012509,-0.8576565307754271,-0.9637573685257683,0.26678031151546105,-0.6054831494288421,0.795858125395306,0.3194854258058527,-0.9475911896475467,0.9868108201797209,0.16187774762525764,1,0,0,0,99,42
1701576120,12,3,6,722,019.7,0.0,082,0,0,0,0,0,0,1,-0.536522042161478,0.8438863064861742,0.2793865543595699,-0.9601787090136331,-0.9899946234736917,-0.141105086702016,0.7553492856626053,-0.655322406643472,0.9097588709772145,0.4151370817913813,-0.5407693215265723,-0.8411709344097017,-0.9594714520009706,0.2818058423722779,-0.5992470932877865,0.8005641268419033,0.3157814696574965,-0.9488319468804535,0.9871251052628672,0.15995007521027702,1,0,0,0,99,43
1701576180,12,3,6,723,019.7,0.0,082,0,0,0,0,0,0,1,0.42022174485588953,0.9074214484737904,-0.21514942659255415,-0.9765811406313841,-0.994128045231444,0.10821011821594118,0.6677536528481364,-0.7443823339574701,0.9339117554559077,0.3575036125989008,-0.5667876089864259,-0.8238639489014253,-0.9549512942819192,0.2967625743743428,-0.59297446219279,0.805221265980458,0.31207269507243185,-0.9500582261052366,0.9874356247637708,0.15802179263437582,1,0,0,0,99,45
1701576240,12,3,6,724,019.7,0.0,082,0,0,0,0,0,0,1,0.9906155976046185,0.13667749552301828,-0.6570093243162466,-0.7538824495645917,-0.936451400117644,0.3507973420904214,0.5697379476169631,-0.8218264239151785,0.9544177345154423,0.29847409944986975,-0.5922524379646446,-0.8057524742282427,-0.9501979989002931,0.31164685605004694,-0.5866656389929246,0.8098292585632008,0.3083591586419959,-0.9512700086103841,0.987742377497894,0.15609290725336597,1,0,0,0,99,46
1701576300,12,3,6,725,019.6,0.0,082,0,0,0,0,0,0,1,0.6502420383735517,-0.7597271164910521,-0.9380104254460747,-0.34660704227478406,-0.820550742573177,0.5715736862930343,0.4628316722670164,-0.8864461873946535,0.9711967327464229,0.23827905132989188,-0.6171389424878762,-0.7868541959378154,-0.9452127263049878,0.32645505361548977,-0.5803210087462414,0.8143878233420149,0.3046409170301858,-0.9524672759055859,0.9880453622950683,0.15416342642535893,1,0,0,0,99,44
1701576360,12,3,6,726,019.6,0.0,083,0,0,0,0,0,0,1,-0.28796105219335977,-0.9576421212643548,-0.9893538601694428,0.14552985730709223,-0.6536322141284454,0.756812347054107,0.348703063469403,-0.9372332545994372,0.9841832285198314,0.17715352861368974,-0.6414228213067844,-0.7671875678781851,-0.9399966935788086,0.3411835518616152,-0.573940958696269,0.8188966820856021,0.3009180269727937,-0.9536500097220159,0.988344577999499,0.1522333575107376,1,0,0,0,99,45
1701576420,12,3,6,727,019.5,0.0,083,0,0,0,0,0,0,1,-0.9614140793741277,-0.275105376140123,-0.7984689650011837,0.6020359722889809,-0.4460740004253886,0.8949960816363893,0.22913305999310826,-0.9733951103319733,0.9933265098475862,0.11533622515937178,-0.665080361625807,-0.7467717941779041,-0.9345511741413373,0.3558287550368126,-0.5675258782483789,0.823355559596464,0.29719054527654143,-0.9548181920126113,0.9886400234697691,0.15030270787212824,1,0,0,0,99,49
1701576480,12,3,6,728,019.4,0.0,083,0,0,0,0,0,0,1,-0.750947435766512,0.660361983093894,-0.41209101962194344,0.9111426845159583,-0.21078106590019152,0.9775332947055968,0.10598751175115685,-0.9943674609282015,0.9985908724117705,0.05306853621402457,-0.688088462258297,-0.7256268104935293,-0.9288774974380447,0.37038708772476847,-0.5610761589460167,0.8277641837276992,0.2934585288182137,-0.9559718049523478,0.9889316975788438,0.1483714848743724,1,0,0,0,99,49
1701576540,12,3,6,729,019.4,0.0,084,0,0,0,0,0,0,1,0.14993681711330134,0.9886955804866999,0.0751811795375017,0.9971698903613917,0.03761721440117745,0.9992922221155811,-0.01881193616323041,-0.9998230398714517,0.9999557589892294,-0.009406384229561218,-0.7104246561844406,-0.7037732645427925,-0.922977048615726,0.38485499571735293,-0.5545921944468057,0.8321222853996139,0.28972203454379003,-0.957110830938511,0.9892195992140752,0.14643969588449884,1,0,0,0,99,48
1701576600,12,3,6,730,019.3,0.0,084,0,0,0,0,0,0,1,0.9129698518082046,0.4080270207833117,0.5440464039108651,0.8390551295306261,0.2836766385070983,0.9589199991476417,-0.1433178301056054,-0.9896767146769802,0.997415839727087,-0.07184457294402906,-0.7320671324899203,-0.6812324959424539,-0.9168512681843369,0.39922894688232846,-0.5480743804985193,0.8364295986161443,0.2859811194675758,-0.9582352525909659,0.9895037272772058,0.14450734827169542,1,0,0,0,99,47
1701576660,12,3,6,731,019.3,0.0,085,0,0,0,0,0,0,1,0.8366226151268321,-0.5477797001152385,0.8797100943251812,0.4755104099200992,0.5120984231961181,0.8589267750862407,-0.2655872972430715,-0.9640868153559203,0.990981032955707,-0.13400221013863856,-0.7529947576639026,-0.6580265153705288,-0.9105016516653137,0.41350543202566953,-0.541523114914927,0.8406858604810924,0.2822358406713325,-0.9593450527524214,0.9897840806843736,0.1425744494072809,1,0,0,0,99,47
1701576720,12,3,6,732,019.2,0.0,085,0,0,0,0,0,0,1,-0.008911595619283405,-0.9999602909433546,0.9999900726865629,-0.004455842044182302,0.7086804082392084,0.705529644294206,-0.38371236343503057,-0.9234526637284138,0.9806764664578257,-0.19563657157033057,-0.7731870962355524,-0.6341779830732337,-0.9039297492264633,0.42768096574828196,-0.5349387975515134,0.8448908112141716,0.27848625530340665,-0.9604402144886925,0.9900606583661156,0.14064100666467697,1,0,0,0,99,48
1701576780,12,3,6,733,019.1,0.0,085,0,0,0,0,0,0,1,-0.8462525264509585,-0.5327820018313022,0.8754376053812465,-0.48333114847312386,0.8612000779357617,0.5082660973972571,-0.49584972653150816,-0.8684083421401643,0.9665423793450973,-0.25650697637670183,-0.7926244307289241,-0.609710186737641,-0.8971371653035117,0.44175208729691307,-0.5283218302810735,0.8490441941668623,0.27473242057785763,-0.9615207210889587,0.9903334592673719,0.13870702741938,1,0,0,0,99,48
1701576840,12,3,6,734,019.2,0.0,085,0,0,0,0,0,0,1,-0.9055527871571002,0.42423360271436256,0.5365474803247321,-0.8438701329927379,0.9601744979410612,0.27940102631098374,-0.6002495204866958,-0.7998127988195062,0.948633964925225,-0.31637572692962224,-0.8112877809167417,-0.5846470187516472,-0.8901255582084044,0.4557153614090449,-0.5216726169691845,0.8531457558380763,0.27097439377358495,-0.9625865560660185,0.99060248234749,0.13677251904893306,1,0,0,0,99,48
1701576900,12,3,6,735,019.2,0.0,086,0,0,0,0,0,0,1,-0.1322919915216454,0.9912107893779389,0.06629181933715889,-0.9978002779559492,0.9994499181939906,0.03316415266557249,-0.6952826214333375,-0.7187364442775852,0.9270211551732747,-0.3750090370393858,-0.8291589223542691,-0.5590129528734616,-0.8828966397244532,0.46956737915156455,-0.5149915634495557,0.8571952458896295,0.26721223223345386,-0.9636377031565415,0.9908677265802286,0.13483748893289754,1,0,0,0,99,48
1701576960,12,3,6,736,019.1,0.0,086,0,0,0,0,0,0,1,0.7625974510230334,0.6468733474901962,-0.42019439103217676,-0.9074341153742778,0.9765843832906294,-0.21513470736462095,-0.7794660696158047,-0.626444447910339,0.9017883476488092,-0.4321779448847783,-0.8462204041751706,-0.5328330203333975,-0.8754521746884285,0.4833047587530059,-0.5082790774992584,0.8611924171615208,0.26344599336342084,-0.9646741463213163,0.9911291909537616,0.13290194445282522,1,0,0,0,99,48
1701577020,12,3,6,737,019.2,0.0,086,0,0,0,0,0,0,1,0.9563583139954668,-0.2921964668707481,-0.8038023596851244,-0.5948964334778163,0.8929995614438498,-0.4500575332789041,-0.8514862104810929,-0.5243769954532216,0.8730340759252245,-0.48765920710408944,-0.8624555661319862,-0.5061327853912996,-0.8677939805597005,0.496924146429161,-0.5015355688138374,0.8651370256870182,0.2596757346316572,-0.9656958697454956,0.991386874470682,0.13096589299222994,1,0,0,0,99,48
1701577080,12,3,6,738,019.3,0.0,086,0,0,0,0,0,0,1,0.2708477535528008,-0.9626221971237736,-0.9906114770998198,-0.1367073569275377,0.7538923520395793,-0.6569979615921431,-0.910219193818759,-0.4141268153644828,0.8408706248182544,-0.5412361705556629,-0.8778485548645799,-0.47893832037347833,-0.8599239269765315,0.5104222172018581,-0.49476144898230595,0.8690288307075485,0.2559015135676726,-0.9667028578388368,0.9916407761480053,0.12902934193655957,1,0,0,0,99,46
1701577140,12,3,6,739,019.3,0.0,086,0,0,0,0,0,0,1,-0.663678982427899,-0.7480175187009116,-0.934884356137408,0.3549524484343561,0.5679117676037555,-0.8230894387714971,-0.9547485110675735,-0.29741432483028024,0.8054235919161669,-0.5926996183437778,-0.8923843393806778,-0.45127618021352633,-0.8518439352996318,0.5237956757107076,-0.4879571314620232,0.8728675946873924,0.25212338776143683,-0.9676950952359407,0.9918908950171739,0.12709229867316782,1,0,0,0,99,45
1701577260,12,3,6,741,019.3,0.0,085,0,0,0,0,0,0,1,-0.40398249595507346,0.9147667150492026,-0.20643798699706092,0.9784596862030654,0.10377936643893754,-0.994600343405095,-0.9986491734851372,-0.0519598719922648,0.7252447421361512,-0.6884911502727306,-0.9188283708812899,-0.394657351209419,-0.8350620788927668,0.5501557274038783,-0.4742595663748501,0.8803850655832022,0.24455565257911935,-0.9696352576054571,0.9923797805289709,0.12321676508199471,1,0,0,0,99,44
1701577320,12,3,6,742,019.4,0.0,085,0,0,0,0,0,0,1,0.5514769744870444,0.8341901141889754,0.28793218456003195,0.9576508012289697,-0.14551494557438124,-0.9893560535087885,-0.9973354634998167,0.07295185566937777,0.6808260219507706,-0.7324451705313435,-0.9307107957178061,-0.3657559496909493,-0.8263643112123579,0.5631358851596348,-0.46736715483673286,0.8840633136714912,0.24076615867736564,-0.9705831529733789,0.9926185453066497,0.12127828953819604,1,0,0,0,99,44
1701577380,12,3,6,743,019.4,0.0,085,0,0,0,0,0,0,1,0.9999110578521441,-0.01333703059178224,0.7118065153508298,0.7023756008747093,-0.38576184306207034,-0.9225983960734783,-0.9804586671740625,0.19672519402267946,0.633748690719484,-0.7735390080735035,-0.9416843972567198,-0.3364973936945846,-0.8174647985370944,0.5759785613655318,-0.4604462176163836,0.8876876030917441,0.2369729909802548,-0.9715162384365339,0.9928535235462816,0.11933935135458495,1,0,0,0,99,44
1701577440,12,3,6,744,019.3,0.0,085,0,0,0,0,0,0,1,0.5290315259540843,-0.8486021709533231,0.9614057860636483,0.27513435722086477,-0.6020239375552833,-0.7984780389030324,-0.9482821412699473,0.31742870151970165,0.5841965844132856,-0.8116121923430246,-0.9517384599623535,-0.3069102537037296,-0.808365713555359,0.5886806206663637,-0.45349717713213844,0.8912577126360152,0.23317620736685893,-0.9724344997571855,0.9930847143514961,0.1173999579276213,1,0,0,0,99,48
1701577560,12,3,6,746,019.2,0.0,085,0,0,0,0,0,0,1,-0.9917865664060436,-0.1279038963304499,0.7509673416102893,-0.6603393459690063,-0.9111364733038093,-0.412104752478659,-0.840269228425824,0.5421693681504614,0.4784509545656371,-0.8781142773439177,-0.9690496058881397,-0.24686607974373714,-0.78957776049726,0.6136505195370826,-0.4395164845958098,0.8982345238124292,0.22557202418248906,-0.9742264941512392,0.9935357301454335,0.11351983493813046,1,0,0,0,99,50
1701577680,12,3,6,748,019.3,0.0,085,0,0,0,0,0,0,1,0.2964261583255705,0.955055774633264,-0.14990701345623575,-0.9887000997858916,-0.997171023392149,0.07516615000819327,-0.6800124447360528,0.7332005694242856,0.365239257594056,-0.9309136827397816,-0.9825766338407864,-0.18585789902532845,-0.7700187981553854,0.6380211990892903,-0.4254284904133183,0.9049920439123458,0.21795407324440425,-0.9759590267814386,0.9939715858065156,0.10963797977562646,1,0,0,0,99,50
1701577740,12,3,6,749,019.4,0.0,085,0,0,0,0,0,0,1,0.963811460090061,0.2665848258979956,-0.6055638587721383,-0.7957967158445666,-0.9475749880206227,0.3195334756762063,-0.5832951758431548,0.8122602648400962,0.3063818982576352,-0.951908678613683,-0.9879040132051502,-0.15506663307481236,-0.7599561280346426,0.6499743713890525,-0.4183453290111816,0.9082880521588547,0.21414008013581365,-0.9768029617478785,0.9941838264998778,0.1076964211385911,1,0,0,0,99,52
1701577860,12,3,6,751,019.5,0.0,085,0,0,0,0,0,0,1,-0.15868219392454155,-0.9873297125739173,-0.996827395433612,0.07959361603194907,-0.6783827768922391,0.7347086551933184,-0.3642055359317603,0.9313185961832069,0.18531244401927394,-0.98267965181518,-0.9956604973120055,-0.09306005637441869,-0.7392766925767438,0.6734017907704067,-0.4041028391570599,0.9147135592004764,0.2065023496228598,-0.9784461045965885,0.9945969295640794,0.10381207878520571,1,0,0,0,99,57
1701577920,12,3,6,752,019.5,0.0,085,0,0,0,0,0,0,1,-0.9165456608473167,-0.39993005836265355,-0.8366391272115635,0.5477544804186207,-0.47552366901205834,0.879702927248347,-0.24525198546765434,0.9694593666699876,0.123573122745224,-0.9923354691509287,-0.9980820279793963,-0.061905293994420546,-0.72866497582717,0.6848703183835534,-0.39694437999324705,0.9178426658157577,0.20267872876086712,-0.9792452874065205,0.9947977903590559,0.10186930988644112,1,0,0,0,99,61
1701577980,12,3,6,753,019.6,0.0,085,0,0,0,0,0,0,1,-0.8317412740539448,0.5551634471352745,-0.47161242183848673,0.8818059443934574,-0.24309880255416996,0.9700015320589596,-0.12247135979697553,0.992472047983962,0.061351251071343295,-0.9981162377158188,-0.9995289484841894,-0.03069008214538658,-0.7178753659742708,0.6961716447308859,-0.3897616933904063,0.9209157520454534,0.19885201527083735,-0.9800295281381713,0.9949948563028281,0.0999261523872222,1,0,0,0,99,63
1701578040,12,3,6,754,019.5,0.0,085,0,0,0,0,0,0,1,0.01776220433321534,0.9998422396044413,0.00888145245887885,0.9999605591233189,0.0044407700166209495,0.9999901397322173,0.002220390481728404,0.9999975349300161,-0.0011101959250420757,-0.9999993837323141,-0.9999998459330667,0.0005550980480432917,-0.7069104971465471,0.7073030107556603,-0.3825552177427069,0.9239326303242191,0.1950222675437101,-0.9807988148249923,0.9951881266436493,0.09798261370010419,1,0,0,0,99,62
1701578100,12,3,6,755,019.5,0.0,085,0,0,0,0,0,0,1,0.8509351939710194,0.525270687990015,0.4872008374428276,0.8732899541360861,0.2517042370162984,0.967804203890458,0.1268774923095938,0.9919183948013208,-0.06356730763009857,-0.9979775535555198,-0.9994942605026603,0.03179973619764941,-0.6957730462594648,0.7182616988945079,-0.3753253928962788,0.9268931165173544,0.19118954401672386,-0.9815531357286151,0.9953776006442517,0.09603870123909643,1,0,0,0,99,64
1701578160,12,3,6,756,019.4,0.0,085,0,0,0,0,0,0,1,0.9017622905605737,-0.4322323117525429,0.8462364656975445,0.5328075113244262,0.48331795366796265,0.8754448901342752,0.24955471330524379,0.9683606998774462,-0.1257761903592125,-0.9920586423890088,-0.9980126858885634,0.06301332244450873,-0.6844657323619245,0.7290450337408892,-0.36807266012236683,0.9297970299320409,0.1873539031725241,-0.982292479339031,0.9955632775818498,0.09409442241963412,1,0,0,0,99,65
1701578220,12,3,6,757,019.3,0.0,085,0,0,0,0,0,0,1,0.12351329589860735,-0.992342917411246,0.9980838936209837,0.06187520742896127,0.6848813008730195,0.7286546532579619,0.3683377164655,0.9296920601086044,-0.18749391975660915,-0.9822657634542202,-0.9955565688232438,0.09416537725135425,-0.6729913159724447,0.7396503826982563,-0.3607974620903975,0.9326441933283712,0.1835154035382709,-0.9830168343747657,0.9957451567481425,0.09214978465855,1,0,0,0,99,66
1701578280,12,3,6,758,019.2,0.0,085,0,0,0,0,0,0,1,-0.7682932534017909,-0.6400980212258834,0.9055655749932976,-0.42420630521841407,0.8438620459584654,0.5365601992235288,0.48137293275405046,0.8765158866853267,-0.24847948940976328,-0.9686371577338252,-0.9921283076633347,0.12522548116532597,-0.6613525984052206,0.7500751566227634,-0.3535002428409609,0.9354344329301663,0.17967410368474607,-0.9837261897830529,0.9959232374493159,0.09020479537404606,1,0,0,0,99,69
1701578340,12,3,6,759,019.2,0.0,085,0,0,0,0,0,0,1,-0.9537345286904526,0.3006500437112895,0.5913332209037094,-0.8064273196362117,0.9503755362056127,0.31110503078846885,0.5868964854263191,0.8096619760086516,-0.30849475197428267,-0.9512260446415067,-0.9877312500476805,0.1561633045220503,-0.6495524210862237,0.7603168104553688,-0.3461814477587088,0.9381675784355823,0.17583006222545924,-0.9844205347400018,0.9960975190060464,0.08825946198566526,1,0,0,0,99,74
1701578460,12,3,6,761,019.2,0.0,085,0,0,0,0,0,0,1,0.670273918142016,0.7421137882148197,-0.35908648803956716,-0.9333042880579784,0.9831846947694971,-0.18261395338530634,0.768964873510262,0.6392910317745328,-0.42468162676613824,-0.905342761547949,-0.9760488618783255,0.21755141743051343,-0.6254792492838938,0.7802408017498551,-0.3314809181914887,0.9434619233837301,0.16813398915191097,-0.9857641511496881,0.9964346820413489,0.08436779258197977,1,0,0,0,99,74
1701578520,12,3,6,762,019.2,0.0,085,0,0,0,0,0,0,1,0.986617763744047,-0.16305026300100225,-0.7625779510977885,-0.6468963352033299,0.9074404485153088,-0.4201807139771352,0.842668592620235,0.5384325798198252,-0.48039953173383443,-0.8770497647852786,-0.9687749389784189,0.2479417625317701,-0.6132121319201985,0.7899182750550117,-0.32410008095107623,0.9460227996869345,0.1642820749702558,-0.9864134021004922,0.9965975622337464,0.08242147141221098,1,0,0,0,99,76
1701578580,12,3,6,763,019.3,0.0,085,0,0,0,0,0,0,1,0.39586978738073614,-0.9183066543585159,-0.9793637358914501,-0.20210559819248466,0.7752759502888261,-0.6316226728860813,0.9032227501801761,0.4291720675404672,-0.5342414868107552,-0.8453319074601606,-0.9605550237909749,0.27808999670955387,-0.6007953076091915,0.7994029011423319,-0.316699462312196,0.9485259356344274,0.1604276540462594,-0.9870476015964041,0.9967566407093569,0.08047483582958054,1,0,0,0,99,77
1701578640,12,3,6,764,019.4,0.0,085,0,0,0,0,0,0,1,-0.5588390458533631,-0.8292761426869235,-0.9563671216345017,0.29216763793503586,0.594908548461427,-0.8037933932096717,0.9496824188142243,0.31321446868745406,-0.5859972403145539,-0.8103130471266812,-0.9513971429236797,0.3079666807248138,-0.588231807740446,0.8086923644763854,-0.30927951397046544,0.9509711784476923,0.15657078519364281,-0.98766673996032,0.9969119168613444,0.07852789325991148,1,0,0,0,99,78
1701578700,12,3,6,765,019.4,0.0,084,0,0,0,0,0,0,1,-0.9997538375481824,0.022187030168153377,-0.6992184815320054,0.71490804659346,0.37755261448342536,-0.9259881334535178,0.9813226109321842,0.1923692628078641,-0.6354646871353813,-0.7721299316850319,-0.9413102388917886,0.33754264050262456,-0.5755246995122691,0.8177843971679285,-0.30184068880128756,0.9533583788817112,0.15271152726347947,-0.9882708077449498,0.9970633900973773,0.07658065113019796,1,0,0,0,99,83
1701578760,12,3,6,766,019.5,0.0,084,0,0,0,0,0,0,1,-0.521499561602246,0.8532515498073621,-0.27087677105340535,0.9626140321560251,0.13672228758321528,-0.9906094165098637,0.9976495919183909,0.06852219892172288,-0.6824506579520153,-0.7309316653838863,-0.930304161385911,0.3667889956201752,-0.5626770851828893,0.8266767795275779,-0.29438344083220963,0.9556873912340734,0.14884993914329722,-0.9888597957329627,0.9972110598396317,0.07463311686857685,1,0,0,0,99,82
1701578820,12,3,6,767,019.5,0.0,084,0,0,0,0,0,0,1,0.43621900626234744,0.8998405295248098,0.22378502013672655,0.9746385303087524,-0.11260876895528071,-0.9936394039863637,0.9984085846952548,-0.05639413096074909,-0.7267716735539261,-0.6868791265714991,-0.9183896576539555,0.39567718750801195,-0.5496921013130842,0.8353673406077149,-0.28690822521521153,0.9579580733538694,0.14498607975617966,-0.9894336949371265,0.9973549255247919,0.0726852979042994,1,0,0,0,99,73
1701578880,12,3,6,768,019.6,0.0,084,0,0,0,0,0,0,1,0.9928798314963556,0.11912027622436312,0.6636564336219596,0.7480375245348201,-0.3549383576518463,-0.9348897059372352,0.9835877454343449,-0.18043044929108396,-0.7682546613236668,-0.6401443394691997,-0.9055783620066239,0.424179007336997,-0.5365729180004349,0.8438539587324921,-0.27941549819892586,0.960170286650366,0.1411200080598672,-0.9899924966004454,0.9974949866040544,0.0707372016677029,1,0,0,0,99,72
1701578940,12,3,6,769,019.6,0.0,084,0,0,0,0,0,0,1,0.6366915185525545,-0.7711186096854635,0.9410416063292482,0.33829084403404747,-0.575199598385618,-0.8180130940376344,0.9534183483753694,-0.3016512108067574,-0.8067376310817407,-0.590909802420489,-0.8918827844567045,0.45226662356375086,-0.5233227381053919,0.8521345620158094,-0.27190571710079076,0.9623238961014657,0.1372517830458574,-0.9905361921962937,0.9976312425431287,0.06878883559018242,1,0,0,0,99,77
1701579060,12,3,6,771,019.7,0.0,083,0,0,0,0,0,0,1,-0.9661333288664309,-0.2580433894783372,0.7931088794983754,-0.6090798841374023,-0.8969615053438476,-0.4421086494644714,0.8491491769602298,-0.5281530793886979,-0.8741147176969102,-0.4857195284376067,-0.8618931280726186,0.5070899681330687,-0.4964423591248692,0.8680696884850515,-0.25683682710521527,0.9664547812714911,0.12950910919411976,-0.9915782322317012,0.9978923369361299,0.06489132364306802,1,0,0,0,99,71
1701579120,12,3,6,772,019.7,0.0,083,0,0,0,0,0,0,1,-0.7391400904300984,0.673551725347791,0.4040100708226276,-0.9147545368424774,-0.9784565746221131,-0.20645273449087873,0.7766764881502719,-0.629899700551255,-0.9027457284726566,-0.43017455727224563,-0.8456283336289784,0.5337721624100279,-0.482818722498399,0.8757203213383905,-0.2492786379351523,0.9684318048624773,0.12563477850006885,-0.9920765607710116,0.9980171743940611,0.06294219264129754,1,0,0,0,99,72
1701579180,12,3,6,773,019.7,0.0,083,0,0,0,0,0,0,1,0.16741513842849595,0.985886490132088,-0.08400449353431058,-0.9964653757487232,-0.99911595316778,0.04203941157578726,0.6920840225089049,-0.7218169475621181,-0.927851536497655,-0.3729497636665573,-0.828537797468093,0.5599331372286528,-0.4690772126054234,0.8831571596348673,-0.24170523408185923,0.9703497203675764,0.12175853077387154,-0.9925597514425961,0.9981382047198164,0.06099282153419321,1,0,0,0,99,74
1701579240,12,3,6,774,019.6,0.0,082,0,0,0,0,0,0,1,0.9200496610903988,0.39180176253743726,-0.5514518281149147,-0.8342067377267571,-0.9576551408849527,0.2879177506452518,0.5966918171697799,-0.8024704825242022,-0.9493341041288368,-0.3142686092149499,-0.8106382082084923,0.5855473468409921,-0.4552211842385018,0.8903783877770709,-0.2341170777868726,0.9722084107271113,0.117880425162299,-0.9930277968735597,0.9982554274517018,0.05904321775801332,1,0,0,0,99,73
1701579300,12,3,6,775,019.6,0.0,082,0,0,0,0,0,0,1,0.8267947683721899,-0.5625036986477305,-0.8838845226181219,-0.4677051963321925,-0.8566519702691965,0.5158947584865577,0.491988435592465,-0.8706017339996969,-0.9671095423993336,-0.25436024256976875,-0.7919470444953276,0.6105897794060392,-0.4412540201482366,0.8973822428057174,-0.2265146321921418,0.9740077624962025,0.11400052084047149,-0.9934806899221047,0.9983688421425482,0.057093388749903703,1,0,0,0,99,73
1701579360,12,3,6,776,019.6,0.0,083,0,0,0,0,0,0,1,-0.026611421427981424,-0.9996458534148893,-0.9999114594340064,0.013306888913466725,-0.7023863292684922,0.711795928940826,0.3796077390275217,-0.9251475365964139,-0.981108438603097,-0.1934586046207122,-0.7724825579327705,0.6350359814133715,-0.42717913021742326,0.904167014830051,-0.2188983613117615,0.9757476658516921,0.11011887701095537,-0.9939184236776407,0.9984784483597131,0.055143341947869365,1,0,0,0,99,74
1701579420,12,3,6,777,019.6,0.0,083,0,0,0,0,0,0,1,-0.8555511930921242,-0.5177182206554476,-0.8711251978491518,0.4910609836591339,-0.5044497082667736,0.8634410760611096,0.2613033906581489,-0.9652567213081475,-0.9912761273500305,-0.13180151496066433,-0.7522637552616317,0.6588620815615874,-0.4129999506285761,0.9107310474452892,-0.2112687300036505,0.9774280145988474,0.10623555290285971,-0.994340991460889,0.9985842456850822,0.05319308479074615,1,0,0,0,99,77
1701579480,12,3,6,778,019.5,0.0,083,0,0,0,0,0,0,1,-0.8979011434038442,0.4401971565947119,-0.5290571062774264,0.8485862232545117,-0.2751488476674837,0.9614016390808037,0.13892149027273704,-0.9903033977223353,-0.9975729040331677,-0.06962974320527361,-0.7313103797996011,0.6820448140682276,-0.3987199430250338,0.9170727381370105,-0.20362620394117933,0.9790487061778415,0.10235060777093262,-0.9947483868239851,0.9986862337150706,0.05124262471817234,1,0,0,0,99,79
1701579540,12,3,6,779,019.6,0.0,083,0,0,0,0,0,0,1,-0.11472492335334811,0.9933972981448904,-0.05745738357735032,0.9983479599180064,-0.028740564382016227,0.9995869046556198,0.014371766495114374,-0.9998967208306115,-0.9999741798743135,-0.007186068792756609,-0.7096428921622328,0.7045615413884168,-0.3843425936658486,0.923190538672385,-0.19597124958474776,0.9806096416700136,0.098464100894657,-0.9951406035505771,0.9987844120606251,0.04929196917056027,1,0,0,0,99,82
1701579660,12,3,6,781,019.7,0.0,083,0,0,0,0,0,0,1,0.9510360209453427,-0.3090800654595016,0.8090364841771667,0.58775842594577,0.45400527202568364,0.8909989971783835,-0.23345342450006654,-0.9723679851728931,-0.9930679697716801,0.11754151357521916,-0.6642508887554389,0.747509703473881,-0.3553099326828051,0.9347485500052624,-0.18062592559588117,0.9835518669610827,0.09068663914523838,-0.9958794773869684,0.9989693382148844,0.04539010141557074,1,0,0,0,99,82
1701579720,12,3,6,782,019.8,0.0,083,0,0,0,0,0,0,1,0.2537650480137331,-0.967265889198305,0.9917827103751873,0.12793379303705288,0.6603280271815468,0.7509772942762827,-0.3528616624994258,-0.9356755031196132,-0.9837874524305575,0.17933836299072597,-0.6405706975070254,0.7678992000877217,-0.34066170896673886,0.9401859390800635,-0.17293649256292973,0.9849329771817125,0.08679580294659275,-0.9962261232224621,0.9990560853181523,0.04343890409263279,1,0,0,0,99,87
1701579780,12,3,6,783,019.8,0.0,083,0,0,0,0,0,0,1,-0.6768163397642243,-0.7361519151833799,0.931705939442102,-0.36321349425415084,0.8255947838540862,0.5642634605154977,-0.46676361227311963,-0.8843821177849249,-0.9706652661409403,0.24043489993663053,-0.6162649998431557,0.7875388561641358,-0.32593031758020324,0.9453937952419975,-0.16523650437781978,0.986253972169947,0.08290364235078253,-0.9965575678730123,0.9991390213261147,0.041487541063478864,1,0,0,0,99,88
1701579900,12,3,6,785,019.8,0.0,082,0,0,0,0,0,0,1,-0.38772606351274697,0.9217746469028693,0.19776925076605154,-0.980248602881654,0.9950498989703115,0.09937654934225174,-0.6710526993678471,-0.7414096537482675,-0.9331156556794735,0.35957638010006476,-0.5658726092946783,0.8244926864745572,-0.2962324370536107,0.9551158794812693,-0.1498067430370387,0.9887152976163738,0.07511558554529872,-0.9971748336215606,0.9992934588051601,0.03758434766255414,1,0,0,0,99,95
1701579960,12,3,6,786,019.8,0.0,082,0,0,0,0,0,0,1,0.5661573337391945,0.8242971997121707,-0.2963973686521434,-0.9550647097742044,0.9887023590985824,-0.14989211157661958,-0.7582519738110213,-0.6519616125292119,-0.9088348619329069,0.4171560783872076,-0.5398351237242685,0.8417707759203831,-0.281273198225157,0.9596277340511744,-0.14207791163447184,0.9898554778479468,0.07121980817179005,-0.9974606453008427,0.9993649596871111,0.035632532180279806,1,0,0,0,99,96
1701580020,12,3,6,787,019.8,0.0,083,0,0,0,0,0,0,1,0.9995182893196364,-0.031035291452596547,-0.717995575004678,-0.6960476666678093,0.9208820952401586,-0.38984120698830105,-0.8336189798068123,-0.552339928400844,-0.8810050874997386,0.4731067911154711,-0.5132704983166911,0.8582268904886025,-0.26624529057938057,0.9639053092728047,-0.13434040852847542,0.9909352424030555,0.06732294407163325,-0.9977312369578932,0.999432648295495,0.03368058077072561,1,0,0,0,99,96
1701580080,12,3,6,788,019.8,0.0,082,0,0,0,0,0,0,1,0.5139267392143615,-0.8578340787824261,-0.9638034236249698,-0.26661387925010005,0.7958058429196471,-0.6055518643146514,-0.8959776404338033,-0.44409916442465225,-0.8497350070535673,0.5272100319490078,-0.486204672977848,0.873844961062604,-0.2511523829644027,0.9679475608375188,-0.1265947059763584,0.9919545253784365,0.06342505270618003,-0.9979866044638166,0.9994965243721002,0.03172850087999289,1,0,0,0,99,98
1701580140,12,3,6,789,019.8,0.0,082,0,0,0,0,0,0,1,-0.4441666848300092,-0.895944170184236,-0.9736385803223484,0.22809628429214274,0.6212502377093538,-0.7836122396607084,-0.9443548696493042,-0.32892838152042436,-0.8151467295893495,0.5792545288901829,-0.4586640770268678,0.8886097368615153,-0.23599816009715488,0.9717535018875711,-0.11884127673588184,0.9929132645623109,0.059526193552456905,-0.9982267439220187,0.999556587673259,0.029776299954673093,1,0,0,0,99,99
1701580260,12,3,6,791,019.7,0.0,082,0,0,0,0,0,0,1,-0.6298411677363565,0.7767239557426453,-0.3341227650560155,0.9425295633938082,0.16951465512779687,-0.9855276666318933,-0.9963753476054827,-0.08506566101579052,-0.7365682795966001,0.676363193478256,-0.4022665823317567,0.9155225812284086,-0.20552058141654744,0.9786527936986663,-0.10331313154999636,0.9946488811883987,0.05172580986123544,-0.9986613242707456,0.9996652750472894,0.02587156478891824,1,0,0,0,99,99
1701580320,12,3,6,792,019.7,0.0,083,0,0,0,0,0,0,1,0.3132860367040136,0.9496588119984416,0.15865243143670757,0.9873344954974584,-0.07957859166428352,-0.9968285949694307,-0.9992068341863537,0.0398208803931389,-0.6928849542336957,0.7210481538680822,-0.3734647547841147,0.9276443698605846,-0.19020466626691288,0.9817444600965631,-0.0955393633625346,0.9954256526975189,0.04782440434799511,-0.998855758530109,0.9997138987055519,0.023919045443861007,1,0,0,0,99,99
1701580380,12,3,6,793,019.8,0.0,083,0,0,0,0,0,0,1,0.9683795037912949,0.24948173607886706,0.6125839795167406,0.7904055086089884,-0.32372402705932385,-0.9461515493326078,-0.9864460323131236,0.1640860302819716,-0.6464959279523841,0.7629174366476269,-0.34429824524122477,0.9388603295079697,-0.1748423153759271,0.9845964476647195,-0.08775976394476126,0.9961416685554118,0.04392226909318471,-0.9990349514795295,0.999758708759151,0.02196643485491553,1,0,0,0,99,98
1701580440,12,3,6,794,019.8,0.0,083,0,0,0,0,0,0,1,0.7331493210037495,-0.6800676974476445,0.916533604797894,0.3999576868572196,-0.54774187038366,-0.8366473829688406,-0.9582920700310633,0.28579067254824764,-0.5975823489075595,0.8018075431636471,-0.31479553430469187,0.9491595079763061,-0.15943727924123308,0.9872080601312739,-0.07997480812332723,0.9967968850601596,0.04001946363858728,-0.9991989003847431,0.9997997050371497,0.020013740470697712,1,0,0,0,99,97
1701580500,12,3,6,795,019.8,0.0,083,0,0,0,0,0,0,1,-0.1761349664233212,-0.9843660262336645,0.996083838397568,-0.08841372564917586,-0.7377037771521764,-0.6751245345678174,-0.9151842805052481,0.4030356469545731,-0.5463352235786316,0.8375666083824537,-0.28498543087107653,0.9585318482925994,-0.1439933187814639,0.9895786599084985,-0.07218497105181075,0.9973912622207242,0.03611604753621227,-0.9993476027440913,0.9998368873831599,0.018060969740143117,1,0,0,0,99,97
1701580560,12,3,6,796,019.8,0.0,083,0,0,0,0,0,0,1,-0.9234815780088051,-0.3836427701369688,0.8317580087191734,-0.5551383745801722,-0.8817988360675502,-0.47162571251991114,-0.857795346373455,0.5139913848889341,-0.49295467089331135,0.8700549939196184,-0.2548970440004961,0.9669681985255819,-0.12851420441806832,0.9917076682484567,-0.06439072818171633,0.997924763759387,0.03221208034738687,-0.9994810562885589,0.9998702556553423,0.016108130112478542,1,0,0,0,99,95
1701580620,12,3,6,797,019.9,0.0,083,0,0,0,0,0,0,1,-0.8217834856264904,0.5697998795643747,0.46378880993164623,-0.8859457882862739,-0.9710679142794992,-0.23880348794953357,-0.7870208027585845,0.6169264591709722,-0.43764914076748046,0.8991458333248762,-0.2245597544921215,0.9744603207224182,-0.11300371515481651,0.9935945653842965,-0.05659255523345575,0.998397357113964,0.02830762164184719,-0.9995992589818092,0.9998998097264068,0.014155229037193606,1,0,0,0,99,95
1701580680,12,3,6,798,019.8,0.0,083,0,0,0,0,0,0,1,0.03545855359210518,0.9993711477610087,-0.017732064727370864,-0.9998427745803359,-0.9999606928725588,0.008866380875648453,-0.703965062742588,0.7102346023940429,-0.38063460011273087,0.9247255274928996,-0.19400318619432566,0.9810008989529264,-0.09746563765521044,0.9952388906571443,-0.04879092816731252,0.9988090134397928,0.024402730996829252,-0.9997022090202143,0.9999255494836139,0.012202273964012331,1,0,0,0,99,92
1701580740,12,3,6,799,019.8,0.0,083,0,0,0,0,0,0,1,0.8601001621636173,0.51012519154235,-0.4949115115137503,-0.8689433789213052,-0.9666807588137113,0.25598498108160056,-0.6099241833697036,0.7924597721908666,-0.32213368949019705,0.9466941882653729,-0.163257177077498,0.98658354645346,-0.08190376531802432,0.9966402426285675,-0.04098632315439169,0.9991597076114928,0.020497467996159962,-0.9997899048328835,0.9999474748287741,0.01024927234286473,1,0,0,0,99,91
1701580860,12,3,6,801,019.8,0.0,083,0,0,0,0,0,0,1,0.1059275624303434,-0.9943738489710827,-0.9985924716747775,-0.05303843431379381,-0.7256164394202331,0.6880993989556328,-0.3949054323786691,0.9187217747924648,-0.2015914497288206,0.9794696970280563,-0.10131708388012287,0.9948541845486846,-0.0507238378443283,0.9987127175891686,-0.025370084852355874,0.99967812759637,0.012686063290674097,-0.9999195286612743,0.9999798819629508,0.006343159257249994,1,0,0,0,99,91
1701580920,12,3,6,802,019.8,0.0,083,0,0,0,0,0,0,1,-0.7795038357248097,-0.6263974537706143,-0.9017753195144049,0.4322051285150291,-0.5328202658894324,0.8462284350324767,-0.2772828564548513,0.9607883312760612,-0.14002083545661836,0.9901485573579505,-0.07018348324944229,0.9975340990056306,-0.03511339483992818,0.9993833346133081,-0.017559404697937788,0.9998458217678634,0.008780040778282644,-0.9999614546990957,0.9999903636283441,0.004390062693417029,1,0,0,0,99,91
1701580980,12,3,6,803,019.9,0.0,083,0,0,0,0,0,0,1,-0.9482630021806919,0.317485871646694,-0.5841721186231443,0.8116298022025479,-0.30689590889864604,0.9517430856598192,-0.15533337429570762,0.9878621071940706,-0.0779034428184317,0.9969609087607374,-0.038981349638401504,0.9992399383433234,-0.019494379403774662,0.9998099665294709,-0.009747652807961452,0.9999524905037916,0.004873884293271353,-0.999988122555411,0.9999970306344442,0.0024369493828292348,1,0,0,0,99,86
1701581040,12,3,6,804,019.9,0.0,083,0,0,0,0,0,0,1,-0.2451935375705356,0.9694741508331444,-0.12354320937804643,0.9923391937319478,-0.06189025071872073,0.9980829609135574,-0.030959966783271346,0.9995206253283515,-0.015481838903188173,0.9998801491499747,-0.00774115140096295,0.9999700368385982,-0.003870604694478365,0.9999925091815933,-0.0019353059714989746,0.9999981272936448,0.0009676534387822795,-0.9999995318233016,0.9999998829558185,0.0004838267760202487,1,0,0,0,99,88
1701581100,12,3,6,805,020.0,0.0,083,0,0,0,0,0,0,1,0.6833057347140384,0.7301323667027151,0.3673333862428549,0.9300893415964714,0.1869634434903367,0.9823668717939524,0.09389656065598893,0.9955819584027104,0.047000221261657885,0.9988948789544149,0.023506605939449195,0.9997236815626643,0.011754114967441826,0.9999309180045051,0.005877158986065068,0.9999827293519886,-0.0029385921809077266,-0.999995682328676,0.9999989205815865,-0.0014692976764408303,1,0,0,0,99,88
1701581160,12,3,6,806,020.0,0.0,083,0,0,0,0,0,0,1,0.9835768657283723,-0.18048974819626606,0.7682739577117872,0.6401211806383749,0.42419265632588754,0.9055719686028203,0.2172878636707302,0.9761075679972009,0.10929874656829122,0.9940089456330866,0.054731409478074984,0.9985011130772681,0.02737596503077039,0.9996252080348085,0.013689265232136597,0.9999062976186339,-0.0068447929612965195,-0.9999765741302729,0.999994143515419,-0.003422416523977862,1,0,0,0,99,87
1701581280,12,3,6,808,020.1,0.0,083,0,0,0,0,0,0,1,-0.5734312647770955,-0.8192536753510116,0.953743591158287,-0.3006212938640479,0.8064184068658303,0.591345375451585,0.45202578717835057,0.8920048697881602,0.23237376165548454,0.9726265649744922,0.11699024537436405,0.9931330638374931,0.05859580259074419,0.9982817898362899,0.029310494397997367,0.999570355161729,-0.014656821590492326,-0.9998925830212285,0.9999731453947223,-0.007328607602110553,1,0,0,0,99,87
1701581340,12,3,6,809,020.1,0.0,083,0,0,0,0,0,0,1,-0.9992044316210529,0.03988112120852035,0.6928632183885503,-0.7210690401093782,0.9276499986819863,0.37345077312185454,0.5597094008850242,0.8286889564613054,0.29266964613595875,0.9562136153761107,0.14796348303532403,0.9889928248920997,0.07418616821180449,0.9972444095837538,0.03711866387847311,0.9993108649423746,-0.018562530237353908,-0.9998277013921886,0.9999569244202944,-0.009281664931774524,1,0,0,0,99,85
1701581460,12,3,6,811,020.2,0.0,083,0,0,0,0,0,0,1,0.4520795641768173,0.8919776161169622,-0.23240308074876903,-0.9726195597758053,0.9931313004270396,-0.11700521403808203,0.7473303198847489,0.6644527018388585,0.40960181772127274,0.9122644084471504,0.2094464031116906,0.9778201287678502,0.1053087632444465,0.9944395730178507,0.05272772981150123,0.9986089257106234,-0.026373038214970796,-0.9996521709351267,0.9999130389526698,-0.013187665920725705,1,0,0,0,99,83
1701581520,12,3,6,812,020.1,0.0,082,0,0,0,0,0,0,1,0.9948329140211382,0.10152572669136999,-0.6702515472972181,-0.742133992851483,0.9333097001669604,-0.35907242107165305,0.82433986348825,0.5660952123664124,0.46578148719844353,0.8848997718291073,0.23989604849902457,0.9707985815371557,0.12083339452081168,0.9926728014651041,0.060527673567121146,0.9981665195409792,-0.030277718366983942,-0.9995415247854836,0.9998853746268829,-0.015140594679806359,1,0,0,0,99,82
1701581580,12,3,6,813,020.0,0.0,082,0,0,0,0,0,0,1,0.6229414706214662,-0.7822684476443909,-0.9439990592273889,-0.3299481416492668,0.8154594231625713,-0.5788142441019974,0.8884858592296214,0.4589039964404334,0.5201422899359206,0.8540796205391021,0.2701114394661006,0.9628290659663069,0.13632852605689877,0.9906636830848062,0.06832392302551767,0.9976631904317224,-0.034181936518266696,-0.9994156268619484,0.9998538960423039,-0.01709346568212025,1,0,0,0,99,81
1701581640,12,3,6,814,020.1,0.0,082,0,0,0,0,0,0,1,-0.32167948802580176,-0.9468486188316789,-0.9866226783405293,0.16302052197242078,0.6469078288394643,-0.7625682008753121,0.938767330299503,0.34455173713441634,0.572471948162346,0.819924306608365,0.3000630711964028,0.953919364152014,0.15179037493857458,0.9884127083743951,0.07611600234380722,0.9970989691034674,-0.03808563309525359,-0.9992744790855682,0.9998186033190141,-0.01904627147805807,1,0,0,0,99,77
1701581700,12,3,6,815,020.1,0.0,082,0,0,0,0,0,0,1,-0.9705498088831128,-0.24090053648124807,-0.7876866561270567,0.6160760762757924,0.43813463896627003,-0.8989093603572588,0.9743996511589222,0.22482286320872838,0.6225661156822108,0.782567205806865,0.32972169642983384,0.9440781762668982,0.16721516637718872,0.9859204268770625,0.08390343593363005,0.9964738899933762,-0.04198874853233773,-0.9991180836100847,0.9997794965916447,-0.02099900461825926,1,0,0,0,99,77
1701581760,12,3,6,816,020.1,0.0,082,0,0,0,0,0,0,1,-0.7271011113730546,0.6865303881402984,-0.39589746896115763,0.9182947207025364,0.2021203593127912,-0.9793606896089245,0.9948267913584063,0.10158570369662134,0.6702291758433747,0.7421541968137826,0.3590583540221683,0.933315112063922,0.182599134631134,0.9831874470475918,0.09168574849017776,0.9957879912530557,-0.045891223272779696,-0.9989464428219001,0.9997365760093756,-0.022951657653640416,1,0,0,0,99,68
1701581820,12,3,6,817,020.3,0.0,082,0,0,0,0,0,0,1,0.1848409947348159,0.9827684400027525,0.09282122601336262,0.9956827908532798,-0.04646078532870562,-0.9989201146371215,0.9997299922071763,-0.02323666674545333,0.7152750054159076,0.6988430915643893,0.3880443972251183,0.9216406814926273,0.19793852392519834,0.9802144361038118,0.09946246502120343,0.9950413147462299,-0.04979299776961634,-0.998759559340042,0.9996898417359361,-0.024904223135423714,1,0,0,0,99,61
1701581880,12,3,6,818,020.4,0.0,082,0,0,0,0,0,0,1,0.926841142721418,0.3754537203955449,0.5588140476063818,0.8292929881518187,-0.29215322336762034,-0.9563715251281321,0.9890327408959049,-0.1476964367746696,0.7575277013993184,0.6528030189978178,0.4166515216593972,0.909066284436349,0.21322958936748326,0.9770021198637056,0.10723311087601266,0.9942339060461842,-0.05369401248656933,-0.9985574360161222,0.9996392939496032,-0.026856693615165312,1,0,0,0,99,54
1701581940,12,3,6,819,020.4,0.0,081,0,0,0,0,0,0,1,0.8167078184368716,-0.577051418249783,0.8879897010241118,0.4598633393467112,-0.5196809889986783,-0.8543603862968809,0.9629019644535162,-0.26985145330636917,0.7968222679200078,0.6042137646121738,0.44485179295346566,0.8956041995804211,0.22846859786366572,0.973551282568212,0.11499721177443387,0.9933658144329842,-0.05759420789895368,-0.9983400759342941,0.9995849328432012,-0.02880906164478378,1,0,0,0,99,56
1701582060,12,3,6,821,020.4,0.0,081,0,0,0,0,0,0,1,-0.86458174478646,-0.5024921955433742,0.8667445400876126,-0.49875234558677806,-0.8656651620536597,-0.500623438531009,0.8662053562900108,-0.4996881835049689,0.8659353854373226,0.5001558839477104,0.49992205195024636,0.8660704024349609,0.25877557609349366,0.9659374727266152,0.13050388360770113,0.9914477981030103,-0.06539190277469237,-0.9978596589959458,0.9994647715142204,-0.032713460563308094,1,0,0,0,99,59
1701582120,12,3,6,822,020.5,0.0,081,0,0,0,0,0,0,1,-0.889968112961789,0.4560227602995627,0.5215252820815293,-0.8532358291526332,-0.9626099493441341,-0.2708912797114064,0.7971484427982678,-0.6037833718680043,0.8954840511890774,0.4450936014660263,0.5267382644796055,0.8500275293971443,0.2738361468130674,0.9617763589829874,0.13824550809522282,0.9903979904520676,-0.06928928325481673,-0.9975966094699971,0.9993989717500206,-0.03466547655811879,1,0,0,0,99,60
1701582180,12,3,6,823,020.5,0.0,081,0,0,0,0,0,0,1,-0.09712190237828329,0.9952724933797895,0.04861844619180287,-0.9988174241020702,-0.9997043123099125,-0.02431641315993991,0.7156522944698563,-0.6984567226536158,0.9215358708844751,0.3882932379957087,0.5530401260325923,0.8331546189020705,0.28882986436475844,0.9573804413351232,0.145978694789474,0.9892877340124872,-0.073185606465728,-0.9973183378471708,0.9993293595825079,-0.03661736031467289,1,0,0,0,99,60
1701582300,12,3,6,825,020.4,0.0,081,0,0,0,0,0,0,1,0.945415689654786,-0.3258668037013981,-0.8142072229172983,-0.5805743691804702,-0.8889809810059128,0.45794411821723935,0.5206034391851252,-0.8537986057078213,0.9627560972821261,0.27037140593281933,0.6039985902579494,0.7969853844120416,0.31860211517499254,0.9478885441896746,0.16141786736654243,0.9868861495100827,-0.0809748432845575,-0.9967161455274222,0.9991786991142831,-0.040520701330171084,1,0,0,0,99,59
1701582420,12,3,6,827,020.4,0.0,081,0,0,0,0,0,0,1,-0.6897415945654649,-0.7240556143876586,-0.9284545261852243,0.3714460833097728,-0.560604101256059,0.8280839580953651,0.2931859835536437,-0.9560554267654583,0.9889528367838019,0.1482305185084059,0.652598452914039,0.7577039390515289,0.3480632564265231,0.937471049966752,0.17681763208635048,0.9842436309082097,-0.08875913781631264,-0.9960531187914151,0.9990127924084393,-0.04442342404962123,1,0,0,0,99,49
1701582480,12,3,6,828,020.3,0.0,081,0,0,0,0,0,0,1,-0.981940764891358,0.18918862081154605,-0.6367147631351318,0.7710994166809965,-0.3383050275409778,0.9410365074429887,0.17170249351277814,-0.9851488485104646,0.9962802940213323,0.08617178044329644,0.6759542216587983,0.7369436140042521,0.36266815823542314,0.9319183478192314,0.18450156121394817,0.9828322206305692,-0.09264928323908087,-0.9956988050185078,0.9989241224984278,-0.04637453493832645,1,0,0,0,99,47
1701582540,12,3,6,829,020.2,0.0,081,0,0,0,0,0,0,1,-0.3713481244279862,0.9284937105246416,-0.1890850198658773,0.981960719816389,-0.09497178576717145,0.9954799645940617,0.04753964348803124,-0.9988693519660271,0.9997172980313053,0.02377654341964911,0.6986499325772353,0.7154636760240345,0.37718451981488155,0.9261381311726762,0.1921742293172055,0.9813608233398856,-0.09653801494777697,-0.9953292981068842,0.9988316419965089,-0.048325468922276286,1,0,0,0,99,44
1701582600,12,3,6,830,020.2,0.0,081,0,0,0,0,0,0,1,0.5806602690748583,0.8141459647495117,0.30483933083715453,0.9524037916633658,0.15426634165726855,0.9880292990755299,-0.07736504677330103,-0.9970028332646628,0.9992504273866143,-0.038711540497229205,0.7206634236927906,0.693285099905793,0.3916087972034126,0.9201318111840806,0.19983516809600785,0.9798295288426657,-0.10042527360513957,-0.9949446036947649,0.9987353512554678,-0.050276218559250574,1,0,0,0,99,45
1701582720,12,3,6,832,020.3,0.0,082,0,0,0,0,0,0,1,0.49866089672312836,-0.8667971562478072,0.9661255498763625,0.25807251282555527,0.6090679301910603,0.7931180595679168,-0.32162240316253093,-0.9468680107512125,0.9866275920404853,-0.16299078079570548,0.7625584504796027,0.6469193223286404,0.4201670368266409,0.9074467814501962,0.21511998808781552,0.9765876257280235,-0.10819513453010837,-0.9941296760805463,0.9985313405398316,-0.05417713502693632,1,0,0,0,99,45
1701582780,12,3,6,833,020.2,0.0,081,0,0,0,0,0,0,1,-0.459957024350746,-0.887941178091436,0.9715814886285751,-0.23670532514981996,0.7863540313210774,0.617776122414172,-0.43716351493796235,-0.8993820440764236,0.9745209192409426,-0.22429662940353828,0.7823990763681723,0.6227773962646933,0.43429402697671693,0.9007711685729881,0.22274293639418943,0.9748772149796578,-0.11207761823919644,-0.9936994553132396,0.9984236213434755,-0.05612728697683714,1,0,0,0,99,45
1701582840,12,3,6,834,020.2,0.0,081,0,0,0,0,0,0,1,-0.9956925784370406,-0.09271617574834355,0.7391603938754915,-0.6735294441417006,0.9147484474274064,0.4040238581187374,-0.5458828362759094,-0.8378615214099336,0.958608763106705,-0.2847266044735426,0.8014757028361941,0.5980273386419961,0.4483149904687573,0.8938756453338451,0.2303522896197853,0.9731073027507925,-0.11595839178172378,-0.9932540719148331,0.9983120934644719,-0.05807722481819786,1,0,0,0,99,44
1701582960,12,3,6,836,020.2,0.0,082,0,0,0,0,0,0,1,0.3300477366569554,0.9439642427166514,-0.1673854194417015,-0.9858915363052498,0.9964666417661079,-0.08398947462256867,-0.7362029185702026,-0.6767608607837156,0.9156311650396451,-0.40201936471784816,0.837263209724949,0.5468000709958585,0.4760251721307086,0.879431654819139,0.24552835394396,0.9693894095819128,-0.12371457153077643,-0.9923178446399905,0.9980776133748294,-0.061976428422463405,1,0,0,0,99,46
1701583020,12,3,6,837,020.3,0.0,082,0,0,0,0,0,0,1,0.9726440741045344,0.23230046299853344,-0.6195561060152125,-0.7849523753064683,0.9447095784701424,-0.32790823769275124,-0.8148337982965457,-0.5796946447515489,0.8887335497075456,-0.45842412417348366,0.8539391442525291,0.5203728835299339,0.48970762525718653,0.8718867138367042,0.2530941387737928,0.9674416555629348,-0.12758985938754153,-0.991827015049231,0.9979546620586606,-0.06392567931109164,1,0,0,0,99,43
1701583080,12,3,6,838,020.3,0.0,081,0,0,0,0,0,0,1,0.7209959353983679,-0.6929392910919632,-0.9200378500616057,-0.39182949666151784,0.8342150492113882,-0.5514392547409379,-0.8807494691286899,-0.4735824876719271,0.8583654488829123,-0.513038747234589,0.8697812216973269,0.49343756077411205,0.5032705232903513,0.8641289142176971,0.26064447604189017,0.9654348538916795,-0.1314632003800313,-0.9913210513985062,0.9978279038487815,-0.0658746863426833,1,0,0,0,99,39
1701583140,12,3,6,839,020.2,0.0,081,0,0,0,0,0,0,1,-0.19353254126994537,-0.981093856605777,-0.9952622409711365,0.09722690829760817,0.6718530686475994,-0.7406844497819596,-0.9329213390693665,-0.3600802342659484,0.8246454493495821,-0.565649964966874,0.8847739725395617,0.46602040461396427,0.5167105550431671,0.856160149917632,0.2681789049145812,0.9633691270529775,-0.13533453540582766,-0.990799961408199,0.997697339228736,-0.067823442082369,1,0,0,0,99,41
1701583260,12,3,6,841,020.2,0.0,080,0,0,0,0,0,0,1,-0.8115681644677003,0.5842577465661262,-0.45592886146518175,0.890016220797724,0.23450349592519504,-0.972115276291275,-0.9930043495099291,-0.11807777883396382,0.7476890325643288,-0.6640490272434846,0.9121537773981656,0.4098481259909062,0.5432089257408671,0.8395975601414365,0.28319819902196014,0.9590614057873031,-0.14307095130161257,-0.9897124344442944,0.9974247927649218,-0.07172016995136608,1,0,0,0,99,41
1701583380,12,3,6,843,020.3,0.0,080,0,0,0,0,0,0,1,0.8689955898411542,0.49481983068246604,0.5025834106481898,0.8645287244165072,-0.2602607111950369,-0.9655383794589698,-0.9913471590363715,0.13126618098548876,0.6590651784969797,-0.752085826546907,0.9359716412763015,0.3520753992066848,0.5691768621409847,0.8222151175959624,0.2981483543506802,0.9545195434342774,-0.15079863488394496,-0.9885645005345572,0.9971370268259416,-0.07561580345880992,1,0,0,0,99,35
1701583440,12,3,6,844,020.2,0.0,080,0,0,0,0,0,0,1,0.8858968512072711,-0.4638822792703361,0.8555355864224282,0.5177440104577087,-0.491047853850463,-0.8711325991081119,-0.9672467624934477,0.2538379413049674,0.6108035931029845,-0.7917821484805551,0.9465152266288576,0.3226591479560474,0.5819539724256346,0.813221724979125,0.3055963637061761,0.9521611536339647,-0.15465905464284221,-0.9879679027260867,0.9969874379163678,-0.07756319125046778,1,0,0,0,99,38
1701583500,12,3,6,845,020.2,0.0,080,0,0,0,0,0,0,1,0.08830863309607147,-0.996093160964728,0.9990228127937639,0.04419750578523661,-0.6913040193050968,-0.722564013006888,-0.9280528037258677,0.3724486454486792,0.5601568327492403,-0.8283865780686814,0.9561345559252321,0.29292782552304464,0.5945890069943084,0.8040297959413708,0.3130257210347332,0.949744648824454,-0.15851711449484884,-0.987356229742957,0.9968340458027497,-0.07951028316212612,1,0,0,0,99,38
1701583560,12,3,6,846,020.2,0.0,080,0,0,0,0,0,0,1,-0.7904701350275293,-0.6125005841871171,0.8979144124545271,-0.44017008974536365,-0.8485782491159444,-0.5290698962588196,-0.8743768913514411,0.4852474130488386,0.5073226719510776,-0.8617561757970866,0.9648202360536098,0.26291046403948376,0.6070788811845279,0.7946415745603435,0.3204359728866724,0.9472701764967436,-0.16237275557071826,-0.9867294909185454,0.9966768510702316,-0.0814570717662211,1,0,0,0,99,41
1701583620,12,3,6,847,020.2,0.0,080,0,0,0,0,0,0,1,-0.9424943064466191,0.334222205000964,0.5769652480865013,-0.8167686958377396,-0.9530919934187202,-0.30268077586977704,-0.8070566200303969,0.5904740570635695,0.4525074269757517,-0.8917606341007573,0.9725637855947438,0.23263637494945058,0.6194205457726396,0.7850593528356472,0.3278266669784146,0.9447378876798705,-0.16622591903811135,-0.9860876958161151,0.9965158543184637,-0.08340354963634594,1,0,0,0,99,41
1701583680,12,3,6,848,020.1,0.0,080,0,0,0,0,0,0,1,-0.22799355905387356,0.9736626402558269,0.1147548686204055,-0.9933938393849207,-0.9983470937967718,-0.057472430847665464,-0.7271425000808527,0.6864865509069841,0.39592515018183416,-0.9182827862121189,0.979357643103917,0.20213512038718198,0.6316109877182386,0.775285470129288,0.33519735222008545,0.9421479369316923,-0.1700765461024943,-0.9854308542286699,0.9963510561615996,-0.08534970934727917,1,0,0,0,99,41
1701583740,12,3,6,849,020.2,0.0,081,0,0,0,0,0,0,1,0.6961234150868356,0.7179221343348046,-0.3755515048999241,-0.9268015252293246,-0.9815298072981087,0.1913092715613588,-0.6358815646166514,0.7717866517248658,0.33779679414933333,-0.9412190636947558,0.9851951744945658,0.17143648431014344,0.6436472308997595,0.7653223125945511,0.3425475787430477,0.9395004823294534,-0.17392457800803576,-0.9847589761788043,0.9961824572282941,-0.08729554347501305,1,0,0,0,99,45
1701583860,12,3,6,851,020.1,0.0,080,0,0,0,0,0,0,1,0.36311519237705925,-0.9317442551821671,-0.9827879362258592,-0.1847373064892862,-0.7696548923021558,0.6384601371701736,-0.42517047335735014,0.90511329046981,0.21781495532927705,-0.9759900845986629,0.9939793973213586,0.10956713786837996,0.6672454054287748,0.7448379481029347,0.3571848624291526,0.9340337114106039,-0.1816126215181589,-0.9833701519292224,0.9958338596194705,-0.09118620529108992,1,0,0,0,99,41
1701583920,12,3,6,852,020.2,0.0,080,0,0,0,0,0,0,1,-0.5878437802601598,-0.8089744680825501,-0.9510453375319575,0.3090513969532009,-0.5877706198198406,0.8090276252864301,-0.30900839366720273,0.9510593107915064,0.15642999905467883,-0.9876890479274097,0.9969175111129831,0.07845684187051573,0.6788015756204033,0.7343217421098587,0.3644710262079424,0.9312147287575134,-0.1854525158126556,-0.9826532269212557,0.9956538622737461,-0.09313101813774066,1,0,0,0,99,39
1701583980,12,3,6,853,020.2,0.0,080,0,0,0,0,0,0,1,-0.9983418923066761,0.057562714195259816,-0.6864536713445198,0.7271735398772633,-0.369341617017861,0.9292936941240006,-0.18802434134441126,0.982164368658322,0.0944341869814051,-0.9955311066607416,0.9988821518729679,0.04726993409799893,0.6901920261427253,0.7236262619950988,0.3717349445538455,0.9283389095570375,-0.18928958032993062,-0.9819213078340436,0.9954700668111632,-0.09507547571786411,1,0,0,0,99,35
1701584040,12,3,6,854,020.2,0.0,080,0,0,0,0,0,0,1,-0.49096907265595835,0.8711770025060053,-0.2537942055031938,0.9672582391755589,-0.12794874134676187,0.9917807820218032,-0.06410623206130915,0.9979430800456014,0.032069611428879305,-0.9994856377271265,0.9998714011629511,0.016036868037019116,0.701413976180608,0.7127541189067303,0.3789761741147256,0.9254064293343575,-0.19312375652110036,-0.9811744058357712,0.9952824739328456,-0.09701957061394559,1,0,0,0,99,35
1701584100,12,3,6,855,020.3,0.0,080,0,0,0,0,0,0,1,0.46779844817476307,0.8838351723513177,0.24100293322767077,0.9705243872132523,0.12139936735162113,0.9926037445056441,0.06081223353222533,0.9981492234394725,-0.030420195269980223,-0.9995371987673777,0.9998842929977892,-0.01521185775344882,0.7124646860558945,0.7017079671225599,0.38619427292325303,0.9224174670729517,-0.1969549858813535,-0.980412532323244,0.9950910843544032,-0.09896329540985399,1,0,0,0,99,34
1701584160,12,3,6,856,020.3,0.0,080,0,0,0,0,0,0,1,0.9964742331166823,0.08389936075155806,0.6767941486332613,0.7361723170398212,0.36319945137636067,0.9317114137542325,0.18478174456066745,0.9827795820412206,-0.09279121175730869,-0.9956855884367365,0.9989208147888241,-0.046445729422969886,0.7233414578962587,0.6904905034021214,0.39338880042387997,0.9193722052036709,-0.20078320995084364,-0.9796356989217142,0.9948958988059289,-0.10090664269087,1,0,0,0,99,34
1701584220,12,3,6,857,020.1,0.0,079,0,0,0,0,0,0,1,0.6089962036074962,-0.7931731362014582,0.9468825524323115,0.32157958874790366,0.5824175526424733,0.8128897799664797,0.3058677982670947,0.9520739939643557,-0.15479988054847518,-0.987945847191119,0.9969819073561764,-0.07763424762590612,0.7340416362938502,0.6791044663283013,0.4005593174997298,0.9162708295936036,-0.2046083703155816,-0.9788439174847039,0.9946969180319963,-0.10284960504371443,1,0,0,0,99,34
1701584280,12,3,6,858,020.2,0.0,080,0,0,0,0,0,0,1,-0.33839012696853565,-0.941005909636182,0.9851410837124249,-0.17174703834974567,0.7654237513788508,0.6435265968280777,0.4221808872816973,0.9065116096410674,-0.21620405911884805,-0.9763481985544571,0.9940694640100503,-0.10874695730351001,0.7445626089535755,0.6675526356387524,0.4077053864993983,0.9131135295347322,-0.2084304086083264,-0.9780372000938237,0.9944941427916566,-0.10479217505657644,1,0,0,0,99,36
1701584340,12,3,6,859,020.2,0.0,080,0,0,0,0,0,0,1,-0.9746621353757209,-0.2236821894224926,0.7822027197033045,-0.6230240005720115,0.9008396085241843,0.4341520467693251,0.531905984752322,0.8468034148399867,-0.2767639654651715,-0.9609379310964852,0.9901863287019482,-0.13975347742277255,0.7549018073308517,0.6558378315472612,0.41482657126366607,0.9099004977323788,-0.21224926650947612,-0.9772155590585884,0.9942875738584357,-0.10673434531914189,1,0,0,0,99,35
1701584460,12,3,6,861,020.2,0.0,080,0,0,0,0,0,0,1,0.20220892507028168,0.9793424072416762,-0.10163068620826037,-0.9948221969884056,0.998704710359475,-0.050881249058933195,0.7248728333504206,0.6888827008065549,-0.39440924126688837,-0.9189348999811017,0.9795240936243227,-0.2013269728810552,0.7750248295638841,0.631930782253462,0.4289925510696765,0.9033080267144376,-0.219877208102116,-0.9755275564315028,0.9938630580798098,-0.11061745695977931,1,0,0,0,99,40
1701584520,12,3,6,862,020.1,0.0,080,0,0,0,0,0,0,1,0.9333421683683805,0.35898801755129633,-0.5661324855759046,-0.824314265784384,0.9550691770192314,-0.2963829737144291,0.8051034013449543,0.5931344814987454,-0.45103520843790823,-0.8925061572613225,0.9727554053464115,-0.2318338227466793,0.7848037406723669,0.619744373614364,0.43603648149302604,0.8999289898693018,-0.22368617540060243,-0.9746612205964957,0.9936451128538035,-0.11255838352496064,1,0,0,0,99,40
1701584580,12,3,6,863,020.2,0.0,080,0,0,0,0,0,0,1,0.8063649263965292,-0.591418299917681,-0.8920253079138734,-0.4519854533512771,0.8520520680543171,-0.5234570405719665,0.8727706000353033,0.4881305969861106,-0.505899892772221,-0.8625921970972467,0.965036837923104,-0.26211429081867443,0.7943910532032301,0.6074066632748301,0.44305379849696014,0.8964950259970297,-0.2274917295232623,-0.9737800126304271,0.9934233771737071,-0.11449888071412062,1,0,0,0,99,42
1701584640,12,3,6,864,020.2,0.0,080,0,0,0,0,0,0,1,-0.06198051016190544,-0.9980773599075725,-0.9995192244043064,0.03100516160599342,0.6960584883449115,-0.7179850839697136,0.926818505417785,0.3755095977670121,-0.5587890488516163,-0.8293098328631502,0.956375928404503,-0.2921388087338362,0.8037844265516209,0.594920663309892,0.4500440737806176,0.8930063446890767,-0.23129381240202182,-0.9728839459794464,0.9931978518853749,-0.11643894112485227,1,0,0,0,99,41
1701584700,12,3,6,865,020.2,0.0,080,0,0,0,0,0,0,1,-0.8733413515152515,-0.48710869806801216,-0.8622959753089459,0.5064046316593026,0.49678736313472055,-0.8678722923504651,0.9664037180056959,0.2570288968671955,-0.6094961456534423,-0.7927890314791178,0.9467811340217753,-0.32187805805994457,0.812981567460156,0.582289421997367,0.4570068806936243,0.8894631588765683,-0.23509236602177414,-0.971973034316428,0.9929685378491173,-0.11837855735641478,1,0,0,0,99,39
1701584760,12,3,6,866,020.1,0.0,079,0,0,0,0,0,0,1,-0.8817561819054704,0.4717054543584236,-0.5139525978344581,0.8578185864034492,0.2666284058353037,-0.9637994050640022,0.9909085237962186,0.13453734599730627,-0.6578231730498302,-0.7531724058930022,0.9362618239288095,-0.3513029989247159,0.8219802305787883,0.5695160230736639,0.4639417942621338,0.8858656848173045,-0.2388873324212645,-0.9710472915407634,0.9927354359396977,-0.1203177220097618,1,0,0,0,99,39
1701584820,12,3,6,867,020.1,0.0,080,0,0,0,0,0,0,1,-0.07948844507877358,0.9968357874288818,-0.03977569968660647,0.9992086337269314,0.019891785654744882,-0.9998021388572169,0.9999505334908365,0.009946384840309288,-0.7035814150330049,-0.710614658179913,0.9248282700533956,-0.3803848983727449,0.8307782190129761,0.5566035849809338,0.4708483912147658,0.8822141420825597,-0.2426786536939748,-0.9701067317781481,0.992498547046329,-0.12225642768756957,1,0,0,0,99,36
1701584880,12,3,6,868,020.1,0.0,080,0,0,0,0,0,0,1,0.7958606015736018,0.6054798946809916,0.4441396769705497,0.8959575588946699,-0.22808160941352784,-0.9736420181192547,0.9933886495524434,-0.1147997863254662,-0.7465921866472573,-0.665281975433926,0.9124916370668626,-0.4090953584227484,0.8393733848600241,0.5435552601057465,0.4777262500084402,0.8785087535436817,-0.24646627198900695,-0.9691513693803672,0.9922578720726702,-0.1241946669942652,1,0,0,0,99,32
1701584940,12,3,6,869,020.2,0.0,080,0,0,0,0,0,0,1,0.9394990814384173,-0.3425514209230055,0.8193141707925615,0.5733448260327263,-0.4618739947037902,-0.886945552453116,0.9713252679852192,-0.23775454522141526,-0.7866875317498732,-0.6173513808110357,0.8992639714819658,-0.4374063437977119,0.8477636297334629,0.5303742340094812,0.4845749508541061,0.8747497453584886,-0.2502501295119659,-0.9681812189250751,0.9920134119368234,-0.12613243253605483,1,0,0,0,99,32
1701585060,12,3,6,871,020.1,0.0,079,0,0,0,0,0,0,1,-0.7024506962803134,-0.7117324070852071,0.9251303711059342,-0.37964957060083243,-0.8305569127401302,-0.5569337615009381,0.8823077018537632,-0.4706730492066982,-0.8575176526482409,-0.5144545416231165,0.8701880663463262,-0.4927197268107314,0.863921213656295,0.503626981599114,0.4981832084689758,0.8670717910297607,-0.25780633135188835,-0.9661966132805891,0.9915131399231654,-0.13000651275880537,1,0,0,0,99,28
1701585120,12,3,6,872,020.1,0.0,079,0,0,0,0,0,0,1,-0.9784379004686174,0.206541218468769,0.6298645812915785,-0.7767049692350272,-0.9425245273294025,-0.33413697099017103,0.8167426066363169,-0.577002178942952,-0.8879758383376634,-0.4598901070131037,0.8543682189235223,-0.5196681118689583,0.8716846080633058,0.49006728524307847,0.5049419346602744,0.8631533135089845,-0.26157856037050853,-0.9651821883740356,0.99125732995374,-0.13194281266132774,1,0,0,0,99,26
1701585180,12,3,6,873,020.1,0.0,079,0,0,0,0,0,0,1,-0.35485381126363746,0.9349218002761893,0.18038597468180656,-0.9835959028676841,-0.9958905318526942,-0.09056516198935413,0.7384325162089472,-0.6743273826601757,-0.9149664973812363,-0.4035298113769442,0.8377140954338014,-0.5461090498348548,0.8792351931749703,0.4763879459879024,0.511669841798448,0.859182153558808,-0.26534679802212796,-0.9641530359747896,0.9909977386388905,-0.13387860924212341,1,0,0,0,99,25
1701585240,12,3,6,874,020.0,0.0,079,0,0,0,0,0,0,1,0.5949812355249355,0.8037395905224659,-0.31325740971087507,-0.9496682553719656,-0.9873368866227894,0.15863755013872718,0.6485994333412853,-0.7611299331056187,-0.9383842318329999,-0.34559374046297575,0.820241958346126,-0.572016721581207,0.8865711256242239,0.4625923034480756,0.518366519246722,0.8551585535583667,-0.26911098680807644,-0.9631091717864508,0.9907343669688791,-0.13581389511671688,1,0,0,0,99,24
1701585300,12,3,6,875,020.1,0.0,079,0,0,0,0,0,0,1,0.9977932782684322,-0.06639709212258378,-0.7302044549722303,-0.6832286981228965,-0.9173954158711761,0.39797694774767006,0.5486451732460288,-0.8360553055114447,-0.9581375959410644,-0.286308133388274,0.8019688689058553,-0.597365828706215,0.8936906144483714,0.448683725631867,0.5250315582744208,0.8510827590874659,-0.2728710692914642,-0.9620506117371024,0.9904672159483883,-0.13774866290258067,1,0,0,0,99,24
1701585360,12,3,6,876,020.1,0.0,079,0,0,0,0,0,0,1,0.48323878253139313,-0.8754885944760086,-0.9683719828857112,-0.24951092713946563,-0.7904147414931815,0.6125720663156844,0.44012948872139646,-0.8979343145007,-0.9741494532413135,-0.22590449917974179,0.7829126704747286,-0.6221316182369524,0.9005919215263238,0.4346656081190733,0.531664552081915,0.8469550189115929,-0.2766269880980588,-0.9609773719790682,0.9901962865965183,-0.1396829052191638,1,0,0,0,99,14
1701585420,12,3,6,877,020.1,0.0,079,0,0,0,0,0,0,1,-0.47560322129518384,-0.8796599205907044,-0.969448276235175,0.2452958208055078,-0.6142899068007273,0.7890804207447767,0.3247457307303849,-0.945801358834078,-0.9863572777736468,-0.1646187127363138,0.7630919711071247,-0.6462899068002247,0.907273362002937,0.4205413732320373,0.5382650958254505,0.8427755849667328,-0.28037868591716025,-0.9598894688886666,0.9899215799467821,-0.1416166146879197,1,0,0,0,99,16
1701585480,12,3,6,878,020.0,0.0,079,0,0,0,0,0,0,1,-0.997177816819599,-0.07507597247387601,-0.73316982087163,0.6800455968264643,-0.3999715009682163,0.9165275764608679,0.20429442422534697,-0.9789094892943034,-0.9947133982445153,-0.1026900937425236,0.7425261253796137,-0.6698171042372225,0.9137333047003438,0.4063144692001366,0.5448327866418574,0.838544712343992,-0.2841261055024758,-0.9587869190659601,0.9896430970471022,-0.14354978393233453,1,0,0,0,99,14
1701585540,12,3,6,879,020.1,0.0,079,0,0,0,0,0,0,1,-0.6019517262811898,0.798532478504848,-0.31738582316728636,0.9482964933249642,-0.16078480443598475,0.9869894866017986,0.08065517155831149,-0.9967420645788455,-0.999185184182303,-0.0403604721302572,0.7212352154915403,-0.6926902366389116,0.9199701725161832,0.3919883693179482,0.5513672236731395,0.8342626592740287,-0.287869189672993,-0.9576697393345027,0.9893608389598061,-0.1454824055779552,1,0,0,0,99,13
1701585600,12,3,6,880,020.1,0.0,079,0,0,0,0,0,0,1,0.3467060053575308,0.9379738513674162,0.176105293265966,0.9843713352610934,0.08839871248753149,0.9960851708717215,-0.044242678085070965,-0.999020813314648,-0.9997551733586199,0.022126756261955736,0.6992400316550977,-0.7148869687796651,0.9259824428086272,0.3775665710972933,0.5578680080909402,0.8299296871112918,-0.2916078813138529,-0.9565379467410825,0.9890748067616226,-0.14741447225241752,1,0,0,0,99,14
1701585660,12,3,6,881,020.2,0.0,079,0,0,0,0,0,0,1,0.9766038345872008,0.21504639097082145,0.62647969202089,0.7794377431747905,0.33208602562077905,0.9432491036769636,-0.16845013553428265,-0.9857101763898362,-0.9964211399779302,0.08452758014448271,0.676562051794038,-0.7363856259272321,0.9317686477681121,0.36305259541336976,0.5643347431208848,0.8255460603180691,-0.29534212337722077,-0.9553915585554619,0.9887850015436778,-0.14934597658547438,1,0,0,0,99,12
1701585720,12,3,6,882,020.1,0.0,078,0,0,0,0,0,0,1,0.7086166021367329,-0.7055937295471035,0.9234700129260028,0.3836706077176726,0.5551258381134531,0.8317663757683622,-0.2900289849580881,-0.9570178618417637,-0.9891961033692368,0.14659832563545244,0.653223420570844,-0.757165215007746,0.9373273747756826,0.3484499856451812,0.5707670340667981,0.8211120464483459,-0.29907185888315707,-0.9542305922701142,0.9884914244114903,-0.15127691120902387,1,0,0,0,99,12
1701585780,12,3,6,883,020.1,0.0,078,0,0,0,0,0,0,1,-0.21086946636535486,-0.9775142291316227,0.9943626675241842,-0.10603247348896787,0.7436506147005353,0.6685684432094563,-0.4070820290743278,-0.9133916036425604,-0.9781082771458793,0.20809660780204897,0.6292469277628422,-0.777205445105105,0.9426572667478634,0.33376230681047175,0.5771644883347936,0.8166279161314753,-0.302797030920487,-0.9530550655999567,0.9881940764849677,-0.15320726875713725,1,0,0,0,99,12
1701585840,12,3,6,884,020.1,0.0,078,0,0,0,0,0,0,1,-0.9364831199655037,-0.35071265449036204,0.8218006615020342,-0.5697751071737155,0.8859387978787574,0.4638021630104179,-0.5177826942789717,-0.855512174960245,-0.9632009590319782,0.2687822771684872,0.6046559860083719,-0.7964867472747074,0.9477570224679708,0.31899314469537793,0.5835267154572368,0.8120939430556596,-0.3065175826476683,-0.9518649964820798,0.9878929588984021,-0.1551370418660872,1,0,0,0,99,10
1701585900,12,3,6,885,020.0,0.0,078,0,0,0,0,0,0,1,-0.8010985118825479,0.5985325172950651,0.44803319224413213,-0.894016923020774,0.9731435975797134,0.2301989107046621,-0.6204035337162974,-0.7842827649211291,-0.9445323617857487,0.3284183574945765,0.5794746079447414,-0.8149902936521933,0.9526253969037864,0.3041461049790106,0.5898533271165762,0.8075104039512465,-0.3102334572936593,-0.9506604030754743,0.9875880728004653,-0.15706622317437588,1,0,0,0,99,14
1701585960,12,3,6,886,020.0,0.0,078,0,0,0,0,0,0,1,0.07081237357015184,0.9974896529535338,-0.035428428178979524,-0.9993722161821225,0.999843041727581,-0.01771699491840461,-0.7133431835093137,-0.7008148846455801,-0.9221753858799258,0.38677197116286743,0.553727382760295,-0.8326980158385354,0.9572612015115142,0.2892248123531802,0.5961439371690447,0.8028775785738385,-0.31394459815878467,-0.9494413037607534,0.9872794193542053,-0.15899480532276297,1,0,0,0,99,14
1701586020,12,3,6,887,019.9,0.0,079,0,0,0,0,0,0,1,0.8776186893304462,0.47935940184574444,-0.510215933774248,-0.8600463364975588,0.9643770882019022,-0.2645313436083153,-0.795151351507471,-0.6064110224887427,-0.8962173348269779,0.4436152485607643,0.527439452183488,-0.8495926225435236,0.9616633045259457,0.27423290963747987,0.6023981616682276,0.798195749687218,-0.3176509486156007,-0.9482077171398727,0.986966999737041,-0.16092278095429377,1,0,0,0,99,15
1701586080,12,3,6,888,019.9,0.0,079,0,0,0,0,0,0,1,0.8775464294662774,-0.479491672639878,-0.8600847843788071,-0.510151118473792,0.8689508382163492,-0.49489841458940237,-0.8645514486106083,-0.5025443191453852,-0.8667595742607592,0.49872621790648564,0.500636485932415,-0.8656576164704166,0.9658306312367652,0.2591740568899436,0.608615618888497,0.7934652030460894,-0.3213524521097596,-0.9469596620358465,0.9866508151407586,-0.1628501427143272,1,0,0,0,99,14
1701586140,12,3,6,889,020.0,0.0,079,0,0,0,0,0,0,1,0.07066202936351883,-0.9975003145895389,-0.9993748832619166,-0.035353114505380104,0.7194974338054931,-0.6944950991528378,-0.9204605095148943,-0.39083557978206274,-0.8339171361058791,0.5518896720441221,0.47334465664876685,-0.8808773104252721,0.969762164250924,0.2440519305134954,0.6147959293483101,0.7886862273786374,-0.32504905216087204,-0.94569715749246,0.9863308667715058,-0.164776883250564,1,0,0,0,99,13
1701586200,12,3,6,890,019.9,0.0,079,0,0,0,0,0,0,1,-0.8011887146614145,-0.5984117675139673,-0.8939831563049628,0.44810056487692174,0.5253091637898002,-0.8509114421832984,-0.9620060920241873,-0.27302798191458466,-0.7978182693804977,0.6028980088229747,0.44559061434068903,-0.8952368426352254,0.9734569437410228,0.22887022235840837,0.620938715833371,0.7838591143689051,-0.3287406923633694,-0.9444202227739792,0.9860071558497887,-0.16670299521307466,1,0,0,0,99,12
1701586260,12,3,6,891,019.9,0.0,079,0,0,0,0,0,0,1,-0.9364302492977055,0.35085379889668755,-0.5697131739319851,0.8218435979238043,0.29845971426324497,-0.9544222330613963,-0.9885398912187096,-0.150959873705902,-0.7586039393866545,0.6515520417795105,0.4174014603595018,-0.9087221912607589,0.9769140676796396,0.21363263882099232,0.6270436034196536,0.7789841586389906,-0.3324273163873641,-0.943128877364857,0.9856796836104661,-0.16862847125432745,1,0,0,0,99,7
1701586320,12,3,6,892,019.9,0.0,079,0,0,0,0,0,0,1,-0.21072213129903983,0.9775460006469211,-0.10595753713889097,0.9943706554014256,0.05305348526993529,-0.9985916721566993,-0.9996478560364893,-0.026536087157875483,-0.7164272772437812,0.6976617779562402,0.38880472093569013,-0.9213201880877897,0.980132692059547,0.19834289993873028,0.6331102194962855,0.7740616577310655,-0.3361088679795094,-0.9418231409694353,0.9853484513027448,-0.17055330402921653,1,0,0,0,99,4
1701586380,12,3,6,893,019.9,0.0,079,0,0,0,0,0,0,1,0.7087229424210651,0.7054869175867313,0.3837402001441005,0.9234410965477796,-0.19565135247707893,-0.9806735176774632,-0.9951566504017001,0.09830178615502556,-0.6714529819149567,0.7410471598201512,0.35982832030000694,-0.9330185313862076,0.9831120310997642,0.18300473848208468,0.63913819378829,0.7690919120892133,-0.3397852909638575,-0.9405030335116451,0.9850134601901755,-0.1724774861950899,1,0,0,0,99,1
1701586440,12,3,6,894,019.9,0.0,079,0,0,0,0,0,0,1,0.9765714113225485,-0.21519358398308666,0.7794849530244592,0.6264209511250854,-0.4321915367489943,-0.9017818336840362,-0.9751363580761503,0.22160569297286092,-0.6238566770609814,0.7815387683835208,0.3305005534159355,-0.9438057979223058,0.9858513574373943,0.1676218990431951,0.6451271583791853,0.7640752250410934,-0.34345652924271697,-0.9391685751347022,0.9846747115506476,-0.17440101041177747,1,0,0,0,99,1
1701586500,12,3,6,895,019.9,0.0,079,0,0,0,0,0,0,1,0.3465646283438878,-0.9380260968549131,0.9843846039163029,0.17603110967253321,-0.6418601445515475,-0.7668217229814676,-0.93989938902562,0.3414515170697975,-0.5738242252337393,0.8189784847814372,0.30085005835013795,-0.9536714541133747,0.9883500023051992,0.15219813712168961,0.6510767477334414,0.759011902779426,-0.3471225267975085,-0.9378197862007993,0.9843322066763841,-0.176323869341619,1,0,0,0,99,1
1701586560,12,3,6,896,019.9,0.0,080,0,0,0,0,0,0,1,-0.6020720756694736,-0.7984417422073145,0.9482725721561587,-0.3174572867274317,-0.8116209973649744,-0.5841843515845697,-0.8899956043668333,0.4559691044442761,-0.5215510020869119,0.8532201077225842,0.27090578830786904,-0.9626058663135666,0.9906073556948704,0.1367372182078336,0.6569865987187891,0.7539022543433046,-0.35078322768961984,-0.9364566872907963,0.9839859468739369,-0.17824605564949209,1,0,0,0,99,0
1701586620,12,3,6,897,019.9,0.0,079,0,0,0,0,0,0,1,-0.9971664899099553,0.07522626802293965,0.6799903425700472,-0.7332210676265855,-0.9309191875846651,-0.3652252266570688,-0.8262037359686377,0.5633714464467166,-0.46724113343822987,0.8841299244021539,0.2406969833606626,-0.9706003102209874,0.9926228665059523,0.12124291686323913,0.662856350628385,0.7487465915993338,-0.3544385760612593,-0.9350792992039054,0.983635933464182,-0.18016756200284023,1,0,0,0,99,2
1701586680,12,3,6,898,019.9,0.0,080,0,0,0,0,0,0,1,-0.47547063199610207,0.8797315943566124,0.2452227616305097,-0.9694667591920345,-0.9923373315541532,-0.1235581660756696,-0.7495192346016444,0.661982565451814,-0.4111066981625245,0.9115872326474889,0.2102531418938979,-0.9776469793968293,0.9943960426803873,0.10571901579936002,0.6686856452028263,0.7435452292225941,-0.35808851613630804,-0.9336876429573742,0.9832821677823141,-0.18208838107170075,1,0,0,0,99,0
1701586740,12,3,6,899,019.8,0.0,080,0,0,0,0,0,0,1,0.4833707322298039,0.8754157499289256,-0.2495839037989774,-0.9683531767720199,-0.9920567465553621,0.12579114282806264,-0.6611387362618898,0.7502636679288364,-0.35336690002825927,0.935484812257483,0.179603991802127,-0.9837389928882262,0.9959264513226431,0.09016930495399704,0.6744741266520173,0.7382984846774362,-0.36173299222117117,-0.9322817397861647,0.982924651177842,-0.18400850552873269,1,0,0,0,99,2
1701586860,12,3,6,901,019.7,0.0,080,0,0,0,0,0,0,1,0.5948600877161377,-0.803829258015873,-0.9496918600303661,-0.31318584098273583,-0.8103042147807007,0.5860094534294068,-0.45496733210780815,0.8905081283821633,-0.23397849432996692,0.9722417724985292,0.11780965049916516,-0.993036195840446,0.9982575308607609,0.05900764424866507,0.6859272394909445,0.7276701327691913,-0.3690053300636785,-0.9294272786961848,0.9821983706706565,-0.1878466413112238,1,0,0,0,99,5
1701586920,12,3,6,902,019.7,0.0,081,0,0,0,0,0,0,1,-0.35499472029806434,-0.9348683054636622,-0.9835823060282404,0.18046009882566544,-0.640132760126497,0.7682643096049905,-0.34039366209949434,0.9402830184590676,-0.17279609593525602,0.9849576179864461,0.08672480041358972,-0.9962323067403621,0.999057632656986,0.04340330206123635,0.6915911718417044,0.7222891741059243,-0.3726330808543947,-0.9279787643329788,0.9818296095384826,-0.18976463799536156,1,0,0,0,99,4
1701586980,12,3,6,903,019.7,0.0,081,0,0,0,0,0,0,1,-0.9784690196122566,-0.20639374423424112,-0.7766574998782414,0.6299231126755704,-0.4301609508802662,0.9027522120370491,-0.2205082628417254,0.9753851065187148,-0.11093893248378867,0.9938272250544142,0.05555526503215395,-0.9984556136990803,0.9996138288606957,0.027788363580100107,0.6972128930319275,0.7168641306342856,-0.3762551457227625,-0.9265160901555584,0.9814571030247726,-0.19168191078508376,1,0,0,0,99,5
1701587040,12,3,6,904,019.6,0.0,081,0,0,0,0,0,0,1,-0.7023434147360162,0.7118382736106231,-0.3795798508807975,0.9251589792059046,-0.19344381715900788,0.9811113543339269,-0.09718190589320902,0.9952666362171313,-0.04864855487508726,0.9988159580766447,0.02433148087720227,-0.9997039456950855,0.9999259836845639,0.012166640968536861,0.7027920599407278,0.7113953334709671,-0.37987146940052824,-0.9250392784825321,0.9810808525505256,-0.19359845236657747,1,0,0,0,99,3
1701587100,12,3,6,905,019.6,0.0,081,0,0,0,0,0,0,1,0.2195134866259111,0.9756094655082719,0.11043218392236956,0.9938836615792292,0.055300716183295164,0.9984697445539422,0.027660942193441066,0.999617362932923,0.01383179429931263,0.9999043361574453,-0.006916062555914125,-0.9999760837533679,0.9999940209204673,-0.0034580519539247237,0.7083283320445133,0.7058831164031604,-0.3834819967070421,-0.923548351848229,0.9807008595510226,-0.19551425542881906,1,0,0,0,99,2
1701587160,12,3,6,906,019.6,0.0,081,0,0,0,0,0,0,1,0.9395507007222859,0.3424098140711822,0.5734065686442813,0.8192709606934638,0.300606918837987,0.9537481220672112,0.1520721505286041,0.9883693950308283,0.07625813061297684,0.9970881092037023,-0.03815685257131214,-0.9992717621357321,0.9998179239580905,-0.019081900642597186,0.7138213714377698,0.7003278158681843,-0.3870866725500994,-0.9220433330023552,0.9803171254758215,-0.19742931266360217,1,0,0,0,99,2
1701587220,12,3,6,907,019.6,0.0,081,0,0,0,0,0,0,1,0.795769333534644,-0.6055998413191904,0.895991027108863,0.4440721555562843,0.5272228392452833,0.8497270607543002,0.27411032381661565,0.9616982532879792,0.1383866805585365,0.990378274521402,-0.06936038306770646,-0.997591668600285,0.9993977357889813,-0.03470109075890063,0.7192708428536849,0.6947297709329504,-0.39068544192678184,-0.9205242449096467,0.9799296517887512,-0.19934361676556553,1,0,0,0,99,1
1701587280,12,3,6,908,019.6,0.0,081,0,0,0,0,0,0,1,-0.07963868902644415,-0.9968237954674584,0.9992056333576834,-0.03985100081893557,0.7210585970706318,0.6928740863898232,0.39187109718004004,0.9200201319508784,0.19997483347801748,0.9798010338713872,-0.1004961843270998,-0.9949374437298526,0.9987335589960549,-0.05031180910157879,0.724676413684611,0.6890893232732681,-0.3942782499242964,-0.9189911107495187,0.9795384399679061,-0.20125716043222083,1,0,0,0,99,2
1701587340,12,3,6,909,019.5,0.0,081,0,0,0,0,0,0,1,-0.8818272681692509,-0.4715725491514069,0.8577798520457935,-0.514017242341438,0.8700624237206885,0.49294155721472804,0.5035168531366512,0.8639854041633829,0.2607820889522679,0.965397691152041,-0.13153385276794535,-0.9913116793299777,0.9978255557285496,-0.06591024453763744,0.7300377540023658,0.6834068171529907,-0.3978650417208135,-0.9174439539157121,0.9791434915056404,-0.2031699363639806,1,0,0,0,99,4
1701587400,12,3,6,910,019.5,0.0,081,0,0,0,0,0,0,1,-0.8732679237120532,0.4872403240862148,0.5063396468349013,-0.8623341359607118,0.9649699829426591,0.2623603095356538,0.6073053970056359,0.7944684731113166,0.32057099594994815,0.9472244911084481,-0.1624430806337284,-0.9867179158980666,0.9966739476624406,-0.08149258893277783,0.7353545365783697,0.677682599403003,-0.40144576258630316,-0.915882798015937,0.9787448079085622,-0.20508193726418603,1,0,0,0,99,2
1701587460,12,3,6,911,019.5,0.0,081,0,0,0,0,0,0,1,-0.06183007747535922,0.99808669038285,0.030929836866284966,-0.999521558142407,0.9998803823814144,0.015466768531161397,0.7016171432728959,0.7125541272532078,0.3791080800687267,0.9253523996978685,-0.19319368558797598,-0.9811606391661531,0.9952790159463207,-0.09705503808109808,0.7406264369036181,0.6719170194000528,-0.4050203578833706,-0.9143076668715112,0.9783423906975286,-0.20699315583913486,1,0,0,0,99,3
1701587520,12,3,6,912,019.6,0.0,081,0,0,0,0,0,0,1,0.8064540568481686,0.591296756454093,-0.45205267588297,-0.8919912433578294,0.9726230624856244,-0.23238842122852268,0.7849803886813105,0.6195206125592099,0.43616475524782494,0.8998668269691937,-0.22375564018679642,-0.9746452757206577,0.9936411011327626,-0.11259379263383548,0.7458531332084875,0.6661104290454266,-0.4085887730680895,-0.9127185845169985,0.9779362414076386,-0.2089035847981091,1,0,0,0,99,6
1701587580,12,3,6,913,019.6,0.0,082,0,0,0,0,0,0,1,0.9332880504589218,-0.3591286884538535,-0.8243569276878352,-0.5660703629170788,0.8848927513877257,-0.46579482451124404,0.8560942776678407,0.5168196859102583,0.49151821639169274,0.8708672935385329,-0.2540991012001687,-0.9671781877034171,0.9917606030951767,-0.12810505902692298,0.7510343064823747,0.6602631827434713,-0.4121509536908345,-0.9111155751998402,0.9775263615882285,-0.21081321685340298,1,0,0,0,99,6
1701587640,12,3,6,914,019.6,0.0,081,0,0,0,0,0,0,1,0.20206131455610385,-0.9793728734041286,-0.9948298531417643,-0.1015557152401366,0.7421440949169293,-0.6702403616464259,0.9138491017795076,0.4060539609174956,0.5449523094191382,0.8384670419633367,-0.2841944387533501,-0.9587666665991619,0.9896379809301888,-0.14358505040713354,0.7561696404931679,0.6543756373799633,-0.41570684539711195,-0.9094986633799863,0.9771127528028652,-0.2127220447203506,1,0,0,0,99,7
1701587700,12,3,6,915,019.5,0.0,081,0,0,0,0,0,0,1,-0.714939662096101,-0.6991861551560592,-0.9217337346425103,0.3878233134069823,0.5532525131407077,-0.8330135993508696,0.9573436163026496,0.28895189967287843,0.5962583753403895,0.8027925945326347,-0.31401226525994597,-0.9494189261155043,0.9872737528455581,-0.1590299875565859,0.7612588218065476,0.6484481523003262,-0.4192563939283895,-0.9078678737295219,0.9766954166293405,-0.21463006111735386,1,0,0,0,99,5
1701587760,12,3,6,916,019.6,0.0,081,0,0,0,0,0,0,1,-0.9746284105303279,0.2238290896803332,-0.6229650513149461,0.7822496691211615,0.3299623697323973,-0.9439940860834779,0.98589910388525,0.16734084067633054,0.645236065065984,0.7639832592002035,-0.34352346411838924,-0.939144094162393,0.9846684960336634,-0.17443609981538652,0.766301539805117,0.6424810892876979,-0.42279954512292356,-0.9062232311322905,0.976274354659665,-0.21653725876591012,1,0,0,0,99,7
1701587820,12,3,6,917,019.5,0.0,081,0,0,0,0,0,0,1,-0.33824829305217113,0.9410569017053605,-0.17167279675976546,0.9851540239235083,0.08615676432089285,-0.9962815927044694,0.9990699656942124,0.04311848382962152,0.6916941217656756,0.7221905855899886,-0.37269921814380785,-0.9279522039388636,0.9818228465305907,-0.1897996260021821,0.7712974867073605,0.636474812540849,-0.4263362449165863,-0.9045647606835149,0.9758495685000621,-0.21844363039064005,1,0,0,0,99,7
1701587880,12,3,6,918,019.5,0.0,082,0,0,0,0,0,0,1,0.6091157451462272,0.7930813382087339,0.32165094574030556,0.9468583152216423,-0.16300565140257817,-0.9866251353025733,0.9966506748361166,-0.08177672253589847,0.7354511277222635,0.6775777731980668,-0.4015110377075164,-0.9158541841357899,0.9787374990608538,-0.20511681533239795,0.7762463575864296,0.630429688651955,-0.4298664393436902,-0.9028924876894134,0.975421059770962,-0.22034916871931534,1,0,0,0,99,10
1701587940,12,3,6,919,019.5,0.0,082,0,0,0,0,0,0,1,0.9964615763383645,-0.0840495501550226,0.7362233187542427,0.6767386681153137,-0.4020331652268792,-0.9156251056287484,0.9786789835356506,-0.20539583049717866,0.7763362127638961,0.6303190341021051,-0.42993078855665534,-0.9028618482642029,0.9754132068677877,-0.22038392833393852,0.7811478503887528,0.6243460865842203,-0.43339007453781153,-0.9012064376668146,0.9749888301069952,-0.22225386648288642,1,0,0,0,99,9
1701588060,12,3,6,921,019.5,0.0,082,0,0,0,0,0,0,1,-0.4911003724158074,-0.8711029928849144,0.967239110273389,-0.2538670982178328,-0.7917913545302931,-0.6107916591531711,0.8974384823354666,-0.4411396269022025,0.848863836814304,0.5286115649027164,-0.4854834884407932,-0.8742458363934931,0.9680510927615064,-0.2507530294996523,0.7908075080257054,0.6120649354849319,-0.4404174522626619,-0.8977931096541485,0.9741132145839488,-0.2260607112545781,1,0,0,0,99,2
1701588120,12,3,6,922,019.5,0.0,081,0,0,0,0,0,0,1,-0.9983505569209379,-0.05741224168810282,0.7271218060573149,-0.6865084698355503,-0.9182887535616316,-0.3959113096164656,0.8354374032853884,-0.5495856122495996,0.880223157003268,0.47456000028995304,-0.5125621912070998,-0.8586501034443405,0.9640150682028628,-0.26584760348332986,0.7955650832846204,0.605868136031542,-0.4439210875642528,-0.8960658837472673,0.9736698320650762,-0.22796284374074297,1,0,0,0,99,0
1701588180,12,3,6,923,019.5,0.0,081,0,0,0,0,0,0,1,-0.5877218435224411,0.8090630597466326,0.30897972445887717,-0.9510686252176108,-0.9876914055558069,-0.156415112413074,0.7603996029763147,-0.649455497931508,0.9081452246010844,0.4186552890317355,-0.5391403856920127,-0.8422159132407009,0.9597436931912344,-0.2808772745874069,0.8002741013513455,0.5996343575098884,-0.4474179491762214,-0.8943249849774656,0.9732227352917383,-0.2298641066179476,1,0,0,0,99,0
1701588240,12,3,6,924,019.5,0.0,081,0,0,0,0,0,0,1,0.3632556223924401,0.931689515235779,-0.18481136973170906,-0.9827740114685011,-0.9956841897581032,0.09280621889587708,0.6734960211850264,-0.7391908477842096,0.9325210045313215,0.36111573782915524,-0.5651921187396569,-0.8249593134904155,0.9552380105215703,-0.295838373533239,0.8049342748116889,0.5933639803976818,-0.4509079837407618,-0.8925704399087172,0.9727719259694734,-0.23176449263345197,1,0,0,0,99,1
1701588300,12,3,6,925,019.5,0.0,081,0,0,0,0,0,0,1,0.9802575443188444,0.19772492712348877,-0.6333541950901215,-0.7738620442700006,-0.9417701535592431,0.33625730901349893,0.5760827592397212,-0.8173913716860176,0.9532553098949981,0.30216603739830056,-0.5906919512748161,-0.8068971549702914,0.9504991201916736,-0.31072724778309085,0.8095453192326822,0.5870573874064227,-0.45439113800424047,-0.8908022753132209,0.9723174058179821,-0.2336639945378611,1,0,0,0,99,0
1701588360,12,3,6,926,019.5,0.0,081,0,0,0,0,0,0,1,0.6960152006877834,-0.7180270471309174,-0.9268298244906983,-0.3754816592518752,-0.8293014106016808,0.5588015482924706,0.46967991851234675,-0.8828367766162867,0.9702671736733874,0.24203638505781863,-0.6156149831437591,-0.7880470750716034,0.9455281791336532,-0.3255402624318508,0.8141069531799402,0.5807149634580416,-0.4578673588180088,-0.8890205181709929,0.9718591765711205,-0.23556260508515253,1,0,0,0,99,1
1701588420,12,3,6,927,019.5,0.0,081,0,0,0,0,0,0,1,-0.22814030861707352,-0.9736282656045409,-0.9933851885357816,0.11482973133178336,-0.6652707225890137,0.7466022138099322,0.35594787974510245,-0.9345058089198622,0.9834901649024921,0.18096158581331254,-0.6399368774288162,-0.7684274805774819,0.9403264009314749,-0.34027380109444083,0.8186188982348382,0.5743370956614064,-0.4613365931392141,-0.8872251956694553,0.9713972399768941,-0.23746031703270412,1,0,0,0,99,0
1701588480,12,3,6,928,019.5,0.0,081,0,0,0,0,0,0,1,-0.9425446703023311,-0.33408014679814474,-0.816725212907666,0.5770267988585345,-0.4598767232321427,0.8879827697817494,0.23666139336428604,-0.9715921906288022,0.9928726480845371,0.11918013544881928,-0.6636338842129675,-0.7480575296890004,0.934895055524683,-0.354924266788705,0.8230808790115055,0.5679241732886948,-0.46479878803160896,-0.8854163352030204,0.9709315977974505,-0.2393571231413216,1,0,0,0,99,1
1701588540,12,3,6,929,019.5,0.0,081,0,0,0,0,0,0,1,-0.7903778088790765,0.6126197182849324,-0.4401024208721576,0.8979475815115636,-0.22588981660140897,0.9741528580031893,0.11368188509347199,-0.9935172011604,0.9983779848234836,0.056933289205876925,-0.6866828637712329,-0.7269571133175178,0.9292354688983622,-0.3694880828135612,0.8274926231736333,0.5614765877516349,-0.46825389066635903,-0.8835939643726736,0.9704622518090731,-0.24125301617526615,1,0,0,0,99,4
1701588660,12,3,6,931,019.5,0.0,081,0,0,0,0,0,0,1,0.8859667583012527,0.4637487500631885,0.5178084829050271,0.855496566347051,0.2687967946729918,0.9631969077886025,-0.13565229856400807,-0.9907565058551476,0.9976864502074656,-0.06798343233778488,-0.7307473682257722,-0.6826479940870753,0.9172371541992494,-0.39834156569012774,0.8361643276563907,0.5484790033856685,-0.4751426083894874,-0.8799088030545178,0.969512455581288,-0.24504203409362463,1,0,0,0,99,3
1701588720,12,3,6,932,019.4,0.0,082,0,0,0,0,0,0,1,0.8689209998517899,-0.4949508016122064,0.8645665970913422,0.5025182575726944,0.4987392818032813,0.8667520572726362,-0.2581161974066756,-0.9661138797451976,0.9914922792803779,-0.13016551051411895,-0.7517198648812332,-0.6594825583311059,0.9109013553429114,-0.41262418837781073,0.8404237587008743,0.5419297978623197,-0.47857611836450864,-0.8780460687977367,0.9690320089650643,-0.2469351445240868,1,0,0,0,99,3
1701588780,12,3,6,933,019.4,0.0,082,0,0,0,0,0,0,1,0.05299328137309047,-0.998594868867907,0.9996486554954963,0.02650595340761163,0.6976725759954981,0.7164167618808244,-0.37655227931800894,-0.9263953696669754,0.9814263522208315,-0.19183929515746312,-0.7719583198455287,-0.6356731490485251,0.9043431729848258,-0.4268060747877629,0.8446318946108307,0.5353475157373185,-0.482002325856775,-0.876169936638241,0.9685478657862607,-0.24882731297202784,1,0,0,0,99,3
1701588840,12,3,6,934,019.4,0.0,082,0,0,0,0,0,0,1,-0.8116562156089902,-0.5841354189426392,0.8899818590686664,-0.45599593257909704,0.8532279685345228,0.5215381421434596,-0.4891123888517548,-0.8722207696860524,0.9675279762585814,-0.25276395145861635,-0.7914429706108382,-0.6112430157234452,0.8975642082111578,-0.44088376261581397,0.8487884785433335,0.5287325587592399,-0.4854211785865756,-0.8742804352034992,0.9680600278917365,-0.2507185322194002,1,0,0,0,99,3
1701588900,12,3,6,935,019.3,0.0,082,0,0,0,0,0,0,1,-0.9300727311045811,0.3673754412799875,0.5624164643393774,-0.8268541108563189,0.9557337785325783,0.2942328067565555,-0.5940400631453423,-0.8044354563159668,0.9498514242543322,-0.3127015699385224,-0.8101547907463494,-0.5862160139664719,0.8905661160089328,-0.4548538149963832,0.8528932568019234,0.5220853306709626,-0.488832624386424,-0.8723775933249783,0.9675684971424448,-0.2526087950517773,1,0,0,0,99,3
1701588960,12,3,6,936,019.3,0.0,082,0,0,0,0,0,0,1,-0.1933846668727768,0.9811230150284443,0.09715190417988626,-0.9952695652506521,0.9988166912028082,0.048633500538969116,-0.689697940935389,-0.7240971967004738,0.9284657227653786,-0.37141809547969407,-0.8280755084772445,-0.5606165822201061,0.8833506048619953,-0.4687128213415406,0.8569459788520921,0.5154062371850283,-0.49223661120185463,-0.8704614400377044,0.967073275413426,-0.254498094258381,1,0,0,0,99,3
1701589020,12,3,6,937,019.3,0.0,083,0,0,0,0,0,0,1,0.7211003682427743,0.6928306134403526,-0.3918988304139523,-0.9200083188320507,0.9797980197040742,-0.1999896011895985,-0.7745933130325869,-0.6324596425110466,0.9034543824983767,-0.42868424130643845,-0.8451876245267788,-0.5344697178950186,0.875919436333907,-0.48245739817365296,0.8609463973365743,0.5086956859588782,-0.49563308709221676,-0.8685320045798192,0.9665743645938008,-0.256386422632109,1,0,0,0,99,3
1701589080,12,3,6,938,019.3,0.0,082,0,0,0,0,0,0,1,0.9726090503206481,-0.23244705899272397,-0.7849990633729201,-0.6194969495515196,0.8998602529147288,-0.43617831815008895,-0.8474014155493513,-0.5309527671318378,0.8749150722018217,-0.48427638434480896,-0.8614744292040272,-0.5078009529605035,0.8682744246378858,-0.4960841899514116,0.8648942680904446,0.5019540865699712,-0.49902200023146714,-0.8665893163921337,0.9660717665867619,-0.25827377296956255,1,0,0,0,99,3
1701589140,12,3,6,939,019.3,0.0,082,0,0,0,0,0,0,1,0.3299054569501611,-0.9440139773724251,-0.9859041478187485,-0.1673111213093364,0.7639735340014523,-0.645247579883359,-0.9069861023972084,-0.4211605514032867,0.8429592372716745,-0.5379774384659236,-0.8769200187206139,-0.4806363290129432,0.8604174361938928,-0.5095898698890396,0.8687893501560202,0.495181850490787,-0.5024032989089606,-0.8646334051176796,0.965565483309568,-0.2601601380710738,1,0,0,0,99,4
1701589200,12,3,6,940,019.3,0.0,082,0,0,0,0,0,0,1,-0.6161116921033395,-0.7876587984994262,-0.9454255122693237,0.3258383046087229,0.5805866409896446,-0.8141984723053474,-0.9524175744665119,-0.3047962661308802,0.8077116645594764,-0.5895777022026527,-0.8915093107204918,-0.4530023718466313,0.8523503891729713,-0.5229711407684791,0.8726314057975678,0.4883793910637103,-0.5057769315302397,-0.8626643006012565,0.9650555166935363,-0.2620455107407332,1,0,0,0,99,3
1701589260,12,3,6,941,019.3,0.0,082,0,0,0,0,0,0,1,-0.9956785927816724,0.09286624723928816,-0.6734737384489138,0.7392111495504137,0.3611016826667984,-0.9325264472256038,-0.9829868888305693,-0.18367573706725146,0.7693099950823632,-0.6388756776293603,-0.9052280590076073,-0.42492606555178497,0.8440752530289538,-0.5362247357443589,0.8764202005158139,0.4815471234758033,-0.5091428466178214,-0.8606820328889767,0.964541868684034,-0.2639298837864171,1,0,0,0,99,3
1701589320,12,3,6,942,019.3,0.0,082,0,0,0,0,0,0,1,-0.4598231870636247,0.8880104935408426,-0.2366321052384454,0.9715993241920361,0.11916517068330806,-0.9928744442758198,-0.9982170215629014,-0.05968900955862884,0.7279041865378398,-0.6856788572069913,-0.9180628674570689,-0.39643482616503856,0.8355940480176479,-0.549347419141549,0.8801555030622569,0.47468546473346485,-0.5125009928119824,-0.8586866322278066,0.9640245412404724,-0.26581325001981504,1,0,0,0,99,5
1701589380,12,3,6,943,019.3,0.0,082,0,0,0,0,0,0,1,0.49879153625744566,0.8667219873511559,0.25814532016757935,0.96610609856039,-0.13018045444614568,-0.9914903172901867,-0.99787031153607,0.06522914498065015,0.6836559277221802,-0.7298044755208926,-0.9300012030962359,-0.36755647489814913,0.8269088447036194,-0.5623359872451037,0.8838370854532819,0.4677948336369782,-0.5158513188715436,-0.8566781290651052,0.9635035363362984,-0.2676956022564573,1,0,0,0,99,5
1701589440,12,3,6,944,019.3,0.0,082,0,0,0,0,0,0,1,0.998819621438444,0.048573283084049755,0.689719768063795,0.7240764058730438,-0.37143208943692263,-0.9284601245807608,-0.9819521690440836,0.1891294205289584,0.6367380071391379,-0.7710802229758452,-0.9410314083429535,-0.3383192109710552,0.8180217634546941,-0.5751872690824027,0.8874647229840752,0.46087565075494996,-0.5191937736746512,-0.8546565540481598,0.9629788559589872,-0.26957693331574223,1,0,0,0,99,7
1701589500,12,3,6,945,019.3,0.0,082,0,0,0,0,0,0,1,0.5805375529616218,-0.81423347364336,0.9524267619201384,0.3047675559804882,-0.5895898761086014,-0.8077027782484372,-0.950710991376569,0.31007839472588444,0.5873336382645368,-0.8093449186613468,-0.951142712388984,-0.30875158407581743,0.8089349739243005,-0.5878981271972987,0.8910381942423397,0.45392833839864044,-0.5225283062195576,-0.8526219380237177,0.9624505021100351,-0.27145723602096367,1,0,0,0,99,6
1701589560,12,3,6,946,019.3,0.0,083,0,0,0,0,0,0,1,-0.371488064422021,-0.9284377297331149,0.9819464674138593,-0.18915902075619492,-0.7710898199160053,-0.6367263852094576,-0.9046342866621455,0.42618869928151687,0.535635744101569,-0.8444491397596178,-0.9603252417175178,-0.27888246649832815,0.7996506945217794,-0.6004654584160823,0.8945572811218079,0.44695332059618803,-0.5258548656253986,-0.8505743120375162,0.9619184768049516,-0.27333650319933833,1,0,0,0,99,6
1701589620,12,3,6,947,019.3,0.0,083,0,0,0,0,0,0,1,-0.9819692685810417,-0.18904061881620535,0.7710514311043737,-0.6367728720602797,-0.9046471334338819,-0.4261614294722836,-0.8444410664671288,0.5356484717273617,0.4818462038205958,-0.8762558050385063,-0.9685700297444957,-0.2487410249250148,0.7901711918707917,-0.6128861946050772,0.8980217688355548,0.43995102306672884,-0.5291734011329704,-0.8485137073338087,0.9613827820732512,-0.2752147276820331,1,0,0,0,99,7
1701589680,12,3,6,948,019.3,0.0,083,0,0,0,0,0,0,1,-0.689632455789954,0.7241595652348433,0.3713761131017696,-0.9284825160537067,-0.9819578697820255,-0.18909982012986337,-0.7710706258605184,0.6367496289241701,0.42617506442530745,-0.9046407101507675,-0.9758690255743256,-0.21835669196206517,0.7804987802559544,-0.6251573034196812,0.9014314459291071,0.43292187319441294,-0.5324838621055041,-0.8464401553548877,0.9608434199584467,-0.27709190230419245,1,0,0,0,99,9
1701589740,12,3,6,949,019.3,0.0,083,0,0,0,0,0,0,1,0.23674925645140169,0.971570784641916,-0.11922502958289408,-0.9928672581573823,-0.9982152218227747,0.059719100138137124,-0.6856678860286016,0.7279145211280432,0.36883972052366915,-0.9294930126493807,-0.9822151018614458,-0.18775913739498723,0.7706358210578416,-0.6372757890446697,0.9047861042933489,0.42586630000231895,-0.5357861980294384,-0.8443536877406053,0.9603003925180404,-0.2789680199049658,1,0,0,0,99,11
1701589800,12,3,6,950,019.3,0.0,083,0,0,0,0,0,0,1,0.9454647941364738,0.32572430527744684,-0.580635726907393,-0.8141634680079446,-0.9524083861474406,0.30482497600430924,-0.5895655281627695,0.8077205506870273,0.31006406540662906,-0.9507156648249326,-0.9876020617700564,-0.15697823921656684,0.7605847221764866,-0.6492386929255808,0.9080855391772245,0.41878473412626877,-0.5390803585151899,-0.8422543363278899,0.9597537018235173,-0.28084307332753466,1,0,0,0,99,12
1701589860,12,3,6,951,019.3,0.0,083,0,0,0,0,0,0,1,0.7849243603267638,-0.6195915982045113,-0.8998865479060434,-0.43612406594654274,-0.8473854099365126,0.5309783112583117,-0.4842631974152528,0.8749223712016717,0.2500776167496086,-0.968225792674847,-0.9920246450252249,-0.126044054451515,0.7503479374435286,-0.6610430944910041,0.9113295492002341,0.4116776077885437,-0.5423662932979225,-0.8401421331502615,0.959203349960336,-0.2827170554191403,1,0,0,0,99,12
1701589920,12,3,6,952,019.3,0.0,083,0,0,0,0,0,0,1,-0.09727191050322355,-0.9952578436902936,-0.9988137573367454,0.048693717817118926,-0.6896761131802671,0.7241179868699296,-0.3714041014380902,0.9284713207390763,0.18911462035089152,-0.9819550195245901,-0.9954785330494551,-0.09498678980629327,0.7399279660231438,-0.6726861118655962,0.9145179363647266,0.40454535477150383,-0.5456439522383145,-0.8380171104373418,0.9586493390279216,-0.2845899590311104,1,0,0,0,99,11
1701589980,12,3,6,953,019.3,0.0,083,0,0,0,0,0,0,1,-0.8900368354089458,-0.4558886175539251,-0.8531965241238167,0.521589581206371,-0.48908609609844206,0.8722355132664489,-0.2527493686773037,0.9675317858516197,0.12741313540679455,-0.9918497330371219,-0.9979603531797047,-0.0638367721727774,0.7293273518019112,-0.6841649025736495,0.9176505060679827,0.3973884103911125,-0.548913285323323,-0.8358793006143628,0.9580916711396574,-0.28646177701888714,1,0,0,0,99,10
1701590040,12,3,6,954,019.4,0.0,083,0,0,0,0,0,0,1,-0.8645059984548472,0.5026225011234452,-0.49868702553633515,0.8667821240437084,-0.25808707441122625,0.9661216600521149,-0.13015056655252244,0.9914942410453312,0.06521410489560044,-0.9978712945679246,-0.9994676819607337,-0.03262441901456225,0.7185486827677587,-0.6954766642330416,0.9207270671140937,0.39020721147036636,-0.5521742426669474,-0.8337287363016721,0.9575303484228769,-0.28833250224205376,1,0,0,0,99,7
1701590100,12,3,6,955,019.4,0.0,083,0,0,0,0,0,0,1,-0.044152333395038934,0.9990248102303433,-0.022081550779516786,0.9997561728317418,-0.011041448461551128,0.9999390413499569,-0.005520808366672965,0.9999847602213638,0.002760414700383762,-0.999996190048083,-0.9999990475115672,-0.001380208664824669,0.7075945903781432,-0.7066186352393968,0.9237474317256306,0.3830021963126342,-0.5554267745109907,-0.8315654503142355,0.9569653730188558,-0.2902021275643621,1,0,0,0,99,7
1701590160,12,3,6,956,019.4,0.0,083,0,0,0,0,0,0,1,0.8167947833692505,0.5769283160504252,0.45993025772913376,0.8879550427950801,0.2366906812750767,0.9715850561826999,0.11919510018725629,0.9928708516677031,-0.05970405485516448,-0.9982161218062207,-0.9995539309627621,0.029865349435251595,0.696467748917618,-0.7175880954402921,0.9267114155551047,0.3757738046749054,-0.5586708312258188,-0.8293894756611352,0.9563967470828033,-0.29207064585375986,1,0,0,0,99,9
1701590220,12,3,6,957,019.3,0.0,083,0,0,0,0,0,0,1,0.9267845431459862,-0.37559341126500806,0.829335098517182,0.5587515497674221,0.469706530842705,0.8828226180177483,0.2420510090685967,0.9702635255480204,-0.12193538135418193,-0.9925380409707278,-0.9981327669630748,0.06108174452842746,0.6851708748449442,-0.7283823667993438,0.9296188376962204,0.3685224777409488,-0.5619063633111175,-0.8272008455450673,0.9558244727838546,-0.29393804998241774,1,0,0,0,99,9
1701590280,12,3,6,958,019.3,0.0,083,0,0,0,0,0,0,1,0.18469286804020318,-0.982796288401154,0.9956897831154927,0.0927461902151406,0.6735183033091452,0.7391705453463161,0.36112979290947733,0.9325155616251978,-0.18369055279845262,-0.9829841203257552,-0.9957369432550334,0.09223849433464518,0.6737067261299069,-0.7389988140500109,0.9324695206949155,0.36124865809438594,-0.565133321396648,-0.8249995933618349,0.9552485523050623,-0.2958043328267565,1,0,0,0,99,8
1701590340,12,3,6,959,019.3,0.0,082,0,0,0,0,0,0,1,-0.7272045781869426,-0.6864207903785774,0.9182648829119453,-0.39596667133827224,0.8354539698087119,0.5495604282796059,0.4745732671149915,0.8802160042511173,-0.24472841656505961,-0.9695916677269657,-0.9923687993198309,0.12330517481645753,0.6620781015799958,-0.7494348453389585,0.9352632905601926,0.35395278969167726,-0.5683516562430001,-0.8227857526998378,0.954668987843388,-0.2976694872674744,1,0,0,0,99,9
1701590460,12,3,6,961,019.3,0.0,082,0,0,0,0,0,0,1,-0.3215367736757958,0.9468970921774763,0.16294616875294074,-0.9866349609094227,0.996653139489718,0.08174667910862572,0.6775888579704414,0.7354409150668141,-0.3637025466869774,-0.9315151407966523,-0.9827296527521321,0.18504710103558453,0.6383388202845004,-0.7697555134702136,0.940679412305333,0.33929668914519806,-0.5747622599191782,-0.8183204412530577,0.9534989358287344,-0.30139638248239004,1,0,0,0,99,4
1701590520,12,3,6,962,019.3,0.0,082,0,0,0,0,0,0,1,0.6230593684278799,0.7821745479202525,-0.33001928131531005,-0.9439741913633689,0.9858940590558828,-0.16737055989126504,0.7639929842254002,0.6452245501020304,-0.421174221610232,-0.9069797544879462,-0.9764680625826803,0.21566205682972353,0.6262339591439754,-0.779635189312836,0.9433014336130409,0.3319373515342646,-0.5779544309310792,-0.8160690386034335,0.9529084527391478,-0.30325810903961536,1,0,0,0,99,1
1701590580,12,3,6,963,019.3,0.0,082,0,0,0,0,0,0,1,0.9948176005844565,-0.10167566851211195,-0.7421845014927595,-0.6701956175206938,0.9138368611302276,-0.40608150812324995,0.8384752554855898,0.5449396718338416,-0.47700122021131053,-0.8789026316475113,-0.9692529679210456,0.24606642228521222,0.6139762119637812,-0.789324528405526,0.9458658806631959,0.3245577541782617,-0.5811377830694449,-0.8138051837443228,0.9523143345934478,-0.3051186787593291,1,0,0,0,99,1
1701590640,12,3,6,964,019.3,0.0,082,0,0,0,0,0,0,1,0.4519451186001038,-0.8920457442158098,-0.9726370711153801,-0.23232978261965265,0.7849617132764033,-0.6195442750039529,0.8998734008192355,0.4361511922464772,-0.5309655392553846,-0.8473934128391833,-0.9610914141847234,0.2762305080551537,0.6015685712970908,-0.7988211652351087,0.9483725969351678,0.3171583474897762,-0.5843122677602378,-0.8115289112193651,0.9517165836580145,-0.3069780845440232,1,0,0,0,99,1
1701590700,12,3,6,965,019.3,0.0,082,0,0,0,0,0,0,1,-0.5064436211734846,-0.8622730765672137,-0.9649541638252083,0.26241848585111743,0.6072814479913258,-0.7944867795788415,0.9472293227035472,0.320556719178649,-0.5828564492314343,-0.8125751408881055,-0.9519913709924333,0.3061248594216864,0.5890140662914229,-0.808122781333903,0.9508214294319157,0.3097395830904544,-0.5874778365647276,-0.8092402557616787,0.951115202213086,-0.30883631930062994,1,0,0,0,99,2
1701590760,12,3,6,966,019.3,0.0,082,0,0,0,0,0,0,1,-0.9992104312245924,-0.03973051889875125,-0.7210168232776373,0.692917556820885,0.39184336359004157,-0.9200319442337003,0.9798040478161182,0.1999600657210081,-0.6324713172464788,-0.7745837804011287,-0.9419617243819222,0.33572028505801615,0.5763157619491175,-0.8172271058457423,0.9532122286893256,0.30230191378343746,-0.5906344411802289,-0.8069392522933302,0.9505101925527496,-0.31069337594054836,1,0,0,0,99,0
1701590820,12,3,6,967,019.2,0.0,083,0,0,0,0,0,0,1,-0.5733077789028065,0.8193400946185477,-0.3005494180508858,0.9537662435362628,0.15204235670321797,-0.9883739786984133,0.9970892584664658,0.07624310231616616,-0.6796163983026873,-0.733567686827932,-0.9310122681328995,0.36498788553325157,0.5634767583790605,-0.8261319160803714,0.9555448487853334,0.29484579352572476,-0.593782033440839,-0.8046259359248012,0.9499015569849334,-0.31254924737967194,1,0,0,0,99,2
1701590880,12,3,6,968,019.2,0.0,083,0,0,0,0,0,0,1,0.3796914013979365,0.9251132037239935,0.19350296674212325,0.9810996900733364,-0.09721190751822432,-0.9952637062792294,0.9988152247235795,-0.04866360920015389,-0.7241075918674496,-0.6896870271361664,-0.9191536942035773,0.3938990815322077,0.5505001900398365,-0.8348350380560844,0.9578191473488313,0.28737167740046654,-0.5969205653181726,-0.8023003419544537,0.949289297831397,-0.3144039265384152,1,0,0,0,99,2
1701590940,12,3,6,969,019.2,0.0,083,0,0,0,0,0,0,1,0.9836040582900275,0.18034149970372382,0.640179076624766,0.7682257154325556,-0.3404220061684059,-0.9402727570850268,0.9849550134612816,-0.17281094137087097,-0.7657711607820156,-0.643113154362873,-0.906397582290154,0.42242564176262254,0.5373892249744953,-0.8433343470304713,0.9600349855683571,0.27988002158918807,-0.6000499889220947,-0.7999625058679901,0.9486734174277232,-0.3162574063417408,1,0,0,0,99,1
1701591000,12,3,6,970,019.2,0.0,083,0,0,0,0,0,0,1,0.6831956801127874,-0.7302353474567127,0.9301170215238276,0.36726329284539677,-0.5624663132822282,-0.8268202019923669,0.9557249086406524,-0.29426161659961114,-0.8044444097013824,-0.5940279384845417,-0.8927563885194386,0.4505397105225345,0.52414706403712,-0.851627768019143,0.9621922282005667,0.2723712833439467,-0.6031702565014514,-0.7976124633379128,0.9480539181233082,-0.31810967971918674,1,0,0,0,99,0
1701591060,12,3,6,971,019.2,0.0,083,0,0,0,0,0,0,1,-0.24533965564184546,-0.9694371838182919,0.992329880588681,-0.12361799258544061,-0.7495391892974779,-0.6619599713783906,0.9115810362711564,-0.41112043771965984,-0.8399763204161352,-0.5426230562187438,-0.8782434332856534,0.47821383490090297,0.5107769401113842,-0.8597132763023096,0.9642907435784888,0.26484592095942344,-0.6062813204447983,-0.7952502502229796,0.9474308022813539,-0.3199607396048931,1,0,0,0,99,2
1701591120,12,3,6,972,019.2,0.0,083,0,0,0,0,0,0,1,-0.9483108434411563,-0.3173429441659648,0.8115857761709371,-0.584233282103149,-0.8900093488562771,-0.4559422758951242,0.8532122467168191,-0.5215638619118831,-0.8722281415753229,-0.4890992425306529,-0.8628728882432953,0.5054209915849098,0.4972821173212898,-0.8675888979190864,0.9663304036195608,0.257304393744951,-0.6093831332811276,-0.7928759025676563,0.9468040722788575,-0.3218105789376289,1,0,0,0,99,1
1701591180,12,3,6,973,019.2,0.0,083,0,0,0,0,0,0,1,-0.7794094151401889,0.6265149348505816,0.43213716870307417,-0.901807888313964,-0.9751430377934214,-0.22157629801722484,0.7815293654166889,-0.6238684564805209,-0.9010739305075142,-0.4336655067673005,-0.846659762468756,0.5321346132477662,0.48366589023427825,-0.8752527101494078,0.9683110838334466,0.24974716199648023,-0.6124756476805914,-0.7904894566015667,0.9461737305066038,-0.32365919066081944,1,0,0,0,99,2
1701591240,12,3,6,974,019.2,0.0,083,0,0,0,0,0,0,1,0.10607743500999182,0.9943578720871581,-0.053113688973945104,-0.9985884718158823,-0.9996470556691202,0.026566220884026468,0.6976509797584941,-0.7164377924439869,-0.9264010450242344,-0.37653831648054964,-0.8296198878042129,0.5583286144912557,0.4699315830569086,-0.8827028419834321,0.9702326633296345,0.24217468696848557,-0.6155588164552248,-0.7880909487389401,0.9455397793691549,-0.32550656772257286,1,0,0,0,99,2
1701591300,12,3,6,975,019.2,0.0,083,0,0,0,0,0,0,1,0.8940371806131415,0.44799276744307476,-0.5253604631854805,-0.8508797704267844,-0.9619978613351446,0.27305698084210883,0.6028859838965785,-0.7978273562751872,-0.948110583285301,-0.31794075212593687,-0.8117699033981048,0.5839774173176833,0.4560825488233006,-0.8899374745783221,0.9720950248248167,0.23458743084581274,-0.618632592559666,-0.7856804155780558,0.9449022212848417,-0.32735270307570724,1,0,0,0,99,0
1701591360,12,3,6,976,019.2,0.0,082,0,0,0,0,0,0,1,0.86002326542427,-0.510254821563673,-0.8689806734225085,-0.49484602576777714,-0.8645362993442719,0.5025703802614231,0.4987131538963941,-0.8667670910519801,-0.9661177700083929,-0.25810163593826746,-0.7931272394572851,0.6090559761063561,0.4421221685765394,-0.8969548417022889,0.9738980546500462,0.2269858567154693,-0.621696929091873,-0.7832578939006837,0.9442610586857545,-0.3291975896777772,1,0,0,0,99,1
1701591420,12,3,6,977,019.3,0.0,082,0,0,0,0,0,0,1,0.03530792620481886,-0.999376480785452,-0.9998441080452123,-0.017656715642326043,-0.7133220575736903,0.7008363875961614,0.3867580719285886,-0.9221812152706651,-0.980352287514714,-0.1972546383856853,-0.773710100226721,0.6335398020702072,0.42805385054324224,-0.9037532301657923,0.9756416427576757,0.21937042853836028,-0.6247517792938407,-0.7808234206715242,0.9436162940177337,-0.3310412204911012,1,0,0,0,99,1
1701591480,12,3,6,978,019.3,0.0,082,0,0,0,0,0,0,1,-0.8218693575364985,-0.5696760124338598,-0.8859108342361154,0.46385557427185253,-0.5177569051824165,0.8555277827960506,0.2687677596029232,-0.9632050100565431,-0.9907585503180235,-0.1356373656914954,-0.7535374462133568,0.65740498716868,0.413881029301489,-0.9103309802397916,0.977325682728074,0.21174161112097017,-0.6277970965523135,-0.7783770330376437,0.9429679297403607,-0.332883588482788,1,0,0,0,99,2
1701591540,12,3,6,979,019.3,0.0,082,0,0,0,0,0,0,1,-0.9234237442034923,0.3837819545538891,-0.5550756909855227,0.8317998420755708,-0.2900001361417173,0.9570266041431583,0.14658341628035845,-0.989198312812744,-0.9972959221847706,-0.07349043198694676,-0.7326289756715014,0.6806282274535245,0.399607164942319,-0.9166864860609445,0.9789500717761209,0.2040998700869938,-0.6308328343994969,-0.7759187683279074,0.942315968326948,-0.33472468662476373,1,0,0,0,99,1
1701591660,12,3,6,981,019.3,0.0,082,0,0,0,0,0,0,1,0.733251813680783,0.6799571881624918,0.40002675650355446,0.9165034610306968,0.20432393272607985,0.9789033305262315,-0.10270508622694526,-0.9947118503682942,-0.9986770875433896,0.051420568023436815,-0.68868695064469,0.7250588141742147,0.3707702697262722,-0.9287246131588779,0.9820195041746569,0.1887794835795486,-0.6368753867203738,-0.7709667579019048,0.9410012640538548,-0.3384030452715336,1,0,0,0,99,4
1701591720,12,3,6,982,019.3,0.0,082,0,0,0,0,0,0,1,0.9683418904640227,-0.24962768911433375,0.7904516712343437,0.6125244121199033,0.4401565561706975,0.8979210466738997,-0.22591918170675576,-0.9741460482581397,-0.9935154876140935,0.11369685954735136,-0.6656963048014645,0.7462227748961269,0.3562142789837832,-0.9344042954995784,0.9834643601828127,0.18110177318350804,-0.6398821089921534,-0.7684730877472249,0.9403385262093713,-0.34024029174450743,1,0,0,0,99,3
1701591780,12,3,6,983,019.3,0.0,082,0,0,0,0,0,0,1,0.31314289889206726,-0.9497060202365112,0.9873464488811694,0.1585780245864616,0.648622376816256,0.7611103811492987,-0.3456078839166587,-0.938379022876497,-0.9844742309670926,0.17552916726786882,-0.6420556178136483,0.766658061741957,0.3415713236339103,-0.9398558564327716,0.9848491905953854,0.17341300926866535,-0.6428790674502222,-0.7659676916387091,0.9396722012592235,-0.3420762403041834,1,0,0,0,99,4
1701591840,12,3,6,984,019.3,0.0,082,0,0,0,0,0,0,1,-0.6299582297887875,-0.7766290161469486,0.9425043809306535,-0.3341937939677003,0.8167599996228085,0.5769775585030581,-0.45990349068959124,-0.8879689066918555,-0.9715886235161092,0.23667603734656428,-0.617787974410896,0.7863447200008926,0.3268449785441926,-0.9450779650380419,0.9861739108894643,0.16571366111754054,-0.6458662163646817,-0.7634506078056198,0.9390022917452384,-0.3439108839469756,1,0,0,0,99,6
1701591900,12,3,6,985,019.4,0.0,082,0,0,0,0,0,0,1,-0.9938786672030538,0.11047712377990915,0.6669043695388758,-0.7451433163425373,0.9341154415655855,0.3569710658144878,-0.5670224573090171,-0.8237023327071764,-0.9549089832824844,0.2968986925643355,-0.5929170715351618,0.8052635259852315,0.3120388389405784,-0.9500693464124689,0.9874384402109503,0.15800419865866083,-0.6488435101553144,-0.7609218746555592,0.9383288002229173,-0.3457442156742762,1,0,0,0,99,6
1701591960,12,3,6,986,019.3,0.0,082,0,0,0,0,0,0,1,-0.4440316414971394,0.8960111055948782,0.22802290938096753,-0.9736557670950443,0.9933921096664309,0.11476984121483252,-0.665293228127706,-0.7465821593149787,-0.9345004439043832,0.3559619647413339,-0.567467195201038,0.8233960058019877,0.29715651952970196,-0.9548287819818765,0.9886427013794914,0.15028509243787871,-0.6518109033922803,-0.7583815307738838,0.9376517292614257,-0.34757622849248204,1,0,0,0,99,7
1701592020,12,3,6,987,019.3,0.0,082,0,0,0,0,0,0,1,0.5140560276444147,0.8577566090928386,-0.26668651157038425,-0.9637833286306727,0.9909044678047104,-0.13456721623286869,-0.7531823206345422,-0.657811821027538,-0.9104427002913302,0.413635213063674,-0.5414631967808735,0.8407244533923329,0.28220165361640515,-0.9593551097983304,0.9897866208931929,0.14255681358965214,-0.6547683507968096,-0.7558296149231162,0.9369710814435833,-0.3494069154130209,1,0,0,0,99,7
1701592080,12,3,6,988,019.3,0.0,082,0,0,0,0,0,0,1,0.9995229556605263,0.030884641938116356,-0.6961017734720562,-0.7179431181988293,0.9268071855026884,-0.3755375359409301,-0.8293182549362247,-0.5587765492838215,-0.8828296974172939,0.4696932247308761,-0.5149304687378307,0.8572319478212639,0.2671778922167178,-0.9636472248238107,0.9908701289331036,0.13481983380828896,-0.6577158072418934,-0.7532661660423522,0.9362868593658549,-0.3512362694523786,1,0,0,0,99,5
1701592140,12,3,6,989,019.3,0.0,082,0,0,0,0,0,0,1,0.5660330877786267,-0.8243825225826864,-0.9550870438296937,-0.2963253932903098,0.8050855213237628,-0.593158750550681,-0.8925129552422981,-0.4510217563761858,-0.8517692634675736,0.5239170944070323,-0.4878949198305757,0.8729023698006073,0.2520889031665146,-0.9677040791999916,0.9918931593674774,0.12707462531915723,-0.6606532277529729,-0.7506912232466679,0.9355990656383395,-0.3530642836321256,1,0,0,0,99,8
1701592260,12,3,6,991,019.3,0.0,083,0,0,0,0,0,0,1,-0.9851617853645876,-0.1716282513377624,-0.7653849526015528,0.6435727420665972,0.4221535608835977,-0.9065243355990498,-0.9763514571093367,-0.21618934340173923,-0.7798042521690104,0.6260234247207771,-0.4324214236593875,0.901671621135094,0.22172999218069936,-0.9751081019905162,0.9937575413526472,0.11156141360139663,-0.6664977818412464,-0.7455070132471581,0.934212773742459,-0.35671626452465127,1,0,0,0,99,7
1701592320,12,3,6,992,019.3,0.0,083,0,0,0,0,0,0,1,-0.6767053779597042,0.7362539177759354,-0.36314327904015004,0.9317333088861682,0.184752119221718,-0.982785151720906,-0.9956869868891794,-0.09277620459766088,-0.7391806966492228,0.6735071623235863,-0.404037645323065,0.9147423578045313,0.2064674819377966,-0.9784534628188842,0.9945987791111761,0.10379435721925297,-0.669404826237736,-0.7428978251479987,0.9335142808623762,-0.3585402173062328,1,0,0,0,99,7
1701592380,12,3,6,993,019.2,0.0,083,0,0,0,0,0,0,1,0.2539108331545893,0.9672276302953418,0.12800853429490208,0.9917730663552378,-0.0641363143810206,-0.9979411471512831,-0.99948515425475,0.03208467584935907,-0.6956706563276336,0.7183608688707087,-0.3752593310827136,0.9269198640849997,0.19115456562033808,-0.9815599482672975,0.9953793116865794,0.09602096576452052,-0.6723016563401727,-0.7402773013420446,0.9328122269090507,-0.36036280236586254,1,0,0,0,99,8
1701592440,12,3,6,994,019.2,0.0,084,0,0,0,0,0,0,1,0.9510825952363544,0.3089367201199639,0.5878193939808536,0.8089921878856321,-0.30903706259473784,-0.9510499955011913,-0.9876866900746388,0.1564448856607474,-0.6494440369805748,0.7604093915979561,-0.3461145824738131,0.938192248848272,0.1757949816572247,-0.9844267999318873,0.9960990914391719,0.08824171368494811,-0.6751882279464934,-0.7376454818152647,0.9321066145606051,-0.3621840127509325,1,0,0,0,99,8
1701592500,12,3,6,995,019.2,0.0,084,0,0,0,0,0,0,1,0.7738334053999244,-0.6333891857990285,0.9037115651022257,0.42814180723270384,-0.5347233830530025,-0.8450271614666311,-0.9604757054362778,0.2783638253557463,-0.6006813525673382,0.7994885319239252,-0.3166318588487858,0.9485485048019224,0.16039247987059368,-0.9870533179119358,0.9967580744373069,0.08045707578598697,-0.6780644970111667,-0.7350024067259872,0.9313974465087359,-0.36400384151407855,1,0,0,0,99,11
1701592560,12,3,6,996,019.2,0.0,084,0,0,0,0,0,0,1,-0.11487464864560613,-0.9933799953182813,0.9983436270438855,-0.05753261979833144,-0.727163193443649,-0.68646463135462,-0.9182768186539993,0.39593899065726024,-0.5495730203270262,0.8354456866419445,-0.28683994958692166,0.9579785192377605,0.14495082056035336,-0.9894388609807482,0.9973562204600591,0.07266752720181091,-0.6809304196458655,-0.7323481164042859,0.9306847254587038,-0.36582228171320713,1,0,0,0,99,18
1701592620,12,3,6,997,019.2,0.0,084,0,0,0,0,0,0,1,-0.8979674804979512,-0.4400618183484699,0.8485463506339739,-0.5291210549824729,-0.8743915184236616,-0.4852210553023885,-0.8617485292422576,0.5073356604347912,-0.49631861720330867,0.8681404438323304,-0.25676794598203806,0.9664730839067197,0.12947377358615977,-0.9915828467421972,0.9978934929996781,0.06487354336631672,-0.6837859521201365,-0.7296826513513655,0.929968454129323,-0.3676393264115215,1,0,0,0,99,18
1701592680,12,3,6,998,019.1,0.0,084,0,0,0,0,0,0,1,-0.8554731519696874,0.5178471649618718,0.4909953335002932,-0.8711622021649791,-0.9672544138345865,-0.253808784161444,-0.7917729422509473,0.6108155269140414,-0.44112610050072903,0.8974451311679287,-0.22644521283532507,0.9740239040105557,0.11396511744705974,-0.9934847517729086,0.9983698592638173,0.05707559998410604,-0.6866310508620674,-0.7270060522389432,0.9292486352529508,-0.36945496867754857,1,0,0,0,99,16
1701592740,12,3,6,999,019.1,0.0,084,0,0,0,0,0,0,1,-0.026460752737064126,0.9996498529808264,0.013231534664836528,-0.9999124594135295,-0.9999781146138973,-0.006615912124209524,-0.7094420033111267,0.7047638213883395,-0.38421099581588014,0.92324531447182,-0.19590135978111542,0.9806236063015769,0.09842863835902424,-0.9951441117500462,0.9987852901775351,0.049274173001450816,-0.6894656724589519,-0.7243183599086285,0.9285252715754775,-0.37126920158516485,1,0,0,0,99,18
1701592800,12,3,6,1000,019.1,0.0,085,0,0,0,0,0,0,1,0.8268795405320025,0.562379076290703,-0.46777180532247614,-0.883849273431478,-0.9705280195418053,0.24098830528525864,-0.6160404591886565,0.7877145121442345,-0.32579555541456173,0.9454402445803316,-0.165166212373579,0.9862657462824945,0.08286812933059823,-0.9965605215646701,0.99913976038507,0.04146973857724405,-0.6922897736579516,-0.7216196153712994,0.9277983658563156,-0.37308201821362325,1,0,0,0,99,18
1701592860,12,3,6,1001,019.1,0.0,085,0,0,0,0,0,0,1,0.9199905975863218,-0.3919404295971039,-0.8342482932548031,-0.5513889599923525,-0.880735192890676,0.4736090370799778,-0.5130258097406125,0.8583731813960574,-0.26610789034143895,0.9639432507663658,-0.13426978296257547,0.990944814499366,0.06728738923689195,-0.9977336354206382,0.9994332482513872,0.033662773053937445,-0.6951033113667574,-0.7189098598064773,0.9270679208683895,-0.3748934116475794,1,0,0,0,99,19
1701592920,12,3,6,1002,019.1,0.0,085,0,0,0,0,0,0,1,0.1672665419737925,-0.985911712039232,-0.9964717035719659,-0.08392939878483582,-0.7361825177171881,0.676783052837157,-0.40200556411749017,0.9156372242425372,-0.20538107965129446,0.978682079186734,-0.1032422413871038,0.9946562419214826,0.05169022189214013,-0.9986631669190275,0.9996657358635004,0.02585375292846797,-0.6979062426542451,-0.716189134561698,0.9263339393981249,-0.37670337497711776,1,0,0,0,99,18
1701592980,12,3,6,1003,019.0,0.0,085,0,0,0,0,0,0,1,-0.7392416009402617,-0.6734403131973009,-0.9147240876890969,0.4040790063853225,-0.5458575792341247,0.8378779763143684,-0.2847121561205559,0.9586130544475097,-0.14385226024030748,0.9895991750318686,-0.07211388551496663,0.9973964044029506,0.03608043512105518,-0.9993488891280539,0.9998372090315638,0.018043154823174902,-0.7006985247511319,-0.7134574811518816,0.925596424245438,-0.3785119012977785,1,0,0,0,99,18
1701593040,12,3,6,1004,019.0,0.0,085,0,0,0,0,0,0,1,-0.9660944251371497,0.2581890038691042,-0.6090201130220971,0.7931547780443311,-0.3215938602925038,0.9468777054203809,-0.1629759101518061,0.9866300485542645,-0.08176170083154903,0.9966519072761223,-0.0409151116574164,0.9991626262216082,0.020461839829201516,-0.9997906346384747,0.999947657289739,0.010231455456709277,-0.7034801150506284,-0.710714941258698,0.9248553782237248,-0.38031898371058337,1,0,0,0,99,23
1701593100,12,3,6,1005,019.0,0.0,086,0,0,0,0,0,0,1,-0.30472449023565196,0.9524405414778511,-0.1542067743682958,0.9880385977981455,-0.07733499273244457,0.9970051649309911,-0.03869647961384155,0.9992510107402922,-0.01935186373075997,0.9998127351510112,-0.009676384887673313,0.9999531826918227,0.004838249072617528,-0.9999882956044592,0.9999970738968338,0.002419131614937442,-0.706250971109089,-0.707961556729932,0.9241108041598507,-0.3821246153220622,1,0,0,0,99,21
1701593160,12,3,6,1006,019.0,0.0,086,0,0,0,0,0,0,1,0.6368077356795173,0.7710226376564607,0.33836176080013775,0.9410161097602051,0.17173219010976784,0.985143672202234,0.08618679654612434,0.9962789951118698,0.043133541983763984,0.9990693156913262,0.0215717907077017,0.9997673018486167,-0.010786522873087307,-0.9999418237699174,0.9999854558367129,-0.005393339878159504,-0.7090110506466594,-0.7051973695788437,0.9233627048941395,-0.3839287892442792,1,0,0,0,99,21
1701593220,12,3,6,1007,019.0,0.0,086,0,0,0,0,0,0,1,0.992861866200276,-0.11926992347320918,0.7480875361457405,0.6636000589688005,0.4101218971423006,0.9120307174017771,0.2097251565719083,0.9777603789788624,0.10545051213990769,0.9944245519341481,0.05279890181552981,0.9986051652014795,-0.026408661443933133,-0.9996512304802809,0.9999128038184832,-0.013205482189588585,-0.7117603115479215,-0.7024224219835282,0.9226110832803626,-0.3857314985948593,1,0,0,0,99,22
1701593280,12,3,6,1008,019.0,0.0,086,0,0,0,0,0,0,1,0.4360833757535898,-0.8999062670030438,0.9746553921779337,0.22371156988067947,0.623012211003653,0.7822121099422712,0.329990825673782,0.9439841391523142,0.16735570030280691,0.9858965815825497,0.08397445569174683,0.9964679075571249,-0.04202435271884079,-0.999116586679734,0.9997791222764492,-0.021016818506448383,-0.7144987118625367,-0.6996367562862716,0.9218559421857278,-0.38753273649701414,1,0,0,0,99,24
1701593340,12,3,6,1009,018.9,0.0,086,0,0,0,0,0,0,1,-0.5216281592594221,-0.8531729387806595,0.9625936159098136,-0.27094931372799275,0.7971666430954047,0.6037593420693411,0.44510709830930517,0.8954773425579625,0.22860736803746887,0.9735187061782538,0.11506800993705027,0.9933576159113731,-0.05762978435074598,-0.9983380228938926,0.9995844193698431,-0.028826872065031227,-0.7172262098058851,-0.6968404149929053,0.9210972844908689,-0.3893324960795687,1,0,0,0,99,28
1701593400,12,3,6,1010,018.9,0.0,086,0,0,0,0,0,0,1,-0.9997571702608278,-0.02203634525193134,0.7148553508409695,-0.69927235564838,0.9217571143333747,0.3877677425673905,0.5532776235456344,0.8329969215331442,0.2889663288921875,0.9573392610598251,0.1460492022233857,0.9892773274112333,-0.07322114649732905,-0.997315729197939,0.9993287069823269,-0.03663516617992241,-0.7199427637597042,-0.6940334407721567,0.9203351130898344,-0.3911307704769872,1,0,0,0,99,29
1701593460,12,3,6,1011,018.9,0.0,086,0,0,0,0,0,0,1,-0.558714049540841,0.8293603624756096,0.29209556443430496,-0.9563891369300495,0.9890371926601268,0.14766662295513935,0.6528144365150256,0.7575178621508338,0.3481968824165189,0.937421426614208,0.17688777994224478,0.9842310263891827,-0.08879463275113347,-0.996049955170217,0.9990120007212668,-0.044441224273094576,-0.7226483322727226,-0.6912158764549992,0.9195694308900767,-0.39292755282939934,1,0,0,0,99,30
1701593520,12,3,6,1012,018.9,0.0,087,0,0,0,0,0,0,1,0.3960081916851428,0.9182469777343475,-0.20217940333482604,-0.9793485022540106,0.9948237286710673,-0.10161569206079699,0.7421642985420401,0.6702179898880674,0.4060677345664961,0.9138429815586667,0.20755362974582411,0.9782236404725319,-0.10434644106884551,-0.994541009831302,0.9986343199167806,-0.05224456990299564,-0.7253428740612937,-0.6883877650339976,0.9188002408124406,-0.3947228362826266,1,0,0,0,99,27
1701593580,12,3,6,1013,018.9,0.0,087,0,0,0,0,0,0,1,0.9866423277611509,0.16290155637702694,-0.6469538019143921,-0.7625291982530986,0.9387569435836677,-0.3445800355119992,0.8199329349135815,0.572459590053307,0.4623529009029212,0.8866959992165598,0.23801680695219837,0.9712610357716817,-0.11987277469950863,-0.9927892615685571,0.998195687620558,-0.060044726793628274,-0.7280263480100251,-0.6855491496626525,0.9180275457911523,-0.39651661398820826,1,0,0,0,99,28
1701593640,12,3,6,1014,018.9,0.0,087,0,0,0,0,0,0,1,0.6701620578277746,-0.7422148046543147,-0.9333313464826719,-0.35901615238432194,0.8243227985396018,-0.5661200613013454,0.8849067920694658,0.4657681497798313,0.5168325890557641,0.8560864879729826,0.2682475647857939,0.9633500111519651,-0.1353698431114458,-0.990795138046197,0.9976961306044534,-0.06784121886361938,-0.7306987131724058,-0.6827000736547422,0.9172513487738087,-0.39830887910342766,1,0,0,0,99,30
1701593700,12,3,6,1015,018.9,0.0,087,0,0,0,0,0,0,1,-0.26246211746178244,-0.9649422971854211,-0.9911968263633165,0.1323965687141833,0.6586362544249356,-0.7524614836369312,0.9360719746998442,0.35180855330923155,0.5692940570086642,0.8221339773142914,0.2982163834246105,0.954498291594671,-0.1508338629176634,-0.9885591261008799,0.9971356793588524,-0.07563357025527759,-0.7333599287714313,-0.679840580483661,0.9164716527213651,-0.40009962479133804,1,0,0,0,99,30
1701593760,12,3,6,1016,018.9,0.0,087,0,0,0,0,0,0,1,-0.9537798323630459,-0.3005062917436509,-0.8063827539523806,0.5913939922996974,0.45199889806298343,-0.892018495407942,0.972630067242408,0.23235910202965793,0.6195324438519512,0.784971051068018,0.3278939988258263,0.9447145206537312,-0.16626105879951092,-0.9860817716228536,0.9965143680908102,-0.08342130536363722,-0.7360099542002259,-0.6769707137817569,0.9156884606081254,-0.40188884422078897,1,0,0,0,99,32
1701593820,12,3,6,1017,018.9,0.0,087,0,0,0,0,0,0,1,-0.7681967679707804,0.6402138124714641,-0.42413805979217184,0.9055975409837044,0.2172584394405608,-0.9761141175558584,0.9940105928902011,0.10928376467742497,0.6673515697601134,0.7447428296658603,0.3572514313016393,0.9340082520154359,-0.18164766442837085,-0.9833636794226833,0.9958322347219645,-0.09120394886548673,-0.7386487490226619,-0.6740905173396645,0.9149017754217292,-0.4036765305664521,1,0,0,0,99,37
1701593880,12,3,6,1018,018.9,0.0,087,0,0,0,0,0,0,1,0.12366286217291594,0.9923242899975806,0.061950423737127995,0.9980792278165047,-0.030990096672124958,-0.9995196916060495,0.9998799156913918,-0.015496909271697935,0.7125647020698184,0.7016064034515015,0.3862600138174404,0.9223899401694224,-0.19698992338515384,-0.980405513083597,0.99508932088622,-0.09898102574838,-0.7412762729739769,-0.6712000351056382,0.9141116001631415,-0.40546267700884736,1,0,0,0,99,40
1701593940,12,3,6,1019,018.9,0.0,087,0,0,0,0,0,0,1,0.9018274271353413,0.43209639163785063,0.5328712829390178,0.846196310449842,-0.27731181867183197,-0.9607799723271302,0.9901464468267132,-0.14003575913471147,0.7549952844669665,0.6557302192461807,0.41489141998468665,0.9098709302000424,-0.21228409007737442,-0.9772079947994803,0.9942856719272083,-0.10675206133962863,-0.7438924859613884,-0.6682993111848804,0.9133179378466407,-0.40724727673436906,1,0,0,0,99,45
1701594060,12,3,6,1021,018.9,0.0,087,0,0,0,0,0,0,1,0.017611506143138743,-0.9998449053985173,0.9999612255979022,0.008806094522619302,-0.7039864719855704,-0.7102133814997501,0.9247197903959204,-0.38064853769602863,0.8308575502744224,0.5564851580698138,0.47091126655145243,0.8821805818736359,-0.24271322391493633,-0.9700980831528419,0.9924963685457096,-0.12227411182903393,-0.749090819536935,-0.6624673154846834,0.9117201641635122,-0.4108118088098957,1,0,0,0,99,45
1701594180,12,3,6,1023,018.9,0.0,087,0,0,0,0,0,0,1,-0.9164853722719367,0.4000681972008891,0.5476914289995375,-0.8366804040973139,-0.9583006845706921,-0.2857617853236206,0.8017985362058291,-0.5975944338246381,0.8937545618973471,0.4485563321230467,0.5250922146999293,0.8510453372538523,-0.2729053524082549,-0.9620408871908336,0.9904647614102264,-0.1377663108476931,-0.7542434324698137,-0.6565948861940317,0.9101084787524044,-0.41437007240265816,1,0,0,0,99,56
1701594240,12,3,6,1024,018.9,0.0,087,0,0,0,0,0,0,1,-0.15853338004399595,0.9873536182198484,0.07951849401287635,-0.996833390848202,-0.9992080341070627,-0.03979075993115771,0.7210377105017316,-0.6928958219201651,0.9200260381967906,0.39185723042955,0.5514266812416906,0.8342233605065102,-0.2879033166650653,-0.9576594803233847,0.9893582466233818,-0.14550003380861354,-0.7568024953079283,-0.6536436208636119,0.9092974268256817,-0.4161468365471424,1,0,0,0,99,59
1701594300,12,3,6,1025,018.9,0.0,087,0,0,0,0,0,0,1,0.7451734706822545,0.6668706760619807,-0.4081233416125689,-0.9129267977395507,-0.9779894676681213,0.2086542621904108,0.6290253324825595,-0.7773848024596348,0.9427048325058154,0.3336279346370484,0.5772226889870805,0.8165867788046315,-0.3028309934562251,-0.9530442746285798,0.9881913465085038,-0.1532248761974051,-0.7593500102710887,-0.6506823817357417,0.9084829062056539,-0.4179220132179318,1,0,0,0,99,59
1701594360,12,3,6,1026,018.9,0.0,087,0,0,0,0,0,0,1,0.9637712690067693,-0.2667300902355814,-0.7958423494121124,-0.6055038851090959,-0.8959642529445848,0.4441261728894752,0.5271972245329658,-0.8497429531597998,0.9617023846179752,0.27409582889949297,0.6024550485723009,0.7981528139709504,-0.3176847384035387,-0.948196396842698,0.9869641322871612,-0.16094036652950375,-0.7618859384873512,-0.6477112139952867,0.9076649199994695,-0.41969559564326697,1,0,0,0,99,59
1701594420,12,3,6,1027,018.9,0.0,087,0,0,0,0,0,0,1,0.29628220726538684,-0.955100441659384,-0.9887113941033004,-0.14983250371767806,-0.7582323205052914,0.6519844692484331,0.41714238022021144,-0.9088411492797939,0.9769445094988235,0.2134933848157902,0.6270991210264171,0.7789394664592975,-0.33246092517820985,-0.9431170305055724,0.9856766788621846,-0.1686460338911467,-0.7644102412615711,-0.6447301629786113,0.9068434713274974,-0.42146757705746996,1,0,0,0,99,60
1701594540,12,3,6,1029,018.9,0.0,087,0,0,0,0,0,0,1,-0.9917672772396455,0.12805337870068162,-0.6602827505316636,0.7510171032342345,-0.3528334570061104,0.9356861394811389,0.17932353515205574,-0.9837901553383066,0.9959392941686522,0.09002734212919263,0.674526744418191,0.738250412166899,-0.3617662144487106,-0.9322688486072296,0.9829213723913093,-0.18402601907443744,-0.7694238165908427,-0.6387385932153945,0.9051901991336944,-0.4250067098203306,1,0,0,0,99,59
1701594600,12,3,6,1030,018.9,0.0,087,0,0,0,0,0,0,1,-0.428100944093906,0.903730923265275,-0.21939584856455807,0.9756359267844935,-0.11037226376111557,0.9938903175865266,0.05527061793337119,-0.9984714111046261,0.9996177797299891,0.027645875780791213,0.6972639830864666,0.7168144375571656,-0.37628816247846175,-0.926502681474038,0.9814536875151161,-0.19169939818106102,-0.7719130126449032,-0.6357281658928362,0.9043583819185943,-0.42677384766827253,1,0,0,0,99,57
1701594720,12,3,6,1032,018.9,0.0,088,0,0,0,0,0,0,1,0.9999130566754362,0.013186322079561247,0.7024292412479847,0.7117535816838442,0.37963562682930313,0.9251360931462582,-0.19347339203846847,-0.9811055226493881,0.9952651713612277,-0.0971969067167568,0.740674323409674,0.6718642322981792,-0.4050529395658183,-0.914293233130974,0.9783387023753517,-0.20701058773529676,-0.7768560316221071,-0.6296782560422042,0.9026844011176343,-0.4303032325917363,1,0,0,0,99,63
1701594780,12,3,6,1033,018.8,0.0,088,0,0,0,0,0,0,1,0.5513512376156806,-0.8342732242974464,0.9576724973333646,0.28786001433209996,0.5967160068524642,0.8024524952706235,-0.3142829177106008,-0.9493293673090029,0.9872510742736629,-0.1591707144719108,0.7613050356039657,0.6483938947615443,-0.41928874611564265,-0.9078529326828064,0.9766915922344183,-0.21464746366681534,-0.7793097791208626,-0.6266388658283113,0.9018422439175022,-0.43206546620372743,1,0,0,0,99,64
1701594900,12,3,6,1035,018.8,0.0,088,0,0,0,0,0,0,1,-0.9880455694833501,-0.15416209853372645,0.7596585083225641,-0.6503221899436746,0.908383781763984,0.41813742361592404,-0.5393804670101041,-0.8420621781127342,0.9597036464744557,-0.28101407605960405,0.8003168360279583,0.5995773194261087,-0.4474498187360742,-0.8943090403842815,0.9732186394598804,-0.22988144728937843,-0.7841815629334122,-0.6205314467094402,0.9001476119807906,-0.43558498211632585,1,0,0,0,99,67
1701594960,12,3,6,1036,018.8,0.0,088,0,0,0,0,0,0,1,-0.6635662323678801,0.7481175410729898,0.35488199371552387,-0.9349111030127383,0.9835931839466808,0.18040079959254857,-0.6401559186664806,-0.7682450128678183,0.9402778878788489,-0.34040783417261544,0.8186598298965864,0.5742787501846923,-0.46136820968468756,-0.8872087550809822,0.9713930087974131,-0.23747762517658147,-0.7865995249097795,-0.6174635109961635,0.8992951437087169,-0.4373422509910497,1,0,0,0,99,66
1701595020,12,3,6,1037,018.8,0.0,088,0,0,0,0,0,0,1,0.27099283859415124,0.9625813635380046,-0.13678200989529898,-0.9906011718996715,0.9976475259077405,-0.06855227239241818,-0.7309419513177562,-0.6824396411432962,0.9171803642532085,-0.398472306977978,0.8362034163342009,0.5484194074893877,-0.4751739642018554,-0.8798918704844896,0.9695080893124332,-0.2450593086535486,-0.7890054843451814,-0.6143861535493991,0.898439244899008,-0.4390978515380148,1,0,0,0,99,66
1701595080,12,3,6,1038,018.8,0.0,088,0,0,0,0,0,0,1,0.9564023435002251,0.29205231953757416,-0.5949570070443855,-0.8037575254818999,0.9496729767351233,-0.3132430961075599,-0.8103218792885825,-0.5859850270665796,0.8905012709330009,-0.45498075395197785,0.8529304643263652,0.5220245425494965,-0.4888637118106147,-0.8723601729072392,0.9675639960507106,-0.2526260349733978,-0.7913994045276372,-0.6112994213258353,0.8975799188166576,-0.44085177706013884,1,0,0,0,99,70
1701595140,12,3,6,1039,018.8,0.0,088,0,0,0,0,0,0,1,0.7624999444675773,-0.6469882801774245,-0.9074657790179816,-0.4201260048024732,0.8426523615354298,-0.5384579812750141,-0.8770570053522787,-0.4803863126302549,0.8603447892067038,-0.5097125108184736,0.8688246401945774,0.4951199295027046,-0.5024341103554253,-0.8646155011051747,0.9655608476696781,-0.26017734230215483,-0.7937812489288705,-0.6082033614252083,0.8967171687397337,-0.44260402086672895,1,0,0,0,99,65
1701595320,12,3,6,1042,018.9,0.0,087,0,0,0,0,0,0,1,-0.8461722149944356,0.5329095444551641,-0.483265173349392,0.8754740271576206,0.2495255225847443,-0.9683682221029407,-0.9920605379972889,-0.12576123786178975,0.7502537030437737,-0.6611500442933549,0.9113588876763519,0.41161265511804,-0.5423962319568417,-0.8401228050463933,0.9591983124063536,-0.2827341462872912,-0.8008539649297153,-0.5988596887889135,0.8941084075180463,-0.4478505951827498,1,0,0,0,99,66
1701595380,12,3,6,1043,018.9,0.0,087,0,0,0,0,0,0,1,-0.008760879736830363,0.999961622756712,-0.004380481896321661,0.9999904056431521,0.002190246201668042,-0.9999976014079114,-0.999999400351798,-0.001095123757523013,0.7074938599583473,-0.7067194904070769,0.9237747264368832,0.38293635867655806,-0.5554564075260281,-0.8315456567971954,0.9569602020975573,-0.2902191785554537,-0.803187144616824,-0.5957267920131452,0.8932319945045478,-0.4495960453489637,1,0,0,0,99,62
1701595500,12,3,6,1045,018.9,0.0,087,0,0,0,0,0,0,1,0.9129083428849631,-0.4081646205773236,0.8390961269655949,0.5439831704302425,-0.4775022667850685,-0.8786305168926932,-0.9691827786575381,0.24634273188720912,0.6138636933850995,-0.7894120381293944,0.9458890099079792,0.32449034028042,-0.5811667831696767,-0.8137844740102934,0.9523088978924573,-0.30513564687668543,-0.8078167016336953,-0.5894337762307631,0.891468949608107,-0.45308179381279323,1,0,0,0,99,62
1701595560,12,3,6,1046,018.9,0.0,087,0,0,0,0,0,0,1,0.14978779746606605,-0.9887181679984771,0.9971755532498972,0.07510603172023837,-0.6800345462841435,-0.7331800705557395,-0.930908177683422,0.36525328844807164,0.5633589936940424,-0.8262122271087713,0.9555658603960198,0.2947776898708828,-0.593810706424664,-0.8046047756106357,0.9498959878877886,-0.3125661725054107,-0.8101130083221139,-0.5862737532478276,0.8905823244506449,-0.45482207881333797,1,0,0,0,99,64
1701595620,12,3,6,1047,018.9,0.0,087,0,0,0,0,0,0,1,-0.7510469581613124,-0.6602487914692763,0.9111116263853942,-0.41215968296930966,-0.8402855713890695,-0.5421440385315928,-0.8781070659468562,0.4784641896048268,0.5106543891886044,-0.8597860750223938,0.964309617037597,0.2647771940496445,-0.606309659312119,-0.795228644494665,0.9474251011279639,-0.3199776207059917,-0.8123969536827399,-0.5831047844487336,0.889692301992305,-0.4565606288058938,1,0,0,0,99,60
1701595680,12,3,6,1048,019.0,0.0,087,0,0,0,0,0,0,1,-0.9613726040856847,0.2752502790434721,0.6019757972528995,-0.7985143326964996,-0.9482917095220488,-0.31740011602352985,-0.8116033871367004,0.5842088171092894,0.45595569022148996,-0.8900024767126464,0.9721117417027341,0.23451814779175792,-0.618660590391954,-0.7856583697103207,0.9448963884231754,-0.3273695391218304,-0.8146685028653773,-0.5799269181880462,0.8887988856282523,-0.4582974371584211,1,0,0,0,99,57
1701595740,12,3,6,1049,019.0,0.0,087,0,0,0,0,0,0,1,-0.28781671141059484,0.95768551238535,0.14545529831300405,-0.9893648246186414,-0.9973376621332019,-0.07292179160360307,-0.7324349089180564,0.6808370614164585,0.39947649404160285,-0.9167434377775656,0.9789646157490999,0.2040300985423896,-0.6308604843614832,-0.7758962877029344,0.9423100041130134,-0.334741476588326,-0.8169276212089802,-0.5767402029560944,0.8879020787665987,-0.4600324972455237,1,0,0,0,99,65
1701595920,12,3,6,1052,018.9,0.0,087,0,0,0,0,0,0,1,0.42008497191934335,-0.9074847747304219,-0.9765973517090915,-0.21507582996419908,-0.7794471854988634,0.6264679441263539,-0.4321643529223842,0.9017948614087224,0.22159099552021236,-0.9751396980455473,0.9937654899536277,0.11149058694448753,-0.6665243480382065,-0.7454832616982381,0.9342064176878251,-0.35673291010345676,-0.8236300474434674,-0.5671274503568591,0.8851913494710788,-0.46522712176051223,1,0,0,0,99,62
1701595980,12,3,6,1053,018.9,0.0,086,0,0,0,0,0,0,1,-0.5366492281020062,-0.8438054313510437,-0.96015765146955,0.27945891348188945,-0.6002254103743486,0.7998308925897678,-0.3163614289149613,0.9486387332883283,0.16025178113155528,-0.9870761706394112,0.9967638061846475,0.0803860353562382,-0.6780906888623977,-0.7349782429964299,0.9313909606058107,-0.36402043692873215,-0.8258390996219337,-0.5639058268324897,0.8842810149586188,-0.4669551226657173,1,0,0,0,99,61
1701596100,12,3,6,1055,019.0,0.0,086,0,0,0,0,0,0,1,-0.5439452288589227,0.8391207231391763,-0.2836188259449852,0.9589370999025891,-0.14328799687589133,0.9896810344506428,-0.07182953970810732,0.9974169224678923,0.03593798500269404,-0.9993540219731675,0.9998384924509477,0.017971895098076136,-0.700723948820762,-0.7134325108579214,0.9255896798414299,-0.37852839334855626,-0.830219366597936,-0.557436815545692,0.8824502296293236,-0.47040577401553435,1,0,0,0,99,61
1701596160,12,3,6,1056,019.0,0.0,086,0,0,0,0,0,0,1,0.4122008798541881,0.9110929890233121,0.21083999973521134,0.9775205852112047,0.10601748626711377,0.9943642655514137,0.05308358714605824,0.9985900724399912,-0.026551154023966794,-0.99964745596635,0.9999118601072672,-0.013276747223059479,-0.711785342369123,-0.7023970575027135,0.9226042102393402,-0.3857479374522218,-0.8323905145579873,-0.5541895264924167,0.8815297857963782,-0.4721284112969602,1,0,0,0,99,64
1701596220,12,3,6,1057,019.0,0.0,086,0,0,0,0,0,0,1,0.9893714005911104,0.1454105625200062,0.6536778401781698,0.7567729390378617,0.3487313156013798,0.937222742745251,0.1771683623770749,0.9841805583187596,-0.088936611362364,-0.9960372880366376,0.9990088308009688,-0.044512425025841795,-0.7226729637345795,-0.6911901239797044,0.9195624296315352,-0.39294393749000356,-0.8345489612629098,-0.5509337811888088,0.8806059791952382,-0.473849247551999,1,0,0,0,99,62
1701596280,12,3,6,1058,019.0,0.0,086,0,0,0,0,0,0,1,0.6569184183445477,-0.7539616645690269,0.9364725475338364,0.3507408840091023,0.5697627207842304,0.8218092491597738,0.29848848456869004,0.9544132357526728,-0.15097477313665228,-0.9885376158125377,0.9971302863248458,-0.07570463720097437,-0.7333841548605254,-0.6798144463009835,0.9164645236726252,-0.4001159542551487,-0.8366946737774624,-0.5476696293135358,0.8796788133499452,-0.4755682762161834,1,0,0,0,99,63
1701596340,12,3,6,1059,019.0,0.0,086,0,0,0,0,0,0,1,-0.2795023281934896,-0.9601450143256585,0.9899861146313261,-0.14116477194105753,0.7553690395896093,0.6552996368299553,0.41515079379066877,0.9097526138544355,-0.21242338165273203,-0.9771777253535908,0.9942780610456994,-0.10682292508260853,-0.7439163007632675,-0.6682728016751062,0.9133106814428227,-0.40726355000471987,-0.8388276193607123,-0.5443971206735393,0.8787482917973551,-0.47728549073194165,1,0,0,0,99,61
1701596460,12,3,6,1061,019.0,0.0,086,0,0,0,0,0,0,1,-0.7567433812205466,0.6537120581562608,0.4161057208473222,-0.9093162426120686,0.9770660782700596,0.21293632544487498,0.6273211595965519,0.7787606581758207,-0.33259535611924834,-0.943069631091952,0.985664656739794,-0.16871628390295948,-0.7644332161487226,-0.6447029223204439,0.9068359615499497,-0.4214837349646817,-0.843055079744106,-0.5378272329639502,0.8768771957816984,-0.4807144511225192,1,0,0,0,99,59
1701596520,12,3,6,1062,019.0,0.0,086,0,0,0,0,0,0,1,0.14120953553363158,0.9899797306381459,-0.07078230485740782,-0.9974917870935445,0.9993727500521375,-0.03541336546034254,0.7195183685842713,0.6944734100524143,-0.3908494530810973,-0.9204546186674317,0.9799118885561681,-0.19943091702713533,-0.7744129767207983,-0.6326804418396639,0.9035154790704097,-0.42855545624827607,-0.8451495300384058,-0.5345299541427608,0.8759366284562944,-0.48242618391689684,1,0,0,0,99,59
1701596580,12,3,6,1063,019.0,0.0,085,0,0,0,0,0,0,1,0.909335056539327,0.4160646042967595,-0.5403403537138608,-0.8414465533522493,0.9595432646192275,-0.28156122482308416,0.8004877340793812,0.5993491366377847,-0.44757729129292034,-0.8942452506549265,0.9732022530427389,-0.22995080924523129,-0.7842036754712488,-0.6205035015029201,0.9001398506629178,-0.43560102071567736,-0.8472310843906984,-0.5312245190521249,0.8749927196988913,-0.4841360764020149,1,0,0,0,99,61
1701596640,12,3,6,1064,019.0,0.0,085,0,0,0,0,0,0,1,0.8414221201762355,-0.5403784004548374,-0.8776042389525125,-0.47938585687583785,0.8600540264645697,-0.510202970945957,0.8689657562142357,0.4948722204034305,-0.5025573497604873,-0.8645438740756395,0.9655423020447212,-0.2602461584004272,-0.7938029221413925,-0.6081750741355538,0.8967092823584335,-0.44261999834194465,-0.8492997110390256,-0.5279109781289149,0.8740454731102137,-0.48584412205515315,1,0,0,0,99,63
1701596760,12,3,6,1066,019.1,0.0,085,0,0,0,0,0,0,1,-0.8415198425578914,-0.540226206862775,-0.8775608830339849,0.4794652193523661,0.5101640817656776,-0.8600770951933222,0.9643850618900425,0.2645022729644093,-0.6064230070815217,-0.795142211483081,0.9474022935065866,-0.32004514409448476,-0.8124177324795677,-0.5830758337924473,0.8896841669357861,-0.45657648111107996,-0.8533980551627359,-0.5212597811499177,0.8721409809055867,-0.48925464680986036,1,0,0,0,99,58
1701596820,12,3,6,1067,019.1,0.0,085,0,0,0,0,0,0,1,-0.9092597896756762,0.4162290653942189,-0.5402642569177518,0.8414954145431272,0.28151783731841296,-0.9595559948598954,0.9898373590797367,0.1422040877403048,-0.6549030127658962,-0.7557129374770241,0.9369399493769662,-0.34949038793862125,-0.8214287516086289,-0.5703111484362632,0.8860900485944595,-0.4635131344221741,-0.85542771010243,-0.517922226583213,0.8711837425546958,-0.49095711290131394,1,0,0,0,99,61
1701596940,12,3,6,1069,019.1,0.0,085,0,0,0,0,0,0,1,0.7568616032060743,0.6535751782253751,0.41618795139613596,0.9092786091802048,-0.21298050476486718,-0.9770564490294829,0.9942475670147458,-0.10710637462475603,-0.7440115505234969,-0.6681667551499565,0.913281652928043,-0.40732864179311246,-0.8388470187683545,-0.5443672281681216,0.8787397874707056,-0.4773011480354297,-0.8594478308877828,-0.5112234599294961,0.8692592996136125,-0.4943564200404926,1,0,0,0,99,68
1701597060,12,3,6,1071,019.0,0.0,085,0,0,0,0,0,0,1,0.2793286659192636,-0.9601955511226682,0.9899988765454909,0.1410752438901522,-0.6553337913269267,-0.7553394084417124,0.9368402767926112,-0.3497574813769446,-0.8215100368762833,-0.5701940540829303,0.8860570111688442,-0.46357628601831524,-0.8554461660497157,-0.5178917425397342,0.8711749946307384,-0.49097263541885194,-0.8634154954072958,-0.5044934908307281,0.8673215928451016,-0.4977481839089279,1,0,0,0,99,73
1701597120,12,3,6,1072,019.1,0.0,085,0,0,0,0,0,0,1,-0.6570547737201031,-0.7538428379520655,0.9364408251331382,-0.35082557065294895,-0.8218350110128397,-0.5697255608391865,0.8859248164599484,-0.4638288688518717,-0.8555199789753223,-0.5177697997895051,0.8711400001691764,-0.4910347239302405,-0.8634334728079056,-0.504462722145928,0.8673127239196736,-0.4977636376102979,-0.8653795807650819,-0.5011169336540635,0.8663477747573614,-0.4994412209389292,1,0,0,0,99,74
1701597180,12,3,6,1073,019.1,0.0,085,0,0,0,0,0,0,1,-0.9893450845645446,0.14558950390730144,0.653609400212657,-0.7568320500306859,-0.9372385102071633,-0.3486889372845904,0.8211847956716535,-0.5706623619599464,-0.8861891338647598,-0.4633236655082782,0.8553723357428267,-0.518013674767241,-0.8712099846670839,-0.49091054441352094,0.8633975169102355,-0.5045242588748726,-0.8673304614951768,-0.4977327300495354,0.8653706518161843,-0.5011323527524763,1,0,0,0,99,75
1701597300,12,3,6,1075,019.1,0.0,085,0,0,0,0,0,0,1,0.5440969884707371,0.8390223281516855,-0.28370554440151013,-0.958911447463134,-0.9896745544529105,0.14333274667162774,0.6544720212997543,-0.7560862208345116,-0.9370395458129053,-0.34922326609598076,0.8213474496508711,-0.570428231201796,-0.8861230815190957,-0.46344998047157365,0.8554092530688377,-0.5179527099689828,-0.8711924902020743,-0.4909415902279095,0.8634065062958205,-0.5045088749328849,1,0,0,0,99,78
1701597360,12,3,6,1076,019.1,0.0,084,0,0,0,0,0,0,1,0.9999898022322627,-0.004516130144271112,-0.708701675652129,-0.7055082812610101,-0.9234468802429867,0.3837262818331512,0.5551007648016929,-0.8317831092998796,-0.9570222331011646,-0.2900145605828441,0.8031234527091224,-0.5958126548744814,-0.8932560256932167,-0.44954829836488014,0.8513366837993298,-0.5246197201950761,-0.8731035792490706,-0.48753475763525,0.862419491209252,-0.5061942524193405,1,0,0,0,99,78
1701597420,12,3,6,1077,019.1,0.0,084,0,0,0,0,0,0,1,0.5364966035106962,-0.8439024792127862,-0.9601829198680807,-0.2793720823446877,-0.7998037516618335,0.6002615753383321,0.44706734652715796,-0.8945003005416857,-0.9732677690496294,-0.22967335441700054,0.7841152193450273,-0.6206152776007853,-0.9001708942197546,-0.43553686548856846,0.847212153326594,-0.5312547103374385,-0.8750013458096617,-0.4841204858620225,0.8614291862544543,-0.5078776989285795,1,0,0,0,99,80
1701597480,12,3,6,1078,019.1,0.0,084,0,0,0,0,0,0,1,-0.4202490982977543,-0.9074087807487452,-0.9765778977502884,0.21516414577161172,-0.6264326995888658,0.7794755114086689,0.3320575918356115,-0.943259113766909,-0.9857127151880788,-0.16843527871721392,0.7643413107758908,-0.6448118800405224,-0.9068659989327317,-0.4214191025330233,0.8430359133907117,-0.5378572754304699,-0.8768857609262651,-0.4806988270058135,0.8604355952091398,-0.5095592080387649,1,0,0,0,99,80
1701597540,12,3,6,1079,019.1,0.0,084,0,0,0,0,0,0,1,-0.9906197172092625,-0.13664763399430246,-0.7538725469183444,0.6570206868910968,-0.414113096332936,0.9102254355079012,0.21186618948300692,-0.9772986840029769,-0.9943084742681662,-0.10653946685858495,0.7438210358878623,-0.6683788346220334,-0.9133397053183534,-0.4071984561475931,0.8388082188878436,-0.5444270124876276,-0.8787567958450243,-0.4772698332769275,0.8594387218635565,-0.5112387733354506,1,0,0,0,99,84
1701597660,12,3,6,1081,019.2,0.0,084,0,0,0,0,0,0,1,0.28798991956502257,0.9576334404295476,0.14554476900674315,0.989351666605345,0.07296688767740807,0.9973343638432762,-0.03650778106598482,-0.9993333687622155,-0.9998333283008262,0.018256933447111743,0.7006222472034728,-0.7135323865975222,-0.9256166556943328,-0.37846242442445843,0.8301995014526503,-0.5574664005908974,-0.8824586110948482,-0.4703900506011488,0.8574351434951651,-0.5145920468676383,1,0,0,0,99,86
1701597720,12,3,6,1082,019.2,0.0,084,0,0,0,0,0,0,1,0.9614223718109872,0.2750763948093979,0.6020480068859135,0.7984598909179464,0.3174429941596235,0.9482773568207633,-0.16081455652277984,-0.9869846393994092,-0.9967408488166343,0.08067019462165342,0.677985916291167,-0.7350748923142639,-0.9314169024433323,-0.36395405457676666,0.8258190039520665,-0.5639352557799668,-0.8842893349407667,-0.46693936663127533,0.8564284461153995,-0.5162657423114207,1,0,0,0,99,90
1701597780,12,3,6,1083,019.2,0.0,084,0,0,0,0,0,0,1,0.7509275292403622,-0.6603846196187226,0.9111488955211224,0.412077286671613,0.5421820327751498,0.8402610566578738,-0.2826118746108577,-0.959234344844333,-0.9897561176482652,0.1427684404125557,0.6546875436372088,-0.7558996098730821,-0.9369897571139938,-0.34935683056648387,0.8213881027159098,-0.5703696912676532,-0.8861065656194105,-0.46348155774116123,0.8554184817214208,-0.5179374683583139,1,0,0,0,99,90
1701597840,12,3,6,1084,019.2,0.0,084,0,0,0,0,0,0,1,-0.14996662063412206,-0.9886910602890983,0.9971687571041068,-0.07519620904973118,0.7332108186087175,0.6800013937302882,-0.3999991289176214,-0.916515519162193,-0.9789064100214568,0.2043091784989199,0.630749879707115,-0.7759862042906819,-0.9423338591737755,-0.33467431609649856,0.8169070681835537,-0.5767693143291786,-0.8879102754020753,-0.46001667669271595,0.8544052541659362,-0.5196072186311907,1,0,0,0,99,81
1701597900,12,3,6,1085,019.2,0.0,084,0,0,0,0,0,0,1,-0.9129821511040995,-0.40799949971210886,0.8390469294717993,-0.5440590502362271,0.8786521069900838,0.47746253767378066,-0.5111445306007976,-0.8594947753400776,-0.964234093812306,0.26505209361550275,0.6061962992234847,-0.7953150613484894,-0.9474479039368047,-0.3199100956921418,0.8123761738542502,-0.5831337343645359,-0.8897004367663691,-0.45654477635576124,0.8533887673141008,-0.5212749867604616,1,0,0,0,99,79
1701598020,12,3,6,1087,019.2,0.0,084,0,0,0,0,0,0,1,0.008941738771590156,0.9999600218547443,-0.004470914070731418,-0.9999900054137402,0.9999975013503134,-0.0022354626210036865,-0.7078966953662814,-0.7063159836004691,-0.9236655194388468,0.3831996975465474,0.555337871234014,-0.8316248245292307,-0.9569808839598706,-0.29015097403831797,0.803165915000854,-0.5957554137234852,-0.8932400051843528,-0.44958012983033113,0.8513460312441502,-0.5246045511476568,1,0,0,0,99,76
1701598080,12,3,6,1088,019.2,0.0,084,0,0,0,0,0,0,1,0.846268586435398,0.5327564918540488,-0.48334434316848646,-0.8754303204293443,0.9683569384347241,-0.24956930858045798,-0.7904332067228887,-0.6125482394960996,-0.8979276806892913,0.4401430224960407,0.5290826861200238,-0.8485702747846052,-0.9613974918795568,-0.27516333805159693,0.7984871126234903,-0.6020119026848236,-0.8949893582285835,-0.4460874899137928,0.850319789818452,-0.5262663347043051,1,0,0,0,99,73
1701598140,12,3,6,1089,019.2,0.0,084,0,0,0,0,0,0,1,0.9055399984980432,-0.42426089982481757,-0.8438782198353082,-0.5365347613040475,0.8765086312478753,-0.4813861437016818,-0.860635272255815,-0.5092218849864557,-0.8686834535624746,0.4953675983618349,0.5023108607417149,-0.8646871105671216,-0.9655793883899764,-0.26010852488228686,0.7937595747083266,-0.6082316479425061,-0.8967250548363489,-0.4425880432509977,0.8492903046812078,-0.5279261107148435,1,0,0,0,99,74
1701598260,12,3,6,1091,019.2,0.0,084,0,0,0,0,0,0,1,-0.7626169502553196,-0.6468503591892605,-0.9074277820271045,0.4202080679917626,0.5384198789087553,-0.8426767078754944,-0.9598637163356823,-0.2804668359401033,-0.800145872931962,0.5998054534846681,0.4473223370877716,-0.8943728119427233,-0.9732350209334648,-0.2298120841658208,0.7841594493997445,-0.620559391127948,-0.9001553730128894,-0.4355689433786872,0.8472216189931319,-0.5312396147791093,1,0,0,0,99,82
1701598320,12,3,6,1092,019.2,0.0,084,0,0,0,0,0,0,1,-0.9563495054874062,0.2922252955409466,-0.5948843183590627,0.8038113259779768,0.3132001548706699,-0.9496871395301657,-0.9873416682005692,-0.15860778743465642,-0.7611201572139107,0.6486109051524434,0.4191593341723149,-0.9079126899521901,-0.9767068879536455,-0.2145778530601538,0.7792874479484941,-0.6266666366338032,-0.9018499422392295,-0.4320493972719999,0.8461824263337073,-0.5328933301928258,1,0,0,0,99,84
1701598380,12,3,6,1093,019.2,0.0,084,0,0,0,0,0,0,1,-0.2708187358060818,0.9626303612168046,-0.13669242624080422,0.9906135374647382,0.0685071621630242,-0.9976506245837613,-0.9994124835581556,-0.034273717454039475,-0.7191222835700614,0.6948835451160001,0.39058702928028716,-0.9205660066274445,-0.9799403059950755,-0.19929123584914057,0.7743678828080167,-0.6327356336381172,-0.9035307503450332,-0.428523258623078,0.8451400057455208,-0.534545012780459,1,0,0,0,99,86
1701598500,12,3,6,1095,019.2,0.0,084,0,0,0,0,0,0,1,0.9880176706221142,-0.15434079997995195,0.7597173158418702,0.6502534890410232,-0.41817849715102334,-0.9083648741120011,-0.9768226231286827,0.2140503747812637,-0.6268770314897238,0.7791182114356151,0.33232648748210314,-0.9431644107565804,-0.9856886959777362,-0.1685757830226803,0.7643872654036958,-0.6447574028180366,-0.9068509808171452,-0.4214514190164529,0.8430454967012317,-0.5378422542825857,1,0,0,0,99,82
1701598560,12,3,6,1096,019.2,0.0,085,0,0,0,0,0,0,1,0.4039549207204277,-0.9147788924246957,0.9784627975617406,0.20642323945634647,-0.6299114066849614,-0.7766669941024745,-0.9425144545582509,0.33416538263076073,-0.5769898687885426,0.8167513032223337,0.30269514100631545,-0.953087431252331,-0.9882022645319962,-0.1531544461445194,0.7593268223052967,-0.6507094412468135,-0.9084903525208217,-0.4179058259663213,0.8419934162350443,-0.5394878006191052,1,0,0,0,99,80
1701598620,12,3,6,1097,019.2,0.0,085,0,0,0,0,0,0,1,-0.5515021203580569,-0.8341734898931801,0.9576464613554367,-0.28794661840940233,-0.8024794758775462,-0.5966797221251103,-0.8934986631565573,0.44906585144881017,-0.5248495729974398,0.8511949986486088,0.2727682178621542,-0.9620797780456174,-0.9904745776761807,-0.13769571880487538,0.754220033811379,-0.6566217637251771,-0.9101158617794707,-0.41435385618745174,0.8409381238198955,-0.5411312889736409,1,0,0,0,99,80
1701598680,12,3,6,1098,019.1,0.0,085,0,0,0,0,0,0,1,-0.9999106553616806,0.013367172257978635,0.7023648723213674,-0.7118171015991323,-0.925153258006243,-0.37959379499727586,-0.8305401239546696,0.5569587978489631,-0.47065975085566697,0.8823147958209029,0.2425749411822016,-0.9701326702623984,-0.9925050806576252,-0.12220337503031901,0.7490672116139909,-0.6624940093954363,-0.9117274837898209,-0.41079556387853294,0.8398796234814049,-0.5427727130767847,1,0,0,0,99,80
1701598740,12,3,6,1099,019.1,0.0,085,0,0,0,0,0,0,1,-0.5290059451500208,0.848618117881025,0.27511986671174343,-0.96140993282809,-0.9903054914590976,-0.1389065642291789,-0.7546212838998045,0.656160588488375,-0.4146320124590147,0.9099891725972279,0.2121447941887475,-0.9772382443900842,-0.9942932777581482,-0.10668119705439141,0.7438686702148408,-0.6683258198459823,-0.9133251939605034,-0.40723100333472756,0.8388179192574297,-0.544412066667002,1,0,0,0,99,81
1701598860,12,3,6,1101,019.1,0.0,085,0,0,0,0,0,0,1,0.9917904215356813,0.127873999507623,-0.6603506646064563,-0.7509573887736983,-0.935670184620013,0.35287576512584545,-0.568825208158954,0.8224584381978962,-0.29794425804343316,0.9545832698612249,0.15069294963397442,-0.9885806163033,-0.9971410673278129,-0.07556250292539285,0.7333357017510442,-0.6798667138030098,-0.9164787814791485,-0.4000832952005059,0.8366849153655472,-0.5476845373020377,1,0,0,0,99,81
1701598920,12,3,6,1102,019.1,0.0,085,0,0,0,0,0,0,1,0.6434689119906669,-0.7654722459381185,-0.9395403785729803,-0.3424381360639331,-0.8192796030855196,0.5733942203824812,-0.4618472580937981,0.8869594749430442,-0.2377399052083556,0.9713288513534034,0.1197312587560086,-0.9928063384551399,-0.9981999645499743,-0.05997358395518874,0.7280019175645037,-0.6855750929128083,-0.9180346107072457,-0.39650025667532157,0.8356136238344016,-0.5493176418633751,1,0,0,0,99,84
1701598980,12,3,6,1103,019.1,0.0,085,0,0,0,0,0,0,1,-0.29645494772964054,-0.9550468386244814,-0.9886978402485972,0.14992191530179746,-0.6519501839474403,0.7582618002055086,-0.3476623360349028,0.9376198057329816,-0.17660718313112056,0.9842814144676769,0.08865265233573967,-0.9960626020656727,-0.9990151655669879,-0.044370023294603905,0.7226236998931754,-0.6912416280525198,-0.9195764318566781,-0.3929111680440506,0.8345391446912633,-0.5509486509448723,1,0,0,0,99,83
1701599040,12,3,6,1104,019.1,0.0,085,0,0,0,0,0,0,1,-0.9638194956793541,-0.2665557723036503,-0.7957875885887045,0.6055758530920589,-0.4440856600409099,0.8959843338731037,-0.2280522595008612,0.9736488930495181,-0.11478481378318722,0.9933903797222716,0.057487478104924564,-0.9983462274487422,-0.9995864713592172,-0.028755630329187164,0.7172013769957456,-0.6968659733660458,-0.9211042214011522,-0.38931608407176954,0.8334614820349437,-0.5525775583247253,1,0,0,0,99,86
1701599100,12,3,6,1105,019.1,0.0,085,0,0,0,0,0,0,1,-0.7450528441828046,0.6670054417882312,-0.40804078117987713,0.9129637018491565,-0.20861004068697586,0.9779989012900671,-0.10488350373136132,0.994484515035319,-0.05251421219384832,0.998620176802802,0.02626616832731819,-0.999654984682916,-0.9999137424505465,-0.013134217089039184,0.7117352798228563,-0.7024477855723373,-0.9226179560284792,-0.3857150596150367,0.8323806399763982,-0.5542043577891477,1,0,0,0,99,89
1701599160,12,3,6,1106,019.1,0.0,085,0,0,0,0,0,0,1,0.15871195626818388,0.9873249287532074,0.07960864038153331,0.9968261956713436,0.03983594061056201,0.9992062338855137,0.01992192403467051,0.9998015387779501,0.009961456270293016,0.9999503834635872,-0.004980789917915772,-0.9999875957889646,-0.9999968989424328,0.002490402681839968,0.7062257419969057,-0.7079867239863471,-0.9241176126409308,-0.3821081496210549,0.831296622638711,-0.5558290431323939,1,0,0,0,99,89
1701599220,12,3,6,1107,019.1,0.0,085,0,0,0,0,0,0,1,0.9165577160638908,0.39990242950467825,0.5477670903291479,0.8366308712642267,0.285805116063178,0.9582877624347049,0.1444164768392013,0.9895169939002323,0.07239822546087599,0.9973758052760836,-0.03622288450632025,-0.9993437359777875,-0.9998359205334112,0.018114414456621736,0.7006730997916855,-0.713482450539823,-0.9256031683555925,-0.37849540912683277,0.8302094341570785,-0.5574516081567831,1,0,0,0,99,86
1701599280,12,3,6,1108,019.1,0.0,085,0,0,0,0,0,0,1,0.831724538632928,-0.5551885191859097,0.8818130525190443,0.47159913104992585,0.5140043136735694,0.8577875993070563,0.2666574588239974,0.9637913672852274,0.13455228113037063,0.9909064959130168,-0.06742960806271654,-0.9977240339675638,-0.9994308465240513,0.033734003856911096,0.6950776921118563,-0.7189346298019421,-0.9270746005047118,-0.3748768932583455,0.8291190786787943,-0.5590720466727229,1,0,0,0,99,82
1701599340,12,3,6,1109,019.1,0.0,085,0,0,0,0,0,0,1,-0.01779234392291962,-0.9998417037200081,0.9999604251469175,-0.008896524040091641,0.710245212599174,0.7039543578812153,0.3847373403497409,0.923026098732104,0.19618091302149665,0.9805677178890053,-0.09857048775113843,-0.9951300713698198,-0.9987817758073632,0.04934535758397232,0.6894398604722632,-0.724342928999784,-0.9285318866360444,-0.3712526572296931,0.8280255603632333,-0.560690352498733,1,0,0,0,99,75
1701599460,12,3,6,1111,019.1,0.0,085,0,0,0,0,0,0,1,-0.9017492607873273,0.43225949459729496,0.5327947566383818,-0.8462444961703725,0.9607925104231331,0.2772683752518736,0.6011370994823587,0.7991459113490706,0.3169022630488218,0.9484581992236323,-0.1605331753507164,-0.9870304451291338,-0.9967523376268385,0.08052811580704633,0.6780383042988625,-0.7350265695221657,-0.931403932115966,-0.3639872459838629,0.8258290519180901,-0.5639205413957435,1,0,0,0,99,73
1701599520,12,3,6,1112,019.1,0.0,085,0,0,0,0,0,0,1,-0.12348338230693397,0.9923466401888201,0.061860164125145584,-0.9980848261016746,0.99952109184891,0.030944901828293042,0.6960801312247417,0.717964101410472,0.375523566896625,0.926812845565509,-0.1912944777489552,-0.9815326906337631,-0.9953724656212274,0.09609190747986249,0.6722752756572777,-0.7403012587723536,-0.9328186476406745,-0.3603461816279218,0.8247260701675199,-0.5655324121445553,1,0,0,0,99,68
1701599580,12,3,6,1113,019.1,0.0,085,0,0,0,0,0,0,1,0.7683125483936604,0.6400748612317464,-0.42421995401457346,-0.9055591811780571,0.9761042928852575,-0.21730257571177444,0.780161065329389,0.6255787017986728,0.43267845925197573,0.901548307579431,-0.2218689843359916,-0.9750764861228659,-0.9937495877037801,0.11163223969161885,0.6664712147979015,-0.7455307638493595,-0.9342191295005041,-0.3566996188325974,0.823619942337665,-0.5671421255591065,1,0,0,0,99,62
1701599640,12,3,6,1114,019.1,0.0,085,0,0,0,0,0,0,1,0.9537254653559767,-0.30067879328533587,-0.8064362322233966,-0.5913210662215004,0.8919980566743126,-0.45203923158200526,0.8520678469411944,0.5234313557755185,0.48814375148335226,0.8727632427455679,-0.2522268396250011,-0.9676681359705837,-0.9918841000768648,0.12714531849308558,0.6606264759706935,-0.7507147655711474,-0.9356053563258249,-0.3530476132399514,0.8225106726480671,-0.5687496754988299,1,0,0,0,99,61
1701599700,12,3,6,1115,019.1,0.0,085,0,0,0,0,0,0,1,0.2622875878003373,-0.9649897519071797,-0.9912087953370823,-0.13230693121076506,0.7524317016217369,-0.658670277448905,0.9106783947829511,0.413116038511636,0.5417028528115594,0.8405700561260899,-0.28233839968547497,-0.9593148743051183,-0.9897764581725306,0.14262735658856207,0.6547414159083866,-0.7558529475329715,-0.9369773069645208,-0.349390220575096,0.8213982653302526,-0.570355055831411,1,0,0,0,99,62
1701599760,12,3,6,1116,019.1,0.0,085,0,0,0,0,0,0,1,-0.6702962883777479,-0.7420935829038108,-0.9332988757369771,0.35910055492590737,0.5660827877060443,-0.8243483956816764,0.9550781108583937,0.2963541836370153,0.5931466160920859,0.8050944614258054,-0.3121742610900157,-0.9500248579447291,-0.9874271765413207,0.1580745742604909,0.6488163938047147,-0.7609449961266882,-0.9383349604823131,-0.3457274966453434,0.8202827246277175,-0.571958260432812,1,0,0,0,99,61
1701599820,12,3,6,1117,019.1,0.0,085,0,0,0,0,0,0,1,-0.9866128482510428,0.16308000388142288,-0.6468848414202396,0.7625877011470297,0.3445375878282153,-0.9387725233375308,0.9845741524480345,0.17496782084496165,0.642274154530228,0.7664749900828343,-0.3417052896262844,-0.9398071584327378,-0.984836828726652,0.17348320029222167,0.6428517712924879,-0.7659906005598964,-0.9396782961630795,-0.34205949733935437,0.8191640547959104,-0.5735592831872943,1,0,0,0,99,60
1701599880,12,3,6,1118,019.1,0.0,086,0,0,0,0,0,0,1,-0.39584210544059495,0.9183185871800467,-0.20209083702626568,0.9793667819514931,0.1015707094799159,-0.9948283223630832,0.9987062436880735,0.050851143728124895,0.6888936261397238,0.7248624503063064,-0.37090264874606493,-0.9286717531793207,-0.9820060471247926,0.1888494728886995,0.6368479124215218,-0.7709894528749078,-0.9410072935091703,-0.33838627862628545,0.8180422601022167,-0.5751581179874429,1,0,0,0,99,54
1701599940,12,3,6,1119,019.1,0.0,086,0,0,0,0,0,0,1,0.5588640435925373,0.8292592964684801,0.29218205243607953,0.9563627179236129,-0.14771134363410798,-0.989030514676775,0.9972538580213102,-0.07405904847898395,0.7328229828816042,0.6804193381735325,-0.39973782772366406,-0.916629515718737,-0.9789355228304715,0.20416964059485318,0.6308051836364167,-0.775941247967542,-0.9423219322417212,-0.3347078965549349,0.8169173448259422,-0.576754758734189,1,0,0,0,99,52
1701600060,12,3,6,1121,019.1,0.0,086,0,0,0,0,0,0,1,0.5214738406490854,-0.8532672696867566,0.9626181147492386,0.270862262333869,-0.6037953865615946,-0.7971393423780654,0.9479291488233879,-0.3184812848676784,0.8119363536841046,0.5837459700641716,-0.4562093981582516,-0.8898724543619079,-0.9720783030090497,0.23465671270825827,0.618604593941777,-0.785702460448056,-0.9449080538465253,-0.3273358669256578,0.8146581697023783,-0.5799414337130699,1,0,0,0,99,49
1701600120,12,3,6,1122,019.1,0.0,086,0,0,0,0,0,0,1,-0.43624613117504446,-0.8998273795761085,0.9746351572706857,-0.22379971003543722,-0.7822402795929897,-0.6229768414494085,0.9008265208821864,-0.4341792017995516,0.8468114317247825,0.5318932215212224,-0.4837906460850486,-0.8751837582820029,-0.9682932815738222,0.24981617413409918,0.6124474776933533,-0.7905112820618372,-0.9461794972577448,-0.32364233185583335,0.8135239184731551,-0.5815314557890083,1,0,0,0,99,44
1701600180,12,3,6,1123,019.1,0.0,086,0,0,0,0,0,0,1,-0.9928834218489483,-0.11909034644975776,0.7480275217028307,-0.6636677081003122,-0.9120492607585163,-0.4100806578587241,0.8396667963718477,-0.5431018975023361,0.8783797292465076,0.4779634413308532,-0.5108994806560028,-0.8596404601142426,-0.9642718652211737,0.2649146465238922,0.6062529808075618,-0.7952718549414068,-0.9474365031339586,-0.31994385840221495,0.8123865638974511,-0.5831192594991976,1,0,0,0,99,43
1701600240,12,3,6,1124,019.1,0.0,086,0,0,0,0,0,0,1,-0.636668273391427,0.771137801989229,0.33827666045026744,-0.9410467050017307,-0.9851514363288851,-0.17168764515577298,0.7654043523379563,-0.6435496697397284,0.9065179727230256,0.4221672241305995,-0.5375094305542,-0.8432577376255137,-0.9600150357222312,0.27994844380214573,0.6000214813645651,-0.7999838885259333,-0.9486790522948035,-0.31624050299895706,0.8112461103139285,-0.5847048387866493,1,0,0,0,99,39
1701600300,12,3,6,1125,019.1,0.0,086,0,0,0,0,0,0,1,0.30489674947599804,0.9523854115634964,-0.1542961250914999,-0.9880246483675132,-0.997001667091764,0.07738007376736837,0.6791980293819437,-0.7339550646215912,0.9311162829157246,0.364722452954578,-0.5635945116151425,-0.8260515882663074,-0.9555238323208656,0.2949138956828693,0.5937533597029707,-0.8046470952171733,-0.9499071257805084,-0.3125323221547067,0.8101025620730707,-0.5862881876028603,1,0,0,0,99,39
1701600420,12,3,6,1127,019.1,0.0,086,0,0,0,0,0,0,1,0.739119786313062,-0.6735740059418368,-0.9147606260497434,-0.40399628343473853,-0.8378532936722092,0.5458954646107904,0.4765000185672659,-0.8791744606762615,0.9693230784099441,0.24579009268452884,-0.6140887180674593,-0.7892370026438601,-0.9458427466137963,0.32462516642748135,0.5811087822312268,-0.8138258924449017,-0.9523197709921026,-0.3051017105451052,0.8078061990802946,-0.5894481696701139,1,0,0,0,99,41
1701600480,12,3,6,1128,019.1,0.0,086,0,0,0,0,0,0,1,-0.16744485726316327,-0.9858814430630688,-0.9964641095049708,0.08401951242696915,-0.6767497645263835,0.7362131187458456,0.363171365373259,-0.9317223617435201,0.9827823669926928,0.18476693191217952,-0.6384485367231334,-0.7696645151987259,-0.9406552278063217,0.33936373171073697,0.5747330981809134,-0.8183409227549167,-0.9535043059039945,-0.301379393161745,0.8066533930883032,-0.5910247908667855,1,0,0,0,99,39
1701600540,12,3,6,1129,019.1,0.0,086,0,0,0,0,0,0,1,-0.9200614712831593,-0.39177402805733347,-0.834198426052619,0.5514644013636177,-0.47356921280652436,0.8807566069475771,0.2441755444884099,-0.9697310469783819,0.9924039114640726,0.12302226022476213,-0.6621849212173432,-0.7493404634159169,-0.935238061515868,0.3540194462060546,0.5683223353845709,-0.8228060057528914,-0.9546742915133128,-0.29765247709964426,0.8054975099587969,-0.5925991574835201,1,0,0,0,99,38
1701600600,12,3,6,1130,019.1,0.0,086,0,0,0,0,0,0,1,-0.8267778116862851,0.5625286215858156,-0.46769187421537717,0.8838915718530796,-0.24094442112956296,0.9705389152046093,0.12136944589844409,-0.9926074035600907,0.9981501398988257,0.060797189243867816,-0.6852746933734428,-0.7282846933870942,-0.9295925702658919,0.36858873193093256,0.561876885122118,-0.8272208689131738,-0.9558297099675166,-0.2939210192269568,0.8043385541011188,-0.5941712635145877,1,0,0,0,99,41
1701600660,12,3,6,1131,019.1,0.0,086,0,0,0,0,0,0,1,0.02664155509373045,0.9996450507766182,0.01332195975413766,0.9999112587566504,0.0066611276578957485,0.9999778144430631,-0.003330582301704925,-0.9999944535953845,0.9999986133978848,-0.0016652934599518964,-0.7076953064207618,-0.7065177657143691,-0.9237201323221144,0.38306803200321415,0.5553971407906174,-0.8315852427752713,-0.9569705436363418,-0.29018507648113867,0.803176529936333,-0.5957411029628816,1,0,0,0,99,41
1701600720,12,3,6,1132,019.1,0.0,086,0,0,0,0,0,0,1,0.8555667989843964,0.5176924303827453,0.4910741133562503,0.8711177963922977,0.253852519790234,0.9672429364932829,-0.12797863787897792,-0.9917769246391254,0.9979421137117938,-0.06412127322844811,-0.7294248670111433,-0.6840609354332229,-0.9176221813560369,0.3974538115094489,0.5488834978802656,-0.8358988609602985,-0.9580967751120705,-0.2864447058680798,0.8020114418972087,-0.5973086698399414,1,0,0,0,99,43
1701600780,12,3,6,1133,019.1,0.0,086,0,0,0,0,0,0,1,0.8978878735372546,-0.44022422304406095,0.8485941972003052,0.529044316175847,0.48526059175671427,0.8743695775173811,-0.25062962961571295,-0.9680830484822521,0.9919886714278173,-0.12632686079719518,-0.7504421565974273,-0.6609361312573269,-0.9113002060949308,0.41174255836789153,0.5423363539502531,-0.8401614601872344,-0.9592083872097956,-0.28269996446123374,0.8008432944282027,-0.598873958165976,1,0,0,0,99,43
1701600840,12,3,6,1134,019.1,0.0,086,0,0,0,0,0,0,1,0.11469497798204223,-0.993400756002178,0.9983488258124457,0.05744233629398255,0.6864975104492431,0.7271321531516752,-0.3693696298075444,-0.9292825601375706,0.9821615346106695,-0.1880391446779491,-0.770726652153002,-0.6371659341655245,-0.9047557499583864,0.4259307841859259,0.5357561086045003,-0.8443727802889923,-0.9603053629676844,-0.2789509094007471,0.7996720919854422,-0.6004369619698862,1,0,0,0,99,46
1701600900,12,3,6,1135,019.1,0.0,086,0,0,0,0,0,0,1,-0.7739479513868687,-0.6332492151941991,0.9036728432331579,-0.42822353088416387,0.8450513389386954,0.5346851733103491,-0.4823457404650998,-0.8759809282485405,0.9684990780193187,-0.24901713972281062,-0.7902585462121908,-0.6127735553518892,-0.8979904106815086,0.4400150251117062,0.5291431634672671,-0.8485325642282995,-0.9613876856472365,-0.2751975978925875,0.7984978390367088,-0.6019976752892874,1,0,0,0,99,46
1701600960,12,3,6,1136,019.1,0.0,086,0,0,0,0,0,0,1,-0.9510267034945383,0.30910873368494685,0.587746231938178,-0.8090453428841139,0.9510639681125854,0.3089940590981371,-0.5877950071674065,-0.8090099069535975,0.9510546532543747,-0.3090227281660707,-0.8090187662119065,-0.587782813560387,-0.8910058399248534,0.45399184267980686,0.5224979221586403,-0.8526405581133842,-0.9624553387335394,-0.27144008720767066,0.7973205400614205,-0.6035560921705327,1,0,0,0,99,49
1701601020,12,3,6,1137,019.1,0.0,086,0,0,0,0,0,0,1,-0.25373589029368065,0.967273538342114,0.1279188446982811,-0.9917846385032675,0.9979440461527058,0.06409119087960714,-0.6840719293759951,-0.7294145566410116,0.9298963804212305,-0.36782158946898996,-0.8269889931156853,-0.5622181118262778,-0.8838037428711981,0.46785782465067427,0.5158207902698987,-0.8566965112134736,-0.9635083059355206,-0.2676784346809867,0.7961401995506151,-0.6051122066687357,1,0,0,0,99,51
1701601080,12,3,6,1138,019.1,0.0,086,0,0,0,0,0,0,1,0.6768385302801764,0.7361315126580106,-0.36322753704942956,-0.9317004649183155,0.9827767968664898,-0.18479655716717844,-0.7696741379204508,-0.6384369361310566,0.9051068821225083,-0.42518411533648776,-0.8441516793019155,-0.5361044136469649,-0.8763858778092459,0.4816095858436764,0.5091121753387575,-0.8607001759740951,-0.964546571186196,-0.2639126977107249,0.794956822006933,-0.6066660128477922,1,0,0,0,99,49
1701601140,12,3,6,1139,019.1,0.0,086,0,0,0,0,0,0,1,0.9851307275152447,-0.17180643091946454,-0.7654431497242185,-0.6435035233316658,0.9065052463531763,-0.4221945503368881,-0.8432658389668374,-0.5374967207635373,0.8767829608185647,-0.48088630633262097,-0.8604900656987915,-0.509467218605564,-0.8687540557043645,0.4952437689635459,0.5023724868244946,-0.8646513080321876,-0.9655701186429154,-0.26014293375739844,0.7937704119445995,-0.608217504780404,1,0,0,0,99,47
1701601260,12,3,6,1141,019.1,0.0,086,0,0,0,0,0,0,1,-0.5661821813880273,-0.8242801328909335,-0.955060242312215,0.29641176352252496,0.5931223467706621,-0.8051123410812074,-0.9500295629824388,-0.3121599421120466,0.8099876363599776,-0.5864469532225202,-0.8906309429900019,-0.45472686679889496,-0.8528560449451288,0.5221461161404464,0.4888015363414653,-0.8723950126348862,-0.9675729979270004,-0.2525915550499599,0.7913885123787051,-0.6113135222412638,1,0,0,0,99,47
1701601320,12,3,6,1142,019.1,0.0,086,0,0,0,0,0,0,1,-0.9995173533267221,0.031065421270998466,-0.6960368448325855,0.718006065876535,0.3754956285520944,-0.9268241650595153,-0.9815355737464423,-0.1912796838930951,0.7717770675179119,-0.6358931970491998,-0.9044040018291604,-0.4266771630582074,-0.8445937375620919,0.535407712375248,0.481971102673569,-0.8761871125436759,-0.9685522991928923,-0.24881005552059607,0.790193031961367,-0.6128580359591461,1,0,0,0,99,44
1701601380,12,3,6,1143,019.1,0.0,086,0,0,0,0,0,0,1,-0.5139008801272689,0.8578495703819047,-0.26659935260432954,0.9638074419669898,0.134522410833679,-0.9909105514543152,-0.9977250501652034,-0.06741457018213824,0.730552725743371,-0.6828562915496429,-0.9172939255085152,-0.3982108163086213,-0.8361252347312038,0.5485385964958978,0.47511125197373627,-0.8799257345071508,-0.9695168215423472,-0.245024759455906,0.7889945371977889,-0.6144002118098976,1,0,0,0,99,42
1701601440,12,3,6,1144,019.1,0.0,087,0,0,0,0,0,0,1,0.4441936922858625,0.8959307806596738,0.22811095911894086,0.9736351423042602,-0.11481475884166603,-0.9933869191569467,-0.9983453608739179,0.05750252534912421,0.6864755912087755,-0.7271528468448447,-0.9292881272363391,-0.36935562345465606,-0.8274526039159754,0.5615355627853609,0.4682224029318968,-0.8836106503390961,-0.9704665502579407,-0.24123572461485038,0.7877930326598638,-0.6159400439105862,1,0,0,0,99,48
1701601500,12,3,6,1145,019.1,0.0,087,0,0,0,0,0,0,1,0.9938986325155377,0.11029736299542382,0.66697175240207,0.7450830030927507,-0.3570133029084836,-0.9340992996177523,-0.9833868261314447,0.18152231320453105,0.6397177841812235,-0.7686098858343324,-0.9403748948781896,-0.340139761102453,-0.8185779624148372,0.5743954382207205,0.4613049760078898,-0.8872416351312422,-0.9714014708479811,-0.2374430088134391,0.7865885229309665,-0.6174775263872204,1,0,0,0,99,49
1701601560,12,3,6,1146,019.0,0.0,087,0,0,0,0,0,0,1,0.6298177536088091,-0.7767429415444683,0.9425345992440989,0.3341085590459571,-0.5770144889662836,-0.8167339098647604,-0.9530828688694285,0.3027095060740904,0.5904618928965313,-0.8070655196680411,-0.9505434023936101,-0.31059175804579786,-0.8095034768442313,0.5871150832478255,0.4543593934058008,-0.8908184672669919,-0.9723215690467305,-0.233646669923849,0.7853810126059354,-0.619012653374772,1,0,0,0,99,50
1701601620,12,3,6,1147,019.0,0.0,087,0,0,0,0,0,0,1,-0.3133146634124747,-0.9496493677619796,0.9873321041478342,-0.15866731269864684,-0.7611397088244204,-0.6485879613827846,-0.9079063722055223,0.4191730183451789,0.5389002605560796,-0.8423695799188082,-0.959783720407574,-0.2807404674082379,-0.8002313626096637,0.5996913925477679,0.44738607904819305,-0.8943409284349475,-0.9732268308146225,-0.2298467658735407,0.7841705062910556,-0.6205454190171978,1,0,0,0,99,46
1701601680,12,3,6,1148,019.0,0.0,087,0,0,0,0,0,0,1,-0.9683870238169294,-0.2494525447915689,0.7903962755452384,-0.6125958925786359,-0.8979409481081247,-0.4401159548467677,-0.8485623002604958,0.529095475861036,0.48523423423072903,-0.8743842049868684,-0.9680868259063513,-0.2506150384684961,-0.7907638833648436,0.6121212957950017,0.4403854585502332,-0.8978088036422348,-0.9741172423384761,-0.22604335464437486,0.7829570086040404,-0.6220758174674632,1,0,0,0,99,40
1701601740,12,3,6,1149,019.0,0.0,087,0,0,0,0,0,0,1,-0.7331288204696695,0.6800897974508595,0.3999438726553643,-0.9165396329267108,-0.9789125683447707,-0.2042796699053643,-0.7759766974289126,0.6307615754366446,0.4296733786048162,-0.9029843784464503,-0.9754446110483287,-0.22024488819669533,-0.7811033504590462,0.6244017584069189,0.43335795919371384,-0.901221881227625,-0.9749927900317071,-0.22223649427172731,0.781740524174015,-0.623603842887563,1,0,0,0,99,37
1701601800,12,3,6,1150,019.0,0.0,087,0,0,0,0,0,0,1,0.1761646394206257,0.9843607163117598,-0.08842873879073523,-0.9960825056971334,-0.999020146367713,0.044257735498252376,-0.6912822377660761,0.7225848515912344,0.37243465763054706,-0.9280584172322436,-0.9818498910811784,-0.1896596725291863,-0.771252122372829,0.6365297822846995,0.42630400990097467,-0.9045799528744541,-0.9758534605345349,-0.21842624284360365,0.7805210576414975,-0.6251294894485447,1,0,0,0,99,35
1701601860,12,3,6,1151,019.0,0.0,087,0,0,0,0,0,0,1,0.9234931422524565,0.38361493220765563,-0.5551509109207803,-0.8317496414810336,-0.9570134903649565,0.2900434092674461,-0.5958005499882296,0.8031324328115028,0.3137415872884062,-0.9495084077593792,-0.9872964113576478,-0.15888925741002893,-0.7612126041422426,0.6485024065452537,0.4192240412087231,-0.907882813623337,-0.9766992407141866,-0.21461265849975275,0.7792986136583822,-0.6266527513305304,1,0,0,0,99,37
1701601920,12,3,6,1152,019.0,0.0,087,0,0,0,0,0,0,1,0.8217663090042067,-0.5698246514372669,-0.8859527784925297,-0.4637754567475154,-0.8555043707508208,0.5177955886508133,-0.49102159389846933,0.8711474010323434,0.25382336276203626,-0.9672505882738824,-0.9917788534431158,-0.12796368962740468,-0.7509872467716762,0.6603167082440802,0.4121184852417566,-0.9111302618846769,-0.977530117665097,-0.2107957994307797,0.7780731968879212,-0.6281736227227391,1,0,0,0,99,42
1701601980,12,3,6,1153,019.0,0.0,087,0,0,0,0,0,0,1,-0.03548867897301029,-0.9993700784317843,-0.999842507205956,0.017747134532308913,-0.7008041329314815,0.7133537462340508,-0.3785804100623468,0.9255684054228652,0.1929139634359509,-0.9812156759405307,-0.9952928403089542,-0.09691316747343799,-0.7405785466354794,0.6719698030888598,0.404987775686588,-0.9143220994509702,-0.9783460787091065,-0.20697572387725785,0.7768448120047072,-0.6296920978235085,1,0,0,0,99,42
1701602040,12,3,6,1154,019.0,0.0,087,0,0,0,0,0,0,1,-0.8601155391668699,-0.5100992641473664,-0.8689359194288628,0.4949246083256689,-0.5025312884161199,0.8645590229491764,-0.2602316055466972,0.96554622441113,0.1312512392110452,-0.9913491373908412,-0.9978349406066219,-0.06576801125607637,-0.7299890448685091,0.6834588461436152,0.3978323477649755,-0.917458131508903,-0.9791471113956531,-0.20315249012884015,0.7756134636946551,-0.6312081708403179,1,0,0,0,99,42
1701602100,12,3,6,1155,019.0,0.0,087,0,0,0,0,0,0,1,-0.8939561392767458,0.44815446115085755,-0.5252835133759399,0.8509272769017507,-0.2730134823577851,0.9620102070409,-0.13782197386320505,0.9904570175027536,0.06907598170582292,-0.9976114016747086,-0.9994026720183183,-0.03455863369182427,-0.7192213267457467,0.6947810325232604,0.39065263820735907,-0.9205381666512422,-0.9799332035019638,-0.1993261565233697,0.7743791566549844,-0.6327218359898094,1,0,0,0,99,40
1701602160,12,3,6,1156,019.0,0.0,087,0,0,0,0,0,0,1,-0.10589758762554134,0.9943770416371703,-0.053023383345603574,0.998593270966005,-0.026521020285755953,0.9996482558795381,-0.013261676373330016,0.9999120601031718,0.006630983970279104,-0.9999780147841181,-0.9999945036809248,-0.0033155102082415536,-0.7082780210511411,0.705933598078374,0.38344908522620447,-0.9235620168885179,-0.9807043430332401,-0.1954967814459897,0.7731418955942013,-0.6342330874978104,1,0,0,0,99,38
1701602220,12,3,6,1157,019.0,0.0,087,0,0,0,0,0,0,1,0.7795227177168391,0.6263739558469471,0.4322187201828797,0.901768805139917,0.22162039037516723,0.9751330178852311,0.11150556514086836,0.9937638094349258,-0.055839907615764274,-0.9984397351455234,-0.9996098576808663,0.027930850814794402,-0.6971617994358288,0.7169138200700257,0.3762221284892572,-0.926529497660497,-0.9814605182228414,-0.19166442332825234,0.7719016852320807,-0.6357419195993559,1,0,0,0,99,38
1701602280,12,3,6,1158,019.0,0.0,087,0,0,0,0,0,0,1,0.9482534313435556,-0.3175144562774626,0.811638606855743,0.5841598855290122,0.45598251856347943,0.8899887318188394,0.23453279960504517,0.972108206893358,-0.1180927455575532,-0.9930025697079937,-0.9982491096184343,0.05914993783600386,-0.685875375765888,0.7277190178344949,0.36897220909270734,-0.9294404278474482,-0.982201717532465,-0.1878291406472274,0.7706585302996481,-0.63724832653871,1,0,0,0,99,38
1701602340,12,3,6,1159,019.0,0.0,087,0,0,0,0,0,0,1,0.2451643132877585,-0.9694815415933105,0.9923410556843122,0.12352825265235788,0.6619938622629526,0.7495092569983235,0.35390022817291067,0.9352831809132257,-0.17988443385514805,-0.9836877504862063,-0.9959135882410196,0.09031126594670705,-0.6744215054597877,0.7383465534377157,0.3616997695342674,-0.9322946297811963,-0.982927929652321,-0.18399099192460988,0.7694124355391618,-0.6387523025693881,1,0,0,0,99,39
1701602460,12,3,6,1161,019.0,0.0,087,0,0,0,0,0,0,1,-0.9835714245347456,0.1805193974028589,0.6401096010048362,-0.7682836056440547,0.9402881488256817,0.3403794899490459,0.574291089105061,0.8186511741728115,-0.30112192366812857,-0.953585647483437,-0.98832829755184,0.15233901751777681,-0.651022650328782,0.7590583039259161,0.34708910676804877,-0.9378321555390166,-0.9843353482271722,-0.17630633065914494,0.7669114455591157,-0.6417529389651656,1,0,0,0,99,41
1701602520,12,3,6,1162,019.0,0.0,087,0,0,0,0,0,0,1,-0.3795240735526223,0.9251818619028498,0.19341424210376837,-0.9811171851269475,0.9952681008469395,0.09716690504758436,0.6718753957961311,0.7406641968691292,-0.3600942953803009,-0.9329159117704899,-0.9830859351477087,0.18314487193136209,-0.6390833779987701,0.7691374623340622,0.33975177531981915,-0.9405151413810577,-0.9850165332066914,-0.17245993537477364,0.7656565598800724,-0.6432495878837492,1,0,0,0,99,43
1701602580,12,3,6,1163,019.0,0.0,087,0,0,0,0,0,0,1,0.573455960388843,0.8192363892641181,-0.30063566882181647,-0.9537390600327005,0.988367102860243,-0.1520870473894794,0.7589753116503459,0.6511194024948576,-0.4176605065751025,-0.9086031593866647,-0.9768836060111421,0.21377188848552484,-0.6269880826277622,0.7790288468617593,0.3323937071743693,-0.9431407230264631,-0.9856826880458192,-0.1686109085639729,0.7643987534539721,-0.6447437830006688,1,0,0,0,99,42
1701602640,12,3,6,1164,019.0,0.0,087,0,0,0,0,0,0,1,0.9992032289764632,-0.03991124156186587,-0.7210794829843191,-0.6928523502298791,0.9200142254959646,-0.3918849638415085,0.8342316716121213,0.5514141076171752,-0.47359576242974594,-0.8807423311097222,-0.9697273666112869,0.2441901604183487,-0.6147397171086522,0.7887300426693371,0.3250153514302539,-0.9457087402232617,-0.9863338025798521,-0.16475930895815624,0.7631380310789642,-0.6462355186160244,1,0,0,0,99,43
1701602700,12,3,6,1165,019.0,0.0,087,0,0,0,0,0,0,1,0.5062876569049047,-0.8623646609559911,-0.9649778911861119,-0.26233122102030565,0.7944593196068335,-0.6073173713058496,0.8964701253543951,0.44310418001534946,-0.5276816369671445,-0.849442222877857,-0.9616242048944735,0.27436998480349767,-0.6023412717042151,0.798238681348974,0.3176171584242781,-0.9482190362329197,-0.9869698668735839,-0.16090519532799485,0.7618743975643212,-0.6477247890392976,1,0,0,0,99,43
1701602760,12,3,6,1166,019.0,0.0,087,0,0,0,0,0,0,1,-0.452106452059868,-0.8919639880655711,-0.9726160568450356,0.23241774021622025,0.6195087811257318,-0.7849897261162786,0.9447194626227086,0.32787975988441354,-0.579706926004678,-0.8148250609438855,-0.9525820334606059,0.3042818915546195,-0.5897957733170781,0.8075524415029093,0.31019957970401146,-0.9506714578399073,-0.9875908712214556,-0.15704862648252085,0.760607857730421,-0.6492115885893748,1,0,0,0,99,43
1701602820,12,3,6,1167,019.0,0.0,087,0,0,0,0,0,0,1,-0.9948359739965252,-0.10149573805034878,-0.7421238906174457,0.670262732795749,0.4060401871762517,-0.913855221792749,0.9782267686463986,0.2075388857627059,-0.6294684719020064,-0.7770260245843462,-0.9426096818366407,0.33389667220238495,-0.5771062847507447,0.8166690493101796,0.30276306800022723,-0.9530658553610499,-0.9881968061477051,-0.15318966126822994,0.7593384164087281,-0.6506959115945674,1,0,0,0,99,39
1701602880,12,3,6,1168,019.0,0.0,087,0,0,0,0,0,0,1,-0.6229178893619306,0.7822872254567869,-0.32993391349118173,0.9440040321568512,0.16732598101183924,-0.9859016259639831,0.9964691731217737,0.08395943674184847,-0.6767719568873076,-0.7361927182273159,-0.9317168878547055,0.36318540841606234,-0.5642759039618552,0.8255862790817391,0.29530807719927077,-0.9554020826546641,-0.9887876624065108,-0.14932835856818344,0.7580660784417752,-0.6521777523926344,1,0,0,0,99,43
1701602940,12,3,6,1169,019.0,0.0,087,0,0,0,0,0,0,1,0.32170803001899356,0.9468389215813312,0.16303539250522991,0.9866202211543537,-0.08179174422167067,-0.9966494421697013,0.9991620094283262,-0.04093017120840497,-0.721432661864018,-0.6924845950602783,-0.9199142881432699,0.3921195002417769,-0.551307763303866,0.8343019538038302,0.28783506231535605,-0.957679997129477,-0.9893634309821333,-0.14546477730110988,0.7567908486831451,-0.6536571053308035,1,0,0,0,99,42
1701603060,12,3,6,1171,019.0,0.0,087,0,0,0,0,0,0,1,0.7270804160280906,-0.6865523058212089,0.9183006876348315,0.39588362821591344,-0.5495982040473234,-0.8354291197390457,0.9579741958265487,-0.2868543883758398,-0.8021391364270415,-0.5971371750377631,-0.8936266488410479,0.4488111100241598,-0.5249708991819643,0.8511201765979232,0.2728367858281548,-0.9620603350616642,-0.9904696701721017,-0.1377310149137365,0.7542317332603212,-0.6566083250638327,1,0,0,0,99,39
1701603120,12,3,6,1172,019.0,0.0,087,0,0,0,0,0,0,1,-0.18487061956996106,-0.9827628676439799,0.9956813917222668,-0.09283623310976193,-0.739200998751274,-0.6734848798934681,0.9147362679738538,-0.40405143243560715,-0.8378697489573207,-0.5458702078170199,-0.8791672786839316,0.4765132695859477,-0.5116086054857034,0.859218618742037,0.2653124396423611,-0.9641624911657881,-0.9910001239065988,-0.13386095180113555,0.752947857358375,-0.6580801806006866,1,0,0,0,99,37
1701603180,12,3,6,1173,019.0,0.0,087,0,0,0,0,0,0,1,-0.9268524601099338,-0.3754257811980466,0.8292845655135657,-0.5588265467933469,-0.882843855614725,-0.46966661218712,0.8572241866008915,-0.5149433890307167,-0.8703284980485003,-0.49247162911648185,-0.863849416598889,0.5037501220265451,-0.4981214098859107,0.8671072949833097,0.2577719001527225,-0.9662057997609282,-0.991515456198472,-0.1299888461351046,0.7516611091892093,-0.659549525761673,1,0,0,0,99,36
1701603240,12,3,6,1174,019.0,0.0,087,0,0,0,0,0,0,1,-0.8166904232239494,0.5770760371166753,0.4598499553568124,-0.8879966320647492,-0.9715957575207781,-0.2366467493282453,0.7863354085020734,-0.6177998262672768,-0.8993886329800029,-0.4371499592432345,-0.8476880202182978,0.5304950710217605,-0.48451260508795824,0.8747842794145767,0.2502156275949039,-0.9681901361340594,-0.9920156591843848,-0.12611475699921215,0.7503714936613771,-0.6610163549416868,1,0,0,0,99,37
1701603300,12,3,6,1175,019.1,0.0,087,0,0,0,0,0,0,1,0.04433302241328026,0.9990168082288223,-0.022171961699155765,-0.9997541718414639,-0.999938541071766,0.01108666222395586,0.7031761293502661,-0.7110157038434368,-0.9249366745468137,-0.3801212281342382,-0.8306988708714603,0.5567220005827692,-0.4707855134863597,0.8822476978101924,0.24264408316483588,-0.970115379171517,-0.9925007252318552,-0.1222387435072919,0.7490790156943697,-0.6624806625452203,1,0,0,0,99,40
1701603360,12,3,6,1176,019.1,0.0,086,0,0,0,0,0,0,1,0.8645968916959479,0.5024661330574484,-0.49876540925697305,-0.8667370227056902,-0.9661099892625297,0.2581307588164473,0.6090440218832924,-0.7931364191664784,-0.9468728581933475,-0.32160813176404734,-0.8128985581744033,0.582405300557933,-0.4569434863536556,0.889495728083596,0.23505772899056523,-0.9719814113663893,-0.9929706469393719,-0.11836086480254095,0.7477836802185981,-0.6639424429863854,1,0,0,0,99,40
1701603420,12,3,6,1177,019.1,0.0,086,0,0,0,0,0,0,1,0.8899543660462135,-0.4560495876056486,-0.8532436895769135,-0.5215124219011238,-0.8722133975986393,0.4891255350617448,0.5054079861548763,-0.8628805059397694,-0.9651115235919032,-0.2618391625217956,-0.7943044638303991,0.6075198916406789,-0.4429899030222479,0.8965266007321475,0.22745702810404925,-0.9737881188256887,-0.9934254171365078,-0.11448118005661723,0.7464854921753729,-0.6654016906889337,1,0,0,0,99,41
1701603480,12,3,6,1178,019.1,0.0,086,0,0,0,0,0,0,1,0.0970919004884274,-0.9952754206045407,-0.9988181567744302,-0.04860339183359195,-0.7240868013690044,0.6897088545779327,0.39388522784059016,-0.9191596310157264,-0.9795814491444105,-0.20104771695330634,-0.7749347446570279,0.6320412498590158,-0.42892817005938433,0.9033385992691267,0.21984244441289458,-0.9755353912773044,-0.9938650288840292,-0.11059974846873663,0.745184456516887,-0.666858400086279,1,0,0,0,99,36
1701603540,12,3,6,1179,019.2,0.0,086,0,0,0,0,0,0,1,-0.7850364106161789,-0.6194496218473833,-0.8998471041925353,0.43620544365735325,-0.5309399948876741,0.8474094180670148,0.27621602228417635,-0.9610955774705798,-0.990226130101246,-0.13947118435257538,-0.7548083148563532,0.6559454305227779,-0.41476172043549425,0.9099300606427886,0.21221444267204273,-0.9772231220767315,-0.9942894754740018,-0.10671662926476969,0.7438805782061962,-0.6683125656215175,1,0,0,0,99,35
1701603600,12,3,6,1180,019.2,0.0,086,0,0,0,0,0,0,1,-0.9454058661811658,0.325895302497964,-0.5805620972394064,0.8142159733442853,-0.30478191109030295,0.9524221683015063,0.15423655808285816,-0.988033948885742,-0.9970039992110719,-0.07735001976165862,-0.7339448275455243,0.6792090916052071,-0.40049401268607804,0.9162993756423735,0.2045734884554038,-0.9788512082135807,-0.9946987504298929,-0.1028318816963379,0.7425738622171999,-0.6697641817474499,1,0,0,0,99,33
1701603660,12,3,6,1181,019.2,0.0,086,0,0,0,0,0,0,1,-0.23657352834172077,0.9716135886698729,-0.11913524107107658,0.9928780359817294,-0.05967396424853361,0.9982179210928167,0.029850283978409217,-0.9995543809850509,-0.9998885890400617,-0.014926804998878345,-0.7123646555658409,0.7018095165360476,-0.3861285300673549,0.9224449892909733,0.1969200481274402,-0.980419550317866,-0.9950928475066702,-0.09894556503990963,0.7412643135346223,-0.6712132429266017,1,0,0,0,99,34
1701603720,12,3,6,1182,019.2,0.0,086,0,0,0,0,0,0,1,0.6897634204403791,0.7240348222443372,0.37146007709824136,0.9284489275787703,0.18914422066406064,0.9819493183405064,-0.09500179382383689,-0.995477101278705,-0.9988686353266643,0.04755469861798596,-0.6900888715890201,0.7237246363838894,-0.3716687797058764,0.9283654012251559,0.1892545888147023,-0.9819280526660688,-0.9954717606908969,-0.09505773859589553,0.7399519371539937,-0.672659743631245,1,0,0,0,99,31
1701603780,12,3,6,1183,019.2,0.0,086,0,0,0,0,0,0,1,0.9819350614765846,-0.18921822069498487,0.7711090132708166,0.6367031409161632,0.4262023340409088,0.9046278629680171,-0.2183714004076345,-0.9758657343528404,-0.993948120968303,0.10985050215442702,-0.6671392275400889,0.7449330514061069,-0.3571182917423113,0.9340591660612584,0.1815775783773173,-0.9833766231869808,-0.9958354842008244,-0.0911684616877438,0.738636738081631,-0.6741036783434193,1,0,0,0,99,31
1701603840,12,3,6,1184,019.2,0.0,086,0,0,0,0,0,0,1,0.3713201354167654,-0.9285049041518709,0.9819635696276799,0.18907021955893671,0.6367612505645516,0.7710610285700272,-0.3383333943242765,-0.9410263090291437,-0.9851462604682474,0.17171734183077755,-0.6435381333569995,0.7654140519453434,-0.34248061846961253,0.939524893748256,0.17388948538043356,-0.9847651734673236,-0.9961840124864793,-0.08727779366103493,0.737318721334619,-0.6755450415549525,1,0,0,0,99,33
1701603900,12,3,6,1185,019.2,0.0,086,0,0,0,0,0,0,1,-0.5806848107146881,-0.814128460751279,0.952399196962933,-0.3048536856007493,0.8077294366310879,0.5895533539889544,-0.45301580878102127,-0.8915024828874439,-0.9724974249033886,0.23291362896206408,-0.6193086351077046,0.7851476386521404,-0.32775933346577607,0.9447612499071235,0.16619077906562166,-0.9860936187571451,-0.9965173402297486,-0.08338579388257615,0.7359978919407909,-0.6769838277674821,1,0,0,0,99,31
1701603960,12,3,6,1186,019.2,0.0,086,0,0,0,0,0,0,1,-0.9988108198402659,0.048753934918280305,0.6896542847984488,-0.7241387763813923,0.9284769185018528,0.37139010731211436,-0.5606290630567977,-0.8280670586710095,-0.9560510077059198,0.2932003933566516,-0.5944743924860635,0.8041145420139632,-0.31295803072140266,0.9497669561566046,0.15848192932223448,-0.9873618779749916,-0.9968354623444613,-0.0794925217394956,0.7346742549387094,-0.6784200314924761,1,0,0,0,99,30
1701604020,12,3,6,1187,019.2,0.0,086,0,0,0,0,0,0,1,-0.4986347674567973,0.866812187664263,0.25805795118125785,-0.9661294394811347,0.9914962025850463,0.13013562256135958,-0.6594938883108169,-0.7517099249582114,-0.9358712317830405,0.3523422164897279,-0.5690596557085522,0.8222962411715524,-0.29808032376227683,0.9545407904253104,0.15076340665872748,-0.9885698737128575,-0.9971383739764651,-0.07559803663833614,0.7333478153776475,-0.6798536472512536,1,0,0,0,99,28
1701604080,12,3,6,1188,019.2,0.0,086,0,0,0,0,0,0,1,0.45998379055440347,0.8879273125809357,-0.23671996897079078,-0.9715779208537356,0.992869055025318,-0.11921006489861569,-0.7480675320111867,-0.6636226092823331,-0.9120368987278785,0.4101081508076052,-0.5430892418343393,0.8396749820042292,-0.2831298447671764,0.9590815872500705,0.1430356821739413,-0.9897175322409093,-0.9974260705037014,-0.07170239800414888,0.7320185783175687,-0.6812846695750063,1,0,0,0,99,26
1701604140,12,3,6,1189,019.2,0.0,086,0,0,0,0,0,0,1,0.9956953728538205,0.09268616119729696,-0.67354058482125,-0.7391502422367515,0.9325101185072341,-0.36114384790776133,-0.8249678320721849,-0.5651796847429315,-0.8846410811009546,0.4662726215729745,-0.5165885105318475,0.8562337944664923,-0.26811024368112807,0.9633882380604645,0.13529922752834836,-0.9908047835119854,-0.997698547536275,-0.0678056652795864,0.7306865488291086,-0.6827130930048191,1,0,0,0,99,29
1701604200,12,3,6,1190,019.2,0.0,086,0,0,0,0,0,0,1,0.6159692212359092,-0.7877702193470044,-0.9454549749583542,-0.3257528055543003,0.8141722193597312,-0.5806234556258039,-0.8889947850313308,-0.4579173202523552,-0.853790758983826,0.5206163077294279,-0.4895833393154694,0.8719565091589797,-0.2530251873243257,0.9674596914494629,0.12755451491526504,-0.9918315611658722,-0.9979558009165216,-0.06390789792399577,0.7293517319935546,-0.6841389120916908,1,0,0,0,99,30
1701604260,12,3,6,1191,019.2,0.0,086,0,0,0,0,0,0,1,-0.3300761916986924,-0.9439542932121704,-0.9858890133306514,0.16740027895411294,0.6452130349915007,-0.7640027090770402,-0.9391492717020655,-0.3435093091336535,-0.819606402224157,0.5729269983454901,-0.4621000982766125,0.8868277731176133,-0.2378783584969287,0.9712949534301136,0.11980201703203151,-0.9927978025333541,-0.9981978267190713,-0.060009155412511284,0.7280141329028273,-0.6855621213965547,1,0,0,0,99,31
1701604320,12,3,6,1192,019.2,0.0,086,0,0,0,0,0,0,1,-0.9726510762098645,-0.232271143166327,-0.7849430371582153,0.6195679368857272,0.43613762914604876,-0.8998799744648526,-0.9746486480944947,-0.22374095013558368,-0.7822215000035424,0.6230004212937645,-0.4341656243337532,0.9008330648055067,-0.22267345507995925,0.9748930876782097,0.11204220705116075,-0.9937034486400381,-0.998424621250908,-0.05610949723514686,0.7266737566594609,-0.6869827154903001,1,0,0,0,99,30
1701604380,12,3,6,1193,019.2,0.0,086,0,0,0,0,0,0,1,-0.7209750468639425,0.6929610247333798,-0.39181562964398203,0.9200437556805056,0.1999452979185737,-0.9798070615382667,-0.9949389583130883,-0.10048118844274602,-0.741782039565109,0.6706410409292194,-0.40580719502664103,0.9139587082930004,-0.2074141891325177,0.9782532157608786,0.10427555859145843,-0.9945484442099537,-0.9986361810514262,-0.05220898289588839,0.7253306083765831,-0.6884006889537923,1,0,0,0,99,23
1701604440,12,3,6,1194,019.2,0.0,086,0,0,0,0,0,0,1,0.19356211562190795,0.9810880222467152,0.09724190905490493,0.9952607754369492,-0.04867866351416559,-0.998814491143613,-0.9997035788531551,0.024346548588937242,-0.6984459361364568,0.715662821651697,-0.37705250188024414,0.9261918866119744,-0.19210428598553647,0.9813745173510403,0.09650254568911575,-0.9953327376689265,-0.9988325028924836,-0.048307671911785734,0.7239846931778965,-0.6898160363778933,1,0,0,0,99,21
1701604500,12,3,6,1195,019.2,0.0,086,0,0,0,0,0,0,1,0.9301391616624073,0.36720721662564615,0.5624912369870102,0.8268032464334082,-0.2942760214208693,-0.9557204733690202,-0.9888681594047358,0.1487943658728041,-0.6523824162740731,0.7578899543709509,-0.347929623364445,0.9375206542714009,-0.17674748333229415,0.984256230427677,0.08872364276877669,-0.9960562811477264,-0.9990135837784505,-0.04440562381204457,0.7226360161976583,-0.6912287523634834,1,0,0,0,99,21
1701604560,12,3,6,1196,019.2,0.0,086,0,0,0,0,0,0,1,0.8115505520270061,-0.584282210498199,0.8900230925369855,0.45591544693166575,-0.5215767216183704,-0.8532043855172293,-0.9626017830643233,0.2709202968427898,-0.6037713570372523,0.7971575430373816,-0.3184669974758911,0.9479339489219124,-0.16134753031591095,0.9868976514618708,0.08093932461458155,-0.9967190304849884,-0.9991794209462554,-0.04050289813711804,0.7212845825806614,-0.6926388315214799,1,0,0,0,99,21
1701604620,12,3,6,1197,019.2,0.0,086,0,0,0,0,0,0,1,-0.0531738924849011,-0.9985852678454675,0.9996462543933898,-0.026596354586037207,-0.7164483074814391,-0.6976401814022622,-0.9213143278496927,0.3888186071921827,-0.5528025835720277,0.8333122485575808,-0.2886933939687737,0.9574216021579993,-0.14590818661404958,0.9892981355885594,0.0731500663411886,-0.9973209452299093,-0.9993300118654271,-0.03659955443779828,0.7199303974822143,-0.6940462684728598,1,0,0,0,99,23
1701604680,12,3,6,1198,019.2,0.0,086,0,0,0,0,0,0,1,-0.8690105054701593,-0.4947936351475211,0.864521149292347,-0.5025964409207844,-0.866774607646297,-0.4987000897730096,-0.8656500706905215,0.5006495332200912,-0.4996751278480393,0.8662128875802101,-0.2586378862616515,0.9659743494472848,-0.13043322152104356,0.9914570967639711,0.06535634336477557,-0.9978619886447151,-0.9994653542381334,-0.0326956522743077,0.7185734660681216,-0.6954510578486787,1,0,0,0,99,23
1701604740,12,3,6,1199,019.2,0.0,086,0,0,0,0,0,0,1,-0.8858828673734284,0.46390898384729823,0.5177311156153848,-0.8555433898544533,-0.9632090608622962,-0.2687532419763031,-0.7964776337023857,0.6046679907286713,-0.4445964514429511,0.8957309838139661,-0.22832982304775026,0.973583839177183,-0.11492641302767814,0.9933740079086988,0.057558631374022555,-0.9983421277069046,-0.9995854459992164,-0.028791251215390185,0.717213793514664,-0.6968531942900922,1,0,0,0,99,21
1701604860,12,3,6,1201,019.2,0.0,086,0,0,0,0,0,0,1,0.7904885981024289,0.6124767556977625,-0.4401836232200361,-0.8979077780311747,-0.9741426430536687,0.22593386418244757,-0.6221198179681919,0.7829220472634704,-0.32945254038823985,0.9441721366529173,-0.16707462905402884,0.9859442521392671,-0.08383241574931774,0.9964798673679431,0.04195314429251319,-0.9991195792716563,-0.9997798705894354,-0.020981190723403483,0.7144862457470414,-0.6996494869849461,1,0,0,0,99,23
1701604920,12,3,6,1202,019.2,0.0,086,0,0,0,0,0,0,1,0.9424842311061572,-0.334250615730526,-0.816777391867125,-0.576952937538875,-0.8879619748443272,0.4599168742616023,-0.519655234621185,0.8543760513560765,-0.26983694024718285,0.9629060315929266,-0.13618731293162617,0.9906831056379549,-0.06825281811780774,0.9976680574314172,0.034146321680254645,-0.9994168443225823,-0.9998542004518914,-0.017075650462248376,0.7131183809376422,-0.7010436325713798,1,0,0,0,99,23
1701604980,12,3,6,1203,019.2,0.0,086,0,0,0,0,0,0,1,0.22796420851960592,-0.9736695125318598,-0.9933955688777406,-0.11473989599990957,-0.7465721318130987,0.6653044806703509,-0.40908160514110703,0.9124978029207388,-0.20916763262902466,0.9778797990859456,-0.10516701220928161,0.9944545738961498,-0.0526565575396371,0.9986126811472378,0.026337414952517367,-0.9996531101205152,-0.9999132737694093,-0.013169849647676073,0.7117477957983699,-0.7024351038894354,1,0,0,0,99,23
1701605040,12,3,6,1204,019.2,0.0,086,0,0,0,0,0,0,1,-0.6961450560690602,-0.7179011498184169,-0.9267958647454188,0.3755654737736039,-0.5587640495890891,0.8293266768209027,-0.29212439403368673,0.9563803314636136,-0.1476815298816789,0.9890349668903556,-0.07404401768422757,0.9972549741391004,-0.0370474416181442,0.9993135078990728,0.01852690072471944,-0.9998283622450087,-0.9999570896406027,-0.00926384787740154,0.7103744955575902,-0.7038238956310728,1,0,0,0,99,27
1701605100,12,3,6,1205,019.2,0.0,086,0,0,0,0,0,0,1,-0.9802217665452432,0.1979022192673009,-0.6332842097876352,0.7739193172635314,-0.33621472509132366,0.9417853569852133,-0.1706086794609036,0.9853388648036809,-0.08561873392055926,0.9963279743146032,-0.04284872043245206,0.9990815718234931,-0.02142928109511514,0.9997703665901218,0.010715255710392443,-0.9999425899995764,-0.9999856473968954,-0.005357704752206081,0.7089984854540262,-0.7052100024984735,1,0,0,0,99,26
1701605160,12,3,6,1206,019.3,0.0,086,0,0,0,0,0,0,1,-0.36308710538401223,0.9317552006315066,-0.18472249371488758,0.9827907205075521,-0.09276119741693704,0.9956883851154316,-0.046430673506683055,0.9989215147136015,-0.02322159863573769,0.9997303423207684,-0.011611582132328728,0.9999325833076869,-0.0058058889204457365,0.9999831456848878,0.0029029566920853495,-0.9999957864123448,-0.9999989466025314,-0.001451479875027901,0.7076197707367382,-0.7065934192040612,1,0,0,0,99,26
1701605220,12,3,6,1207,019.2,0.0,086,0,0,0,0,0,0,1,0.587868166005303,0.8089567475443674,0.3090657312414566,0.9510406793466742,0.1564597722312763,0.9876843319974946,0.07847186757846851,0.9969163284843655,0.03926621649480961,0.9992287847345985,0.019636894680695103,0.9998071775934094,0.009818920678735457,0.9999517932364064,-0.004909519507735837,-0.9999879482364791,-0.9999969870545808,0.002454767149947358,0.7062383566651038,-0.7079741404705214,1,0,0,0,99,24
1701605280,12,3,6,1208,019.2,0.0,086,0,0,0,0,0,0,1,0.9983401566622914,-0.05759280853988199,0.7271838861456853,0.6864427111784778,0.39595283104274065,0.9182708508872743,0.20214988141565363,0.9793545963764285,0.1016006978902495,0.9948252601277343,0.050866196399306694,0.9987054771372125,0.025441333129256026,0.9996763168989281,-0.012721696055790868,-0.9999190759503811,-0.9999797687829443,0.006360976718196107,0.7048542485087977,-0.7093521610308227,1,0,0,0,99,24
1701605340,12,3,6,1209,019.2,0.0,086,0,0,0,0,0,0,1,0.49094281136548873,-0.8711918020554086,0.9672620642967986,0.2537796267872891,0.610827460586339,0.7917637358414722,0.3226734139641255,0.9465103633456615,0.16353843073470306,0.9865369641695291,0.0820458281403476,0.9966285577308953,0.041057534443173026,0.9991567839260501,-0.020533096137088695,-0.9997891737576603,-0.999947292050351,0.0102670892257663,0.7034674515477719,-0.7107274756282348,1,0,0,0,99,24
1701605400,12,3,6,1210,019.2,0.0,086,0,0,0,0,0,0,1,-0.4678250906019699,-0.8838210704680324,0.9705207546642247,-0.24101756111533412,0.7877237971254055,0.6160285865463817,0.4381617358086043,0.8988961526634714,0.22483754950689241,0.9743962624783286,0.11314534352254951,0.9935784474510124,0.056663712148903436,0.9983933211542965,-0.0283432429840298,-0.9995982495868769,-0.9998995573523565,0.01417304507018692,0.7020779710722354,-0.7121000790163511,1,0,0,0,99,23
1701605460,12,3,6,1211,019.2,0.0,086,0,0,0,0,0,0,1,-0.9964767617559203,-0.08386932264204244,0.7361621161952178,-0.6768052442756178,0.9156432832374237,0.40199176342580833,0.5468126903127759,0.8372549681625688,0.28525868245982555,0.9584505642344233,0.14413437439690902,0.9895581246784909,0.0722560562219844,0.9973861149721533,-0.036151659905505625,-0.9993463150910582,-0.9998365654173331,0.01807878465137743,0.7006858123826336,-0.7134699659591066,1,0,0,0,99,24
1701605520,12,3,6,1212,019.2,0.0,086,0,0,0,0,0,0,1,-0.6089722936395112,0.7931914936378434,0.3215653171302501,-0.9468873992291383,0.9866325048439105,0.1629610394708834,0.6469308156708554,0.7625486999106625,0.3445658863623454,0.9387621370482149,0.17498266050066957,0.984571515190292,0.08783076001523608,0.9961354112745646,-0.043957870315993346,-0.9990333856469874,-0.9997583172064605,0.02198424837255722,0.699290980789629,-0.7148371312307991,1,0,0,0,99,21
1701605580,12,3,6,1213,019.2,0.0,086,0,0,0,0,0,0,1,0.3384184928294446,0.9409957086570837,-0.1717618865507076,-0.9851384949988209,0.996277695976082,-0.08620181262937314,0.7369538020220037,0.6759431142376653,0.40252756785239857,0.9154078638065289,0.2056600790059547,0.978623488325957,0.10338402118809999,0.9946415154029006,-0.05176139776464421,-0.9986594803542649,-0.99966481391371,0.02588937664115494,0.6978934816140803,-0.7162015696161085,1,0,0,0,99,20
1701605640,12,3,6,1214,019.2,0.0,087,0,0,0,0,0,0,1,0.9746688776878502,0.2236528087610497,-0.6230357899988372,-0.7821933292866443,0.9439791653650637,-0.33000505353202975,0.8154768707731783,0.5787896623420162,0.458917387804158,0.8884789424465883,0.23613667393419815,0.9717198522327791,0.11891204263492582,0.9929047920704127,-0.059561765964363605,-0.9982246220341424,-0.9995560569658268,0.029794109869717856,0.6964933201870217,-0.7175632759101171,1,0,0,0,99,18
1701605700,12,3,6,1215,019.2,0.0,087,0,0,0,0,0,0,1,0.71481319131587,-0.6993154520821212,-0.921768802922436,-0.38773995661904564,0.832988582340432,-0.5532901785595666,0.8812746956992373,0.47260439134673377,0.5135151451774652,0.8580805298300195,0.2663826854076486,0.9638673481942469,0.13441103341198044,0.9909256652731947,-0.06735849882088121,-0.9977288372281305,-0.9994320480223081,0.033698388476821044,0.6950905018496436,-0.7189222449183295,1,0,0,0,99,15
1701605760,12,3,6,1216,019.2,0.0,087,0,0,0,0,0,0,1,-0.2022384466219937,-0.979336311339431,-0.9948206650797496,0.10164568033263627,0.6702068037805061,-0.7421744001016999,0.933320523748862,0.35904428689111606,0.5661076368981803,0.8243313311075577,0.2963685787093853,0.9550736440472949,0.14987720966295234,0.9887046181866692,-0.0751511204618093,-0.9971721561963784,-0.999292788975378,0.03760215288797655,0.6936850319532718,-0.7202784714566918,1,0,0,0,99,15
1701605820,12,3,6,1217,019.2,0.0,087,0,0,0,0,0,0,1,-0.9333529894059777,-0.3589598823920647,-0.8243057328419064,0.5661449097218553,0.46575481225541016,-0.8849138121087995,0.9708021971825155,0.23988141642403288,0.6164894904116238,0.787363136177975,0.32606507312346794,0.9453473266947908,0.16530679554272595,0.9862421930476284,-0.08293915526568758,-0.9965546129158271,-0.9991382819499579,0.04150534353654243,0.6922769158593466,-0.7216319503516119,1,0,0,0,99,15
1701605880,12,3,6,1218,019.2,0.0,086,0,0,0,0,0,0,1,-0.8063470981079486,0.5914426069982534,-0.451972008536893,0.8920321202171627,0.23234444235104618,-0.9726335692893708,0.9931348270223361,0.11697527668406932,0.6644639656580071,0.7473203050513445,0.3554431705270587,0.9346978937205712,0.1806960241392001,0.9835389910218535,-0.09072212789101262,-0.9958762450781355,-0.9989685293036351,0.04540790086463162,0.6908661589394028,-0.7229826764399793,1,0,0,0,99,17
1701605940,12,3,6,1219,019.2,0.0,086,0,0,0,0,0,0,1,0.06201059653036232,0.9980754910917052,0.031020226532818423,0.999518756975502,-0.015511979636687254,-0.9998796820056656,0.9999699200490146,-0.007756223125155063,0.7098437233381567,0.7043592041262913,0.38447418370659736,0.9231357441152117,0.19604113839292545,0.98059567205735,-0.09849956330525031,-0.99513709408738,-0.9987835336266262,0.049309765324020774,0.6894527665750494,-0.7243306445691846,1,0,0,0,99,17
1701606060,12,3,6,1221,019.2,0.0,086,0,0,0,0,0,0,1,0.8817419622489547,-0.47173203411403275,0.8578263326903741,0.5139396685827857,-0.49298089791452077,-0.870040133724527,0.9669643565624658,-0.2549116182870771,0.7921210823753768,0.6103639822732511,0.44138193083017624,0.8973193362101507,0.2265840503983558,0.9739916160342836,-0.1140359240891141,-0.9934766268096809,-0.9983678247043223,0.05711117749757566,0.6866180970897957,-0.7270182863922942,1,0,0,0,99,7
1701606120,12,3,6,1222,019.2,0.0,086,0,0,0,0,0,0,1,0.07945839607244107,-0.9968381831037548,0.9992092331198094,0.03976063943301937,-0.6929066894492291,-0.7210272669715825,0.9276387408284494,-0.3734787363615347,0.8286973924061589,0.5596969106750838,0.46920309532489035,0.883090287194657,0.24177439153614155,0.9703324912612833,-0.12179390119935532,-0.9925554118691015,-0.998137117802234,0.06101060617179,0.6851968307822979,-0.7283579498336618,1,0,0,0,99,7
1701606180,12,3,6,1223,019.2,0.0,086,0,0,0,0,0,0,1,-0.795878853011907,-0.6054559037026985,0.8959508646412198,-0.4441531809507287,-0.8497508990729956,-0.5271844169971601,0.8738376328006137,-0.4862178436682676,0.8620376568538834,0.5068442346183551,0.4965660909595242,0.8679989155000009,0.2569057069237653,0.9664364737270631,-0.12954444463761627,-0.991573616462001,-0.9978911805557761,0.06490910389921796,0.6837729506571542,-0.7296948348108331,1,0,0,0,99,4
1701606240,12,3,6,1224,019.2,0.0,086,0,0,0,0,0,0,1,-0.9394887550204882,0.3425797413596621,0.5733324771196631,-0.8193228122540169,-0.9537617134939987,-0.3005637933500832,0.8064005807754863,-0.5913696841443247,0.8920116826993705,0.45201234267200896,0.523444198233198,0.8520599575945371,0.2719743024675887,0.9623045145884273,-0.13728708135067327,-0.9905313005121108,-0.9976300167176484,0.06880661119358068,0.6823464621460344,-0.7310289362239981,1,0,0,0,99,4
1701606300,12,3,6,1225,019.2,0.0,086,0,0,0,0,0,0,1,-0.21933702833760824,0.9756491521033712,0.11034230353003502,-0.9938936442354813,-0.9984722440397332,-0.05525556878957371,0.7263799173950136,-0.6872933984880206,0.9185024220131432,0.39541535220068236,0.549811171130288,0.8352889776001723,0.2869764993861237,0.9579376226039388,-0.14502133876788834,-0.9894285276370242,-0.9973536302728897,0.07270306858371212,0.6809173706905589,-0.7323602489839656,1,0,0,0,99,5
1701606360,12,3,6,1226,019.2,0.0,086,0,0,0,0,0,0,1,0.7024721506743378,0.7117112318398315,-0.37966351428611655,-0.9251246488554479,-0.9811026064728011,0.19348817941227325,0.6350243383476443,-0.7724921292195388,0.9414064290250888,0.33727427324097903,0.5756412627492147,0.8177023520942627,0.3019086351081543,0.9533368638876456,-0.15274674483005257,-0.9882653651443133,-0.9970620254388173,0.07659841661446647,0.6794856817422769,-0.7336887680121819,1,0,0,0,99,4
1701606420,12,3,6,1227,019.2,0.0,086,0,0,0,0,0,0,1,0.9784316739726002,-0.2065707127527409,-0.7767144625770596,-0.6298528745855095,-0.9027327607286415,0.43020176976303254,0.5337594168897479,-0.845636378641267,0.9606342640779755,0.27781614546200606,0.6009092504438561,0.7993172541181649,0.3167670641669009,0.9485033616488043,-0.16046282801819817,-0.9870418840274217,-0.9967552066649619,0.08049259584762539,0.6780514007626467,-0.7350144882407508,1,0,0,0,99,4
1701606480,12,3,6,1228,019.2,0.0,086,0,0,0,0,0,0,1,0.3548256284893018,-0.9349324966900936,-0.9835986215652434,-0.1803711497300862,-0.7682353642374472,0.6401674977183369,0.42416535825174545,-0.9055847552047066,0.9761108428874015,0.21727315158032454,0.6255904604530329,0.7801516364080526,0.3315481590900087,0.9434382959176643,-0.16816911738237747,-0.9857581589613307,-0.9964331786330006,0.08438554686280492,0.6766145332230143,-0.7363374046124525,1,0,0,0,99,4
1701606540,12,3,6,1229,019.2,0.0,086,0,0,0,0,0,0,1,-0.5950054634648368,-0.8037216548326881,-0.9496635337930714,0.3132717232430274,-0.5859728136854869,0.8103307112664024,0.307952341064001,-0.9514017845438388,0.9877757297443177,0.15588171069141035,0.649660791994018,0.7602242138643738,0.3462483112851427,0.9381429032573806,-0.1758651425704074,-0.9844142682980018,-0.9960959462566851,0.08827721025836226,0.6751750846045926,-0.7376575120807631,1,0,0,0,99,3
1701606600,12,3,6,1230,019.2,0.0,086,0,0,0,0,0,0,1,-0.9977912763176868,0.0664271699255767,-0.683217692274733,0.7302147526329418,-0.3672773116917639,0.9301114859609416,0.18693383059127952,-0.9823725072397287,0.995583373515179,0.09388155505814576,0.6730967407965419,0.7395544452770687,0.3608639319209744,0.9326184764621246,-0.1835504338565772,-0.9830102940615943,-0.9957435146817665,0.09216752665230203,0.6737330603984407,-0.7389748056098739,1,0,0,0,99,3
1701606660,12,3,6,1231,019.2,0.0,086,0,0,0,0,0,0,1,-0.48321239127428384,0.8755031609988558,-0.24949633163750545,0.9683757434484963,-0.12574628533579774,0.9920624333802022,0.0629982802138193,-0.998013635523133,0.999503285518145,0.031514793961462985,0.6958754220543132,0.7181625143243913,0.37539145280334285,0.926866364241467,-0.19122452217031827,-0.9815463219434595,-0.9953758892859168,0.09605643668318248,0.6722884661054426,-0.7402892801747106,1,0,0,0,99,2
1701606720,12,3,6,1232,019.2,0.0,086,0,0,0,0,0,0,1,0.47562973785858026,0.8796455834394772,0.24531043247334874,0.9694445789831095,0.12360303600011291,0.9923317436681922,-0.06192033725605731,-0.9980810948185003,0.9995201585807313,-0.03097503173121646,0.7179745927716441,0.6960693098638897,0.3898273272463786,0.9208879708911095,-0.1988869391248336,-0.9800224412969096,-0.9949930756786476,0.09994388101102124,0.6708413072362862,-0.7416009307609522,1,0,0,0,99,1
1701606780,12,3,6,1233,019.2,0.0,086,0,0,0,0,0,0,1,0.9971800794831833,0.07504591315929346,0.6800566472142988,0.7331595710209659,0.36526731921911254,0.9309026724155877,-0.18587270857284605,-0.9825738324460884,0.9956339268139893,-0.09334390058785733,0.7393726734833582,0.6732964055347922,0.40416803093837583,0.9146847559500465,-0.2065372170456859,-0.9784387451317651,-0.9945950797012232,0.10382980031820073,0.669391589311443,-0.7429097523650503,1,0,0,0,99,2
1701606840,12,3,6,1234,019.2,0.0,086,0,0,0,0,0,0,1,0.6019276547624973,-0.7985506235875843,0.9483012769124547,0.3173715302389422,0.584221049672578,0.811594581746004,-0.3069245984390922,-0.9517338340486808,0.9878597658698022,-0.15534826351028058,0.7600487693267718,0.6498660386917136,0.4184100628022027,0.9082582338442392,-0.2141748889993418,-0.9767953301086771,-0.9941819074265729,0.10771413531037331,0.6679393178611462,-0.7442157399942483,1,0,0,0,99,2
1701606900,12,3,6,1235,019.2,0.0,086,0,0,0,0,0,0,1,-0.34673427981522564,-0.9379633997129189,0.9843686808591887,-0.17612012986464826,0.7668507448860724,0.6418254708779294,-0.4231870326002857,-0.9060423474865646,0.9762280336802884,-0.21674599478817985,0.7799826904451725,0.6258010886902563,0.4325499458500392,0.9016099735168907,-0.22179948882167133,-0.9750922965332284,-0.9937535651591969,0.11159682671736608,0.6664844984253699,-0.7455188886666005,1,0,0,0,99,3
1701606960,12,3,6,1236,019.2,0.0,086,0,0,0,0,0,0,1,-0.9766103165778877,-0.21501695178203503,0.7794283006736524,-0.6264914397731085,0.9018013749637745,0.43215076086181514,-0.5328457746563188,-0.8462123731256284,0.9607841519107266,-0.27729733759483854,0.7991549717028728,0.6011250545457083,0.4465842280322334,0.8947415980454101,-0.2294105511463999,-0.9733297483498103,-0.9933100594350714,0.11547781529408518,0.6650271365538082,-0.7468191934109906,1,0,0,0,99,2
1701607020,12,3,6,1237,019.2,0.0,086,0,0,0,0,0,0,1,-0.7085953321480677,0.7056150900157746,0.38365668897089844,-0.9234757955722972,0.9806823633502076,0.1956070096235086,-0.6341896366137227,-0.7731775377051213,0.9415884285889248,-0.3367658402324074,0.8175468916925828,0.5758620319866524,0.46050948308007056,0.8876547842451626,-0.23700761143351218,-0.9715077931352797,-0.9928513970215481,0.11935704182141989,0.6635672378058535,-0.7481166492671514,1,0,0,0,99,1
1701607080,12,3,6,1238,019.2,0.0,086,0,0,0,0,0,0,1,0.21089893280388508,0.977507872163791,-0.10604746068673451,-0.9943610692710649,0.9985892722413617,-0.0530986380660329,-0.7256371814019844,-0.6880775254046476,0.9187158226036622,-0.39491927947072447,0.8351404910165487,0.5500366899258974,0.4743223113422468,0.8803512622600985,-0.24459020599760484,-0.969626542092392,-0.9923775849172511,0.12323444710714614,0.6621048077505758,-0.749411251285683,1,0,0,0,99,3
1701607140,12,3,6,1239,019.2,0.0,086,0,0,0,0,0,0,1,0.9364936915462055,0.3506844246529354,-0.5697874934337646,-0.8217920736576058,0.9544087367730887,-0.2985028696197025,-0.8057614006701062,-0.5922402934537203,0.8922556509918332,-0.4515305673740592,0.851918589823599,0.5236742463717023,0.48801934061484575,0.872832815140363,-0.25215787203618784,-0.9676861100430146,-0.9918886303519702,0.1271099719868298,0.6606398519667014,-0.7507029945280722,1,0,0,0,99,5
1701607200,12,3,6,1240,019.2,0.0,086,0,0,0,0,0,0,1,0.8010804691428774,-0.5985566656197452,-0.8940236757546595,-0.4480197174122222,0.8508876886558596,-0.5253476385155728,-0.8733119827746476,-0.48716134980334147,0.862311240157329,-0.506378638074642,0.8678648045849774,0.49680044380282007,0.5015972269646135,0.8651012784069909,-0.2597101476579314,-0.9656866154211187,-0.9913845407865504,0.13098355732472944,0.6591723760425913,-0.7519918740667114,1,0,0,0,99,12
1701607260,12,3,6,1241,019.2,0.0,086,0,0,0,0,0,0,1,-0.07084244221854993,-0.9974875179071222,-0.9993716820850794,0.03544349088956821,0.6944625652655555,-0.7195288357284815,-0.9272348234747446,-0.3744804162246128,0.8289995223836419,-0.5592493110301465,0.8829635640925809,0.46944152403140343,0.5150526555453319,0.8571585396037898,-0.26724657191085743,-0.9636281802655497,-0.9908653239127783,0.13485514401469864,0.65770238557622,-0.7532778849849167,1,0,0,0,99,16
1701607320,12,3,6,1242,019.2,0.0,086,0,0,0,0,0,0,1,-0.8776331389109034,-0.4793329463800657,-0.8600386463351707,0.5102288964866329,0.4948591231418125,-0.8689732149170747,-0.966688474876233,-0.25595584099891655,0.7924505792158009,-0.6099361273941245,0.8972001246639806,0.4416242025783208,0.528382341407091,0.8490065378365236,-0.27476668481047367,-0.9615109302125805,-0.9903309876532644,0.13872467298108784,0.6562298861751544,-0.7545610223769472,1,0,0,0,99,21
1701607380,12,3,6,1243,019.2,0.0,086,0,0,0,0,0,0,1,-0.877531975101159,0.47951812549168443,-0.5101381550660152,0.8600924733689059,0.264487737552324,-0.9643890484054933,-0.9910572759446079,-0.13343716048107937,0.7528071334947217,-0.6582411562333825,0.9105605845393766,0.4133756425859036,0.541583030298262,0.8406472632995077,-0.2822700273678489,-0.9593349944882412,-0.989781540161323,0.14259208517964586,0.6547548834565322,-0.7558412813480241,1,0,0,0,99,19
1701607440,12,3,6,1244,019.2,0.0,086,0,0,0,0,0,0,1,-0.07063196032945498,0.9975024441975159,-0.03533805174655298,0.9993754159967905,0.01767178546737087,-0.9998438418065069,-0.9999609596895538,-0.008836237703148543,0.7102239920275675,-0.7039757674440404,0.9230318974564314,0.3847234282935987,0.5546514994599768,0.8320827567897314,-0.28975614161762697,-0.9571005059004335,-0.9892169898208465,0.14645732159842081,0.6532773830470404,-0.7571186570143483,1,0,0,0,99,21
1701607500,12,3,6,1245,019.2,0.0,086,0,0,0,0,0,0,1,0.801206753033176,0.5983876159263619,0.44811403909810615,0.8939764023525347,-0.2302429126460414,-0.9731331877889415,-0.993260587104145,0.1159025716087837,0.66486744107048,-0.7469613683480504,0.9346018853897231,0.35569553810242655,0.5675845584129177,0.8233151092086269,-0.29722457064597896,-0.9548076008308236,-0.9886373452461786,0.15032032325866046,0.6517973905828941,-0.75839314450312,1,0,0,0,99,24
1701607560,12,3,6,1246,019.2,0.0,086,0,0,0,0,0,0,1,0.9364196726113553,-0.3508820268216116,0.8218521846480703,0.5697007868953616,-0.46384222161454775,-0.885917825448659,-0.9710607152615791,0.23883276005537946,0.6169145969843073,-0.7870301010937827,0.9452592504423807,0.32632031725454774,0.5803790497362272,0.8143464610516054,-0.3046748586184907,-0.9524564192265191,-0.9880426152819825,0.1541810312157123,0.6503149117098145,-0.7596647389525567,1,0,0,0,99,28
1701607620,12,3,6,1247,019.2,0.0,086,0,0,0,0,0,0,1,0.21069266371123146,-0.9775523522851683,0.9943722522992001,0.1059425497966507,-0.6686020678263527,-0.7436203835952356,-0.93370776573702,0.35803604316099547,0.5665527145990056,-0.8240254981373439,0.9549935858782884,0.2966264501546146,0.5930318498383478,0.805179001885486,-0.31210655080798455,-0.9500471045915265,-0.9874328090031054,0.1580393865599229,0.6488299520830081,-0.7609334355119122,1,0,0,0,99,32
1701607680,12,3,6,1248,019.2,0.0,086,0,0,0,0,0,0,1,-0.7087442085459975,-0.7054655532713894,0.923435312642794,-0.3837541183678754,-0.8317914757822045,-0.5550882279566577,-0.8817846188147811,0.47165229356133864,0.5139784559875352,-0.8578030932449878,0.9637953862840878,0.26664293235993725,0.605539869719601,0.7958149698139441,-0.31951919362227366,-0.9475798039779932,-0.9868079357144411,0.16189533041753676,0.6473425173671444,-0.7621992293414946,1,0,0,0,99,37
1701607740,12,3,6,1249,019.2,0.0,086,0,0,0,0,0,0,1,-0.9765649240074158,0.21522302199901908,0.6264092025190007,-0.7794943944631735,-0.9432641184904612,-0.33204337482987556,-0.8161015178364379,0.5779085676688503,0.4593971225046744,-0.8882309856306665,0.9716560568510512,0.2363990422668137,0.6179000557263231,0.786256650931111,-0.3269123346318467,-0.9450546679772316,-0.9861680049507872,0.16574880395159478,0.6458526132363348,-0.7634621156126854,1,0,0,0,99,36
1701607800,12,3,6,1250,019.2,0.0,086,0,0,0,0,0,0,1,-0.3465363519963052,0.9380365433953481,0.17601627283386595,-0.9843872569764778,-0.9960891669364942,-0.08835367288212255,-0.7376834256244756,0.6751467718644137,0.40302185308962235,-0.9151903550257765,0.9785679217677679,0.20592431252067284,0.6301093902963704,0.7765063787634564,-0.33428552259748223,-0.9424718507105282,-0.9855130264766997,0.16959974836283187,0.6443602453741106,-0.7647220895079571,1,0,0,0,99,35
1701607860,12,3,6,1251,019.2,0.0,086,0,0,0,0,0,0,1,0.6020961439059417,0.7984235927711527,-0.31747157922312297,-0.9482677872761346,-0.9869822154618934,0.1608294325113806,-0.647754030280252,0.7618495364937162,0.3450727919630029,-0.938575925669766,0.9845242317154429,0.1752485011779473,0.642164892695814,0.7665665337000915,-0.34163830749778956,-0.9398315098197366,-0.9848430102863442,0.1734481048905743,0.6428654194734018,-0.7659791462208924,1,0,0,0,99,32
1701607920,12,3,6,1252,019.2,0.0,086,0,0,0,0,0,0,1,0.9971642218096964,-0.07525632692779136,-0.7332313164778873,-0.6799792912553325,-0.9165094902005468,0.4000129427560235,-0.5477166499404489,0.8366638939132081,0.2857762289683941,-0.958296377409726,0.9895191704584925,0.14440156264783635,0.6540636197466435,0.7564395424116314,-0.348970240556676,-0.9371338064576561,-0.9841579666033436,0.17729381481363626,0.6413681412365148,-0.7672332809562018,1,0,0,0,99,32
1701607980,12,3,6,1253,019.2,0.0,086,0,0,0,0,0,0,1,0.4754441128400345,-0.8797459267116572,-0.969470455122707,-0.2452081496283747,-0.7890526438801072,0.6143255856512999,-0.4391323344669008,0.8984223910976674,0.22536371591533166,-0.9742747023036336,0.9935478605239995,0.11341361844233368,0.665802666545301,0.7461278772577572,-0.35628087427073796,-0.9343789052781952,-0.9834579058806217,0.18113681945121585,0.6398684163751107,-0.7684844889297427,1,0,0,0,99,32
1701608040,12,3,6,1254,019.2,0.0,086,0,0,0,0,0,0,1,-0.48339712085189107,-0.8754011786330324,-0.9683494148893343,0.2495984989607987,-0.6125363258775766,0.7904424390683988,-0.323695505785608,0.946161307354195,0.1640711623744481,-0.9864485053347172,0.9966063679644831,0.08231492776308211,0.6773791671718721,0.7356340556836266,-0.3635697624365738,-0.9315669744263229,-0.9827428388002435,0.18497706016379048,0.6383662506101844,-0.769732765368537,1,0,0,0,99,29
1701608100,12,3,6,1255,019.2,0.0,086,0,0,0,0,0,0,1,-0.9978052709326276,-0.06621662403857209,-0.730142665524544,0.6832947299523933,-0.3979354659034595,0.9174134100699621,-0.20320751699929535,0.9791356928613015,0.10213791445564772,-0.9947702480626623,0.9986917061993311,0.05113585795377667,0.6887902953897591,0.7249606396052742,-0.3708364601780182,-0.9286981855278049,-0.9820127762732532,0.1888144783540117,0.6368616496720415,-0.7709781055107894,1,0,0,0,99,29
1701608160,12,3,6,1256,019.2,0.0,086,0,0,0,0,0,0,1,-0.5948358565326741,0.803847189323344,-0.31317152702365525,0.9496965803148245,-0.15859290602857282,0.987344058653017,-0.0795485428747221,0.9968309933617175,0.039805820166669656,-0.9992074342602034,0.9998018389311463,0.01990685484696882,0.7000332653356665,0.7141102347841574,-0.378080523973295,-0.9257727136787294,-0.9812677294395066,0.19264901546759924,0.6353546193002774,-0.7722205046059057,1,0,0,0,99,29
1701608220,12,3,6,1257,019.2,0.0,086,0,0,0,0,0,0,1,0.3550229011373201,0.9348576039526237,0.18047492353146505,0.9835795859900265,0.0906101926109131,0.995886435792261,0.04535175965571227,0.9989710796094803,-0.022681714998206804,-0.9997427368101957,0.999935682134155,-0.011341586965772336,0.7111053321997285,0.7030854901909965,-0.3853015116820874,-0.9227907374348197,-0.9805077096675017,0.19648061299423458,0.6338451652437547,-0.773459957914511,1,0,0,0,99,29
1701608280,12,3,6,1258,019.2,0.0,086,0,0,0,0,0,0,1,0.9784752407736554,0.20636424882458945,0.6299348185230796,0.7766480054775746,0.3341795883371884,0.9425094178515073,0.16954436314500793,0.9855225562744638,-0.08508067855140847,-0.9963740653676368,0.999093105112741,-0.042578953911311244,0.722003792895616,0.6918890973590669,-0.3924989825725241,-0.9197524388005358,-0.9797327285542052,0.20030921246845357,0.6323332932605821,-0.7746964607084679,1,0,0,0,99,23
1701608340,12,3,6,1259,019.2,0.0,086,0,0,0,0,0,0,1,0.7023219565124583,-0.7118594449752793,0.9251647001953974,0.3795659066780898,0.55697131583319,0.830531729278927,0.2910912835530059,0.956695283065336,-0.1471474038756103,-0.98911457452242,0.9972749306290668,-0.07377474323093221,0.7327259867204562,0.6805237897270998,-0.39967249734807886,-0.9166580032179668,-0.9789427979248754,0.20413475547053872,0.6308190091180914,-0.7759300082708939,1,0,0,0,99,24
1701608460,12,3,6,1261,019.2,0.0,086,0,0,0,0,0,0,1,-0.9395610220178386,-0.3423814917672896,0.8192623181152938,-0.5734189167758204,0.8869664358857725,0.46183388963142347,0.5187321613166936,0.854936807498491,-0.2693169067302581,-0.9630516101171553,0.9907198418617534,-0.13591981070256942,0.7536311467497112,0.6572975693312089,-0.4139459087059511,-0.9103014800963494,-0.977318136559521,0.21177643861351833,0.6277832274704708,-0.7783882188900081,1,0,0,0,99,28
1701608520,12,3,6,1262,019.2,0.0,086,0,0,0,0,0,0,1,-0.7957510777574821,0.6056238289960243,0.4440586509707787,-0.8959977201410795,0.9736523301828737,0.22803758446681607,0.6212738589113436,0.7835935121179909,-0.3289426149665083,-0.9443499118753576,0.9859893285110538,-0.16680840525081836,0.763809009259127,0.645442326915884,-0.421044934112807,-0.9070397805267099,-0.9764834306138301,0.21559246215172986,0.6262617415459251,-0.7796128725693702,1,0,0,0,99,27
1701608580,12,3,6,1263,019.2,0.0,086,0,0,0,0,0,0,1,0.07966873759898874,0.9968213943577774,-0.039866061018256155,-0.9992050326028631,0.9998012383976285,-0.019936993217846526,0.714120785728103,0.7000225020605243,-0.38728380933075146,-0.9219605474369618,0.980296013313571,-0.19753411422212402,0.7738003987534913,0.633429509013385,-0.42811826110703044,-0.9037227199239225,-0.9756338247323948,0.219405196014221,0.6247378666231859,-0.7808345522625844,1,0,0,0,99,25
1701608640,12,3,6,1264,019.2,0.0,086,0,0,0,0,0,0,1,0.8818414830181569,0.4715459668243784,-0.514030170892537,-0.8577721045896685,0.9637873480674221,-0.2666719852274808,0.7958240965274552,0.6055278749869898,-0.4441126687075084,-0.8959709467909631,0.9736454556949781,-0.22806693448309956,0.7836028759783554,0.6212620483809149,-0.43516545796919887,-0.9003505007442698,-0.9747693318791554,0.22321458202336397,0.6232116085153726,-0.782053253309314,1,0,0,0,99,25
1701608700,12,3,6,1265,019.2,0.0,086,0,0,0,0,0,0,1,0.8732532357707915,-0.48726664796171143,-0.8623417675033813,-0.506326649524933,0.8678498284625437,-0.49682660480044094,0.8651088384707559,0.5015841879483239,-0.49920727761706163,-0.8664825987717018,0.9660441498119281,-0.25837705125291044,0.7932140477994922,0.6089429155294811,-0.44218609457473834,-0.8969233288106295,-0.9738899652452092,0.2270205620526151,0.6216829730446962,-0.783268971060585,1,0,0,0,99,19
1701608760,12,3,6,1266,019.2,0.0,086,0,0,0,0,0,0,1,0.06179999076938898,-0.9980885537570819,-0.9995220242088421,-0.030914771897250545,0.7179536098861996,-0.6960909524274645,0.9208938463328616,0.38981344741589885,-0.552352492790655,-0.8336106547471364,0.9574995182106194,-0.28843486721690187,0.8026315677871454,0.5964751179986882,-0.4491797424201762,-0.893441413299912,-0.9729957382486092,0.2308230780274018,0.6201519660424364,-0.7844817008788038,1,0,0,0,99,13
1701608820,12,3,6,1267,019.2,0.0,086,0,0,0,0,0,0,1,-0.8064718807401303,-0.5912724461493848,-0.8919844298387122,0.4520661200812417,0.5234185131989307,-0.8520757360942869,0.9623086137238632,0.2719597984130312,-0.6033407833003538,-0.7974834789552168,0.9480199045788059,-0.3182110314278744,0.8118531367888758,0.58386169962249,-0.4561459746492947,-0.8899049667302936,-0.9720866645341592,0.23462207192600865,0.6186185933489193,-0.7856914381377745,1,0,0,0,99,8
1701608880,12,3,6,1268,019.2,0.0,087,0,0,0,0,0,0,1,-0.9332772243328045,0.3591568216554658,-0.5660579379995188,0.8243654595067245,0.2963397884973224,-0.955082577452527,0.9887068770501516,0.1498623077152374,-0.651973040962877,-0.7582421472442815,0.9376145655983277,-0.34767646796678553,0.8208765034908678,0.5711057397860814,-0.46308436607918363,-0.8863142049482455,-0.9711627579732054,0.23841748578046287,0.6170828608134961,-0.7868981782227173,1,0,0,0,99,7
1701608940,12,3,6,1269,019.2,0.0,087,0,0,0,0,0,0,1,-0.2020317919023325,0.9793789639668256,-0.10154072097728682,0.9948313836944493,0.05083609104539121,-0.9987070100120579,0.9996767002416476,0.025426265828293697,-0.6980593578527926,-0.7160398961748897,0.9262936619061176,-0.3768024043348916,0.8296994649675543,0.5582103526741099,-0.469994493226192,-0.8826693471153595,-0.9702240326634255,0.24220926167741863,0.6155447742945193,-0.7881019165302856,1,0,0,0,99,6
1701609000,12,3,6,1270,019.1,0.0,087,0,0,0,0,0,0,1,0.7149607382857998,0.6991646034445853,0.38783720589663306,0.9217278891963141,-0.19782834832713678,-0.9802366778478334,0.9950469028764004,-0.09940654443286578,-0.7414197678889017,-0.6710415246343308,0.9140682481725122,-0.40556039954960427,0.8383198672194296,0.5451786865103935,-0.4768759343317749,-0.8789706156949713,-0.9692705029286126,0.24599734175904098,0.6140043396593216,-0.7893026484685837,1,0,0,0,99,6
1701609060,12,3,6,1271,019.1,0.0,087,0,0,0,0,0,0,1,0.9746216629043428,-0.22385846912183968,0.7822590584716292,0.6229532610389644,-0.43419277916671734,-0.9008199767542249,0.974889731393819,-0.22268814881552984,-0.7818849495979348,-0.6234227503004964,0.9009502623065538,-0.4339223719166273,0.846735605698918,0.5320139227893255,-0.48372826938823543,-0.8752182364385827,-0.9683021833184573,0.24978166822388845,0.6124615627841928,-0.7905003694571839,1,0,0,0,99,7
1701609120,12,3,6,1272,019.1,0.0,087,0,0,0,0,0,0,1,0.33821992534671463,-0.9410670975538687,0.9851566112943334,0.17165794832475895,-0.6435612059762619,-0.7653946525566921,0.9395197317131483,-0.34249477911590703,-0.8192968873112808,-0.5733695234681091,0.8869525137988248,-0.46186062645125475,0.8549446258241684,0.5187192754991592,-0.49055108016436005,-0.8714124383720832,-0.9673190886083255,0.25356218332779523,0.610916449554358,-0.791695074927145,1,0,0,0,99,4
1701609180,12,3,6,1273,019.1,0.0,087,0,0,0,0,0,0,1,-0.6091396517935828,-0.793062976448146,0.9468534671342093,-0.3216652169195901,-0.8129161140362485,-0.5823807959919394,0.8894888408496027,-0.45695689293852465,-0.8535094882127922,-0.5210773009168003,0.8720886712131973,-0.4893478819220533,0.862944923480651,0.5052979903373586,-0.497343950230945,-0.867553453781771,-0.966321233799033,0.2573388293847521,0.6093690058639543,-0.7928867603210284,1,0,0,0,99,3
1701609240,12,3,6,1274,019.1,0.0,087,0,0,0,0,0,0,1,-0.9964590422662916,0.08407958780670174,0.6767275715505089,-0.7362335185953917,-0.9317278354206747,-0.36315732224795383,0.8255777741218431,-0.5642883472800259,-0.8843891528281048,-0.46675028265656904,0.8563732488397127,-0.5163572974905221,0.8707345455104334,0.49175334391820763,-0.5041064649862133,-0.8636415182001753,-0.9653086341166165,0.26111154876778686,0.6078192376160092,-0.794075421092917,1,0,0,0,99,3
1701609300,12,3,6,1275,019.1,0.0,087,0,0,0,0,0,0,1,-0.46763858468568814,0.8839197667849534,0.24091516475208297,-0.9705461778774241,-0.9926092327490774,-0.12135448513049653,0.7487838423505466,-0.6628142706933458,-0.911815296727727,-0.4106006145311124,0.8398215925216237,-0.5428624989207155,0.8783115901890158,0.478088642972872,-0.5108382116811192,-0.8596768703916815,-0.9642813050121011,0.26488028390984336,0.6062671507224173,-0.7952610527084308,1,0,0,0,99,4
1701609360,12,3,6,1276,019.1,0.0,087,0,0,0,0,0,0,1,0.49112663102911036,0.8710881885859756,-0.2538816765877605,-0.967235283833767,-0.9917749956098326,0.12799358610147818,0.6603053891566091,-0.7509971990964674,-0.9356808214066555,-0.3528475597928464,0.8224498646704389,-0.5688376043332375,0.8856742076896101,0.46430722354210824,-0.5175387794445416,-0.8556597523379571,-0.9632392621612652,0.2686449773046603,0.6047127511039186,-0.796443650644746,1,0,0,0,99,3
1701609420,12,3,6,1277,019.1,0.0,087,0,0,0,0,0,0,1,0.9983522871222469,0.05738214703005362,-0.6865194290659029,-0.7271114587977738,-0.9292769928276966,0.36938363607652286,0.561523091209737,-0.8274610673852042,-0.9558925325017463,-0.29371664288459703,0.8042750284836018,-0.5942572494784574,0.8928206005347483,0.4504124501618171,-0.5242077593083599,-0.8515904092231831,-0.9621825214644005,0.27240557150764816,0.6031560446900751,-0.7976232103906105,1,0,0,0,99,3
1701609480,12,3,6,1278,019.1,0.0,087,0,0,0,0,0,0,1,0.5876974545726518,-0.8090807758739703,-0.9510732821065815,-0.30896538974942617,-0.8090010475115055,0.5878072006408963,0.4539784132307965,-0.8910126824689131,-0.9723715037137074,-0.23343876877147773,0.7853148313802172,-0.6190966125042691,0.8997490240351109,0.4364077150416402,-0.5308447442324167,-0.8474690894190892,-0.96111109904607,0.27616200913676636,0.6015970374192486,-0.7987997274463626,1,0,0,0,99,4
1701609540,12,3,6,1279,019.1,0.0,087,0,0,0,0,0,0,1,-0.36328370740536675,-0.9316785647066331,-0.9827712258472551,0.184826182254256,-0.6384253353939456,0.7696837604673286,0.3393495539504004,-0.9406603426496007,-0.9850533850126095,-0.17224932126194178,0.7655877876709966,-0.6433314381942088,0.9064577867154677,0.4222964372368012,-0.5374493291293603,-0.8432960444697939,-0.9600250112548615,0.2799142328733983,0.600035735238578,-0.7999731973239473,1,0,0,0,99,2
1701609660,12,3,6,1281,019.1,0.0,086,0,0,0,0,0,0,1,-0.6959935559105248,0.7180480277328413,-0.3754676898663577,0.9268354837113331,-0.1912648899937819,0.9815384566361455,0.09607690503928216,-0.995373913822375,-0.9988428089099843,-0.048094106591270766,0.7239109429312665,-0.6898934314112323,0.9192098322502954,0.3937680590073094,-0.550559688404759,-0.8347958010817105,-0.957808906066787,0.287405809717105,0.5969062699800091,-0.802310977650532,1,0,0,0,99,2
1701609720,12,3,6,1282,019.1,0.0,086,0,0,0,0,0,0,1,0.2281696579078992,0.9736213880201031,0.11484470379581474,0.9933834576889489,0.057517572580260974,0.9983444940722989,-0.028770696269825667,-0.999586037835738,-0.9998965041032342,0.014386837113521522,0.702001838632378,-0.7121751319421092,0.9252500018757388,0.3793579233770469,-0.5570646625944573,-0.8304691214539668,-0.9566789224849597,0.29114504851193435,0.5953381188400696,-0.8034752791816107,1,0,0,0,99,2
1701609780,12,3,6,1283,019.1,0.0,086,0,0,0,0,0,0,1,0.9425547405040898,0.3340517342467597,0.5770391086197019,0.8167165157650357,0.3027238710730988,0.9530783062700137,-0.15316934048625133,-0.9881999560488792,-0.9970456248459444,0.07681160052726667,0.6794072414512276,-0.7337614055424511,0.9310642849831721,0.36485517295054826,-0.5635356364283681,-0.8260917542714454,-0.9555343411598155,0.2948798447915308,0.593767696666158,-0.8046365156987131,1,0,0,0,99,2
1701609840,12,3,6,1284,019.1,0.0,086,0,0,0,0,0,0,1,0.7903593414947124,-0.6126435434345525,0.8979542147110153,0.44008888679756925,0.5291082654818533,0.8485543255436181,-0.27517782837320115,-0.9613933444599089,-0.9903013037606052,0.13893641628473632,0.6561492146285263,-0.7546311735824118,0.9366512620987631,0.3502633483663315,-0.5699722149516012,-0.8216639667060773,-0.9543751795562575,0.2986101415674982,0.5921950094489575,-0.8057946827720751,1,0,0,0,99,3
1701609900,12,3,6,1285,019.1,0.0,086,0,0,0,0,0,0,1,-0.08848879115605462,-0.9960771726325929,0.9990188117929995,-0.04428785029444963,0.7225952706371838,0.6912713467610061,-0.3928922582839944,-0.9195845112769696,-0.9796898772767252,0.20051868830988095,0.6322504692327713,-0.7747640570876662,0.9420095692421776,0.3355860120090927,-0.5763740053085789,-0.8171860290071938,-0.9532014553616653,0.30233588192009736,0.5906200631877919,-0.8069497759836411,1,0,0,0,99,4
1701609960,12,3,6,1286,019.1,0.0,086,0,0,0,0,0,0,1,-0.8859807373049136,-0.46372204295746144,0.8554887617489377,-0.51782137704161,0.8711548016976116,0.49100846375515256,-0.5044757359104833,-0.8634258693585549,-0.9652527827876372,0.2613179391483152,0.6077343419832735,-0.7941403966391318,0.9471378982595755,0.3208267471400009,-0.5827406167670137,-0.8126582144850321,-0.9520131864856264,0.3060570089991143,0.5890428638906025,-0.8081017909270819,1,0,0,0,99,2
1701610020,12,3,6,1287,019.1,0.0,086,0,0,0,0,0,0,1,-0.8689060794851441,0.49497699444899096,0.5025052266151114,-0.864574171037104,0.965550146558195,0.2602170526338503,-0.6081870384043668,-0.7937937555290575,-0.9470463968383644,0.321096749026631,0.5826247724622465,-0.8127412715700584,0.9520349971429776,0.30598915702189644,-0.5890716607417571,-0.8080807994940532,-0.9508103910596616,0.30977346602472816,0.5874634175739252,-0.8092507232078103,1,0,0,0,99,3
1701610080,12,3,6,1288,019.1,0.0,087,0,0,0,0,0,0,1,-0.052963179352423326,0.9985964658624038,0.026490886523445938,-0.9996490548843638,0.9999122598719259,0.01324660552058789,-0.702407785577371,-0.7117747556357236,-0.9251418149764185,0.37962168297153187,0.5569462797382114,-0.8305485184417379,0.9566996703359257,0.2910768640396056,-0.5953667508185162,-0.8034540634160753,-0.9495930874369493,0.3134851962883771,0.5858817302628675,-0.8103965684429991,1,0,0,0,99,3
1701610140,12,3,6,1289,019.1,0.0,087,0,0,0,0,0,0,1,0.8116738236246998,0.5841109518254728,-0.4560093464911258,-0.8899749861163158,0.9721046718631476,-0.2345474513650535,-0.7856676941828057,-0.6186487487399237,-0.899624574125208,0.4366642023684082,0.5307239384235423,-0.847544748779794,0.9611307790253608,0.2760935088155877,-0.6016255027774389,-0.7987782886432216,-0.9483612941920452,0.31719214315362415,0.5842978079910859,-0.811539322261597,1,0,0,0,99,1
1701610200,12,3,6,1290,019.1,0.0,087,0,0,0,0,0,0,1,0.9300616563868934,-0.3674034775541302,-0.8268625876027196,-0.5624040017842467,0.8838563236703821,-0.46775848373693524,-0.8566675211938805,-0.5158689350324677,-0.8705943185641828,0.49200155739973644,0.5039833541895326,-0.8637133660537321,0.9653272414196473,0.2610427493211293,-0.6078475346165643,-0.7940537605606843,-0.9471150301205985,0.3208942500570208,0.5827116568007624,-0.8126789803043453,1,0,0,0,99,1
1701610260,12,3,6,1291,019.1,0.0,087,0,0,0,0,0,0,1,0.1933550914660601,-0.9811288440384125,-0.995271029428269,-0.09713690329011809,0.7406540701603272,-0.6718865591414528,-0.9142993380565942,-0.40503915913066185,-0.8381644108200555,0.5454176568783495,0.47675063876289164,-0.8790385818831701,0.9692880330126773,0.24592825998330273,-0.6140324665751385,-0.7892807675293066,-0.9458543142390657,0.3245914605089707,0.5811232827425817,-0.8138155382237952,1,0,0,0,99,5
1701610320,12,3,6,1292,019.1,0.0,087,0,0,0,0,0,0,1,-0.7211212528459787,-0.6928088760212632,-0.920002411959138,0.39191269689736824,0.551401533867395,-0.8342399825282195,-0.9576638195442646,-0.2878888826194756,-0.8024614889885606,0.5967039120788988,0.4490523844280872,-0.8935054314549238,0.9730121868339892,0.2307537307879076,-0.6201799211567932,-0.784459600867982,-0.9445791657844201,0.32828371809459106,0.5795326918757081,-0.8149489916843234,1,0,0,0,99,2
1701610380,12,3,6,1293,019.1,0.0,087,0,0,0,0,0,0,1,-0.9726020429124683,0.23247637755800724,-0.619485117836576,0.7850084004512332,0.32786552086851617,-0.9447244043770736,-0.9860842774269027,-0.16624619638194185,-0.7636249722154004,0.6456600512723619,0.42091563806043014,-0.9070997881358924,0.9764987936848393,0.2155228663786137,-0.6262895231525857,-0.7795905548358746,-0.9432896042138582,0.3319709664745739,0.5779398902677623,-0.8160793363621499,1,0,0,0,99,1
1701610440,12,3,6,1294,019.1,0.0,087,0,0,0,0,0,0,1,-0.3298770001093613,0.9440239217301903,-0.1672962615688254,0.9859066694495454,0.08394441777287699,-0.9964704384600542,-0.9991172199647183,-0.04200929385234764,-0.7218065162674647,0.6920949017828597,0.39236787471526025,-0.9198083772674773,0.9797470023601699,0.20023938515252526,-0.6323608996639003,-0.774673926614458,-0.941985649204503,0.33565314938604557,0.5763448839947981,-0.817206567945353,1,0,0,0,99,1
1701610500,12,3,6,1295,019.1,0.0,087,0,0,0,0,0,0,1,0.6161354352885633,0.7876402258530049,0.3258525541920725,0.9454206010694407,-0.1651959426416995,-0.9862607670057246,-0.9965592724483889,0.08288314965744041,-0.6771694213203072,0.7358271365128635,0.36343697079902076,-0.9316187891280595,0.9827560198564188,0.18490701835238776,-0.6383936801252078,-0.7697100162893775,-0.9406673206531035,0.33933021064342506,0.5747476791412798,-0.8183306821338868,1,0,0,0,99,1
1701610560,12,3,6,1296,019.1,0.0,087,0,0,0,0,0,0,1,0.9956757929363228,-0.0928962612844285,0.7392213001816264,0.6734625968513661,-0.4040652194563607,-0.9147301779353751,-0.9784503507933796,0.20648222933781113,-0.6298879942744539,0.7766859820216312,0.33415117684842055,-0.9425194910508831,0.9855251115651197,0.16952950915565845,-0.6443874963266829,-0.7646991268321347,-0.9393346386757316,0.3430020941392817,0.5731482818000584,-0.8194516746395976,1,0,0,0,99,1
1701610620,12,3,6,1297,019.1,0.0,087,0,0,0,0,0,0,1,0.45979641835260393,-0.8880243542100167,0.9716028906425754,0.2366174610948897,-0.6178116779833116,-0.786326096824622,-0.9450730386654309,0.3268592228891346,-0.5801468680906867,0.8145118853918384,0.30453908994426443,-0.9524998386855082,0.9880536014522462,0.15411061176066326,-0.650341982436678,-0.7596415640815948,-0.9379876236074746,0.346668743845191,0.5715466980723487,-0.8205695411862395,1,0,0,0,99,3
1701610680,12,3,6,1298,019.1,0.1,087,0,0,0,0,0,0,1,-0.4988176628046754,-0.8667069512090468,0.9661022076387795,-0.25815988146006835,-0.7931455986954944,-0.6090320675218718,-0.8969481778569685,0.4421356875881703,-0.5281402808022835,0.8491571372803064,0.2746296257868892,-0.961550086391839,0.9903408722232561,0.13865409047006316,-0.6562567750240514,-0.7545376367253204,-0.936626296002125,0.3503301038125896,0.5699429340677058,-0.8216842775094914,0,1,0,0,99,2
1701610740,12,3,6,1299,019.1,0.1,087,0,0,0,0,0,0,1,-0.9988210851948485,-0.04854317429036989,0.7240660102125944,-0.6897306813929731,-0.9191655676190696,-0.39387137405949346,-0.834826740725132,0.5505127727585013,-0.4740713170196541,0.880486448719826,0.2444519904604727,-0.9696613967565755,0.9923863654737946,0.1231637187718536,-0.6621315130803496,-0.7493876562807309,-0.9352506766318672,0.3539861181736292,0.5683369959040019,-0.8227958793569731,0,1,0,0,99,3
1701610800,12,3,6,1300,019.1,0.1,087,0,0,0,0,0,0,1,-0.5805130081563131,0.8142509732025552,0.3047532008014393,-0.9524313553224073,-0.9880362734541701,-0.15422166624309427,-0.7596781115193113,0.6502992902336991,-0.4181511148892831,0.9083774794196792,0.2140356519137885,-0.9768258492227975,0.9941895818260211,0.10764327841812157,-0.6679658380418412,-0.7441919370760884,-0.9338607864869604,0.35763673114202876,0.5667288897074029,-0.8239043424882614,0,1,0,0,99,2
1701610860,12,3,6,1301,019.1,0.1,087,0,0,0,0,0,0,1,0.37151605140823607,0.9284265310438047,-0.18917382080535783,-0.981943616264143,-0.995475669281812,0.0950167978197989,-0.6726749594641535,0.7399381047830281,-0.3605980416037862,0.9327213155018567,0.1834103111852539,-0.9830364478242546,0.9957500810505251,0.09209655850178511,-0.6737593938114017,-0.7389507962313138,-0.9324566467754181,0.36128188701392594,0.5651186216123453,-0.8250096626749065,0,1,0,0,99,2
1701610920,12,3,6,1302,019.1,0.1,087,0,0,0,0,0,0,1,0.9819749666421057,0.1890110179016962,-0.6367844934113518,-0.7710418334635599,-0.9410212095015605,0.33834757760063844,-0.5751749396485218,0.8180304326859235,-0.3016368406826962,0.9534228948074206,0.15260587340036988,-0.9882871280168078,0.9970674821738015,0.0765273545315405,-0.679511826780248,-0.73366455363863,-0.9310382789226848,0.3649215301687268,0.5635061977615123,-0.8261118357004477,0,1,0,0,99,2
1701610980,12,3,6,1303,019.1,0.1,087,0,0,0,0,0,0,1,0.6896106261548025,-0.7241803534302633,-0.9284881133946367,-0.37136211880705916,-0.8280586086766621,0.5606415437661308,-0.46869950727191356,0.8833576692841159,-0.24149775435382845,0.9704013781122005,0.12165241856987369,-0.9925727626003548,0.9981414635712602,0.06093946750524334,-0.6852227858495209,-0.7283335319430388,-0.9296057045713088,0.3685556050699549,0.561891624305811,-0.8272108573604299,0,1,0,0,99,1
1701611100,12,3,6,1305,019.2,0.1,086,0,0,0,0,0,0,1,-0.9454746124554664,-0.3256958047046135,-0.8141547164712041,0.5806479980570787,-0.4579039211138737,0.8890016867411104,-0.235582589826678,0.971854332382459,-0.118628975418194,0.9929386517762462,0.059419475863364,-0.9982331019797546,0.9995581778915509,0.029722870152842088,-0.6965188905719492,-0.7175384554687094,-0.926698024026357,0.37580682839145607,0.5586560532244075,-0.8293994298260206,0,1,0,0,99,1
1701611160,12,3,6,1306,019.2,0.1,086,0,0,0,0,0,0,1,-0.7849056827820657,0.6196152589602836,-0.43611050264796214,0.8998931211428065,-0.22372626003354357,0.9746520202469203,-0.11257881628681225,0.9936427980534354,-0.056379082763754744,0.998409434564156,0.0282007573997934,-0.9996022795502609,0.9999005649439,0.014101780911272722,-0.7021033467690947,-0.7120750595657992,-0.925222962200409,0.37942386616698276,0.5570350679414255,-0.8304889722828903,0,1,0,0,99,2
1701611220,12,3,6,1307,019.2,0.1,086,0,0,0,0,0,0,1,0.09730191186315293,0.995254911039265,0.048708772109010486,0.9988130233029766,0.02436161629514139,0.9997032117841216,0.012181712028249383,0.9999258001932247,0.006090969002353426,0.9999814498762526,-0.0030454986248035533,-0.9999953624583098,0.9999988406139053,-0.001522751077858202,-0.7076449501967276,-0.7065682022714233,-0.9237337826103967,0.38303511440113214,0.5554119577389687,-0.8315753466767555,0,1,0,0,99,1
1701611280,12,3,6,1308,019.1,0.1,087,0,0,0,0,0,0,1,0.8900505774721458,0.4558617877619267,0.5216024406758817,0.853188662536583,0.2709348053161655,0.9625976995964054,0.13675214880138925,0.9906052946548402,0.06853723566485535,0.9976485590263838,-0.034288780771676325,-0.9994119668651121,0.9998529809089715,-0.017146911309152784,-0.7131433626239372,-0.7010182196957677,-0.9222305079793683,0.38664051799069915,0.5537867288087088,-0.8326585488634279,0,1,0,0,99,1
1701611340,12,3,6,1309,019.1,0.1,086,0,0,0,0,0,0,1,0.8644908468317865,-0.5026485608693819,0.8667896402442123,0.49867396118637375,0.5006625803940346,0.8656425247139762,0.2591886140304236,0.9658267248098844,0.13071586588879644,0.991419871903394,-0.06549858050601552,-0.9978526624465643,0.9994630214386534,-0.03276688536797246,-0.7185982484559688,-0.6954254505811631,-0.9207131612454454,0.39024002192166096,0.5521593873504004,-0.8337385747108206,0,1,0,0,99,1
1701611400,12,3,6,1310,019.1,0.1,086,0,0,0,0,0,0,1,0.04412221841808424,-0.9990261407199847,0.999756505535219,0.022066482275333348,0.6992615811428033,0.7148658903162654,0.37758052762538924,0.9259767519533807,0.19238405345378726,0.9813197113972033,-0.09664442198801937,-0.9953189718369693,0.9988290574059631,-0.04837885986167266,-0.7240092747547067,-0.6897902362814101,-0.9191817655614721,0.39383357127001617,0.5505299395718565,-0.834815420098963,0,1,0,0,99,2
1701611460,12,3,6,1311,019.1,0.1,086,0,0,0,0,0,0,1,-0.8168121741291692,-0.5769036940377309,0.8879481105441159,-0.45994364109218266,0.8543838835945416,0.5196423572553615,0.4900804233718373,0.8716772215835864,0.2533009854070979,0.9673875184184428,-0.12769589183203411,-0.9918133691422099,0.9979512435841267,-0.06397902335058789,-0.729376111258995,-0.6841129207409447,-0.9176363442946625,0.397421111202623,0.548898391688925,-0.8358890809200175,0,1,0,0,99,3
1701611520,12,3,6,1312,019.1,0.1,086,0,0,0,0,0,0,1,-0.9267732207044014,0.3756213484151173,0.5587390498188232,-0.829343520025061,0.9563847343054627,0.2921099792671752,0.5949327780232085,0.803775459710974,0.31322878243308516,0.9496776978825432,-0.158622668804709,-0.9873392775238264,0.9968297942787993,-0.07956356727854007,-0.7346984304047954,-0.6783938504738453,-0.9160769210262436,0.40100258697803604,0.5472647499254653,-0.8369595530782943,0,1,0,0,99,5
1701611580,12,3,6,1313,019.1,0.1,086,0,0,0,0,0,0,1,-0.18466324219769167,0.9828018554017064,0.09273118299227497,-0.9956911808893625,0.9989222144114532,0.046415617579848543,0.6905014056539462,0.7233310506192336,0.37193342776682925,0.9282594062597033,-0.18939455343316602,-0.9819010658563578,0.9954649832757448,-0.09512868690264292,-0.7399759073451794,-0.6726333745426839,-0.9145035195510961,0.4045779439473413,0.5456290205133241,-0.8380268324902673,0,1,0,0,99,4
1701611640,12,3,6,1314,019.1,0.1,086,0,0,0,0,0,0,1,0.7272252695674022,0.6863988689549387,-0.3959805115438519,-0.9182589147280136,0.9793515494264594,-0.20216464239820275,0.7752949897936278,0.6315993024069126,0.42918568102459304,0.9032162815203545,-0.2199814974942728,-0.9755040444612094,0.9938571437739957,-0.1106705822221754,-0.7452082199701555,-0.6668318445372209,-0.9129161638773905,0.40814712755499033,0.5439912096923119,-0.8390909150845903,0,1,0,0,99,4
1701611700,12,3,6,1315,019.1,0.1,087,0,0,0,0,0,0,1,0.9705062222633856,-0.24107607211843352,-0.7877423665509027,-0.6160048408420045,0.8988895485102729,-0.4381752840804668,0.8479903549217016,0.5300116583243869,0.4847619733826144,0.8746461165306764,-0.2503536333562224,-0.9681544599212143,0.9920066683045065,-0.12618545890629732,-0.7503950489263297,-0.6609896145529455,-0.9113148782262214,0.41171008333963266,0.5423513237101792,-0.8401517968021114,0,1,0,0,99,4
1701611760,12,3,6,1316,019.1,0.1,087,0,0,0,0,0,0,1,0.3215082299291668,-0.9469067842653859,-0.9866374167508005,-0.16293129799798153,0.7625389491684939,-0.6469423088661069,0.9074531141789384,0.4201533595806971,0.5384452806085791,0.8426604771735462,-0.2804813031437691,-0.9598594889809514,0.9899140086343236,-0.14166952922038076,-0.7555360776363961,-0.6551070411694638,-0.9096996870312377,0.41526675693494663,0.5407093688225928,-0.8412094735958894,0,1,0,0,99,2
1701611820,12,3,6,1317,019.1,0.1,087,0,0,0,0,0,0,1,-0.6230829462907598,-0.7821557658431126,-0.9439692171472311,0.33003350902361966,0.5787773712647983,-0.8154855943006043,0.9527553710949638,0.3037387081846794,0.590025970536603,0.8073842666861547,-0.31033508769864016,-0.9506272315387758,0.9875796756562926,-0.15711901295073133,-0.7606309923184603,-0.6491844834287357,-0.90807061493827,0.41881709407046913,0.5390653512931113,-0.8422639414312088,0,1,0,0,99,2
1701611880,12,3,6,1318,019.1,0.1,087,0,0,0,0,0,0,1,-0.9948145351851904,0.10170565659919678,-0.6701844311086327,0.7421946027152168,0.3590302196784995,-0.933325935221779,0.9831901991023352,0.18258431583548054,0.6393026216763542,0.7689552379155371,-0.3398858353068445,-0.9404667027374061,0.9850042392643308,-0.17253013832747296,-0.7656794820051903,-0.6432223028131592,-0.9064276868049539,0.4223610405724235,0.5374192773931619,-0.8433151962855951,0,1,0,0,99,2
1701611940,12,3,6,1319,019.1,0.1,087,0,0,0,0,0,0,1,-0.4519182282526401,0.8920593674038712,-0.23231512283548061,0.9726405727204349,0.11696030796720128,-0.9931365899815682,0.9982826728891893,0.05858075630457427,0.6860828097596623,0.727523455396654,-0.3691046901648271,-0.9293878241607897,0.9821883282142966,-0.18789914294537147,-0.7706812385627962,-0.6372208632235092,-0.9047709277003515,0.42589854236454644,0.5357711534020162,-0.8443632341488307,0,1,0,0,99,1
1701612060,12,3,6,1321,019.1,0.1,087,0,0,0,0,0,0,1,0.999211628421411,0.03970039832838073,0.6929284240351306,0.7210063794198983,-0.37349271785411137,-0.9276331115855821,0.9817415931867158,-0.19021946327126704,0.7714335562027579,0.6363098839122071,-0.426432946714834,-0.9045191772185395,0.9758378905378032,-0.21849579261562516,-0.7805433340358577,-0.6251016746835569,-0.9014160179083676,0.43295399600676,0.5324687803023009,-0.8464496429223537,0,1,0,0,99,1
1701612120,12,3,6,1322,019.1,0.1,087,0,0,0,0,0,0,1,0.5732830801649955,-0.8193573762385589,0.9537707733618594,0.30053504268341247,-0.5913818382891833,-0.8063916674555276,0.9503661577138381,-0.3111336791031087,0.809670821724208,0.5868842819913016,-0.45448636833721334,-0.8907536926646169,0.9723049142796247,-0.23371596793478092,-0.7854030710198365,-0.6189846654260585,-0.8997179184127819,0.43647184019930857,0.5308145437912809,-0.8474880058736255,0,1,0,0,99,1
1701612180,12,3,6,1323,019.1,0.1,087,0,0,0,0,0,0,1,-0.3797192881647377,-0.9251017577519053,0.9810967734509948,-0.19351775402801508,-0.7725017003308197,-0.6350126951376582,0.9041605762080257,-0.4271927579338991,0.8447463400139414,0.5351669095086602,-0.48209599173366907,-0.8761184022461406,0.9685345637214349,-0.2488790848523229,-0.7902148710484772,-0.6128298765349471,-0.8980060903287201,0.4399830243685845,0.5291582823841159,-0.8485231359157464,0,1,0,0,99,1
1701612240,12,3,6,1324,019.1,0.1,087,0,0,0,0,0,0,1,-0.9836094941210283,-0.18031184951348836,0.7682160664531458,-0.6401906553857654,-0.9055911481970673,-0.424151709070136,0.8438458713148201,-0.5365856366554476,0.8765231419236595,0.48135972169706537,-0.5092348565754973,-0.860627597075839,0.964527759340248,-0.26398144151072533,-0.7949784404343068,-0.6066376836668139,-0.896280559776573,0.4434874949382373,0.5275000023989397,-0.8495550291000099,0,1,0,0,99,3
1701612300,12,3,6,1325,019.1,0.1,087,0,0,0,0,0,0,1,-0.6831736673300343,0.7302559416169317,0.36724927391559825,-0.9301225568754183,-0.982375324627868,-0.18691902407805047,0.7703632338313046,-0.6376052759826998,0.9048771397219348,0.425672834473437,-0.535876462221734,-0.8442964036620779,0.9602854793398883,-0.2790193508862083,-0.7996934884336023,-0.6004084647611956,-0.8945413530858134,0.4469851984343578,0.5258397101615864,-0.850583681490057,0,1,0,0,99,2
1701612360,12,3,6,1326,019.1,0.1,087,0,0,0,0,0,0,1,0.24536887858740644,0.9694297877725641,-0.12363294914268595,-0.9923280172837418,-0.9980801614308696,0.0619353805036276,0.6848593357385049,-0.728675298230847,0.9296976116541461,0.368323703940673,-0.5619947935965809,-0.8271407691380811,0.9558087594121748,-0.2939891416888716,-0.8043597272641364,-0.5941426000175077,-0.8927884967945957,0.4504760814862939,0.5241774120055661,-0.8516090891618918,0,1,0,0,99,6
1701612420,12,3,6,1327,019.0,0.1,087,0,0,0,0,0,0,1,0.9483204091081449,0.3173143578046236,-0.5842455144009993,-0.8115769704115019,-0.9517292079188023,0.30693894310473063,0.5886684367686403,-0.8083745861618643,0.9508876343085613,0.3095362772262209,-0.5875643465926856,-0.8091774456898254,0.9510986924840727,-0.30888715925898774,-0.8089768721227412,-0.5878404718718389,-0.8910220176493504,0.45396009082746536,0.5225131142720414,-0.8526312482038954,0,1,0,0,99,3
1701612480,12,3,6,1328,019.0,0.1,087,0,0,0,0,0,0,1,0.7793905288984901,-0.6265384293587519,-0.9018144014592891,-0.43212357644616434,-0.8462043418838514,0.5328585288581931,0.48329156372825655,-0.875459459043705,0.9683644611001854,0.24954011797333814,-0.6125601529754697,-0.7904239741978156,0.9461564284508708,-0.3237097664592346,-0.8135446412026923,-0.5815024649736085,-0.889241942604376,0.45743717329617606,0.5208468233098019,-0.8536501547168418,0,1,0,0,99,1
1701612540,12,3,6,1329,019.0,0.1,087,0,0,0,0,0,0,1,-0.10610740923685848,-0.994354673999696,-0.9985876711635528,0.05312873986979144,-0.6880665883946875,0.7256475521455962,0.37037308747694114,-0.9288830798721646,0.9820598453944048,0.18856950989997748,-0.6369578047641863,-0.770898667108712,0.9409831738954507,-0.3384533445626502,-0.8180627557109083,-0.5751289661620904,-0.8874482988214272,0.4609072758364255,0.5191785454752413,-0.8546658048139125,0,1,0,0,99,1
1701612600,12,3,6,1330,019.0,0.1,087,0,0,0,0,0,0,1,-0.8940506846592281,-0.44796581706684435,-0.8508718520044145,0.5253732877360419,-0.4871481870355047,0.8733193252573889,0.25167506307003396,-0.9678117909122075,0.9919203070086345,0.12686254192588234,-0.6607334780658982,-0.7506205905535374,0.9355801917937172,-0.3531142941360932,-0.8225309398849666,-0.5687203644428019,-0.8856411136693016,0.46437034549871836,0.5175082871323327,-0.8556781946207109,0,1,0,0,99,1
1701612660,12,3,6,1331,019.0,0.1,087,0,0,0,0,0,0,1,-0.8600078837318815,0.5102807461770535,-0.4948329282813273,0.8689881317305357,-0.2559412708703545,0.9666923325780896,0.1290497334788228,-0.9916381226480983,0.9979073410512868,0.06466017844045019,-0.6838639563391061,-0.7296095457299233,0.9299488012062609,-0.3676890359189927,-0.8269489210099354,-0.5622770509637608,-0.8838204147234213,0.4678263294408723,0.5158360546526036,-0.8566873202752776,0,1,0,0,99,2
1701612720,12,3,6,1332,019.0,0.1,087,0,0,0,0,0,0,1,-0.03527780063100106,0.9993775446659983,-0.01764164581327013,0.9998443740567825,-0.008821166113885877,0.9999610927573088,0.004410625958475234,-0.9999902731420214,0.9999975682825487,0.0022053183419487145,-0.7063266530643069,-0.707886049566577,0.9240903769563281,-0.38217401169717374,-0.8313164294350177,-0.5557994189916117,-0.8819862297654119,0.47127517492882454,0.5141618544151129,-0.8576931779281052,0,1,0,0,99,1
1701612780,12,3,6,1333,019.0,0.1,087,0,0,0,0,0,0,1,0.8218865296781087,0.5696512374547038,0.463868926823783,0.8859038428223189,0.23884739602692043,0.971057115421724,-0.12029730790478227,-0.992737909878968,0.9981828264098136,-0.06025815347748382,-0.7280996337993461,-0.6854713146888483,0.9180063492941779,-0.3965656851715436,-0.8356331985900104,-0.5492878638876233,-0.8801385867826792,0.47471682933743603,0.5124856928064255,-0.8586957637421522,0,1,0,0,99,1
1701612840,12,3,6,1334,019.0,0.1,087,0,0,0,0,0,0,1,0.9234121749250919,-0.38380979039116697,0.8318082081799767,0.5550631538882909,0.4716655839213357,0.8817775098879226,-0.24312804251266182,-0.9699942035620426,0.9924702019612586,-0.12248631849712321,-0.7491616375980297,-0.662387228704961,0.9116982035479069,-0.4108605428214292,-0.8398989650015737,-0.5427427830835574,-0.8782775139679819,0.47815124015129495,0.5108075762205887,-0.8596950738928585,0,1,0,0,99,2
1701612900,12,3,6,1335,019.1,0.1,087,0,0,0,0,0,0,1,0.1759569250793735,-0.9843978669809336,0.9960918298482659,0.08832364637815417,0.675157890282653,0.7376732496092542,-0.36216484533341015,-0.9321140621214912,0.9828820026131039,-0.18423617706426285,-0.7694920977710762,-0.6386563328331354,0.9051674797608273,-0.4250550947623523,-0.8441134683093121,-0.5361645760574115,-0.8764030397190016,0.48157835496551776,0.509127511059107,-0.8606911045681598,0,1,0,0,99,2
1701612960,12,3,6,1336,019.1,0.1,087,0,0,0,0,0,0,1,-0.7332723102173858,-0.6799350844517864,0.9164974316526442,-0.40004057016021116,0.8366721491002945,0.5477040395322044,-0.47555018687189876,-0.8796885924951523,0.9694556700786149,-0.24526659730265726,-0.78907116196914,-0.6143017998904703,0.8984157723154882,-0.43914587559803503,-0.8482764512816665,-0.5295536443090374,-0.8745151926379088,0.48499812148654897,0.5074455037309183,-0.8616838519685015,0,1,0,0,99,1
1701613020,12,3,6,1337,019.1,0.1,086,0,0,0,0,0,0,1,-0.9683343651587963,0.2496568790410366,0.6125124982230825,-0.7904609032207212,0.9461661860425792,0.32368124503844736,-0.5815147267961288,-0.8135358766023928,0.9522436338990125,-0.3053392567273386,-0.8078797115682936,-0.5893474116650812,0.8914447295444292,-0.4531294452664265,-0.8523876598316128,-0.5229103913356348,-0.8726140015309274,0.4884104875329589,0.5057615606523697,-0.8626733123068543,0,1,0,0,99,1
1701613080,12,3,6,1338,019.1,0.1,086,0,0,0,0,0,0,1,-0.31311427047593193,0.949715459295217,0.15856314310832614,-0.9873488388850257,0.9968321922181852,0.07953351845283306,-0.6784049239013403,-0.7346882054493705,0.9313131067072369,-0.36421957288882034,-0.82589938033904,-0.5638175356935875,0.8842560533277641,-0.4670023898795447,-0.8564468430321711,-0.5162352226071247,-0.8706994954078947,0.49181540103624005,0.5040756882471917,-0.8636594818087276,0,1,0,0,99,3
1701613140,12,3,6,1339,019.1,0.1,086,0,0,0,0,0,0,1,0.6299816404820636,0.7766100261106137,-0.33420799952229324,-0.9424993437956903,0.9855200007599263,-0.1695592170958419,-0.7647088390674721,-0.6443759705731422,0.9067458217640548,-0.42167761941254234,-0.8431125723806229,-0.5377371014666263,0.8768514986776913,-0.48076132255692827,-0.8604537531317207,-0.5095285455414014,-0.8687717034818184,0.49521281004160156,0.5023878929464755,-0.8646423567121847,0,1,0,0,99,3
1701613260,12,3,6,1341,019.1,0.1,086,0,0,0,0,0,0,1,0.4440046316200165,-0.8960244902344876,-0.9736592037860289,-0.22800823424331892,0.7835841480796172,-0.621285669300637,-0.9003570595326714,-0.435151887677948,0.84709854434946,-0.5314358438805441,-0.8750530966405822,-0.484026939394625,0.8614020372029035,-0.507923744574604,-0.8683097789886407,-0.49602230566043903,-0.8648763800857435,0.5019849073127403,0.4990065594194428,-0.8665982077389557,0,1,0,0,99,6
1701613320,12,3,6,1342,019.1,0.1,086,0,0,0,0,0,0,1,-0.5140818839291789,-0.8577411128165807,-0.9637793089749802,0.2667010378527043,0.6055158801168206,-0.7958332230601788,-0.9475846197201016,-0.31950491149575566,0.8122514732198877,-0.5833074183071241,-0.8897492394790579,-0.45644965861137193,0.8533609021426315,-0.5213206025991243,-0.8721584152546842,-0.48922356719646887,-0.8629089080535873,0.5053594922446452,0.49731303409188604,-0.8675711764012926,0,1,0,0,99,5
1701613380,12,3,6,1343,019.2,0.1,086,0,0,0,0,0,0,1,-0.9995238862039619,-0.030854511950917846,-0.7179326263483635,0.696112594358514,0.38979956749686495,-0.920899721565414,-0.9800254388446796,-0.19887216803085594,0.7742325774697342,-0.6329011897481092,-0.9035765572844697,-0.42842666248256006,0.8451114312570148,-0.534590187675307,-0.8759538194663309,-0.48239496904750834,-0.8609282690931656,0.5087263660124623,0.4956176116662611,-0.8685408355432871,0,1,0,0,99,2
1701613440,12,3,6,1344,019.1,0.1,086,0,0,0,0,0,0,1,-0.5660082370433905,0.8243995849095468,-0.2963109980159809,0.9550915099898928,0.14984740573347818,-0.9887091356890289,-0.9971732887740798,-0.07513609089835323,0.7331903200732922,-0.6800234955873388,-0.9165215479156338,-0.39998531498835127,0.836655638536056,-0.5477292602242684,-0.8796957599716702,-0.47553692799599256,-0.858934493426592,0.5120854772418407,0.4939202986100892,-0.8695071814659844,0,1,0,0,99,2
1701613500,12,3,6,1345,019.1,0.1,086,0,0,0,0,0,0,1,0.38789277497415287,0.9217045053176486,0.19785789683804822,0.9802307139948351,-0.09942154194430115,-0.9950454044903768,-0.9987605830454005,0.04977245980270217,0.6892849701673822,-0.7244903242289376,-0.9285715708088789,-0.37115338862191627,0.827995588340275,-0.5607346125298864,-0.8833840083819399,-0.4686498626213997,-0.8569276114764303,0.5154367746768755,0.49222110139810366,-0.8704702104830686,0,1,0,0,99,1
1701613560,12,3,6,1346,019.1,0.1,086,0,0,0,0,0,0,1,0.985166958539643,0.17159855419481035,0.6435842780107317,0.7653752524725406,-0.3425089396843968,-0.9395145694646093,-0.9847625524624222,0.1739043279153665,0.6426879772038036,-0.766128033658659,-0.9397148593213419,-0.3419590372700662,0.8191333948967244,-0.5736030695219185,-0.8870183395854673,-0.46173419327470294,-0.8549076538652297,0.5187802071808914,0.4905200265122254,-0.8714299189208766,0,1,0,0,99,1
1701613620,12,3,6,1347,019.2,0.1,086,0,0,0,0,0,0,1,0.6766831837539894,-0.7362743162874585,0.9317387821399994,0.3631292357498508,-0.5643007904700069,-0.8255692689744001,-0.9553976316106295,0.2953224771547197,0.5935813014428943,-0.8047740295122351,-0.9499405322208951,-0.31243076872146003,0.8100712217828319,-0.5863314895511497,-0.8905985317614076,-0.4547903420527146,-0.8528746514150584,0.5221157237372216,0.48881708044153815,-0.8723863031184126,0,1,0,0,99,3
1701613680,12,3,6,1348,019.2,0.1,086,0,0,0,0,0,0,1,-0.2539399894906939,-0.9672199758780141,0.9917711368753414,-0.12802348245924622,-0.7510071512506543,-0.660294069919136,-0.9111240502585628,0.41213221791123295,0.542156703402608,-0.8402774000028898,-0.9592386043114846,-0.28259741682923273,0.8008112813981934,-0.598916765156381,-0.8941243663932834,-0.4478187327723233,-0.8508286351470322,0.5254432734499875,0.48711226968226357,-0.8733393594273613,0,1,0,0,99,3
1701613740,12,3,6,1349,019.2,0.1,086,0,0,0,0,0,0,1,-0.9510919075018955,-0.30890805020977646,0.8089833280759797,-0.5878315871872758,-0.891019524810561,-0.4539649836786557,-0.8526326828355384,0.52251077324843,0.4886149950377956,-0.8724995052286362,-0.9675999961835046,-0.25248811335522686,0.7913558344244475,-0.6113558238230716,-0.8975956282823216,-0.4408197909446265,-0.8487696362808422,0.5287628055448745,0.4854056007377364,-0.8742890842121027,0,1,0,0,99,3
1701613860,12,3,6,1351,019.2,0.1,086,0,0,0,0,0,0,1,0.11490459339101299,0.9933765320449471,-0.05754766700333219,-0.9983427597886778,-0.9995856040851824,0.028785762203928318,-0.6968551635010218,0.717211880201356,0.37602401505664773,-0.9266099179809582,-0.9814810028678492,-0.19155949730963728,0.7718677015232719,-0.6357831795079053,-0.9043735897039191,-0.4267416200068226,-0.8446128166227477,0.535377614396221,0.4819867143416813,-0.8761785247300407,0,1,0,0,99,1
1701613920,12,3,6,1352,019.1,0.1,086,0,0,0,0,0,0,1,0.89798074546892,0.44003474949949434,-0.5291338443628917,-0.848538375531565,-0.9613891968218607,0.2751923186322931,-0.6019998676776046,0.7984961861625556,0.31741440880766936,-0.9482869255037094,-0.9869870631127111,-0.16079968049764676,0.7618397733439909,-0.6477655129374955,-0.907679875544648,-0.4196632501557079,-0.8425150592587969,0.538672790218836,0.4802745099321658,-0.8771182332555959,0,1,0,0,99,2
1701613980,12,3,6,1353,019.1,0.1,086,0,0,0,0,0,0,1,0.855457541413084,-0.5178729524115752,-0.8711696024344442,-0.49098220313389407,-0.8634182657130592,0.5044887495604367,-0.4977505652631463,0.8673202262026514,0.2575653060850283,-0.966260892875897,-0.991529347239883,-0.12988284552646476,0.7516258529103641,-0.6595897037073636,-0.9109307612841284,-0.41255926622282796,-0.8404044461516217,0.5419597465574229,0.4785604734213729,-0.8780545958416888,0,1,0,0,99,1
1701614040,12,3,6,1354,019.2,0.1,086,0,0,0,0,0,0,1,0.026430618926637908,-0.9996506501689252,-0.9999126587279824,-0.01321646380607935,-0.7117641687406298,0.7024185134924622,-0.38573403175474275,0.9226100241956138,0.19671041635407388,-0.9804616321395789,-0.9951034197859987,-0.09883918216077345,0.7412284338045774,-0.6712528651109158,-0.9141260485050504,-0.4054301017987467,-0.8382810095065815,0.5452384332570721,0.47684461134783096,-0.8789876089163806,0,1,0,0,99,2
1701614100,12,3,6,1355,019.2,0.1,086,0,0,0,0,0,0,1,-0.8268964927099149,-0.5623541502861356,-0.8838422229917893,0.4677851268017531,-0.515856023129636,0.856675296364309,-0.2676982476928931,0.9635028013359144,0.13508737665689868,-0.9908336897118291,-0.9977057907298696,-0.06769900401103005,0.7306500544073853,-0.6827521497545687,-0.9172655421835513,-0.3982761920109155,-0.8361447817247069,0.5485088002890585,0.47512693025703223,-0.87991726892051,0,1,0,0,99,1
1701614160,12,3,6,1356,019.2,0.1,086,0,0,0,0,0,0,1,-0.9199787823775267,0.39196816194069034,-0.5513763859920506,0.83425660379187,-0.2878744485084861,0.9576681585475916,-0.1454851220097925,0.989360439513222,0.07293682364477497,-0.997336562929792,-0.9993339189004324,-0.03649271893274041,0.7198932972784023,-0.6940847502528994,-0.9203490507011184,-0.3910979734971153,-0.8339957954022056,0.5517707977516048,0.473407436701408,-0.8808435723077068,0,1,0,0,99,1
1701614220,12,3,6,1357,019.2,0.1,086,0,0,0,0,0,0,1,-0.16723682222676747,0.9859167537330383,-0.08391437977772838,0.9964729684575088,-0.041994234976311204,0.9991178530227325,-0.0210017496564878,0.9997794389320908,0.01050145389718089,-0.9999448582127144,-0.999986214458158,-0.005250799333704363,0.7089607885256082,-0.7052478999140287,-0.9233763858562847,-0.3838958843788061,-0.8318340833299649,0.5550243758706431,0.4716861372403035,-0.8817665155444051,0,1,0,0,99,2
1701614280,12,3,6,1358,019.2,0.0,086,0,0,0,0,0,0,1,0.7392619010271615,0.6734180289312927,0.40409279322248953,0.9147179972350201,0.20649697669091896,0.9784472385455999,0.10380934797598938,0.9945972145913138,-0.051974923803148484,-0.9986483902233343,-0.999662040447504,0.025996247581773553,0.6978551971642206,-0.7162388734150686,-0.9263473628761159,-0.3766703642343869,-0.8296596784930514,0.5582694850005744,0.4699630384399531,-0.8826860951098568,1,0,0,0,99,2
1701614340,12,3,6,1359,019.2,0.0,086,0,0,0,0,0,0,1,0.9660866417576471,-0.2582181260435283,0.7931639572129864,0.6090081583839709,0.44214920649936096,0.8969415138078879,0.22700053545323648,0.9738946333684891,-0.11424834053830024,-0.9934522216414057,-0.9983617134188905,0.05721790960265128,0.6865792344650938,-0.7270549874674718,-0.9292618004274876,-0.36942185407236544,-0.8274726140702076,0.5615060756250259,0.46823814687345483,-0.8836023074961455,1,0,0,0,99,1
1701614400,12,3,6,1360,019.2,0.0,086,0,0,0,0,0,0,1,0.3046957793929669,-0.9524497267678291,0.9880409219176677,0.15419188245846607,0.6503107401625525,0.7596683100072248,0.3466494554970303,0.9379947521194415,-0.1760756199485871,-0.9843766433940419,-0.996086503119594,0.08838369930580556,0.675135653292801,-0.7376936014721172,-0.9321195206281534,-0.36215079630444197,-0.8252729234333458,0.5647340983576067,0.4665114691207459,-0.8845151492081995,1,0,0,0,99,3
1701614460,12,3,6,1361,019.2,0.0,086,0,0,0,0,0,0,1,-0.6368309773690272,-0.7710034411487472,0.9410110098050786,-0.3383759439227712,0.8180391017313204,0.5751626100839783,0.4608890267277047,0.8874577764840359,-0.23721532783102786,-0.9714570954200797,-0.9928386312538608,0.11946318382648319,0.6635272474335613,-0.7481521181639744,-0.9349203490576014,-0.3548576347185062,-0.8230606401470387,0.5679535039426616,0.46478301176857706,-0.8854246167638049,1,0,0,0,99,2
1701614520,12,3,6,1362,019.2,0.0,086,0,0,0,0,0,0,1,-0.9928582704344598,0.11929985259795185,0.6635887835859072,-0.7480975379581034,0.9349057540624358,0.3548960848205405,0.5679365788446187,0.8230723190645342,-0.29742871493474354,-0.9547440282778767,-0.9886212693134506,0.15042601457547708,0.6517568509131771,-0.7584279842461896,-0.9376641147677002,-0.34754281445155094,-0.8208357979680074,0.5711642432560222,0.46305278141048767,-0.8863307066936196,1,0,0,0,99,1
1701614580,12,3,6,1363,019.2,0.0,086,0,0,0,0,0,0,1,-0.43605624846295626,0.8999194120455523,0.2236968796769947,-0.9746587638875343,0.9936444947483819,0.11256383991421444,0.6661216705999684,0.7458430933896936,-0.3564806492716725,-0.9343027061369601,-0.9834385354807285,0.1812419568740085,0.6398273373051481,-0.7685186910134354,-0.9403506502931328,-0.3402067819625033,-0.8185984308446063,0.574366267305757,0.4613207846467808,-0.8872334155411858,1,0,0,0,99,3
1701614640,12,3,6,1364,019.2,0.0,086,0,0,0,0,0,0,1,0.5216538773689684,0.8531572142494731,-0.27096382207826836,-0.9625895320045489,0.9906032333897737,-0.13676707936387883,0.7539121564757657,0.6569752356961871,-0.4141405343019522,-0.9102129519228418,-0.9772954906073296,0.2118809194773779,0.6277416190291282,-0.7784217749643756,-0.9429797916616176,-0.3328499850049752,-0.8163485729163049,0.5775595272329186,0.45958702808449753,-0.8881327398629437,1,0,0,0,99,2
1701614700,12,3,6,1365,019.2,0.0,086,0,0,0,0,0,0,1,0.999757834077975,0.0220062082085053,-0.6992831299951024,-0.7148448112032798,0.9259710608877795,-0.37759448406771,0.8299380953022069,0.5578554991806973,-0.47018320940847236,-0.8825688356102025,-0.9701981332723235,0.2423129839585546,0.6155026466399008,-0.7881348184030936,-0.9455513784039167,-0.3254728725999345,-0.8140862585131672,0.5807439743122892,0.45785151833739224,-0.8890286762282443,1,0,0,0,99,2
1701614760,12,3,6,1366,019.1,0.0,086,0,0,0,0,0,0,1,0.5586890487551656,-0.8293772041725335,-0.9563935393373727,-0.29208114953507913,0.803766492687733,-0.594944892601374,0.8930131277314388,0.45003061418009443,-0.5243898291442662,-0.8514783068816535,-0.962153393924704,0.2725084339230132,0.6031134081070436,-0.7976554500293386,-0.9480652535636296,-0.3180758950082994,-0.8118115221553275,0.5839195599531243,0.45611426202590716,-0.8899212212193629,1,0,0,0,99,1
1701614820,12,3,6,1367,019.1,0.0,086,0,0,0,0,0,0,1,-0.39603587146658814,-0.9182350399062867,-0.9793454548590826,0.20219416422552014,0.6315876169521059,-0.7753045092818435,0.942152988978394,0.3351831519618465,-0.5765487178192982,-0.8170627735865361,-0.9531691281159226,0.3024377840262885,0.5905769280854576,-0.8069813455174439,-0.9505212637067737,-0.3106595037034567,-0.8095243985524638,0.5870862356998942,0.454375265777147,-0.8908103714315113,1,0,0,0,99,2
1701614880,12,3,6,1368,019.1,0.0,086,0,0,0,0,0,0,1,-0.986647237874957,-0.16287181460804662,-0.7625194471644794,0.6469652948157085,0.42013968223930687,-0.907459446701534,0.9765908679435658,0.21510526876214117,-0.6264561960895026,-0.7794566276458689,-0.943254108829076,0.33207180876591375,0.5778962671769416,-0.8161102280837784,-0.9529192589311485,-0.3032241513437061,-0.8072249226032686,0.5902439532330229,0.45263453622485383,-0.8916961234728519,1,0,0,0,99,1
1701614940,12,3,6,1369,019.1,0.0,086,0,0,0,0,0,0,1,-0.6701396839379524,0.7422350059189753,-0.3590020850085865,0.9333367575315394,0.18256949699834932,-0.9831929509337268,0.9957893730437494,0.09167073978722218,-0.6739173763202645,-0.7388067202547708,-0.9324180179122373,0.36138157101962826,0.5650745211829904,-0.8250398690425901,-0.9552590928754853,-0.29577029174463243,-0.8049131293949157,0.5933926643696261,0.45089208000938197,-0.8925784739645097,1,0,0,0,99,1
1701615000,12,3,6,1370,019.1,0.0,086,0,0,0,0,0,0,1,0.262491204904113,0.964934384996196,0.13241150819283803,0.9911948307462555,-0.06635197530497698,-0.9977962794945308,0.9994489180279628,-0.033194280422003807,-0.718746923618461,-0.6952717884316881,-0.9206714366242954,0.39033845030198594,0.5521148203489986,-0.8337680883501076,-0.95754062272838,-0.288298379851407,-0.8025890542025249,0.5965323210642458,0.4491479037776722,-0.8934574195405861,1,0,0,0,99,0
1701615060,12,3,6,1371,019.1,0.0,086,0,0,0,0,0,0,1,0.9537888904975496,0.30047754053082465,0.5914061461758642,0.8063738402660471,-0.3111480031544096,-0.9503614681441075,0.9875123969206937,-0.1575413149873589,-0.7607697795612544,-0.6490218351537339,-0.9080258353025353,0.41891417071177367,0.5390203286000568,-0.8422927551367677,-0.9597637092370099,-0.28080887171102015,-0.8002527324886245,0.5996628754095837,0.44740201418322667,-0.8943329568481706,1,0,0,0,99,0
1701615120,12,3,6,1372,019.1,0.0,086,0,0,0,0,0,0,1,0.7681774687903683,-0.640236968975412,0.9056039335646163,0.42412441041785603,-0.5365983551885637,-0.8438377837054513,0.9601660751415484,-0.2794299700233931,-0.799821845795485,-0.6002374654987004,-0.8944935621620483,0.44708082854294906,0.5257942427685239,-0.8506117882274349,-0.9619282167156328,-0.2733022244444464,-0.7979041999026094,0.6027842796372321,0.4456544178860835,-0.8952050825473546,1,0,0,0,99,0
1701615180,12,3,6,1373,019.1,0.0,087,0,0,0,0,0,0,1,-0.12369277509077573,-0.9923205618097122,0.9980782939754056,-0.06196546695655508,-0.7286856204689904,-0.6848483529378766,0.9178366828956763,-0.396958213834985,-0.8357506248382304,-0.5491091813860951,-0.8800878312379098,0.47481091953213594,0.5124397918135671,-0.858723156649492,-0.9640340130538684,-0.26577889621874423,-0.7955434922801972,0.6058964861184029,0.4439051215527915,-0.8960737933112437,1,0,0,0,99,0
1701615240,12,3,6,1374,019.1,0.0,087,0,0,0,0,0,0,1,-0.901840451991919,-0.43206920643689867,0.8461882788236016,-0.5328840368987897,-0.8754667432001029,-0.4832783685937176,0.8611847561916425,-0.5082920574857935,-0.8684158155762116,-0.49583663767122255,-0.864822709481898,0.5020773657160704,0.49896023603285744,-0.866624880128672,-0.9660809697247618,-0.25823934621909184,-0.7931706456428818,0.6089994473646541,0.4421541318563844,-0.8969390858259702,1,0,0,0,99,0
1701615300,12,3,6,1375,019.1,0.0,087,0,0,0,0,0,0,1,-0.8508401763820226,0.5254245847447649,0.48712186116783707,-0.8733340096276925,-0.9678155840932953,-0.2516604760111404,0.7910943293979361,-0.6116941735822157,-0.8976898611386384,-0.4406278624972463,-0.8487131030263543,0.528853541872773,0.4853588662666146,-0.8743150295725143,-0.9680689617926282,-0.25068403462076094,-0.7907856961973835,0.612093116028615,0.4404014554763557,-0.8978009567907062,1,0,0,0,99,0
1701615360,12,3,6,1376,019.1,0.0,087,0,0,0,0,0,0,1,-0.017581366457004095,0.9998454358317113,0.008791022929352243,-0.9999613582113339,-0.9999903395061709,-0.004395553927897717,0.7086591401823227,-0.7055510066862999,-0.9234584470040598,-0.38369844494974187,-0.8317747426285983,0.5551133015206257,0.47163900309419615,-0.8817917275413242,-0.9699978679206785,-0.24311342256103,-0.7883886803350966,0.6151774449047079,0.4386470990986331,-0.898659402917676,1,0,0,0,99,0
1701615420,12,3,6,1377,019.1,0.0,087,0,0,0,0,0,0,1,0.8318416707079584,0.5550130042384525,-0.47169216431988115,-0.8817632914332657,-0.9699905389830525,0.24314266240906215,0.6151655621013492,-0.7883979523086873,-0.9456209473961242,-0.3252706931859315,-0.8140241683101097,0.5808310024499675,0.4578039960234251,-0.8890531487065235,-0.9718675703784244,-0.23552797211103876,-0.7859796346315338,0.6182523869298692,0.4368910694155529,-0.8995144209321686,1,0,0,0,99,0
1701615480,12,3,6,1378,019.1,0.0,087,0,0,0,0,0,0,1,0.9164733120584355,-0.4000958238780323,-0.8366886589042642,-0.5476788183424514,-0.8796814248187952,0.47556344563977404,0.5120725311712326,-0.8589422115718187,-0.9640908182250827,-0.2655727663260874,-0.7954787132054784,0.6059815317622776,0.4438572226728559,-0.8960975202962782,-0.9736779550488648,-0.22792814624758584,-0.7835585958457688,0.6213178951842664,0.4351333731258346,-0.90036600757255,1,0,0,0,99,0
1701615540,12,3,6,1379,019.1,0.0,087,0,0,0,0,0,0,1,0.15850361683560935,-0.9873583966574804,-0.9968345892517676,-0.07950346955485539,-0.7346779803270462,0.6784159971747219,0.40098877965928054,-0.9160829649040315,-0.9787959350406068,-0.20483778349704984,-0.7761564866368926,0.6305403303924937,0.42980208794717734,-0.9029231225282952,-0.9754289114354503,-0.22031440882487097,-0.7811256009198748,0.6243739228920155,0.43337401693455535,-0.9012141595902762,1,0,0,0,99,2
1701615660,12,3,6,1381,019.0,0.0,087,0,0,0,0,0,0,1,-0.9637632281627969,0.26675914237608567,-0.6054918899638188,0.7958514755832541,-0.31949062929665556,0.9475894352469465,0.1618804570555901,-0.9868103757173783,-0.9966971394855556,-0.08120844870646692,-0.7352579304932613,0.6777874118385252,0.4013804854259078,-0.9159114072437697,-0.9787521155133637,-0.2050470589355408,-0.7762238913276056,0.6304573502880505,0.4298503516992568,-0.9029001468291082,1,0,0,0,99,1
1701615720,12,3,6,1382,019.0,0.0,087,0,0,0,0,0,0,1,-0.2962534162455665,0.9551093724609926,-0.1498176016678404,0.9887136522929661,-0.07512106131782845,0.9971744211252528,0.03758709136623356,-0.9992933556081649,-0.9998233232947121,-0.01879686665158652,-0.7137215376642303,0.7004295586811045,0.38702095635694944,-0.9220709188237921,-0.980324160373443,-0.19739437830927187,-0.773755251455288,0.6334846571507191,0.4280860560969494,-0.9037379756186854,1,0,0,0,99,0
1701615780,12,3,6,1383,019.0,0.0,087,0,0,0,0,0,0,1,0.6436304203252101,0.7653364502178067,0.3425372605879492,0.9395042443272427,0.17391917041079355,0.9847599312338116,-0.08729280831256489,-0.996182696907001,-0.9990452184228202,0.043688116765311646,-0.6914882078657193,0.7223877479461123,0.37256694167215626,-0.928005320013337,-0.9818363712995504,-0.18972964974755915,-0.7712748050298153,0.636502297816921,0.4263201274764534,-0.904572356922574,1,0,0,0,99,0
1701615840,12,3,6,1384,019.0,0.0,087,0,0,0,0,0,0,1,0.9917634167027485,-0.1280832748257572,0.7510270550472058,0.6602714309941945,0.412145950487085,0.911117838425468,-0.2108105329134813,-0.9775269404025313,-0.9943658633527529,0.10600249902117563,-0.6685796515669709,0.7436405378343678,0.3580219701119138,-0.9337131620134654,-0.983288655994125,-0.18205334106592852,-0.7687825898997481,0.6395102262411726,0.4245525725742499,-0.9054032875578629,1,0,0,0,99,1
1701615900,12,3,6,1385,019.0,0.0,087,0,0,0,0,0,0,1,0.4280737015151094,-0.9037438276808053,0.9756392334466684,0.21938114358257266,0.6247474915585606,0.7808268513513648,-0.3310386296556908,-0.943617202935429,-0.9858035308659198,0.16790294378683643,-0.6450182385844464,0.7641671753572108,0.3433895926224244,-0.9391930513364147,-0.9846809258171946,-0.1743659207866968,-0.766278644093223,0.6425083965261867,0.42278339813302346,-0.9062307643548045,1,0,0,0,99,2
1701615960,12,3,6,1386,019.0,0.0,087,0,0,0,0,0,0,1,-0.5291850006825017,-0.8485064731943184,0.9613809008905675,-0.2752212989629269,0.798505259520226,0.601987832533629,-0.44610097930085907,-0.8949826346174625,-0.9733916566874463,0.22914773115016593,-0.6208269762380796,0.783947616601443,0.3286733814887943,-0.9444436501457996,-0.986013095791785,-0.16666785811037535,-0.7637630058173724,0.6454967629235737,0.42101261090163694,-0.9070547841568264,1,0,0,0,99,2
1701616020,12,3,6,1387,019.0,0.0,087,0,0,0,0,0,0,1,-0.999913453714287,-0.01315618034106097,0.7117429944653691,-0.7024399688439358,0.9226158379422976,0.3857201259696363,-0.5542020723663724,-0.8323821616209818,-0.9571787089203828,0.2894977015271609,-0.5960294868850194,0.8029625463018686,0.3138769294629118,-0.9494636765832247,-0.9872850846091074,-0.15895962288703272,-0.7612357134577412,0.648475279834539,0.4192402176351054,-0.9078753438205431,1,0,0,0,99,2
1701616080,12,3,6,1388,019.0,0.0,087,0,0,0,0,0,0,1,-0.5513260887383075,0.8342898440449338,0.2878455800903205,-0.9576768359015827,0.9893626321783087,0.14547021017792156,-0.6536550274502899,-0.7567926433898262,-0.9372279987787994,0.34871718957500053,-0.570649984852799,0.8211933967023238,0.29900384888632797,-0.9542519050812327,-0.9884968146335203,-0.1512416855876172,-0.7586968055777015,0.6514439018105791,0.4174662250945703,-0.9086924402157693,1,0,0,0,99,2
1701616140,12,3,6,1389,019.0,0.0,087,0,0,0,0,0,0,1,0.40414793965314666,0.9146936333407577,-0.20652647125640125,-0.9784410133832181,0.9945956498455084,-0.10382433870914339,-0.742907914451429,-0.6693936290744246,-0.9136174333588498,0.4065749444601668,-0.5447132527944557,0.8386223656867753,0.28405777080835576,-0.9588071666625086,-0.9896482119072687,-0.1435145172752418,-0.7561463209178637,0.6544025835541751,0.4156906400472742,-0.9095060702255304,1,0,0,0,99,0
1701616200,12,3,6,1390,019.0,0.0,087,0,0,0,0,0,0,1,0.9880502161512134,0.1541323144689025,-0.6503336395770626,-0.7596487064653314,0.9379895272510593,-0.34666359308028627,-0.8205679719195377,-0.5715489510618114,-0.8864392114132281,0.46284503288800055,-0.5182446174886911,0.8552324341627837,0.26904234409960104,-0.9631283492252691,-0.9907392061549974,-0.13577858957643307,-0.7535842983954858,0.6573512799194837,0.41391346926653416,-0.9103162307460754,1,0,0,0,99,0
1701616260,12,3,6,1391,019.0,0.0,087,0,0,0,0,0,0,1,0.6635436805468822,-0.7481375435080753,-0.9349164517506565,-0.3548679025298884,0.823063758930585,-0.567948984271524,-0.8854233406319048,-0.4647854428273739,-0.8557994633170126,0.5173077213673821,-0.49126992510870127,0.87100738268036,0.2539612345611432,-0.9672143978147658,-0.9917697307880408,-0.12803437465234527,-0.7510107771038793,0.6602899459130265,0.4121347195317167,-0.9111229186868879,1,0,0,0,99,1
1701616320,12,3,6,1392,019.1,0.0,087,0,0,0,0,0,0,1,-0.2710218548637878,-0.96257319419678,-0.9905991101845337,0.1367969403956463,0.6569638725243397,-0.7539220584369601,-0.9364619742512132,-0.3507691132091307,-0.8218178366308225,0.5697503342653119,-0.4638155159838274,0.8859318072699817,0.23881812402958275,-0.9710643148808378,-0.9927397229084867,-0.1202823451699422,-0.7484257963118128,0.6632185366943757,0.41035439762821135,-0.9119261309706986,1,0,0,0,99,2
1701616380,12,3,6,1393,019.1,0.0,087,0,0,0,0,0,0,1,-0.956411146794012,-0.2920234892746865,-0.8037485580934769,0.5949691213522402,0.4500171544773376,-0.8930199105709347,-0.9728874319701469,-0.23127914889702592,-0.7846270288796537,0.6199680843007058,-0.4359081988786711,0.8999911344843087,0.22361670947817314,-0.9746771605214489,-0.9936491233130156,-0.11252297427314804,-0.7458293954629128,0.6661370075768392,0.40857251034740505,-0.912725864533497,1,0,0,0,99,3
1701616500,12,3,6,1395,019.1,0.0,087,0,0,0,0,0,0,1,0.1324712658066232,0.9911868460263136,0.06638205319846043,0.9977942789038012,-0.03320934428891003,-0.9994484176043807,-0.9998620948921858,0.016606962329385515,-0.701210752081931,0.7129540526322105,-0.3788442604605417,0.9254604401680848,0.19305382647323416,-0.9811881675214201,-0.9952859306554624,-0.09698410302358805,-0.7406024922397939,0.6719434116711064,0.40500406684926854,-0.9143148833063767,1,0,0,0,99,3
1701616560,12,3,6,1396,019.1,0.0,087,0,0,0,0,0,0,1,0.9056295018309847,0.4240698119571381,0.5366237918890951,0.8438216079116303,-0.27944444178438205,-0.9601618634146094,-0.9899903695023021,0.14113492938566014,-0.6553110218111473,0.755359162711905,-0.3497433611150432,0.9368455482927549,0.17769981950925717,-0.9840847393118021,-0.9960132376910966,-0.08920555108343296,-0.7379720696216873,0.6748312562843274,0.4032175242444657,-0.9151041624548343,1,0,0,0,99,1
1701616620,12,3,6,1397,019.1,0.0,087,0,0,0,0,0,0,1,0.8461561503963683,-0.5329350515272933,0.8754813109162563,0.4832519779952829,-0.5083050373568597,-0.8611770950261284,-0.9646701755071856,0.26346053307267064,-0.6068523160239768,0.7948146114260453,-0.32030094331265613,0.9473158426380415,0.16230242968292016,-0.9867410609268374,-0.9966797532123439,-0.08142155449622213,-0.7353303864577548,0.6777088038028494,0.4014294434873647,-0.9158899507590552,1,0,0,0,99,1
1701616680,12,3,6,1398,019.1,0.0,087,0,0,0,0,0,0,1,0.00873073653634763,-0.999961886393443,0.999990471552965,0.0043654098637504885,-0.7055616876419274,-0.7086485059123989,-0.9242966260655718,0.3816749232577385,-0.5560238649294927,0.8311663260917572,-0.29054575707471864,0.9568610991392004,0.1468654160461197,-0.989156483863701,-0.9972854365385321,-0.07363258835698702,-0.7326774830568314,0.6805760103188376,0.39963983139895004,-0.9166722452214962,1,0,0,0,99,3
1701616740,12,3,6,1399,019.1,0.0,086,0,0,0,0,0,0,1,-0.8367216762313365,-0.5476283744699707,0.8796670888665696,-0.4755899628514196,-0.8589499295219191,-0.5120595849842967,-0.869499736913214,0.49393340391985197,-0.5030241525414799,0.864272354041205,-0.2605068578356384,0.9654719970152436,0.13139254732433728,-0.9913304184315247,-0.9978302507018728,-0.06583912806407498,-0.7300133998989591,0.6834328320822483,0.39784869480604795,-0.9174510428579413,1,0,0,0,99,3
1701616860,12,3,6,1401,019.1,0.0,086,0,0,0,0,0,0,1,-0.14975799312818222,0.9887226828055576,0.07509100210558642,-0.9971766851480127,-0.999293922013942,-0.03757202983595189,-0.7202680160315159,0.6936958880388611,-0.39134646539935614,0.9202434156349235,-0.19969549865367087,0.9798580039053933,0.10035436237305956,-0.994951758605761,-0.9987371422465876,-0.050240627953076634,-0.7246518570848614,0.6891151471441197,0.3942618754431376,-0.9189981357826902,1,0,0,0,99,1
1701616920,12,3,6,1402,019.1,0.0,086,0,0,0,0,0,0,1,0.7510668605929561,0.6602261513444018,-0.41217341535790386,-0.9111054141383427,-0.9775237629179003,0.21082526634829296,-0.6281618953946932,0.7780826647433718,-0.3331045896236106,0.9428898834814625,-0.16898241997103944,0.985619065227906,0.08479662367127003,-0.9963982801139075,-0.999099164275976,-0.042436540187039476,-0.7219544792391829,0.6919405537374438,0.3924662063557551,-0.9197664251693045,1,0,0,0,99,0
1701616980,12,3,6,1403,019.1,0.0,086,0,0,0,0,0,0,1,0.9613643064072199,-0.2752792588739023,-0.7985234056913743,-0.6019637618354188,-0.894975910803028,0.4461144685865844,-0.526253518474421,0.8503277217010464,-0.2735619475538892,0.9618543865110369,-0.13810433282298404,0.990417686259448,0.06921818308996544,-0.9976015452723217,-0.9994002064419243,-0.0346298623133153,-0.7192460852564008,0.6947554021692399,0.3906690401290842,-0.9205312059265671,1,0,0,0,99,0
1701617040,12,3,6,1404,019.1,0.0,086,0,0,0,0,0,0,1,0.2877878424693353,-0.9576941879988857,-0.9893670168342196,-0.14544038641504342,-0.7567827912998033,0.6536664338884767,-0.41613313140840114,0.9093036989610448,-0.2129510519332497,0.9770628687451604,-0.10709138913759518,0.994249181228016,0.053622843881987556,-0.9985612603210722,-0.9996402503703701,-0.026821070811284417,-0.7165267164632748,0.6975596494883844,0.38887038361876797,-0.9212924751370719,1,0,0,0,99,0
1701617100,12,3,6,1405,019.1,0.0,086,0,0,0,0,0,0,1,-0.6503794366332223,-0.759609497310725,-0.9379790768750454,0.3466918680105397,-0.57153658325144,0.8205765863131057,-0.2995191260060818,0.954090296123251,-0.15150858701200562,0.988455941386173,-0.07597387252808355,0.9971098087437945,0.03801441342573542,-0.9992771909594941,-0.9998192814102692,-0.019010642289332115,-0.7137964143540272,0.7003532529055134,0.38707024368613424,-0.9220502298968081,1,0,0,0,99,1
1701617160,12,3,6,1406,019.1,0.0,086,0,0,0,0,0,0,1,-0.9905908610736387,0.1368566620862393,-0.6569411457329191,0.7539418618455402,-0.3507549986489571,0.9364672609988937,-0.17823122481920262,0.9839886333182142,-0.08947448430079347,0.9959891147292259,-0.04478216872134558,0.9989967754525602,0.022396702295648618,-0.9997491624033901,-0.9999372886344898,-0.011199053455758941,-0.7110552205897088,0.7031361697936755,0.3852686271981697,-0.9228044673151717,1,0,0,0,99,0
1701617220,12,3,6,1407,019.2,0.0,086,0,0,0,0,0,0,1,-0.42005761618676374,0.9074974375079489,-0.21506111049193805,0.9766005932590736,-0.10816516708470997,0.9941329371012394,-0.05416208497999601,0.9985321569937644,-0.027090985643158427,0.9996329718936257,-0.013546735886816838,0.9999082387633441,0.006773523331910133,-0.9999770594277011,-0.9999942648404793,-0.0033867810896848777,-0.708303176997564,0.7059083576889833,0.3834655410274936,-0.9235551845149761,1,0,0,0,99,0
1701617280,12,3,6,1408,019.2,0.0,086,0,0,0,0,0,0,1,0.5366746638272738,0.8437892540237063,0.279473385115912,0.960153439306371,0.14114985067939137,0.9899882421792622,0.07075223608034517,0.9974939203271522,0.03539830273366068,0.9993732836951247,0.017701925105413577,0.9998433086476912,-0.008851309290403876,-0.9999608263946371,-0.9999902065507035,0.004425697988050785,-0.7055403255703919,0.70866977429126,0.3816609920523317,-0.9243023786324636,1,0,0,0,99,0
1701617340,12,3,6,1409,019.2,0.0,086,0,0,0,0,0,0,1,0.9999907329205332,0.004305121723583112,0.7055830490723317,0.7086272368896016,0.38168885437643996,0.9242908732887071,0.19456249216035051,0.9808901246543129,0.09774936149583555,0.9952110642105806,0.04893330046818505,0.9988020485087574,-0.024473980992500227,-0.9997004672672604,-0.9999251140128596,0.012237906943992148,-0.7027667084659062,0.7114203774646858,0.37985498715648985,-0.9250460468173154,1,0,0,0,99,1
1701617400,12,3,6,1410,019.2,0.0,086,0,0,0,0,0,0,1,0.5439199338601965,-0.8391371196351163,0.9589413745467228,0.2836043726433742,0.5984962937882848,0.8011255746271536,0.3153366656233036,0.9489798666534379,0.15971871109322489,0.9871625668180084,0.0801168932934608,0.9967854751193981,-0.040090677723143425,-0.9991960456085177,-0.9997989911998606,0.02004936896117015,-0.6999823680060913,0.7141601252384405,0.3780475332293278,-0.9257861862326637,1,0,0,0,99,0
1701617460,12,3,6,1411,019.2,0.0,086,0,0,0,0,0,0,1,-0.4122283439759128,-0.9110805630803879,0.9775174072824452,-0.2108547330742331,0.7780921324220651,0.6281501679239475,0.4311901158862831,0.9022610952279688,0.22106436254180728,0.9752592207274866,0.11122225333204101,0.993795557629306,-0.055697586889801545,-0.9984476845657227,-0.999611845809593,0.027859607268205022,-0.6971873466765569,0.7168889758073439,0.37623863716573297,-0.9265227940551014,1,0,0,0,99,0
1701617520,12,3,6,1412,019.3,0.0,086,0,0,0,0,0,0,1,-0.9893757834489771,-0.14538073849283703,0.7567630866040035,-0.6536892463193665,0.9093099708898409,0.4161194261751267,0.5403149886061247,0.8414628411805024,0.2815467623854851,0.9595475082507646,0.14221900672771448,0.9898352156421706,-0.07129089828943605,-0.9974555668404911,-0.9993636892644466,0.03566814516840596,-0.6943816871258898,0.7196068875324937,0.3744283058660939,-0.9272558674746938,1,0,0,0,99,0
1701617580,12,3,6,1413,019.3,0.0,086,0,0,0,0,0,0,1,-0.6568956903592464,0.7539814666074021,0.3507267692895696,-0.9364778338560401,0.9839913195389581,0.17821639394842426,0.6410084266417938,0.7675338409309469,0.3409297281472042,0.9400887832888304,0.17307688567681365,0.9849083163647341,-0.08686680503870821,-0.9962199346441363,-0.9990545367106183,0.04347450606886622,-0.6915654321650027,0.7223138189419008,0.3726165462362743,-0.9279854036949883,1,0,0,0,99,0
1701617640,12,3,6,1414,019.3,0.0,085,0,0,0,0,0,0,1,0.2795312710170884,0.9601365884724793,-0.1411796931706552,-0.9899839868584944,0.9974928538236488,-0.07076727047691461,0.7316991425705358,0.6816277318020025,0.3989813706164722,0.9169590317462396,0.20376575798421134,0.9790196708305302,-0.10242150450337505,-0.9947410896385376,-0.9986844070171862,0.05127821350955192,-0.6887386247664814,0.7250097287311226,0.3708033651875866,-0.9287113999330262,1,0,0,0,99,1
1701617700,12,3,6,1415,019.3,0.0,085,0,0,0,0,0,0,1,0.958958470944816,0.2835465587926973,-0.5985204429287703,-0.8011075329794051,0.9489751137357094,-0.31535096877970337,0.8109719381025781,0.5850850498945844,0.45547499937176333,0.8902485748077849,0.23425565648689797,0.9721750292019912,-0.11795119922664796,-0.9930193928624937,-0.9982533227749592,0.05907879119238266,-0.6859013080639289,0.7276945757638924,0.36898876963676525,-0.9294338534193524,1,0,0,0,99,2
1701617760,12,3,6,1416,019.3,0.0,085,0,0,0,0,0,0,1,0.7567236751494507,-0.6537348693991385,-0.9093225141277265,-0.41609201542499075,0.8414546973619527,-0.540327671221366,0.8775897877771157,0.47941231147032193,0.5101900080017631,0.8600617162362019,0.2645168083164075,0.9643810751555119,-0.13345209785628734,-0.9910552646435797,-0.9977613102950975,0.06687576301030233,-0.6830535253513071,0.7303683190727478,0.3671727665059408,-0.9301527613980265,1,0,0,0,99,3
1701617820,12,3,6,1417,019.3,0.0,085,0,0,0,0,0,0,1,-0.14123937776829337,-0.9899754735182207,-0.9974907201368394,0.07079733922182135,0.6816167034258251,-0.7317094161010304,0.9305131423308943,0.3662585042691635,0.5629127355686832,0.8265163350682077,0.29451966397151846,0.955645419354953,-0.1489204160702069,-0.9888491844955308,-0.9972083996075071,0.07466865307633827,-0.6801953200822767,0.7330309178596556,0.36535536272261315,-0.930868121126633,1,0,0,0,99,3
1701617880,12,3,6,1418,019.3,0.0,086,0,0,0,0,0,0,1,-0.9093475981246311,-0.4160371927904578,-0.8414384091513941,0.5403530360836063,0.4793990842275326,-0.8775970134644963,0.9689161505167762,0.24738935560721262,0.6134373009496519,0.7897434252993856,0.3242349261728403,0.9459765920199573,-0.1643523775003615,-0.9864016910011756,-0.9965946244590063,0.08245698575264687,-0.6773267358695333,0.7356823314966341,0.3635365652196254,-0.931579929876292,1,0,0,0,99,0
1701617940,12,3,6,1419,019.3,0.0,086,0,0,0,0,0,0,1,-0.8414058304364919,0.5404037643350365,-0.4793726294152408,0.8776114642411631,0.24737475190370273,-0.9689198791027984,0.9921995462362393,0.12465977879252307,0.661566406798092,0.7498865843554354,0.35363357847110943,0.935384034596335,-0.17974421465469337,-0.9837133816809486,-0.9959200223112669,0.09024028567954412,-0.6744478164841428,0.7383225195263734,0.3617163809351372,-0.9322881849316694,1,0,0,0,99,0
1701618000,12,3,6,1420,019.3,0.0,086,0,0,0,0,0,0,1,0.00012057741316403747,0.9999999927305437,6.0288706691585265e-05,0.999999998182636,-3.014435335948845e-05,-0.999999999545659,0.9999999998864147,-1.50721766814562e-05,0.7071121099856378,0.7071014523472988,0.3826869135812598,0.9238780905366516,-0.1950921698369112,-0.9807849128470145,-0.9951846343385268,0.09801807780451909,-0.6715586058548728,0.7409514416628525,0.3598948168125984,-0.9329928835909876,1,0,0,0,99,0
1701618060,12,3,6,1421,019.2,0.0,086,0,0,0,0,0,0,1,0.8415361269452281,0.540200839545835,0.4794784460505837,0.8775536563498083,-0.24743316638053162,-0.9689049634380579,0.9921957879970207,-0.12468968794960988,0.7498965555160291,0.6615551042998573,0.4113665614145994,0.9114699952000223,-0.21039249606387786,-0.9776169994430391,-0.9943885054250776,0.10578988741122869,-0.668659148067523,0.743569057791954,0.35807187980072236,-0.9336940231660353,1,0,0,0,99,0
1701618120,12,3,6,1422,019.2,0.0,086,0,0,0,0,0,0,1,0.9092472423065365,-0.4162564742535045,0.8415035574058807,0.5402515736888212,-0.4794519925452281,-0.8775681095188057,0.968908692684405,-0.24741856284563038,0.7897526710450653,0.6134253977275352,0.43964451678172034,0.8981718648809746,-0.2256414579803825,-0.9742104148696458,-0.9935316841625248,0.11355524014847192,-0.6657494873642518,0.7461753279720765,0.3562475768534598,-0.9343916009821783,1,0,0,0,99,2
1701618180,12,3,6,1423,019.2,0.0,086,0,0,0,0,0,0,1,0.1410006362997096,-0.9900095052892558,0.9974992494456464,0.07067706385647396,-0.6816608160014502,-0.731668320981739,0.9305021012823504,-0.3662865538197253,0.8265248192945344,0.5629002781045124,0.4674931667390913,0.883996684978092,-0.24083533277107402,-0.9705659907956007,-0.992614222846822,0.12131366205914178,-0.6628296681429017,0.7487702124347435,0.35442191492997194,-0.9350856143783689,1,0,0,0,99,2
1701618240,12,3,6,1424,019.2,0.0,086,0,0,0,0,0,0,1,-0.7568813044633205,-0.6535523628248179,0.9092723362185879,-0.4162016561567134,-0.8414872714892108,-0.5402769400239504,0.8775753358042688,-0.4794387656291727,0.8600694058124533,0.5101770449416689,0.4948853175526281,0.8689582973139933,-0.25597041106933305,-0.9666846169547733,-0.9916361774750792,0.12906467960915324,-0.6598997349563215,0.7513536715852107,0.3525949009946041,-0.9357760607071574,1,0,0,0,99,2
1701618300,12,3,6,1425,019.2,0.0,087,0,0,0,0,0,0,1,-0.9588900644397448,0.2837778080096155,0.5984238431038592,-0.8011796952025231,-0.9489941241131378,-0.3152937557243062,0.8109543007236308,-0.5851094958534231,0.8902554397063304,0.45546158133621817,0.5217942212519135,0.8530713866190268,-0.2710429978628605,-0.96256724092892,-0.9905976077421447,0.13680781971634529,-0.656959732511687,0.75392566600307,0.35076654201685914,-0.9364629373347004,1,0,0,0,99,0
1701618360,12,3,6,1426,019.2,0.0,087,0,0,0,0,0,0,1,-0.27929972131836583,0.9602039708684208,0.14106032243614638,-0.9900010027440429,-0.9974971184780542,-0.07070713279421359,0.7316785950108878,-0.6816497880898176,0.9169650451597972,0.39896755000261763,0.5481936017491368,0.8363514661918808,-0.28604941339576206,-0.958214867916346,-0.9894985770369622,0.14454260977935537,-0.6540097056698183,0.756486156442851,0.34893684497137084,-0.9371462416407726,1,0,0,0,99,0
1701618420,12,3,6,1427,019.2,0.0,087,0,0,0,0,0,0,1,0.6570774975264609,0.7538230311182882,-0.3508396848146685,-0.9364355373217871,-0.9839805733147853,0.17827571718859095,0.6409852895392409,-0.767553163366744,0.9400939217351487,0.3409155589242416,0.5740576804972469,0.818814862751111,-0.3009859940669075,-0.9536285604865007,-0.9883391524387013,0.15226857770646463,-0.6510496994444953,0.75903510383462,0.3471058168378773,-0.937825971018776,1,0,0,0,99,0
1701618480,12,3,6,1428,019.2,0.0,087,0,0,0,0,0,0,1,0.9893406954135933,-0.14561932700897776,-0.7568419012610816,-0.6535979930320404,-0.9092848819352602,0.4161742465410129,0.540289623007414,-0.8414791282441333,0.9595517516643209,0.281532299883927,0.5993612016622668,0.8004787004923762,-0.3158490933243467,-0.9488094383205661,-0.9871194047126635,0.15998525194441188,-0.6480797590017714,0.7615724692845757,0.3452734646011943,-0.9385021228757492,1,0,0,0,99,0
1701618540,12,3,6,1429,019.2,0.0,087,0,0,0,0,0,0,1,0.41200862051584575,-0.9111799474421229,-0.9775428244946927,-0.2107368650211409,-0.7780542606467562,0.6281970769507206,0.43116291761309866,-0.9022740927652529,0.9752625525378417,0.2210496632374126,0.6240794567851866,0.7813608843669526,-0.33063508255556256,-0.9437586779381032,-0.9858394083059632,0.16769216150717486,-0.6450999296592835,0.7640982140756432,0.3434397952511887,-0.9391746946323786,1,0,0,0,99,2
1701618600,12,3,6,1430,019.2,0.0,087,0,0,0,0,0,0,1,-0.5441222800090677,-0.8390059263186009,-0.9589071712941251,0.2837199972520434,-0.5984479938758073,0.801161655738729,0.3153080590956018,-0.9489893718421532,0.9871649740145142,0.1597038323864628,0.6481883089093543,0.7614800825978519,-0.34534035197334534,-0.9384775124098211,-0.9844992413429837,0.17538883600471677,-0.6421102568855613,0.7666122996680645,0.3416048157827517,-0.9398436837230073,1,0,0,0,99,3
1701619260,12,4,0,1,019.2,0.0,088,1,0,0,0,0,0,0,0.8414709848078965,0.5403023058681398,0.479425538604203,0.8775825618903728,0.24740395925452294,0.9689124217106447,0.12467473338522769,0.992197667229329,0.0624593178423802,0.9980475107000991,0.03124491398532608,0.9995117584851364,0.015624364224883372,0.9998779321710066,0.0078124205273828315,0.9999694825770951,0.0039062400659001166,0.99999237061517,0.001953123758236804,0.9999980926519735,1,0,0,0,99,1
1701619320,12,4,0,2,019.2,0.0,088,1,0,0,0,0,0,0,0.9092974268256817,-0.4161468365471424,0.8414709848078965,0.5403023058681398,0.479425538604203,0.8775825618903728,0.24740395925452294,0.9689124217106447,0.12467473338522769,0.992197667229329,0.0624593178423802,0.9980475107000991,0.03124491398532608,0.9995117584851364,0.015624364224883372,0.9998779321710066,0.0078124205273828315,0.9999694825770951,0.0039062400659001166,0.99999237061517,1,0,0,0,99,1
1701619380,12,4,0,3,019.2,0.0,088,1,0,0,0,0,0,0,0.1411200080598672,-0.9899924966004454,0.9974949866040544,0.0707372016677029,0.6816387600233341,0.7316888688738209,0.36627252908604757,0.9305076219123143,0.18640329676226988,0.9824733131012553,0.09361273123551289,0.9956086864580017,0.04685783574813424,0.9989015683384429,0.02343535429172257,0.9997253543694995,0.011718481780940232,0.9999313362350186,0.005859341472444868,0.9999828339114173,1,0,0,0,99,4
1701619440,12,4,0,4,019.2,0.0,088,1,0,0,0,0,0,0,-0.7568024953079283,-0.6536436208636119,0.9092974268256817,-0.4161468365471424,0.8414709848078965,0.5403023058681398,0.479425538604203,0.8775825618903728,0.24740395925452294,0.9689124217106447,0.12467473338522769,0.992197667229329,0.0624593178423802,0.9980475107000991,0.03124491398532608,0.9995117584851364,0.015624364224883372,0.9998779321710066,0.0078124205273828315,0.9999694825770951,1,0,0,0,99,7
1701619500,12,4,0,5,019.2,0.0,088,1,0,0,0,0,0,0,-0.9589242746631385,0.28366218546322625,0.5984721441039564,-0.8011436155469337,0.9489846193555862,0.3153223623952687,0.5850972729404622,0.8109631195052179,0.30743851458038085,0.9515679480481722,0.15561499277355603,0.9878177838164719,0.07804555138996731,0.9969497940760287,0.03905256665042215,0.999237157554709,0.01953000826025172,0.9998092711999397,0.009765469780311044,0.9999523166631346,1,0,0,0,99,13
1701619560,12,4,0,6,019.2,0.0,088,1,0,0,0,0,0,0,-0.27941549819892586,0.960170286650366,0.1411200080598672,-0.9899924966004454,0.9974949866040544,0.0707372016677029,0.6816387600233341,0.7316888688738209,0.36627252908604757,0.9305076219123143,0.18640329676226988,0.9824733131012553,0.09361273123551289,0.9956086864580017,0.04685783574813424,0.9989015683384429,0.02343535429172257,0.9997253543694995,0.011718481780940232,0.9999313362350186,1,0,0,0,99,16
1701619620,12,4,0,7,019.2,0.0,088,1,0,0,0,0,0,0,0.6569865987187891,0.7539022543433046,-0.35078322768961984,-0.9364566872907963,0.9839859468739369,-0.17824605564949209,0.7675435022360271,0.6409968581633251,0.42367625720393803,0.9058136834259364,0.21700958109501015,0.9761694738686353,0.10915705687532236,0.9940245152582091,0.05466024488506646,0.9985050113189741,0.027340342728520383,0.9996261829601539,0.013671449079123222,0.999906541372781,1,0,0,0,99,20
1701619680,12,4,0,8,019.2,0.0,088,1,0,0,0,0,0,0,0.9893582466233818,-0.14550003380861354,-0.7568024953079283,-0.6536436208636119,0.9092974268256817,-0.4161468365471424,0.8414709848078965,0.5403023058681398,0.479425538604203,0.8775825618903728,0.24740395925452294,0.9689124217106447,0.12467473338522769,0.992197667229329,0.0624593178423802,0.9980475107000991,0.03124491398532608,0.9995117584851364,0.015624364224883372,0.9998779321710066,1,0,0,0,99,22
1701619740,12,4,0,9,019.2,0.0,088,1,0,0,0,0,0,0,0.4121184852417566,-0.9111302618846769,-0.977530117665097,-0.2107957994307797,0.7780731968879212,-0.6281736227227391,0.9022675940990952,0.4311765167986662,0.5333026735360201,0.8459244992310679,0.2775567516463363,0.9607092430155619,0.1401619723470637,0.9901285883701071,0.07025457860486005,0.9975290944052978,0.03514900848318622,0.9993820826904237,0.017577219768442984,0.999845508738831,1,0,0,0,99,23
1701619800,12,4,0,10,019.2,0.0,088,1,0,0,0,0,0,0,-0.5440211108893698,-0.8390715290764524,-0.9589242746631385,0.28366218546322625,0.5984721441039564,-0.8011436155469337,0.9489846193555862,0.3153223623952687,0.5850972729404622,0.8109631195052179,0.30743851458038085,0.9515679480481722,0.15561499277355603,0.9878177838164719,0.07804555138996731,0.9969497940760287,0.03905256665042215,0.999237157554709,0.01953000826025172,0.9998092711999397,1,0,0,0,99,23
1701619860,12,4,0,11,019.2,0.0,088,1,0,0,0,0,0,0,-0.9999902065507035,0.004425697988050785,-0.7055403255703919,0.70866977429126,0.3816609920523317,-0.9243023786324636,0.9808930570231557,0.19454770798898718,0.6346070800152693,0.7728349461524715,0.33702006902225307,0.9414974631278811,0.17103002203139503,0.9852658177182139,0.08583176067687935,0.996309645069798,0.042955528923538926,0.9990769852893715,0.021482722251015034,0.9997692196925677,1,0,0,0,99,25
1701619920,12,4,0,12,019.2,0.0,088,1,0,0,0,0,0,0,-0.5365729180004349,0.8438539587324921,-0.27941549819892586,0.960170286650366,0.1411200080598672,-0.9899924966004454,0.9974949866040544,0.0707372016677029,0.6816387600233341,0.7316888688738209,0.36627252908604757,0.9305076219123143,0.18640329676226988,0.9824733131012553,0.09361273123551289,0.9956086864580017,0.04685783574813424,0.9989015683384429,0.02343535429172257,0.9997253543694995,1,0,0,0,99,29
1701619980,12,4,0,13,019.2,0.0,088,1,0,0,0,0,0,0,0.4201670368266409,0.9074467814501962,0.21511998808781552,0.9765876257280235,-0.10819513453010837,-0.9941296760805463,0.9985313405398316,-0.05417713502693632,0.7260086552607126,0.6876855622205048,0.39516733024093426,0.9186091557949183,0.2017310638016388,0.9794409517155483,0.10138798815552964,0.9948469610235406,0.05075942757980711,0.99871090937857,0.02538789693367659,0.999677675398068,1,0,0,0,99,35
1701620040,12,4,0,14,019.2,0.0,088,1,0,0,0,0,0,0,0.9906073556948704,0.1367372182078336,0.6569865987187891,0.7539022543433046,-0.35078322768961984,-0.9364566872907963,0.9839859468739369,-0.17824605564949209,0.7675435022360271,0.6409968581633251,0.42367625720393803,0.9058136834259364,0.21700958109501015,0.9761694738686353,0.10915705687532236,0.9940245152582091,0.05466024488506646,0.9985050113189741,0.027340342728520383,0.9996261829601539,1,0,0,0,99,39
1701620100,12,4,0,15,019.2,0.0,088,1,0,0,0,0,0,0,0.6502878401571168,-0.7596879128588213,0.9379999767747389,0.3466353178350258,-0.5715613187423437,-0.8205593573395608,0.9540857816096938,-0.29953350618957414,0.806081108260693,0.5918050750924775,0.4517714714916838,0.8921336993669944,0.23223511861151147,0.9726596782449127,0.11691946321097965,0.9931413993598577,0.05856022814223956,0.9982838773014061,0.029292684228266686,0.9995708772521852,1,0,0,0,99,40
1701620160,12,4,0,16,019.2,0.0,088,1,0,0,0,0,0,0,-0.2879033166650653,-0.9576594803233847,0.9893582466233818,-0.14550003380861354,-0.7568024953079283,-0.6536436208636119,0.9092974268256817,-0.4161468365471424,0.8414709848078965,0.5403023058681398,0.479425538604203,0.8775825618903728,0.24740395925452294,0.9689124217106447,0.12467473338522769,0.992197667229329,0.0624593178423802,0.9980475107000991,0.03124491398532608,0.9995117584851364,1,0,0,0,99,36
1701620220,12,4,0,17,019.2,0.0,088,1,0,0,0,0,0,0,-0.9613974918795568,-0.27516333805159693,0.7984871126234903,-0.6020119026848236,-0.8949893582285835,-0.4460874899137928,0.850319789818452,-0.5262663347043051,0.8735749351670712,0.4866896677019633,0.5066114548142574,0.8621744799348805,0.2625123997691533,0.964928619104771,0.13242239405634718,0.9911933764671682,0.06635745449017677,0.9977959151217167,0.03319702455253542,0.9994488268845275,1,0,0,0,99,36
1701620280,12,4,0,18,019.3,0.0,088,1,0,0,0,0,0,0,-0.7509872467716762,0.6603167082440802,0.4121184852417566,-0.9111302618846769,-0.977530117665097,-0.2107957994307797,0.7780731968879212,-0.6281736227227391,0.9022675940990952,0.4311765167986662,0.5333026735360201,0.8459244992310679,0.2775567516463363,0.9607092430155619,0.1401619723470637,0.9901285883701071,0.07025457860486005,0.9975290944052978,0.03514900848318622,0.9993820826904237,1,0,0,0,99,30
1701620340,12,4,0,19,019.3,0.0,088,1,0,0,0,0,0,0,0.14987720966295234,0.9887046181866692,-0.0751511204618093,-0.9971721561963784,-0.999292788975378,0.03760215288797655,0.6936850319532718,-0.7202784714566918,0.9274369173848677,0.37397963082453317,0.5594731312473669,0.8288484876093257,0.29253334202332754,0.9562553235431753,0.14789299587340962,0.9890033679273229,0.07415063072111083,0.9972470526221983,0.03710085833105311,0.9993115261574336,1,0,0,0,99,30
1701620460,12,4,0,21,019.3,0.0,088,1,0,0,0,0,0,0,0.836655638536056,-0.5477292602242684,-0.8796957599716702,-0.47553692799599256,-0.858934493426592,0.5120854772418407,0.4939202986100892,-0.8695071814659844,0.9668265566961802,0.2554337668888117,0.6101500770757914,0.7922858596771786,0.3222686304333866,0.9466482608860534,0.16332749173661285,0.9865719083994976,0.08193928117973213,0.9966373233025887,0.041004125996119335,0.9991589771659435,1,0,0,0,99,30
1701620520,12,4,0,22,019.3,0.0,088,1,0,0,0,0,0,0,-0.008851309290403876,-0.9999608263946371,-0.9999902065507035,0.004425697988050785,-0.7055403255703919,0.70866977429126,0.3816609920523317,-0.9243023786324636,0.9808930570231557,0.19454770798898718,0.6346070800152693,0.7728349461524715,0.33702006902225307,0.9414974631278811,0.17103002203139503,0.9852658177182139,0.08583176067687935,0.996309645069798,0.042955528923538926,0.9990769852893715,1,0,0,0,99,30
1701620580,12,4,0,23,019.3,0.0,088,1,0,0,0,0,0,0,-0.8462204041751706,-0.5328330203333975,-0.8754521746884285,0.4833047587530059,-0.5082790774992584,0.8611924171615208,0.26344599336342084,-0.9646741463213163,0.9911291909537616,0.13290194445282522,0.6584443999105676,0.7526293724180665,0.3516892289948141,0.9361168122670553,0.17872211353515366,0.983899591489664,0.08972293048696088,0.9959667643776232,0.04490676798867188,0.9989911822377671,1,0,0,0,99,34
1701620640,12,4,0,24,019.3,0.0,088,1,0,0,0,0,0,0,-0.9055783620066239,0.424179007336997,-0.5365729180004349,0.8438539587324921,-0.27941549819892586,0.960170286650366,0.1411200080598672,-0.9899924966004454,0.9974949866040544,0.0707372016677029,0.6816387600233341,0.7316888688738209,0.36627252908604757,0.9305076219123143,0.18640329676226988,0.9824733131012553,0.09361273123551289,0.9956086864580017,0.04685783574813424,0.9989015683384429,1,0,0,0,99,37
1701620700,12,4,0,25,019.3,0.0,088,1,0,0,0,0,0,0,-0.13235175009777303,0.9912028118634736,-0.06632189735120068,0.9977982791785807,-0.03317921654755682,0.9994494182244994,0.016591892229347906,-0.9998623450816866,0.9999655856782489,0.008296231623858378,0.7041675114545337,0.7100338835660797,0.38076640899239017,0.9246712614670362,0.1940731028929098,0.9809870696056692,0.09750110356896174,0.9952354167747622,0.04880872475919552,0.9988081439332486,1,0,0,0,99,41
1701620760,12,4,0,26,019.3,0.0,088,1,0,0,0,0,0,0,0.7625584504796027,0.6469193223286404,0.4201670368266409,0.9074467814501962,0.21511998808781552,0.9765876257280235,-0.10819513453010837,-0.9941296760805463,0.9985313405398316,-0.05417713502693632,0.7260086552607126,0.6876855622205048,0.39516733024093426,0.9186091557949183,0.2017310638016388,0.9794409517155483,0.10138798815552964,0.9948469610235406,0.05075942757980711,0.99871090937857,1,0,0,0,99,43
1701620820,12,4,0,27,019.3,0.0,088,1,0,0,0,0,0,0,0.956375928404503,-0.2921388087338362,0.8037844265516209,0.594920663309892,0.4500440737806176,0.8930063446890767,-0.23129381240202182,-0.9728839459794464,0.9931978518853749,-0.11643894112485227,0.7471408639355942,0.6646657275936332,0.40947177705329507,0.9123227848721178,0.20937671208599365,0.9778350537979598,0.10527332568613999,0.9944433251316939,0.05270993676863066,0.9986098650453273,1,0,0,0,99,46
1701620880,12,4,0,28,019.3,0.0,088,1,0,0,0,0,0,0,0.27090578830786904,-0.9626058663135666,0.9906073556948704,0.1367372182078336,0.6569865987187891,0.7539022543433046,-0.35078322768961984,-0.9364566872907963,0.9839859468739369,-0.17824605564949209,0.7675435022360271,0.6409968581633251,0.42367625720393803,0.9058136834259364,0.21700958109501015,0.9761694738686353,0.10915705687532236,0.9940245152582091,0.05466024488506646,0.9985050113189741,1,0,0,0,99,45
1701620940,12,4,0,29,019.3,0.0,088,1,0,0,0,0,0,0,-0.6636338842129675,-0.7480575296890004,0.934895055524683,-0.354924266788705,0.8230808790115055,0.5679241732886948,-0.46479878803160896,-0.8854163352030204,0.9709315977974505,-0.2393571231413216,0.7871966473319489,0.616702066178912,0.4377773028727551,0.8990834405601384,0.2246292049577053,0.9744443135859889,0.11303912246211711,0.9935905377936096,0.05661034448928185,0.9983963485994952,1,0,0,0,99,44
1701621000,12,4,0,30,019.3,0.0,088,1,0,0,0,0,0,0,-0.9880316240928618,0.15425144988758405,0.6502878401571168,-0.7596879128588213,0.9379999767747389,0.3466353178350258,-0.5715613187423437,-0.8205593573395608,0.9540857816096938,-0.29953350618957414,0.806081108260693,0.5918050750924775,0.4517714714916838,0.8921336993669944,0.23223511861151147,0.9726596782449127,0.11691946321097965,0.9931413993598577,0.05856022814223956,0.9982838773014061,1,0,0,0,99,43
1701621060,12,4,0,31,019.3,0.0,088,1,0,0,0,0,0,0,-0.404037645323065,0.9147423578045313,0.2064674819377966,-0.9784534628188842,0.9945987791111761,0.10379435721925297,-0.669404826237736,-0.7428978251479987,0.9335142808623762,-0.3585402173062328,0.8241784446666367,0.5663301963933087,0.46565534658516017,0.8849661565261433,0.23982685783066157,0.9708156767703494,0.12079801991268428,0.9926771068102531,0.06050988840572611,0.9981675978537505,1,0,0,0,99,43
1701621120,12,4,0,32,019.3,0.0,088,1,0,0,0,0,0,0,0.5514266812416906,0.8342233605065102,-0.2879033166650653,-0.9576594803233847,0.9893582466233818,-0.14550003380861354,-0.7568024953079283,-0.6536436208636119,0.9092974268256817,-0.4161468365471424,0.8414709848078965,0.5403023058681398,0.479425538604203,0.8775825618903728,0.24740395925452294,0.9689124217106447,0.12467473338522769,0.992197667229329,0.0624593178423802,0.9980475107000991,1,0,0,0,99,43
1701621180,12,4,0,33,019.3,0.0,088,1,0,0,0,0,0,0,0.9999118601072672,-0.013276747223059479,-0.711785342369123,-0.7023970575027135,0.9226042102393402,-0.3857479374522218,-0.8323905145579873,-0.5541895264924167,0.8815297857963782,-0.4721284112969602,0.8579418428124834,0.513746819310368,0.49307868575392305,0.8699847180584174,0.2549659604158785,0.9669500292306779,0.12854954447473196,0.9917030879327435,0.06440850901572104,0.9979236162985481,1,0,0,0,99,43
1701621240,12,4,0,34,019.3,0.0,088,1,0,0,0,0,0,0,0.5290826861200238,-0.8485702747846052,-0.9613974918795568,-0.27516333805159693,0.7984871126234903,-0.6020119026848236,-0.8949893582285835,-0.4460874899137928,0.850319789818452,-0.5262663347043051,0.8735749351670712,0.4866896677019633,0.5066114548142574,0.8621744799348805,0.2625123997691533,0.964928619104771,0.13242239405634718,0.9911933764671682,0.06635745449017677,0.9977959151217167,1,0,0,0,99,42
1701621300,12,4,0,35,019.3,0.0,088,1,0,0,0,0,0,0,-0.428182669496151,-0.9036922050915067,-0.9756260054681576,0.2194399632114593,0.6247239537541924,-0.7808456836057491,-0.9436221923009624,-0.3310244072528874,0.815789313258297,-0.5783491993368335,0.888354996422273,0.4591572718923041,0.520020541953727,0.8541537542773854,0.27004281671858504,0.9628483147093797,0.1362932230351537,0.990668540610173,0.06830614683111276,0.9976644076567464,1,0,0,0,99,40
1701621360,12,4,0,36,019.3,0.0,088,1,0,0,0,0,0,0,-0.9917788534431158,-0.12796368962740468,-0.7509872467716762,0.6603167082440802,0.4121184852417566,-0.9111302618846769,-0.977530117665097,-0.2107957994307797,0.7780731968879212,-0.6281736227227391,0.9022675940990952,0.4311765167986662,0.5333026735360201,0.8459244992310679,0.2775567516463363,0.9607092430155619,0.1401619723470637,0.9901285883701071,0.07025457860486005,0.9975290944052978,1,0,0,0,99,40
1701621420,12,4,0,37,019.3,0.0,088,1,0,0,0,0,0,0,-0.6435381333569995,0.7654140519453434,-0.34248061846961253,0.939524893748256,0.17388948538043356,-0.9847651734673236,-0.9961840124864793,-0.08727779366103493,0.737318721334619,-0.6755450415549525,0.9152991427820066,0.40277472515355744,0.5464546069192036,0.8374887238505236,0.28505374594054744,0.9585115345812286,0.14402858295972257,0.9895735279859775,0.07220274237874362,0.9973899758835502,1,0,0,0,99,40
1701621480,12,4,0,38,019.3,0.0,088,1,0,0,0,0,0,0,0.2963685787093853,0.9550736440472949,0.14987720966295234,0.9887046181866692,-0.0751511204618093,-0.9971721561963784,-0.999292788975378,0.03760215288797655,0.6936850319532718,-0.7202784714566918,0.9274369173848677,0.37397963082453317,0.5594731312473669,0.8288484876093257,0.29253334202332754,0.9562553235431753,0.14789299587340962,0.9890033679273229,0.07415063072111083,0.9972470526221983,1,0,0,0,99,40
1701621540,12,4,0,39,019.3,0.0,088,1,0,0,0,0,0,0,0.9637953862840878,0.26664293235993725,0.605539869719601,0.7958149698139441,-0.31951919362227366,-0.9475798039779932,-0.9868079357144411,0.16189533041753676,0.6473425173671444,-0.7621992293414946,0.9386690655767598,0.34481935173254513,0.5723550682345072,0.820005899897234,0.299995083378683,0.9539407476088947,0.1517551521219383,0.9884181168940841,0.0760982362013597,0.9971003251664509,1,0,0,0,99,38
1701621600,12,4,0,40,019.3,0.0,088,1,0,0,0,0,0,0,0.7451131604793488,-0.6669380616522619,0.9129452507276277,0.408082061813392,-0.5440211108893698,-0.8390715290764524,-0.9589242746631385,0.28366218546322625,0.5984721441039564,-0.8011436155469337,0.9489846193555862,0.3153223623952687,0.5850972729404622,0.8109631195052179,0.30743851458038085,0.9515679480481722,0.15561499277355603,0.9878177838164719,0.07804555138996731,0.9969497940760287,1,0,0,0,99,38
1701621660,12,4,0,41,019.3,0.0,088,1,0,0,0,0,0,0,-0.158622668804709,-0.9873392775238264,0.9968297942787993,-0.07956356727854007,-0.7346984304047954,-0.6783938504738453,-0.9160769210262436,0.40100258697803604,0.5472647499254653,-0.8369595530782943,0.9583735057581397,0.28551746612221973,0.5976966345387016,0.8017223540984184,0.3148631813197452,0.949137069684463,0.15947245893184342,0.9872023778548304,0.07999256885851808,0.996795459925162,1,0,0,0,99,38
1701621720,12,4,0,42,019.3,0.0,088,1,0,0,0,0,0,0,-0.9165215479156338,-0.39998531498835127,0.836655638536056,-0.5477292602242684,-0.8796957599716702,-0.47553692799599256,-0.858934493426592,0.5120854772418407,0.4939202986100892,-0.8695071814659844,0.9668265566961802,0.2554337668888117,0.6101500770757914,0.7922858596771786,0.3222686304333866,0.9466482608860534,0.16332749173661285,0.9865719083994976,0.08193928117973213,0.9966373233025887,1,0,0,0,99,38
1701621780,12,4,0,43,019.3,0.0,088,1,0,0,0,0,0,0,-0.8317747426285983,0.5551133015206257,0.47163900309419615,-0.8817917275413242,-0.9699978679206785,-0.24311342256103,-0.7883886803350966,0.6151774449047079,0.4386470990986331,-0.898659402917676,0.9743355179089173,0.22510064091681745,0.6224545602223437,0.7826559400262728,0.32965440993086015,0.9441016735570044,0.16718003236480675,0.9859263850706614,0.08388568092749371,0.9964753848115521,1,0,0,0,99,38
1701621840,12,4,0,44,019.3,0.0,088,1,0,0,0,0,0,0,0.017701925105413577,0.9998433086476912,-0.008851309290403876,-0.9999608263946371,-0.9999902065507035,0.004425697988050785,-0.7055403255703919,0.70866977429126,0.3816609920523317,-0.9243023786324636,0.9808930570231557,0.19454770798898718,0.6346070800152693,0.7728349461524715,0.33702006902225307,0.9414974631278811,0.17103002203139503,0.9852658177182139,0.08583176067687935,0.996309645069798,1,0,0,0,99,37
1701621900,12,4,0,45,019.3,0.0,088,1,0,0,0,0,0,0,0.8509035245341184,0.5253219888177297,-0.4871745124605095,-0.8733046400935156,-0.9678079975112615,0.2516896500717544,-0.6116822499992318,0.7911035488707386,0.32318450699968687,-0.9463359733389455,0.9864927707132337,0.16380480252583335,0.6466046695911524,0.7628252757105762,0.3443651581456984,0.9388357885462655,0.17487740199027219,0.9845902164215998,0.0877775130041863,0.9961401047095734,1,0,0,0,99,37
1701621960,12,4,0,46,019.3,0.0,087,1,0,0,0,0,0,0,0.9017883476488092,-0.4321779448847783,-0.8462204041751706,-0.5328330203333975,-0.8754521746884285,0.4833047587530059,-0.5082790774992584,0.8611924171615208,0.26344599336342084,-0.9646741463213163,0.9911291909537616,0.13290194445282522,0.6584443999105676,0.7526293724180665,0.3516892289948141,0.9361168122670553,0.17872211353515366,0.983899591489664,0.08972293048696088,0.9959667643776232,1,0,0,0,99,37
1701622020,12,4,0,47,019.3,0.0,087,1,0,0,0,0,0,0,0.123573122745224,-0.9923354691509287,-0.9980820279793963,-0.061905293994420546,-0.72866497582717,0.6848703183835534,-0.39694437999324705,0.9178426658157577,0.20267872876086712,-0.9792452874065205,0.9947977903590559,0.10186930988644112,0.6701233804731629,0.7422497254585013,0.35899183454606504,0.9333407002425484,0.18256409800047155,0.9831939534604931,0.09166800570402665,0.995789624735188,1,0,0,0,99,36
1701622080,12,4,0,48,019.3,0.0,087,1,0,0,0,0,0,0,-0.7682546613236668,-0.6401443394691997,-0.9055783620066239,0.424179007336997,-0.5365729180004349,0.8438539587324921,-0.27941549819892586,0.960170286650366,0.1411200080598672,-0.9899924966004454,0.9974949866040544,0.0707372016677029,0.6816387600233341,0.7316888688738209,0.36627252908604757,0.9305076219123143,0.18640329676226988,0.9824733131012553,0.09361273123551289,0.9956086864580017,1,0,0,0,99,36
1701622140,12,4,0,49,019.3,0.0,087,1,0,0,0,0,0,0,-0.9537526527594719,0.3005925437436371,-0.5913575298651244,0.8064094939122546,-0.3111193549811273,0.9503708470676735,-0.157526431008143,0.987514771299061,0.07901021674738969,-0.9968738062811815,0.999218145922396,0.03953601977196579,0.692987727246318,0.7209493809456964,0.37353086823869297,0.9276177501928519,0.19023965123909906,0.9817376814080357,0.09555709966288278,0.9954239502362889,1,0,0,0,99,35
1701622200,12,4,0,50,019.3,0.0,087,1,0,0,0,0,0,0,-0.26237485370392877,0.9649660284921133,-0.13235175009777303,0.9912028118634736,-0.06632189735120068,0.9977982791785807,-0.03317921654755682,0.9994494182244994,0.016591892229347906,-0.9998623450816866,0.9999655856782489,0.008296231623858378,0.7041675114545337,0.7100338835660797,0.38076640899239017,0.9246712614670362,0.1940731028929098,0.9809870696056692,0.09750110356896174,0.9952354167747622,1,0,0,0,99,35
1701622260,12,4,0,51,019.3,0.0,087,1,0,0,0,0,0,0,0.6702291758433747,0.7421541968137826,0.3590583540221683,0.933315112063922,0.182599134631134,0.9831874470475918,0.09168574849017776,0.9957879912530557,-0.045891223272779696,-0.9989464428219001,0.9997365760093756,-0.022951657653640416,0.7151753832640076,0.6989450415971057,0.38797870972702503,0.9216683355733519,0.19790359322994627,0.9802214891475681,0.09944473553796578,0.9950430867926193,1,0,0,0,99,35
1701622320,12,4,0,52,019.3,0.0,087,1,0,0,0,0,0,0,0.9866275920404853,-0.16299078079570548,0.7625584504796027,0.6469193223286404,0.4201670368266409,0.9074467814501962,0.21511998808781552,0.9765876257280235,-0.10819513453010837,-0.9941296760805463,0.9985313405398316,-0.05417713502693632,0.7260086552607126,0.6876855622205048,0.39516733024093426,0.9186091557949183,0.2017310638016388,0.9794409517155483,0.10138798815552964,0.9948469610235406,1,0,0,0,99,35
1701622380,12,4,0,53,019.3,0.0,087,1,0,0,0,0,0,0,0.39592515018183416,-0.9182827862121189,0.979357643103917,0.20213512038718198,0.6316109877182386,0.775285470129288,0.33519735222008545,0.9421479369316923,-0.1700765461024943,-0.9854308542286699,0.9963510561615996,-0.08534970934727917,0.7366646826566614,0.6762581942766833,0.4023318317777731,0.9154939088483012,0.2055554562054955,0.9786454692196509,0.10333085400873529,0.9946470402156865,1,0,0,0,99,35
1701622440,12,4,0,54,019.3,0.0,087,1,0,0,0,0,0,0,-0.5587890488516163,-0.8293098328631502,0.956375928404503,-0.2921388087338362,0.8037844265516209,0.594920663309892,0.4500440737806176,0.8930063446890767,-0.23129381240202182,-0.9728839459794464,0.9931978518853749,-0.11643894112485227,0.7471408639355942,0.6646657275936332,0.40947177705329507,0.9123227848721178,0.20937671208599365,0.9778350537979598,0.10527332568613999,0.9944433251316939,1,0,0,0,99,34
1701622500,12,4,0,55,019.3,0.0,087,1,0,0,0,0,0,0,-0.9997551733586199,0.022126756261955736,0.6992400316550977,-0.7148869687796651,0.9259824428086272,0.3775665710972933,0.5578680080909402,0.8299296871112918,-0.2916078813138529,-0.9565379467410825,0.9890748067616226,-0.14741447225241752,0.7574346414881015,0.6529109923058358,0.41658673028204113,0.909095977415431,0.2131947731354699,0.9770097178164174,0.10721539577780473,0.9942358165486741,1,0,0,0,99,34
1701622560,12,4,0,56,019.4,0.0,087,1,0,0,0,0,0,0,-0.5215510020869119,0.8532201077225842,0.27090578830786904,-0.9626058663135666,0.9906073556948704,0.1367372182078336,0.6569865987187891,0.7539022543433046,-0.35078322768961984,-0.9364566872907963,0.9839859468739369,-0.17824605564949209,0.7675435022360271,0.6409968581633251,0.42367625720393803,0.9058136834259364,0.21700958109501015,0.9761694738686353,0.10915705687532236,0.9940245152582091,1,0,0,0,99,35
1701622620,12,4,0,57,019.4,0.0,087,1,0,0,0,0,0,0,0.43616475524782494,0.8998668269691937,-0.22375564018679642,-0.9746452757206577,0.9936411011327626,-0.11259379263383548,0.7458531332084875,0.6661104290454266,-0.4085887730680895,-0.9127185845169985,0.9779362414076386,-0.2089035847981091,0.7774649782460008,0.6289262338310793,0.4307399251108032,0.9024761032379415,0.2208210777553385,0.9753143347757023,0.11109830157184598,0.9938094220663493,1,0,0,0,99,35
1701622680,12,4,0,58,019.4,0.0,087,1,0,0,0,0,0,0,0.9928726480845371,0.11918013544881928,-0.6636338842129675,-0.7480575296890004,0.934895055524683,-0.354924266788705,0.8230808790115055,0.5679241732886948,-0.46479878803160896,-0.8854163352030204,0.9709315977974505,-0.2393571231413216,0.7871966473319489,0.616702066178912,0.4377773028727551,0.8990834405601384,0.2246292049577053,0.9744443135859889,0.11303912246211711,0.9935905377936096,1,0,0,0,99,35
1701622740,12,4,0,59,019.4,0.0,087,1,0,0,0,0,0,0,0.6367380071391379,-0.7710802229758452,-0.9410314083429535,-0.3383192109710552,0.8180217634546941,-0.5751872690824027,0.8874647229840752,0.46087565075494996,-0.5191937736746512,-0.8546565540481598,0.9629788559589872,-0.26957693331574223,0.7967361336464357,0.6043273395620364,0.4447879609645272,0.8956359024631707,0.22843390459477475,0.9735594235749482,0.11497951214249395,0.9933678632749673,1,0,0,0,99,36
1701622800,12,4,0,60,019.4,0.0,087,1,0,0,0,0,0,0,-0.3048106211022167,-0.9524129804151563,-0.9880316240928618,0.15425144988758405,0.6502878401571168,-0.7596879128588213,0.9379999767747389,0.3466353178350258,-0.5715613187423437,-0.8205593573395608,0.9540857816096938,-0.29953350618957414,0.806081108260693,0.5918050750924775,0.4517714714916838,0.8921336993669944,0.23223511861151147,0.9726596782449127,0.11691946321097965,0.9931413993598577,1,0,0,0,99,36
1701622860,12,4,0,61,019.5,0.0,087,1,0,0,0,0,0,0,-0.9661177700083929,-0.25810163593826746,-0.7931272394572851,0.6090559761063561,0.4421221685765394,-0.8969548417022889,0.9738980546500462,0.2269858567154693,-0.621696929091873,-0.7832578939006837,0.9442610586857545,-0.3291975896777772,0.8152292897331944,0.579138329901511,0.4587274082167366,0.8885770450280356,0.23603278900606633,0.9717450913248895,0.11885896826725052,0.992911146912172,1,0,0,0,99,36
1701622920,12,4,0,62,019.5,0.0,087,1,0,0,0,0,0,0,-0.7391806966492228,0.6735071623235863,-0.404037645323065,0.9147423578045313,0.2064674819377966,-0.9784534628188842,0.9945987791111761,0.10379435721925297,-0.669404826237736,-0.7428978251479987,0.9335142808623762,-0.3585402173062328,0.8241784446666367,0.5663301963933087,0.46565534658516017,0.8849661565261433,0.23982685783066157,0.9708156767703494,0.12079801991268428,0.9926771068102531,1,0,0,0,99,36
1701622980,12,4,0,63,019.5,0.0,087,1,0,0,0,0,0,0,0.16735570030280691,0.9858965815825497,0.08397445569174683,0.9964679075571249,-0.04202435271884079,-0.999116586679734,0.9997791222764492,-0.021016818506448383,-0.7144987118625367,-0.6996367562862716,0.9218559421857278,-0.38753273649701414,0.832926388253192,0.5533838014899721,0.47255486375130445,0.8813012542513405,0.2436172671924749,0.9698714487630153,0.12273661075038828,0.9924392799468931,1,0,0,0,99,36
1701623040,12,4,0,64,019.5,0.0,087,1,0,0,0,0,0,0,0.9200260381967906,0.39185723042955,0.5514266812416906,0.8342233605065102,-0.2879033166650653,-0.9576594803233847,0.9893582466233818,-0.14550003380861354,-0.7568024953079283,-0.6536436208636119,0.9092974268256817,-0.4161468365471424,0.8414709848078965,0.5403023058681398,0.479425538604203,0.8775825618903728,0.24740395925452294,0.9689124217106447,0.12467473338522769,0.992197667229329,1,0,0,0,99,36
1701623100,12,4,0,65,019.5,0.0,087,1,0,0,0,0,0,0,0.8268286794901035,-0.562453851238172,0.8838704235458307,0.4677318402470736,-0.5158818468181093,-0.8566597458288424,0.9634987664311881,-0.2677127697469413,-0.7961509812048658,-0.6050980210895829,0.8958509979593657,-0.44435457627350766,0.8498101482900483,0.5270889031873525,0.48626695179327556,0.8738103064130545,0.25118687623654373,0.9679386102468107,0.12661238042385375,0.9919522695792401,1,0,0,0,99,36
1701623160,12,4,0,66,019.5,0.0,087,1,0,0,0,0,0,0,-0.026551154023966794,-0.99964745596635,0.9999118601072672,-0.013276747223059479,-0.711785342369123,-0.7023970575027135,0.9226042102393402,-0.3857479374522218,-0.8323905145579873,-0.5541895264924167,0.8815297857963782,-0.4721284112969602,0.8579418428124834,0.513746819310368,0.49307868575392305,0.8699847180584174,0.2549659604158785,0.9669500292306779,0.12854954447473196,0.9917030879327435,1,0,0,0,99,36
1701623220,12,4,0,67,019.5,0.0,087,1,0,0,0,0,0,0,-0.8555199789753223,-0.5177697997895051,0.8711400001691764,-0.4910347239302405,-0.8634334728079056,-0.504462722145928,0.8673127239196736,-0.4977636376102979,-0.8653795807650819,-0.5011169336540635,0.8663477747573614,-0.4994412209389292,0.8658640831386093,0.5002793115156127,0.49986032473301345,0.8661060303206567,0.2587411541283521,0.9659466937467762,0.13048621814817024,0.9914501232403918,1,0,0,0,99,36
1701623280,12,4,0,68,019.5,0.0,087,1,0,0,0,0,0,0,-0.8979276806892913,0.4401430224960407,0.5290826861200238,-0.8485702747846052,-0.9613974918795568,-0.27516333805159693,0.7984871126234903,-0.6020119026848236,-0.8949893582285835,-0.4460874899137928,0.850319789818452,-0.5262663347043051,0.8735749351670712,0.4866896677019633,0.5066114548142574,0.8621744799348805,0.2625123997691533,0.964928619104771,0.13242239405634718,0.9911933764671682,1,0,0,0,99,36
1701623340,12,4,0,69,019.5,0.0,087,1,0,0,0,0,0,0,-0.11478481378318722,0.9933903797222716,0.057487478104924564,-0.9983462274487422,-0.9995864713592172,-0.028755630329187164,0.7172013769957456,-0.6968659733660458,-0.9211042214011522,-0.38931608407176954,0.8334614820349437,-0.5525775583247253,0.8810725164039352,0.4729812055860543,0.5133316639434712,0.8581903068626603,0.26627963979371355,0.9638958208392285,0.1343580648133402,0.9909328485924838,1,0,0,0,99,36
1701623400,12,4,0,70,019.5,0.0,087,1,0,0,0,0,0,0,0.7738906815578891,0.6333192030862999,-0.428182669496151,-0.9036922050915067,-0.9756260054681576,0.2194399632114593,0.6247239537541924,-0.7808456836057491,-0.9436221923009624,-0.3310244072528874,0.815789313258297,-0.5783491993368335,0.888354996422273,0.4591572718923041,0.520020541953727,0.8541537542773854,0.27004281671858504,0.9628483147093797,0.1362932230351537,0.990668540610173,1,0,0,0,99,36
1701623460,12,4,0,71,019.5,0.0,087,1,0,0,0,0,0,0,0.9510546532543747,-0.3090227281660707,-0.8090187662119065,-0.587782813560387,-0.8910058399248534,0.45399184267980686,0.5224979221586403,-0.8526405581133842,-0.9624553387335394,-0.27144008720767066,0.7973205400614205,-0.6035560921705327,0.8954205973090336,0.4452212415358611,0.5266776805903868,0.8500650685494203,0.2738018731223179,0.9617861166988793,0.13822786133974724,0.9904004535284905,1,0,0,0,99,36
1701623520,12,4,0,72,019.5,0.0,087,1,0,0,0,0,0,0,0.25382336276203626,-0.9672505882738824,-0.9917788534431158,-0.12796368962740468,-0.7509872467716762,0.6603167082440802,0.4121184852417566,-0.9111302618846769,-0.977530117665097,-0.2107957994307797,0.7780731968879212,-0.6281736227227391,0.9022675940990952,0.4311765167986662,0.5333026735360201,0.8459244992310679,0.2775567516463363,0.9607092430155619,0.1401619723470637,0.9901285883701071,1,0,0,0,99,36
1701623580,12,4,0,73,019.5,0.0,087,1,0,0,0,0,0,0,-0.6767719568873076,-0.7361927182273159,-0.9317168878547055,0.36318540841606234,-0.5642759039618552,0.8255862790817391,0.29530807719927077,-0.9554020826546641,-0.9887876624065108,-0.14932835856818344,0.7580660784417752,-0.6521777523926344,0.9088943151963913,0.41702652649883415,0.5398951164352044,0.8417322990413384,0.2813073949958138,0.9596177100911952,0.14209554867905747,0.9898529461721057,1,0,0,0,99,36
1701623640,12,4,0,74,019.5,0.0,087,1,0,0,0,0,0,0,-0.9851462604682474,0.17171734183077755,-0.6435381333569995,0.7654140519453434,-0.34248061846961253,0.939524893748256,0.17388948538043356,-0.9847651734673236,-0.9961840124864793,-0.08727779366103493,0.737318721334619,-0.6755450415549525,0.9152991427820066,0.40277472515355744,0.5464546069192036,0.8374887238505236,0.28505374594054744,0.9585115345812286,0.14402858295972257,0.9895735279859775,1,0,0,0,99,36
1701623700,12,4,0,75,019.5,0.0,087,1,0,0,0,0,0,0,-0.38778163540943045,0.9217512697247493,-0.19779879963646227,0.9802426408101081,-0.09939154689884817,0.9950484010363788,0.04975740630107862,-0.998761333111264,-0.9996902853162234,-0.02488641083740215,0.7158513850085791,-0.698252672448376,0.9214805132091443,0.38842459213573494,0.5529807446305274,0.8331940326645814,0.288795747315831,0.9573907333645395,0.14596106781512072,0.9892903348776181,1,0,0,0,99,36
1701623760,12,4,0,76,019.5,0.0,087,1,0,0,0,0,0,0,0.5661076368981803,0.8243313311075577,0.2963685787093853,0.9550736440472949,0.14987720966295234,0.9887046181866692,-0.0751511204618093,-0.9971721561963784,-0.999292788975378,0.03760215288797655,0.6936850319532718,-0.7202784714566918,0.9274369173848677,0.37397963082453317,0.5594731312473669,0.8288484876093257,0.29253334202332754,0.9562553235431753,0.14789299587340962,0.9890033679273229,1,0,0,0,99,35
1701623880,12,4,0,78,019.5,0.0,087,1,0,0,0,0,0,0,0.5139784559875352,-0.8578030932449878,0.9637953862840878,0.26664293235993725,0.605539869719601,0.7958149698139441,-0.31951919362227366,-0.9475798039779932,-0.9868079357144411,0.16189533041753676,0.6473425173671444,-0.7621992293414946,0.9386690655767598,0.34481935173254513,0.5723550682345072,0.820005899897234,0.299995083378683,0.9539407476088947,0.1517551521219383,0.9884181168940841,1,0,0,0,99,35
1701623940,12,4,0,79,019.6,0.0,087,1,0,0,0,0,0,0,-0.4441126687075084,-0.8959709467909631,0.9736454556949781,-0.22806693448309956,0.7836028759783554,0.6212620483809149,-0.43516545796919887,-0.9003505007442698,-0.9747693318791554,0.22321458202336397,0.6232116085153726,-0.782053253309314,0.943942067425039,0.330111153015682,0.5787438323577704,0.8155093969463755,0.30371911616954944,0.9527616168135594,0.1536853655792259,0.9881198350436954,1,0,0,0,99,35
1701624060,12,4,0,81,019.6,0.0,087,1,0,0,0,0,0,0,-0.6298879942744539,0.7766859820216312,0.33415117684842055,-0.9425194910508831,0.9855251115651197,0.16952950915565845,-0.6443874963266829,-0.7646991268321347,-0.9393346386757316,0.3430020941392817,0.5731482818000584,-0.8194516746395976,0.9537954903016678,0.30045659034243405,0.5914150022013163,0.8063673450551039,0.3111532218577337,0.95035975952665,0.15754402634398745,0.9875119643646476,1,0,0,0,99,35
1701624120,12,4,0,82,019.6,0.0,087,1,0,0,0,0,0,0,0.31322878243308516,0.9496776978825432,-0.158622668804709,-0.9873392775238264,0.9968297942787993,-0.07956356727854007,-0.7346984304047954,-0.6783938504738453,-0.9160769210262436,0.40100258697803604,0.5472647499254653,-0.8369595530782943,0.9583735057581397,0.28551746612221973,0.5976966345387016,0.8017223540984184,0.3148631813197452,0.949137069684463,0.15947245893184342,0.9872023778548304,1,0,0,0,99,35
1701624240,12,4,0,84,019.6,0.0,087,1,0,0,0,0,0,0,0.7331903200732922,-0.6800234955873388,-0.9165215479156338,-0.39998531498835127,0.836655638536056,-0.5477292602242684,-0.8796957599716702,-0.47553692799599256,-0.858934493426592,0.5120854772418407,0.4939202986100892,-0.8695071814659844,0.9668265566961802,0.2554337668888117,0.6101500770757914,0.7922858596771786,0.3222686304333866,0.9466482608860534,0.16332749173661285,0.9865719083994976,1,0,0,0,99,35
1701624300,12,4,0,85,019.6,0.0,087,1,0,0,0,0,0,0,-0.1760756199485871,-0.9843766433940419,-0.996086503119594,0.08838369930580556,0.675135653292801,-0.7376936014721172,-0.9321195206281534,-0.36215079630444197,-0.8252729234333458,0.5647340983576067,0.4665114691207459,-0.8845151492081995,0.970699528486596,0.24029653637932502,0.616321127181551,0.7874949321676061,0.3259640070869742,0.9453821799059907,0.1652540772477479,0.9862510278590311,1,0,0,0,99,35
1701624360,12,4,0,86,019.6,0.0,087,1,0,0,0,0,0,0,-0.9234584470040598,-0.38369844494974187,-0.8317747426285983,0.5551133015206257,0.47163900309419615,-0.8817917275413242,-0.9699978679206785,-0.24311342256103,-0.7883886803350966,0.6151774449047079,0.4386470990986331,-0.898659402917676,0.9743355179089173,0.22510064091681745,0.6224545602223437,0.7826559400262728,0.32965440993086015,0.9441016735570044,0.16718003236480675,0.9859263850706614,1,0,0,0,99,35
1701624420,12,4,0,87,019.6,0.0,086,1,0,0,0,0,0,0,-0.8218178366308225,0.5697503342653119,-0.4638155159838274,0.8859318072699817,0.23881812402958275,-0.9710643148808378,-0.9927397229084867,-0.1202823451699422,-0.7484257963118128,0.6632185366943757,0.41035439762821135,-0.9119261309706986,0.9777336372884741,0.20984979036122642,0.6285500018450296,0.7777691786003179,0.33333978265403763,0.9428067613780455,0.16910534974085598,0.9855979812728021,1,0,0,0,99,35
1701624480,12,4,0,88,019.6,0.0,086,1,0,0,0,0,0,0,0.03539830273366068,0.9993732836951247,0.017701925105413577,0.9998433086476912,-0.008851309290403876,-0.9999608263946371,-0.9999902065507035,0.004425697988050785,-0.7055403255703919,0.70866977429126,0.3816609920523317,-0.9243023786324636,0.9808930570231557,0.19454770798898718,0.6346070800152693,0.7728349461524715,0.33702006902225307,0.9414974631278811,0.17103002203139503,0.9852658177182139,1,0,0,0,99,35
1701624540,12,4,0,89,019.6,0.0,086,1,0,0,0,0,0,0,0.8600694058124533,0.5101770449416689,0.4948853175526281,0.8689582973139933,-0.25597041106933305,-0.9666846169547733,-0.9916361774750792,0.12906467960915324,-0.6598997349563215,0.7513536715852107,0.3525949009946041,-0.9357760607071574,0.9838130057859464,0.17919812958404827,0.6406254250402305,0.7678535438428503,0.3406952128788645,0.9401737987847912,0.1729540418943841,0.9849298956739996,1,0,0,0,99,35
1701624660,12,4,0,91,019.5,0.0,086,1,0,0,0,0,0,0,0.10598751175115685,-0.9943674609282015,0.9985908724117705,0.05306853621402457,-0.688088462258297,-0.7256268104935293,-0.9288774974380447,0.37038708772476847,-0.5610761589460167,0.8277641837276992,0.2934585288182137,-0.9559718049523478,0.9889316975788438,0.1483714848743724,0.652544448725766,0.7577504486552193,0.34802984882390525,0.9374834528286937,0.17680009498202517,0.9842467812567877,1,0,0,0,99,35
1701624720,12,4,0,92,019.5,0.0,086,1,0,0,0,0,0,0,-0.7794660696158047,-0.626444447910339,0.9017883476488092,-0.4321779448847783,-0.8462204041751706,-0.5328330203333975,-0.8754521746884285,0.4833047587530059,-0.5082790774992584,0.8611924171615208,0.26344599336342084,-0.9646741463213163,0.9911291909537616,0.13290194445282522,0.6584443999105676,0.7526293724180665,0.3516892289948141,0.9361168122670553,0.17872211353515366,0.983899591489664,1,0,0,0,99,35
1701624780,12,4,0,93,019.5,0.0,086,1,0,0,0,0,0,0,-0.9482821412699473,0.31742870151970165,0.5841965844132856,-0.8116121923430246,-0.9517384599623535,-0.3069102537037296,-0.808365713555359,0.5886806206663637,-0.45349717713213844,0.8912577126360152,0.23317620736685893,-0.9724344997571855,0.9930847143514961,0.1173999579276213,0.6643041630429463,0.7474623595632162,0.3553432428207858,0.9347358877146036,0.18064345031774107,0.9835486484446521,1,0,0,0,99,35
1701624840,12,4,0,94,019.5,0.0,086,1,0,0,0,0,0,0,-0.24525198546765434,0.9694593666699876,0.123573122745224,-0.9923354691509287,-0.9980820279793963,-0.061905293994420546,-0.72866497582717,0.6848703183835534,-0.39694437999324705,0.9178426658157577,0.20267872876086712,-0.9792452874065205,0.9947977903590559,0.10186930988644112,0.6701233804731629,0.7422497254585013,0.35899183454606504,0.9333407002425484,0.18256409800047155,0.9831939534604931,1,0,0,0,99,35
1701624900,12,4,0,95,019.5,0.0,086,1,0,0,0,0,0,0,0.683261714736121,0.7301735609948197,-0.36730534913419133,-0.9301004142012893,-0.9823696896284233,0.18694863706204273,-0.6375936648595081,0.7703728438431753,-0.3388415235451705,0.9408434630275048,0.17198333781575365,-0.9850998586507625,0.9962680007535027,0.08631379191426318,0.6759016970261789,0.7369917882562408,0.36263494849763117,0.931931271139734,0.18448404925665798,0.9828355078902405,1,0,0,0,99,35
1701624960,12,4,0,96,019.5,0.0,086,1,0,0,0,0,0,0,0.9835877454343449,-0.18043044929108396,-0.7682546613236668,-0.6401443394691997,-0.9055783620066239,0.424179007336997,-0.5365729180004349,0.8438539587324921,-0.27941549819892586,0.960170286650366,0.1411200080598672,-0.9899924966004454,0.9974949866040544,0.0707372016677029,0.6816387600233341,0.7316888688738209,0.36627252908604757,0.9305076219123143,0.18640329676226988,0.9824733131012553,1,0,0,0,99,35
1701625020,12,4,0,97,019.5,0.0,086,1,0,0,0,0,0,0,0.3796077390275217,-0.9251475365964139,-0.981108438603097,-0.1934586046207122,-0.7724825579327705,0.6350359814133715,-0.42717913021742326,0.904167014830051,-0.2188983613117615,0.9757476658516921,0.11011887701095537,-0.9939184236776407,0.9984784483597131,0.055143341947869365,0.6873342193038735,0.7263412909741086,0.3699045208063098,0.929069774283425,0.18832183319596135,0.9821073704752004,1,0,0,0,99,35
1701625140,12,4,0,99,019.5,0.0,086,1,0,0,0,0,0,0,-0.9992068341863537,0.0398208803931389,-0.6928849542336957,0.7210481538680822,-0.3734647547841147,0.9276443698605846,-0.19020466626691288,0.9817444600965631,-0.0955393633625346,0.9954256526975189,0.04782440434799511,-0.998855758530109,0.9997138987055519,0.023919045443861007,0.6985989387896817,0.7155134678829815,0.37715151604959674,0.9261515717966962,0.19215674357579007,0.9813642473100128,1,0,0,0,99,35
1701625260,12,4,0,101,019.5,0.1,086,1,0,0,0,0,0,0,0.45202578717835057,0.8920048697881602,0.23237376165548454,0.9726265649744922,0.11699024537436405,0.9931330638374931,0.05859580259074419,0.9982817898362899,0.029310494397997367,0.999570355161729,-0.014656821590492326,-0.9998925830212285,0.9999731453947223,-0.007328607602110553,0.7096931053638997,0.7045109624405745,0.3843754919082546,0.9231768417915862,0.19598872188012992,0.9806061497338231,0,1,0,0,99,35
1701625320,12,4,0,102,019.5,0.1,087,1,0,0,0,0,0,0,0.9948267913584063,0.10158570369662134,0.6702291758433747,0.7421541968137826,0.3590583540221683,0.933315112063922,0.182599134631134,0.9831874470475918,0.09168574849017776,0.9957879912530557,-0.045891223272779696,-0.9989464428219001,0.9997365760093756,-0.022951657653640416,0.7151753832640076,0.6989450415971057,0.38797870972702503,0.9216683355733519,0.19790359322994627,0.9802214891475681,0,1,0,0,99,35
1701625380,12,4,0,103,019.5,0.1,087,1,0,0,0,0,0,0,0.6229886314423488,-0.7822308898871159,0.9439891127251193,0.32997659774057014,0.5788019532877502,0.8154681470604999,0.3037530682474665,0.95275079298327,0.15370297169659722,0.9881170965485999,-0.07708081295432778,-0.9970248483735498,0.9992559352772317,-0.03856910438712712,0.7206140105448711,0.6933364607507934,0.3915760074680308,0.9201457658302823,0.19981770963770668,0.9798330893142674,0,1,0,0,99,35
1701625440,12,4,0,104,019.5,0.1,087,1,0,0,0,0,0,0,-0.32162240316253093,-0.9468680107512125,0.9866275920404853,-0.16299078079570548,0.7625584504796027,0.6469193223286404,0.4201670368266409,0.9074467814501962,0.21511998808781552,0.9765876257280235,-0.10819513453010837,-0.9941296760805463,0.9985313405398316,-0.05417713502693632,0.7260086552607126,0.6876855622205048,0.39516733024093426,0.9186091557949183,0.2017310638016388,0.9794409517155483,0,1,0,0,99,35
1701625500,12,4,0,105,019.5,0.1,087,1,0,0,0,0,0,0,-0.9705352835374847,-0.24095904923620143,0.7877052269841179,-0.616052331690985,0.8989027566124672,0.43814818743720435,0.5300244393246389,0.8479823663960249,0.27569696552916134,0.961244601128148,-0.13920380539312127,-0.9902637530295018,0.9975629686965886,-0.06977193909623788,0.7313589881502236,0.6819926909079606,0.3987526232465684,0.9170585289140385,0.20364364842287808,0.9790450778472967,0,1,0,0,99,35
1701625560,12,4,0,106,019.5,0.1,087,1,0,0,0,0,0,0,-0.7271425000808527,0.6864865509069841,0.39592515018183416,-0.9182827862121189,0.979357643103917,0.20213512038718198,0.6316109877182386,0.775285470129288,0.33519735222008545,0.9421479369316923,-0.1700765461024943,-0.9854308542286699,0.9963510561615996,-0.08534970934727917,0.7366646826566614,0.6762581942766833,0.4023318317777731,0.9154939088483012,0.2055554562054955,0.9786454692196509,0,1,0,0,99,35
1701625620,12,4,0,107,019.5,0.1,087,1,0,0,0,0,0,0,0.18478174456066745,0.9827795820412206,-0.09279121175730869,-0.9956855884367365,0.9989208147888241,-0.046445729422969886,0.7233414578962587,0.6904905034021214,0.39338880042387997,0.9193722052036709,-0.20078320995084364,-0.9796356989217142,0.9948958988059289,-0.10090664269087,0.7419254149477796,0.6704824223307908,0.4059049012202299,0.9139153194718838,0.2074664798565255,0.9782421273569963,0,1,0,0,99,35
1701625680,12,4,0,108,019.4,0.1,087,1,0,0,0,0,0,0,0.926818505417785,0.3755095977670121,-0.5587890488516163,-0.8293098328631502,0.956375928404503,-0.2921388087338362,0.8037844265516209,0.594920663309892,0.4500440737806176,0.8930063446890767,-0.23129381240202182,-0.9728839459794464,0.9931978518853749,-0.11643894112485227,0.7471408639355942,0.6646657275936332,0.40947177705329507,0.9123227848721178,0.20937671208599365,0.9778350537979598,0,1,0,0,99,35
1701625740,12,4,0,109,019.4,0.1,087,1,0,0,0,0,0,0,0.8167426066363169,-0.577002178942952,-0.8879758383376634,-0.4598901070131037,0.8543682189235223,-0.5196681118689583,0.8716846080633058,0.49006728524307847,0.5049419346602744,0.8631533135089845,-0.26157856037050853,-0.9651821883740356,0.99125732995374,-0.13194281266132774,0.7523107112959804,0.6588084650862769,0.413032404850832,0.9107163293491221,0.21128614560694461,0.977424250095403,0,1,0,0,99,35
1701625860,12,4,0,111,019.4,0.1,088,1,0,0,0,0,0,0,-0.8645514486106083,-0.5025443191453852,-0.8667595742607592,0.49872621790648564,0.500636485932415,-0.8656576164704166,0.9658306312367652,0.2591740568899436,0.608615618888497,0.7934652030460894,-0.3213524521097596,-0.9469596620358465,0.9866508151407586,-0.1628501427143272,0.7625123417736683,0.6469736692036518,0.4201346991122895,0.9074617537956219,0.21510258739073557,0.9765914585423174,0,1,0,0,99,35
1701625920,12,4,0,112,019.4,0.1,088,1,0,0,0,0,0,0,-0.8899956043668333,0.4559691044442761,-0.5215510020869119,0.8532201077225842,0.27090578830786904,-0.9626058663135666,0.9906073556948704,0.1367372182078336,0.6569865987187891,0.7539022543433046,-0.35078322768961984,-0.9364566872907963,0.9839859468739369,-0.17824605564949209,0.7675435022360271,0.6409968581633251,0.42367625720393803,0.9058136834259364,0.21700958109501015,0.9761694738686353,0,1,0,0,99,35
1701625980,12,4,0,113,019.4,0.1,088,1,0,0,0,0,0,0,-0.09718190589320902,0.9952666362171313,-0.04864855487508726,0.9988159580766447,0.02433148087720227,-0.9997039456950855,0.9999259836845639,0.012166640968536861,0.7027920599407278,0.7113953334709671,-0.37987146940052824,-0.9250392784825321,0.9810808525505256,-0.19359845236657747,0.7725278157990745,0.6349809239785958,0.4272113505171674,0.9041517914539007,0.2189157469736923,0.9757437654051141,0,1,0,0,99,35
1701626040,12,4,0,114,019.3,0.1,088,1,0,0,0,0,0,0,0.7849803886813105,0.6195206125592099,0.43616475524782494,0.8998668269691937,-0.22375564018679642,-0.9746452757206577,0.9936411011327626,-0.11259379263383548,0.7458531332084875,0.6661104290454266,-0.4085887730680895,-0.9127185845169985,0.9779362414076386,-0.2089035847981091,0.7774649782460008,0.6289262338310793,0.4307399251108032,0.9024761032379415,0.2208210777553385,0.9753143347757023,0,1,0,0,99,35
1701626100,12,4,0,115,019.3,0.1,088,1,0,0,0,0,0,0,0.9454353340247703,-0.3258098052199642,0.8141897215084345,0.580598912666927,-0.45793071928681145,-0.8889878831195976,0.9718507815296538,-0.23559723776012562,0.7860016659524729,0.618224377649359,-0.43690709673261263,-0.8995066363427673,0.9745528811569866,-0.2241577164155103,0.7823546882378575,0.6228331572678552,0.4342619271431383,0.9007866443469994,0.22272556617169098,0.9748811836185473,0,1,0,0,99,35
1701626160,12,4,0,116,019.3,0.1,088,1,0,0,0,0,0,0,0.23666139336428604,-0.9715921906288022,0.9928726480845371,0.11918013544881928,-0.6636338842129675,-0.7480575296890004,0.934895055524683,-0.354924266788705,0.8230808790115055,0.5679241732886948,-0.46479878803160896,-0.8854163352030204,0.9709315977974505,-0.2393571231413216,0.7871966473319489,0.616702066178912,0.4377773028727551,0.8990834405601384,0.2246292049577053,0.9744443135859889,0,1,0,0,99,34
1701626220,12,4,0,117,019.3,0.1,088,1,0,0,0,0,0,0,-0.689697940935389,-0.7240971967004738,0.9284657227653786,-0.37141809547969407,-0.8280755084772445,-0.5606165822201061,0.8833506048619953,-0.4687128213415406,0.8569459788520921,0.5154062371850283,-0.49223661120185463,-0.8704614400377044,0.967073275413426,-0.254498094258381,0.7919905600000485,0.610533334774449,0.44128599865934504,0.897366517866153,0.22653198685157808,0.9740037263445538,0,1,0,0,99,34
1701626280,12,4,0,118,019.3,0.1,088,1,0,0,0,0,0,0,-0.9819521690440836,0.1891294205289584,0.6367380071391379,-0.7710802229758452,-0.9410314083429535,-0.3383192109710552,0.8180217634546941,-0.5751872690824027,0.8874647229840752,0.46087565075494996,-0.5191937736746512,-0.8546565540481598,0.9629788559589872,-0.26957693331574223,0.7967361336464357,0.6043273395620364,0.4447879609645272,0.8956359024631707,0.22843390459477475,0.9735594235749482,0,1,0,0,99,34
1701626340,12,4,0,119,019.3,0.1,088,1,0,0,0,0,0,0,-0.3714041014380902,0.9284713207390763,0.18911462035089152,-0.9819550195245901,-0.9954785330494551,-0.09498678980629327,0.7399279660231438,-0.6726861118655962,0.9145179363647266,0.40454535477150383,-0.5456439522383145,-0.8380171104373418,0.9586493390279216,-0.2845899590311104,0.8014330786257547,0.598084459323635,0.44828313635266553,0.8938916207582536,0.2303349509320572,0.9731114069720521,0,1,0,0,99,34
1701626460,12,4,0,121,019.2,0.1,089,1,0,0,0,0,0,0,0.9988152247235795,-0.04866360920015389,-0.7241075918674496,-0.6896870271361664,-0.9191536942035773,0.3938990815322077,0.5505001900398365,-0.8348350380560844,0.9578191473488313,0.28737167740046654,-0.5969205653181726,-0.8023003419544537,0.949289297831397,-0.3144039265384152,0.8106799388594784,0.5854895701298123,0.4552529131538796,0.8903621651131107,0.2341344003845754,0.9722042391167379,0,1,0,0,99,34
1701626520,12,4,0,122,019.2,0.1,089,1,0,0,0,0,0,0,0.4987131538963941,-0.8667670910519801,-0.9661177700083929,-0.25810163593826746,-0.7931272394572851,0.6090559761063561,0.4421221685765394,-0.8969548417022889,0.9738980546500462,0.2269858567154693,-0.621696929091873,-0.7832578939006837,0.9442610586857545,-0.3291975896777772,0.8152292897331944,0.579138329901511,0.4587274082167366,0.8885770450280356,0.23603278900606633,0.9717450913248895,0,1,0,0,99,34
1701626640,12,4,0,124,019.2,0.1,089,1,0,0,0,0,0,0,-0.9956869868891794,-0.09277620459766088,-0.7391806966492228,0.6735071623235863,-0.404037645323065,0.9147423578045313,0.2064674819377966,-0.9784534628188842,0.9945987791111761,0.10379435721925297,-0.669404826237736,-0.7428978251479987,0.9335142808623762,-0.3585402173062328,0.8241784446666367,0.5663301963933087,0.46565534658516017,0.8849661565261433,0.23982685783066157,0.9708156767703494,0,1,0,0,99,34
1701626700,12,4,0,125,019.2,0.1,089,1,0,0,0,0,0,0,-0.6160404591886565,0.7877145121442345,-0.32579555541456173,0.9454402445803316,-0.165166212373579,0.9862657462824945,0.08286812933059823,-0.9965605215646701,0.99913976038507,0.04146973857724405,-0.6922897736579516,-0.7216196153712994,0.9277983658563156,-0.37308201821362325,0.8285777025160715,0.5598740848558614,0.469108684178911,0.8831404432070421,0.2417225235605465,0.9703454135530919,0,1,0,0,99,34
1701626760,12,4,0,126,019.2,0.1,089,1,0,0,0,0,0,0,0.329990825673782,0.9439841391523142,0.16735570030280691,0.9858965815825497,0.08397445569174683,0.9964679075571249,-0.04202435271884079,-0.999116586679734,0.9997791222764492,-0.021016818506448383,-0.7144987118625367,-0.6996367562862716,0.9218559421857278,-0.38753273649701414,0.832926388253192,0.5533838014899721,0.47255486375130445,0.8813012542513405,0.2436172671924749,0.9698714487630153,0,1,0,0,99,34
1701626820,12,4,0,127,019.2,0.1,089,1,0,0,0,0,0,0,0.972630067242408,0.23235910202965793,0.6195324438519512,0.784971051068018,0.3278939988258263,0.9447145206537312,-0.16626105879951092,-0.9860817716228536,0.9965143680908102,-0.08342130536363722,-0.7360099542002259,-0.6769707137817569,0.9156884606081254,-0.40188884422078897,0.8372242364566345,0.5468597424290853,0.4759938327178802,0.8794486177227995,0.24551108149857567,0.9693937842081513,0,1,0,0,99,34
1701626880,12,4,0,128,019.2,0.1,089,1,0,0,0,0,0,0,0.7210377105017316,-0.6928958219201651,0.9200260381967906,0.39185723042955,0.5514266812416906,0.8342233605065102,-0.2879033166650653,-0.9576594803233847,0.9893582466233818,-0.14550003380861354,-0.7568024953079283,-0.6536436208636119,0.9092974268256817,-0.4161468365471424,0.8414709848078965,0.5403023058681398,0.479425538604203,0.8775825618903728,0.24740395925452294,0.9689124217106447,0,1,0,0,99,33
1701626940,12,4,0,129,019.2,0.1,089,1,0,0,0,0,0,0,-0.19347339203846847,-0.9811055226493881,0.9952651713612277,-0.0971969067167568,0.740674323409674,0.6718642322981792,-0.4050529395658183,-0.914293233130974,0.9783387023753517,-0.20701058773529676,-0.7768560316221071,-0.6296782560422042,0.9026844011176343,-0.4303032325917363,0.8456663741073475,0.5337118920392648,0.48284992904666313,0.8757031152277766,0.24929589323956333,0.9684273631067475,0,1,0,0,99,33
1701627060,12,4,0,131,019.2,0.1,089,1,0,0,0,0,0,0,-0.8116033871367004,0.5842088171092894,0.45595569022148996,-0.8900024767126464,0.9721117417027341,0.23451814779175792,-0.618660590391954,-0.7856583697103207,0.9448963884231754,-0.3273695391218304,-0.8146685028653773,-0.5799269181880462,0.8887988856282523,-0.4582974371584211,0.8539020544413806,0.520433743545506,0.48967655470447735,0.8719041643281404,0.25307690103193886,0.9674461649952778,0,1,0,0,99,33
1701627180,12,4,0,133,019.2,0.1,089,1,0,0,0,0,0,0,0.8689657562142357,0.4948722204034305,-0.5025573497604873,-0.8645438740756395,0.9655423020447212,-0.2602461584004272,-0.7938029221413925,-0.6081750741355538,0.8967092823584335,-0.44261999834194465,-0.8492997110390256,-0.5279109781289149,0.8740454731102137,-0.48584412205515315,0.8619292668354965,0.5070285386173281,0.49647329302927856,0.8680519968922737,0.25685404718217525,0.9664502048456179,0,1,0,0,99,33
1701627240,12,4,0,134,019.2,0.1,089,1,0,0,0,0,0,0,0.8859248164599484,-0.4638288688518717,-0.8555199789753223,-0.5177697997895051,0.8711400001691764,-0.4910347239302405,-0.8634334728079056,-0.504462722145928,0.8673127239196736,-0.4977636376102979,-0.8653795807650819,-0.5011169336540635,0.8663477747573614,-0.4994412209389292,0.8658640831386093,0.5002793115156127,0.49986032473301345,0.8661060303206567,0.2587411541283521,0.9659466937467762,0,1,0,0,99,33
1701627300,12,4,0,135,019.1,0.1,089,1,0,0,0,0,0,0,0.08836868610400143,-0.9960878351411849,-0.999021480034635,-0.04422762066183892,0.7225744323811351,-0.6912931286141072,-0.919590432914052,-0.3928783980991401,0.8345293278546717,-0.5509635205260235,-0.8806144220162487,-0.4738335569975899,0.8584385700204732,-0.5129163884116056,0.8697460515609156,0.49349954994325695,0.503239729183191,0.8641468480366219,0.2606272740556695,0.9654394978548946,0,1,0,0,99,33
1701627360,12,4,0,136,019.1,0.1,090,1,0,0,0,0,0,0,-0.7904332067228887,-0.6125482394960996,-0.8979276806892913,0.4401430224960407,0.5290826861200238,-0.8485702747846052,-0.9613974918795568,-0.27516333805159693,0.7984871126234903,-0.6020119026848236,-0.8949893582285835,-0.4460874899137928,0.850319789818452,-0.5262663347043051,0.8735749351670712,0.4866896677019633,0.5066114548142574,0.8621744799348805,0.2625123997691533,0.964928619104771,0,1,0,0,99,33
1701627420,12,4,0,137,019.1,0.1,090,1,0,0,0,0,0,0,-0.9425144545582509,0.33416538263076073,-0.5769898687885426,0.8167513032223337,0.30269514100631545,-0.953087431252331,-0.9882022645319962,-0.1531544461445194,0.7593268223052967,-0.6507094412468135,-0.9084903525208217,-0.4179058259663213,0.8419934162350443,-0.5394878006191052,0.8773505002617554,0.4798500804318443,0.5099754501778275,0.860188956111343,0.2643965240776218,0.9644140594452528,0,1,0,0,99,33
1701627480,12,4,0,138,019.1,0.1,090,1,0,0,0,0,0,0,-0.2280522595008612,0.9736488930495181,-0.11478481378318722,0.9933903797222716,0.057487478104924564,-0.9983462274487422,-0.9995864713592172,-0.028755630329187164,0.7172013769957456,-0.6968659733660458,-0.9211042214011522,-0.38931608407176954,0.8334614820349437,-0.5525775583247253,0.8810725164039352,0.4729812055860543,0.5133316639434712,0.8581903068626603,0.26627963979371355,0.9638958208392285,0,1,0,0,99,32
1701627540,12,4,0,139,019.1,0.1,090,1,0,0,0,0,0,0,0.6960801312247417,0.717964101410472,0.375523566896625,0.926812845565509,-0.1912944777489552,-0.9815326906337631,-0.9953724656212274,0.09609190747986249,0.6722752756572777,-0.7403012587723536,-0.9328186476406745,-0.3603461816279218,0.8247260701675199,-0.5655324121445553,0.884740756420929,0.4660834624053104,0.5166800448994956,0.8561785626857608,0.26816173973391433,0.9633739052636211,0,1,0,0,99,32
1701627720,12,4,0,142,019.1,0.1,090,1,0,0,0,0,0,0,-0.5877950071674065,-0.8090099069535975,0.9510546532543747,-0.3090227281660707,-0.8090187662119065,-0.587782813560387,-0.8910058399248534,0.45399184267980686,0.5224979221586403,-0.8526405581133842,-0.9624553387335394,-0.27144008720767066,0.7973205400614205,-0.6035560921705327,0.8954205973090336,0.4452212415358611,0.5266776805903868,0.8500650685494203,0.2738018731223179,0.9617861166988793,0,1,0,0,99,32
1701627780,12,4,0,143,019.1,0.1,090,1,0,0,0,0,0,0,-0.9983453608739179,0.05750252534912421,0.6864755912087755,-0.7271528468448447,-0.9292881272363391,-0.36935562345465606,-0.8274526039159754,0.5615355627853609,0.4682224029318968,-0.8836106503390961,-0.9704665502579407,-0.24123572461485038,0.7877930326598638,-0.6159400439105862,0.8988715269465893,0.43821225227588845,0.52999422059307,0.8480012536181443,0.2756798382017224,0.9612495132945827,0,1,0,0,99,32
1701627840,12,4,0,144,019.1,0.1,090,1,0,0,0,0,0,0,-0.49102159389846933,0.8711474010323434,0.25382336276203626,-0.9672505882738824,-0.9917788534431158,-0.12796368962740468,-0.7509872467716762,0.6603167082440802,0.4121184852417566,-0.9111302618846769,-0.977530117665097,-0.2107957994307797,0.7780731968879212,-0.6281736227227391,0.9022675940990952,0.4311765167986662,0.5333026735360201,0.8459244992310679,0.2775567516463363,0.9607092430155619,0,1,0,0,99,32
1701627900,12,4,0,145,019.1,0.1,090,1,0,0,0,0,0,0,0.4677451620451334,0.8838633737085002,-0.2409736772881011,-0.9705316516498831,-0.9926055741456128,0.1213844066388201,-0.6628029848156917,0.7487938323192908,0.35440525368616455,-0.9350919292559664,-0.9836391435013062,-0.1801500357258271,0.7681634057040947,-0.6402538419541788,0.905608591488116,0.4241144645292243,0.5366029889363158,0.8438348370769082,0.27943260629630523,0.9601653079227838,0,1,0,0,99,32
1701627960,12,4,0,146,019.1,0.1,090,1,0,0,0,0,0,0,0.9964691731217737,0.08395943674184847,-0.6767719568873076,-0.7361927182273159,-0.9317168878547055,0.36318540841606234,-0.5642759039618552,0.8255862790817391,0.29530807719927077,-0.9554020826546641,-0.9887876624065108,-0.14932835856818344,0.7580660784417752,-0.6521777523926344,0.9088943151963913,0.41702652649883415,0.5398951164352044,0.8417322990413384,0.2813073949958138,0.9596177100911952,0,1,0,0,99,32
1701628020,12,4,0,147,019.1,0.1,090,1,0,0,0,0,0,0,0.6090440218832924,-0.7931364191664784,-0.9468728581933475,-0.32160813176404734,-0.8128985581744033,0.582405300557933,-0.4569434863536556,0.889495728083596,0.23505772899056523,-0.9719814113663893,-0.9929706469393719,-0.11836086480254095,0.7477836802185981,-0.6639424429863854,0.9121245646802812,0.4099131353187006,0.5431790057988708,0.8396169172065021,0.2831811105931131,0.9590664516097157,0,1,0,0,99,32
1701628080,12,4,0,148,019.1,0.1,090,1,0,0,0,0,0,0,-0.3383333943242765,-0.9410263090291437,-0.9851462604682474,0.17171734183077755,-0.6435381333569995,0.7654140519453434,-0.34248061846961253,0.939524893748256,0.17388948538043356,-0.9847651734673236,-0.9961840124864793,-0.08727779366103493,0.737318721334619,-0.6755450415549525,0.9152991427820066,0.40277472515355744,0.5464546069192036,0.8374887238505236,0.28505374594054744,0.9585115345812286,0,1,0,0,99,32
1701628140,12,4,0,149,019.1,0.1,090,1,0,0,0,0,0,0,-0.9746486480944947,-0.22374095013558368,-0.7822215000035424,0.6230004212937645,-0.4341656243337532,0.9008330648055067,-0.22267345507995925,0.9748930876782097,0.11204220705116075,-0.9937034486400381,-0.998424621250908,-0.05610949723514686,0.7266737566594609,-0.6869827154903001,0.9184178557416826,0.3956117316951685,0.5497218698145597,0.8353477514470151,0.28692529389458227,0.9579529611225739,0,1,0,0,99,32
1701628260,12,4,0,151,019.1,0.1,090,1,0,0,0,0,0,0,0.20214988141565363,0.9793545963764285,0.1016006978902495,0.9948252601277343,0.050866196399306694,0.9987054771372125,0.025441333129256026,0.9996763168989281,-0.012721696055790868,-0.9999190759503811,-0.9999797687829443,0.006360976718196107,0.7048542485087977,-0.7093521610308227,0.9244869282555656,0.3812137451412117,0.5562311816406863,0.8310276003663211,0.29066509906908233,0.9568248534518533,0,1,0,0,99,32
1701628320,12,4,0,152,019.1,0.1,090,1,0,0,0,0,0,0,0.933320523748862,0.35904428689111606,0.5661076368981803,0.8243313311075577,0.2963685787093853,0.9550736440472949,0.14987720966295234,0.9887046181866692,-0.0751511204618093,-0.9971721561963784,-0.999292788975378,0.03760215288797655,0.6936850319532718,-0.7202784714566918,0.9274369173848677,0.37397963082453317,0.5594731312473669,0.8288484876093257,0.29253334202332754,0.9562553235431753,0,1,0,0,99,32
1701628380,12,4,0,153,019.1,0.1,090,1,0,0,0,0,0,0,0.8064005807754863,-0.5913696841443247,0.8920116826993705,0.45201234267200896,0.523444198233198,0.8520599575945371,0.2719743024675887,0.9623045145884273,-0.13728708135067327,-0.9905313005121108,-0.9976300167176484,0.06880661119358068,0.6823464621460344,-0.7310289362239981,0.9303303005449188,0.3667226907187513,0.5627065439824068,0.826656727644175,0.29440046905178757,0.9556821458110889,0,1,0,0,99,32
1701628440,12,4,0,154,019.1,0.1,090,1,0,0,0,0,0,0,-0.06192033725605731,-0.9980810948185003,0.9995201585807313,-0.03097503173121646,0.7179745927716441,0.6960693098638897,0.3898273272463786,0.9208879708911095,-0.1988869391248336,-0.9800224412969096,-0.9949930756786476,0.09994388101102124,0.6708413072362862,-0.7416009307609522,0.9331669011385242,0.35944336775008645,0.565931370507906,0.8244523539144292,0.29626647303194026,0.9551053224420931,0,1,0,0,99,32
1701628500,12,4,0,155,019.1,0.1,090,1,0,0,0,0,0,0,-0.8733119827746476,-0.48716134980334147,0.862311240157329,-0.506378638074642,0.8678648045849774,0.49680044380282007,0.5015972269646135,0.8651012784069909,-0.2597101476579314,-0.9656866154211187,-0.9913845407865504,0.13098355732472944,0.6591723760425913,-0.7519918740667114,0.9359465460342037,0.35214210621089365,0.5691475616169792,0.8222354000561195,0.2981313468455477,0.9545248556365935,0,1,0,0,99,32
1701628560,12,4,0,156,019.1,0.1,090,1,0,0,0,0,0,0,-0.8817846188147811,0.47165229356133864,0.5139784559875352,-0.8578030932449878,0.9637953862840878,0.26664293235993725,0.605539869719601,0.7958149698139441,-0.31951919362227366,-0.9475798039779932,-0.9868079357144411,0.16189533041753676,0.6473425173671444,-0.7621992293414946,0.9386690655767598,0.34481935173254513,0.5723550682345072,0.820005899897234,0.299995083378683,0.9539407476088947,0,1,0,0,99,32
1701628620,12,4,0,157,019.1,0.1,089,1,0,0,0,0,0,0,-0.0795485428747221,0.9968309933617175,0.039805820166669656,-0.9992074342602034,0.9998018389311463,0.01990685484696882,0.7000332653356665,0.7141102347841574,-0.378080523973295,-0.9257727136787294,-0.9812677294395066,0.19264901546759924,0.6353546193002774,-0.7722205046059057,0.941334293597632,0.33747555125823137,0.5755538414178853,0.8177638874572022,0.3018576755217579,0.9533530005871913,0,1,0,0,99,32
1701628680,12,4,0,158,019.2,0.1,089,1,0,0,0,0,0,0,0.7958240965274552,0.6055278749869898,-0.4441126687075084,-0.8959709467909631,0.9736454556949781,-0.22806693448309956,0.7836028759783554,0.6212620483809149,-0.43516545796919887,-0.9003505007442698,-0.9747693318791554,0.22321458202336397,0.6232116085153726,-0.782053253309314,0.943942067425039,0.330111153015682,0.5787438323577704,0.8155093969463755,0.30371911616954944,0.9527616168135594,0,1,0,0,99,32
1701628740,12,4,0,159,019.2,0.1,089,1,0,0,0,0,0,0,0.9395197317131483,-0.34249477911590703,-0.8192968873112808,-0.5733695234681091,0.8869525137988248,-0.46186062645125475,0.8549446258241684,0.5187192754991592,-0.49055108016436005,-0.8714124383720832,-0.9673190886083255,0.25356218332779523,0.610916449554358,-0.791695074927145,0.9464922278939074,0.3227266064898082,0.5819249923788253,0.8132424627655053,0.30557939822122726,0.9521665985439484,0,1,0,0,99,32
1701628800,12,4,0,160,019.2,0.1,089,1,0,0,0,0,0,0,0.21942525837900473,-0.9756293127952373,-0.9938886539233752,-0.11038724383904756,0.7451131604793488,-0.6669380616522619,0.9129452507276277,0.408082061813392,-0.5440211108893698,-0.8390715290764524,-0.9589242746631385,0.28366218546322625,0.5984721441039564,-0.8011436155469337,0.9489846193555862,0.3153223623952687,0.5850972729404622,0.8109631195052179,0.30743851458038085,0.9515679480481722,0,1,0,0,99,32
1701628860,12,4,0,161,019.2,0.0,089,1,0,0,0,0,0,0,-0.702407785577371,-0.7117747556357236,-0.9251418149764185,0.37962168297153187,0.5569462797382114,-0.8305485184417379,0.9566996703359257,0.2910768640396056,-0.5953667508185162,-0.8034540634160753,-0.9495930874369493,0.3134851962883771,0.5858817302628675,-0.8103965684429991,0.9514190896873468,0.30789887264895993,0.5882606256375825,0.8086714019454874,0.3092964581550463,0.9509656676099004,1,0,0,0,99,32
1701628920,12,4,0,162,019.2,0.0,089,1,0,0,0,0,0,0,-0.9784503507933796,0.20648222933781113,-0.6298879942744539,0.7766859820216312,0.33415117684842055,-0.9425194910508831,0.9855251115651197,0.16952950915565845,-0.6443874963266829,-0.7646991268321347,-0.9393346386757316,0.3430020941392817,0.5731482818000584,-0.8194516746395976,0.9537954903016678,0.30045659034243405,0.5914150022013163,0.8063673450551039,0.3111532218577337,0.95035975952665,1,0,0,0,99,32
1701628980,12,4,0,163,019.2,0.0,089,1,0,0,0,0,0,0,-0.35491017584493534,0.9349004048997503,-0.1804156244623088,0.9835904648022342,0.09058017221711874,-0.995889166725453,0.9989717630457462,0.04533670298194944,-0.690891922451714,-0.7229580565226276,-0.9281589455806122,0.3721840562660983,0.5602749074043482,-0.8283067234624195,0.9561136761553041,0.2929959697142441,0.5945603544997581,0.8040509839911409,0.3130087986054538,0.9497502261097759,1,0,0,0,99,32
1701629040,12,4,0,164,019.2,0.0,089,1,0,0,0,0,0,0,0.5949327780232085,0.803775459710974,0.31322878243308516,0.9496776978825432,-0.158622668804709,-0.9873392775238264,0.9968297942787993,-0.07956356727854007,-0.7346984304047954,-0.6783938504738453,-0.9160769210262436,0.40100258697803604,0.5472647499254653,-0.8369595530782943,0.9583735057581397,0.28551746612221973,0.5976966345387016,0.8017223540984184,0.3148631813197452,0.949137069684463,1,0,0,0,99,32
1701629100,12,4,0,165,019.2,0.0,089,1,0,0,0,0,0,0,0.9977972794498907,-0.06633693633562374,0.7301838591531669,0.6832507093535931,-0.397963120556671,-0.9174014141458452,0.979132629970487,-0.2032222746823719,-0.7756359567098382,-0.6311805309567257,-0.9031003629045682,0.429429545468913,0.5341209856067664,-0.8454080510229699,0.9605748411818232,0.2780215360156746,0.6008237944623721,0.7993814909089635,0.31671636292670174,0.9485202925897167,1,0,0,0,99,32
1701629160,12,4,0,166,019.2,0.0,089,1,0,0,0,0,0,0,0.48329156372825655,-0.875459459043705,0.9683644611001854,0.24954011797333814,-0.6125601529754697,-0.7904239741978156,0.9461564284508708,-0.3237097664592346,-0.8135446412026923,-0.5815024649736085,-0.889241942604376,0.45743717329617606,0.5208468233098019,-0.8536501547168418,0.9627175480681864,0.27050863690754695,0.6039417865541566,0.7970284301414683,0.31856833635699866,0.9478998971783541,1,0,0,0,99,32
1701629220,12,4,0,167,019.2,0.0,089,1,0,0,0,0,0,0,-0.47555018687189876,-0.8796885924951523,0.9694556700786149,-0.24526659730265726,-0.78907116196914,-0.6143017998904703,0.8984157723154882,-0.43914587559803503,-0.8482764512816665,-0.5295536443090374,-0.8745151926379088,0.48499812148654897,0.5074455037309183,-0.8616838519685015,0.964801495637445,0.26297922734647544,0.6070505632373322,0.7946632077007452,0.32041909454592027,0.9472758858169951,1,0,0,0,99,32
1701629280,12,4,0,168,019.2,0.0,089,1,0,0,0,0,0,0,-0.9971732887740798,-0.07513609089835323,0.7331903200732922,-0.6800234955873388,-0.9165215479156338,-0.39998531498835127,0.836655638536056,-0.5477292602242684,-0.8796957599716702,-0.47553692799599256,-0.858934493426592,0.5120854772418407,0.4939202986100892,-0.8695071814659844,0.9668265566961802,0.2554337668888117,0.6101500770757914,0.7922858596771786,0.3222686304333866,0.9466482608860534,1,0,0,0,99,32
1701629340,12,4,0,169,019.2,0.1,089,1,0,0,0,0,0,0,-0.6019998676776046,0.7984961861625556,0.31741440880766936,-0.9482869255037094,-0.9869870631127111,-0.16079968049764676,0.7618397733439909,-0.6477655129374955,-0.907679875544648,-0.4196632501557079,-0.8425150592587969,0.538672790218836,0.4802745099321658,-0.8771182332555959,0.9687926076451028,0.24787271607057126,0.6132402807747664,0.7898964223461742,0.3241169369639805,0.9460170247797273,0,1,0,0,99,32
1701629400,12,4,0,170,019.2,0.1,089,1,0,0,0,0,0,0,0.3466494554970303,0.9379947521194415,-0.1760756199485871,-0.9843766433940419,-0.996086503119594,0.08838369930580556,0.675135653292801,-0.7376936014721172,-0.9321195206281534,-0.36215079630444197,-0.8252729234333458,0.5647340983576067,0.4665114691207459,-0.8845151492081995,0.970699528486596,0.24029653637932502,0.616321127181551,0.7874949321676061,0.3259640070869742,0.9453821799059907,0,1,0,0,99,32
1701629460,12,4,0,171,019.2,0.1,089,1,0,0,0,0,0,0,0.9765908679435658,0.21510526876214117,-0.6264561960895026,-0.7794566276458689,-0.943254108829076,0.33207180876591375,0.5778962671769416,-0.8161102280837784,-0.9529192589311485,-0.3032241513437061,-0.8072249226032686,0.5902439532330229,0.45263453622485383,-0.8916961234728519,0.9725472028320404,0.23270569022603224,0.6193925692862192,0.7850814257852596,0.32780983375635664,0.944743728686584,0,1,0,0,99,32
1701629520,12,4,0,172,019.2,0.2,089,1,0,0,0,0,0,0,0.7086591401823227,-0.7055510066862999,-0.9234584470040598,-0.38369844494974187,-0.8317747426285983,0.5551133015206257,0.47163900309419615,-0.8817917275413242,-0.9699978679206785,-0.24311342256103,-0.7883886803350966,0.6151774449047079,0.4386470990986331,-0.898659402917676,0.9743355179089173,0.22510064091681745,0.6224545602223437,0.7826559400262728,0.32965440993086015,0.9441016735570044,0,1,0,0,99,32
1701629580,12,4,0,173,019.2,0.2,089,1,0,0,0,0,0,0,-0.2108105329134813,-0.9775269404025313,-0.9943658633527529,0.10600249902117563,-0.6685796515669709,0.7436405378343678,0.3580219701119138,-0.9337131620134654,-0.983288655994125,-0.18205334106592852,-0.7687825898997481,0.6395102262411726,0.4245525725742499,-0.9054032875578629,0.9760643645676915,0.2174818526246926,0.62550705326771,0.7802185119005741,0.3314977285739873,0.943456016966497,0,1,0,0,99,32
1701629640,12,4,0,174,019.2,0.2,089,1,0,0,0,0,0,0,-0.9364619742512132,-0.3507691132091307,-0.8218178366308225,0.5697503342653119,-0.4638155159838274,0.8859318072699817,0.23881812402958275,-0.9710643148808378,-0.9927397229084867,-0.1202823451699422,-0.7484257963118128,0.6632185366943757,0.41035439762821135,-0.9119261309706986,0.9777336372884741,0.20984979036122642,0.6285500018450296,0.7777691786003179,0.33333978265403763,0.9428067613780455,0,1,0,0,99,32
1701629700,12,4,0,175,019.2,0.3,089,1,0,0,0,0,0,0,-0.8011345951780408,0.5984842190140996,-0.44806014160260915,0.8940034169437217,-0.23021357807075407,0.9731401278705245,0.11588760099655933,-0.9932623338953623,-0.9983141624497176,-0.058041649290133286,-0.7273381776347689,0.6862792255014961,0.3960560405413001,-0.9182263406975145,0.9793432341874616,0.2022049199481623,0.6315833595226515,0.7753079774993168,0.3351805651441348,0.9421539092683628,0,1,0,0,99,32
1701629760,12,4,0,176,019.2,0.3,089,1,0,0,0,0,0,0,0.07075223608034517,0.9974939203271522,0.03539830273366068,0.9993732836951247,0.017701925105413577,0.9998433086476912,-0.008851309290403876,-0.9999608263946371,-0.9999902065507035,0.004425697988050785,-0.7055403255703919,0.70866977429126,0.3816609920523317,-0.9243023786324636,0.9808930570231557,0.19454770798898718,0.6346070800152693,0.7728349461524715,0.33702006902225307,0.9414974631278811,0,1,0,0,99,32
1701629820,12,4,0,177,019.2,0.3,089,1,0,0,0,0,0,0,0.8775897877771157,0.47941231147032193,0.5101900080017631,0.8600617162362019,0.2645168083164075,0.9643810751555119,-0.13345209785628734,-0.9910552646435797,-0.9977613102950975,0.06687576301030233,-0.6830535253513071,0.7303683190727478,0.3671727665059408,-0.9301527613980265,0.9823830112023585,0.1868786218404523,0.6376211171846285,0.7703501222951977,0.3388582872712443,0.9408374254607429,0,1,0,0,99,32
1701629880,12,4,0,178,019.2,0.3,089,1,0,0,0,0,0,0,0.8775753358042688,-0.4794387656291727,0.8600694058124533,0.5101770449416689,0.4948853175526281,0.8689582973139933,-0.25597041106933305,-0.9666846169547733,-0.9916361774750792,0.12906467960915324,-0.6598997349563215,0.7513536715852107,0.3525949009946041,-0.9357760607071574,0.9838130057859464,0.17919812958404827,0.6406254250402305,0.7678535438428503,0.3406952128788645,0.9401737987847912,0,1,0,0,99,32
1701629940,12,4,0,179,019.2,0.4,089,1,0,0,0,0,0,0,0.07072216723899125,-0.9974960526543551,0.9993738171110836,0.03538323999893738,0.6944842546815092,0.7195079012766077,-0.374494391629162,-0.9272291791344273,-0.9816387266032314,0.19074960139614014,-0.6361015636688295,0.7716053399880473,0.33793095449511035,-0.9411709037119792,0.9851829534944205,0.17150669999743565,0.6436199577400332,0.7653452488901449,0.34253083883780094,0.9395065856315603,0,1,0,0,99,32
1701630000,12,4,0,180,019.1,0.4,089,1,0,0,0,0,0,0,-0.8011526357338304,-0.5984600690578581,0.8939966636005579,-0.4480736161291702,0.8509035245341184,0.5253219888177297,-0.4871745124605095,-0.8733046400935156,-0.9678079975112615,0.2516896500717544,-0.6116822499992318,0.7911035488707386,0.32318450699968687,-0.9463359733389455,0.9864927707132337,0.16380480252583335,0.6466046695911524,0.7628252757105762,0.3443651581456984,0.9388357885462655,0,1,0,0,99,32
1701630060,12,4,0,181,019.1,0.4,089,1,0,0,0,0,0,0,-0.936451400117644,0.3507973420904214,0.5697379476169631,-0.8218264239151785,0.9544177345154423,0.29847409944986975,-0.5922524379646446,-0.8057524742282427,-0.9501979989002931,0.31164685605004694,-0.5866656389929246,0.8098292585632008,0.3083591586419959,-0.9512700086103841,0.987742377497894,0.15609290725336597,0.6495795150505572,0.7602936627558348,0.3461981638051863,0.9381614100877936,0,1,0,0,99,32
1701630120,12,4,0,182,019.1,0.4,089,1,0,0,0,0,0,0,-0.21078106590019152,0.9775332947055968,0.10598751175115685,-0.9943674609282015,0.9985908724117705,0.05306853621402457,-0.688088462258297,-0.7256268104935293,-0.9288774974380447,0.37038708772476847,-0.5610761589460167,0.8277641837276992,0.2934585288182137,-0.9559718049523478,0.9889316975788438,0.1483714848743724,0.652544448725766,0.7577504486552193,0.34802984882390525,0.9374834528286937,0,1,0,0,99,32
1701630180,12,4,0,183,019.1,0.4,089,1,0,0,0,0,0,0,0.7086804082392084,0.705529644294206,-0.38371236343503057,-0.9234526637284138,0.9806764664578257,-0.19563657157033057,-0.7731870962355524,-0.6341779830732337,-0.9039297492264633,0.42768096574828196,-0.5349387975515134,0.8448908112141716,0.27848625530340665,-0.9604402144886925,0.9900606583661156,0.14064100666467697,0.6554994253755387,0.7551956722150481,0.3498602062145335,0.9368019193551667,0,1,0,0,99,32
1701630240,12,4,0,184,019.1,0.5,089,1,0,0,0,0,0,0,0.9765843832906294,-0.21513470736462095,-0.7794660696158047,-0.626444447910339,0.9017883476488092,-0.4321779448847783,-0.8462204041751706,-0.5328330203333975,-0.8754521746884285,0.4833047587530059,-0.5082790774992584,0.8611924171615208,0.26344599336342084,-0.9646741463213163,0.9911291909537616,0.13290194445282522,0.6584443999105676,0.7526293724180665,0.3516892289948141,0.9361168122670553,0,1,0,0,99,32
1701630300,12,4,0,185,019.2,0.5,089,1,0,0,0,0,0,0,0.346621180094276,-0.9380052012169503,-0.9843792971250844,-0.17606078322989716,0.7668313971238714,-0.6418485868061496,-0.9060487257333762,-0.4231733765218757,-0.8435559781430856,0.537041257017617,-0.4811230315534598,0.876653083328182,0.2483414148625013,-0.9686725667964852,0.9921372301240603,0.12515477059128596,0.6613793273941642,0.7500515884228517,0.3535169101875809,0.9354281341778351,0,1,0,0,99,32
1701630360,12,4,0,186,019.2,0.5,089,1,0,0,0,0,0,0,-0.6020239375552833,-0.7984780389030324,-0.9482821412699473,0.31742870151970165,0.5841965844132856,-0.8116121923430246,-0.9517384599623535,-0.3069102537037296,-0.808365713555359,0.5886806206663637,-0.45349717713213844,0.8912577126360152,0.23317620736685893,-0.9724344997571855,0.9930847143514961,0.1173999579276213,0.6643041630429463,0.7474623595632162,0.3553432428207858,0.9347358877146036,0,1,0,0,99,32
1701630420,12,4,0,187,019.2,0.5,089,1,0,0,0,0,0,0,-0.997171023392149,0.07516615000819327,-0.6800124447360528,0.7332005694242856,0.365239257594056,-0.9309136827397816,-0.9825766338407864,-0.18585789902532845,-0.7700187981553854,0.6380211990892903,-0.4254284904133183,0.9049920439123458,0.21795407324440425,-0.9759590267814386,0.9939715858065156,0.10963797977562646,0.6672188622275204,0.7448617253476065,0.3571682199275248,0.9340400755180708,0,1,0,0,99,32
1701630480,12,4,0,188,019.1,0.7,089,1,0,0,0,0,0,0,-0.47552366901205834,0.879702927248347,-0.24525198546765434,0.9694593666699876,0.123573122745224,-0.9923354691509287,-0.9980820279793963,-0.061905293994420546,-0.72866497582717,0.6848703183835534,-0.39694437999324705,0.9178426658157577,0.20267872876086712,-0.9792452874065205,0.9947977903590559,0.10186930988644112,0.6701233804731629,0.7422497254585013,0.35899183454606504,0.9333407002425484,0,1,0,0,99,32
1701630540,12,4,0,189,019.2,0.8,089,1,0,0,0,0,0,0,0.48331795366796265,0.8754448901342752,0.24955471330524379,0.9683606998774462,-0.1257761903592125,-0.9920586423890088,-0.9980126858885634,0.06301332244450873,-0.6844657323619245,0.7290450337408892,-0.36807266012236683,0.9297970299320409,0.1873539031725241,-0.982292479339031,0.9955632775818498,0.09409442241963412,0.673017673460499,0.7396263997518051,0.360814079719871,0.9326377645559408,0,1,0,0,99,32
1701630600,12,4,0,190,019.2,0.9,089,1,0,0,0,0,0,0,0.9977992786806003,0.06630685835171127,0.683261714736121,0.7301735609948197,-0.36730534913419133,-0.9301004142012893,-0.9823696896284233,0.18694863706204273,-0.6375936648595081,0.7703728438431753,-0.3388415235451705,0.9408434630275048,0.17198333781575365,-0.9850998586507625,0.9962680007535027,0.08631379191426318,0.6759016970261789,0.7369917882562408,0.36263494849763117,0.931931271139734,0,1,0,0,99,32
1701630660,12,4,0,191,019.2,1.1,089,1,0,0,0,0,0,0,0.594908548461427,-0.8037933932096717,0.9496824188142243,0.31321446868745406,-0.5859972403145539,-0.8103130471266812,-0.9513971429236797,0.3079666807248138,-0.588231807740446,0.8086923644763854,-0.30927951397046544,0.9509711784476923,0.15657078519364281,-0.98766673996032,0.9969119168613444,0.07852789325991148,0.6787754071635509,0.734345931172738,0.3644544339332847,0.9312212226889854,0,0,1,0,99,32
1701630720,12,4,0,192,019.1,1.2,089,1,0,0,0,0,0,0,-0.3549383576518463,-0.9348897059372352,0.9835877454343449,-0.18043044929108396,-0.7682546613236668,-0.6401443394691997,-0.9055783620066239,0.424179007336997,-0.5365729180004349,0.8438539587324921,-0.27941549819892586,0.960170286650366,0.1411200080598672,-0.9899924966004454,0.9974949866040544,0.0707372016677029,0.6816387600233341,0.7316888688738209,0.36627252908604757,0.9305076219123143,0,0,1,0,99,32
1701630780,12,4,0,193,019.1,1.3,089,1,0,0,0,0,0,0,-0.9784565746221131,-0.20645273449087873,0.7766764881502719,-0.629899700551255,-0.9027457284726566,-0.43017455727224563,-0.8456283336289784,0.5337721624100279,-0.482818722498399,0.8757203213383905,-0.2492786379351523,0.9684318048624773,0.12563477850006885,-0.9920765607710116,0.9980171743940611,0.06294219264129754,0.6844917119142869,0.7290206419029908,0.36808922702043945,0.9297904715318905,0,0,1,0,99,32
1701630840,12,4,0,194,019.1,1.4,089,1,0,0,0,0,0,0,-0.7023863292684922,0.711795928940826,0.3796077390275217,-0.9251475365964139,-0.981108438603097,-0.1934586046207122,-0.7724825579327705,0.6350359814133715,-0.42717913021742326,0.904167014830051,-0.2188983613117615,0.9757476658516921,0.11011887701095537,-0.9939184236776407,0.9984784483597131,0.055143341947869365,0.6873342193038735,0.7263412909741086,0.3699045208063098,0.929069774283425,0,0,1,0,99,32
1701630900,12,4,0,195,019.1,1.4,089,1,0,0,0,0,0,0,0.21945466799406363,0.9756226979194443,-0.11040222389190282,-0.9938869900344416,-0.9984705779426957,0.05528566706461281,-0.6872824502835014,0.7263902763200416,-0.36987141257466655,0.9290829554781537,-0.18830433415331466,0.9821107258039069,0.09457609157734605,-0.9955176356559202,0.9988787803472252,0.04734112558906797,0.6901662388189284,0.7236508569707729,0.37171840351886476,0.9283455329161585,0,0,1,0,99,32
1701630960,12,4,0,196,019.1,1.4,089,1,0,0,0,0,0,0,0.9395300555699313,0.3424664577455166,-0.5733818719904229,-0.8192882452914593,-0.9537526527594719,0.3005925437436371,-0.5913575298651244,0.8064094939122546,-0.3111193549811273,0.9503708470676735,-0.157526431008143,0.987514771299061,0.07901021674738969,-0.9968738062811815,0.999218145922396,0.03953601977196579,0.692987727246318,0.7209493809456964,0.37353086823869297,0.9276177501928519,0,0,1,0,99,32
1701631020,12,4,0,197,019.1,1.5,089,1,0,0,0,0,0,0,0.7958058429196471,-0.6055518643146514,-0.8959776404338033,-0.44409916442465225,-0.8497350070535673,0.5272100319490078,-0.486204672977848,0.873844961062604,-0.2511523829644027,0.9679475608375188,-0.1265947059763584,0.9919545253784365,0.06342505270618003,-0.9979866044638166,0.9994965243721002,0.03172850087999289,0.6957986415336003,0.7182369041200796,0.3753419080517924,0.9268864288897749,0,0,1,0,99,32
1701631080,12,4,0,198,019.1,1.5,090,1,0,0,0,0,0,0,-0.07957859166428352,-0.9968285949694307,-0.9992068341863537,0.0398208803931389,-0.6928849542336957,0.7210481538680822,-0.3734647547841147,0.9276443698605846,-0.19020466626691288,0.9817444600965631,-0.0955393633625346,0.9954256526975189,0.04782440434799511,-0.998855758530109,0.9997138987055519,0.023919045443861007,0.6985989387896817,0.7155134678829815,0.37715151604959674,0.9261515717966962,0,0,1,0,99,32
1701631140,12,4,0,199,019.1,1.5,090,1,0,0,0,0,0,0,-0.8817988360675502,-0.47162571251991114,-0.857795346373455,0.5139913848889341,-0.49295467089331135,0.8700549939196184,-0.2548970440004961,0.9669681985255819,-0.12851420441806832,0.9917076682484567,-0.06439072818171633,0.997924763759387,0.03221208034738687,-0.9994810562885589,0.9998702556553423,0.016108130112478542,0.7013885762854716,0.7127791137906885,0.3789596853290014,0.9254131817168719,0,0,1,0,99,32
1701631260,12,4,0,201,019.0,1.6,090,1,0,0,0,0,0,0,-0.06189025071872073,0.9980829609135574,-0.030959966783271346,0.9995206253283515,-0.015481838903188173,0.9998801491499747,-0.00774115140096295,0.9999700368385982,-0.003870604694478365,0.9999925091815933,-0.0019353059714989746,0.9999981272936448,0.0009676534387822795,-0.9999995318233016,0.9999998829558185,0.0004838267760202487,0.7069357018937364,0.7072778190979907,0.3825716801476615,0.9239258138773888,0,0,1,0,99,32
1701631320,12,4,0,202,019.0,1.6,090,1,0,0,0,0,0,0,0.8064184068658303,0.591345375451585,0.45202578717835057,0.8920048697881602,0.23237376165548454,0.9726265649744922,0.11699024537436405,0.9931330638374931,0.05859580259074419,0.9982817898362899,0.029310494397997367,0.999570355161729,-0.014656821590492326,-0.9998925830212285,0.9999731453947223,-0.007328607602110553,0.7096931053638997,0.7045109624405745,0.3843754919082546,0.9231768417915862,0,0,1,0,99,32
1701631380,12,4,0,203,019.0,1.7,090,1,0,0,0,0,0,0,0.9333097001669604,-0.35907242107165305,0.82433986348825,0.5660952123664124,0.46578148719844353,0.8848997718291073,0.23989604849902457,0.9707985815371557,0.12083339452081168,0.9926728014651041,0.060527673567121146,0.9981665195409792,-0.030277718366983942,-0.9995415247854836,0.9998853746268829,-0.015140594679806359,0.712439679790439,0.7017333558126596,0.38617783739317585,0.9224243480667289,0,0,1,0,99,32
1701631440,12,4,0,204,019.0,1.7,091,1,0,0,0,0,0,0,0.2021203593127912,-0.9793606896089245,0.9948267913584063,0.10158570369662134,0.6702291758433747,0.7421541968137826,0.3590583540221683,0.933315112063922,0.182599134631134,0.9831874470475918,0.09168574849017776,0.9957879912530557,-0.045891223272779696,-0.9989464428219001,0.9997365760093756,-0.022951657653640416,0.7151753832640076,0.6989450415971057,0.38797870972702503,0.9216683355733519,0,0,1,0,99,32
1701631500,12,4,0,205,019.0,1.8,091,1,0,0,0,0,0,0,-0.7148975077677644,-0.6992292566729738,0.9217454249067293,-0.3877955281633778,0.833005260536624,0.5532650684060137,0.4726176740209713,0.8812675724222507,0.24365182902837945,0.9698627666897649,0.12275429383576587,0.9924370928904676,-0.06149352449458594,-0.998107482411205,0.9995267586241013,-0.030761319776588504,0.7179001740411366,0.696146062340157,0.3897781020400216,0.9209088071954131,0,0,1,0,99,32
1701631560,12,4,0,206,018.9,1.9,091,1,0,0,0,0,0,0,-0.97464190312541,0.22377033018717848,0.6229886314423488,-0.7822308898871159,0.9439891127251193,0.32997659774057014,0.5788019532877502,0.8154681470604999,0.3037530682474665,0.95275079298327,0.15370297169659722,0.9881170965485999,-0.07708081295432778,-0.9970248483735498,0.9992559352772317,-0.03856910438712712,0.7206140105448711,0.6933364607507934,0.3915760074680308,0.9201457658302823,0,0,1,0,99,32
1701631620,12,4,0,207,018.9,2.0,091,1,0,0,0,0,0,0,-0.3383050275409778,0.9410365074429887,0.17170249351277814,-0.9851488485104646,0.9962802940213323,0.08617178044329644,0.6759542216587983,0.7369436140042521,0.36266815823542314,0.9319183478192314,0.18450156121394817,0.9828322206305692,-0.09264928323908087,-0.9956988050185078,0.9989241224984278,-0.04637453493832645,0.7233168513654049,0.6905162797000783,0.39337241915258986,0.9193792143887304,0,0,0,1,99,32
1701631680,12,4,0,208,018.9,2.1,091,1,0,0,0,0,0,0,0.6090679301910603,0.7931180595679168,-0.32162240316253093,-0.9468680107512125,0.9866275920404853,-0.16299078079570548,0.7625584504796027,0.6469193223286404,0.4201670368266409,0.9074467814501962,0.21511998808781552,0.9765876257280235,-0.10819513453010837,-0.9941296760805463,0.9985313405398316,-0.05417713502693632,0.7260086552607126,0.6876855622205048,0.39516733024093426,0.9186091557949183,0,0,0,1,99,32
1701631740,12,4,0,209,018.9,2.2,091,1,0,0,0,0,0,0,0.9964666417661079,-0.08398947462256867,-0.7362029185702026,-0.6767608607837156,0.9156311650396451,-0.40201936471784816,0.837263209724949,0.5468000709958585,0.4760251721307086,0.879431654819139,0.24552835394396,0.9693894095819128,-0.12371457153077643,-0.9923178446399905,0.9980776133748294,-0.061976428422463405,0.7286893811571785,0.684844351505339,0.39696073388602365,0.9178355929863853,0,0,0,1,99,32
1701631800,12,4,0,210,018.9,2.3,091,1,0,0,0,0,0,0,0.46771851834275896,-0.8838774731823718,-0.9705352835374847,-0.24095904923620143,0.7877052269841179,-0.616052331690985,0.8989027566124672,0.43814818743720435,0.5300244393246389,0.8479823663960249,0.27569696552916134,0.961244601128148,-0.13920380539312127,-0.9902637530295018,0.9975629686965886,-0.06977193909623788,0.7313589881502236,0.6819926909079606,0.3987526232465684,0.9170585289140385,0,0,0,1,99,32
1701631860,12,4,0,211,018.9,2.4,091,1,0,0,0,0,0,0,-0.491047853850463,-0.8711325991081119,-0.9672467624934477,0.2538379413049674,0.6108035931029845,-0.7917821484805551,0.9465152266288576,0.3226591479560474,0.5819539724256346,0.813221724979125,0.3055963637061761,0.9521611536339647,-0.15465905464284221,-0.9879679027260867,0.9969874379163678,-0.07756319125046778,0.7340174355049299,0.6791306239412018,0.4005429914870551,0.916277966542141,0,0,0,1,99,32
1701631920,12,4,0,212,018.9,2.5,091,1,0,0,0,0,0,0,-0.9983470937967718,-0.057472430847665464,-0.7271425000808527,0.6864865509069841,0.39592515018183416,-0.9182827862121189,0.979357643103917,0.20213512038718198,0.6316109877182386,0.775285470129288,0.33519735222008545,0.9421479369316923,-0.1700765461024943,-0.9854308542286699,0.9963510561615996,-0.08534970934727917,0.7366646826566614,0.6762581942766833,0.4023318317777731,0.9154939088483012,0,0,0,1,99,32
1701631980,12,4,0,213,018.9,2.5,091,1,0,0,0,0,0,0,-0.5877706198198406,0.8090276252864301,-0.30900839366720273,0.9510593107915064,0.15642999905467883,-0.9876890479274097,0.9969175111129831,0.07845684187051573,0.6788015756204033,0.7343217421098587,0.3644710262079424,0.9312147287575134,-0.1854525158126556,-0.9826532269212557,0.9956538622737461,-0.09313101813774066,0.7393006892116836,0.6733754457441478,0.4041191372948405,0.9147063588234609,0,0,0,1,99,32
1701632040,12,4,0,214,018.9,2.5,091,1,0,0,0,0,0,0,0.36319945137636067,0.9317114137542325,0.18478174456066745,0.9827795820412206,-0.09279121175730869,-0.9956855884367365,0.9989208147888241,-0.046445729422969886,0.7233414578962587,0.6904905034021214,0.39338880042387997,0.9193722052036709,-0.20078320995084364,-0.9796356989217142,0.9948958988059289,-0.10090664269087,0.7419254149477796,0.6704824223307908,0.4059049012202299,0.9139153194718838,0,0,0,1,99,32
1701632100,12,4,0,215,018.9,2.6,091,1,0,0,0,0,0,0,0.9802456219572225,0.19778402522372224,0.6333308672314487,0.7738811359710619,-0.3362431144491573,-0.9417752215818438,0.9853362932476007,-0.17062353064298638,0.7650567072586797,0.6439629140552325,0.4219224371521189,0.906631930293444,-0.21606488574795768,-0.9763790069162293,0.9940772120203313,-0.10867610842262153,0.7445388198148641,0.6675791681805906,0.4076891167417947,0.9131207938111449,0,0,0,1,99,32
1701632160,12,4,0,216,018.9,2.6,091,1,0,0,0,0,0,0,0.6960584883449115,-0.7179850839697136,0.926818505417785,0.3755095977670121,-0.5587890488516163,-0.8293098328631502,0.956375928404503,-0.2921388087338362,0.8037844265516209,0.594920663309892,0.4500440737806176,0.8930063446890767,-0.23129381240202182,-0.9728839459794464,0.9931978518853749,-0.11643894112485227,0.7471408639355942,0.6646657275936332,0.40947177705329507,0.9123227848721178,0,0,0,1,99,32
1701632220,12,4,0,217,018.9,2.6,091,1,0,0,0,0,0,0,-0.22808160941352784,-0.9736420181192547,0.9933886495524434,-0.1147997863254662,-0.7465921866472573,-0.665281975433926,0.9124916370668626,-0.4090953584227484,0.8393733848600241,0.5435552601057465,0.4777262500084402,0.8785087535436817,-0.24646627198900695,-0.9691513693803672,0.9922578720726702,-0.1241946669942652,0.749731507605978,0.6617421450254377,0.4112528753544237,0.9115212956989643,0,0,0,1,99,32
1701632280,12,4,0,218,018.9,2.6,091,1,0,0,0,0,0,0,-0.9425245273294025,-0.33413697099017103,0.8167426066363169,-0.577002178942952,-0.8879758383376634,-0.4598901070131037,0.8543682189235223,-0.5196681118689583,0.8716846080633058,0.49006728524307847,0.5049419346602744,0.8631533135089845,-0.26157856037050853,-0.9651821883740356,0.99125732995374,-0.13194281266132774,0.7523107112959804,0.6588084650862769,0.413032404850832,0.9107163293491221,0,0,0,1,99,32
1701632340,12,4,0,219,018.9,2.6,091,1,0,0,0,0,0,0,-0.7904147414931815,0.6125720663156844,0.44012948872139646,-0.8979343145007,-0.9741494532413135,-0.22590449917974179,0.7829126704747286,-0.6221316182369524,0.9005919215263238,0.4346656081190733,0.531664552081915,0.8469550189115929,-0.2766269880980588,-0.9609773719790682,0.9901962865965183,-0.1396829052191638,0.7548784356501264,0.6558647325404974,0.4148103587541557,0.9099078888932927,0,0,0,1,99,32
1701632400,12,4,0,220,018.9,2.7,091,1,0,0,0,0,0,0,0.08839871248753149,0.9960851708717215,-0.044242678085070965,-0.999020813314648,-0.9997551733586199,0.022126756261955736,0.6992400316550977,-0.7148869687796651,0.9259824428086272,0.3775665710972933,0.5578680080909402,0.8299296871112918,-0.2916078813138529,-0.9565379467410825,0.9890748067616226,-0.14741447225241752,0.7574346414881015,0.6529109923058358,0.41658673028204113,0.909095977415431,0,0,0,1,99,32
1701632460,12,4,0,221,018.9,2.7,091,1,0,0,0,0,0,0,0.8859387978787574,0.4638021630104179,-0.5177826942789717,-0.855512174960245,-0.9632009590319782,0.2687822771684872,0.6046559860083719,-0.7964867472747074,0.9477570224679708,0.31899314469537793,0.5835267154572368,0.8120939430556596,-0.3065175826476683,-0.9518649964820798,0.9878929588984021,-0.1551370418660872,0.7599792898053496,0.6499472894527343,0.41836151265817084,0.9082805980127326,0,0,0,1,99,32
1701632520,12,4,0,222,018.9,2.7,091,1,0,0,0,0,0,0,0.8689508382163492,-0.49489841458940237,-0.8645514486106083,-0.5025443191453852,-0.8667595742607592,0.49872621790648564,0.500636485932415,-0.8656576164704166,0.9658306312367652,0.2591740568899436,0.608615618888497,0.7934652030460894,-0.3213524521097596,-0.9469596620358465,0.9866508151407586,-0.1628501427143272,0.7625123417736683,0.6469736692036518,0.4201346991122895,0.9074617537956219,0,0,0,1,99,32
1701632580,12,4,0,223,018.9,2.7,090,1,0,0,0,0,0,0,0.05305348526993529,-0.9985916721566993,-0.9996478560364893,-0.026536087157875483,-0.7164272772437812,0.6976617779562402,0.38880472093569013,-0.9213201880877897,0.980132692059547,0.19834289993873028,0.6331102194962855,0.7740616577310655,-0.3361088679795094,-0.9418231409694353,0.9853484513027448,-0.17055330402921653,0.765033758741801,0.643990176932375,0.4219062828802298,0.9066394478877409,0,0,0,1,99,32
1701632640,12,4,0,224,018.9,2.7,090,1,0,0,0,0,0,0,-0.8116209973649744,-0.5841843515845697,-0.8899956043668333,0.4559691044442761,-0.5215510020869119,0.8532201077225842,0.27090578830786904,-0.9626058663135666,0.9906073556948704,0.1367372182078336,0.6569865987187891,0.7539022543433046,-0.35078322768961984,-0.9364566872907963,0.9839859468739369,-0.17824605564949209,0.7675435022360271,0.6409968581633251,0.42367625720393803,0.9058136834259364,0,0,0,1,99,32
1701632700,12,4,0,225,019.0,2.7,090,1,0,0,0,0,0,0,-0.9300948780045254,0.36731936773024515,-0.562441389066343,0.8268371568000089,-0.2942472117115055,0.9557293436951722,0.14877946146029003,-0.9888704019473866,0.997213718805399,0.0745975805660389,0.6802214416768855,0.7330066781981044,-0.3653719487056276,-0.9308616111426297,0.9825633850145825,-0.18592792804924488,0.7700415339607484,0.6379937585708637,0.42544461533150013,0.9049844635602491,0,0,0,1,99,32
1701632760,12,4,0,226,019.0,2.7,090,1,0,0,0,0,0,0,-0.19344381715900788,0.9811113543339269,-0.09718190589320902,0.9952666362171313,-0.04864855487508726,0.9988159580766447,0.02433148087720227,-0.9997039456950855,0.9999259836845639,0.012166640968536861,0.7027920599407278,0.7113953334709671,-0.37987146940052824,-0.9250392784825321,0.9810808525505256,-0.19359845236657747,0.7725278157990745,0.6349809239785958,0.4272113505171674,0.9041517914539007,0,0,0,1,99,32
1701632820,12,4,0,227,019.0,2.7,090,1,0,0,0,0,0,0,0.7210585970706318,0.6928740863898232,0.39187109718004004,0.9200201319508784,0.19997483347801748,0.9798010338713872,-0.1004961843270998,-0.9949374437298526,0.9987335589960549,-0.05031180910157879,0.724676413684611,0.6890893232732681,-0.3942782499242964,-0.9189911107495187,0.9795384399679061,-0.20125716043222083,0.7750023098134033,0.6319584003586705,0.4289764560213821,0.9033156702832821,0,0,0,1,99,32
1701632880,12,4,0,228,019.0,2.7,090,1,0,0,0,0,0,0,0.9726230624856244,-0.23238842122852268,0.7849803886813105,0.6195206125592099,0.43616475524782494,0.8998668269691937,-0.22375564018679642,-0.9746452757206577,0.9936411011327626,-0.11259379263383548,0.7458531332084875,0.6661104290454266,-0.4085887730680895,-0.9127185845169985,0.9779362414076386,-0.2089035847981091,0.7774649782460008,0.6289262338310793,0.4307399251108032,0.9024761032379415,0,0,0,1,99,32
1701632940,12,4,0,229,019.0,2.6,090,1,0,0,0,0,0,0,0.3299623697323973,-0.9439940860834779,0.98589910388525,0.16734084067633054,0.645236065065984,0.7639832592002035,-0.34352346411838924,-0.939144094162393,0.9846684960336634,-0.17443609981538652,0.766301539805117,0.6424810892876979,-0.42279954512292356,-0.9062232311322905,0.976274354659665,-0.21653725876591012,0.7799157835195766,0.625884470662953,0.4325017510583321,0.901633093520572,0,0,0,1,99,32
1701633000,12,4,0,230,019.0,2.6,090,1,0,0,0,0,0,0,-0.6160642040533645,-0.787695941645058,0.9454353340247703,-0.3258098052199642,0.8141897215084345,0.580598912666927,-0.45793071928681145,-0.8889878831195976,0.9718507815296538,-0.23559723776012562,0.7860016659524729,0.618224377649359,-0.43690709673261263,-0.8995066363427673,0.9745528811569866,-0.2241577164155103,0.7823546882378575,0.6228331572678552,0.4342619271431383,0.9007866443469994,0,0,0,1,99,32
1701633060,12,4,0,231,019.0,2.6,090,1,0,0,0,0,0,0,-0.9956841897581032,0.09280621889587708,0.6734960211850264,-0.7391908477842096,0.9325210045313215,0.36111573782915524,-0.5651921187396569,-0.8249593134904155,0.9552380105215703,-0.295838373533239,0.8049342748116889,0.5933639803976818,-0.4509079837407618,-0.8925704399087172,0.9727719259694734,-0.23176449263345197,0.7847816551861582,0.619772340205074,0.4360204466506852,0.8999367589461701,0,0,0,1,99,32
1701633120,12,4,0,232,019.0,2.5,090,1,0,0,0,0,0,0,-0.4598767232321427,0.8879827697817494,0.23666139336428604,-0.9715921906288022,0.9928726480845371,0.11918013544881928,-0.6636338842129675,-0.7480575296890004,0.934895055524683,-0.354924266788705,0.8230808790115055,0.5679241732886948,-0.46479878803160896,-0.8854163352030204,0.9709315977974505,-0.2393571231413216,0.7871966473319489,0.616702066178912,0.4377773028727551,0.8990834405601384,0,0,0,1,99,32
1701633180,12,4,0,233,019.0,2.5,090,1,0,0,0,0,0,0,0.4987392818032813,0.8667520572726362,-0.2581161974066756,-0.9661138797451976,0.9914922792803779,-0.13016551051411895,-0.7517198648812332,-0.6594825583311059,0.9109013553429114,-0.41262418837781073,0.8404237587008743,0.5419297978623197,-0.47857611836450864,-0.8780460687977367,0.9690320089650643,-0.2469351445240868,0.789599627825421,0.6136223820379734,0.4395324891074758,0.8982266924440548,0,0,0,1,99,32
1701633240,12,4,0,234,019.0,2.5,090,1,0,0,0,0,0,0,0.9988166912028082,0.048633500538969116,-0.689697940935389,-0.7240971967004738,0.9284657227653786,-0.37141809547969407,-0.8280755084772445,-0.5606165822201061,0.8833506048619953,-0.4687128213415406,0.8569459788520921,0.5154062371850283,-0.49223661120185463,-0.8704614400377044,0.967073275413426,-0.254498094258381,0.7919905600000485,0.610533334774449,0.44128599865934504,0.897366517866153,0,0,0,1,99,32
1701633300,12,4,0,235,019.0,2.4,090,1,0,0,0,0,0,0,0.5805866409896446,-0.8141984723053474,-0.9524175744665119,-0.3047962661308802,0.8077116645594764,-0.5895777022026527,-0.8915093107204918,-0.4530023718466313,0.8523503891729713,-0.5229711407684791,0.8726314057975678,0.4883793910637103,-0.5057769315302397,-0.8626643006012565,0.9650555166935363,-0.2620455107407332,0.7943694073731481,0.6074349715233996,0.44303782483925697,0.8965029201077372,0,0,0,1,99,32
1701633360,12,4,0,236,019.0,2.4,090,1,0,0,0,0,0,0,-0.37143208943692263,-0.9284601245807608,-0.9819521690440836,0.1891294205289584,0.6367380071391379,-0.7710802229758452,-0.9410314083429535,-0.3383192109710552,0.8180217634546941,-0.5751872690824027,0.8874647229840752,0.46087565075494996,-0.5191937736746512,-0.8546565540481598,0.9629788559589872,-0.26957693331574223,0.7967361336464357,0.6043273395620364,0.4447879609645272,0.8956359024631707,0,0,0,1,99,32
1701633420,12,4,0,237,019.0,2.4,090,1,0,0,0,0,0,0,-0.9819578697820255,-0.18909982012986337,-0.7710706258605184,0.6367496289241701,0.42617506442530745,-0.9046407101507675,-0.9758690255743256,-0.21835669196206517,0.7804987802559544,-0.6251573034196812,0.9014314459291071,0.43292187319441294,-0.5324838621055041,-0.8464401553548877,0.9608434199584467,-0.27709190230419245,0.7990907027065802,0.6012104863089995,0.44653640035891834,0.8947654682398621,0,0,0,1,99,32
1701633480,12,4,0,238,019.0,2.4,090,1,0,0,0,0,0,0,-0.6896761131802671,0.7241179868699296,-0.3714041014380902,0.9284713207390763,0.18911462035089152,-0.9819550195245901,-0.9954785330494551,-0.09498678980629327,0.7399279660231438,-0.6726861118655962,0.9145179363647266,0.40454535477150383,-0.5456439522383145,-0.8380171104373418,0.9586493390279216,-0.2845899590311104,0.8014330786257547,0.598084459323635,0.44828313635266553,0.8938916207582536,0,0,0,1,99,32
1701633540,12,4,0,239,019.0,2.3,090,1,0,0,0,0,0,0,0.2366906812750767,0.9715850561826999,0.11919510018725629,0.9928708516677031,-0.05970405485516448,-0.9982161218062207,-0.9995539309627621,0.029865349435251595,0.696467748917618,-0.7175880954402921,0.9267114155551047,0.3757738046749054,-0.5586708312258188,-0.8293894756611352,0.9563967470828033,-0.29207064585375986,0.8037632256621846,0.5949493063052683,0.45002816228250186,0.8930143633518076,0,0,0,1,99,32
1701633600,12,4,0,240,019.0,2.3,090,1,0,0,0,0,0,0,0.9454451549211168,0.32578130553514806,0.5806111842123143,0.8141809705265618,-0.3048106211022167,-0.9524129804151563,-0.9880316240928618,0.15425144988758405,0.6502878401571168,-0.7596879128588213,0.9379999767747389,0.3466353178350258,-0.5715613187423437,-0.8205593573395608,0.9540857816096938,-0.29953350618957414,0.806081108260693,0.5918050750924775,0.4517714714916838,0.8921336993669944,0,0,0,1,99,32
1701633660,12,4,0,241,019.1,2.3,090,1,0,0,0,0,0,0,0.7849617132764033,-0.6195442750039529,0.8998734008192355,0.4361511922464772,-0.5309655392553846,-0.8473934128391833,-0.9610914141847234,0.2762305080551537,0.6015685712970908,-0.7988211652351087,0.9483725969351678,0.3171583474897762,-0.5843122677602378,-0.8115289112193651,0.9517165836580145,-0.3069780845440232,0.8083866910532431,0.5886518136623622,0.45351305733001657,0.8912496321632796,0,0,0,1,99,32
1701633720,12,4,0,242,019.1,2.3,090,1,0,0,0,0,0,0,-0.09721190751822432,-0.9952637062792294,0.9988152247235795,-0.04866360920015389,-0.7241075918674496,-0.6896870271361664,-0.9191536942035773,0.3938990815322077,0.5505001900398365,-0.8348350380560844,0.9578191473488313,0.28737167740046654,-0.5969205653181726,-0.8023003419544537,0.949289297831397,-0.3144039265384152,0.8106799388594784,0.5854895701298123,0.4552529131538796,0.8903621651131107,0,0,0,1,99,32
1701633780,12,4,0,243,019.1,2.3,089,1,0,0,0,0,0,0,-0.8900093488562771,-0.4559422758951242,0.8532122467168191,-0.5215638619118831,-0.8722281415753229,-0.4890992425306529,-0.8628728882432953,0.5054209915849098,0.4972821173212898,-0.8675888979190864,0.9663304036195608,0.257304393744951,-0.6093831332811276,-0.7928759025676563,0.9468040722788575,-0.3218105789376289,0.8129608166872586,0.5823183927467734,0.4569910323262517,0.8894713016019048,0,0,0,1,99,32
1701633840,12,4,0,244,019.1,2.2,089,1,0,0,0,0,0,0,-0.8645362993442719,0.5025703802614231,0.4987131538963941,-0.8667670910519801,-0.9661177700083929,-0.25810163593826746,-0.7931272394572851,0.6090559761063561,0.4421221685765394,-0.8969548417022889,0.9738980546500462,0.2269858567154693,-0.621696929091873,-0.7832578939006837,0.9442610586857545,-0.3291975896777772,0.8152292897331944,0.579138329901511,0.4587274082167366,0.8885770450280356,0,0,0,1,99,32
1701633900,12,4,0,245,019.1,2.2,089,1,0,0,0,0,0,0,-0.04421256322855966,0.9990221465276736,0.0221116877728314,-0.9997555067434422,-0.9999388748177166,-0.011056519718198895,-0.7110051053678162,0.7031868458247073,0.3852357422249997,-0.9228181960236553,0.9805147107574815,0.19644567184891684,-0.6338589465137663,-0.7734486640524104,0.9416604122645303,-0.33656450789379855,0.8174853233831781,0.5759494301178713,0.46046203420158793,0.8876793988028199,0,0,0,1,99,32
1701633960,12,4,0,246,019.1,2.2,089,1,0,0,0,0,0,0,0.8167599996228085,0.5769775585030581,-0.45990349068959124,-0.8879689066918555,-0.9715886235161092,0.23667603734656428,-0.617787974410896,0.7863447200008926,0.3268449785441926,-0.9450779650380419,0.9861739108894643,0.16571366111754054,-0.6458662163646817,-0.7634506078056198,0.9390022917452384,-0.3439108839469756,0.8197288832129119,0.5727517420545416,0.4621949036637349,0.8867783663505052,0,0,0,1,99,32
1701634020,12,4,0,247,019.2,2.2,089,1,0,0,0,0,0,0,0.9268071855026884,-0.3755375359409301,-0.8293182549362247,-0.5587765492838215,-0.8828296974172939,0.4696932247308761,-0.5149304687378307,0.8572319478212639,0.2671778922167178,-0.9636472248238107,0.9908701289331036,0.13481983380828896,-0.6577158072418934,-0.7532661660423522,0.9362868593658549,-0.3512362694523786,0.8219599349884332,0.5695453145043077,0.46392600999280714,0.8858739511082566,0,0,0,1,99,32
1701634080,12,4,0,248,019.2,2.0,089,1,0,0,0,0,0,0,0.184752119221718,-0.982785151720906,-0.9956869868891794,-0.09277620459766088,-0.7391806966492228,0.6735071623235863,-0.404037645323065,0.9147423578045313,0.2064674819377966,-0.9784534628188842,0.9945987791111761,0.10379435721925297,-0.669404826237736,-0.7428978251479987,0.9335142808623762,-0.3585402173062328,0.8241784446666367,0.5663301963933087,0.46565534658516017,0.8849661565261433,0,0,0,1,99,32
1701634140,12,4,0,249,019.2,1.9,089,1,0,0,0,0,0,0,-0.727163193443649,-0.68646463135462,-0.9182768186539993,0.39593899065726024,-0.5495730203270262,0.8354456866419445,-0.28683994958692166,0.9579785192377605,0.14495082056035336,-0.9894388609807482,0.9973562204600591,0.07266752720181091,-0.6809304196458655,-0.7323481164042859,0.9306847254587038,-0.36582228171320713,0.8263843783957945,0.5631064367802915,0.46738290684390055,0.8840549860671256,0,0,1,0,99,32
1701634200,12,4,0,250,019.2,1.8,089,1,0,0,0,0,0,0,-0.9705280195418053,0.24098830528525864,-0.6160404591886565,0.7877145121442345,-0.32579555541456173,0.9454402445803316,-0.165166212373579,0.9862657462824945,0.08286812933059823,-0.9965605215646701,0.99913976038507,0.04146973857724405,-0.6922897736579516,-0.7216196153712994,0.9277983658563156,-0.37308201821362325,0.8285777025160715,0.5598740848558614,0.469108684178911,0.8831404432070421,0,0,1,0,99,32
1701634260,12,4,0,251,019.2,1.6,089,1,0,0,0,0,0,0,-0.3215938602925038,0.9468777054203809,-0.1629759101518061,0.9866300485542645,-0.08176170083154903,0.9966519072761223,-0.0409151116574164,0.9991626262216082,0.020461839829201516,-0.9997906346384747,0.999947657289739,0.010231455456709277,-0.7034801150506284,-0.710714941258698,0.9248553782237248,-0.38031898371058337,0.8307583835600407,0.556633189941732,0.4708326720068755,0.8822225314345956,0,0,1,0,99,32
1701634320,12,4,0,252,019.2,1.6,089,1,0,0,0,0,0,0,0.623012211003653,0.7822121099422712,0.329990825673782,0.9439841391523142,0.16735570030280691,0.9858965815825497,0.08397445569174683,0.9964679075571249,-0.04202435271884079,-0.999116586679734,0.9997791222764492,-0.021016818506448383,-0.7144987118625367,-0.6996367562862716,0.9218559421857278,-0.38753273649701414,0.832926388253192,0.5533838014899721,0.47255486375130445,0.8813012542513405,0,0,1,0,99,32
1701634380,12,4,0,253,019.2,1.5,089,1,0,0,0,0,0,0,0.9948237286710673,-0.10161569206079699,0.7421642985420401,0.6702179898880674,0.4060677345664961,0.9138429815586667,0.20755362974582411,0.9782236404725319,-0.10434644106884551,-0.994541009831302,0.9986343199167806,-0.05224456990299564,-0.7253428740612937,-0.6883877650339976,0.9188002408124406,-0.3947228362826266,0.8350816835144412,0.5501259690822519,0.47427525284255984,0.8803766151716695,0,0,1,0,99,32
1701634440,12,4,0,254,019.2,1.4,089,1,0,0,0,0,0,0,0.45199889806298343,-0.892018495407942,0.972630067242408,0.23235910202965793,0.6195324438519512,0.784971051068018,0.3278939988258263,0.9447145206537312,-0.16626105879951092,-0.9860817716228536,0.9965143680908102,-0.08342130536363722,-0.7360099542002259,-0.6769707137817569,0.9156884606081254,-0.40188884422078897,0.8372242364566345,0.5468597424290853,0.4759938327178802,0.8794486177227995,0,0,1,0,99,32
1701634500,12,4,0,255,019.2,1.5,089,1,0,0,0,0,0,0,-0.5063916349244909,-0.8623036078310824,0.9649620738223555,-0.2623893978125999,0.79447762643532,0.6072934225674604,0.44311769172113835,0.8964634467080798,-0.22752643065358386,-0.9737719051985634,0.9934213368955197,-0.11451658133527351,-0.7464973480647046,-0.6653883898388694,0.9125207914998072,-0.4090303229353116,0.8393540143870498,0.5435851713690728,0.4777105968214057,0.8785172654447586,0,0,1,0,99,36
1701634560,12,4,0,256,019.2,1.6,089,1,0,0,0,0,0,0,-0.9992080341070627,-0.03979075993115771,0.7210377105017316,-0.6928958219201651,0.9200260381967906,0.39185723042955,0.5514266812416906,0.8342233605065102,-0.2879033166650653,-0.9576594803233847,0.9893582466233818,-0.14550003380861354,-0.7568024953079283,-0.6536436208636119,0.9092974268256817,-0.4161468365471424,0.8414709848078965,0.5403023058681398,0.479425538604203,0.8775825618903728,0,0,1,0,99,38
1701634620,12,4,0,257,019.2,1.6,089,1,0,0,0,0,0,0,-0.5733571748155426,0.8193055291449822,0.3005781685810014,-0.953757183235068,0.9883716869768853,0.1520572536331825,0.6511308418308941,0.7589654977774624,-0.3471559463861577,-0.9378074156716458,0.9843290648130953,-0.17634140796811468,-0.7669228800759939,-0.6417392741728861,0.9060185633233147,-0.4232379507009703,0.8435751154168105,0.5370111960187747,0.48113865152429053,0.8766445106252518,0,0,1,0,99,38
1701634680,12,4,0,258,019.1,1.7,090,1,0,0,0,0,0,0,0.37963562682930313,0.9251360931462582,-0.19347339203846847,-0.9811055226493881,0.9952651713612277,-0.0971969067167568,0.740674323409674,0.6718642322981792,-0.4050529395658183,-0.914293233130974,0.9783387023753517,-0.20701058773529676,-0.7768560316221071,-0.6296782560422042,0.9026844011176343,-0.4303032325917363,0.8456663741073475,0.5337118920392648,0.48284992904666313,0.8757031152277766,0,0,1,0,99,48
1701634740,12,4,0,259,019.1,1.8,090,1,0,0,0,0,0,0,0.9835931839466808,0.18040079959254857,-0.6401559186664806,-0.7682450128678183,0.9402778878788489,-0.34040783417261544,0.8186598298965864,0.5742787501846923,-0.46136820968468756,-0.8872087550809822,0.9713930087974131,-0.23747762517658147,-0.7865995249097795,-0.6174635109961635,0.8992951437087169,-0.4373422509910497,0.8477447289694727,0.5304044442729295,0.4845593646433172,0.8747583792890838,0,0,1,0,99,49
1701634860,12,4,0,261,019.2,1.9,090,1,0,0,0,0,0,0,-0.24528120908194284,-0.9694519732670104,-0.992333606522275,0.12358807938670624,0.6619712684902925,-0.7495292120346966,0.935288514853758,0.3538861313793629,-0.5683809763796802,-0.8227654986019294,0.9546636838703799,-0.297686497340802,-0.8055080686562991,-0.5925848051794772,0.8923521740824856,-0.45133978044291795,0.8518626005533163,0.5237653193736113,0.48797268398261223,0.8728589002162982,0,0,1,0,99,49
1701634920,12,4,0,262,019.1,2.0,090,1,0,0,0,0,0,0,-0.9482917095220488,-0.31740011602352985,-0.8116033871367004,0.5842088171092894,0.45595569022148996,-0.8900024767126464,0.9721117417027341,0.23451814779175792,-0.618660590391954,-0.7856583697103207,0.9448963884231754,-0.3273695391218304,-0.8146685028653773,-0.5799269181880462,0.8887988856282523,-0.4582974371584211,0.8539020544413806,0.520433743545506,0.48967655470447735,0.8719041643281404,0,0,0,1,99,49
1701634980,12,4,0,263,019.2,2.0,090,1,0,0,0,0,0,0,-0.7794471854988634,0.6264679441263539,-0.4321643529223842,0.9017948614087224,0.22159099552021236,-0.9751396980455473,0.9937654899536277,0.11149058694448753,-0.6665243480382065,-0.7454832616982381,0.9342064176878251,-0.35673291010345676,-0.8236300474434674,-0.5671274503568591,0.8851913494710788,-0.46522712176051223,0.855928478834684,0.5170942265387846,0.49137855745912207,0.8709461023906085,0,0,0,1,99,49
1701635040,12,4,0,264,019.2,2.1,090,1,0,0,0,0,0,0,0.10601748626711377,0.9943642655514137,0.05308358714605824,0.9985900724399912,-0.026551154023966794,-0.99964745596635,0.9999118601072672,-0.013276747223059479,-0.711785342369123,-0.7023970575027135,0.9226042102393402,-0.3857479374522218,-0.8323905145579873,-0.5541895264924167,0.8815297857963782,-0.4721284112969602,0.8579418428124834,0.513746819310368,0.49307868575392305,0.8699847180584174,0,0,0,1,99,49
1701635100,12,4,0,265,019.1,2.3,090,1,0,0,0,0,0,0,0.8940101700837942,0.44804666697426215,0.5253348137263215,0.8508956066916382,-0.2730424814093603,-0.9620019767889353,0.9904549401131116,-0.1378369021907137,-0.7542668301704357,-0.6565680078290772,0.9101010954364018,-0.41438628848631254,-0.8409477654665337,-0.5411163052032749,0.8778144180871248,-0.4790008845486223,0.8599421156533218,0.510391572937572,0.4947769331034077,0.8690200149989562,0,0,0,1,99,49
1701635160,12,4,0,266,019.1,2.4,090,1,0,0,0,0,0,0,0.8600540264645697,-0.510202970945957,0.8689657562142357,0.4948722204034305,-0.5025573497604873,-0.8645438740756395,0.9655423020447212,-0.2602461584004272,-0.7938029221413925,-0.6081750741355538,0.8967092823584335,-0.44261999834194465,-0.8492997110390256,-0.5279109781289149,0.8740454731102137,-0.48584412205515315,0.8619292668354965,0.5070285386173281,0.49647329302927856,0.8680519968922737,0,0,0,1,99,49
1701635220,12,4,0,267,019.1,2.4,090,1,0,0,0,0,0,0,0.035368177256176046,-0.9993743503000143,0.9998435753406666,0.01768685528840119,-0.7008256362004742,-0.713332620622526,0.9255626992869057,-0.3785943603498829,-0.8302392306889271,-0.5574072297925984,0.8824418478836433,-0.47042149728057797,-0.857444312267735,-0.5145767691605511,0.8702231809026209,-0.49265770614060683,0.8639032660375254,0.5036577676654025,0.49816775906043814,0.867080667431065,0,0,0,1,99,49
1701635280,12,4,0,268,019.1,2.5,090,1,0,0,0,0,0,0,-0.8218350110128397,-0.5697255608391865,0.8859248164599484,-0.4638288688518717,-0.8555199789753223,-0.5177697997895051,0.8711400001691764,-0.4910347239302405,-0.8634334728079056,-0.504462722145928,0.8673127239196736,-0.4977636376102979,-0.8653795807650819,-0.5011169336540635,0.8663477747573614,-0.4994412209389292,0.8658640831386093,0.5002793115156127,0.49986032473301345,0.8661060303206567,0,0,0,1,99,49
1701635340,12,4,0,269,019.1,2.7,090,1,0,0,0,0,0,0,-0.9234468802429867,0.3837262818331512,0.5551007648016929,-0.8317831092998796,-0.9570222331011646,-0.2900145605828441,0.8031234527091224,-0.5958126548744814,-0.8932560256932167,-0.44954829836488014,0.8513366837993298,-0.5246197201950761,-0.8731035792490706,-0.48753475763525,0.862419491209252,-0.5061942524193405,0.8678116882190918,0.4968932217190427,0.501550983590381,0.8651280892789931,0,0,0,1,99,49
1701635400,12,4,0,270,019.1,2.7,090,1,0,0,0,0,0,0,-0.1760459464712114,0.9843819506325049,0.08836868610400143,-0.9960878351411849,-0.999021480034635,-0.04422762066183892,0.7225744323811351,-0.6912931286141072,-0.919590432914052,-0.3928783980991401,0.8345293278546717,-0.5509635205260235,-0.8806144220162487,-0.4738335569975899,0.8584385700204732,-0.5129163884116056,0.8697460515609156,0.49349954994325695,0.503239729183191,0.8641468480366219,0,0,0,1,99,49
1701635460,12,4,0,271,019.1,2.8,091,1,0,0,0,0,0,0,0.7332108186087175,0.6800013937302882,-0.3999991289176214,-0.916515519162193,-0.9789064100214568,0.2043091784989199,0.630749879707115,-0.7759862042906819,-0.9423338591737755,-0.33467431609649856,0.8169070681835537,-0.5767693143291786,-0.8879102754020753,-0.46001667669271595,0.8544052541659362,-0.5196072186311907,0.8716671436480758,0.49009834797151136,0.5049265550693925,0.8631623103366803,0,0,0,1,99,49
1701635520,12,4,0,272,019.1,2.8,091,1,0,0,0,0,0,0,0.9683569384347241,-0.24956930858045798,-0.7904332067228887,-0.6125482394960996,-0.8979276806892913,0.4401430224960407,0.5290826861200238,-0.8485702747846052,-0.9613974918795568,-0.27516333805159693,0.7984871126234903,-0.6020119026848236,-0.8949893582285835,-0.4460874899137928,0.850319789818452,-0.5262663347043051,0.8735749351670712,0.4866896677019633,0.5066114548142574,0.8621744799348805,0,0,0,1,99,49
1701635580,12,4,0,273,019.0,3.1,091,1,0,0,0,0,0,0,0.3132001548706699,-0.9496871395301657,-0.9873416682005692,-0.15860778743465642,-0.7611201572139107,0.6486109051524434,0.4191593341723149,-0.9079126899521901,-0.9767068879536455,-0.2145778530601538,0.7792874479484941,-0.6266666366338032,-0.9018499422392295,-0.4320493972719999,0.8461824263337073,-0.5328933301928258,0.8754693970073499,0.4832735611468799,0.5082944219904051,0.8611833605994951,0,0,0,1,99,49
1701635640,12,4,0,274,019.0,3.2,091,1,0,0,0,0,0,0,-0.6299114066849614,-0.7766669941024745,-0.9425144545582509,0.33416538263076073,-0.5769898687885426,0.8167513032223337,0.30269514100631545,-0.953087431252331,-0.9882022645319962,-0.1531544461445194,0.7593268223052967,-0.6507094412468135,-0.9084903525208217,-0.4179058259663213,0.8419934162350443,-0.5394878006191052,0.8773505002617554,0.4798500804318443,0.5099754501778275,0.860188956111343,0,0,0,1,99,49
1701635700,12,4,0,275,019.0,3.3,091,1,0,0,0,0,0,0,-0.9938853259197261,0.11041720391967796,-0.6669268310993051,0.7451232126030157,-0.3569851449269173,0.9341100611285096,0.1815074914039231,-0.9833895619561226,-0.995838732415074,-0.09113297439422614,0.7386247269061015,-0.6741168391331631,-0.9149089679124266,-0.4036602289468439,0.8377530151980487,-0.5460493434906575,0.8792182162269665,0.47641927779496,0.5116545329639131,0.8591912702637754,0,0,0,1,99,49
1701635760,12,4,0,276,019.0,3.4,091,1,0,0,0,0,0,0,-0.4440856600409099,0.8959843338731037,-0.2280522595008612,0.9736488930495181,-0.11478481378318722,0.9933903797222716,0.057487478104924564,-0.9983462274487422,-0.9995864713592172,-0.028755630329187164,0.7172013769957456,-0.6968659733660458,-0.9211042214011522,-0.38931608407176954,0.8334614820349437,-0.5525775583247253,0.8810725164039352,0.4729812055860543,0.5133316639434712,0.8581903068626603,0,0,0,1,99,49
1701635820,12,4,0,277,019.0,3.5,091,1,0,0,0,0,0,0,0.5140043136735694,0.8577875993070563,0.2666574588239974,0.9637913672852274,0.13455228113037063,0.9909064959130168,-0.06742960806271654,-0.9977240339675638,-0.9994308465240513,0.033734003856911096,0.6950776921118563,-0.7189346298019421,-0.9270746005047118,-0.3748768932583455,0.8291190786787943,-0.5590720466727229,0.8829133724983225,0.46953591626587904,0.515006836718757,0.857186069726369,0,0,0,1,99,49
1701635880,12,4,0,278,018.9,3.6,092,1,0,0,0,0,0,0,0.99952109184891,0.030944901828293042,0.6960801312247417,0.717964101410472,0.375523566896625,0.926812845565509,-0.1912944777489552,-0.9815326906337631,-0.9953724656212274,0.09609190747986249,0.6722752756572777,-0.7403012587723536,-0.9328186476406745,-0.3603461816279218,0.8247260701675199,-0.5655324121445553,0.884740756420929,0.4660834624053104,0.5166800448994956,0.8561785626857608,0,0,0,1,99,49
1701635940,12,4,0,279,018.9,3.8,092,1,0,0,0,0,0,0,0.5660827877060443,-0.8243483956816764,0.9550781108583937,0.2963541836370153,0.5931466160920859,0.8050944614258054,-0.3121742610900157,-0.9500248579447291,-0.9874271765413207,0.1580745742604909,0.6488163938047147,-0.7609449961266882,-0.9383349604823131,-0.3457274966453434,0.8202827246277175,-0.571958260432812,0.8865546402881246,0.4626238966845466,0.5183512821029063,0.8551677895841688,0,0,0,1,99,49
1701636000,12,4,0,280,018.9,3.9,092,1,0,0,0,0,0,0,-0.3878094208292295,-0.9217395798793158,0.9802396594403116,-0.19781357400426822,0.7738906815578891,0.6333192030862999,-0.428182669496151,-0.9036922050915067,-0.9756260054681576,0.2194399632114593,0.6247239537541924,-0.7808456836057491,-0.9436221923009624,-0.3310244072528874,0.815789313258297,-0.5783491993368335,0.888354996422273,0.4591572718923041,0.520020541953727,0.8541537542773854,0,0,0,1,99,49
1701636060,12,4,0,281,018.9,4.0,092,1,0,0,0,0,0,0,-0.9851514363288851,-0.17168764515577298,0.7654043523379563,-0.6435496697397284,0.9065179727230256,0.4221672241305995,-0.5375094305542,-0.8432577376255137,-0.9600150357222312,0.27994844380214573,0.6000214813645651,-0.7999838885259333,-0.9486790522948035,-0.31624050299895706,0.8112461103139285,-0.5847048387866493,0.8901417973521548,0.4556836409250121,0.5216878180842389,0.8531364606336469,0,0,0,1,99,49
1701636120,12,4,0,282,018.9,4.2,092,1,0,0,0,0,0,0,-0.6767497645263835,0.7362131187458456,0.363171365373259,-0.9317223617435201,0.9827823669926928,0.18476693191217952,-0.6384485367231334,-0.7696645151987259,-0.9406552278063217,0.33936373171073697,0.5747330981809134,-0.8183409227549167,-0.9535043059039945,-0.301379393161745,0.8066533930883032,-0.5910247908667855,0.8919150158133861,0.4522030567860055,0.5233531041342903,0.8521159125336193,0,0,0,1,99,49
1701636180,12,4,0,283,018.9,4.4,092,1,0,0,0,0,0,0,0.253852519790234,0.9672429364932829,-0.12797863787897792,-0.9917769246391254,0.9979421137117938,-0.06412127322844811,-0.7294248670111433,-0.6840609354332229,-0.9176221813560369,0.3974538115094489,0.5488834978802656,-0.8358988609602985,-0.9580967751120705,-0.2864447058680798,0.8020114418972087,-0.5973086698399414,0.8936746247488349,0.4487155725847157,0.525016393751321,0.8510921138703835,0,0,0,1,99,49
1701636240,12,4,0,284,018.9,4.5,092,1,0,0,0,0,0,0,0.9510639681125854,0.3089940590981371,-0.5877950071674065,-0.8090099069535975,0.9510546532543747,-0.3090227281660707,-0.8090187662119065,-0.587782813560387,-0.8910058399248534,0.45399184267980686,0.5224979221586403,-0.8526405581133842,-0.9624553387335394,-0.27144008720767066,0.7973205400614205,-0.6035560921705327,0.8954205973090336,0.4452212415358611,0.5266776805903868,0.8500650685494203,0,0,0,1,99,49
1701636300,12,4,0,285,018.9,4.7,092,1,0,0,0,0,0,0,0.7738715902084317,-0.6333425312327234,-0.9036986586337072,-0.428169048838935,0.8450352208159536,-0.5347106465935876,-0.8759881981492638,-0.4823325374709923,-0.860910139756465,0.5087570454200157,0.4956021360829594,-0.8685496662310151,-0.966578932687604,-0.2563692003429672,0.7925809738894087,-0.609766676548101,0.8971529068525892,0.4417201169586342,0.5283369583141831,0.8490347804885953,0,0,0,1,99,49
1701636360,12,4,0,286,018.9,4.8,092,1,0,0,0,0,0,0,-0.11481475884166603,-0.9933869191569467,-0.9983453608739179,0.05750252534912421,0.6864755912087755,-0.7271528468448447,-0.9292881272363391,-0.36935562345465606,-0.8274526039159754,0.5615355627853609,0.4682224029318968,-0.8836106503390961,-0.9704665502579407,-0.24123572461485038,0.7877930326598638,-0.6159400439105862,0.8988715269465893,0.43821225227588845,0.52999422059307,0.8480012536181443,0,0,0,1,99,49
1701636420,12,4,0,287,018.9,5.0,092,1,0,0,0,0,0,0,-0.8979409481081247,-0.4401159548467677,-0.8485623002604958,0.529095475861036,0.48523423423072903,-0.8743842049868684,-0.9680868259063513,-0.2506150384684961,-0.7907638833648436,0.6121212957950017,0.4403854585502332,-0.8978088036422348,-0.9741172423384761,-0.22604335464437486,0.7829570086040404,-0.6220758174674632,0.9005764313670059,0.43469770101332306,0.5316494611050955,0.8469644918806583,0,0,0,1,99,49
1701636480,12,4,0,288,018.9,5.2,092,1,0,0,0,0,0,0,-0.8555043707508208,0.5177955886508133,-0.49102159389846933,0.8711474010323434,0.25382336276203626,-0.9672505882738824,-0.9917788534431158,-0.12796368962740468,-0.7509872467716762,0.6603167082440802,0.4121184852417566,-0.9111302618846769,-0.977530117665097,-0.2107957994307797,0.7780731968879212,-0.6281736227227391,0.9022675940990952,0.4311765167986662,0.5333026735360201,0.8459244992310679,0,0,0,1,99,49
1701636540,12,4,0,289,018.9,5.3,092,1,0,0,0,0,0,0,-0.026521020285755953,0.9996482558795381,-0.013261676373330016,0.9999120601031718,0.006630983970279104,-0.9999780147841181,-0.9999945036809248,-0.0033155102082415536,-0.7082780210511411,0.705933598078374,0.38344908522620447,-0.9235620168885179,-0.9807043430332401,-0.1954967814459897,0.7731418955942013,-0.6342330874978104,0.9039449893377943,0.42764875336085667,0.534953851579341,0.8448812796366294,0,0,0,1,99,49
1701636600,12,4,0,290,018.9,5.5,092,1,0,0,0,0,0,0,0.8268456339220814,0.5624289267667438,0.4677451620451334,0.8838633737085002,-0.2409736772881011,-0.9705316516498831,-0.9926055741456128,0.1213844066388201,-0.6628029848156917,0.7487938323192908,0.35440525368616455,-0.9350919292559664,-0.9836391435013062,-0.1801500357258271,0.7681634057040947,-0.6402538419541788,0.905608591488116,0.4241144645292243,0.5366029889363158,0.8438348370769082,0,0,0,1,99,49
1701636660,12,4,0,291,018.9,5.6,092,1,0,0,0,0,0,0,0.9200142254959646,-0.3918849638415085,0.8342316716121213,0.5514141076171752,-0.47359576242974594,-0.8807423311097222,-0.9697273666112869,0.2441901604183487,-0.6147397171086522,0.7887300426693371,0.3250153514302539,-0.9457087402232617,-0.9863338025798521,-0.16475930895815624,0.7631380310789642,-0.6462355186160244,0.907258375165538,0.42057370423266816,0.5382500793159867,0.8427851755437645,0,0,0,1,99,49
1701636720,12,4,0,292,018.9,5.8,092,1,0,0,0,0,0,0,0.16732598101183924,-0.9859016259639831,0.9964691731217737,0.08395943674184847,-0.6767719568873076,-0.7361927182273159,-0.9317168878547055,0.36318540841606234,-0.5642759039618552,0.8255862790817391,0.29530807719927077,-0.9554020826546641,-0.9887876624065108,-0.14932835856818344,0.7580660784417752,-0.6521777523926344,0.9088943151963913,0.41702652649883415,0.5398951164352044,0.8417322990413384,0,0,0,1,99,49
1701636840,12,4,0,294,018.9,6.0,092,1,0,0,0,0,0,0,-0.9661099892625297,0.2581307588164473,0.6090440218832924,-0.7931364191664784,-0.9468728581933475,-0.32160813176404734,-0.8128985581744033,0.582405300557933,-0.4569434863536556,0.889495728083596,0.23505772899056523,-0.9719814113663893,-0.9929706469393719,-0.11836086480254095,0.7477836802185981,-0.6639424429863854,0.9121245646802812,0.4099131353187006,0.5431790057988708,0.8396169172065021,0,0,0,1,99,49
1701636900,12,4,0,295,018.9,6.1,092,1,0,0,0,0,0,0,-0.30478191109030295,0.9524221683015063,0.15423655808285816,-0.988033948885742,-0.9970039992110719,-0.07735001976165862,-0.7339448275455243,0.6792090916052071,-0.40049401268607804,0.9162993756423735,0.2045734884554038,-0.9788512082135807,-0.9946987504298929,-0.1028318816963379,0.7425738622171999,-0.6697641817474499,0.9137188248436852,0.40634703041399856,0.5448178455162797,0.8385544199436309,0,0,0,1,99,49
1701636960,12,4,0,296,018.9,6.2,092,1,0,0,0,0,0,0,0.6367612505645516,0.7710610285700272,-0.3383333943242765,-0.9410263090291437,-0.9851462604682474,0.17171734183077755,-0.6435381333569995,0.7654140519453434,-0.34248061846961253,0.939524893748256,0.17388948538043356,-0.9847651734673236,-0.9961840124864793,-0.08727779366103493,0.737318721334619,-0.6755450415549525,0.9152991427820066,0.40277472515355744,0.5464546069192036,0.8374887238505236,0,0,0,1,99,49
1701637080,12,4,0,298,018.9,6.5,092,1,0,0,0,0,0,0,0.43613762914604876,-0.8998799744648526,-0.9746486480944947,-0.22374095013558368,-0.7822215000035424,0.6230004212937645,-0.4341656243337532,0.9008330648055067,-0.22267345507995925,0.9748930876782097,0.11204220705116075,-0.9937034486400381,-0.998424621250908,-0.05610949723514686,0.7266737566594609,-0.6869827154903001,0.9184178557416826,0.3956117316951685,0.5497218698145597,0.8353477514470151,0,0,0,1,99,49
1701637140,12,4,0,299,018.8,6.6,092,1,0,0,0,0,0,0,-0.5215767216183704,-0.8532043855172293,-0.9626017830643233,0.2709202968427898,-0.6037713570372523,0.7971575430373816,-0.3184669974758911,0.9479339489219124,-0.16134753031591095,0.9868976514618708,0.08093932461458155,-0.9967190304849884,-0.9991794209462554,-0.04050289813711804,0.7212845825806614,-0.6926388315214799,0.9199562031753141,0.3920211527956879,0.5513523588433771,0.8342724833037728,0,0,0,1,99,49
1701637200,12,4,0,300,018.9,6.7,092,1,0,0,0,0,0,0,-0.9997558399011495,-0.022096619278683942,-0.7148764296291646,0.6992508064783751,-0.38778163540943045,0.9217512697247493,-0.19779879963646227,0.9802426408101081,-0.09939154689884817,0.9950484010363788,0.04975740630107862,-0.998761333111264,-0.9996902853162234,-0.02488641083740215,0.7158513850085791,-0.698252672448376,0.9214805132091443,0.38842459213573494,0.5529807446305274,0.8331940326645814,0,0,0,1,99,49
1701637260,12,4,0,301,018.9,6.7,092,1,0,0,0,0,0,0,-0.5587640495890891,0.8293266768209027,-0.29212439403368673,0.9563803314636136,-0.1476815298816789,0.9890349668903556,-0.07404401768422757,0.9972549741391004,-0.0370474416181442,0.9993135078990728,0.01852690072471944,-0.9998283622450087,-0.9999570896406027,-0.00926384787740154,0.7103744955575902,-0.7038238956310728,0.9229907625840772,0.38482210459440036,0.5546070209642138,0.8321124036434021,0,0,0,1,99,49
1701637380,12,4,0,303,018.8,6.9,092,1,0,0,0,0,0,0,0.9866325048439105,0.1629610394708834,0.6469308156708554,0.7625486999106625,0.3445658863623454,0.9387621370482149,0.17498266050066957,0.984571515190292,0.08783076001523608,0.9961354112745646,-0.043957870315993346,-0.9990333856469874,-0.9997583172064605,0.02198424837255722,0.699290980789629,-0.7148371312307991,0.925968987393962,0.3775995688352947,0.5578532204642657,0.829939626971533,0,0,0,1,99,49
1701637440,12,4,0,304,018.8,6.9,092,1,0,0,0,0,0,0,0.6702068037805061,-0.7421744001016999,0.933320523748862,0.35904428689111606,0.5661076368981803,0.8243313311075577,0.2963685787093853,0.9550736440472949,0.14987720966295234,0.9887046181866692,-0.0751511204618093,-0.9971721561963784,-0.999292788975378,0.03760215288797655,0.6936850319532718,-0.7202784714566918,0.9274369173848677,0.37397963082453317,0.5594731312473669,0.8288484876093257,0,0,0,1,99,49
1701637500,12,4,0,305,018.8,7.0,092,1,0,0,0,0,0,0,-0.2624039418616639,-0.9649581189333869,0.991200816921926,-0.13236668966664739,0.7524515564694672,0.6586475955825515,0.41312976437037824,0.910672168121589,0.21133839201433674,0.9774129547232299,-0.10627098681382932,-0.9943372050575272,-0.9985832977417375,0.05321087737705887,0.6880367441579487,-0.7256758495971389,0.9288906958294767,0.3703539863447274,0.5610909078105225,0.8277541864420642,0,0,0,1,99,49
1701637560,12,4,0,306,018.8,7.0,092,1,0,0,0,0,0,0,-0.9537617134939987,-0.3005637933500832,0.8064005807754863,-0.5913696841443247,0.8920116826993705,0.45201234267200896,0.523444198233198,0.8520599575945371,0.2719743024675887,0.9623045145884273,-0.13728708135067327,-0.9905313005121108,-0.9976300167176484,0.06880661119358068,0.6823464621460344,-0.7310289362239981,0.9303303005449188,0.3667226907187513,0.5627065439824068,0.826656727644175,0,0,0,1,99,49
1701637620,12,4,0,307,018.8,7.1,092,1,0,0,0,0,0,0,-0.7682353642374472,0.6401674977183369,0.42416535825174545,-0.9055847552047066,0.9761108428874015,0.21727315158032454,0.6255904604530329,0.7801516364080526,0.3315481590900087,0.9434382959176643,-0.16816911738237747,-0.9857581589613307,-0.9964331786330006,0.08438554686280492,0.6766145332230143,-0.7363374046124525,0.9317557095645973,0.36308579935570845,0.5643200335998588,0.8255561154021296,0,0,0,1,99,49
1701637740,12,4,0,309,018.8,7.3,092,1,0,0,0,0,0,0,0.9018013749637745,0.43215076086181514,-0.5328457746563188,-0.8462123731256284,0.9607841519107266,-0.27729733759483854,0.7991549717028728,0.6011250545457083,0.4465842280322334,0.8947415980454101,-0.2294105511463999,-0.9733297483498103,-0.9933100594350714,0.11547781529408518,0.6650271365538082,-0.7468191934109906,0.9345638537336522,0.3557954514809102,0.5675405485597879,0.8233454473915885,0,0,0,1,99,49
1701637860,12,4,0,311,018.8,7.6,092,1,0,0,0,0,0,0,0.01767178546737087,-0.9998438418065069,-0.9999609596895538,-0.008836237703148543,0.7102239920275675,-0.7039757674440404,0.9230318974564314,0.3847234282935987,0.5546514994599768,0.8320827567897314,-0.28975614161762697,-0.9571005059004335,-0.9892169898208465,0.14645732159842081,0.6532773830470404,-0.7571186570143483,0.9373149569419951,0.3484833876855909,0.5707524035492137,0.8211222161425152,0,0,0,1,99,49
1701637980,12,4,0,313,018.8,7.6,092,1,0,0,0,0,0,0,-0.9165094902005468,0.4000129427560235,-0.5477166499404489,0.8366638939132081,0.2857762289683941,-0.958296377409726,0.9895191704584925,0.14440156264783635,0.6540636197466435,0.7564395424116314,-0.348970240556676,-0.9371338064576561,-0.9841579666033436,0.17729381481363626,0.6413681412365148,-0.7672332809562018,0.9400088512764658,0.341150054260437,0.573955549559181,0.8188864555786831,0,0,0,1,99,49
1701638040,12,4,0,314,018.8,7.7,092,1,0,0,0,0,0,0,-0.15859290602857282,0.987344058653017,-0.0795485428747221,0.9968309933617175,0.039805820166669656,-0.9992074342602034,0.9998018389311463,0.01990685484696882,0.7000332653356665,0.7141102347841574,-0.378080523973295,-0.9257727136787294,-0.9812677294395066,0.19264901546759924,0.6353546193002774,-0.7722205046059057,0.941334293597632,0.33747555125823137,0.5755538414178853,0.8177638874572022,0,0,0,1,99,49
1701638100,12,4,0,315,018.8,7.7,092,1,0,0,0,0,0,0,0.7451332645574127,0.6669156003948422,0.4080958218391593,0.9129390999389944,-0.20863952173666145,-0.9779926124309412,0.9944829340996609,-0.1048984927657657,0.7432692960044044,0.668992341971952,-0.40682161817438367,-0.9135076195555109,-0.9781379298328817,0.20795718362741059,0.6293023185928165,-0.7771605958961798,0.9426453723156392,0.33379589879432325,0.5771499377136226,0.8166381998150476,0,0,0,1,99,49
1701638160,12,4,0,316,018.8,7.7,092,1,0,0,0,0,0,0,0.9637873480674221,-0.2666719852274808,0.7958240965274552,0.6055278749869898,-0.4441126687075084,-0.8959709467909631,0.9736454556949781,-0.22806693448309956,0.7836028759783554,0.6212620483809149,-0.43516545796919887,-0.9003505007442698,-0.9747693318791554,0.22321458202336397,0.6232116085153726,-0.782053253309314,0.943942067425039,0.330111153015682,0.5787438323577704,0.8155093969463755,0,0,0,1,99,49
1701638220,12,4,0,317,018.8,7.6,092,1,0,0,0,0,0,0,0.2963397884973224,-0.955082577452527,0.9887068770501516,0.1498623077152374,-0.651973040962877,-0.7582421472442815,0.9376145655983277,-0.34767646796678553,0.8208765034908678,0.5711057397860814,-0.46308436607918363,-0.8863142049482455,-0.9711627579732054,0.23841748578046287,0.6170828608134961,-0.7868981782227173,0.9452243591398598,0.3264213701469947,0.5803355192701052,0.8143774831572257,0,0,0,1,99,49
1701638280,12,4,0,318,018.8,7.7,092,1,0,0,0,0,0,0,-0.6435612059762619,-0.7653946525566921,0.9395197317131483,-0.34249477911590703,-0.8192968873112808,-0.5733695234681091,0.8869525137988248,-0.46186062645125475,0.8549446258241684,0.5187192754991592,-0.49055108016436005,-0.8714124383720832,-0.9673190886083255,0.25356218332779523,0.610916449554358,-0.791695074927145,0.9464922278939074,0.3227266064898082,0.5819249923788253,0.8132424627655053,0,0,0,1,99,49
1701638340,12,4,0,319,018.8,7.7,093,1,0,0,0,0,0,0,-0.9917749956098326,0.12799358610147818,0.6603053891566091,-0.7509971990964674,-0.9356808214066555,-0.3528475597928464,0.8224498646704389,-0.5688376043332375,0.8856742076896101,0.46430722354210824,-0.5175387794445416,-0.8556597523379571,-0.9632392621612652,0.2686449773046603,0.6047127511039186,-0.796443650644746,0.9477456543410647,0.3190269184216702,0.5835122456205738,0.812104340100972,0,0,0,1,99,49
1701638520,12,4,0,322,018.8,7.6,093,1,0,0,0,0,0,0,0.9999122598719259,0.01324660552058789,-0.702407785577371,-0.7117747556357236,-0.9251418149764185,0.37962168297153187,0.5569462797382114,-0.8305485184417379,0.9566996703359257,0.2910768640396056,-0.5953667508185162,-0.8034540634160753,-0.9495930874369493,0.3134851962883771,0.5858817302628675,-0.8103965684429991,0.9514190896873468,0.30789887264895993,0.5882606256375825,0.8086714019454874,0,0,0,1,99,49
1701638640,12,4,0,324,018.8,7.7,093,1,0,0,0,0,0,0,-0.4040652194563607,-0.9147301779353751,-0.9784503507933796,0.20648222933781113,-0.6298879942744539,0.7766859820216312,0.33415117684842055,-0.9425194910508831,0.9855251115651197,0.16952950915565845,-0.6443874963266829,-0.7646991268321347,-0.9393346386757316,0.3430020941392817,0.5731482818000584,-0.8194516746395976,0.9537954903016678,0.30045659034243405,0.5914150022013163,0.8063673450551039,0,0,0,1,99,49
1701638700,12,4,0,325,018.8,7.5,093,1,0,0,0,0,0,0,-0.9880362734541701,-0.15422166624309427,-0.7596781115193113,0.6502992902336991,-0.4181511148892831,0.9083774794196792,0.2140356519137885,-0.9768258492227975,0.9941895818260211,0.10764327841812157,-0.6679658380418412,-0.7441919370760884,-0.9338607864869604,0.35763673114202876,0.5667288897074029,-0.8239043424882614,0.9549618690000825,0.2967285438845904,0.5929888093865725,0.8052107003401626,0,0,0,1,99,49
1701638760,12,4,0,326,018.8,7.4,093,1,0,0,0,0,0,0,-0.6636113342009432,0.7480775341634341,-0.35491017584493534,0.9349004048997503,-0.1804156244623088,0.9835904648022342,0.09058017221711874,-0.995889166725453,0.9989717630457462,0.04533670298194944,-0.690891922451714,-0.7229580565226276,-0.9281589455806122,0.3721840562660983,0.5602749074043482,-0.8283067234624195,0.9561136761553041,0.2929959697142441,0.5945603544997581,0.8040509839911409,0,0,0,1,99,49
1701638820,12,4,0,327,018.8,7.5,093,1,0,0,0,0,0,0,0.2709348053161655,0.9625976995964054,0.13675214880138925,0.9906052946548402,0.06853723566485535,0.9976485590263838,-0.034288780771676325,-0.9994119668651121,0.9998529809089715,-0.017146911309152784,-0.7131433626239372,-0.7010182196957677,-0.9222305079793683,0.38664051799069915,0.5537867288087088,-0.8326585488634279,0.9572508941921726,0.2892589247858846,0.596129631545906,0.8028882004320043,0,0,0,1,99,49
1701638880,12,4,0,328,018.8,7.5,093,1,0,0,0,0,0,0,0.9563847343054627,0.2921099792671752,0.5949327780232085,0.803775459710974,0.31322878243308516,0.9496776978825432,-0.158622668804709,-0.9873392775238264,0.9968297942787993,-0.07956356727854007,-0.7346984304047954,-0.6783938504738453,-0.9160769210262436,0.40100258697803604,0.5472647499254653,-0.8369595530782943,0.9583735057581397,0.28551746612221973,0.5976966345387016,0.8017223540984184,0,0,0,1,99,49
1701638940,12,4,0,329,018.8,7.4,093,1,0,0,0,0,0,0,0.7625389491684939,-0.6469423088661069,0.9074531141789384,0.4201533595806971,0.5384452806085791,0.8426604771735462,-0.2804813031437691,-0.9598594889809514,0.9899140086343236,-0.14166952922038076,-0.7555360776363961,-0.6551070411694638,-0.9096996870312377,0.41526675693494663,0.5407093688225928,-0.8412094735958894,0.9594814937235343,0.2817716508133054,0.5992613575005044,0.8005534494377329,0,0,0,1,99,50
1701639060,12,4,0,331,018.8,7.6,093,1,0,0,0,0,0,0,-0.9055911481970673,-0.424151709070136,0.8438458713148201,-0.5365856366554476,0.8765231419236595,0.48135972169706537,-0.5092348565754973,-0.860627597075839,0.964527759340248,-0.26398144151072533,-0.7949784404343068,-0.6066376836668139,-0.896280559776573,0.4434874949382373,0.5275000023989397,-0.8495550291000099,0.9616535314498694,0.27426717895146524,0.6023839394640825,0.798206482982776,0,0,0,1,99,50
1701639120,12,4,0,332,018.7,7.7,093,1,0,0,0,0,0,0,-0.8462043418838514,0.5328585288581931,0.48329156372825655,-0.875459459043705,0.9683644611001854,0.24954011797333814,-0.6125601529754697,-0.7904239741978156,0.9461564284508708,-0.3237097664592346,-0.8135446412026923,-0.5815024649736085,-0.889241942604376,0.45743717329617606,0.5208468233098019,-0.8536501547168418,0.9627175480681864,0.27050863690754695,0.6039417865541566,0.7970284301414683,0,0,0,1,99,50
1701639180,12,4,0,333,018.8,7.6,093,1,0,0,0,0,0,0,-0.008821166113885877,0.9999610927573088,0.004410625958475234,-0.9999902731420214,0.9999975682825487,0.0022053183419487145,-0.7063266530643069,-0.707886049566577,0.9240903769563281,-0.38217401169717374,-0.8313164294350177,-0.5557994189916117,-0.8819862297654119,0.47127517492882454,0.5141618544151129,-0.8576931779281052,0.9637668748011899,0.2667459672346471,0.6054973297898815,0.7958473368789541,0,0,0,1,99,50
1701639240,12,4,0,334,018.8,7.7,093,1,0,0,0,0,0,0,0.8366721491002945,0.5477040395322044,-0.47555018687189876,-0.8796885924951523,0.9694556700786149,-0.24526659730265726,-0.78907116196914,-0.6143017998904703,0.8984157723154882,-0.43914587559803503,-0.8482764512816665,-0.5295536443090374,-0.8745151926379088,0.48499812148654897,0.5074455037309183,-0.8616838519685015,0.964801495637445,0.26297922734647544,0.6070505632373322,0.7946632077007452,0,0,0,1,99,50
1701639300,12,4,0,335,018.8,7.6,093,1,0,0,0,0,0,0,0.9129329489429682,-0.40810958177221934,-0.839079728563448,-0.5440084641932424,0.8786377137914245,-0.477489023856443,-0.8595024793031265,-0.5111315760856283,0.8692328733100321,-0.49440288425249485,-0.8644081455691214,-0.5027907694794651,-0.8668306551684317,0.49860266270876197,0.5006981811886468,-0.8656219332678563,0.9658213947899105,0.2592084747188484,0.6086014809713954,0.7934760471239344,0,0,0,1,99,50
1701639360,12,4,0,336,018.7,7.6,093,1,0,0,0,0,0,0,0.14984740573347818,-0.9887091356890289,-0.9971732887740798,-0.07513609089835323,0.7331903200732922,-0.6800234955873388,-0.9165215479156338,-0.39998531498835127,0.836655638536056,-0.5477292602242684,-0.8796957599716702,-0.47553692799599256,-0.858934493426592,0.5120854772418407,0.4939202986100892,-0.8695071814659844,0.9668265566961802,0.2554337668888117,0.6101500770757914,0.7922858596771786,0,0,0,1,99,50
1701639420,12,4,0,337,018.7,7.6,093,1,0,0,0,0,0,0,-0.7510071512506543,-0.660294069919136,-0.9111240502585628,0.41213221791123295,0.542156703402608,-0.8402774000028898,-0.9592386043114846,-0.28259741682923273,0.8008112813981934,-0.598916765156381,-0.8941243663932834,-0.4478187327723233,-0.8508286351470322,0.5254432734499875,0.48711226968226357,-0.8733393594273613,0.9678169660187202,0.25165516145376265,0.6116963456430966,0.791092649900681,0,0,0,1,99,50
1701639480,12,4,0,338,018.7,7.6,093,1,0,0,0,0,0,0,-0.9613891968218607,0.2751923186322931,-0.6019998676776046,0.7984961861625556,0.31741440880766936,-0.9482869255037094,-0.9869870631127111,-0.16079968049764676,0.7618397733439909,-0.6477655129374955,-0.907679875544648,-0.4196632501557079,-0.8425150592587969,0.538672790218836,0.4802745099321658,-0.8771182332555959,0.9687926076451028,0.24787271607057126,0.6132402807747664,0.7898964223461742,0,0,0,1,99,50
1701639540,12,4,0,339,018.7,7.5,093,1,0,0,0,0,0,0,-0.2878744485084861,0.9576681585475916,-0.1454851220097925,0.989360439513222,0.07293682364477497,-0.997336562929792,-0.9993339189004324,-0.03649271893274041,0.7198932972784023,-0.6940847502528994,-0.9203490507011184,-0.3910979734971153,-0.8339957954022056,0.5517707977516048,0.473407436701408,-0.8808435723077068,0.9697534666882369,0.24408648845470035,0.6147818765811577,0.7886971815769029,0,0,0,1,99,51
1701639660,12,4,0,341,018.7,7.5,093,1,0,0,0,0,0,0,0.9906032333897737,-0.13676707936387883,0.7539121564757657,0.6569752356961871,-0.4141405343019522,-0.9102129519228418,-0.9772954906073296,0.2118809194773779,0.6277416190291282,-0.7784217749643756,-0.9429797916616176,-0.3328499850049752,-0.8163485729163049,0.5775595272329186,0.45958702808449753,-0.8881327398629437,0.9716307786044408,0.23650291767445097,0.617858026704173,0.7862896787044997,0,0,0,1,99,51
1701639720,12,4,0,342,018.7,7.5,093,1,0,0,0,0,0,0,0.42013968223930687,-0.907459446701534,0.9765908679435658,0.21510526876214117,-0.6264561960895026,-0.7794566276458689,-0.943254108829076,0.33207180876591375,0.5778962671769416,-0.8161102280837784,-0.9529192589311485,-0.3032241513437061,-0.8072249226032686,0.5902439532330229,0.45263453622485383,-0.8916961234728519,0.9725472028320404,0.23270569022603224,0.6193925692862192,0.7850814257852596,0,0,0,1,99,51
1701639780,12,4,0,343,018.7,7.4,093,1,0,0,0,0,0,0,-0.5365983551885637,-0.8438377837054513,0.9601660751415484,-0.2794299700233931,-0.799821845795485,-0.6002374654987004,-0.8944935621620483,0.44708082854294906,0.5257942427685239,-0.8506117882274349,-0.9619282167156328,-0.2733022244444464,-0.7979041999026094,0.6027842796372321,0.4456544178860835,-0.8952050825473546,0.9734487871858886,0.22890491197508778,0.6209247490738762,0.7838701780190033,0,0,0,1,99,51
1701639840,12,4,0,344,018.7,7.4,093,1,0,0,0,0,0,0,-0.9999903395061709,-0.004395553927897717,0.7086591401823227,-0.7055510066862999,-0.9234584470040598,-0.38369844494974187,-0.8317747426285983,0.5551133015206257,0.47163900309419615,-0.8817917275413242,-0.9699978679206785,-0.24311342256103,-0.7883886803350966,0.6151774449047079,0.4386470990986331,-0.898659402917676,0.9743355179089173,0.22510064091681745,0.6224545602223437,0.7826559400262728,0,0,0,1,99,51
1701639960,12,4,0,346,018.7,7.2,093,1,0,0,0,0,0,0,0.412145950487085,0.911117838425468,-0.2108105329134813,-0.9775269404025313,-0.9943658633527529,0.10600249902117563,-0.6685796515669709,0.7436405378343678,0.3580219701119138,-0.9337131620134654,-0.983288655994125,-0.18205334106592852,-0.7687825898997481,0.6395102262411726,0.4245525725742499,-0.9054032875578629,0.9760643645676915,0.2174818526246926,0.62550705326771,0.7802185119005741,0,0,0,1,99,52
1701640080,12,4,0,348,018.7,6.9,093,1,0,0,0,0,0,0,0.6569638725243397,-0.7539220584369601,-0.9364619742512132,-0.3507691132091307,-0.8218178366308225,0.5697503342653119,-0.4638155159838274,0.8859318072699817,0.23881812402958275,-0.9710643148808378,-0.9927397229084867,-0.1202823451699422,-0.7484257963118128,0.6632185366943757,0.41035439762821135,-0.9119261309706986,0.9777336372884741,0.20984979036122642,0.6285500018450296,0.7777691786003179,0,0,0,1,99,52
1701640140,12,4,0,349,018.7,6.9,093,1,0,0,0,0,0,0,-0.27944444178438205,-0.9601618634146094,-0.9899903695023021,0.14113492938566014,-0.6553110218111473,0.755359162711905,-0.3497433611150432,0.9368455482927549,0.17769981950925717,-0.9840847393118021,-0.9960132376910966,-0.08920555108343296,-0.7379720696216873,0.6748312562843274,0.4032175242444657,-0.9151041624548343,0.9785459014412237,0.20602892702866477,0.6300678824425727,0.7765400591819668,0,0,0,1,99,52
1701640260,12,4,0,351,018.7,6.7,093,1,0,0,0,0,0,0,-0.7567827912998033,0.6536664338884767,-0.41613313140840114,0.9093036989610448,-0.2129510519332497,0.9770628687451604,-0.10709138913759518,0.994249181228016,0.053622843881987556,-0.9985612603210722,-0.9996402503703701,-0.026821070811284417,-0.7165267164632748,0.6975596494883844,0.38887038361876797,-0.9212924751370719,0.980125623360871,0.19837782746936225,0.6330964273041816,0.7740729382523853,0,0,0,1,99,53
1701640320,12,4,0,352,018.7,6.7,093,1,0,0,0,0,0,0,0.14114985067939137,0.9899882421792622,0.07075223608034517,0.9974939203271522,0.03539830273366068,0.9993732836951247,0.017701925105413577,0.9998433086476912,-0.008851309290403876,-0.9999608263946371,-0.9999902065507035,0.004425697988050785,-0.7055403255703919,0.70866977429126,0.3816609920523317,-0.9243023786324636,0.9808930570231557,0.19454770798898718,0.6346070800152693,0.7728349461524715,0,0,0,1,99,53
1701640380,12,4,0,353,018.7,6.6,093,1,0,0,0,0,0,0,0.9093099708898409,0.4161194261751267,0.5403149886061247,0.8414628411805024,0.2815467623854851,0.9595475082507646,0.14221900672771448,0.9898352156421706,-0.07129089828943605,-0.9974555668404911,-0.9993636892644466,0.03566814516840596,-0.6943816871258898,0.7196068875324937,0.3744283058660939,-0.9272558674746938,0.9816455234642222,0.19071461994994804,0.6361153118932337,0.7715940059221391,0,0,0,1,99,53
1701640440,12,4,0,354,018.7,6.6,093,1,0,0,0,0,0,0,0.8414546973619527,-0.540327671221366,0.8775897877771157,0.47941231147032193,0.5101900080017631,0.8600617162362019,0.2645168083164075,0.9643810751555119,-0.13345209785628734,-0.9910552646435797,-0.9977613102950975,0.06687576301030233,-0.6830535253513071,0.7303683190727478,0.3671727665059408,-0.9301527613980265,0.9823830112023585,0.1868786218404523,0.6376211171846285,0.7703501222951977,0,0,0,1,99,53
1701640500,12,4,0,355,018.7,6.6,093,1,0,0,0,0,0,0,-3.014435335948845e-05,-0.999999999545659,0.9999999998864147,-1.50721766814562e-05,0.7071121099856378,0.7071014523472988,0.3826869135812598,0.9238780905366516,-0.1950921698369112,-0.9807849128470145,-0.9951846343385268,0.09801807780451909,-0.6715586058548728,0.7409514416628525,0.3598948168125984,-0.9329928835909876,0.983105508984409,0.18303977219311154,0.6391244901452644,0.7691033000166855,0,0,0,1,99,53
1701640560,12,4,0,356,018.7,6.6,094,1,0,0,0,0,0,0,-0.8414872714892108,-0.5402769400239504,0.8775753358042688,-0.4794387656291727,0.8600694058124533,0.5101770449416689,0.4948853175526281,0.8689582973139933,-0.25597041106933305,-0.9666846169547733,-0.9916361774750792,0.12906467960915324,-0.6598997349563215,0.7513536715852107,0.3525949009946041,-0.9357760607071574,0.9838130057859464,0.17919812958404827,0.6406254250402305,0.7678535438428503,0,0,0,1,99,53
1701640620,12,4,0,357,018.6,6.5,094,1,0,0,0,0,0,0,-0.9092848819352602,0.4161742465410129,0.540289623007414,-0.8414791282441333,0.9595517516643209,0.281532299883927,0.5993612016622668,0.8004787004923762,-0.3158490933243467,-0.9488094383205661,-0.9871194047126635,0.15998525194441188,-0.6480797590017714,0.7615724692845757,0.3452734646011943,-0.9385021228757492,0.9845054908114401,0.17535375263200217,0.6421239161439161,0.7666008585411322,0,0,0,1,99,53
1701640740,12,4,0,359,018.6,6.4,094,1,0,0,0,0,0,0,0.7568221986283603,0.6536208072447929,-0.41616054159134735,-0.9092911544837531,0.9770596589983012,-0.2129657783732482,0.7787701131827185,0.6273094219070648,-0.43167729734891963,-0.9020281098466568,-0.9751994949359482,0.22132768709917786,-0.6239680732620949,0.781449834314135,0.3305678188253245,-0.9437822403272206,0.9858453834976407,0.16765703038163873,0.645113544121638,0.7640867196796574,0,0,0,1,99,54
1701640860,12,4,0,361,018.6,6.5,094,1,0,0,0,0,0,0,0.2793865543595699,-0.9601787090136331,-0.9899946234736917,-0.141105086702016,0.7553492856626053,-0.655322406643472,0.9097588709772145,0.4151370817913813,-0.5407693215265723,-0.8411709344097017,-0.9594714520009706,0.2818058423722779,-0.5992470932877865,0.8005641268419033,0.3157814696574965,-0.9488319468804535,0.9871251052628672,0.15995007521027702,0.6480933284603858,0.7615609217949267,0,0,0,1,99,53
1701640980,12,4,0,363,018.6,6.4,094,1,0,0,0,0,0,0,-0.9893538601694428,0.14552985730709223,-0.6536322141284454,0.756812347054107,0.348703063469403,-0.9372332545994372,0.9841832285198314,0.17715352861368974,-0.6414228213067844,-0.7671875678781851,-0.9399966935788086,0.3411835518616152,-0.573940958696269,0.8188966820856021,0.3009180269727937,-0.9536500097220159,0.988344577999499,0.1522333575107376,0.6510632236923164,0.7590235034275084,0,0,0,1,99,53
1701641040,12,4,0,364,018.6,6.4,094,1,0,0,0,0,0,0,-0.41209101962194344,0.9111426845159583,-0.21078106590019152,0.9775332947055968,0.10598751175115685,-0.9943674609282015,0.9985908724117705,0.05306853621402457,-0.688088462258297,-0.7256268104935293,-0.9288774974380447,0.37038708772476847,-0.5610761589460167,0.8277641837276992,0.2934585288182137,-0.9559718049523478,0.9889316975788438,0.1483714848743724,0.652544448725766,0.7577504486552193,0,0,0,1,99,53
1701641100,12,4,0,365,018.6,6.5,094,1,0,0,0,0,0,0,0.5440464039108651,0.8390551295306261,0.2836766385070983,0.9589199991476417,-0.1433178301056054,-0.9896767146769802,0.997415839727087,-0.07184457294402906,-0.7320671324899203,-0.6812324959424539,-0.9168512681843369,0.39922894688232846,-0.5480743804985193,0.8364295986161443,0.2859811194675758,-0.9582352525909659,0.9895037272772058,0.14450734827169542,0.6540231845004826,0.7564745032952847,0,0,0,1,99,53
1701641160,12,4,0,366,018.6,6.5,094,1,0,0,0,0,0,0,0.9999900726865629,-0.004455842044182302,0.7086804082392084,0.705529644294206,-0.38371236343503057,-0.9234526637284138,0.9806764664578257,-0.19563657157033057,-0.7731870962355524,-0.6341779830732337,-0.9039297492264633,0.42768096574828196,-0.5349387975515134,0.8448908112141716,0.27848625530340665,-0.9604402144886925,0.9900606583661156,0.14064100666467697,0.6554994253755387,0.7551956722150481,0,0,0,1,99,53
1701641220,12,4,0,367,018.6,6.4,094,1,0,0,0,0,0,0,0.5365474803247321,-0.8438701329927379,0.9601744979410612,0.27940102631098374,-0.6002495204866958,-0.7998127988195062,0.948633964925225,-0.31637572692962224,-0.8112877809167417,-0.5846470187516472,-0.8901255582084044,0.4557153614090449,-0.5216726169691845,0.8531457558380763,0.27097439377358495,-0.9625865560660185,0.99060248234749,0.13677251904893306,0.6569731657195242,0.7539139602928616,0,0,0,1,99,53
1701641280,12,4,0,368,018.6,6.3,094,1,0,0,0,0,0,0,-0.42019439103217676,-0.9074341153742778,0.9765843832906294,-0.21513470736462095,-0.7794660696158047,-0.626444447910339,0.9017883476488092,-0.4321779448847783,-0.8462204041751706,-0.5328330203333975,-0.8754521746884285,0.4833047587530059,-0.5082790774992584,0.8611924171615208,0.26344599336342084,-0.9646741463213163,0.9911291909537616,0.13290194445282522,0.6584443999105676,0.7526293724180665,0,0,0,1,99,53
1701641340,12,4,0,369,018.6,6.3,094,1,0,0,0,0,0,0,-0.9906114770998198,-0.1367073569275377,0.7538923520395793,-0.6569979615921431,-0.910219193818759,-0.4141268153644828,0.8408706248182544,-0.5412361705556629,-0.8778485548645799,-0.47893832037347833,-0.8599239269765315,0.5104222172018581,-0.49476144898230595,0.8690288307075485,0.2559015135676726,-0.9667028578388368,0.9916407761480053,0.12902934193655957,0.6599131223363575,0.751341913490975,0,0,0,1,99,53
1701641460,12,4,0,371,018.6,6.0,094,1,0,0,0,0,0,0,0.28793218456003195,0.9576508012289697,-0.14551494557438124,-0.9893560535087885,-0.9973354634998167,0.07295185566937777,0.6808260219507706,-0.7324451705313435,-0.9307107957178061,-0.3657559496909493,-0.8263643112123579,0.5631358851596348,-0.46736715483673286,0.8840633136714912,0.24076615867736564,-0.9705831529733789,0.9926185453066497,0.12127828953819604,0.6628430094908613,0.7487584021358946,0,0,0,1,99,53
1701641520,12,4,0,372,018.6,6.0,094,1,0,0,0,0,0,0,0.9614057860636483,0.27513435722086477,-0.6020239375552833,-0.7984780389030324,-0.9482821412699473,0.31742870151970165,0.5841965844132856,-0.8116121923430246,-0.9517384599623535,-0.3069102537037296,-0.808365713555359,0.5886806206663637,-0.45349717713213844,0.8912577126360152,0.23317620736685893,-0.9724344997571855,0.9930847143514961,0.1173999579276213,0.6643041630429463,0.7474623595632162,0,0,0,1,99,53
1701641580,12,4,0,373,018.6,6.0,094,1,0,0,0,0,0,0,0.7509673416102893,-0.6603393459690063,-0.9111364733038093,-0.412104752478659,-0.840269228425824,0.5421693681504614,0.4784509545656371,-0.8781142773439177,-0.9690496058881397,-0.24686607974373714,-0.78957776049726,0.6136505195370826,-0.4395164845958098,0.8982345238124292,0.22557202418248906,-0.9742264941512392,0.9935357301454335,0.11351983493813046,0.6657627824765626,0.746163465648825,0,0,0,1,99,54
1701641640,12,4,0,374,018.6,5.9,094,1,0,0,0,0,0,0,-0.14990701345623575,-0.9887000997858916,-0.997171023392149,0.07516615000819327,-0.6800124447360528,0.7332005694242856,0.365239257594056,-0.9309136827397816,-0.9825766338407864,-0.18585789902532845,-0.7700187981553854,0.6380211990892903,-0.4254284904133183,0.9049920439123458,0.21795407324440425,-0.9759590267814386,0.9939715858065156,0.10963797977562646,0.6672188622275204,0.7448617253476065,0,0,0,1,99,54
1701641700,12,4,0,375,018.6,5.9,094,1,0,0,0,0,0,0,-0.9129575516827102,-0.40805454148374776,-0.8390633293988445,0.5440337574619116,-0.47747578081934605,0.8786449104905553,0.24632812416515168,-0.9691864914686324,-0.9922667210656196,-0.12412394718862174,-0.7497079255245411,0.661768861767981,-0.4112366339663935,0.9115286231841491,0.2103228195130653,-0.9776319919029218,0.9943922746841213,0.10575445167244309,0.668672396741318,0.7435571436253043,0,0,0,1,99,54
1701641760,12,4,0,376,018.6,5.8,094,1,0,0,0,0,0,0,-0.8366391272115635,0.5477544804186207,-0.47552366901205834,0.879702927248347,-0.24525198546765434,0.9694593666699876,0.123573122745224,-0.9923354691509287,-0.9980820279793963,-0.061905293994420546,-0.72866497582717,0.6848703183835534,-0.39694437999324705,0.9178426658157577,0.20267872876086712,-0.9792452874065205,0.9947977903590559,0.10186930988644112,0.6701233804731629,0.7422497254585013,0,0,0,1,99,54
1701641820,12,4,0,377,018.6,5.8,094,1,0,0,0,0,0,0,0.00888145245887885,0.9999605591233189,0.0044407700166209495,0.9999901397322173,0.002220390481728404,0.9999975349300161,-0.0011101959250420757,-0.9999993837323141,-0.9999998459330667,0.0005550980480432917,-0.7069104971465471,0.7073030107556603,-0.3825552177427069,0.9239326303242191,0.1950222675437101,-0.9807988148249923,0.9951881266436493,0.09798261370010419,0.6715718078879934,0.7409394758346002,0,0,0,1,99,54
1701641880,12,4,0,378,018.6,5.7,094,1,0,0,0,0,0,0,0.8462364656975445,0.5328075113244262,0.48331795366796265,0.8754448901342752,0.24955471330524379,0.9683606998774462,-0.1257761903592125,-0.9920586423890088,-0.9980126858885634,0.06301332244450873,-0.6844657323619245,0.7290450337408892,-0.36807266012236683,0.9297970299320409,0.1873539031725241,-0.982292479339031,0.9955632775818498,0.09409442241963412,0.673017673460499,0.7396263997518051,0,0,0,1,99,55
1701641940,12,4,0,379,018.7,5.6,094,1,0,0,0,0,0,0,0.9055655749932976,-0.42420630521841407,0.8438620459584654,0.5365601992235288,0.48137293275405046,0.8765158866853267,-0.24847948940976328,-0.9686371577338252,-0.9921283076633347,0.12522548116532597,-0.6613525984052206,0.7500751566227634,-0.3535002428409609,0.9354344329301663,0.17967410368474607,-0.9837261897830529,0.9959232374493159,0.09020479537404606,0.6744609716751422,0.7383105022191023,0,0,0,1,99,55
1701642060,12,4,0,381,018.7,5.5,094,1,0,0,0,0,0,0,-0.7625779510977885,-0.6468963352033299,0.9074404485153088,-0.4201807139771352,0.842668592620235,0.5384325798198252,-0.48039953173383443,-0.8770497647852786,-0.9687749389784189,0.2479417625317701,-0.6132121319201985,0.7899182750550117,-0.32410008095107623,0.9460227996869345,0.1642820749702558,-0.9864134021004922,0.9965975622337464,0.08242147141221098,0.6773398440176795,0.7356702628937135,0,0,0,1,99,55
1701642120,12,4,0,382,018.7,5.5,094,1,0,0,0,0,0,0,-0.9563671216345017,0.29216763793503586,0.594908548461427,-0.8037933932096717,0.9496824188142243,0.31321446868745406,-0.5859972403145539,-0.8103130471266812,-0.9513971429236797,0.3079666807248138,-0.588231807740446,0.8086923644763854,-0.30927951397046544,0.9509711784476923,0.15657078519364281,-0.98766673996032,0.9969119168613444,0.07852789325991148,0.6787754071635509,0.734345931172738,0,0,0,1,99,54
1701642180,12,4,0,383,018.7,5.4,094,1,0,0,0,0,0,0,-0.27087677105340535,0.9626140321560251,0.13672228758321528,-0.9906094165098637,0.9976495919183909,0.06852219892172288,-0.6824506579520153,-0.7309316653838863,-0.930304161385911,0.3667889956201752,-0.5626770851828893,0.8266767795275779,-0.29438344083220963,0.9556873912340734,0.14884993914329722,-0.9888597957329627,0.9972110598396317,0.07463311686857685,0.6802083809875555,0.7330187981452375,0,0,0,1,99,54
1701642240,12,4,0,384,018.7,5.3,094,1,0,0,0,0,0,0,0.6636564336219596,0.7480375245348201,-0.3549383576518463,-0.9348897059372352,0.9835877454343449,-0.18043044929108396,-0.7682546613236668,-0.6401443394691997,-0.9055783620066239,0.424179007336997,-0.5365729180004349,0.8438539587324921,-0.27941549819892586,0.960170286650366,0.1411200080598672,-0.9899924966004454,0.9974949866040544,0.0707372016677029,0.6816387600233341,0.7316888688738209,0,0,0,1,99,54
1701642300,12,4,0,385,018.7,5.2,094,1,0,0,0,0,0,0,0.9880269738337468,-0.1542812333919083,-0.7596977140257526,-0.6502763899328083,0.9083711768690177,-0.41816480606765055,-0.8420703076547856,-0.5393677752389131,-0.8773162985032573,0.4799126091076827,-0.509944796469342,0.8602071288671359,-0.2643793402791376,0.964418770261948,0.13338146373850462,-0.9910647734285454,0.9977636928222396,0.06684020710416233,0.6830665388144254,0.7303561484317642,0,0,0,1,99,54
1701642360,12,4,0,386,018.7,5.2,094,1,0,0,0,0,0,0,0.4040100708226276,-0.9147545368424774,-0.9784565746221131,-0.20645273449087873,0.7766764881502719,-0.629899700551255,-0.9027457284726566,-0.43017455727224563,-0.8456283336289784,0.5337721624100279,-0.482818722498399,0.8757203213383905,-0.2492786379351523,0.9684318048624773,0.12563477850006885,-0.9920765607710116,0.9980171743940611,0.06294219264129754,0.6844917119142869,0.7290206419029908,0,0,0,1,99,54
1701642420,12,4,0,387,018.7,5.2,094,1,0,0,0,0,0,0,-0.5514518281149147,-0.8342067377267571,-0.9576551408849527,0.2879177506452518,0.5966918171697799,-0.8024704825242022,-0.9493341041288368,-0.3142686092149499,-0.8106382082084923,0.5855473468409921,-0.4552211842385018,0.8903783877770709,-0.2341170777868726,0.9722084107271113,0.117880425162299,-0.9930277968735597,0.9982554274517018,0.05904321775801332,0.6859142738863169,0.7276823543820522,0,0,0,1,99,54
1701642480,12,4,0,388,018.7,5.2,094,1,0,0,0,0,0,0,-0.9999114594340064,0.013306888913466725,-0.7023863292684922,0.711795928940826,0.3796077390275217,-0.9251475365964139,-0.981108438603097,-0.1934586046207122,-0.7724825579327705,0.6350359814133715,-0.42717913021742326,0.904167014830051,-0.2188983613117615,0.9757476658516921,0.11011887701095537,-0.9939184236776407,0.9984784483597131,0.055143341947869365,0.6873342193038735,0.7263412909741086,0,0,0,1,99,53
1701642540,12,4,0,389,018.7,5.2,094,1,0,0,0,0,0,0,-0.5290571062774264,0.8485862232545117,-0.2751488476674837,0.9614016390808037,0.13892149027273704,-0.9903033977223353,-0.9975729040331677,-0.06962974320527361,-0.7313103797996011,0.6820448140682276,-0.3987199430250338,0.9170727381370105,-0.20362620394117933,0.9790487061778415,0.10235060777093262,-0.9947483868239851,0.9986862337150706,0.05124262471817234,0.6887515427502967,0.7249974567949091,0,0,0,1,99,53
1701642660,12,4,0,391,018.7,5.2,094,1,0,0,0,0,0,0,0.9917827103751873,0.12793379303705288,0.6603280271815468,0.7509772942762827,-0.3528616624994258,-0.9356755031196132,-0.9837874524305575,0.17933836299072597,-0.6405706975070254,0.7678992000877217,-0.34066170896673886,0.9401859390800635,-0.17293649256292973,0.9849329771817125,0.08679580294659275,-0.9962261232224621,0.9990560853181523,0.04343890409263279,0.6915783021131328,0.7223014966385688,0,0,0,1,99,49
1701642720,12,4,0,392,018.7,5.2,094,1,0,0,0,0,0,0,0.6435150601529656,-0.7654334506384766,0.9395300555699313,0.3424664577455166,-0.5733818719904229,-0.8192882452914593,-0.9537526527594719,0.3005925437436371,-0.5913575298651244,0.8064094939122546,-0.3111193549811273,0.9503708470676735,-0.157526431008143,0.987514771299061,0.07901021674738969,-0.9968738062811815,0.999218145922396,0.03953601977196579,0.692987727246318,0.7209493809456964,0,0,0,1,99,49
1701642780,12,4,0,393,018.7,5.2,094,1,0,0,0,0,0,0,-0.2963973686521434,-0.9550647097742044,0.9887023590985824,-0.14989211157661958,-0.7582519738110213,-0.6519616125292119,-0.9088348619329069,0.4171560783872076,-0.5398351237242685,0.8417707759203831,-0.281273198225157,0.9596277340511744,-0.14207791163447184,0.9898554778479468,0.07121980817179005,-0.9974606453008427,0.9993649596871111,0.035632532180279806,0.6943945088419551,0.7195945150500662,0,0,0,1,99,49
1701642900,12,4,0,395,018.7,5.4,094,1,0,0,0,0,0,0,-0.745093055724214,0.6669605223036468,0.4080683016949204,-0.9129514013088668,-0.97799575697159,-0.20862478123551537,-0.777375321590387,0.6290370492922037,-0.4306756033883254,0.9025068003323309,-0.2207863216638081,0.9753222032570393,-0.11108059403640383,0.9938114014381801,0.055626426102257626,-0.9984516516682669,0.9996128379698479,0.02782398544181939,0.6972001199649138,0.7168765533346099,0,0,0,1,99,48
1701642960,12,4,0,396,018.7,5.6,094,1,0,0,0,0,0,0,0.15865243143670757,0.9873344954974584,-0.07957859166428352,-0.9968285949694307,-0.9992068341863537,0.0398208803931389,-0.6928849542336957,0.7210481538680822,-0.3734647547841147,0.9276443698605846,-0.19020466626691288,0.9817444600965631,-0.0955393633625346,0.9954256526975189,0.04782440434799511,-0.998855758530109,0.9997138987055519,0.023919045443861007,0.6985989387896817,0.7155134678829815,0,0,0,1,99,47
1701643020,12,4,0,397,018.7,5.7,094,1,0,0,0,0,0,0,0.916533604797894,0.3999576868572196,-0.54774187038366,-0.8366473829688406,-0.9582920700310633,0.28579067254824764,-0.5975823489075595,0.8018075431636471,-0.31479553430469187,0.9491595079763061,-0.15943727924123308,0.9872080601312739,-0.07997480812332723,0.9967968850601596,0.04001946363858728,-0.9991989003847431,0.9997997050371497,0.020013740470697712,0.6999950926718352,0.7141476529649515,0,0,0,1,99,47
1701643080,12,4,0,398,018.7,5.8,094,1,0,0,0,0,0,0,0.8317580087191734,-0.5551383745801722,-0.8817988360675502,-0.47162571251991114,-0.857795346373455,0.5139913848889341,-0.49295467089331135,0.8700549939196184,-0.2548970440004961,0.9669681985255819,-0.12851420441806832,0.9917076682484567,-0.06439072818171633,0.997924763759387,0.03221208034738687,-0.9994810562885589,0.9998702556553423,0.016108130112478542,0.7013885762854716,0.7127791137906885,0,0,0,1,99,47
1701643140,12,4,0,399,018.7,5.8,094,1,0,0,0,0,0,0,-0.017732064727370864,-0.9998427745803359,-0.9999606928725588,0.008866380875648453,-0.703965062742588,0.7102346023940429,-0.38063460011273087,0.9247255274928996,-0.19400318619432566,0.9810008989529264,-0.09746563765521044,0.9952388906571443,-0.04879092816731252,0.9988090134397928,0.024402730996829252,-0.9997022090202143,0.9999255494836139,0.012202273964012331,0.7027793843148743,0.7114078555807535,0,0,0,1,99,47
1701643200,12,4,0,400,018.7,5.9,094,1,0,0,0,0,0,0,-0.8509193596391765,-0.525296338642536,-0.8732972972139945,0.4871876750070059,-0.5063656411097588,0.8623188722876839,-0.26237485370392877,0.9649660284921133,-0.13235175009777303,0.9912028118634736,-0.06632189735120068,0.9977982791785807,-0.03317921654755682,0.9994494182244994,0.016591892229347906,-0.9998623450816866,0.9999655856782489,0.008296231623858378,0.7041675114545337,0.7100338835660797,0,0,0,1,99,47
1701643260,12,4,0,401,018.7,6.3,094,1,0,0,0,0,0,0,-0.9017753195144049,0.4322051285150291,-0.5328202658894324,0.8462284350324767,-0.2772828564548513,0.9607883312760612,-0.14002083545661836,0.9901485573579505,-0.07018348324944229,0.9975340990056306,-0.03511339483992818,0.9993833346133081,-0.017559404697937788,0.9998458217678634,0.008780040778282644,-0.9999614546990957,0.9999903636283441,0.004390062693417029,0.7055529524091665,0.7086572029879528,0,0,0,1,99,47
1701643380,12,4,0,403,018.7,6.9,094,1,0,0,0,0,0,0,0.7682739577117872,0.6401211806383749,0.42419265632588754,0.9055719686028203,0.2172878636707302,0.9761075679972009,0.10929874656829122,0.9940089456330866,0.054731409478074984,0.9985011130772681,0.02737596503077039,0.9996252080348085,0.013689265232136597,0.9999062976186339,-0.0068447929612965195,-0.9999765741302729,0.999994143515419,-0.003422416523977862,0.7083157546334748,0.7058957371581238,0,0,0,1,99,47
1701643440,12,4,0,404,018.7,7.0,094,1,0,0,0,0,0,0,0.953743591158287,-0.3006212938640479,0.8064184068658303,0.591345375451585,0.45202578717835057,0.8920048697881602,0.23237376165548454,0.9726265649744922,0.11699024537436405,0.9931330638374931,0.05859580259074419,0.9982817898362899,0.029310494397997367,0.999570355161729,-0.014656821590492326,-0.9998925830212285,0.9999731453947223,-0.007328607602110553,0.7096931053638997,0.7045109624405745,0,0,0,1,99,47
1701643500,12,4,0,405,018.7,7.4,094,1,0,0,0,0,0,0,0.26234576530777837,-0.9649739371739923,0.9912048065798491,0.13233681049883225,0.6586589365905422,0.7524416291310683,0.3518226619114605,0.9360666720728467,0.17879223686608067,0.9838868512366772,0.08975842234387488,0.9959635664111105,0.044924567827022366,0.9989903819384626,-0.022467955642842295,-0.9997475636225533,0.9999368889141338,-0.011234686854707914,0.7110677488308368,0.7031235002278377,0,0,0,1,99,47
1701643560,12,4,0,406,018.7,7.4,094,1,0,0,0,0,0,0,-0.6702515472972181,-0.742133992851483,0.9333097001669604,-0.35907242107165305,0.82433986348825,0.5660952123664124,0.46578148719844353,0.8848997718291073,0.23989604849902457,0.9707985815371557,0.12083339452081168,0.9926728014651041,0.060527673567121146,0.9981665195409792,-0.030277718366983942,-0.9995415247854836,0.9998853746268829,-0.015140594679806359,0.712439679790439,0.7017333558126596,0,0,0,1,99,47
1701643620,12,4,0,407,018.7,7.5,094,1,0,0,0,0,0,0,-0.9866226783405293,0.16302052197242078,0.6469078288394643,-0.7625682008753121,0.938767330299503,0.34455173713441634,0.572471948162346,0.819924306608365,0.3000630711964028,0.953919364152014,0.15179037493857458,0.9884127083743951,0.07611600234380722,0.9970989691034674,-0.03808563309525359,-0.9992744790855682,0.9998186033190141,-0.01904627147805807,0.7138088930092067,0.700340534498019,0,0,0,1,99,47
1701643680,12,4,0,408,018.7,7.6,094,1,0,0,0,0,0,0,-0.39589746896115763,0.9182947207025364,0.2021203593127912,-0.9793606896089245,0.9948267913584063,0.10158570369662134,0.6702291758433747,0.7421541968137826,0.3590583540221683,0.933315112063922,0.182599134631134,0.9831874470475918,0.09168574849017776,0.9957879912530557,-0.045891223272779696,-0.9989464428219001,0.9997365760093756,-0.022951657653640416,0.7151753832640076,0.6989450415971057,0,0,0,1,99,47
1701643740,12,4,0,409,018.7,7.6,094,1,0,0,0,0,0,0,0.5588140476063818,0.8292929881518187,-0.29215322336762034,-0.9563715251281321,0.9890327408959049,-0.1476964367746696,0.7575277013993184,0.6528030189978178,0.4166515216593972,0.909066284436349,0.21322958936748326,0.9770021198637056,0.10723311087601266,0.9942339060461842,-0.05369401248656933,-0.9985574360161222,0.9996392939496032,-0.026856693615165312,0.7165391453420968,0.6975468824333009,0,0,0,1,99,46
1701643800,12,4,0,410,018.7,7.7,094,1,0,0,0,0,0,0,0.9997545059076306,-0.022156893225121342,-0.7148975077677644,-0.6992292566729738,0.9217454249067293,-0.3877955281633778,0.833005260536624,0.5532650684060137,0.4726176740209713,0.8812675724222507,0.24365182902837945,0.9698627666897649,0.12275429383576587,0.9924370928904676,-0.06149352449458594,-0.998107482411205,0.9995267586241013,-0.030761319776588504,0.7179001740411366,0.696146062340157,0,0,0,1,99,46
1701643860,12,4,0,411,018.7,7.8,094,1,0,0,0,0,0,0,0.5215252820815293,-0.8532358291526332,-0.9626099493441341,-0.2708912797114064,0.7971484427982678,-0.6037833718680043,0.8954840511890774,0.4450936014660263,0.5267382644796055,0.8500275293971443,0.2738361468130674,0.9617763589829874,0.13824550809522282,0.9903979904520676,-0.06928928325481673,-0.9975966094699971,0.9993989717500206,-0.03466547655811879,0.719258464169216,0.6947425866613768,0,0,0,1,99,46
1701643920,12,4,0,412,018.7,7.7,094,1,0,0,0,0,0,0,-0.43619188095326605,-0.8998536786558422,-0.97464190312541,0.22377033018717848,0.6229886314423488,-0.7822308898871159,0.9439891127251193,0.32997659774057014,0.5788019532877502,0.8154681470604999,0.3037530682474665,0.95275079298327,0.15370297169659722,0.9881170965485999,-0.07708081295432778,-0.9970248483735498,0.9992559352772317,-0.03856910438712712,0.7206140105448711,0.6933364607507934,0,0,0,1,99,46
1701643980,12,4,0,413,018.7,7.8,094,1,0,0,0,0,0,0,-0.9928762402415507,-0.11915020589072603,-0.7480475271968774,0.6636451589928438,0.4100944043797453,-0.9120430798467921,0.9777635398824176,0.2097104195709025,0.6286054328547828,0.7777243790607642,0.3333733799654944,0.9427948820026454,0.16912291092184195,0.9855949680275984,-0.08486763803830527,-0.9963922340192135,0.9990976513882949,-0.04247214369905562,0.7219668079971044,0.6919276899723498,0,0,0,1,99,46
1701644100,12,4,0,415,018.7,7.9,094,1,0,0,0,0,0,0,0.30483933083715453,0.9524037916633658,0.15426634165726855,0.9880292990755299,-0.07736504677330103,-0.9970028332646628,0.9992504273866143,-0.038711540497229205,0.7206634236927906,0.693285099905793,0.3916087972034126,0.9201318111840806,0.19983516809600785,0.9798295288426657,-0.10042527360513957,-0.9949446036947649,0.9987353512554678,-0.050276218559250574,0.7246641354997674,0.6891022353180801,0,0,0,1,99,46
1701644160,12,4,0,416,018.7,7.9,094,1,0,0,0,0,0,0,0.9661255498763625,0.25807251282555527,0.6090679301910603,0.7931180595679168,-0.32162240316253093,-0.9468680107512125,0.9866275920404853,-0.16299078079570548,0.7625584504796027,0.6469193223286404,0.4201670368266409,0.9074467814501962,0.21511998808781552,0.9765876257280235,-0.10819513453010837,-0.9941296760805463,0.9985313405398316,-0.05417713502693632,0.7260086552607126,0.6876855622205048,0,0,0,1,99,44
1701644220,12,4,0,417,018.7,8.1,094,1,0,0,0,0,0,0,0.7391603938754915,-0.6735294441417006,0.9147484474274064,0.4040238581187374,-0.5458828362759094,-0.8378615214099336,0.958608763106705,-0.2847266044735426,0.8014757028361941,0.5980273386419961,0.4483149904687573,0.8938756453338451,0.2303522896197853,0.9731073027507925,-0.11595839178172378,-0.9932540719148331,0.9983120934644719,-0.05807722481819786,0.7273504055193061,0.6862662658115296,0,0,0,1,99,43
1701644280,12,4,0,418,018.7,8.1,094,1,0,0,0,0,0,0,-0.1673854194417015,-0.9858915363052498,0.9964666417661079,-0.08398947462256867,-0.7362029185702026,-0.6767608607837156,0.9156311650396451,-0.40201936471784816,0.837263209724949,0.5468000709958585,0.4760251721307086,0.879431654819139,0.24552835394396,0.9693894095819128,-0.12371457153077643,-0.9923178446399905,0.9980776133748294,-0.061976428422463405,0.7286893811571785,0.684844351505339,0,0,0,1,99,43
1701644340,12,4,0,419,018.7,8.1,094,1,0,0,0,0,0,0,-0.9200378500616057,-0.39182949666151784,0.8342150492113882,-0.5514392547409379,-0.8807494691286899,-0.4735824876719271,0.8583654488829123,-0.513038747234589,0.8697812216973269,0.49343756077411205,0.5032705232903513,0.8641289142176971,0.26064447604189017,0.9654348538916795,-0.1314632003800313,-0.9913210513985062,0.9978279038487815,-0.0658746863426833,0.7300255770665447,0.6834198247261037,0,0,0,1,99,43
1701644520,12,4,0,422,018.7,8.3,094,1,0,0,0,0,0,0,0.8555355864224282,0.5177440104577087,-0.491047853850463,-0.8711325991081119,-0.9672467624934477,0.2538379413049674,0.6108035931029845,-0.7917821484805551,0.9465152266288576,0.3226591479560474,0.5819539724256346,0.813221724979125,0.3055963637061761,0.9521611536339647,-0.15465905464284221,-0.9879679027260867,0.9969874379163678,-0.07756319125046778,0.7340174355049299,0.6791306239412018,0,0,0,1,99,42
1701644580,12,4,0,423,018.7,8.3,094,1,0,0,0,0,0,0,0.8979144124545271,-0.44017008974536365,-0.8485782491159444,-0.5290698962588196,-0.8743768913514411,0.4852474130488386,0.5073226719510776,-0.8617561757970866,0.9648202360536098,0.26291046403948376,0.6070788811845279,0.7946415745603435,0.3204359728866724,0.9472701764967436,-0.16237275557071826,-0.9867294909185454,0.9966768510702316,-0.0814570717662211,0.7353424616347886,0.6776957017105018,0,0,0,1,99,42
1701644640,12,4,0,424,018.7,8.3,094,1,0,0,0,0,0,0,0.1147548686204055,-0.9933938393849207,-0.9983470937967718,-0.057472430847665464,-0.7271425000808527,0.6864865509069841,0.39592515018183416,-0.9182827862121189,0.979357643103917,0.20213512038718198,0.6316109877182386,0.775285470129288,0.33519735222008545,0.9421479369316923,-0.1700765461024943,-0.9854308542286699,0.9963510561615996,-0.08534970934727917,0.7366646826566614,0.6762581942766833,0,0,0,1,99,42
1701644760,12,4,0,426,018.7,8.3,094,1,0,0,0,0,0,0,-0.9510453375319575,0.3090513969532009,-0.5877706198198406,0.8090276252864301,-0.30900839366720273,0.9510593107915064,0.15642999905467883,-0.9876890479274097,0.9969175111129831,0.07845684187051573,0.6788015756204033,0.7343217421098587,0.3644710262079424,0.9312147287575134,-0.1854525158126556,-0.9826532269212557,0.9956538622737461,-0.09313101813774066,0.7393006892116836,0.6733754457441478,0,0,0,1,99,42
1701644820,12,4,0,427,018.7,8.3,094,1,0,0,0,0,0,0,-0.2537942055031938,0.9672582391755589,-0.12794874134676187,0.9917807820218032,-0.06410623206130915,0.9979430800456014,0.032069611428879305,-0.9994856377271265,0.9998714011629511,0.016036868037019116,0.701413976180608,0.7127541189067303,0.3789761741147256,0.9254064293343575,-0.19312375652110036,-0.9811744058357712,0.9952824739328456,-0.09701957061394559,0.7406144646892693,0.67193021564224,0,0,0,1,99,41
1701644940,12,4,0,429,018.7,8.3,094,1,0,0,0,0,0,0,0.9851410837124249,-0.17174703834974567,0.7654237513788508,0.6435265968280777,0.4221808872816973,0.9065116096410674,-0.21620405911884805,-0.9763481985544571,0.9940694640100503,-0.10874695730351001,0.7445626089535755,0.6675526356387524,0.4077053864993983,0.9131135295347322,-0.2084304086083264,-0.9780372000938237,0.9944941427916566,-0.10479217505657644,0.743233534986338,0.6690320713326916,0,0,0,1,99,41
1701645000,12,4,0,430,018.7,8.3,094,1,0,0,0,0,0,0,0.38775384963726117,-0.921762958732604,0.9802456219572225,0.19778402522372224,0.6333308672314487,0.7738811359710619,-0.3362431144491573,-0.9417752215818438,0.9853362932476007,-0.17062353064298638,0.7650567072586797,0.6439629140552325,0.4219224371521189,0.906631930293444,-0.21606488574795768,-0.9763790069162293,0.9940772120203313,-0.10867610842262153,0.7445388198148641,0.6675791681805906,0,0,0,1,99,39
1701645060,12,4,0,431,018.7,8.3,094,1,0,0,0,0,0,0,-0.5661324855759046,-0.824314265784384,0.9550691770192314,-0.2963829737144291,0.8051034013449543,0.5931344814987454,-0.45103520843790823,-0.8925061572613225,0.9727554053464115,-0.2318338227466793,0.7848037406723669,0.619744373614364,0.43603648149302604,0.8999289898693018,-0.22368617540060243,-0.9746612205964957,0.9936451128538035,-0.11255838352496064,0.745841264454093,0.6661237184168716,0,0,0,1,99,40
1701645120,12,4,0,432,018.7,8.3,094,1,0,0,0,0,0,0,-0.9995192244043064,0.03100516160599342,0.6960584883449115,-0.7179850839697136,0.926818505417785,0.3755095977670121,-0.5587890488516163,-0.8293098328631502,0.956375928404503,-0.2921388087338362,0.8037844265516209,0.594920663309892,0.4500440737806176,0.8930063446890767,-0.23129381240202182,-0.9728839459794464,0.9931978518853749,-0.11643894112485227,0.7471408639355942,0.6646657275936332,0,0,0,1,99,40
1701645180,12,4,0,433,018.7,8.3,094,1,0,0,0,0,0,0,-0.5139525978344581,0.8578185864034492,0.2666284058353037,-0.9637994050640022,0.9909085237962186,0.13453734599730627,-0.6578231730498302,-0.7531724058930022,0.9362618239288095,-0.3513029989247159,0.8219802305787883,0.5695160230736639,0.4639417942621338,0.8858656848173045,-0.2388873324212645,-0.9710472915407634,0.9927354359396977,-0.1203177220097618,0.7484376133017908,0.6632052012726672,0,0,0,1,99,40
1701645240,12,4,0,434,018.8,8.3,094,1,0,0,0,0,0,0,0.4441396769705497,0.8959575588946699,-0.22808160941352784,-0.9736420181192547,0.9933886495524434,-0.1147997863254662,-0.7465921866472573,-0.665281975433926,0.9124916370668626,-0.4090953584227484,0.8393733848600241,0.5435552601057465,0.4777262500084402,0.8785087535436817,-0.24646627198900695,-0.9691513693803672,0.9922578720726702,-0.1241946669942652,0.749731507605978,0.6617421450254377,0,0,0,1,99,39
1701645300,12,4,0,435,018.7,8.2,094,1,0,0,0,0,0,0,0.9938919810238954,0.11035728365811025,-0.6669492920537099,-0.7451031081864141,0.9341046804792315,-0.3569992239582503,-0.8237108788762748,-0.5670100422575202,0.8851581898896717,-0.46529020930086196,0.8559469052753395,0.517063724650617,0.4913940757423633,0.8709373469574654,-0.2540301685258412,-0.9671962952155745,0.9917651675713295,-0.12806971692095193,0.7510225419123423,0.6602765644330594,0,0,0,1,99,39
1701645360,12,4,0,436,018.8,8.2,094,1,0,0,0,0,0,0,0.6298645812915785,-0.7767049692350272,-0.9425245273294025,-0.33413697099017103,0.8167426066363169,-0.577002178942952,-0.8879758383376634,-0.4598901070131037,0.8543682189235223,-0.5196681118689583,0.8716846080633058,0.49006728524307847,0.5049419346602744,0.8631533135089845,-0.26157856037050853,-0.9651821883740356,0.99125732995374,-0.13194281266132774,0.7523107112959804,0.6588084650862769,0,0,0,1,99,39
1701645420,12,4,0,437,018.8,8.3,094,1,0,0,0,0,0,0,-0.31325740971087507,-0.9496682553719656,-0.9873368866227894,0.15863755013872718,0.6485994333412853,-0.7611299331056187,-0.9383842318329999,-0.34559374046297575,0.820241958346126,-0.572016721581207,0.8865711256242239,0.4625923034480756,0.518366519246722,0.8551585535583667,-0.26911098680807644,-0.9631091717864508,0.9907343669688791,-0.13581389511671688,0.7535960108429174,0.657337852585443,0,0,0,1,99,39
1701645480,12,4,0,438,018.8,8.2,094,1,0,0,0,0,0,0,-0.9683719828857112,-0.24951092713946563,-0.7904147414931815,0.6125720663156844,0.44012948872139646,-0.8979343145007,-0.9741494532413135,-0.22590449917974179,0.7829126704747286,-0.6221316182369524,0.9005919215263238,0.4346656081190733,0.531664552081915,0.8469550189115929,-0.2766269880980588,-0.9609773719790682,0.9901962865965183,-0.1396829052191638,0.7548784356501264,0.6558647325404974,0,0,0,1,99,39
1701645540,12,4,0,439,018.8,8.2,094,1,0,0,0,0,0,0,-0.73316982087163,0.6800455968264643,-0.3999715009682163,0.9165275764608679,0.20429442422534697,-0.9789094892943034,-0.9947133982445153,-0.1026900937425236,0.7425261253796137,-0.6698171042372225,0.9137333047003438,0.4063144692001366,0.5448327866418574,0.838544712343992,-0.2841261055024758,-0.9587869190659601,0.9896430970471022,-0.14354978393233453,0.7561579808255463,0.6543891105709452,0,0,0,1,99,39
1701645660,12,4,0,441,018.8,8.2,094,1,0,0,0,0,0,0,0.9234700129260028,0.3836706077176726,0.5551258381134531,0.8317663757683622,-0.2900289849580881,-0.9570178618417637,-0.9891961033692368,0.14659832563545244,0.653223420570844,-0.757165215007746,0.9373273747756826,0.3484499856451812,0.5707670340667981,0.8211120464483459,-0.29907185888315707,-0.9542305922701142,0.9884914244114903,-0.15127691120902387,0.7587084127677193,0.6514303833837413,0,0,0,1,99,39
1701645720,12,4,0,442,018.8,8.2,094,1,0,0,0,0,0,0,0.8218006615020342,-0.5697751071737155,0.8859387978787574,0.4638021630104179,-0.5177826942789717,-0.855512174960245,-0.9632009590319782,0.2687822771684872,0.6046559860083719,-0.7964867472747074,0.9477570224679708,0.31899314469537793,0.5835267154572368,0.8120939430556596,-0.3065175826476683,-0.9518649964820798,0.9878929588984021,-0.1551370418660872,0.7599792898053496,0.6499472894527343,0,0,0,1,99,39
1701645780,12,4,0,443,018.8,8.2,094,1,0,0,0,0,0,0,-0.035428428178979524,-0.9993722161821225,0.999843041727581,-0.01771699491840461,-0.7133431835093137,-0.7008148846455801,-0.9221753858799258,0.38677197116286743,0.553727382760295,-0.8326980158385354,0.9572612015115142,0.2892248123531802,0.5961439371690447,0.8028775785738385,-0.31394459815878467,-0.9494413037607534,0.9872794193542053,-0.15899480532276297,0.7612472677529828,0.6484617161703677,0,0,0,1,99,39
1701645840,12,4,0,444,018.8,8.2,094,1,0,0,0,0,0,0,-0.8600847843788071,-0.510151118473792,0.8689508382163492,-0.49489841458940237,-0.8645514486106083,-0.5025443191453852,-0.8667595742607592,0.49872621790648564,0.500636485932415,-0.8656576164704166,0.9658306312367652,0.2591740568899436,0.608615618888497,0.7934652030460894,-0.3213524521097596,-0.9469596620358465,0.9866508151407586,-0.1628501427143272,0.7625123417736683,0.6469736692036518,0,0,0,1,99,40
1701645900,12,4,0,445,018.8,8.2,094,1,0,0,0,0,0,0,-0.8939831563049628,0.44810056487692174,0.5253091637898002,-0.8509114421832984,-0.9620060920241873,-0.27302798191458466,-0.7978182693804977,0.6028980088229747,0.44559061434068903,-0.8952368426352254,0.9734569437410228,0.22887022235840837,0.620938715833371,0.7838591143689051,-0.3287406923633694,-0.9444202227739792,0.9860071558497887,-0.16670299521307466,0.7637745070415334,0.6454831542290338,0,0,0,1,99,38
1701645960,12,4,0,446,018.8,8.1,094,1,0,0,0,0,0,0,-0.10595753713889097,0.9943706554014256,0.05305348526993529,-0.9985916721566993,-0.9996478560364893,-0.026536087157875483,-0.7164272772437812,0.6976617779562402,0.38880472093569013,-0.9213201880877897,0.980132692059547,0.19834289993873028,0.6331102194962855,0.7740616577310655,-0.3361088679795094,-0.9418231409694353,0.9853484513027448,-0.17055330402921653,0.765033758741801,0.643990176932375,0,0,0,1,99,38
1701646020,12,4,0,447,018.8,8.0,094,1,0,0,0,0,0,0,0.7794849530244592,0.6264209511250854,-0.4321915367489943,-0.9017818336840362,-0.9751363580761503,0.22160569297286092,-0.6238566770609814,0.7815387683835208,0.3305005534159355,-0.9438057979223058,0.9858513574373943,0.1676218990431951,0.6451271583791853,0.7640752250410934,-0.34345652924271697,-0.9391685751347022,0.9846747115506476,-0.17440101041177747,0.7662900920708089,0.6424947430089302,0,0,0,1,99,39
1701646080,12,4,0,448,018.8,7.9,094,1,0,0,0,0,0,0,0.9482725721561587,-0.3174572867274317,-0.8116209973649744,-0.5841843515845697,-0.8899956043668333,0.4559691044442761,-0.5215510020869119,0.8532201077225842,0.27090578830786904,-0.9626058663135666,0.9906073556948704,0.1367372182078336,0.6569865987187891,0.7539022543433046,-0.35078322768961984,-0.9364566872907963,0.9839859468739369,-0.17824605564949209,0.7675435022360271,0.6409968581633251,0,0,0,1,99,39
1701646140,12,4,0,449,018.8,7.7,094,1,0,0,0,0,0,0,0.2452227616305097,-0.9694667591920345,-0.9923373315541532,-0.1235581660756696,-0.7495192346016444,0.661982565451814,-0.4111066981625245,0.9115872326474889,0.2102531418938979,-0.9776469793968293,0.9943960426803873,0.10571901579936002,0.6686856452028263,0.7435452292225941,-0.35808851613630804,-0.9336876429573742,0.9832821677823141,-0.18208838107170075,0.7687939844560767,0.6394965281095353,0,0,0,1,99,39
1701646260,12,4,0,451,018.9,7.4,094,1,0,0,0,0,0,0,-0.9835823060282404,0.18046009882566544,-0.640132760126497,0.7682643096049905,-0.34039366209949434,0.9402830184590676,-0.17279609593525602,0.9849576179864461,0.08672480041358972,-0.9962323067403621,0.999057632656986,0.04340330206123635,0.6915911718417044,0.7222891741059243,-0.3726330808543947,-0.9279787643329788,0.9818296095384826,-0.18976463799536156,0.7712861459910199,0.6364885552799195,0,0,0,1,99,41
1701646320,12,4,0,452,018.9,7.3,094,1,0,0,0,0,0,0,-0.3795798508807975,0.9251589792059046,-0.19344381715900788,0.9811113543339269,-0.09718190589320902,0.9952666362171313,-0.04864855487508726,0.9988159580766447,0.02433148087720227,-0.9997039456950855,0.9999259836845639,0.012166640968536861,0.7027920599407278,0.7113953334709671,-0.37987146940052824,-0.9250392784825321,0.9810808525505256,-0.19359845236657747,0.7725278157990745,0.6349809239785958,0,0,0,1,99,41
1701646380,12,4,0,453,018.9,7.2,094,1,0,0,0,0,0,0,0.5734065686442813,0.8192709606934638,0.300606918837987,0.9537481220672112,0.1520721505286041,0.9883693950308283,0.07625813061297684,0.9970881092037023,-0.03815685257131214,-0.9992717621357321,0.9998179239580905,-0.019081900642597186,0.7138213714377698,0.7003278158681843,-0.3870866725500994,-0.9220433330023552,0.9803171254758215,-0.19742931266360217,0.7737665386483193,0.6334708704180476,0,0,0,1,99,42
1701646440,12,4,0,454,018.9,7.0,094,1,0,0,0,0,0,0,0.9992056333576834,-0.03985100081893557,0.7210585970706318,0.6928740863898232,0.39187109718004004,0.9200201319508784,0.19997483347801748,0.9798010338713872,-0.1004961843270998,-0.9949374437298526,0.9987335589960549,-0.05031180910157879,0.724676413684611,0.6890893232732681,-0.3942782499242964,-0.9189911107495187,0.9795384399679061,-0.20125716043222083,0.7750023098134033,0.6319584003586705,0,0,0,1,99,43
1701646500,12,4,0,455,018.9,6.9,094,1,0,0,0,0,0,0,0.5063396468349013,-0.8623341359607118,0.9649699829426591,0.2623603095356538,0.6073053970056359,0.7944684731113166,0.32057099594994815,0.9472244911084481,-0.1624430806337284,-0.9867179158980666,0.9966739476624406,-0.08149258893277783,0.7353545365783697,0.677682599403003,-0.40144576258630316,-0.915882798015937,0.9787448079085622,-0.20508193726418603,0.776235124580235,0.6304435195700777,0,0,0,1,99,43
1701646560,12,4,0,456,018.9,6.6,094,1,0,0,0,0,0,0,-0.45205267588297,-0.8919912433578294,0.9726230624856244,-0.23238842122852268,0.7849803886813105,0.6195206125592099,0.43616475524782494,0.8998668269691937,-0.22375564018679642,-0.9746452757206577,0.9936411011327626,-0.11259379263383548,0.7458531332084875,0.6661104290454266,-0.4085887730680895,-0.9127185845169985,0.9779362414076386,-0.2089035847981091,0.7774649782460008,0.6289262338310793,0,0,0,1,99,43
1701646620,12,4,0,457,018.9,6.6,094,1,0,0,0,0,0,0,-0.9948298531417643,-0.1015557152401366,0.7421440949169293,-0.6702403616464259,0.9138491017795076,0.4060539609174956,0.5449523094191382,0.8384670419633367,-0.2841944387533501,-0.9587666665991619,0.9896379809301888,-0.14358505040713354,0.7561696404931679,0.6543756373799633,-0.41570684539711195,-0.9094986633799863,0.9771127528028652,-0.2127220447203506,0.7786918661191828,0.6274065489296591,0,0,0,1,99,42
1701646680,12,4,0,458,018.9,6.4,094,1,0,0,0,0,0,0,-0.6229650513149461,0.7822496691211615,0.3299623697323973,-0.9439940860834779,0.98589910388525,0.16734084067633054,0.645236065065984,0.7639832592002035,-0.34352346411838924,-0.939144094162393,0.9846684960336634,-0.17443609981538652,0.766301539805117,0.6424810892876979,-0.42279954512292356,-0.9062232311322905,0.976274354659665,-0.21653725876591012,0.7799157835195766,0.625884470662953,0,0,0,1,99,41
1701646740,12,4,0,459,018.8,6.3,094,1,0,0,0,0,0,0,0.32165094574030556,0.9468583152216423,-0.16300565140257817,-0.9866251353025733,0.9966506748361166,-0.08177672253589847,0.7354511277222635,0.6775777731980668,-0.4015110377075164,-0.9158541841357899,0.9787374990608538,-0.20511681533239795,0.7762463575864296,0.630429688651955,-0.4298664393436902,-0.9028924876894134,0.975421059770962,-0.22034916871931534,0.7811367257783094,0.6243600048372272,0,0,0,1,99,41
1701646800,12,4,0,460,018.8,6.0,094,1,0,0,0,0,0,0,0.970542546651256,0.24092979296818903,-0.6160642040533645,-0.787695941645058,0.9454353340247703,-0.3258098052199642,0.8141897215084345,0.580598912666927,-0.45793071928681145,-0.8889878831195976,0.9718507815296538,-0.23559723776012562,0.7860016659524729,0.618224377649359,-0.43690709673261263,-0.8995066363427673,0.9745528811569866,-0.2241577164155103,0.7823546882378575,0.6228331572678552,0,0,0,1,99,41
1701646860,12,4,0,461,018.8,5.5,094,1,0,0,0,0,0,0,0.7271218060573149,-0.6865084698355503,-0.9182887535616316,-0.3959113096164656,0.8354374032853884,-0.5495856122495996,0.880223157003268,0.47456000028995304,-0.5125621912070998,-0.8586501034443405,0.9640150682028628,-0.26584760348332986,0.7955650832846204,0.605868136031542,-0.4439210875642528,-0.8960658837472673,0.9736698320650762,-0.22796284374074297,0.7835696662520644,0.6213039337792966,0,0,0,1,99,41
1701646920,12,4,0,462,018.8,5.2,094,1,0,0,0,0,0,0,-0.18481136973170906,-0.9827740114685011,-0.9956841897581032,0.09280621889587708,0.6734960211850264,-0.7391908477842096,0.9325210045313215,0.36111573782915524,-0.5651921187396569,-0.8249593134904155,0.9552380105215703,-0.295838373533239,0.8049342748116889,0.5933639803976818,-0.4509079837407618,-0.8925704399087172,0.9727719259694734,-0.23176449263345197,0.7847816551861582,0.619772340205074,0,0,0,1,99,40
1701646980,12,4,0,463,018.8,4.7,094,1,0,0,0,0,0,0,-0.9268298244906983,-0.3754816592518752,-0.8293014106016808,0.5588015482924706,0.46967991851234675,-0.8828367766162867,0.9702671736733874,0.24203638505781863,-0.6156149831437591,-0.7880470750716034,0.9455281791336532,-0.3255402624318508,0.8141069531799402,0.5807149634580416,-0.4578673588180088,-0.8890205181709929,0.9718591765711205,-0.23556260508515253,0.7859906504167694,0.6182383823877515,0,0,0,1,99,40
1701647040,12,4,0,464,018.8,4.5,094,1,0,0,0,0,0,0,-0.816725212907666,0.5770267988585345,-0.4598767232321427,0.8879827697817494,0.23666139336428604,-0.9715921906288022,0.9928726480845371,0.11918013544881928,-0.6636338842129675,-0.7480575296890004,0.934895055524683,-0.354924266788705,0.8230808790115055,0.5679241732886948,-0.46479878803160896,-0.8854163352030204,0.9709315977974505,-0.2393571231413216,0.7871966473319489,0.616702066178912,0,0,0,1,99,40
1701647100,12,4,0,465,018.8,4.1,094,1,0,0,0,0,0,0,0.04427279290137974,0.99901947919383,0.022141824746053522,0.9997548397466827,-0.011071590972334946,-0.9999387080583196,0.9999846768971812,-0.005535880313030703,-0.7090613091662211,-0.7051468356615412,0.9233490227594171,-0.38396169362220156,0.831853861451097,0.5549947325776158,-0.4717018483228491,-0.8817581109855513,0.9699892038021741,-0.24314798890228217,0.788399641331185,0.6151633974391348,0,0,0,1,99,40
1701647160,12,4,0,466,018.8,4.0,094,1,0,0,0,0,0,0,0.8645665970913422,0.5025182575726944,0.4987392818032813,0.8667520572726362,-0.2581161974066756,-0.9661138797451976,0.9914922792803779,-0.13016551051411895,-0.7517198648812332,-0.6594825583311059,0.9109013553429114,-0.41262418837781073,0.8404237587008743,0.5419297978623197,-0.47857611836450864,-0.8780460687977367,0.9690320089650643,-0.2469351445240868,0.789599627825421,0.6136223820379734,0,0,0,1,99,40
1701647220,12,4,0,467,018.8,3.9,094,1,0,0,0,0,0,0,0.8899818590686664,-0.45599593257909704,0.8532279685345228,0.5215381421434596,-0.4891123888517548,-0.8722207696860524,0.9675279762585814,-0.25276395145861635,-0.7914429706108382,-0.6112430157234452,0.8975642082111578,-0.44088376261581397,0.8487884785433335,0.5287325587592399,-0.4854211785865756,-0.8742804352034992,0.9680600278917365,-0.2507185322194002,0.7907966022370734,0.6120790258539333,0,0,0,1,99,38
1701647280,12,4,0,468,018.8,3.8,094,1,0,0,0,0,0,0,0.09715190417988626,-0.9952695652506521,0.9988166912028082,0.048633500538969116,-0.689697940935389,-0.7240971967004738,0.9284657227653786,-0.37141809547969407,-0.8280755084772445,-0.5606165822201061,0.8833506048619953,-0.4687128213415406,0.8569459788520921,0.5154062371850283,-0.49223661120185463,-0.8704614400377044,0.967073275413426,-0.254498094258381,0.7919905600000485,0.610533334774449,0,0,0,1,99,36
1701647340,12,4,0,469,018.8,3.7,094,1,0,0,0,0,0,0,-0.7849990633729201,-0.6194969495515196,0.8998602529147288,-0.43617831815008895,-0.8474014155493513,-0.5309527671318378,0.8749150722018217,-0.48427638434480896,-0.8614744292040272,-0.5078009529605035,0.8682744246378858,-0.4960841899514116,0.8648942680904446,0.5019540865699712,-0.49902200023146714,-0.8665893163921337,0.9660717665867619,-0.25827377296956255,0.7931814965597604,0.6089853146958625,0,0,0,1,99,35
1701647400,12,4,0,470,018.8,3.6,094,1,0,0,0,0,0,0,-0.9454255122693237,0.3258383046087229,0.5805866409896446,-0.8141984723053474,-0.9524175744665119,-0.3047962661308802,0.8077116645594764,-0.5895777022026527,-0.8915093107204918,-0.4530023718466313,0.8523503891729713,-0.5229711407684791,0.8726314057975678,0.4883793910637103,-0.5057769315302397,-0.8626643006012565,0.9650555166935363,-0.2620455107407332,0.7943694073731481,0.6074349715233996,0,0,0,1,99,33
1701647460,12,4,0,471,018.8,3.5,094,1,0,0,0,0,0,0,-0.2366321052384454,0.9715993241920361,0.11916517068330806,-0.9928744442758198,-0.9982170215629014,-0.05968900955862884,0.7279041865378398,-0.6856788572069913,-0.9180628674570689,-0.39643482616503856,0.8355940480176479,-0.549347419141549,0.8801555030622569,0.47468546473346485,-0.5125009928119824,-0.8586866322278066,0.9640245412404724,-0.26581325001981504,0.795554287908693,0.6058823111711485,0,0,0,1,99,33
1701647520,12,4,0,472,018.8,3.5,094,1,0,0,0,0,0,0,0.689719768063795,0.7240764058730438,-0.37143208943692263,-0.9284601245807608,-0.9819521690440836,0.1891294205289584,0.6367380071391379,-0.7710802229758452,-0.9410314083429535,-0.3383192109710552,0.8180217634546941,-0.5751872690824027,0.8874647229840752,0.46087565075494996,-0.5191937736746512,-0.8546565540481598,0.9629788559589872,-0.26957693331574223,0.7967361336464357,0.6043273395620364,0,0,0,1,99,33
1701647580,12,4,0,473,018.8,3.4,094,1,0,0,0,0,0,0,0.9819464674138593,-0.18915902075619492,-0.7710898199160053,-0.6367263852094576,-0.9046342866621455,0.42618869928151687,0.535635744101569,-0.8444491397596178,-0.9603252417175178,-0.27888246649832815,0.7996506945217794,-0.6004654584160823,0.8945572811218079,0.44695332059618803,-0.5258548656253986,-0.8505743120375162,0.9619184768049516,-0.27333650319933833,0.7979149400779942,0.6027700626278074,0,0,0,1,99,34
1701647640,12,4,0,474,018.8,3.3,094,1,0,0,0,0,0,0,0.3713761131017696,-0.9284825160537067,-0.9819578697820255,-0.18909982012986337,-0.7710706258605184,0.6367496289241701,0.42617506442530745,-0.9046407101507675,-0.9758690255743256,-0.21835669196206517,0.7804987802559544,-0.6251573034196812,0.9014314459291071,0.43292187319441294,-0.5324838621055041,-0.8464401553548877,0.9608434199584467,-0.27709190230419245,0.7990907027065802,0.6012104863089995,0,0,0,1,99,34
1701647700,12,4,0,475,018.8,3.2,094,1,0,0,0,0,0,0,-0.580635726907393,-0.8141634680079446,-0.9524083861474406,0.30482497600430924,-0.5895655281627695,0.8077205506870273,0.31006406540662906,-0.9507156648249326,-0.9876020617700564,-0.15697823921656684,0.7605847221764866,-0.6492386929255808,0.9080855391772245,0.41878473412626877,-0.5390803585151899,-0.8422543363278899,0.9597537018235173,-0.28084307332753466,0.8002634170470166,0.5996486165549226,0,0,0,1,99,34
1701647760,12,4,0,476,018.8,3.1,094,1,0,0,0,0,0,0,-0.9988137573367454,0.048693717817118926,-0.6896761131802671,0.7241179868699296,-0.3714041014380902,0.9284713207390763,0.18911462035089152,-0.9819550195245901,-0.9954785330494551,-0.09498678980629327,0.7399279660231438,-0.6726861118655962,0.9145179363647266,0.40454535477150383,-0.5456439522383145,-0.8380171104373418,0.9586493390279216,-0.2845899590311104,0.8014330786257547,0.598084459323635,0,0,0,1,99,33
1701647820,12,4,0,477,018.8,2.9,094,1,0,0,0,0,0,0,-0.49868702553633515,0.8667821240437084,-0.25808707441122625,0.9661216600521149,-0.13015056655252244,0.9914942410453312,0.06521410489560044,-0.9978712945679246,-0.9994676819607337,-0.03262441901456225,0.7185486827677587,-0.6954766642330416,0.9207270671140937,0.39020721147036636,-0.5521742426669474,-0.8337287363016721,0.9575303484228769,-0.28833250224205376,0.8025996829808911,0.5965180205819209,0,0,0,1,99,33
1701647880,12,4,0,478,018.9,2.9,094,1,0,0,0,0,0,0,0.45993025772913376,0.8879550427950801,0.2366906812750767,0.9715850561826999,0.11919510018725629,0.9928708516677031,-0.05970405485516448,-0.9982161218062207,-0.9995539309627621,0.029865349435251595,0.696467748917618,-0.7175880954402921,0.9267114155551047,0.3757738046749054,-0.5586708312258188,-0.8293894756611352,0.9563967470828033,-0.29207064585375986,0.8037632256621846,0.5949493063052683,0,0,0,1,99,32
1701647940,12,4,0,479,018.9,2.8,094,1,0,0,0,0,0,0,0.9956897831154927,0.0927461902151406,0.6735183033091452,0.7391705453463161,0.36112979290947733,0.9325155616251978,-0.18369055279845262,-0.9829841203257552,-0.9957369432550334,0.09223849433464518,0.6737067261299069,-0.7389988140500109,0.9324695206949155,0.36124865809438594,-0.565133321396648,-0.8249995933618349,0.9552485523050623,-0.2958043328267565,0.8049237022310738,0.5933783224778453,0,0,0,1,99,32
1701648060,12,4,0,481,018.9,2.7,094,1,0,0,0,0,0,0,-0.33001928131531005,-0.9439741913633689,0.9858940590558828,-0.16737055989126504,0.7639929842254002,0.6452245501020304,-0.421174221610232,-0.9069797544879462,-0.9764680625826803,0.21566205682972353,0.6262339591439754,-0.779635189312836,0.9433014336130409,0.3319373515342646,-0.5779544309310792,-0.8160690386034335,0.9529084527391478,-0.30325810903961536,0.8072354393358901,0.5902295701506256,0,0,0,1,99,31
1701648120,12,4,0,482,018.9,2.8,094,1,0,0,0,0,0,0,-0.9726370711153801,-0.23232978261965265,0.7849617132764033,-0.6195442750039529,0.8998734008192355,0.4361511922464772,-0.5309655392553846,-0.8473934128391833,-0.9610914141847234,0.2762305080551537,0.6015685712970908,-0.7988211652351087,0.9483725969351678,0.3171583474897762,-0.5843122677602378,-0.8115289112193651,0.9517165836580145,-0.3069780845440232,0.8083866910532431,0.5886518136623622,0,0,0,1,99,30
1701648180,12,4,0,483,018.9,2.8,094,1,0,0,0,0,0,0,-0.7210168232776373,0.692917556820885,0.39184336359004157,-0.9200319442337003,0.9798040478161182,0.1999600657210081,-0.6324713172464788,-0.7745837804011287,-0.9419617243819222,0.33572028505801615,0.5763157619491175,-0.8172271058457423,0.9532122286893256,0.30230191378343746,-0.5906344411802289,-0.8069392522933302,0.9505101925527496,-0.31069337594054836,0.8095348590210765,0.5870718116463486,0,0,0,1,99,28
1701648240,12,4,0,484,018.9,2.9,094,1,0,0,0,0,0,0,0.19350296674212325,0.9810996900733364,-0.09721190751822432,-0.9952637062792294,0.9988152247235795,-0.04866360920015389,-0.7241075918674496,-0.6896870271361664,-0.9191536942035773,0.3938990815322077,0.5505001900398365,-0.8348350380560844,0.9578191473488313,0.28737167740046654,-0.5969205653181726,-0.8023003419544537,0.949289297831397,-0.3144039265384152,0.8106799388594784,0.5854895701298123,0,0,0,1,99,27
1701648300,12,4,0,485,018.9,2.9,094,1,0,0,0,0,0,0,0.9301170215238276,0.36726329284539677,-0.5624663132822282,-0.8268202019923669,0.9557249086406524,-0.29426161659961114,-0.8044444097013824,-0.5940279384845417,-0.8927563885194386,0.4505397105225345,0.52414706403712,-0.851627768019143,0.9621922282005667,0.2723712833439467,-0.6031702565014514,-0.7976124633379128,0.9480539181233082,-0.31810967971918674,0.8118219262003172,0.5839050951485237,0,0,0,1,99,29
1701648360,12,4,0,486,018.9,2.9,094,1,0,0,0,0,0,0,0.8115857761709371,-0.584233282103149,-0.8900093488562771,-0.4559422758951242,0.8532122467168191,-0.5215638619118831,-0.8722281415753229,-0.4890992425306529,-0.8628728882432953,0.5054209915849098,0.4972821173212898,-0.8675888979190864,0.9663304036195608,0.257304393744951,-0.6093831332811276,-0.7928759025676563,0.9468040722788575,-0.3218105789376289,0.8129608166872586,0.5823183927467734,0,0,0,1,99,29
1701648420,12,4,0,487,018.9,3.0,094,1,0,0,0,0,0,0,-0.053113688973945104,-0.9985884718158823,-0.9996470556691202,0.026566220884026468,0.6976509797584941,-0.7164377924439869,-0.9264010450242344,-0.37653831648054964,-0.8296198878042129,0.5583286144912557,0.4699315830569086,-0.8827028419834321,0.9702326633296345,0.24217468696848557,-0.6155588164552248,-0.7880909487389401,0.9455397793691549,-0.32550656772257286,0.8140966059757813,0.5807294689773488,0,0,0,1,99,28
1701648480,12,4,0,488,018.9,3.0,094,1,0,0,0,0,0,0,-0.8689806734225085,-0.49484602576777714,-0.8645362993442719,0.5025703802614231,0.4987131538963941,-0.8667670910519801,-0.9661177700083929,-0.25810163593826746,-0.7931272394572851,0.6090559761063561,0.4421221685765394,-0.8969548417022889,0.9738980546500462,0.2269858567154693,-0.621696929091873,-0.7832578939006837,0.9442610586857545,-0.3291975896777772,0.8152292897331944,0.579138329901511,0,0,0,1,99,29
1701648540,12,4,0,489,018.9,3.2,094,1,0,0,0,0,0,0,-0.8859108342361154,0.46385557427185253,-0.5177569051824165,0.8555277827960506,0.2687677596029232,-0.9632050100565431,-0.9907585503180235,-0.1356373656914954,-0.7535374462133568,0.65740498716868,0.413881029301489,-0.9103309802397916,0.977325682728074,0.21174161112097017,-0.6277970965523135,-0.7783770330376437,0.9429679297403607,-0.332883588482788,0.8163588636386537,0.5775449815889719,0,0,0,1,99,27
1701648600,12,4,0,490,018.9,3.3,094,1,0,0,0,0,0,0,-0.08833865964017233,0.9960904985055212,-0.04421256322855966,0.9990221465276736,0.0221116877728314,-0.9997555067434422,-0.9999388748177166,-0.011056519718198895,-0.7110051053678162,0.7031868458247073,0.3852357422249997,-0.9228181960236553,0.9805147107574815,0.19644567184891684,-0.6338589465137663,-0.7734486640524104,0.9416604122645303,-0.33656450789379855,0.8174853233831781,0.5759494301178713,0,0,0,1,99,26
1701648660,12,4,0,491,019.0,3.4,094,1,0,0,0,0,0,0,0.7904516712343437,0.6125244121199033,0.4401565561706975,0.8979210466738997,-0.22591918170675576,-0.9741460482581397,-0.9935154876140935,0.11369685954735136,-0.6656963048014645,0.7462227748961269,0.3562142789837832,-0.9344042954995784,0.9834643601828127,0.18110177318350804,-0.6398821089921534,-0.7684730877472249,0.9403385262093713,-0.34024029174450743,0.818608664669666,0.5743516815747528,0,0,0,1,99,26
1701648720,12,4,0,492,019.0,3.4,094,1,0,0,0,0,0,0,0.9425043809306535,-0.3341937939677003,0.8167599996228085,0.5769775585030581,-0.45990349068959124,-0.8879689066918555,-0.9715886235161092,0.23667603734656428,-0.617787974410896,0.7863447200008926,0.3268449785441926,-0.9450779650380419,0.9861739108894643,0.16571366111754054,-0.6458662163646817,-0.7634506078056198,0.9390022917452384,-0.3439108839469756,0.8197288832129119,0.5727517420545416,0,0,0,1,99,26
1701648780,12,4,0,493,019.0,3.5,094,1,0,0,0,0,0,0,0.22802290938096753,-0.9736557670950443,0.9933921096664309,0.11476984121483252,-0.665293228127706,-0.7465821593149787,-0.9345004439043832,0.3559619647413339,-0.567467195201038,0.8233960058019877,0.29715651952970196,-0.9548287819818765,0.9886427013794914,0.15028509243787871,-0.6518109033922803,-0.7583815307738838,0.9376517292614257,-0.34757622849248204,0.8208459747396225,0.5711496176605207,0,0,0,1,99,25
1701648840,12,4,0,494,019.0,3.6,094,1,0,0,0,0,0,0,-0.6961017734720562,-0.7179431181988293,0.9268071855026884,-0.3755375359409301,-0.8293182549362247,-0.5587765492838215,-0.8828296974172939,0.4696932247308761,-0.5149304687378307,0.8572319478212639,0.2671778922167178,-0.9636472248238107,0.9908701289331036,0.13481983380828896,-0.6577158072418934,-0.7532661660423522,0.9362868593658549,-0.3512362694523786,0.8219599349884332,0.5695453145043077,0,0,0,1,99,24
1701648900,12,4,0,495,019.0,3.7,094,1,0,0,0,0,0,0,-0.9802336960326743,0.19784312260506456,0.6333075387972795,-0.7739002269689111,-0.9417802893905008,-0.3362289198084311,-0.8173826887720437,0.5760950790414586,-0.46038294981381606,0.8877204174292317,0.23693837022606568,-0.9715246825040607,0.9928556497558093,0.1193216608498628,-0.6635805675086248,-0.7481048258265224,0.9349077028847613,-0.3548909509789434,0.8230707597099242,0.5679388387058313,0,0,0,1,99,24
1701648960,12,4,0,496,019.0,3.7,094,1,0,0,0,0,0,0,-0.36314327904015004,0.9317333088861682,0.184752119221718,-0.982785151720906,-0.9956869868891794,-0.09277620459766088,-0.7391806966492228,0.6735071623235863,-0.404037645323065,0.9147423578045313,0.2064674819377966,-0.9784534628188842,0.9945987791111761,0.10379435721925297,-0.669404826237736,-0.7428978251479987,0.9335142808623762,-0.3585402173062328,0.8241784446666367,0.5663301963933087,0,0,0,1,99,24
1701649020,12,4,0,497,019.0,3.8,094,1,0,0,0,0,0,0,0.5878193939808536,0.8089921878856321,-0.30903706259473784,-0.9510499955011913,-0.9876866900746388,0.1564448856607474,-0.6494440369805748,0.7604093915979561,-0.3461145824738131,0.938192248848272,0.1757949816572247,-0.9844267999318873,0.9960990914391719,0.08824171368494811,-0.6751882279464934,-0.7376454818152647,0.9321066145606051,-0.3621840127509325,0.8252829856330895,0.5647193937032212,0,0,0,1,99,24
1701649080,12,4,0,498,019.0,3.8,094,1,0,0,0,0,0,0,0.9983436270438855,-0.05753261979833144,-0.727163193443649,-0.68646463135462,-0.9182768186539993,0.39593899065726024,-0.5495730203270262,0.8354456866419445,-0.28683994958692166,0.9579785192377605,0.14495082056035336,-0.9894388609807482,0.9973562204600591,0.07266752720181091,-0.6809304196458655,-0.7323481164042859,0.9306847254587038,-0.36582228171320713,0.8263843783957945,0.5631064367802915,0,0,0,1,99,24
1701649140,12,4,0,499,019.0,3.8,094,1,0,0,0,0,0,0,0.4909953335002932,-0.8711622021649791,-0.9672544138345865,-0.253808784161444,-0.7917729422509473,0.6108155269140414,-0.44112610050072903,0.8974451311679287,-0.22644521283532507,0.9740239040105557,0.11396511744705974,-0.9934847517729086,0.9983698592638173,0.05707559998410604,-0.6866310508620674,-0.7270060522389432,0.9292486352529508,-0.36945496867754857,0.8274826187532728,0.56149133177746,0,0,0,1,99,24
1701649260,12,4,0,501,019.0,3.9,094,1,0,0,0,0,0,0,-0.9964717035719659,-0.08392939878483582,-0.7361825177171881,0.676783052837157,-0.40200556411749017,0.9156372242425372,-0.20538107965129446,0.978682079186734,-0.1032422413871038,0.9946562419214826,0.05169022189214013,-0.9986631669190275,0.9996657358635004,0.02585375292846797,-0.6979062426542451,-0.716189134561698,0.9263339393981249,-0.37670337497711776,0.829669625506779,0.5582547021848012,0,0,0,1,99,24
1701649320,12,4,0,502,019.0,3.9,094,1,0,0,0,0,0,0,-0.6090201130220971,0.7931547780443311,-0.3215938602925038,0.9468777054203809,-0.1629759101518061,0.9866300485542645,-0.08176170083154903,0.9966519072761223,-0.0409151116574164,0.9991626262216082,0.020461839829201516,-0.9997906346384747,0.999947657289739,0.010231455456709277,-0.7034801150506284,-0.710714941258698,0.9248553782237248,-0.38031898371058337,0.8307583835600407,0.556633189941732,0,0,0,1,99,20
1701649380,12,4,0,503,019.0,3.9,094,1,0,0,0,0,0,0,0.33836176080013775,0.9410161097602051,0.17173219010976784,0.985143672202234,0.08618679654612434,0.9962789951118698,0.043133541983763984,0.9990693156913262,0.0215717907077017,0.9997673018486167,-0.010786522873087307,-0.9999418237699174,0.9999854558367129,-0.005393339878159504,-0.7090110506466594,-0.7051973695788437,0.9233627048941395,-0.3839287892442792,0.8318439725225757,0.5550095543122302,0,0,0,1,99,18
1701649440,12,4,0,504,019.1,3.8,094,1,0,0,0,0,0,0,0.9746553921779337,0.22371156988067947,0.623012211003653,0.7822121099422712,0.329990825673782,0.9439841391523142,0.16735570030280691,0.9858965815825497,0.08397445569174683,0.9964679075571249,-0.04202435271884079,-0.999116586679734,0.9997791222764492,-0.021016818506448383,-0.7144987118625367,-0.6996367562862716,0.9218559421857278,-0.38753273649701414,0.832926388253192,0.5533838014899721,0,0,0,1,99,17
1701649500,12,4,0,505,019.1,3.8,094,1,0,0,0,0,0,0,0.7148553508409695,-0.69927235564838,0.9217571143333747,0.3877677425673905,0.5532776235456344,0.8329969215331442,0.2889663288921875,0.9573392610598251,0.1460492022233857,0.9892773274112333,-0.07322114649732905,-0.997315729197939,0.9993287069823269,-0.03663516617992241,-0.7199427637597042,-0.6940334407721567,0.9203351130898344,-0.3911307704769872,0.8340056266228025,0.5517559376767108,0,0,0,1,99,16
1701649560,12,4,0,506,019.1,3.9,094,1,0,0,0,0,0,0,-0.20217940333482604,-0.9793485022540106,0.9948237286710673,-0.10161569206079699,0.7421642985420401,0.6702179898880674,0.4060677345664961,0.9138429815586667,0.20755362974582411,0.9782236404725319,-0.10434644106884551,-0.994541009831302,0.9986343199167806,-0.05224456990299564,-0.7253428740612937,-0.6883877650339976,0.9188002408124406,-0.3947228362826266,0.8350816835144412,0.5501259690822519,0,0,0,1,99,16
1701649620,12,4,0,507,019.0,3.8,094,1,0,0,0,0,0,0,-0.9333313464826719,-0.35901615238432194,0.8243227985396018,-0.5661200613013454,0.8849067920694658,0.4657681497798313,0.5168325890557641,0.8560864879729826,0.2682475647857939,0.9633500111519651,-0.1353698431114458,-0.990795138046197,0.9976961306044534,-0.06784121886361938,-0.7306987131724058,-0.6827000736547422,0.9172513487738087,-0.39830887910342766,0.8361545548232777,0.5484939019244299,0,0,0,1,99,14
1701649680,12,4,0,508,019.0,3.7,094,1,0,0,0,0,0,0,-0.8063827539523806,0.5913939922996974,0.45199889806298343,-0.892018495407942,0.972630067242408,0.23235910202965793,0.6195324438519512,0.784971051068018,0.3278939988258263,0.9447145206537312,-0.16626105879951092,-0.9860817716228536,0.9965143680908102,-0.08342130536363722,-0.7360099542002259,-0.6769707137817569,0.9156884606081254,-0.40188884422078897,0.8372242364566345,0.5468597424290853,0,0,0,1,99,14
1701649740,12,4,0,509,019.1,3.7,094,1,0,0,0,0,0,0,0.061950423737127995,0.9980792278165047,-0.030990096672124958,-0.9995196916060495,0.9998799156913918,-0.015496909271697935,0.7125647020698184,0.7016064034515015,0.3862600138174404,0.9223899401694224,-0.19698992338515384,-0.980405513083597,0.99508932088622,-0.09898102574838,-0.7412762729739769,-0.6712000351056382,0.9141116001631415,-0.40546267700884736,0.8382907243340008,0.5452234968300397,0,0,0,1,99,14
1701649860,12,4,0,511,019.1,3.6,094,1,0,0,0,0,0,0,0.8817704007607503,-0.4716788741741842,-0.8578108399216532,-0.5139655269693756,0.8700475639208972,-0.49296778445990996,0.8639929931602194,0.5035038309387974,0.4982450045214717,0.8670362826718376,-0.25784076222366625,-0.9661874255732781,0.9915108233330784,-0.13002417934123234,-0.7516728608048957,-0.6595361326943231,0.9109160588919055,-0.41259172756229423,0.8404141025596531,0.5419447722958981,0,0,0,1,99,11
1701649920,12,4,0,512,019.1,3.5,094,1,0,0,0,0,0,0,0.07951849401287635,-0.996833390848202,-0.9992080341070627,-0.03979075993115771,0.7210377105017316,-0.6928958219201651,0.9200260381967906,0.39185723042955,0.5514266812416906,0.8342233605065102,-0.2879033166650653,-0.9576594803233847,0.9893582466233818,-0.14550003380861354,-0.7568024953079283,-0.6536436208636119,0.9092974268256817,-0.4161468365471424,0.8414709848078965,0.5403023058681398,0,0,0,1,99,10
1701649980,12,4,0,513,019.1,3.5,094,1,0,0,0,0,0,0,-0.7958423494121124,-0.6055038851090959,-0.8959642529445848,0.4441261728894752,0.5271972245329658,-0.8497429531597998,0.9617023846179752,0.27409582889949297,0.6024550485723009,0.7981528139709504,-0.3176847384035387,-0.948196396842698,0.9869641322871612,-0.16094036652950375,-0.7618859384873512,-0.6477112139952867,0.9076649199994695,-0.41969559564326697,0.8425246571000955,0.5386577783513077,0,0,0,1,99,10
1701650040,12,4,0,514,019.1,3.5,094,1,0,0,0,0,0,0,-0.9395094070026404,0.34252310017507853,-0.5733571748155426,0.8193055291449822,0.3005781685810014,-0.953757183235068,0.9883716869768853,0.1520572536331825,0.6511308418308941,0.7589654977774624,-0.3471559463861577,-0.9378074156716458,0.9843290648130953,-0.17634140796811468,-0.7669228800759939,-0.6417392741728861,0.9060185633233147,-0.4232379507009703,0.8435751154168105,0.5370111960187747,0,0,0,1,99,8
1701650100,12,4,0,515,019.1,3.4,094,1,0,0,0,0,0,0,-0.21939584856455807,0.9756359267844935,-0.11037226376111557,0.9938903175865266,0.05527061793337119,-0.9984714111046261,0.9996177797299891,0.027645875780791213,0.6972639830864666,0.7168144375571656,-0.37628816247846175,-0.926502681474038,0.9814536875151161,-0.19169939818106102,-0.7719130126449032,-0.6357281658928362,0.9043583819185943,-0.42677384766827253,0.8446223557508624,0.5353625651517518,0,0,0,1,99,9
1701650160,12,4,0,516,019.1,3.6,094,1,0,0,0,0,0,0,0.7024292412479847,0.7117535816838442,0.37963562682930313,0.9251360931462582,-0.19347339203846847,-0.9811055226493881,0.9952651713612277,-0.0971969067167568,0.740674323409674,0.6718642322981792,-0.4050529395658183,-0.914293233130974,0.9783387023753517,-0.20701058773529676,-0.7768560316221071,-0.6296782560422042,0.9026844011176343,-0.4303032325917363,0.8456663741073475,0.5337118920392648,0,0,0,1,99,9
1701650220,12,4,0,517,019.2,3.5,094,1,0,0,0,0,0,0,0.9784441260755459,-0.20651172399711681,0.7766954757165503,0.6298762878545608,-0.43018816356650214,-0.9027392447031869,0.9753817828684281,-0.22052296399333682,0.7811923463505441,0.6242904115900961,-0.4334221893315477,-0.9011909929615631,0.9749848698727491,-0.22227123862348555,-0.7817516353112047,-0.6235899138763048,0.900996646463322,-0.43382605161729004,0.8467071665036532,0.5320591829781298,0,0,0,1,99,10
1701650280,12,4,0,518,019.2,3.5,094,1,0,0,0,0,0,0,0.35488199371552387,-0.9349111030127383,0.9835931839466808,0.18040079959254857,-0.6401559186664806,-0.7682450128678183,0.9402778878788489,-0.34040783417261544,0.8186598298965864,0.5742787501846923,-0.46136820968468756,-0.8872087550809822,0.9713930087974131,-0.23747762517658147,-0.7865995249097795,-0.6174635109961635,0.8992951437087169,-0.4373422509910497,0.8477447289694727,0.5304044442729295,0,0,0,1,99,9
1701650340,12,4,0,519,019.1,3.6,094,1,0,0,0,0,0,0,-0.5949570070443855,-0.8037575254818999,0.9496729767351233,-0.3132430961075599,-0.8103218792885825,-0.5859850270665796,0.8905012709330009,-0.45498075395197785,0.8529304643263652,0.5220245425494965,-0.4888637118106147,-0.8723601729072392,0.9675639960507106,-0.2526260349733978,-0.7913994045276372,-0.6112994213258353,0.8975799188166576,-0.44085177706013884,0.8487790575468208,0.5287476822359892,0,0,0,1,99,7
1701650400,12,4,0,520,019.2,3.7,094,1,0,0,0,0,0,0,-0.9977952793125009,0.06636701425925702,0.6832397038158508,-0.730194157145638,-0.9301059501867618,-0.3672913304546965,0.8268286794901035,-0.562453851238172,0.8838704235458307,0.4677318402470736,-0.5158818468181093,-0.8566597458288424,0.9634987664311881,-0.2677127697469413,-0.7961509812048658,-0.6050980210895829,0.8958509979593657,-0.44435457627350766,0.8498101482900483,0.5270889031873525,0,0,0,1,99,6
1701650460,12,4,0,521,019.1,3.7,094,1,0,0,0,0,0,0,-0.483265173349392,0.8754740271576206,0.2495255225847443,-0.9683682221029407,-0.9920605379972889,-0.12576123786178975,0.7502537030437737,-0.6611500442933549,0.9113588876763519,0.41161265511804,-0.5423962319568417,-0.8401228050463933,0.9591983124063536,-0.2827341462872912,-0.8008539649297153,-0.5988596887889135,0.8941084075180463,-0.4478505951827498,0.8508379972658573,0.5254281134547572,0,0,0,1,99,6
1701650520,12,4,0,522,019.1,3.7,094,1,0,0,0,0,0,0,0.4755767042996153,0.8796742569426005,-0.24528120908194284,-0.9694519732670104,-0.992333606522275,0.12358807938670624,0.6619712684902925,-0.7495292120346966,0.935288514853758,0.3538861313793629,-0.5683809763796802,-0.8227654986019294,0.9546636838703799,-0.297686497340802,-0.8055080686562991,-0.5925848051794772,0.8923521740824856,-0.45133978044291795,0.8518626005533163,0.5237653193736113,0,0,0,1,99,6
1701650580,12,4,0,523,019.1,3.7,094,1,0,0,0,0,0,0,0.9971755532498972,0.07510603172023837,-0.6800345462841435,-0.7331800705557395,-0.930908177683422,0.36525328844807164,0.5633589936940424,-0.8262122271087713,0.9555658603960198,0.2947776898708828,-0.593810706424664,-0.8046047756106357,0.9498959878877886,-0.3125661725054107,-0.8101130083221139,-0.5862737532478276,0.8905823244506449,-0.45482207881333797,0.8528839542438754,0.522100527286969,0,0,0,1,99,6
1701650640,12,4,0,524,019.1,3.8,094,1,0,0,0,0,0,0,0.6019757972528995,-0.7985143326964996,-0.9482917095220488,-0.31740011602352985,-0.8116033871367004,0.5842088171092894,0.45595569022148996,-0.8900024767126464,0.9721117417027341,0.23451814779175792,-0.618660590391954,-0.7856583697103207,0.9448963884231754,-0.3273695391218304,-0.8146685028653773,-0.5799269181880462,0.8887988856282523,-0.4582974371584211,0.8539020544413806,0.520433743545506,0,0,0,1,99,6
1701650700,12,4,0,525,019.1,3.9,094,1,0,0,0,0,0,0,-0.34667773058479046,-0.9379843021695936,-0.984373989439378,0.17609045662727782,-0.6418370289149428,0.7668410710920738,0.34143735070135944,-0.9399045353364547,0.9848615474614832,0.17334281736424106,-0.6429063627915651,-0.7659447817448204,0.9396661060570453,-0.3420929831604118,-0.8191742742421821,-0.5735446873782322,0.8870018848283898,-0.46176580244847487,0.8549168972620891,0.5187649745074956,0,0,0,1,99,6
1701650760,12,4,0,526,019.1,3.9,094,1,0,0,0,0,0,0,-0.9765973517090915,-0.21507582996419908,-0.7794471854988634,0.6264679441263539,-0.4321643529223842,0.9017948614087224,0.22159099552021236,-0.9751396980455473,0.9937654899536277,0.11149058694448753,-0.6665243480382065,-0.7454832616982381,0.9342064176878251,-0.35673291010345676,-0.8236300474434674,-0.5671274503568591,0.8851913494710788,-0.46522712176051223,0.855928478834684,0.5170942265387846,0,0,0,1,99,5
1701650820,12,4,0,527,019.1,4.0,094,1,0,0,0,0,0,0,-0.708637871481491,0.7055723684372722,-0.3836845263772881,0.9234642300699232,-0.19562179061913934,0.9806794150154073,0.09828678696699936,-0.995158131910554,0.9987887994742818,0.049202988168636434,-0.6894914835700886,-0.7242937898976618,0.9285186562201273,-0.371285745822768,-0.8280355505118026,-0.5606755987989989,0.8833673071828612,-0.4686813422790591,0.8569367953002891,0.5154215060127686,0,0,0,1,99,4
1701650880,12,4,0,528,019.0,4.0,094,1,0,0,0,0,0,0,0.21083999973521134,0.9775205852112047,0.10601748626711377,0.9943642655514137,0.05308358714605824,0.9985900724399912,-0.026551154023966794,-0.99964745596635,0.9999118601072672,-0.013276747223059479,-0.711785342369123,-0.7023970575027135,0.9226042102393402,-0.3857479374522218,-0.8323905145579873,-0.5541895264924167,0.8815297857963782,-0.4721284112969602,0.8579418428124834,0.513746819310368,0,0,0,1,99,4
1701650940,12,4,0,529,019.0,4.1,094,1,0,0,0,0,0,0,0.9364725475338364,0.3507408840091023,0.5697627207842304,0.8218092491597738,0.29848848456869004,0.9544132357526728,-0.15097477313665228,-0.9885376158125377,0.9971302863248458,-0.07570463720097437,-0.7333841548605254,-0.6798144463009835,0.9164645236726252,-0.4001159542551487,-0.8366946737774624,-0.5476696293135358,0.8796788133499452,-0.4755682762161834,0.8589436175373164,0.5120701728200036,0,0,0,1,99,4
1701651000,12,4,0,530,019.0,4.1,094,1,0,0,0,0,0,0,0.8011165538942744,-0.5985083684265092,0.8940101700837942,0.44804666697426215,0.5253348137263215,0.8508956066916382,-0.2730424814093603,-0.9620019767889353,0.9904549401131116,-0.1378369021907137,-0.7542668301704357,-0.6565680078290772,0.9101010954364018,-0.41438628848631254,-0.8409477654665337,-0.5411163052032749,0.8778144180871248,-0.4790008845486223,0.8599421156533218,0.510391572937572,0,0,0,1,99,4
1701651060,12,4,0,531,019.0,4.2,094,1,0,0,0,0,0,0,-0.07078230485740782,-0.9974917870935445,0.9993727500521375,-0.03541336546034254,0.7195183685842713,0.6944734100524143,-0.3908494530810973,-0.9204546186674317,0.9799118885561681,-0.19943091702713533,-0.7744129767207983,-0.6326804418396639,0.9035154790704097,-0.42855545624827607,-0.8451495300384058,-0.5345299541427608,0.8759366284562944,-0.48242618391689684,0.8609373333515329,0.5087110260664217,0,0,0,1,99,4
1701651120,12,4,0,532,019.0,4.2,094,1,0,0,0,0,0,0,-0.8776042389525125,-0.47938585687583785,0.8600540264645697,-0.510202970945957,0.8689657562142357,0.4948722204034305,-0.5025573497604873,-0.8645438740756395,0.9655423020447212,-0.2602461584004272,-0.7938029221413925,-0.6081750741355538,0.8967092823584335,-0.44261999834194465,-0.8492997110390256,-0.5279109781289149,0.8740454731102137,-0.48584412205515315,0.8619292668354965,0.5070285386173281,0,0,0,1,99,3
1701651180,12,4,0,533,019.0,4.3,094,1,0,0,0,0,0,0,-0.8775608830339849,0.4794652193523661,0.5101640817656776,-0.8600770951933222,0.9643850618900425,0.2645022729644093,-0.6064230070815217,-0.795142211483081,0.9474022935065866,-0.32004514409448476,-0.8124177324795677,-0.5830758337924473,0.8896841669357861,-0.45657648111107996,-0.8533980551627359,-0.5212597811499177,0.8721409809055867,-0.48925464680986036,0.862917912321288,0.5053441170084696,0,0,0,1,99,3
1701651240,12,4,0,534,019.1,4.3,094,1,0,0,0,0,0,0,-0.07069209833337335,0.9974981840751515,0.035368177256176046,-0.9993743503000143,0.9998435753406666,0.01768685528840119,-0.7008256362004742,-0.713332620622526,0.9255626992869057,-0.3785943603498829,-0.8302392306889271,-0.5574072297925984,0.8824418478836433,-0.47042149728057797,-0.857444312267735,-0.5145767691605511,0.8702231809026209,-0.49265770614060683,0.8639032660375254,0.5036577676654025,0,0,0,1,99,3
1701651300,12,4,0,535,019.0,4.3,094,1,0,0,0,0,0,0,0.8011706755616272,0.5984359185578068,-0.448087090553942,-0.8939899100543045,0.973136657940267,-0.23022824538454828,-0.7842921156637201,-0.6203917127974276,0.9001088025337347,-0.43566517373010916,-0.8472500143789049,-0.5311943270922096,0.8749840933103326,-0.4841516667883063,-0.8614382353913443,-0.5078623500574214,0.8682921023645849,-0.4960532481208941,0.8648853242253837,0.5019694970210371,0,0,0,1,99,3
1701651360,12,4,0,536,019.0,4.4,094,1,0,0,0,0,0,0,0.9364408251331382,-0.35082557065294895,-0.8218350110128397,-0.5697255608391865,0.8859248164599484,-0.4638288688518717,-0.8555199789753223,-0.5177697997895051,0.8711400001691764,-0.4910347239302405,-0.8634334728079056,-0.504462722145928,0.8673127239196736,-0.4977636376102979,-0.8653795807650819,-0.5011169336540635,0.8663477747573614,-0.4994412209389292,0.8658640831386093,0.5002793115156127,0,0,0,1,99,3
1701651420,12,4,0,537,019.0,4.4,094,1,0,0,0,0,0,0,0.21075159869536877,-0.9775396481203953,-0.9943690582777592,-0.10597252445706083,0.7436304607992672,-0.6685908597726038,-0.9133977391510787,-0.40706826222845977,0.8387694147465261,-0.5444867940416647,-0.8787738031034109,-0.47723851791234084,0.8594296125664803,-0.5112540865790997,-0.8692681078295407,-0.49434093165592724,0.8643902277489974,-0.5028215728984153,0.8668395390435346,0.4985872175966732,0,0,0,1,99,3
1701651480,12,4,0,538,019.1,4.4,094,1,0,0,0,0,0,0,-0.708701675652129,-0.7055082812610101,-0.9234468802429867,0.3837262818331512,0.5551007648016929,-0.8317831092998796,-0.9570222331011646,-0.2900145605828441,0.8031234527091224,-0.5958126548744814,-0.8932560256932167,-0.44954829836488014,0.8513366837993298,-0.5246197201950761,-0.8731035792490706,-0.48753475763525,0.862419491209252,-0.5061942524193405,0.8678116882190918,0.4968932217190427,0,0,0,1,99,3
1701651540,12,4,0,539,019.1,4.5,094,1,0,0,0,0,0,0,-0.9765778977502884,0.21516414577161172,-0.6264326995888658,0.7794755114086689,0.3320575918356115,-0.943259113766909,-0.9857127151880788,-0.16843527871721392,0.7643413107758908,-0.6448118800405224,-0.9068659989327317,-0.4214191025330233,0.8430359133907117,-0.5378572754304699,-0.8768857609262651,-0.4806988270058135,0.8604355952091398,-0.5095592080387649,0.8687805269568273,0.4951973303448006,0,0,0,1,99,3
1701651660,12,4,0,541,019.1,4.4,094,1,0,0,0,0,0,0,0.6020480068859135,0.7984598909179464,0.3174429941596235,0.9482773568207633,-0.16081455652277984,-0.9869846393994092,-0.9967408488166343,0.08067019462165342,0.677985916291167,-0.7350748923142639,-0.9314169024433323,-0.36395405457676666,0.8258190039520665,-0.5639352557799668,-0.8842893349407667,-0.46693936663127533,0.8564284461153995,-0.5162657423114207,0.8707082583481739,0.491799886990928,0,0,0,1,99,2
1701651720,12,4,0,542,019.1,4.4,094,1,0,0,0,0,0,0,0.9971687571041068,-0.07519620904973118,0.7332108186087175,0.6800013937302882,-0.3999991289176214,-0.916515519162193,-0.9789064100214568,0.2043091784989199,0.630749879707115,-0.7759862042906819,-0.9423338591737755,-0.33467431609649856,0.8169070681835537,-0.5767693143291786,-0.8879102754020753,-0.46001667669271595,0.8544052541659362,-0.5196072186311907,0.8716671436480758,0.49009834797151136,0,0,0,1,99,2
1701651780,12,4,0,543,019.1,4.4,094,1,0,0,0,0,0,0,0.47549715072011806,-0.8797172612021713,0.9694630630411277,0.24523737357693737,-0.6143136928406621,-0.7890619030142494,-0.9457964641016188,0.32475998597868444,0.5810507783409793,-0.8138673067456035,-0.9523306428823981,-0.30506777382607664,0.8077956962704359,-0.5894625629223299,-0.8914770223966318,-0.4530659097072247,0.8523690250435033,-0.5229407663840979,0.8726227038027654,0.4883949393758611,0,0,0,1,99,2
1701651840,12,4,0,544,019.1,4.4,094,1,0,0,0,0,0,0,-0.48334434316848646,-0.8754303204293443,0.9683569384347241,-0.24956930858045798,-0.7904332067228887,-0.6125482394960996,-0.8979276806892913,0.4401430224960407,0.5290826861200238,-0.8485702747846052,-0.9613974918795568,-0.27516333805159693,0.7984871126234903,-0.6020119026848236,-0.8949893582285835,-0.4460874899137928,0.850319789818452,-0.5262663347043051,0.8735749351670712,0.4866896677019633,0,0,0,1,99,2
1701651900,12,4,0,545,019.1,4.4,094,1,0,0,0,0,0,0,-0.9978012770046274,-0.06627678030754695,0.7301632626705986,-0.683272719963432,-0.9174074122121076,-0.39794929327526646,-0.8360470361394945,0.5486577743569909,0.4750485373322441,-0.8799595940601451,-0.9695255525410729,-0.24499020994710669,0.7889835897999105,-0.6144142698753396,-0.8984470685230543,-0.43908184323919636,0.8482575797595906,-0.5295838728477311,0.8745238341085196,0.48498253945491115,0,0,0,1,99,1
1701651960,12,4,0,546,019.1,4.3,094,1,0,0,0,0,0,0,-0.5948843183590627,0.8038113259779768,0.3132001548706699,-0.9496871395301657,-0.9873416682005692,-0.15860778743465642,-0.7611201572139107,0.6486109051524434,0.4191593341723149,-0.9079126899521901,-0.9767068879536455,-0.2145778530601538,0.7792874479484941,-0.6266666366338032,-0.9018499422392295,-0.4320493972719999,0.8461824263337073,-0.5328933301928258,0.8754693970073499,0.4832735611468799,0,0,0,1,99,1
1701652020,12,4,0,547,019.1,4.3,094,1,0,0,0,0,0,0,0.35496653913623116,0.9348790061252026,-0.18044527407887062,-0.9835850258430133,-0.9958878013719752,0.0905951824243062,-0.6743162527982304,0.7384426797065248,0.3616333227825357,-0.9323204062194833,-0.9829344856651138,-0.18395596454113236,0.7694010542432121,-0.6387660117205939,-0.9051977716832366,-0.4249905812364588,0.8440943612050903,-0.5361946562413418,0.876411620256527,0.4815627392971025,0,0,0,1,99,1
1701652080,12,4,0,548,019.0,4.3,094,1,0,0,0,0,0,0,0.9784627975617406,0.20642323945634647,-0.6299114066849614,-0.7766669941024745,-0.9425144545582509,0.33416538263076073,-0.5769898687885426,0.8167513032223337,0.30269514100631545,-0.953087431252331,-0.9882022645319962,-0.1531544461445194,0.7593268223052967,-0.6507094412468135,-0.9084903525208217,-0.4179058259663213,0.8419934162350443,-0.5394878006191052,0.8773505002617554,0.4798500804318443,0,0,0,1,99,1
1701652140,12,4,0,549,019.0,4.1,094,1,0,0,0,0,0,0,0.7023648723213674,-0.7118171015991323,-0.925153258006243,-0.37959379499727586,-0.8305401239546696,0.5569587978489631,-0.47065975085566697,0.8823147958209029,0.2425749411822016,-0.9701326702623984,-0.9925050806576252,-0.12220337503031901,0.7490672116139909,-0.6624940093954363,-0.9117274837898209,-0.41079556387853294,0.8398796234814049,-0.5427727130767847,0.8782860334414936,0.4781355910843782,0,0,0,1,99,1
1701652200,12,4,0,550,019.1,4.2,094,1,0,0,0,0,0,0,-0.219484077409708,-0.9756160821571205,-0.9938853259197261,0.11041720391967796,-0.6669268310993051,0.7451232126030157,-0.3569851449269173,0.9341100611285096,0.1815074914039231,-0.9833895619561226,-0.995838732415074,-0.09113297439422614,0.7386247269061015,-0.6741168391331631,-0.9149089679124266,-0.4036602289468439,0.8377530151980487,-0.5460493434906575,0.8792182162269665,0.47641927779496,0,0,0,1,99,1
1701652260,12,4,0,551,019.1,4.2,094,1,0,0,0,0,0,0,-0.9395403785729803,-0.3424381360639331,-0.8192796030855196,0.5733942203824812,-0.4618472580937981,0.8869594749430442,-0.2377399052083556,0.9713288513534034,0.1197312587560086,-0.9928063384551399,-0.9981999645499743,-0.05997358395518874,0.7280019175645037,-0.6855750929128083,-0.9180346107072457,-0.39650025667532157,0.8356136238344016,-0.5493176418633751,0.8801470450621802,0.47470114711080325,0,0,0,1,99,1
1701652320,12,4,0,552,019.1,4.2,094,1,0,0,0,0,0,0,-0.7957875885887045,0.6055758530920589,-0.4440856600409099,0.8959843338731037,-0.2280522595008612,0.9736488930495181,-0.11478481378318722,0.9933903797222716,0.057487478104924564,-0.9983462274487422,-0.9995864713592172,-0.028755630329187164,0.7172013769957456,-0.6968659733660458,-0.9211042214011522,-0.38931608407176954,0.8334614820349437,-0.5525775583247253,0.8810725164039352,0.4729812055860543,0,0,0,1,99,1
1701652380,12,4,0,553,019.1,4.2,094,1,0,0,0,0,0,0,0.07960864038153331,0.9968261956713436,0.03983594061056201,0.9992062338855137,0.01992192403467051,0.9998015387779501,0.009961456270293016,0.9999503834635872,-0.004980789917915772,-0.9999875957889646,-0.9999968989424328,0.002490402681839968,0.7062257419969057,-0.7079867239863471,-0.9241176126409308,-0.3821081496210549,0.831296622638711,-0.5558290431323939,0.8819946267218395,0.4712594597817672,0,0,0,1,99,1
1701652440,12,4,0,554,019.1,4.2,094,1,0,0,0,0,0,0,0.8818130525190443,0.47159913104992585,0.5140043136735694,0.8577875993070563,0.2666574588239974,0.9637913672852274,0.13455228113037063,0.9909064959130168,-0.06742960806271654,-0.9977240339675638,-0.9994308465240513,0.033734003856911096,0.6950776921118563,-0.7189346298019421,-0.9270746005047118,-0.3748768932583455,0.8291190786787943,-0.5590720466727229,0.8829133724983225,0.46953591626587904,0,0,0,1,99,1
1701652500,12,4,0,555,019.1,4.2,094,1,0,0,0,0,0,0,0.873282610859792,-0.4872139997679717,0.8623265042221454,0.5063526440298443,0.4968135243580612,0.8678573166223363,0.2570434626455842,0.9663998439109809,-0.1296151150310394,-0.9915643811450119,-0.9978888668446532,0.06494466434969119,0.6837599489770912,-0.729707018038641,-0.9299750045131969,-0.3676227563422584,0.8269288833818355,-0.5623065194614685,0.8838287502286483,0.4678105816131843,0,0,0,1,99,1
1701652560,12,4,0,556,019.1,4.3,094,1,0,0,0,0,0,0,0.061860164125145584,-0.9980848261016746,0.99952109184891,0.030944901828293042,0.6960801312247417,0.717964101410472,0.375523566896625,0.926812845565509,-0.1912944777489552,-0.9815326906337631,-0.9953724656212274,0.09609190747986249,0.6722752756572777,-0.7403012587723536,-0.9328186476406745,-0.3603461816279218,0.8247260701675199,-0.5655324121445553,0.884740756420929,0.4660834624053104,0,0,0,1,99,1
1701652620,12,4,0,557,019.0,4.3,094,1,0,0,0,0,0,0,-0.8064362322233966,-0.5913210662215004,0.8919980566743126,-0.45203923158200526,0.8520678469411944,0.5234313557755185,0.48814375148335226,0.8727632427455679,-0.2522268396250011,-0.9676681359705837,-0.9918841000768648,0.12714531849308558,0.6606264759706935,-0.7507147655711474,-0.9356053563258249,-0.3530476132399514,0.8225106726480671,-0.5687496754988299,0.8856493875961384,0.4643545652306921,0,0,0,1,99,1
1701652680,12,4,0,558,019.1,4.4,094,1,0,0,0,0,0,0,-0.9332988757369771,0.35910055492590737,0.5660827877060443,-0.8243483956816764,0.9550781108583937,0.2963541836370153,0.5931466160920859,0.8050944614258054,-0.3121742610900157,-0.9500248579447291,-0.9874271765413207,0.1580745742604909,0.6488163938047147,-0.7609449961266882,-0.9383349604823131,-0.3457274966453434,0.8202827246277175,-0.571958260432812,0.8865546402881246,0.4626238966845466,0,0,0,1,99,1
1701652740,12,4,0,559,019.0,4.4,094,1,0,0,0,0,0,0,-0.20209083702626568,0.9793667819514931,0.1015707094799159,-0.9948283223630832,0.9987062436880735,0.050851143728124895,0.6888936261397238,0.7248624503063064,-0.37090264874606493,-0.9286717531793207,-0.9820060471247926,0.1888494728886995,0.6368479124215218,-0.7709894528749078,-0.9410072935091703,-0.33838627862628545,0.8180422601022167,-0.5751581179874429,0.8874565110436237,0.46089146336884845,0,0,0,1,99,1
1701652860,12,4,0,561,019.1,4.4,094,1,0,0,0,0,0,0,0.9746351572706857,-0.22379971003543722,-0.7822402795929897,-0.6229768414494085,0.9008265208821864,-0.4341792017995516,0.8468114317247825,0.5318932215212224,-0.4837906460850486,-0.8751837582820029,-0.9682932815738222,0.24981617413409918,0.6124474776933533,-0.7905112820618372,-0.9461794972577448,-0.32364233185583335,0.8135239184731551,-0.5815314557890083,0.8892500929966238,0.457421328870327,0,0,0,1,99,1
1701652920,12,4,0,562,019.1,4.4,094,1,0,0,0,0,0,0,0.33827666045026744,-0.9410467050017307,-0.9851514363288851,-0.17168764515577298,0.7654043523379563,-0.6435496697397284,0.9065179727230256,0.4221672241305995,-0.5375094305542,-0.8432577376255137,-0.9600150357222312,0.27994844380214573,0.6000214813645651,-0.7999838885259333,-0.9486790522948035,-0.31624050299895706,0.8112461103139285,-0.5847048387866493,0.8901417973521548,0.4556836409250121,0,0,0,1,99,1
1701652980,12,4,0,563,019.1,4.4,094,1,0,0,0,0,0,0,-0.6090918379453792,-0.7930996992486631,-0.9468631630939771,0.32163667448795147,0.5823930483410875,-0.8129073361976602,0.9520786039497107,0.30585344840490175,-0.5891292521998455,-0.8080388135494797,-0.9507993514799744,0.3098073485656209,0.5874489983966179,-0.8092611903970253,-0.9511207048521826,-0.30881937245174135,0.8089559235371669,-0.5878692999078361,0.8910301060872848,0.4539442146851108,0,0,0,1,99,1
1701653100,12,4,0,565,019.1,4.5,094,1,0,0,0,0,0,0,-0.46769187421537717,0.8838915718530796,-0.24094442112956296,0.9705389152046093,0.12136944589844409,-0.9926074035600907,0.9981501398988257,0.060797189243867816,-0.6852746933734428,-0.7282846933870942,-0.9295925702658919,0.36858873193093256,0.561876885122118,-0.8272208689131738,-0.9558297099675166,-0.2939210192269568,0.8043385541011188,-0.5941712635145877,0.892796523154797,0.45046017386968423,0,0,0,1,99,1
1701653160,12,4,0,566,019.1,4.4,094,1,0,0,0,0,0,0,0.4910741133562503,0.8711177963922977,0.253852519790234,0.9672429364932829,-0.12797863787897792,-0.9917769246391254,0.9979421137117938,-0.06412127322844811,-0.7294248670111433,-0.6840609354332229,-0.9176221813560369,0.3974538115094489,0.5488834978802656,-0.8358988609602985,-0.9580967751120705,-0.2864447058680798,0.8020114418972087,-0.5973086698399414,0.8936746247488349,0.4487155725847157,0,0,0,1,99,1
1701653280,12,4,0,568,019.1,4.6,094,1,0,0,0,0,0,0,0.587746231938178,-0.8090453428841139,0.9510639681125854,0.3089940590981371,-0.5877950071674065,-0.8090099069535975,0.9510546532543747,-0.3090227281660707,-0.8090187662119065,-0.587782813560387,-0.8910058399248534,0.45399184267980686,0.5224979221586403,-0.8526405581133842,-0.9624553387335394,-0.27144008720767066,0.7973205400614205,-0.6035560921705327,0.8954205973090336,0.4452212415358611,0,0,0,1,99,1
1701653340,12,4,0,569,019.2,4.6,094,1,0,0,0,0,0,0,-0.36322753704942956,-0.9317004649183155,0.9827767968664898,-0.18479655716717844,-0.7696741379204508,-0.6384369361310566,0.9051068821225083,-0.42518411533648776,-0.8441516793019155,-0.5361044136469649,-0.8763858778092459,0.4816095858436764,0.5091121753387575,-0.8607001759740951,-0.964546571186196,-0.2639126977107249,0.794956822006933,-0.6066660128477922,0.8962884616148398,0.4434715251017859,0,0,0,1,99,1
1701653460,12,4,0,571,019.2,4.8,094,1,0,0,0,0,0,0,-0.6960368448325855,0.718006065876535,0.3754956285520944,-0.9268241650595153,-0.9815355737464423,-0.1912796838930951,0.7717770675179119,-0.6358931970491998,-0.9044040018291604,-0.4266771630582074,-0.8445937375620919,0.535407712375248,0.481971102673569,-0.8761871125436759,-0.9685522991928923,-0.24881005552059607,0.790193031961367,-0.6128580359591461,0.8980139297246859,0.4399670237874959,0,0,0,1,99,1
1701653520,12,4,0,572,019.2,4.8,094,1,0,0,0,0,0,0,0.22811095911894086,0.9736351423042602,-0.11481475884166603,-0.9933869191569467,-0.9983453608739179,0.05750252534912421,0.6864755912087755,-0.7271528468448447,-0.9292881272363391,-0.36935562345465606,-0.8274526039159754,0.5615355627853609,0.4682224029318968,-0.8836106503390961,-0.9704665502579407,-0.24123572461485038,0.7877930326598638,-0.6159400439105862,0.8988715269465893,0.43821225227588845,0,0,0,1,99,1
1701653640,12,4,0,574,019.2,4.7,094,1,0,0,0,0,0,0,0.7903962755452384,-0.6125958925786359,-0.8979409481081247,-0.4401159548467677,-0.8485623002604958,0.529095475861036,0.48523423423072903,-0.8743842049868684,-0.9680868259063513,-0.2506150384684961,-0.7907638833648436,0.6121212957950017,0.4403854585502332,-0.8978088036422348,-0.9741172423384761,-0.22604335464437486,0.7829570086040404,-0.6220758174674632,0.9005764313670059,0.43469770101332306,0,0,0,1,99,1
1701653700,12,4,0,575,019.3,4.8,094,1,0,0,0,0,0,0,-0.08842873879073523,-0.9960825056971334,-0.999020146367713,0.044257735498252376,-0.6912822377660761,0.7225848515912344,0.37243465763054706,-0.9280584172322436,-0.9818498910811784,-0.1896596725291863,-0.771252122372829,0.6365297822846995,0.42630400990097467,-0.9045799528744541,-0.9758534605345349,-0.21842624284360365,0.7805210576414975,-0.6251294894485447,0.9014237320618269,0.4329379346693099,0,0,0,1,99,1
1701653760,12,4,0,576,019.3,4.7,094,1,0,0,0,0,0,0,-0.8859527784925297,-0.4637754567475154,-0.8555043707508208,0.5177955886508133,-0.49102159389846933,0.8711474010323434,0.25382336276203626,-0.9672505882738824,-0.9917788534431158,-0.12796368962740468,-0.7509872467716762,0.6603167082440802,0.4121184852417566,-0.9111302618846769,-0.977530117665097,-0.2107957994307797,0.7780731968879212,-0.6281736227227391,0.9022675940990952,0.4311765167986662,0,0,0,1,99,1
1701653820,12,4,0,577,019.3,4.8,094,1,0,0,0,0,0,0,-0.8689359194288628,0.4949246083256689,-0.5025312884161199,0.8645590229491764,-0.2602316055466972,0.96554622441113,0.1312512392110452,-0.9913491373908412,-0.9978349406066219,-0.06576801125607637,-0.7299890448685091,0.6834588461436152,0.3978323477649755,-0.917458131508903,-0.9791471113956531,-0.20315249012884015,0.7756134636946551,-0.6312081708403179,0.9031080142597334,0.42941345412066567,0,0,0,1,99,1
1701653880,12,4,0,578,019.3,4.9,094,1,0,0,0,0,0,0,-0.053023383345603574,0.998593270966005,-0.026521020285755953,0.9996482558795381,-0.013261676373330016,0.9999120601031718,0.006630983970279104,-0.9999780147841181,-0.9999945036809248,-0.0033155102082415536,-0.7082780210511411,0.705933598078374,0.38344908522620447,-0.9235620168885179,-0.9807043430332401,-0.1954967814459897,0.7731418955942013,-0.6342330874978104,0.9039449893377943,0.42764875336085667,0,0,0,1,99,1
1701653940,12,4,0,579,019.3,4.9,094,1,0,0,0,0,0,0,0.811638606855743,0.5841598855290122,0.45598251856347943,0.8899887318188394,0.23453279960504517,0.972108206893358,-0.1180927455575532,-0.9930025697079937,-0.9982491096184343,0.05914993783600386,-0.685875375765888,0.7277190178344949,0.36897220909270734,-0.9294404278474482,-0.982201717532465,-0.1878291406472274,0.7706585302996481,-0.63724832653871,0.9047785161404723,0.42588242125103615,0,0,0,1,99,1
1701654060,12,4,0,581,019.3,5.0,094,1,0,0,0,0,0,0,0.19341424210376837,-0.9811171851269475,0.9952681008469395,0.09716690504758436,0.6718753957961311,0.7406641968691292,-0.3600942953803009,-0.9329159117704899,-0.9830859351477087,0.18314487193136209,-0.6390833779987701,0.7691374623340622,0.33975177531981915,-0.9405151413810577,-0.9850165332066914,-0.17245993537477364,0.7656565598800724,-0.6432495878837492,0.9064352122142402,0.42234488993963853,0,0,0,1,99,1
1701654120,12,4,0,582,019.3,5.0,094,1,0,0,0,0,0,0,-0.7210794829843191,-0.6928523502298791,0.9200142254959646,-0.3918849638415085,0.8342316716121213,0.5514141076171752,-0.47359576242974594,-0.8807423311097222,-0.9697273666112869,0.2441901604183487,-0.6147397171086522,0.7887300426693371,0.3250153514302539,-0.9457087402232617,-0.9863338025798521,-0.16475930895815624,0.7631380310789642,-0.6462355186160244,0.907258375165538,0.42057370423266816,0,0,0,1,99,1
1701654180,12,4,0,583,019.3,5.1,094,1,0,0,0,0,0,0,-0.9726160568450356,0.23241774021622025,0.6195087811257318,-0.7849897261162786,0.9447194626227086,0.32787975988441354,-0.579706926004678,-0.8148250609438855,-0.9525820334606059,0.3042818915546195,-0.5897957733170781,0.8075524415029093,0.31019957970401146,-0.9506714578399073,-0.9875908712214556,-0.15704862648252085,0.760607857730421,-0.6492115885893748,0.9080780772018932,0.41880091416484827,0,0,0,1,99,2
1701654240,12,4,0,584,019.3,5.1,094,1,0,0,0,0,0,0,-0.32993391349118173,0.9440040321568512,0.16732598101183924,-0.9859016259639831,0.9964691731217737,0.08395943674184847,-0.6767719568873076,-0.7361927182273159,-0.9317168878547055,0.36318540841606234,-0.5642759039618552,0.8255862790817391,0.29530807719927077,-0.9554020826546641,-0.9887876624065108,-0.14932835856818344,0.7580660784417752,-0.6521777523926344,0.9088943151963913,0.41702652649883415,0,0,0,1,99,2
1701654300,12,4,0,585,019.3,5.2,094,1,0,0,0,0,0,0,0.616087948358266,0.7876773704301162,-0.32582405495135236,-0.9454304232544339,0.9862632567561346,-0.16518107752640138,-0.7632761877349513,-0.6460723343688377,-0.9072134077406588,0.4206706940298802,-0.5382050287623295,0.8428139456694699,0.2803444794627942,-0.95989945975333,-0.9899241030890525,-0.1415989764205058,0.7555127319974514,-0.6551339647657929,0.9097070860353328,0.4152505480033754,0,0,0,1,99,5
1701654360,12,4,0,586,019.3,5.3,094,1,0,0,0,0,0,0,0.9956813917222668,-0.09283623310976193,-0.739200998751274,-0.6734848798934681,0.9147362679738538,-0.40405143243560715,-0.8378697489573207,-0.5458702078170199,-0.8791672786839316,0.4765132695859477,-0.5116086054857034,0.859218618742037,0.2653124396423611,-0.9641624911657881,-0.9910001239065988,-0.13386095180113555,0.752947857358375,-0.6580801806006866,0.9105163866182439,0.4134729854532902,0,0,0,1,99,8
1701654420,12,4,0,587,019.3,5.2,094,1,0,0,0,0,0,0,0.4598499553568124,-0.8879966320647492,-0.9715957575207781,-0.2366467493282453,0.7863354085020734,-0.6177998262672768,-0.8993886329800029,-0.4371499592432345,-0.8476880202182978,0.5304950710217605,-0.48451260508795824,0.8747842794145767,0.2502156275949039,-0.9681901361340594,-0.9920156591843848,-0.12611475699921215,0.7503714936613771,-0.6610163549416868,0.9113222138578887,0.4116938456294394,0,0,0,1,99,8
1701654480,12,4,0,588,019.3,5.3,094,1,0,0,0,0,0,0,-0.49876540925697305,-0.8667370227056902,-0.9661099892625297,0.2581307588164473,0.6090440218832924,-0.7931364191664784,-0.9468728581933475,-0.32160813176404734,-0.8128985581744033,0.582405300557933,-0.4569434863536556,0.889495728083596,0.23505772899056523,-0.9719814113663893,-0.9929706469393719,-0.11836086480254095,0.7477836802185981,-0.6639424429863854,0.9121245646802812,0.4099131353187006,0,0,0,1,99,7
1701654540,12,4,0,589,019.3,5.3,094,1,0,0,0,0,0,0,-0.9988181567744302,-0.04860339183359195,-0.7240868013690044,0.6897088545779327,0.39388522784059016,-0.9191596310157264,-0.9795814491444105,-0.20104771695330634,-0.7749347446570279,0.6320412498590158,-0.42892817005938433,0.9033385992691267,0.21984244441289458,-0.9755353912773044,-0.9938650288840292,-0.11059974846873663,0.745184456516887,-0.666858400086279,0.9129234360246973,0.40813086131394244,0,0,0,1,99,8
1701654600,12,4,0,590,019.3,5.5,094,1,0,0,0,0,0,0,-0.5805620972394064,0.8142159733442853,-0.30478191109030295,0.9524221683015063,0.15423655808285816,-0.988033948885742,-0.9970039992110719,-0.07735001976165862,-0.7339448275455243,0.6792090916052071,-0.40049401268607804,0.9162993756423735,0.2045734884554038,-0.9788512082135807,-0.9946987504298929,-0.1028318816963379,0.7425738622171999,-0.6697641817474499,0.9137188248436852,0.40634703041399856,0,0,0,1,99,9
1701654720,12,4,0,592,019.4,5.6,094,1,0,0,0,0,0,0,0.9819635696276799,0.18907021955893671,0.6367612505645516,0.7710610285700272,-0.3383333943242765,-0.9410263090291437,-0.9851462604682474,0.17171734183077755,-0.6435381333569995,0.7654140519453434,-0.34248061846961253,0.939524893748256,0.17388948538043356,-0.9847651734673236,-0.9961840124864793,-0.08727779366103493,0.737318721334619,-0.6755450415549525,0.9152991427820066,0.40277472515355744,0,0,0,1,99,9
1701654840,12,4,0,594,019.4,5.8,094,1,0,0,0,0,0,0,-0.23671996897079078,-0.9715779208537356,0.992869055025318,-0.11921006489861569,-0.7480675320111867,-0.6636226092823331,-0.9120368987278785,0.4101081508076052,-0.5430892418343393,0.8396749820042292,-0.2831298447671764,0.9590815872500705,0.1430356821739413,-0.9897175322409093,-0.9974260705037014,-0.07170239800414888,0.7320185783175687,-0.6812846695750063,0.9168654943815386,0.3991962740463603,0,0,0,1,99,8
1701654900,12,4,0,595,019.3,5.8,094,1,0,0,0,0,0,0,-0.9454549749583542,-0.3257528055543003,0.8141722193597312,-0.5806234556258039,-0.8889947850313308,-0.4579173202523552,-0.853790758983826,0.5206163077294279,-0.4895833393154694,0.8719565091589797,-0.2530251873243257,0.9674596914494629,0.12755451491526504,-0.9918315611658722,-0.9979558009165216,-0.06390789792399577,0.7293517319935546,-0.6841389120916908,0.9176434253269868,0.39740476085995075,0,0,0,1,99,8
1701654960,12,4,0,596,019.3,5.8,094,1,0,0,0,0,0,0,-0.7849430371582153,0.6195679368857272,0.43613762914604876,-0.8998799744648526,-0.9746486480944947,-0.22374095013558368,-0.7822215000035424,0.6230004212937645,-0.4341656243337532,0.9008330648055067,-0.22267345507995925,0.9748930876782097,0.11204220705116075,-0.9937034486400381,-0.998424621250908,-0.05610949723514686,0.7266737566594609,-0.6869827154903001,0.9184178557416826,0.3956117316951685,0,0,0,1,99,7
1701655020,12,4,0,597,019.3,5.8,094,1,0,0,0,0,0,0,0.09724190905490493,0.9952607754369492,-0.04867866351416559,-0.998814491143613,-0.9997035788531551,0.024346548588937242,-0.6984459361364568,0.715662821651697,-0.37705250188024414,0.9261918866119744,-0.19210428598553647,0.9813745173510403,0.09650254568911575,-0.9953327376689265,-0.9988325028924836,-0.048307671911785734,0.7239846931778965,-0.6898160363778933,0.9191887826714089,0.39381719339187476,0,0,0,1,99,7
1701655140,12,4,0,599,019.3,5.8,094,1,0,0,0,0,0,0,0.864521149292347,-0.5025964409207844,-0.866774607646297,-0.4987000897730096,-0.8656500706905215,0.5006495332200912,-0.4996751278480393,0.8662128875802101,-0.2586378862616515,0.9659743494472848,-0.13043322152104356,0.9914570967639711,0.06535634336477557,-0.9978619886447151,-0.9994653542381334,-0.0326956522743077,0.7185734660681216,-0.6954510578486787,0.9207201143259223,0.39022361675795675,0,0,0,1,99,5
1701655260,12,4,0,601,019.3,5.8,094,1,0,0,0,0,0,0,-0.816777391867125,-0.576952937538875,-0.8879619748443272,0.4599168742616023,-0.519655234621185,0.8543760513560765,-0.26983694024718285,0.9629060315929266,-0.13618731293162617,0.9906831056379549,-0.06825281811780774,0.9976680574314172,0.034146321680254645,-0.9994168443225823,-0.9998542004518914,-0.017075650462248376,0.7131183809376422,-0.7010436325713798,0.9222373969242897,0.38662408579175467,0,0,0,1,99,4
1701655320,12,4,0,602,019.3,5.6,094,1,0,0,0,0,0,0,-0.9267958647454188,0.3755654737736039,-0.5587640495890891,0.8293266768209027,-0.29212439403368673,0.9563803314636136,-0.1476815298816789,0.9890349668903556,-0.07404401768422757,0.9972549741391004,-0.0370474416181442,0.9993135078990728,0.01852690072471944,-0.9998283622450087,-0.9999570896406027,-0.00926384787740154,0.7103744955575902,-0.7038238956310728,0.9229907625840772,0.38482210459440036,0,0,0,1,99,3
1701655380,12,4,0,603,019.4,5.5,094,1,0,0,0,0,0,0,-0.18472249371488758,0.9827907205075521,-0.09276119741693704,0.9956883851154316,-0.046430673506683055,0.9989215147136015,-0.02322159863573769,0.9997303423207684,-0.011611582132328728,0.9999325833076869,-0.0058058889204457365,0.9999831456848878,0.0029029566920853495,-0.9999957864123448,-0.9999989466025314,-0.001451479875027901,0.7076197707367382,-0.7065934192040612,0.9237406073146458,0.38301865541768254,0,0,0,1,99,3
1701655440,12,4,0,604,019.4,5.6,094,1,0,0,0,0,0,0,0.7271838861456853,0.6864427111784778,0.39595283104274065,0.9182708508872743,0.20214988141565363,0.9793545963764285,0.1016006978902495,0.9948252601277343,0.050866196399306694,0.9987054771372125,0.025441333129256026,0.9996763168989281,-0.012721696055790868,-0.9999190759503811,-0.9999797687829443,0.006360976718196107,0.7048542485087977,-0.7093521610308227,0.9244869282555656,0.3812137451412117,0,0,0,1,99,3
1701655560,12,4,0,606,019.4,5.5,094,1,0,0,0,0,0,0,0.3215653171302501,-0.9468873992291383,0.9866325048439105,0.1629610394708834,0.6469308156708554,0.7625486999106625,0.3445658863623454,0.9387621370482149,0.17498266050066957,0.984571515190292,0.08783076001523608,0.9961354112745646,-0.043957870315993346,-0.9990333856469874,-0.9997583172064605,0.02198424837255722,0.699290980789629,-0.7148371312307991,0.925968987393962,0.3775995688352947,0,0,0,1,99,3
1701655620,12,4,0,607,019.5,5.5,094,1,0,0,0,0,0,0,-0.6230357899988372,-0.7821933292866443,0.9439791653650637,-0.33000505353202975,0.8154768707731783,0.5787896623420162,0.458917387804158,0.8884789424465883,0.23613667393419815,0.9717198522327791,0.11891204263492582,0.9929047920704127,-0.059561765964363605,-0.9982246220341424,-0.9995560569658268,0.029794109869717856,0.6964933201870217,-0.7175632759101171,0.9267047199378335,0.3757903165928327,0,0,0,1,99,3
1701655680,12,4,0,608,019.5,5.4,094,1,0,0,0,0,0,0,-0.9948206650797496,0.10164568033263627,0.6702068037805061,-0.7421744001016999,0.933320523748862,0.35904428689111606,0.5661076368981803,0.8243313311075577,0.2963685787093853,0.9550736440472949,0.14987720966295234,0.9887046181866692,-0.0751511204618093,-0.9971721561963784,-0.999292788975378,0.03760215288797655,0.6936850319532718,-0.7202784714566918,0.9274369173848677,0.37397963082453317,0,0,0,1,99,2
1701655740,12,4,0,609,019.5,5.4,094,1,0,0,0,0,0,0,-0.451972008536893,0.8920321202171627,0.23234444235104618,-0.9726335692893708,0.9931348270223361,0.11697527668406932,0.6644639656580071,0.7473203050513445,0.3554431705270587,0.9346978937205712,0.1806960241392001,0.9835389910218535,-0.09072212789101262,-0.9958762450781355,-0.9989685293036351,0.04540790086463162,0.6908661589394028,-0.7229826764399793,0.9281655769419537,0.3721675184376121,0,0,0,1,99,1
1701655860,12,4,0,611,019.5,5.2,094,1,0,0,0,0,0,0,0.9992092331198094,0.03976063943301937,-0.6929066894492291,-0.7210272669715825,0.9276387408284494,-0.3734787363615347,0.8286973924061589,0.5596969106750838,0.46920309532489035,0.883090287194657,0.24177439153614155,0.9703324912612833,-0.12179390119935532,-0.9925554118691015,-0.998137117802234,0.06101060617179,0.6851968307822979,-0.7283579498336618,0.9296122712813288,0.3685390414639528,0,0,0,1,99,1
1701655920,12,4,0,612,019.5,5.1,094,1,0,0,0,0,0,0,0.5733324771196631,-0.8193228122540169,-0.9537617134939987,-0.3005637933500832,0.8064005807754863,-0.5913696841443247,0.8920116826993705,0.45201234267200896,0.523444198233198,0.8520599575945371,0.2719743024675887,0.9623045145884273,-0.13728708135067327,-0.9905313005121108,-0.9976300167176484,0.06880661119358068,0.6823464621460344,-0.7310289362239981,0.9303303005449188,0.3667226907187513,0,0,0,1,99,3
1701655980,12,4,0,613,019.4,5.1,094,1,0,0,0,0,0,0,-0.37966351428611655,-0.9251246488554479,-0.9811026064728011,0.19348817941227325,0.6350243383476443,-0.7724921292195388,0.9414064290250888,0.33727427324097903,0.5756412627492147,0.8177023520942627,0.3019086351081543,0.9533368638876456,-0.15274674483005257,-0.9882653651443133,-0.9970620254388173,0.07659841661446647,0.6794856817422769,-0.7336887680121819,0.9310447808811835,0.364904941037949,0,0,0,1,99,1
1701656100,12,4,0,615,019.5,5.0,094,1,0,0,0,0,0,0,-0.683217692274733,0.7302147526329418,-0.3672773116917639,0.9301114859609416,0.18693383059127952,-0.9823725072397287,0.995583373515179,0.09388155505814576,0.6730967407965419,0.7395544452770687,0.3608639319209744,0.9326184764621246,-0.1835504338565772,-0.9830102940615943,-0.9957435146817665,0.09216752665230203,0.6737330603984407,-0.7389748056098739,0.9324630838831836,0.3612652726115022,0,0,0,1,99,1
1701656160,12,4,0,616,019.5,4.9,094,1,0,0,0,0,0,0,0.24531043247334874,0.9694445789831095,0.12360303600011291,0.9923317436681922,-0.06192033725605731,-0.9980810948185003,0.9995201585807313,-0.03097503173121646,0.7179745927716441,0.6960693098638897,0.3898273272463786,0.9208879708911095,-0.1988869391248336,-0.9800224412969096,-0.9949930756786476,0.09994388101102124,0.6708413072362862,-0.7416009307609522,0.9331669011385242,0.35944336775008645,0,0,0,1,99,1
1701656220,12,4,0,617,019.5,4.7,094,1,0,0,0,0,0,0,0.9483012769124547,0.3173715302389422,0.584221049672578,0.811594581746004,-0.3069245984390922,-0.9517338340486808,0.9878597658698022,-0.15534826351028058,0.7600487693267718,0.6498660386917136,0.4184100628022027,0.9082582338442392,-0.2141748889993418,-0.9767953301086771,-0.9941819074265729,0.10771413531037331,0.6679393178611462,-0.7442157399942483,0.9338671586457702,0.35762009172147446,0,0,0,1,99,1
1701656340,12,4,0,619,019.5,4.7,094,1,0,0,0,0,0,0,-0.10604746068673451,-0.9943610692710649,0.9985892722413617,-0.0530986380660329,-0.7256371814019844,-0.6880775254046476,0.9187158226036622,-0.39491927947072447,0.8351404910165487,0.5500366899258974,0.4743223113422468,0.8803512622600985,-0.24459020599760484,-0.969626542092392,-0.9923775849172511,0.12323444710714614,0.6621048077505758,-0.749411251285683,0.9352569837444902,0.3539694539888414,0,0,0,1,99,1
1701656520,12,4,0,622,019.6,4.6,094,1,0,0,0,0,0,0,-0.03533805174655298,0.9993754159967905,0.01767178546737087,-0.9998438418065069,-0.9999609596895538,-0.008836237703148543,0.7102239920275675,-0.7039757674440404,0.9230318974564314,0.3847234282935987,0.5546514994599768,0.8320827567897314,-0.28975614161762697,-0.9571005059004335,-0.9892169898208465,0.14645732159842081,0.6532773830470404,-0.7571186570143483,0.9373149569419951,0.3484833876855909,0,0,0,1,99,1
1701656580,12,4,0,623,019.6,4.6,094,1,0,0,0,0,0,0,0.8218521846480703,0.5697007868953616,-0.46384222161454775,-0.885917825448659,-0.9710607152615791,0.23883276005537946,0.6169145969843073,-0.7870301010937827,0.9452592504423807,0.32632031725454774,0.5803790497362272,0.8143464610516054,-0.3046748586184907,-0.9524564192265191,-0.9880426152819825,0.1541810312157123,0.6503149117098145,-0.7596647389525567,0.9379938003400013,0.346652030895135,0,0,0,1,99,1
1701656700,12,4,0,625,019.6,4.6,094,1,0,0,0,0,0,0,0.17601627283386595,-0.9843872569764778,-0.9960891669364942,-0.08835367288212255,-0.7376834256244756,0.6751467718644137,0.40302185308962235,-0.9151903550257765,0.9785679217677679,0.20592431252067284,0.6301093902963704,0.7765063787634564,-0.33428552259748223,-0.9424718507105282,-0.9855130264766997,0.16959974836283187,0.6443602453741106,-0.7647220895079571,0.9393407500763387,0.3429853571889352,0,0,0,1,99,1
1701656760,12,4,0,626,019.6,4.6,094,1,0,0,0,0,0,0,-0.7332313164778873,-0.6799792912553325,-0.9165094902005468,0.4000129427560235,-0.5477166499404489,0.8366638939132081,0.2857762289683941,-0.958296377409726,0.9895191704584925,0.14440156264783635,0.6540636197466435,0.7564395424116314,-0.348970240556676,-0.9371338064576561,-0.9841579666033436,0.17729381481363626,0.6413681412365148,-0.7672332809562018,0.9400088512764658,0.341150054260437,0,0,0,1,99,2
1701656820,12,4,0,627,019.6,4.5,094,1,0,0,0,0,0,0,-0.9683494148893343,0.2495984989607987,-0.6125363258775766,0.7904424390683988,-0.323695505785608,0.946161307354195,0.1640711623744481,-0.9864485053347172,0.9966063679644831,0.08231492776308211,0.6773791671718721,0.7356340556836266,-0.3635697624365738,-0.9315669744263229,-0.9827428388002435,0.18497706016379048,0.6383662506101844,-0.769732765368537,0.9406733666285383,0.3393134499481733,0,0,0,1,99,1
1701656880,12,4,0,628,019.7,4.4,094,1,0,0,0,0,0,0,-0.31317152702365525,0.9496965803148245,-0.15859290602857282,0.987344058653017,-0.0795485428747221,0.9968309933617175,0.039805820166669656,-0.9992074342602034,0.9998018389311463,0.01990685484696882,0.7000332653356665,0.7141102347841574,-0.378080523973295,-0.9257727136787294,-0.9812677294395066,0.19264901546759924,0.6353546193002774,-0.7722205046059057,0.941334293597632,0.33747555125823137,0,0,0,1,99,1
1701656940,12,4,0,629,019.6,4.5,094,1,0,0,0,0,0,0,0.6299348185230796,0.7766480054775746,0.3341795883371884,0.9425094178515073,0.16954436314500793,0.9855225562744638,-0.08508067855140847,-0.9963740653676368,0.999093105112741,-0.042578953911311244,0.722003792895616,0.6918890973590669,-0.3924989825725241,-0.9197524388005358,-0.9797327285542052,0.20030921246845357,0.6323332932605821,-0.7746964607084679,0.9419916296625114,0.3356363652016361,0,0,0,1,99,1
1701657060,12,4,0,631,019.6,4.2,094,1,0,0,0,0,0,0,0.4440586509707787,-0.8959977201410795,0.9736523301828737,0.22803758446681607,0.6212738589113436,0.7835935121179909,-0.3289426149665083,-0.9443499118753576,0.9859893285110538,-0.16680840525081836,0.763809009259127,0.645442326915884,-0.421044934112807,-0.9070397805267099,-0.9764834306138301,0.21559246215172986,0.6262617415459251,-0.7796128725693702,0.9432955190631858,0.3319541590571128,0,0,0,1,99,1
1701657120,12,4,0,632,019.6,4.2,094,1,0,0,0,0,0,0,-0.514030170892537,-0.8577721045896685,0.9637873480674221,-0.2666719852274808,0.7958240965274552,0.6055278749869898,-0.4441126687075084,-0.8959709467909631,0.9736454556949781,-0.22806693448309956,0.7836028759783554,0.6212620483809149,-0.43516545796919887,-0.9003505007442698,-0.9747693318791554,0.22321458202336397,0.6232116085153726,-0.782053253309314,0.943942067425039,0.330111153015682,0,0,0,1,99,1
1701657180,12,4,0,633,019.6,4.1,094,1,0,0,0,0,0,0,-0.9995220242088421,-0.030914771897250545,0.7179536098861996,-0.6960909524274645,0.9208938463328616,0.38981344741589885,-0.552352492790655,-0.8336106547471364,0.9574995182106194,-0.28843486721690187,0.8026315677871454,0.5964751179986882,-0.4491797424201762,-0.893441413299912,-0.9729957382486092,0.2308230780274018,0.6201519660424364,-0.7844817008788038,0.9445850149348135,0.32826688770053875,0,0,0,1,99,1
1701657240,12,4,0,634,019.6,4.1,094,1,0,0,0,0,0,0,-0.5660579379995188,0.8243654595067245,0.2963397884973224,-0.955082577452527,0.9887068770501516,0.1498623077152374,-0.651973040962877,-0.7582421472442815,0.9376145655983277,-0.34767646796678553,0.8208765034908678,0.5711057397860814,-0.46308436607918363,-0.8863142049482455,-0.9711627579732054,0.23841748578046287,0.6170828608134961,-0.7868981782227173,0.9452243591398598,0.3264213701469947,0,0,0,1,99,1
1701657300,12,4,0,635,019.6,4.1,094,1,0,0,0,0,0,0,0.38783720589663306,0.9217278891963141,-0.19782834832713678,-0.9802366778478334,0.9950469028764004,-0.09940654443286578,-0.7414197678889017,-0.6710415246343308,0.9140682481725122,-0.40556039954960427,0.8383198672194296,0.5451786865103935,-0.4768759343317749,-0.8789706156949713,-0.9692705029286126,0.24599734175904098,0.6140043396593216,-0.7893026484685837,0.9458600976012741,0.3245746073951383,0,0,0,1,99,1
1701657420,12,4,0,637,019.5,3.8,094,1,0,0,0,0,0,0,0.6767275715505089,-0.7362335185953917,-0.9317278354206747,-0.36315732224795383,0.8255777741218431,-0.5642883472800259,-0.8843891528281048,-0.46675028265656904,0.8563732488397127,-0.5163572974905221,0.8707345455104334,0.49175334391820763,-0.5041064649862133,-0.8636415182001753,-0.9653086341166165,0.26111154876778686,0.6078192376160092,-0.794075421092917,0.9471207476063749,0.3208773744805662,0,0,0,1,99,1
1701657480,12,4,0,638,019.5,3.7,094,1,0,0,0,0,0,0,-0.2538816765877605,-0.967235283833767,-0.9917749956098326,0.12799358610147818,0.6603053891566091,-0.7509971990964674,-0.9356808214066555,-0.3528475597928464,0.8224498646704389,-0.5688376043332375,0.8856742076896101,0.46430722354210824,-0.5175387794445416,-0.8556597523379571,-0.9632392621612652,0.2686449773046603,0.6047127511039186,-0.796443650644746,0.9477456543410647,0.3190269184216702,0,0,0,1,99,1
1701657540,12,4,0,639,019.5,3.6,094,1,0,0,0,0,0,0,-0.9510732821065815,-0.30896538974942617,-0.8090010475115055,0.5878072006408963,0.4539784132307965,-0.8910126824689131,-0.9723715037137074,-0.23343876877147773,0.7853148313802172,-0.6190966125042691,0.8997490240351109,0.4364077150416402,-0.5308447442324167,-0.8474690894190892,-0.96111109904607,0.27616200913676636,0.6015970374192486,-0.7987997274463626,0.9483669457141478,0.3171752453720478,0,0,0,1,99,2
1701657660,12,4,0,641,019.6,3.4,094,1,0,0,0,0,0,0,0.11484470379581474,0.9933834576889489,0.057517572580260974,0.9983444940722989,-0.028770696269825667,-0.999586037835738,-0.9998965041032342,0.014386837113521522,0.702001838632378,-0.7121751319421092,0.9252500018757388,0.3793579233770469,-0.5570646625944573,-0.8304691214539668,-0.9566789224849597,0.29114504851193435,0.5953381188400696,-0.8034752791816107,0.9495986729091429,0.31346827655951837,0,0,0,1,99,2
1701657720,12,4,0,642,019.7,3.3,094,1,0,0,0,0,0,0,0.8979542147110153,0.44008888679756925,0.5291082654818533,0.8485543255436181,-0.27517782837320115,-0.9613933444599089,-0.9903013037606052,0.13893641628473632,0.6561492146285263,-0.7546311735824118,0.9366512620987631,0.3502633483663315,-0.5699722149516012,-0.8216639667060773,-0.9543751795562575,0.2986101415674982,0.5921950094489575,-0.8057946827720751,0.9502091040323901,0.31161299493757066,0,0,0,1,99,2
1701657780,12,4,0,643,019.7,3.2,094,1,0,0,0,0,0,0,0.8554887617489377,-0.51782137704161,0.8711548016976116,0.49100846375515256,-0.5044757359104833,-0.8634258693585549,-0.9652527827876372,0.2613179391483152,0.6077343419832735,-0.7941403966391318,0.9471378982595755,0.3208267471400009,-0.5827406167670137,-0.8126582144850321,-0.9520131864856264,0.3060570089991143,0.5890428638906025,-0.8081017909270819,0.9508159103967186,0.3097565246067612,0,0,0,1,99,2
1701657840,12,4,0,644,019.8,3.1,094,1,0,0,0,0,0,0,0.026490886523445938,-0.9996490548843638,0.9999122598719259,0.01324660552058789,-0.702407785577371,-0.7117747556357236,-0.9251418149764185,0.37962168297153187,0.5569462797382114,-0.8305485184417379,0.9566996703359257,0.2910768640396056,-0.5953667508185162,-0.8034540634160753,-0.9495930874369493,0.3134851962883771,0.5858817302628675,-0.8103965684429991,0.9514190896873468,0.30789887264895993,0,0,0,1,99,1
1701657900,12,4,0,645,019.8,3.0,094,1,0,0,0,0,0,0,-0.8268625876027196,-0.5624040017842467,0.8838563236703821,-0.46775848373693524,-0.8566675211938805,-0.5158689350324677,-0.8705943185641828,0.49200155739973644,0.5039833541895326,-0.8637133660537321,0.9653272414196473,0.2610427493211293,-0.6078475346165643,-0.7940537605606843,-0.9471150301205985,0.3208942500570208,0.5827116568007624,-0.8126789803043453,0.9520186396033287,0.3060400461505444,0,0,0,1,99,1
1701657960,12,4,0,646,019.7,2.9,094,1,0,0,0,0,0,0,-0.920002411959138,0.39191269689736824,0.551401533867395,-0.8342399825282195,-0.9576638195442646,-0.2878888826194756,-0.8024614889885606,0.5967039120788988,0.4490523844280872,-0.8935054314549238,0.9730121868339892,0.2307537307879076,-0.6201799211567932,-0.784459600867982,-0.9445791657844201,0.32828371809459106,0.5795326918757081,-0.8149489916843234,0.9526145578575638,0.3041800522023728,0,0,0,1,99,1
1701658020,12,4,0,647,019.7,2.8,094,1,0,0,0,0,0,0,-0.1672962615688254,0.9859066694495454,0.08394441777287699,-0.9964704384600542,-0.9991172199647183,-0.04200929385234764,-0.7218065162674647,0.6920949017828597,0.39236787471526025,-0.9198083772674773,0.9797470023601699,0.20023938515252526,-0.6323608996639003,-0.774673926614458,-0.941985649204503,0.33565314938604557,0.5763448839947981,-0.817206567945353,0.9532068421768051,0.3023188978997567,0,0,0,1,99,1
1701658080,12,4,0,648,019.7,2.7,094,1,0,0,0,0,0,0,0.7392213001816264,0.6734625968513661,-0.4040652194563607,-0.9147301779353751,-0.9784503507933796,0.20648222933781113,-0.6298879942744539,0.7766859820216312,0.33415117684842055,-0.9425194910508831,0.9855251115651197,0.16952950915565845,-0.6443874963266829,-0.7646991268321347,-0.9393346386757316,0.3430020941392817,0.5731482818000584,-0.8194516746395976,0.9537954903016678,0.30045659034243405,0,0,0,1,99,1
1701658140,12,4,0,649,019.7,2.6,094,1,0,0,0,0,0,0,0.9661022076387795,-0.25815988146006835,-0.7931455986954944,-0.6090320675218718,-0.8969481778569685,0.4421356875881703,-0.5281402808022835,0.8491571372803064,0.2746296257868892,-0.961550086391839,0.9903408722232561,0.13865409047006316,-0.6562567750240514,-0.7545376367253204,-0.936626296002125,0.3503301038125896,0.5699429340677058,-0.8216842775094914,0.9543804999866383,0.2985931366345421,0,0,0,1,99,1
1701658200,12,4,0,650,019.8,2.3,094,1,0,0,0,0,0,0,0.3047532008014393,-0.9524313553224073,-0.9880362734541701,-0.15422166624309427,-0.7596781115193113,0.6502992902336991,-0.4181511148892831,0.9083774794196792,0.2140356519137885,-0.9768258492227975,0.9941895818260211,0.10764327841812157,-0.6679658380418412,-0.7441919370760884,-0.9338607864869604,0.35763673114202876,0.5667288897074029,-0.8239043424882614,0.9549618690000825,0.2967285438845904,0,0,0,1,99,1
1701658320,12,4,0,652,019.7,2.0,094,1,0,0,0,0,0,0,-0.9928654610638965,0.11923999424008805,-0.6636113342009432,0.7480775341634341,-0.35491017584493534,0.9349004048997503,-0.1804156244623088,0.9835904648022342,0.09058017221711874,-0.995889166725453,0.9989717630457462,0.04533670298194944,-0.690891922451714,-0.7229580565226276,-0.9281589455806122,0.3721840562660983,0.5602749074043482,-0.8283067234624195,0.9561136761553041,0.2929959697142441,0,0,0,1,99,2
1701658380,12,4,0,653,019.7,1.9,094,1,0,0,0,0,0,0,-0.43611050264796214,0.8998931211428065,-0.22372626003354357,0.9746520202469203,-0.11257881628681225,0.9936427980534354,-0.056379082763754744,0.998409434564156,0.0282007573997934,-0.9996022795502609,0.9999005649439,0.014101780911272722,-0.7021033467690947,-0.7120750595657992,-0.925222962200409,0.37942386616698276,0.5570350679414255,-0.8304889722828903,0.9566841099032873,0.29112800253248544,0,0,1,0,99,2
1701658500,12,4,0,655,019.7,1.7,094,1,0,0,0,0,0,0,0.999756505535219,0.022066482275333348,0.6992615811428033,0.7148658903162654,0.37758052762538924,0.9259767519533807,0.19238405345378726,0.9813197113972033,-0.09664442198801937,-0.9953189718369693,0.9988290574059631,-0.04837885986167266,-0.7240092747547067,-0.6897902362814101,-0.9191817655614721,0.39383357127001617,0.5505299395718565,-0.834815420098963,0.9578140268598501,0.2873887436044051,0,0,1,0,99,1
1701658560,12,4,0,656,019.7,1.7,094,1,0,0,0,0,0,0,0.5587390498188232,-0.829343520025061,0.9563847343054627,0.2921099792671752,0.5949327780232085,0.803775459710974,0.31322878243308516,0.9496776978825432,-0.158622668804709,-0.9873392775238264,0.9968297942787993,-0.07956356727854007,-0.7346984304047954,-0.6783938504738453,-0.9160769210262436,0.40100258697803604,0.5472647499254653,-0.8369595530782943,0.9583735057581397,0.28551746612221973,0,0,1,0,99,1
1701658680,12,4,0,658,019.7,1.9,094,1,0,0,0,0,0,0,-0.9866374167508005,-0.16293129799798153,0.7625389491684939,-0.6469423088661069,0.9074531141789384,0.4201533595806971,0.5384452806085791,0.8426604771735462,-0.2804813031437691,-0.9598594889809514,0.9899140086343236,-0.14166952922038076,-0.7555360776363961,-0.6551070411694638,-0.9096996870312377,0.41526675693494663,0.5407093688225928,-0.8412094735958894,0.9594814937235343,0.2817716508133054,0,0,1,0,99,1
1701658740,12,4,0,659,019.7,2.0,094,1,0,0,0,0,0,0,-0.6701844311086327,0.7421946027152168,0.3590302196784995,-0.933325935221779,0.9831901991023352,0.18258431583548054,0.6393026216763542,0.7689552379155371,-0.3398858353068445,-0.9404667027374061,0.9850042392643308,-0.17253013832747296,-0.7656794820051903,-0.6432223028131592,-0.9064276868049539,0.4223610405724235,0.5374192773931619,-0.8433151962855951,0.960029998564002,0.2798971272757233,0,0,0,1,99,2
1701658860,12,4,0,661,019.7,2.0,094,1,0,0,0,0,0,0,0.9537707733618594,0.30053504268341247,-0.5913818382891833,-0.8063916674555276,0.9503661577138381,-0.3111336791031087,0.809670821724208,0.5868842819913016,-0.45448636833721334,-0.8907536926646169,0.9723049142796247,-0.23371596793478092,-0.7854030710198365,-0.6189846654260585,-0.8997179184127819,0.43647184019930857,0.5308145437912809,-0.8474880058736255,0.9611160194985894,0.2761448841879698,0,0,0,1,99,2
1701658980,12,4,0,663,019.7,2.1,094,1,0,0,0,0,0,0,-0.12363294914268595,-0.9923280172837418,-0.9980801614308696,0.0619353805036276,0.6848593357385049,-0.728675298230847,0.9296976116541461,0.368323703940673,-0.5619947935965809,-0.8271407691380811,0.9558087594121748,-0.2939891416888716,-0.8043597272641364,-0.5941426000175077,-0.8927884967945957,0.4504760814862939,0.5241774120055661,-0.8516090891618918,0.9621873749852187,0.2723884274690357,0,0,0,1,99,2
1701659040,12,4,0,664,019.7,2.0,094,1,0,0,0,0,0,0,-0.9018144014592891,-0.43212357644616434,-0.8462043418838514,0.5328585288581931,0.48329156372825655,-0.875459459043705,0.9683644611001854,0.24954011797333814,-0.6125601529754697,-0.7904239741978156,0.9461564284508708,-0.3237097664592346,-0.8135446412026923,-0.5815024649736085,-0.889241942604376,0.45743717329617606,0.5208468233098019,-0.8536501547168418,0.9627175480681864,0.27050863690754695,0,0,0,1,99,2
1701659100,12,4,0,665,019.7,2.0,094,1,0,0,0,0,0,0,-0.8508718520044145,0.5253732877360419,-0.4871481870355047,0.8733193252573889,0.25167506307003396,-0.9678117909122075,0.9919203070086345,0.12686254192588234,-0.6607334780658982,-0.7506205905535374,0.9355801917937172,-0.3531142941360932,-0.8225309398849666,-0.5687203644428019,-0.8856411136693016,0.46437034549871836,0.5175082871323327,-0.8556781946207109,0.9632440486763235,0.26862781443782874,0,0,0,1,99,2
1701659160,12,4,0,666,019.7,2.2,094,1,0,0,0,0,0,0,-0.01764164581327013,0.9998443740567825,-0.008821166113885877,0.9999610927573088,0.004410625958475234,-0.9999902731420214,0.9999975682825487,0.0022053183419487145,-0.7063266530643069,-0.707886049566577,0.9240903769563281,-0.38217401169717374,-0.8313164294350177,-0.5557994189916117,-0.8819862297654119,0.47127517492882454,0.5141618544151129,-0.8576931779281052,0.9637668748011899,0.2667459672346471,0,0,0,1,99,1
1701659220,12,4,0,667,019.7,2.1,094,1,0,0,0,0,0,0,0.8318082081799767,0.5550631538882909,0.4716655839213357,0.8817775098879226,-0.24312804251266182,-0.9699942035620426,0.9924702019612586,-0.12248631849712321,-0.7491616375980297,-0.662387228704961,0.9116982035479069,-0.4108605428214292,-0.8398989650015737,-0.5427427830835574,-0.8782775139679819,0.47815124015129495,0.5108075762205887,-0.8596950738928585,0.9642860244483632,0.26486310247667705,0,0,0,1,99,1
1701659280,12,4,0,668,019.8,2.2,094,1,0,0,0,0,0,0,0.9164974316526442,-0.40004057016021116,0.8366721491002945,0.5477040395322044,-0.47555018687189876,-0.8796885924951523,0.9694556700786149,-0.24526659730265726,-0.78907116196914,-0.6143017998904703,0.8984157723154882,-0.43914587559803503,-0.8482764512816665,-0.5295536443090374,-0.8745151926379088,0.48499812148654897,0.5074455037309183,-0.8616838519685015,0.964801495637445,0.26297922734647544,0,0,0,1,99,1
1701659340,12,4,0,669,019.7,2.2,094,1,0,0,0,0,0,0,0.15856314310832614,-0.9873488388850257,0.9968321922181852,0.07953351845283306,-0.6784049239013403,-0.7346882054493705,0.9313131067072369,-0.36421957288882034,-0.82589938033904,-0.5638175356935875,0.8842560533277641,-0.4670023898795447,-0.8564468430321711,-0.5162352226071247,-0.8706994954078947,0.49181540103624005,0.5040756882471917,-0.8636594818087276,0.9653132864020695,0.26109434903045325,0,0,0,1,99,1
1701659460,12,4,0,671,019.9,2.2,094,1,0,0,0,0,0,0,-0.9637793089749802,0.2667010378527043,0.6055158801168206,-0.7958332230601788,-0.9475846197201016,-0.31950491149575566,0.8122514732198877,-0.5833074183071241,-0.8897492394790579,-0.45644965861137193,0.8533609021426315,-0.5213206025991243,-0.8721584152546842,-0.48922356719646887,-0.8629089080535873,0.5053594922446452,0.49731303409188604,-0.8675711764012926,0.9663258188626889,0.2573216116056981,0,0,0,1,99,1
1701659520,12,4,0,672,019.9,2.2,094,1,0,0,0,0,0,0,-0.2963109980159809,0.9550915099898928,0.14984740573347818,-0.9887091356890289,-0.9971732887740798,-0.07513609089835323,0.7331903200732922,-0.6800234955873388,-0.9165215479156338,-0.39998531498835127,0.836655638536056,-0.5477292602242684,-0.8796957599716702,-0.47553692799599256,-0.858934493426592,0.5120854772418407,0.4939202986100892,-0.8695071814659844,0.9668265566961802,0.2554337668888117,0,0,0,1,99,1
1701659580,12,4,0,673,019.9,2.1,094,1,0,0,0,0,0,0,0.6435842780107317,0.7653752524725406,-0.3425089396843968,-0.9395145694646093,-0.9847625524624222,0.1739043279153665,0.6426879772038036,-0.766128033658659,-0.9397148593213419,-0.3419590372700662,0.8191333948967244,-0.5736030695219185,-0.8870183395854673,-0.46173419327470294,-0.8549076538652297,0.5187802071808914,0.4905200265122254,-0.8714299189208766,0.9673236063802219,0.25354494776974296,0,0,0,1,99,1
1701659640,12,4,0,674,019.9,2.1,094,1,0,0,0,0,0,0,0.9917711368753414,-0.12802348245924622,-0.7510071512506543,-0.660294069919136,-0.9111240502585628,0.41213221791123295,0.542156703402608,-0.8402774000028898,-0.9592386043114846,-0.28259741682923273,0.8008112813981934,-0.598916765156381,-0.8941243663932834,-0.4478187327723233,-0.8508286351470322,0.5254432734499875,0.48711226968226357,-0.8733393594273613,0.9678169660187202,0.25165516145376265,0,0,0,1,99,1
1701659700,12,4,0,675,019.9,2.1,094,1,0,0,0,0,0,0,0.428128186283695,-0.9037180180285407,-0.9756326199006828,-0.21941055349670321,-0.7808362675672484,0.6247357227273372,0.43316525557381835,-0.9013145185581272,-0.9750165430796872,-0.22213225952332183,0.7817071892733627,-0.6236456287334492,-0.9010121055605882,-0.43379394374895947,-0.8466976862342779,0.5320742693699069,0.48369708011838003,-0.8752354738497254,0.9683066337296583,0.24976441514983128,0,0,0,1,99,1
1701659760,12,4,0,676,019.9,2.1,094,1,0,0,0,0,0,0,-0.5291338443628917,-0.848538375531565,-0.9613891968218607,0.2751923186322931,-0.6019998676776046,0.7984961861625556,0.31741440880766936,-0.9482869255037094,-0.9869870631127111,-0.16079968049764676,0.7618397733439909,-0.6477655129374955,-0.907679875544648,-0.4196632501557079,-0.8425150592587969,0.538672790218836,0.4802745099321658,-0.8771182332555959,0.9687926076451028,0.24787271607057126,0,0,0,1,99,1
1701659820,12,4,0,677,019.9,2.1,094,1,0,0,0,0,0,0,-0.9999126587279824,-0.01321646380607935,-0.7117641687406298,0.7024185134924622,-0.38573403175474275,0.9226100241956138,0.19671041635407388,-0.9804616321395789,-0.9951034197859987,-0.09883918216077345,0.7412284338045774,-0.6712528651109158,-0.9141260485050504,-0.4054301017987467,-0.8382810095065815,0.5452384332570721,0.47684461134783096,-0.8789876089163806,0.9692748859112106,0.2459800714322396,0,0,0,1,99,1
1701659880,12,4,0,678,019.9,2.0,094,1,0,0,0,0,0,0,-0.5513763859920506,0.83425660379187,-0.2878744485084861,0.9576681585475916,-0.1454851220097925,0.989360439513222,0.07293682364477497,-0.997336562929792,-0.9993339189004324,-0.03649271893274041,0.7198932972784023,-0.6940847502528994,-0.9203490507011184,-0.3910979734971153,-0.8339957954022056,0.5517707977516048,0.473407436701408,-0.8808435723077068,0.9697534666882369,0.24408648845470035,0,0,0,1,99,1
1701659940,12,4,0,679,019.9,2.0,094,1,0,0,0,0,0,0,0.40409279322248953,0.9147179972350201,0.20649697669091896,0.9784472385455999,0.10380934797598938,0.9945972145913138,-0.051974923803148484,-0.9986483902233343,-0.999662040447504,0.025996247581773553,0.6978551971642206,-0.7162388734150686,-0.9263473628761159,-0.3766703642343869,-0.8296596784930514,0.5582694850005744,0.4699630384399531,-0.8826860951098568,0.9702283481505415,0.24219197436139703,0,0,0,1,99,2
1701660060,12,4,0,681,019.9,2.0,094,1,0,0,0,0,0,0,0.6635887835859072,-0.7480975379581034,0.9349057540624358,0.3548960848205405,0.5679365788446187,0.8230723190645342,-0.29742871493474354,-0.9547440282778767,-0.9886212693134506,0.15042601457547708,0.6517568509131771,-0.7584279842461896,-0.9376641147677002,-0.34754281445155094,-0.8208357979680074,0.5711642432560222,0.46305278141048767,-0.8863307066936196,0.9711670058989905,0.23840018173900415,0,0,0,1,99,1
1701660120,12,4,0,682,019.9,2.0,094,1,0,0,0,0,0,0,-0.27096382207826836,-0.9625895320045489,0.9906032333897737,-0.13676707936387883,0.7539121564757657,0.6569752356961871,-0.4141405343019522,-0.9102129519228418,-0.9772954906073296,0.2118809194773779,0.6277416190291282,-0.7784217749643756,-0.9429797916616176,-0.3328499850049752,-0.8163485729163049,0.5775595272329186,0.45958702808449753,-0.8881327398629437,0.9716307786044408,0.23650291767445097,0,0,0,1,99,1
1701660180,12,4,0,683,019.9,2.1,094,1,0,0,0,0,0,0,-0.9563935393373727,-0.29208114953507913,0.803766492687733,-0.594944892601374,0.8930131277314388,0.45003061418009443,-0.5243898291442662,-0.8514783068816535,-0.962153393924704,0.2725084339230132,0.6031134081070436,-0.7976554500293386,-0.9480652535636296,-0.3180758950082994,-0.8118115221553275,0.5839195599531243,0.45611426202590716,-0.8899212212193629,0.972090844833795,0.23460475142315124,0,0,0,1,99,1
1701660240,12,4,0,684,019.9,2.1,094,1,0,0,0,0,0,0,-0.7625194471644794,0.6469652948157085,0.42013968223930687,-0.907459446701534,0.9765908679435658,0.21510526876214117,-0.6264561960895026,-0.7794566276458689,-0.943254108829076,0.33207180876591375,0.5778962671769416,-0.8161102280837784,-0.9529192589311485,-0.3032241513437061,-0.8072249226032686,0.5902439532330229,0.45263453622485383,-0.8916961234728519,0.9725472028320404,0.23270569022603224,0,0,0,1,99,2
1701660300,12,4,0,685,019.9,2.2,094,1,0,0,0,0,0,0,0.13241150819283803,0.9911948307462555,-0.06635197530497698,-0.9977962794945308,0.9994489180279628,-0.033194280422003807,-0.718746923618461,-0.6952717884316881,-0.9206714366242954,0.39033845030198594,0.5521148203489986,-0.8337680883501076,-0.95754062272838,-0.288298379851407,-0.8025890542025249,0.5965323210642458,0.4491479037776722,-0.8934574195405861,0.9729998508583098,0.23080574132743523,0,0,0,1,99,1
1701660360,12,4,0,686,019.9,2.2,093,1,0,0,0,0,0,0,0.9056039335646163,0.42412441041785603,-0.5365983551885637,-0.8438377837054513,0.9601660751415484,-0.2794299700233931,-0.799821845795485,-0.6002374654987004,-0.8944935621620483,0.44708082854294906,0.5257942427685239,-0.8506117882274349,-0.9619282167156328,-0.2733022244444464,-0.7979041999026094,0.6027842796372321,0.4456544178860835,-0.8952050825473546,0.9734487871858886,0.22890491197508778,0,0,0,1,99,1
1701660420,12,4,0,687,019.8,2.3,093,1,0,0,0,0,0,0,0.8461882788236016,-0.5328840368987897,-0.8754667432001029,-0.4832783685937176,0.8611847561916425,-0.5082920574857935,-0.8684158155762116,-0.49583663767122255,-0.864822709481898,0.5020773657160704,0.49896023603285744,-0.866624880128672,-0.9660809697247618,-0.25823934621909184,-0.7931706456428818,0.6089994473646541,0.4421541318563844,-0.8969390858259702,0.9738940101022211,0.2270032094200761,0,0,0,1,99,1
1701660480,12,4,0,688,019.8,2.3,093,1,0,0,0,0,0,0,0.008791022929352243,-0.9999613582113339,-0.9999903395061709,-0.004395553927897717,0.7086591401823227,-0.7055510066862999,-0.9234584470040598,-0.38369844494974187,-0.8317747426285983,0.5551133015206257,0.47163900309419615,-0.8817917275413242,-0.9699978679206785,-0.24311342256103,-0.7883886803350966,0.6151774449047079,0.4386470990986331,-0.898659402917676,0.9743355179089173,0.22510064091681745,0,0,0,1,99,2
1701660540,12,4,0,689,019.8,2.3,093,1,0,0,0,0,0,0,-0.8366886589042642,-0.5476788183424514,-0.8796814248187952,0.47556344563977404,0.5120725311712326,-0.8589422115718187,-0.9640908182250827,-0.2655727663260874,-0.7954787132054784,0.6059815317622776,0.4438572226728559,-0.8960975202962782,-0.9736779550488648,-0.22792814624758584,-0.7835585958457688,0.6213178951842664,0.4351333731258346,-0.90036600757255,0.974773308921759,0.22319721372303236,0,0,0,1,99,2
1701660600,12,4,0,690,019.9,2.3,093,1,0,0,0,0,0,0,-0.9129206463287429,0.4081371013602049,-0.5439958173735323,0.8390879278598296,0.2836477323549146,-0.958928549960796,-0.9896788746762244,-0.14330291350702545,-0.7560763564306933,0.6544834170905228,0.4156420232059537,-0.9095282890296824,-0.977120332668828,-0.21268722454618383,-0.7786806869783608,0.6274204234218935,0.4316130075531242,-0.9020588737499048,0.9752073814707066,0.22129293509971706,0,0,0,1,99,2
1701660660,12,4,0,691,019.9,2.4,093,1,0,0,0,0,0,0,-0.1498176016678404,0.9887136522929661,-0.07512106131782845,0.9971744211252528,0.03758709136623356,-0.9992933556081649,-0.9998233232947121,-0.01879686665158652,-0.7137215376642303,0.7004295586811045,0.38702095635694944,-0.9220709188237921,-0.980324160373443,-0.19739437830927187,-0.773755251455288,0.6334846571507191,0.4280860560969494,-0.9037379756186854,0.9756377338999054,0.21938781231111568,0,0,0,1,99,2
1701660720,12,4,0,692,019.9,2.6,093,1,0,0,0,0,0,0,0.7510270550472058,0.6602714309941945,0.412145950487085,0.911117838425468,-0.2108105329134813,-0.9775269404025313,-0.9943658633527529,0.10600249902117563,-0.6685796515669709,0.7436405378343678,0.3580219701119138,-0.9337131620134654,-0.983288655994125,-0.18205334106592852,-0.7687825898997481,0.6395102262411726,0.4245525725742499,-0.9054032875578629,0.9760643645676915,0.2174818526246926,0,0,0,1,99,1
1701660780,12,4,0,693,019.8,2.6,093,1,0,0,0,0,0,0,0.9613809008905675,-0.2752212989629269,0.798505259520226,0.601987832533629,-0.44610097930085907,-0.8949826346174625,-0.9733916566874463,0.22914773115016593,-0.6208269762380796,0.783947616601443,0.3286733814887943,-0.9444436501457996,-0.986013095791785,-0.16666785811037535,-0.7637630058173724,0.6454967629235737,0.42101261090163694,-0.9070547841568264,0.9764872718465987,0.21557506331110474,0,0,0,1,99,1
1701660840,12,4,0,694,019.9,2.7,093,1,0,0,0,0,0,0,0.2878455800903205,-0.9576768359015827,0.9893626321783087,0.14547021017792156,-0.6536550274502899,-0.7567926433898262,-0.9372279987787994,0.34871718957500053,-0.570649984852799,0.8211933967023238,0.29900384888632797,-0.9542519050812327,-0.9884968146335203,-0.1512416855876172,-0.7586968055777015,0.6514439018105791,0.4174662250945703,-0.9086924402157693,0.9769064541233642,0.21366745164417375,0,0,0,1,99,1
1701660900,12,4,0,695,019.8,2.6,093,1,0,0,0,0,0,0,-0.6503336395770626,-0.7596487064653314,0.9379895272510593,-0.34666359308028627,-0.8205679719195377,-0.5715489510618114,-0.8864392114132281,0.46284503288800055,-0.5182446174886911,0.8552324341627837,0.26904234409960104,-0.9631283492252691,-0.9907392061549974,-0.13577858957643307,-0.7535842983954858,0.6573512799194837,0.41391346926653416,-0.9103162307460754,0.977321909798935,0.21175902490085832,0,0,0,1,99,1
1701660960,12,4,0,696,019.8,2.7,093,1,0,0,0,0,0,0,-0.9905991101845337,0.1367969403956463,0.6569638725243397,-0.7539220584369601,-0.9364619742512132,-0.3507691132091307,-0.8218178366308225,0.5697503342653119,-0.4638155159838274,0.8859318072699817,0.23881812402958275,-0.9710643148808378,-0.9927397229084867,-0.1202823451699422,-0.7484257963118128,0.6632185366943757,0.41035439762821135,-0.9119261309706986,0.9777336372884741,0.20984979036122642,0,0,0,1,99,1
1701661020,12,4,0,697,019.8,2.7,093,1,0,0,0,0,0,0,-0.42011232727019937,0.9074721111282797,0.21509054938760125,-0.9765941099372553,-0.9941313067038114,-0.10818015081969684,-0.7443722693718838,0.6677648722343453,-0.40757522481479086,0.9131716356289067,0.20836070211425825,-0.9780520527121516,-0.9944978764965141,-0.10475673555396908,-0.7432216141750619,0.6690453140281423,0.40678906448665614,-0.9135221163245426,0.9781416350213661,0.2079397553084275,0,0,0,1,99,1
1701661080,12,4,0,698,019.9,2.7,093,1,0,0,0,0,0,0,0.5366237918890951,0.8438216079116303,-0.27944444178438205,-0.9601618634146094,-0.9899903695023021,0.14113492938566014,-0.6553110218111473,0.755359162711905,-0.3497433611150432,0.9368455482927549,0.17769981950925717,-0.9840847393118021,-0.9960132376910966,-0.08920555108343296,-0.7379720696216873,0.6748312562843274,0.4032175242444657,-0.9151041624548343,0.9785459014412237,0.20602892702866477,0,0,0,1,99,1
1701661140,12,4,0,699,019.9,2.8,093,1,0,0,0,0,0,0,0.999990471552965,0.0043654098637504885,-0.7055616876419274,-0.7086485059123989,-0.9242966260655718,0.3816749232577385,-0.5560238649294927,0.8311663260917572,-0.29054575707471864,0.9568610991392004,0.1468654160461197,-0.989156483863701,-0.9972854365385321,-0.07363258835698702,-0.7326774830568314,0.6805760103188376,0.39963983139895004,-0.9166722452214962,0.9789464350058935,0.2041173128111673,0,0,0,1,99,1
1701661200,12,4,0,700,019.9,2.8,093,1,0,0,0,0,0,0,0.5439705233633756,-0.8391043258807425,-0.9589328250406132,-0.28363327918216646,-0.8011345951780408,0.5984842190140996,-0.44806014160260915,0.8940034169437217,-0.23021357807075407,0.9731401278705245,0.11588760099655933,-0.9932623338953623,-0.9983141624497176,-0.058041649290133286,-0.7273381776347689,0.6862792255014961,0.3960560405413001,-0.9182263406975145,0.9793432341874616,0.2022049199481623,0,0,0,1,99,1
1701661260,12,4,0,701,019.9,2.8,093,1,0,0,0,0,0,0,-0.41217341535790386,-0.9111054141383427,-0.9775237629179003,0.21082526634829296,-0.6281618953946932,0.7780826647433718,-0.3331045896236106,0.9428898834814625,-0.16898241997103944,0.985619065227906,0.08479662367127003,-0.9963982801139075,-0.999099164275976,-0.042436540187039476,-0.7219544792391829,0.6919405537374438,0.3924662063557551,-0.9197664251693045,0.9797362974722598,0.2002917557348473,0,0,0,1,99,1
1701661320,12,4,0,702,019.9,2.8,093,1,0,0,0,0,0,0,-0.9893670168342196,-0.14544038641504342,-0.7567827912998033,0.6536664338884767,-0.41613313140840114,0.9093036989610448,-0.2129510519332497,0.9770628687451604,-0.10709138913759518,0.994249181228016,0.053622843881987556,-0.9985612603210722,-0.9996402503703701,-0.026821070811284417,-0.7165267164632748,0.6975596494883844,0.38887038361876797,-0.9212924751370719,0.980125623360871,0.19837782746936225,0,0,0,1,99,1
1701661380,12,4,0,703,019.9,2.9,093,1,0,0,0,0,0,0,-0.6569411457329191,0.7539418618455402,-0.3507549986489571,0.9364672609988937,-0.17823122481920262,0.9839886333182142,-0.08947448430079347,0.9959891147292259,-0.04478216872134558,0.9989967754525602,0.022396702295648618,-0.9997491624033901,-0.9999372886344898,-0.011199053455758941,-0.7110552205897088,0.7031361697936755,0.3852686271981697,-0.9228044673151717,0.9805112103681354,0.19646314245276175,0,0,0,1,99,1
1701661440,12,4,0,704,019.9,2.9,093,1,0,0,0,0,0,0,0.279473385115912,0.960153439306371,0.14114985067939137,0.9899882421792622,0.07075223608034517,0.9974939203271522,0.03539830273366068,0.9993732836951247,0.017701925105413577,0.9998433086476912,-0.008851309290403876,-0.9999608263946371,-0.9999902065507035,0.004425697988050785,-0.7055403255703919,0.70866977429126,0.3816609920523317,-0.9243023786324636,0.9808930570231557,0.19454770798898718,0,0,0,1,99,1
1701661500,12,4,0,705,019.9,2.8,093,1,0,0,0,0,0,0,0.9589413745467228,0.2836043726433742,0.5984962937882848,0.8011255746271536,0.3153366656233036,0.9489798666534379,0.15971871109322489,0.9871625668180084,0.0801168932934608,0.9967854751193981,-0.040090677723143425,-0.9991960456085177,-0.9997989911998606,0.02004936896117015,-0.6999823680060913,0.7141601252384405,0.3780475332293278,-0.9257861862326637,0.981271161869303,0.19263153138483885,0,0,0,1,99,1
1701661560,12,4,0,706,020.0,2.9,093,1,0,0,0,0,0,0,0.7567630866040035,-0.6536892463193665,0.9093099708898409,0.4161194261751267,0.5403149886061247,0.8414628411805024,0.2815467623854851,0.9595475082507646,0.14221900672771448,0.9898352156421706,-0.07129089828943605,-0.9974555668404911,-0.9993636892644466,0.03566814516840596,-0.6943816871258898,0.7196068875324937,0.3744283058660939,-0.9272558674746938,0.9816455234642222,0.19071461994994804,0,0,0,1,99,1
1701661620,12,4,0,707,020.0,2.9,093,1,0,0,0,0,0,0,-0.1411796931706552,-0.9899839868584944,0.9974928538236488,-0.07076727047691461,0.7316991425705358,0.6816277318020025,0.3989813706164722,0.9169590317462396,0.20376575798421134,0.9790196708305302,-0.10242150450337505,-0.9947410896385376,-0.9986844070171862,0.05127821350955192,-0.6887386247664814,0.7250097287311226,0.3708033651875866,-0.9287113999330262,0.9820161403798376,0.1887969809967493,0,0,0,1,99,1
1701661680,12,4,0,708,020.0,3.0,093,1,0,0,0,0,0,0,-0.9093225141277265,-0.41609201542499075,0.8414546973619527,-0.540327671221366,0.8775897877771157,0.47941231147032193,0.5101900080017631,0.8600617162362019,0.2645168083164075,0.9643810751555119,-0.13345209785628734,-0.9910552646435797,-0.9977613102950975,0.06687576301030233,-0.6830535253513071,0.7303683190727478,0.3671727665059408,-0.9301527613980265,0.9823830112023585,0.1868786218404523,0,0,0,1,99,2
1701661740,12,4,0,709,020.0,3.0,093,1,0,0,0,0,0,0,-0.8414384091513941,0.5403530360836063,0.4793990842275326,-0.8775970134644963,0.9689161505167762,0.24738935560721262,0.6134373009496519,0.7897434252993856,0.3242349261728403,0.9459765920199573,-0.1643523775003615,-0.9864016910011756,-0.9965946244590063,0.08245698575264687,-0.6773267358695333,0.7356823314966341,0.3635365652196254,-0.931579929876292,0.982746134532284,0.18495954979901422,0,0,0,1,99,2
1701661800,12,4,0,710,020.0,3.1,093,1,0,0,0,0,0,0,6.0288706691585265e-05,0.999999998182636,-3.014435335948845e-05,-0.999999999545659,0.9999999998864147,-1.50721766814562e-05,0.7071121099856378,0.7071014523472988,0.3826869135812598,0.9238780905366516,-0.1950921698369112,-0.9807849128470145,-0.9951846343385268,0.09801807780451909,-0.6715586058548728,0.7409514416628525,0.3598948168125984,-0.9329928835909876,0.983105508984409,0.18303977219311154,0,0,0,1,99,2
1701661860,12,4,0,711,020.0,3.2,093,1,0,0,0,0,0,0,0.8415035574058807,0.5402515736888212,-0.4794519925452281,-0.8775681095188057,0.968908692684405,-0.24741856284563038,0.7897526710450653,0.6134253977275352,0.43964451678172034,0.8981718648809746,-0.2256414579803825,-0.9742104148696458,-0.9935316841625248,0.11355524014847192,-0.6657494873642518,0.7461753279720765,0.3562475768534598,-0.9343916009821783,0.9834611331878292,0.18111929634611235,0,0,0,1,99,2
1701661920,12,4,0,712,019.9,3.2,093,1,0,0,0,0,0,0,0.9092723362185879,-0.4162016561567134,-0.8414872714892108,-0.5402769400239504,0.8775753358042688,-0.4794387656291727,0.8600694058124533,0.5101770449416689,0.4948853175526281,0.8689582973139933,-0.25597041106933305,-0.9666846169547733,-0.9916361774750792,0.12906467960915324,-0.6598997349563215,0.7513536715852107,0.3525949009946041,-0.9357760607071574,0.9838130057859464,0.17919812958404827,0,0,0,1,99,2
1701661980,12,4,0,713,019.9,3.2,093,1,0,0,0,0,0,0,0.14106032243614638,-0.9900010027440429,-0.9974971184780542,-0.07070713279421359,0.7316785950108878,-0.6816497880898176,0.9169650451597972,0.39896755000261763,0.5481936017491368,0.8363514661918808,-0.28604941339576206,-0.958214867916346,-0.9894985770369622,0.14454260977935537,-0.6540097056698183,0.756486156442851,0.34893684497137084,-0.9371462416407726,0.9841611254364736,0.17727627923558656,0,0,0,1,99,2
1701662040,12,4,0,714,020.0,3.2,093,1,0,0,0,0,0,0,-0.7568419012610816,-0.6535979930320404,-0.9092848819352602,0.4161742465410129,0.540289623007414,-0.8414791282441333,0.9595517516643209,0.281532299883927,0.5993612016622668,0.8004787004923762,-0.3158490933243467,-0.9488094383205661,-0.9871194047126635,0.15998525194441188,-0.6480797590017714,0.7615724692845757,0.3452734646011943,-0.9385021228757492,0.9845054908114401,0.17535375263200217,0,0,0,1,99,1
1701662100,12,4,0,715,020.0,3.2,093,1,0,0,0,0,0,0,-0.9589071712941251,0.2837199972520434,-0.5984479938758073,0.801161655738729,0.3153080590956018,-0.9489893718421532,0.9871649740145142,0.1597038323864628,0.6481883089093543,0.7614800825978519,-0.34534035197334534,-0.9384775124098211,-0.9844992413429837,0.17538883600471677,-0.6421102568855613,0.7666122996680645,0.3416048157827517,-0.9398436837230073,0.9848461005971967,0.17343055710714975,0,0,0,1,99,1
1701662160,12,4,0,716,020.0,3.1,093,1,0,0,0,0,0,0,-0.2793576102663403,0.9601871305044031,-0.14109016531210986,0.9899967501220404,0.07072216723899125,-0.9974960526543551,0.9993738171110836,0.03538323999893738,0.6944842546815092,0.7195079012766077,-0.374494391629162,-0.9272291791344273,-0.9816387266032314,0.19074960139614014,-0.6361015636688295,0.7716053399880473,0.33793095449511035,-0.9411709037119792,0.9851829534944205,0.17150669999743565,0,0,0,1,99,0
1701662220,12,4,0,717,020.0,2.9,093,1,0,0,0,0,0,0,0.6570320493166915,0.7538626441008393,0.35081145641153216,0.9364461127317576,-0.17826088643928933,-0.983983260206127,0.9959877660408604,-0.0894894960145405,0.7380682543012335,0.6747260569984901,-0.4032827438668247,-0.9150754223009407,-0.9785385588470545,0.20606379800811597,-0.6300540460912397,0.7765512854950779,0.3342519367968734,-0.9424837625909207,0.9855160482181202,0.16958218864179003,0,0,0,1,99,0
1701662280,12,4,0,718,020.0,2.8,093,1,0,0,0,0,0,0,0.9893494728164958,-0.14555968067333058,0.7568221986283603,0.6536208072447929,-0.41616054159134735,-0.9092911544837531,0.9770596589983012,-0.2129657783732482,0.7787701131827185,0.6273094219070648,-0.43167729734891963,-0.9020281098466568,-0.9751994949359482,0.22132768709917786,-0.6239680732620949,0.781449834314135,0.3305678188253245,-0.9437822403272206,0.9858453834976407,0.16765703038163873,0,0,0,1,99,0
1701662340,12,4,0,719,020.0,2.7,093,1,0,0,0,0,0,0,0.41206355362767066,-0.9111551063193005,0.9775364715240298,0.2107663323217201,-0.6281853499080824,-0.7780637288557153,0.9428848627631359,-0.33311880098868984,0.8164308914380598,0.5774431569476385,-0.4596503252758348,-0.8880999822507707,-0.9716223500544774,0.2365375422097191,-0.6178440166378084,0.7863006874630465,0.3268786567955711,-0.945066317107706,0.9861709580766679,0.16573123256087538,0,0,0,1,99,0
1701662460,12,4,0,721,019.9,2.6,093,1,0,0,0,0,0,0,-0.9999899379137492,0.0044859860962648745,0.7055189628577446,-0.7086910420261656,-0.924308130989381,-0.3816470607602228,0.8311579455074176,-0.5560363923520552,0.8820533975763755,0.47114944956348237,-0.5142229820012509,-0.8576565307754271,-0.9637573685257683,0.26678031151546105,-0.6054831494288421,0.795858125395306,0.3194854258058527,-0.9475911896475467,0.9868108201797209,0.16187774762525764,0,0,0,1,99,0
1701662520,12,4,0,722,020.0,2.7,093,1,0,0,0,0,0,0,-0.536522042161478,0.8438863064861742,0.2793865543595699,-0.9601787090136331,-0.9899946234736917,-0.141105086702016,0.7553492856626053,-0.655322406643472,0.9097588709772145,0.4151370817913813,-0.5407693215265723,-0.8411709344097017,-0.9594714520009706,0.2818058423722779,-0.5992470932877865,0.8005641268419033,0.3157814696574965,-0.9488319468804535,0.9871251052628672,0.15995007521027702,0,0,0,1,99,0
1701662580,12,4,0,723,020.0,2.7,093,1,0,0,0,0,0,0,0.42022174485588953,0.9074214484737904,-0.21514942659255415,-0.9765811406313841,-0.994128045231444,0.10821011821594118,0.6677536528481364,-0.7443823339574701,0.9339117554559077,0.3575036125989008,-0.5667876089864259,-0.8238639489014253,-0.9549512942819192,0.2967625743743428,-0.59297446219279,0.805221265980458,0.31207269507243185,-0.9500582261052366,0.9874356247637708,0.15802179263437582,0,0,0,1,99,0
1701662640,12,4,0,724,019.9,2.6,093,1,0,0,0,0,0,0,0.9906155976046185,0.13667749552301828,-0.6570093243162466,-0.7538824495645917,-0.936451400117644,0.3507973420904214,0.5697379476169631,-0.8218264239151785,0.9544177345154423,0.29847409944986975,-0.5922524379646446,-0.8057524742282427,-0.9501979989002931,0.31164685605004694,-0.5866656389929246,0.8098292585632008,0.3083591586419959,-0.9512700086103841,0.987742377497894,0.15609290725336597,0,0,0,1,99,0
1701662700,12,4,0,725,019.9,2.7,093,1,0,0,0,0,0,0,0.6502420383735517,-0.7597271164910521,-0.9380104254460747,-0.34660704227478406,-0.820550742573177,0.5715736862930343,0.4628316722670164,-0.8864461873946535,0.9711967327464229,0.23827905132989188,-0.6171389424878762,-0.7868541959378154,-0.9452127263049878,0.32645505361548977,-0.5803210087462414,0.8143878233420149,0.3046409170301858,-0.9524672759055859,0.9880453622950683,0.15416342642535893,0,0,0,1,99,0
1701662760,12,4,0,726,020.0,2.5,093,1,0,0,0,0,0,0,-0.28796105219335977,-0.9576421212643548,-0.9893538601694428,0.14552985730709223,-0.6536322141284454,0.756812347054107,0.348703063469403,-0.9372332545994372,0.9841832285198314,0.17715352861368974,-0.6414228213067844,-0.7671875678781851,-0.9399966935788086,0.3411835518616152,-0.573940958696269,0.8188966820856021,0.3009180269727937,-0.9536500097220159,0.988344577999499,0.1522333575107376,0,0,0,1,99,0
1701662820,12,4,0,727,020.0,2.5,093,1,0,0,0,0,0,0,-0.9614140793741277,-0.275105376140123,-0.7984689650011837,0.6020359722889809,-0.4460740004253886,0.8949960816363893,0.22913305999310826,-0.9733951103319733,0.9933265098475862,0.11533622515937178,-0.665080361625807,-0.7467717941779041,-0.9345511741413373,0.3558287550368126,-0.5675258782483789,0.823355559596464,0.29719054527654143,-0.9548181920126113,0.9886400234697691,0.15030270787212824,0,0,0,1,99,0
1701662880,12,4,0,728,020.0,2.4,093,1,0,0,0,0,0,0,-0.750947435766512,0.660361983093894,-0.41209101962194344,0.9111426845159583,-0.21078106590019152,0.9775332947055968,0.10598751175115685,-0.9943674609282015,0.9985908724117705,0.05306853621402457,-0.688088462258297,-0.7256268104935293,-0.9288774974380447,0.37038708772476847,-0.5610761589460167,0.8277641837276992,0.2934585288182137,-0.9559718049523478,0.9889316975788438,0.1483714848743724,0,0,0,1,99,0
1701662940,12,4,0,729,020.1,2.5,093,1,0,0,0,0,0,0,0.14993681711330134,0.9886955804866999,0.0751811795375017,0.9971698903613917,0.03761721440117745,0.9992922221155811,-0.01881193616323041,-0.9998230398714517,0.9999557589892294,-0.009406384229561218,-0.7104246561844406,-0.7037732645427925,-0.922977048615726,0.38485499571735293,-0.5545921944468057,0.8321222853996139,0.28972203454379003,-0.957110830938511,0.9892195992140752,0.14643969588449884,0,0,0,1,99,0
1701663000,12,4,0,730,020.1,2.5,093,1,0,0,0,0,0,0,0.9129698518082046,0.4080270207833117,0.5440464039108651,0.8390551295306261,0.2836766385070983,0.9589199991476417,-0.1433178301056054,-0.9896767146769802,0.997415839727087,-0.07184457294402906,-0.7320671324899203,-0.6812324959424539,-0.9168512681843369,0.39922894688232846,-0.5480743804985193,0.8364295986161443,0.2859811194675758,-0.9582352525909659,0.9895037272772058,0.14450734827169542,0,0,0,1,99,0
1701663060,12,4,0,731,020.0,2.4,093,1,0,0,0,0,0,0,0.8366226151268321,-0.5477797001152385,0.8797100943251812,0.4755104099200992,0.5120984231961181,0.8589267750862407,-0.2655872972430715,-0.9640868153559203,0.990981032955707,-0.13400221013863856,-0.7529947576639026,-0.6580265153705288,-0.9105016516653137,0.41350543202566953,-0.541523114914927,0.8406858604810924,0.2822358406713325,-0.9593450527524214,0.9897840806843736,0.1425744494072809,0,0,0,1,99,1
1701663120,12,4,0,732,020.0,2.5,093,1,0,0,0,0,0,0,-0.008911595619283405,-0.9999602909433546,0.9999900726865629,-0.004455842044182302,0.7086804082392084,0.705529644294206,-0.38371236343503057,-0.9234526637284138,0.9806764664578257,-0.19563657157033057,-0.7731870962355524,-0.6341779830732337,-0.9039297492264633,0.42768096574828196,-0.5349387975515134,0.8448908112141716,0.27848625530340665,-0.9604402144886925,0.9900606583661156,0.14064100666467697,0,0,0,1,99,1
1701663180,12,4,0,733,020.1,2.5,093,1,0,0,0,0,0,0,-0.8462525264509585,-0.5327820018313022,0.8754376053812465,-0.48333114847312386,0.8612000779357617,0.5082660973972571,-0.49584972653150816,-0.8684083421401643,0.9665423793450973,-0.25650697637670183,-0.7926244307289241,-0.609710186737641,-0.8971371653035117,0.44175208729691307,-0.5283218302810735,0.8490441941668623,0.27473242057785763,-0.9615207210889587,0.9903334592673719,0.13870702741938,0,0,0,1,99,1
1701663240,12,4,0,734,020.0,2.6,093,1,0,0,0,0,0,0,-0.9055527871571002,0.42423360271436256,0.5365474803247321,-0.8438701329927379,0.9601744979410612,0.27940102631098374,-0.6002495204866958,-0.7998127988195062,0.948633964925225,-0.31637572692962224,-0.8112877809167417,-0.5846470187516472,-0.8901255582084044,0.4557153614090449,-0.5216726169691845,0.8531457558380763,0.27097439377358495,-0.9625865560660185,0.99060248234749,0.13677251904893306,0,0,0,1,99,1
1701663300,12,4,0,735,019.8,2.5,092,1,0,0,0,0,0,0,-0.1322919915216454,0.9912107893779389,0.06629181933715889,-0.9978002779559492,0.9994499181939906,0.03316415266557249,-0.6952826214333375,-0.7187364442775852,0.9270211551732747,-0.3750090370393858,-0.8291589223542691,-0.5590129528734616,-0.8828966397244532,0.46956737915156455,-0.5149915634495557,0.8571952458896295,0.26721223223345386,-0.9636377031565415,0.9908677265802286,0.13483748893289754,0,0,0,1,99,1
1701663360,12,4,0,736,019.7,2.5,092,1,0,0,0,0,0,0,0.7625974510230334,0.6468733474901962,-0.42019439103217676,-0.9074341153742778,0.9765843832906294,-0.21513470736462095,-0.7794660696158047,-0.626444447910339,0.9017883476488092,-0.4321779448847783,-0.8462204041751706,-0.5328330203333975,-0.8754521746884285,0.4833047587530059,-0.5082790774992584,0.8611924171615208,0.26344599336342084,-0.9646741463213163,0.9911291909537616,0.13290194445282522,0,0,0,1,99,0
1701663420,12,4,0,737,019.8,2.5,093,1,0,0,0,0,0,0,0.9563583139954668,-0.2921964668707481,-0.8038023596851244,-0.5948964334778163,0.8929995614438498,-0.4500575332789041,-0.8514862104810929,-0.5243769954532216,0.8730340759252245,-0.48765920710408944,-0.8624555661319862,-0.5061327853912996,-0.8677939805597005,0.496924146429161,-0.5015355688138374,0.8651370256870182,0.2596757346316572,-0.9656958697454956,0.991386874470682,0.13096589299222994,0,0,0,1,99,0
1701663480,12,4,0,738,019.9,2.6,093,1,0,0,0,0,0,0,0.2708477535528008,-0.9626221971237736,-0.9906114770998198,-0.1367073569275377,0.7538923520395793,-0.6569979615921431,-0.910219193818759,-0.4141268153644828,0.8408706248182544,-0.5412361705556629,-0.8778485548645799,-0.47893832037347833,-0.8599239269765315,0.5104222172018581,-0.49476144898230595,0.8690288307075485,0.2559015135676726,-0.9667028578388368,0.9916407761480053,0.12902934193655957,0,0,0,1,99,0
1701663540,12,4,0,739,019.9,2.6,092,1,0,0,0,0,0,0,-0.663678982427899,-0.7480175187009116,-0.934884356137408,0.3549524484343561,0.5679117676037555,-0.8230894387714971,-0.9547485110675735,-0.29741432483028024,0.8054235919161669,-0.5926996183437778,-0.8923843393806778,-0.45127618021352633,-0.8518439352996318,0.5237956757107076,-0.4879571314620232,0.8728675946873924,0.25212338776143683,-0.9676950952359407,0.9918908950171739,0.12709229867316782,0,0,0,1,99,0
1701663660,12,4,0,741,020.0,2.5,093,1,0,0,0,0,0,0,-0.40398249595507346,0.9147667150492026,-0.20643798699706092,0.9784596862030654,0.10377936643893754,-0.994600343405095,-0.9986491734851372,-0.0519598719922648,0.7252447421361512,-0.6884911502727306,-0.9188283708812899,-0.394657351209419,-0.8350620788927668,0.5501557274038783,-0.4742595663748501,0.8803850655832022,0.24455565257911935,-0.9696352576054571,0.9923797805289709,0.12321676508199471,0,0,0,1,99,0
1701663720,12,4,0,742,020.0,2.5,092,1,0,0,0,0,0,0,0.5514769744870444,0.8341901141889754,0.28793218456003195,0.9576508012289697,-0.14551494557438124,-0.9893560535087885,-0.9973354634998167,0.07295185566937777,0.6808260219507706,-0.7324451705313435,-0.9307107957178061,-0.3657559496909493,-0.8263643112123579,0.5631358851596348,-0.46736715483673286,0.8840633136714912,0.24076615867736564,-0.9705831529733789,0.9926185453066497,0.12127828953819604,0,0,0,1,99,0
1701663780,12,4,0,743,020.0,2.4,092,1,0,0,0,0,0,0,0.9999110578521441,-0.01333703059178224,0.7118065153508298,0.7023756008747093,-0.38576184306207034,-0.9225983960734783,-0.9804586671740625,0.19672519402267946,0.633748690719484,-0.7735390080735035,-0.9416843972567198,-0.3364973936945846,-0.8174647985370944,0.5759785613655318,-0.4604462176163836,0.8876876030917441,0.2369729909802548,-0.9715162384365339,0.9928535235462816,0.11933935135458495,0,0,0,1,99,0
1701663840,12,4,0,744,019.9,2.3,092,1,0,0,0,0,0,0,0.5290315259540843,-0.8486021709533231,0.9614057860636483,0.27513435722086477,-0.6020239375552833,-0.7984780389030324,-0.9482821412699473,0.31742870151970165,0.5841965844132856,-0.8116121923430246,-0.9517384599623535,-0.3069102537037296,-0.808365713555359,0.5886806206663637,-0.45349717713213844,0.8912577126360152,0.23317620736685893,-0.9724344997571855,0.9930847143514961,0.1173999579276213,0,0,0,1,99,0
1701663900,12,4,0,745,019.9,2.2,092,1,0,0,0,0,0,0,-0.42823715115227945,-0.9036663888697973,0.9756193901490984,-0.21946937272681427,-0.7808550994668647,-0.6247121846391287,-0.9013079897124868,0.43317884029628645,0.5323632029468761,-0.8465160483701081,-0.9608631662130951,-0.2770234210584837,-0.7990692776782511,0.6012389620365252,-0.4465204575176119,0.8947734244032187,0.2293758657714247,-0.973337922923796,0.9933121168403706,0.11546011665550152,0,0,0,1,99,0
1701663960,12,4,0,746,019.9,2.2,092,1,0,0,0,0,0,0,-0.9917865664060436,-0.1279038963304499,0.7509673416102893,-0.6603393459690063,-0.9111364733038093,-0.412104752478659,-0.840269228425824,0.5421693681504614,0.4784509545656371,-0.8781142773439177,-0.9690496058881397,-0.24686607974373714,-0.78957776049726,0.6136505195370826,-0.4395164845958098,0.8982345238124292,0.22557202418248906,-0.9742264941512392,0.9935357301454335,0.11351983493813046,0,0,0,1,99,0
1701664020,12,4,0,747,019.9,2.1,092,1,0,0,0,0,0,0,-0.643491986364181,0.7654528486360742,0.3424522969436224,-0.9395352171781732,-0.9847677942485156,-0.17387464280599801,-0.7661183468648947,0.6426995243478877,0.4226703654457646,-0.9062834888565188,-0.9762897850680705,-0.21646767789150556,-0.7798934792301785,0.625912263064279,-0.4324856858531395,0.9016407996159777,0.22176474064199472,-0.9751001998810116,0.9937555534136682,0.11157912017709314,0,0,0,1,99,2
1701664080,12,4,0,748,020.0,2.1,092,1,0,0,0,0,0,0,0.2964261583255705,0.955055774633264,-0.14990701345623575,-0.9887000997858916,-0.997171023392149,0.07516615000819327,-0.6800124447360528,0.7332005694242856,0.365239257594056,-0.9309136827397816,-0.9825766338407864,-0.18585789902532845,-0.7700187981553854,0.6380211990892903,-0.4254284904133183,0.9049920439123458,0.21795407324440425,-0.9759590267814386,0.9939715858065156,0.10963797977562646,0,0,0,1,99,1
1701664140,12,4,0,749,020.0,2.0,092,1,0,0,0,0,0,0,0.963811460090061,0.2665848258979956,-0.6055638587721383,-0.7957967158445666,-0.9475749880206227,0.3195334756762063,-0.5832951758431548,0.8122602648400962,0.3063818982576352,-0.951908678613683,-0.9879040132051502,-0.15506663307481236,-0.7599561280346426,0.6499743713890525,-0.4183453290111816,0.9082880521588547,0.21414008013581365,-0.9768029617478785,0.9941838264998778,0.1076964211385911,0,0,0,1,99,3
1701664200,12,4,0,750,020.0,2.0,092,1,0,0,0,0,0,0,0.7450729502920265,-0.6669829823489768,-0.9129575516827102,-0.40805454148374776,-0.8390633293988445,0.5440337574619116,-0.47747578081934605,0.8786449104905553,0.24632812416515168,-0.9691864914686324,-0.9922667210656196,-0.12412394718862174,-0.7497079255245411,0.661768861767981,-0.4112366339663935,0.9115286231841491,0.2103228195130653,-0.9776319919029218,0.9943922746841213,0.10575445167244309,0,0,0,1,99,7
1701664260,12,4,0,751,020.0,1.9,092,1,0,0,0,0,0,0,-0.15868219392454155,-0.9873297125739173,-0.996827395433612,0.07959361603194907,-0.6783827768922391,0.7347086551933184,-0.3642055359317603,0.9313185961832069,0.18531244401927394,-0.98267965181518,-0.9956604973120055,-0.09306005637441869,-0.7392766925767438,0.6734017907704067,-0.4041028391570599,0.9147135592004764,0.2065023496228598,-0.9784461045965885,0.9945969295640794,0.10381207878520571,0,0,1,0,99,6
1701664320,12,4,0,752,020.0,1.7,092,1,0,0,0,0,0,0,-0.9165456608473167,-0.39993005836265355,-0.8366391272115635,0.5477544804186207,-0.47552366901205834,0.879702927248347,-0.24525198546765434,0.9694593666699876,0.123573122745224,-0.9923354691509287,-0.9980820279793963,-0.061905293994420546,-0.72866497582717,0.6848703183835534,-0.39694437999324705,0.9178426658157577,0.20267872876086712,-0.9792452874065205,0.9947977903590559,0.10186930988644112,0,0,1,0,99,5
1701664380,12,4,0,753,020.1,1.8,092,1,0,0,0,0,0,0,-0.8317412740539448,0.5551634471352745,-0.47161242183848673,0.8818059443934574,-0.24309880255416996,0.9700015320589596,-0.12247135979697553,0.992472047983962,0.061351251071343295,-0.9981162377158188,-0.9995289484841894,-0.03069008214538658,-0.7178753659742708,0.6961716447308859,-0.3897616933904063,0.9209157520454534,0.19885201527083735,-0.9800295281381713,0.9949948563028281,0.0999261523872222,0,0,1,0,99,4
1701664440,12,4,0,754,020.2,1.7,092,1,0,0,0,0,0,0,0.01776220433321534,0.9998422396044413,0.00888145245887885,0.9999605591233189,0.0044407700166209495,0.9999901397322173,0.002220390481728404,0.9999975349300161,-0.0011101959250420757,-0.9999993837323141,-0.9999998459330667,0.0005550980480432917,-0.7069104971465471,0.7073030107556603,-0.3825552177427069,0.9239326303242191,0.1950222675437101,-0.9807988148249923,0.9951881266436493,0.09798261370010419,0,0,1,0,99,4
1701664500,12,4,0,755,020.2,1.7,092,1,0,0,0,0,0,0,0.8509351939710194,0.525270687990015,0.4872008374428276,0.8732899541360861,0.2517042370162984,0.967804203890458,0.1268774923095938,0.9919183948013208,-0.06356730763009857,-0.9979775535555198,-0.9994942605026603,0.03179973619764941,-0.6957730462594648,0.7182616988945079,-0.3753253928962788,0.9268931165173544,0.19118954401672386,-0.9815531357286151,0.9953776006442517,0.09603870123909643,0,0,1,0,99,4
1701664560,12,4,0,756,020.3,1.7,092,1,0,0,0,0,0,0,0.9017622905605737,-0.4322323117525429,0.8462364656975445,0.5328075113244262,0.48331795366796265,0.8754448901342752,0.24955471330524379,0.9683606998774462,-0.1257761903592125,-0.9920586423890088,-0.9980126858885634,0.06301332244450873,-0.6844657323619245,0.7290450337408892,-0.36807266012236683,0.9297970299320409,0.1873539031725241,-0.982292479339031,0.9955632775818498,0.09409442241963412,0,0,1,0,99,5
1701664620,12,4,0,757,020.2,1.7,092,1,0,0,0,0,0,0,0.12351329589860735,-0.992342917411246,0.9980838936209837,0.06187520742896127,0.6848813008730195,0.7286546532579619,0.3683377164655,0.9296920601086044,-0.18749391975660915,-0.9822657634542202,-0.9955565688232438,0.09416537725135425,-0.6729913159724447,0.7396503826982563,-0.3607974620903975,0.9326441933283712,0.1835154035382709,-0.9830168343747657,0.9957451567481425,0.09214978465855,0,0,1,0,99,4
1701664680,12,4,0,758,020.2,1.8,092,1,0,0,0,0,0,0,-0.7682932534017909,-0.6400980212258834,0.9055655749932976,-0.42420630521841407,0.8438620459584654,0.5365601992235288,0.48137293275405046,0.8765158866853267,-0.24847948940976328,-0.9686371577338252,-0.9921283076633347,0.12522548116532597,-0.6613525984052206,0.7500751566227634,-0.3535002428409609,0.9354344329301663,0.17967410368474607,-0.9837261897830529,0.9959232374493159,0.09020479537404606,0,0,1,0,99,5
1701664740,12,4,0,759,020.2,1.7,092,1,0,0,0,0,0,0,-0.9537345286904526,0.3006500437112895,0.5913332209037094,-0.8064273196362117,0.9503755362056127,0.31110503078846885,0.5868964854263191,0.8096619760086516,-0.30849475197428267,-0.9512260446415067,-0.9877312500476805,0.1561633045220503,-0.6495524210862237,0.7603168104553688,-0.3461814477587088,0.9381675784355823,0.17583006222545924,-0.9844205347400018,0.9960975190060464,0.08825946198566526,0,0,1,0,99,6
1701664800,12,4,0,760,020.2,1.7,092,1,0,0,0,0,0,0,-0.26231667667323905,0.9649818449790168,0.13232187086982847,-0.9912068010710522,0.9977992786806003,0.06630685835171127,0.683261714736121,0.7301735609948197,-0.36730534913419133,-0.9301004142012893,-0.9823696896284233,0.18694863706204273,-0.6375936648595081,0.7703728438431753,-0.3388415235451705,0.9408434630275048,0.17198333781575365,-0.9850998586507625,0.9962680007535027,0.08631379191426318,0,0,1,0,99,6
1701664860,12,4,0,761,020.2,1.7,092,1,0,0,0,0,0,0,0.670273918142016,0.7421137882148197,-0.35908648803956716,-0.9333042880579784,0.9831846947694971,-0.18261395338530634,0.768964873510262,0.6392910317745328,-0.42468162676613824,-0.905342761547949,-0.9760488618783255,0.21755141743051343,-0.6254792492838938,0.7802408017498551,-0.3314809181914887,0.9434619233837301,0.16813398915191097,-0.9857641511496881,0.9964346820413489,0.08436779258197977,0,0,1,0,99,6
1701664920,12,4,0,762,020.1,1.9,092,1,0,0,0,0,0,0,0.986617763744047,-0.16305026300100225,-0.7625779510977885,-0.6468963352033299,0.9074404485153088,-0.4201807139771352,0.842668592620235,0.5384325798198252,-0.48039953173383443,-0.8770497647852786,-0.9687749389784189,0.2479417625317701,-0.6132121319201985,0.7899182750550117,-0.32410008095107623,0.9460227996869345,0.1642820749702558,-0.9864134021004922,0.9965975622337464,0.08242147141221098,0,0,1,0,99,4
1701664980,12,4,0,763,020.0,1.8,092,1,0,0,0,0,0,0,0.39586978738073614,-0.9183066543585159,-0.9793637358914501,-0.20210559819248466,0.7752759502888261,-0.6316226728860813,0.9032227501801761,0.4291720675404672,-0.5342414868107552,-0.8453319074601606,-0.9605550237909749,0.27808999670955387,-0.6007953076091915,0.7994029011423319,-0.316699462312196,0.9485259356344274,0.1604276540462594,-0.9870476015964041,0.9967566407093569,0.08047483582958054,0,0,1,0,99,4
1701665040,12,4,0,764,020.0,1.8,092,1,0,0,0,0,0,0,-0.5588390458533631,-0.8292761426869235,-0.9563671216345017,0.29216763793503586,0.594908548461427,-0.8037933932096717,0.9496824188142243,0.31321446868745406,-0.5859972403145539,-0.8103130471266812,-0.9513971429236797,0.3079666807248138,-0.588231807740446,0.8086923644763854,-0.30927951397046544,0.9509711784476923,0.15657078519364281,-0.98766673996032,0.9969119168613444,0.07852789325991148,0,0,1,0,99,3
1701665100,12,4,0,765,020.0,1.9,092,1,0,0,0,0,0,0,-0.9997538375481824,0.022187030168153377,-0.6992184815320054,0.71490804659346,0.37755261448342536,-0.9259881334535178,0.9813226109321842,0.1923692628078641,-0.6354646871353813,-0.7721299316850319,-0.9413102388917886,0.33754264050262456,-0.5755246995122691,0.8177843971679285,-0.30184068880128756,0.9533583788817112,0.15271152726347947,-0.9882708077449498,0.9970633900973773,0.07658065113019796,0,0,1,0,99,3
1701665160,12,4,0,766,020.1,1.8,092,1,0,0,0,0,0,0,-0.521499561602246,0.8532515498073621,-0.27087677105340535,0.9626140321560251,0.13672228758321528,-0.9906094165098637,0.9976495919183909,0.06852219892172288,-0.6824506579520153,-0.7309316653838863,-0.930304161385911,0.3667889956201752,-0.5626770851828893,0.8266767795275779,-0.29438344083220963,0.9556873912340734,0.14884993914329722,-0.9888597957329627,0.9972110598396317,0.07463311686857685,0,0,1,0,99,2
1701665220,12,4,0,767,020.1,1.8,092,1,0,0,0,0,0,0,0.43621900626234744,0.8998405295248098,0.22378502013672655,0.9746385303087524,-0.11260876895528071,-0.9936394039863637,0.9984085846952548,-0.05639413096074909,-0.7267716735539261,-0.6868791265714991,-0.9183896576539555,0.39567718750801195,-0.5496921013130842,0.8353673406077149,-0.28690822521521153,0.9579580733538694,0.14498607975617966,-0.9894336949371265,0.9973549255247919,0.0726852979042994,0,0,1,0,99,1
1701665280,12,4,0,768,020.1,1.8,092,1,0,0,0,0,0,0,0.9928798314963556,0.11912027622436312,0.6636564336219596,0.7480375245348201,-0.3549383576518463,-0.9348897059372352,0.9835877454343449,-0.18043044929108396,-0.7682546613236668,-0.6401443394691997,-0.9055783620066239,0.424179007336997,-0.5365729180004349,0.8438539587324921,-0.27941549819892586,0.960170286650366,0.1411200080598672,-0.9899924966004454,0.9974949866040544,0.0707372016677029,0,0,1,0,99,2
1701665340,12,4,0,769,020.2,1.8,092,1,0,0,0,0,0,0,0.6366915185525545,-0.7711186096854635,0.9410416063292482,0.33829084403404747,-0.575199598385618,-0.8180130940376344,0.9534183483753694,-0.3016512108067574,-0.8067376310817407,-0.590909802420489,-0.8918827844567045,0.45226662356375086,-0.5233227381053919,0.8521345620158094,-0.27190571710079076,0.9623238961014657,0.1372517830458574,-0.9905361921962937,0.9976312425431287,0.06878883559018242,0,0,1,0,99,2
1701665400,12,4,0,770,020.0,1.7,092,1,0,0,0,0,0,0,-0.30486804029509035,-0.952394602046143,0.9880269738337468,-0.1542812333919083,-0.7596977140257526,-0.6502763899328083,0.9083711768690177,-0.41816480606765055,-0.8420703076547856,-0.5393677752389131,-0.8773162985032573,0.4799126091076827,-0.509944796469342,0.8602071288671359,-0.2643793402791376,0.964418770261948,0.13338146373850462,-0.9910647734285454,0.9977636928222396,0.06684020710416233,0,0,1,0,99,2
1701665460,12,4,0,771,020.0,1.7,092,1,0,0,0,0,0,0,-0.9661333288664309,-0.2580433894783372,0.7931088794983754,-0.6090798841374023,-0.8969615053438476,-0.4421086494644714,0.8491491769602298,-0.5281530793886979,-0.8741147176969102,-0.4857195284376067,-0.8618931280726186,0.5070899681330687,-0.4964423591248692,0.8680696884850515,-0.25683682710521527,0.9664547812714911,0.12950910919411976,-0.9915782322317012,0.9978923369361299,0.06489132364306802,0,0,1,0,99,2
1701665520,12,4,0,772,019.9,1.7,092,1,0,0,0,0,0,0,-0.7391400904300984,0.673551725347791,0.4040100708226276,-0.9147545368424774,-0.9784565746221131,-0.20645273449087873,0.7766764881502719,-0.629899700551255,-0.9027457284726566,-0.43017455727224563,-0.8456283336289784,0.5337721624100279,-0.482818722498399,0.8757203213383905,-0.2492786379351523,0.9684318048624773,0.12563477850006885,-0.9920765607710116,0.9980171743940611,0.06294219264129754,0,0,1,0,99,2
1701665580,12,4,0,773,019.8,1.8,091,1,0,0,0,0,0,0,0.16741513842849595,0.985886490132088,-0.08400449353431058,-0.9964653757487232,-0.99911595316778,0.04203941157578726,0.6920840225089049,-0.7218169475621181,-0.927851536497655,-0.3729497636665573,-0.828537797468093,0.5599331372286528,-0.4690772126054234,0.8831571596348673,-0.24170523408185923,0.9703497203675764,0.12175853077387154,-0.9925597514425961,0.9981382047198164,0.06099282153419321,0,0,1,0,99,1
1701665640,12,4,0,774,019.9,1.8,092,1,0,0,0,0,0,0,0.9200496610903988,0.39180176253743726,-0.5514518281149147,-0.8342067377267571,-0.9576551408849527,0.2879177506452518,0.5966918171697799,-0.8024704825242022,-0.9493341041288368,-0.3142686092149499,-0.8106382082084923,0.5855473468409921,-0.4552211842385018,0.8903783877770709,-0.2341170777868726,0.9722084107271113,0.117880425162299,-0.9930277968735597,0.9982554274517018,0.05904321775801332,0,0,1,0,99,1
1701665700,12,4,0,775,019.9,1.7,092,1,0,0,0,0,0,0,0.8267947683721899,-0.5625036986477305,-0.8838845226181219,-0.4677051963321925,-0.8566519702691965,0.5158947584865577,0.491988435592465,-0.8706017339996969,-0.9671095423993336,-0.25436024256976875,-0.7919470444953276,0.6105897794060392,-0.4412540201482366,0.8973822428057174,-0.2265146321921418,0.9740077624962025,0.11400052084047149,-0.9934806899221047,0.9983688421425482,0.057093388749903703,0,0,1,0,99,1
1701665760,12,4,0,776,019.9,1.7,092,1,0,0,0,0,0,0,-0.026611421427981424,-0.9996458534148893,-0.9999114594340064,0.013306888913466725,-0.7023863292684922,0.711795928940826,0.3796077390275217,-0.9251475365964139,-0.981108438603097,-0.1934586046207122,-0.7724825579327705,0.6350359814133715,-0.42717913021742326,0.904167014830051,-0.2188983613117615,0.9757476658516921,0.11011887701095537,-0.9939184236776407,0.9984784483597131,0.055143341947869365,0,0,1,0,99,2
1701665820,12,4,0,777,019.9,1.8,092,1,0,0,0,0,0,0,-0.8555511930921242,-0.5177182206554476,-0.8711251978491518,0.4910609836591339,-0.5044497082667736,0.8634410760611096,0.2613033906581489,-0.9652567213081475,-0.9912761273500305,-0.13180151496066433,-0.7522637552616317,0.6588620815615874,-0.4129999506285761,0.9107310474452892,-0.2112687300036505,0.9774280145988474,0.10623555290285971,-0.994340991460889,0.9985842456850822,0.05319308479074615,0,0,1,0,99,1
1701665880,12,4,0,778,019.9,1.8,092,1,0,0,0,0,0,0,-0.8979011434038442,0.4401971565947119,-0.5290571062774264,0.8485862232545117,-0.2751488476674837,0.9614016390808037,0.13892149027273704,-0.9903033977223353,-0.9975729040331677,-0.06962974320527361,-0.7313103797996011,0.6820448140682276,-0.3987199430250338,0.9170727381370105,-0.20362620394117933,0.9790487061778415,0.10235060777093262,-0.9947483868239851,0.9986862337150706,0.05124262471817234,0,0,1,0,99,1
1701665940,12,4,0,779,020.0,1.7,092,1,0,0,0,0,0,0,-0.11472492335334811,0.9933972981448904,-0.05745738357735032,0.9983479599180064,-0.028740564382016227,0.9995869046556198,0.014371766495114374,-0.9998967208306115,-0.9999741798743135,-0.007186068792756609,-0.7096428921622328,0.7045615413884168,-0.3843425936658486,0.923190538672385,-0.19597124958474776,0.9806096416700136,0.098464100894657,-0.9951406035505771,0.9987844120606251,0.04929196917056027,0,0,1,0,99,1
1701666060,12,4,0,781,020.0,1.8,092,1,0,0,0,0,0,0,0.9510360209453427,-0.3090800654595016,0.8090364841771667,0.58775842594577,0.45400527202568364,0.8909989971783835,-0.23345342450006654,-0.9723679851728931,-0.9930679697716801,0.11754151357521916,-0.6642508887554389,0.747509703473881,-0.3553099326828051,0.9347485500052624,-0.18062592559588117,0.9835518669610827,0.09068663914523838,-0.9958794773869684,0.9989693382148844,0.04539010141557074,0,0,1,0,99,2
1701666120,12,4,0,782,020.1,1.7,092,1,0,0,0,0,0,0,0.2537650480137331,-0.967265889198305,0.9917827103751873,0.12793379303705288,0.6603280271815468,0.7509772942762827,-0.3528616624994258,-0.9356755031196132,-0.9837874524305575,0.17933836299072597,-0.6405706975070254,0.7678992000877217,-0.34066170896673886,0.9401859390800635,-0.17293649256292973,0.9849329771817125,0.08679580294659275,-0.9962261232224621,0.9990560853181523,0.04343890409263279,0,0,1,0,99,1
1701666180,12,4,0,783,020.1,1.7,092,1,0,0,0,0,0,0,-0.6768163397642243,-0.7361519151833799,0.931705939442102,-0.36321349425415084,0.8255947838540862,0.5642634605154977,-0.46676361227311963,-0.8843821177849249,-0.9706652661409403,0.24043489993663053,-0.6162649998431557,0.7875388561641358,-0.32593031758020324,0.9453937952419975,-0.16523650437781978,0.986253972169947,0.08290364235078253,-0.9965575678730123,0.9991390213261147,0.041487541063478864,0,0,1,0,99,1
1701666240,12,4,0,784,020.1,1.8,092,1,0,0,0,0,0,0,-0.9851359060614224,0.17177673471265031,0.6435150601529656,-0.7654334506384766,0.9395300555699313,0.3424664577455166,-0.5733818719904229,-0.8192882452914593,-0.9537526527594719,0.3005925437436371,-0.5913575298651244,0.8064094939122546,-0.3111193549811273,0.9503708470676735,-0.157526431008143,0.987514771299061,0.07901021674738969,-0.9968738062811815,0.999218145922396,0.03953601977196579,0,0,1,0,99,2
1701666300,12,4,0,785,020.1,1.8,092,1,0,0,0,0,0,0,-0.38772606351274697,0.9217746469028693,0.19776925076605154,-0.980248602881654,0.9950498989703115,0.09937654934225174,-0.6710526993678471,-0.7414096537482675,-0.9331156556794735,0.35957638010006476,-0.5658726092946783,0.8244926864745572,-0.2962324370536107,0.9551158794812693,-0.1498067430370387,0.9887152976163738,0.07511558554529872,-0.9971748336215606,0.9992934588051601,0.03758434766255414,0,0,1,0,99,1
1701666360,12,4,0,786,020.2,1.9,092,1,0,0,0,0,0,0,0.5661573337391945,0.8242971997121707,-0.2963973686521434,-0.9550647097742044,0.9887023590985824,-0.14989211157661958,-0.7582519738110213,-0.6519616125292119,-0.9088348619329069,0.4171560783872076,-0.5398351237242685,0.8417707759203831,-0.281273198225157,0.9596277340511744,-0.14207791163447184,0.9898554778479468,0.07121980817179005,-0.9974606453008427,0.9993649596871111,0.035632532180279806,0,0,1,0,99,2
1701666420,12,4,0,787,020.2,1.9,092,1,0,0,0,0,0,0,0.9995182893196364,-0.031035291452596547,-0.717995575004678,-0.6960476666678093,0.9208820952401586,-0.38984120698830105,-0.8336189798068123,-0.552339928400844,-0.8810050874997386,0.4731067911154711,-0.5132704983166911,0.8582268904886025,-0.26624529057938057,0.9639053092728047,-0.13434040852847542,0.9909352424030555,0.06732294407163325,-0.9977312369578932,0.999432648295495,0.03368058077072561,0,0,1,0,99,1
1701666480,12,4,0,788,020.2,2.0,092,1,0,0,0,0,0,0,0.5139267392143615,-0.8578340787824261,-0.9638034236249698,-0.26661387925010005,0.7958058429196471,-0.6055518643146514,-0.8959776404338033,-0.44409916442465225,-0.8497350070535673,0.5272100319490078,-0.486204672977848,0.873844961062604,-0.2511523829644027,0.9679475608375188,-0.1265947059763584,0.9919545253784365,0.06342505270618003,-0.9979866044638166,0.9994965243721002,0.03172850087999289,0,0,0,1,99,1
1701666540,12,4,0,789,020.2,2.0,092,1,0,0,0,0,0,0,-0.4441666848300092,-0.895944170184236,-0.9736385803223484,0.22809628429214274,0.6212502377093538,-0.7836122396607084,-0.9443548696493042,-0.32892838152042436,-0.8151467295893495,0.5792545288901829,-0.4586640770268678,0.8886097368615153,-0.23599816009715488,0.9717535018875711,-0.11884127673588184,0.9929132645623109,0.059526193552456905,-0.9982267439220187,0.999556587673259,0.029776299954673093,0,0,0,1,99,1
1701666600,12,4,0,790,020.2,2.1,092,1,0,0,0,0,0,0,-0.9938953072212839,-0.11032732337689327,-0.745093055724214,0.6669605223036468,0.4080683016949204,-0.9129514013088668,-0.97799575697159,-0.20862478123551537,-0.777375321590387,0.6290370492922037,-0.4306756033883254,0.9025068003323309,-0.2207863216638081,0.9753222032570393,-0.11108059403640383,0.9938114014381801,0.055626426102257626,-0.9984516516682669,0.9996128379698479,0.02782398544181939,0,0,0,1,99,1
1701666660,12,4,0,791,020.2,2.1,092,1,0,0,0,0,0,0,-0.6298411677363565,0.7767239557426453,-0.3341227650560155,0.9425295633938082,0.16951465512779687,-0.9855276666318933,-0.9963753476054827,-0.08506566101579052,-0.7365682795966001,0.676363193478256,-0.4022665823317567,0.9155225812284086,-0.20552058141654744,0.9786527936986663,-0.10331313154999636,0.9946488811883987,0.05172580986123544,-0.9986613242707456,0.9996652750472894,0.02587156478891824,0,0,0,1,99,1
1701666720,12,4,0,792,020.2,2.1,092,1,0,0,0,0,0,0,0.3132860367040136,0.9496588119984416,0.15865243143670757,0.9873344954974584,-0.07957859166428352,-0.9968285949694307,-0.9992068341863537,0.0398208803931389,-0.6928849542336957,0.7210481538680822,-0.3734647547841147,0.9276443698605846,-0.19020466626691288,0.9817444600965631,-0.0955393633625346,0.9954256526975189,0.04782440434799511,-0.998855758530109,0.9997138987055519,0.023919045443861007,0,0,0,1,99,1
1701666780,12,4,0,793,020.2,2.1,092,1,0,0,0,0,0,0,0.9683795037912949,0.24948173607886706,0.6125839795167406,0.7904055086089884,-0.32372402705932385,-0.9461515493326078,-0.9864460323131236,0.1640860302819716,-0.6464959279523841,0.7629174366476269,-0.34429824524122477,0.9388603295079697,-0.1748423153759271,0.9845964476647195,-0.08775976394476126,0.9961416685554118,0.04392226909318471,-0.9990349514795295,0.999758708759151,0.02196643485491553,0,0,0,1,99,1
1701666840,12,4,0,794,020.2,2.0,092,1,0,0,0,0,0,0,0.7331493210037495,-0.6800676974476445,0.916533604797894,0.3999576868572196,-0.54774187038366,-0.8366473829688406,-0.9582920700310633,0.28579067254824764,-0.5975823489075595,0.8018075431636471,-0.31479553430469187,0.9491595079763061,-0.15943727924123308,0.9872080601312739,-0.07997480812332723,0.9967968850601596,0.04001946363858728,-0.9991989003847431,0.9997997050371497,0.020013740470697712,0,0,0,1,99,1
1701666900,12,4,0,795,020.2,2.1,092,1,0,0,0,0,0,0,-0.1761349664233212,-0.9843660262336645,0.996083838397568,-0.08841372564917586,-0.7377037771521764,-0.6751245345678174,-0.9151842805052481,0.4030356469545731,-0.5463352235786316,0.8375666083824537,-0.28498543087107653,0.9585318482925994,-0.1439933187814639,0.9895786599084985,-0.07218497105181075,0.9973912622207242,0.03611604753621227,-0.9993476027440913,0.9998368873831599,0.018060969740143117,0,0,0,1,99,2
1701666960,12,4,0,796,020.1,2.1,092,1,0,0,0,0,0,0,-0.9234815780088051,-0.3836427701369688,0.8317580087191734,-0.5551383745801722,-0.8817988360675502,-0.47162571251991114,-0.857795346373455,0.5139913848889341,-0.49295467089331135,0.8700549939196184,-0.2548970440004961,0.9669681985255819,-0.12851420441806832,0.9917076682484567,-0.06439072818171633,0.997924763759387,0.03221208034738687,-0.9994810562885589,0.9998702556553423,0.016108130112478542,0,0,0,1,99,2
1701667020,12,4,0,797,020.1,2.1,092,1,0,0,0,0,0,0,-0.8217834856264904,0.5697998795643747,0.46378880993164623,-0.8859457882862739,-0.9710679142794992,-0.23880348794953357,-0.7870208027585845,0.6169264591709722,-0.43764914076748046,0.8991458333248762,-0.2245597544921215,0.9744603207224182,-0.11300371515481651,0.9935945653842965,-0.05659255523345575,0.998397357113964,0.02830762164184719,-0.9995992589818092,0.9998998097264068,0.014155229037193606,0,0,0,1,99,2
1701667080,12,4,0,798,020.1,2.0,092,1,0,0,0,0,0,0,0.03545855359210518,0.9993711477610087,-0.017732064727370864,-0.9998427745803359,-0.9999606928725588,0.008866380875648453,-0.703965062742588,0.7102346023940429,-0.38063460011273087,0.9247255274928996,-0.19400318619432566,0.9810008989529264,-0.09746563765521044,0.9952388906571443,-0.04879092816731252,0.9988090134397928,0.024402730996829252,-0.9997022090202143,0.9999255494836139,0.012202273964012331,0,0,0,1,99,1
1701667140,12,4,0,799,020.1,2.0,092,1,0,0,0,0,0,0,0.8601001621636173,0.51012519154235,-0.4949115115137503,-0.8689433789213052,-0.9666807588137113,0.25598498108160056,-0.6099241833697036,0.7924597721908666,-0.32213368949019705,0.9466941882653729,-0.163257177077498,0.98658354645346,-0.08190376531802432,0.9966402426285675,-0.04098632315439169,0.9991597076114928,0.020497467996159962,-0.9997899048328835,0.9999474748287741,0.01024927234286473,0,0,0,1,99,1
1701667260,12,4,0,801,020.1,2.1,092,1,0,0,0,0,0,0,0.1059275624303434,-0.9943738489710827,-0.9985924716747775,-0.05303843431379381,-0.7256164394202331,0.6880993989556328,-0.3949054323786691,0.9187217747924648,-0.2015914497288206,0.9794696970280563,-0.10131708388012287,0.9948541845486846,-0.0507238378443283,0.9987127175891686,-0.025370084852355874,0.99967812759637,0.012686063290674097,-0.9999195286612743,0.9999798819629508,0.006343159257249994,0,0,0,1,99,1
1701667320,12,4,0,802,020.2,2.1,092,1,0,0,0,0,0,0,-0.7795038357248097,-0.6263974537706143,-0.9017753195144049,0.4322051285150291,-0.5328202658894324,0.8462284350324767,-0.2772828564548513,0.9607883312760612,-0.14002083545661836,0.9901485573579505,-0.07018348324944229,0.9975340990056306,-0.03511339483992818,0.9993833346133081,-0.017559404697937788,0.9998458217678634,0.008780040778282644,-0.9999614546990957,0.9999903636283441,0.004390062693417029,0,0,0,1,99,1
1701667380,12,4,0,803,020.2,2.1,092,1,0,0,0,0,0,0,-0.9482630021806919,0.317485871646694,-0.5841721186231443,0.8116298022025479,-0.30689590889864604,0.9517430856598192,-0.15533337429570762,0.9878621071940706,-0.0779034428184317,0.9969609087607374,-0.038981349638401504,0.9992399383433234,-0.019494379403774662,0.9998099665294709,-0.009747652807961452,0.9999524905037916,0.004873884293271353,-0.999988122555411,0.9999970306344442,0.0024369493828292348,0,0,0,1,99,0
1701667440,12,4,0,804,020.3,2.1,092,1,0,0,0,0,0,0,-0.2451935375705356,0.9694741508331444,-0.12354320937804643,0.9923391937319478,-0.06189025071872073,0.9980829609135574,-0.030959966783271346,0.9995206253283515,-0.015481838903188173,0.9998801491499747,-0.00774115140096295,0.9999700368385982,-0.003870604694478365,0.9999925091815933,-0.0019353059714989746,0.9999981272936448,0.0009676534387822795,-0.9999995318233016,0.9999998829558185,0.0004838267760202487,0,0,0,1,99,1
1701667500,12,4,0,805,020.3,2.1,092,1,0,0,0,0,0,0,0.6833057347140384,0.7301323667027151,0.3673333862428549,0.9300893415964714,0.1869634434903367,0.9823668717939524,0.09389656065598893,0.9955819584027104,0.047000221261657885,0.9988948789544149,0.023506605939449195,0.9997236815626643,0.011754114967441826,0.9999309180045051,0.005877158986065068,0.9999827293519886,-0.0029385921809077266,-0.999995682328676,0.9999989205815865,-0.0014692976764408303,0,0,0,1,99,0
1701667560,12,4,0,806,020.2,2.2,092,1,0,0,0,0,0,0,0.9835768657283723,-0.18048974819626606,0.7682739577117872,0.6401211806383749,0.42419265632588754,0.9055719686028203,0.2172878636707302,0.9761075679972009,0.10929874656829122,0.9940089456330866,0.054731409478074984,0.9985011130772681,0.02737596503077039,0.9996252080348085,0.013689265232136597,0.9999062976186339,-0.0068447929612965195,-0.9999765741302729,0.999994143515419,-0.003422416523977862,0,0,0,1,99,0
1701667620,12,4,0,807,020.2,2.2,092,1,0,0,0,0,0,0,0.3795519623891559,-0.9251704209747201,0.9811142698418773,0.1934290296533588,0.6350476243348373,0.7724729864705169,0.337288462246697,0.9414013454607224,0.17117046260859023,0.9852414286510496,0.08590276872415237,0.996303525199788,0.042991131644863144,0.9990754539072082,0.021500535956015435,0.99976883675858,-0.010750889298566145,-0.9999422075196596,0.9999855517755393,-0.0053755223160360886,0,0,0,1,99,0
1701667680,12,4,0,808,020.2,2.3,092,1,0,0,0,0,0,0,-0.5734312647770955,-0.8192536753510116,0.953743591158287,-0.3006212938640479,0.8064184068658303,0.591345375451585,0.45202578717835057,0.8920048697881602,0.23237376165548454,0.9726265649744922,0.11699024537436405,0.9931330638374931,0.05859580259074419,0.9982817898362899,0.029310494397997367,0.999570355161729,-0.014656821590492326,-0.9998925830212285,0.9999731453947223,-0.007328607602110553,0,0,0,1,99,0
1701667740,12,4,0,809,020.2,2.4,092,1,0,0,0,0,0,0,-0.9992044316210529,0.03988112120852035,0.6928632183885503,-0.7210690401093782,0.9276499986819863,0.37345077312185454,0.5597094008850242,0.8286889564613054,0.29266964613595875,0.9562136153761107,0.14796348303532403,0.9889928248920997,0.07418616821180449,0.9972444095837538,0.03711866387847311,0.9993108649423746,-0.018562530237353908,-0.9998277013921886,0.9999569244202944,-0.009281664931774524,0,0,0,1,99,0
1701667800,12,4,0,810,020.2,2.4,092,1,0,0,0,0,0,0,-0.5063136520999421,0.8623493988501522,0.26234576530777837,-0.9649739371739923,0.9912048065798491,0.13233681049883225,0.6586589365905422,0.7524416291310683,0.3518226619114605,0.9360666720728467,0.17879223686608067,0.9838868512366772,0.08975842234387488,0.9959635664111105,0.044924567827022366,0.9989903819384626,-0.022467955642842295,-0.9997475636225533,0.9999368889141338,-0.011234686854707914,0,0,0,1,99,0
1701667860,12,4,0,811,020.3,2.4,092,1,0,0,0,0,0,0,0.4520795641768173,0.8919776161169622,-0.23240308074876903,-0.9726195597758053,0.9931313004270396,-0.11700521403808203,0.7473303198847489,0.6644527018388585,0.40960181772127274,0.9122644084471504,0.2094464031116906,0.9778201287678502,0.1053087632444465,0.9944395730178507,0.05272772981150123,0.9986089257106234,-0.026373038214970796,-0.9996521709351267,0.9999130389526698,-0.013187665920725705,0,0,0,1,99,1
1701667920,12,4,0,812,020.3,2.5,092,1,0,0,0,0,0,0,0.9948329140211382,0.10152572669136999,-0.6702515472972181,-0.742133992851483,0.9333097001669604,-0.35907242107165305,0.82433986348825,0.5660952123664124,0.46578148719844353,0.8848997718291073,0.23989604849902457,0.9707985815371557,0.12083339452081168,0.9926728014651041,0.060527673567121146,0.9981665195409792,-0.030277718366983942,-0.9995415247854836,0.9998853746268829,-0.015140594679806359,0,0,0,1,99,1
1701667980,12,4,0,813,020.3,2.4,092,1,0,0,0,0,0,0,0.6229414706214662,-0.7822684476443909,-0.9439990592273889,-0.3299481416492668,0.8154594231625713,-0.5788142441019974,0.8884858592296214,0.4589039964404334,0.5201422899359206,0.8540796205391021,0.2701114394661006,0.9628290659663069,0.13632852605689877,0.9906636830848062,0.06832392302551767,0.9976631904317224,-0.034181936518266696,-0.9994156268619484,0.9998538960423039,-0.01709346568212025,0,0,0,1,99,1
1701668040,12,4,0,814,020.3,2.4,092,1,0,0,0,0,0,0,-0.32167948802580176,-0.9468486188316789,-0.9866226783405293,0.16302052197242078,0.6469078288394643,-0.7625682008753121,0.938767330299503,0.34455173713441634,0.572471948162346,0.819924306608365,0.3000630711964028,0.953919364152014,0.15179037493857458,0.9884127083743951,0.07611600234380722,0.9970989691034674,-0.03808563309525359,-0.9992744790855682,0.9998186033190141,-0.01904627147805807,0,0,0,1,99,1
1701668100,12,4,0,815,020.3,2.4,092,1,0,0,0,0,0,0,-0.9705498088831128,-0.24090053648124807,-0.7876866561270567,0.6160760762757924,0.43813463896627003,-0.8989093603572588,0.9743996511589222,0.22482286320872838,0.6225661156822108,0.782567205806865,0.32972169642983384,0.9440781762668982,0.16721516637718872,0.9859204268770625,0.08390343593363005,0.9964738899933762,-0.04198874853233773,-0.9991180836100847,0.9997794965916447,-0.02099900461825926,0,0,0,1,99,0
1701668160,12,4,0,816,020.2,2.5,092,1,0,0,0,0,0,0,-0.7271011113730546,0.6865303881402984,-0.39589746896115763,0.9182947207025364,0.2021203593127912,-0.9793606896089245,0.9948267913584063,0.10158570369662134,0.6702291758433747,0.7421541968137826,0.3590583540221683,0.933315112063922,0.182599134631134,0.9831874470475918,0.09168574849017776,0.9957879912530557,-0.045891223272779696,-0.9989464428219001,0.9997365760093756,-0.022951657653640416,0,0,0,1,99,0
1701668280,12,4,0,818,020.2,2.5,092,1,0,0,0,0,0,0,0.926841142721418,0.3754537203955449,0.5588140476063818,0.8292929881518187,-0.29215322336762034,-0.9563715251281321,0.9890327408959049,-0.1476964367746696,0.7575277013993184,0.6528030189978178,0.4166515216593972,0.909066284436349,0.21322958936748326,0.9770021198637056,0.10723311087601266,0.9942339060461842,-0.05369401248656933,-0.9985574360161222,0.9996392939496032,-0.026856693615165312,0,0,0,1,99,1
1701668340,12,4,0,819,020.2,2.5,092,1,0,0,0,0,0,0,0.8167078184368716,-0.577051418249783,0.8879897010241118,0.4598633393467112,-0.5196809889986783,-0.8543603862968809,0.9629019644535162,-0.26985145330636917,0.7968222679200078,0.6042137646121738,0.44485179295346566,0.8956041995804211,0.22846859786366572,0.973551282568212,0.11499721177443387,0.9933658144329842,-0.05759420789895368,-0.9983400759342941,0.9995849328432012,-0.02880906164478378,0,0,0,1,99,2
1701668460,12,4,0,821,020.2,2.6,092,1,0,0,0,0,0,0,-0.86458174478646,-0.5024921955433742,0.8667445400876126,-0.49875234558677806,-0.8656651620536597,-0.500623438531009,0.8662053562900108,-0.4996881835049689,0.8659353854373226,0.5001558839477104,0.49992205195024636,0.8660704024349609,0.25877557609349366,0.9659374727266152,0.13050388360770113,0.9914477981030103,-0.06539190277469237,-0.9978596589959458,0.9994647715142204,-0.032713460563308094,0,0,0,1,99,1
1701668580,12,4,0,823,020.2,2.5,092,1,0,0,0,0,0,0,-0.09712190237828329,0.9952724933797895,0.04861844619180287,-0.9988174241020702,-0.9997043123099125,-0.02431641315993991,0.7156522944698563,-0.6984567226536158,0.9215358708844751,0.3882932379957087,0.5530401260325923,0.8331546189020705,0.28882986436475844,0.9573804413351232,0.145978694789474,0.9892877340124872,-0.073185606465728,-0.9973183378471708,0.9993293595825079,-0.03661736031467289,0,0,0,1,99,1
1701668640,12,4,0,824,020.1,2.5,092,1,0,0,0,0,0,0,0.7850177373512154,0.6194732859809036,-0.43619188095326605,-0.8998536786558422,-0.97464190312541,0.22377033018717848,0.6229886314423488,-0.7822308898871159,0.9439891127251193,0.32997659774057014,0.5788019532877502,0.8154681470604999,0.3037530682474665,0.95275079298327,0.15370297169659722,0.9881170965485999,-0.07708081295432778,-0.9970248483735498,0.9992559352772317,-0.03856910438712712,0,0,0,1,99,1
1701668700,12,4,0,825,020.1,2.5,092,1,0,0,0,0,0,0,0.945415689654786,-0.3258668037013981,-0.8142072229172983,-0.5805743691804702,-0.8889809810059128,0.45794411821723935,0.5206034391851252,-0.8537986057078213,0.9627560972821261,0.27037140593281933,0.6039985902579494,0.7969853844120416,0.31860211517499254,0.9478885441896746,0.16141786736654243,0.9868861495100827,-0.0809748432845575,-0.9967161455274222,0.9991786991142831,-0.040520701330171084,0,0,0,1,99,1
1701668760,12,4,0,826,020.1,2.5,092,1,0,0,0,0,0,0,0.23660281689758147,-0.9716064568723952,-0.9928762402415507,-0.11915020589072603,-0.7480475271968774,0.6636451589928438,0.4100944043797453,-0.9120430798467921,0.9777635398824176,0.2097104195709025,0.6286054328547828,0.7777243790607642,0.3333733799654944,0.9427948820026454,0.16912291092184195,0.9855949680275984,-0.08486763803830527,-0.9963922340192135,0.9990976513882949,-0.04247214369905562,0,0,0,1,99,1
1701668820,12,4,0,827,020.1,2.6,092,1,0,0,0,0,0,0,-0.6897415945654649,-0.7240556143876586,-0.9284545261852243,0.3714460833097728,-0.560604101256059,0.8280839580953651,0.2931859835536437,-0.9560554267654583,0.9889528367838019,0.1482305185084059,0.652598452914039,0.7577039390515289,0.3480632564265231,0.937471049966752,0.17681763208635048,0.9842436309082097,-0.08875913781631264,-0.9960531187914151,0.9990127924084393,-0.04442342404962123,0,0,0,1,99,1
1701668880,12,4,0,828,020.1,2.5,092,1,0,0,0,0,0,0,-0.981940764891358,0.18918862081154605,-0.6367147631351318,0.7710994166809965,-0.3383050275409778,0.9410365074429887,0.17170249351277814,-0.9851488485104646,0.9962802940213323,0.08617178044329644,0.6759542216587983,0.7369436140042521,0.36266815823542314,0.9319183478192314,0.18450156121394817,0.9828322206305692,-0.09264928323908087,-0.9956988050185078,0.9989241224984278,-0.04637453493832645,0,0,0,1,99,1
1701668940,12,4,0,829,020.1,2.5,092,1,0,0,0,0,0,0,-0.3713481244279862,0.9284937105246416,-0.1890850198658773,0.981960719816389,-0.09497178576717145,0.9954799645940617,0.04753964348803124,-0.9988693519660271,0.9997172980313053,0.02377654341964911,0.6986499325772353,0.7154636760240345,0.37718451981488155,0.9261381311726762,0.1921742293172055,0.9813608233398856,-0.09653801494777697,-0.9953292981068842,0.9988316419965089,-0.048325468922276286,0,0,0,1,99,2
1701669180,12,4,0,833,020.1,2.5,092,1,0,0,0,0,0,0,-0.459957024350746,-0.887941178091436,0.9715814886285751,-0.23670532514981996,0.7863540313210774,0.617776122414172,-0.43716351493796235,-0.8993820440764236,0.9745209192409426,-0.22429662940353828,0.7823990763681723,0.6227773962646933,0.43429402697671693,0.9007711685729881,0.22274293639418943,0.9748772149796578,-0.11207761823919644,-0.9936994553132396,0.9984236213434755,-0.05612728697683714,0,0,0,1,99,2
1701669660,12,4,0,841,020.2,2.6,092,1,0,0,0,0,0,0,-0.8115681644677003,0.5842577465661262,-0.45592886146518175,0.890016220797724,0.23450349592519504,-0.972115276291275,-0.9930043495099291,-0.11807777883396382,0.7476890325643288,-0.6640490272434846,0.9121537773981656,0.4098481259909062,0.5432089257408671,0.8395975601414365,0.28319819902196014,0.9590614057873031,-0.14307095130161257,-0.9897124344442944,0.9974247927649218,-0.07172016995136608,0,0,0,1,99,1
1701670080,12,4,0,848,020.2,2.3,092,1,0,0,0,0,0,0,-0.22799355905387356,0.9736626402558269,0.1147548686204055,-0.9933938393849207,-0.9983470937967718,-0.057472430847665464,-0.7271425000808527,0.6864865509069841,0.39592515018183416,-0.9182827862121189,0.979357643103917,0.20213512038718198,0.6316109877182386,0.775285470129288,0.33519735222008545,0.9421479369316923,-0.1700765461024943,-0.9854308542286699,0.9963510561615996,-0.08534970934727917,0,0,0,1,99,1
1701670200,12,4,0,850,020.2,2.1,092,1,0,0,0,0,0,0,0.9802277317343164,-0.19787267102608438,-0.773909772204126,-0.6332958743643905,-0.9036857513440141,0.42819629005609655,-0.5346979100127022,0.845043279973309,0.27834934886459767,-0.9604799008759395,0.9900706795163514,0.14057044341549993,0.6555263368410532,0.7551723125934571,0.3498768979273589,0.9367956854601374,-0.17776995603850315,-0.9840720719185504,0.9960100581617011,-0.08924104459678178,0,0,0,1,99,1
1701670620,12,4,0,857,020.2,2.1,092,1,0,0,0,0,0,0,0.6089962036074962,-0.7931731362014582,0.9468825524323115,0.32157958874790366,0.5824175526424733,0.8128897799664797,0.3058677982670947,0.9520739939643557,-0.15479988054847518,-0.987945847191119,0.9969819073561764,-0.07763424762590612,0.7340416362938502,0.6791044663283013,0.4005593174997298,0.9162708295936036,-0.2046083703155816,-0.9788439174847039,0.9946969180319963,-0.10284960504371443,0,0,0,1,99,1
1701671340,12,4,0,869,020.2,1.9,092,1,0,0,0,0,0,0,0.9394990814384173,-0.3425514209230055,0.8193141707925615,0.5733448260327263,-0.4618739947037902,-0.886945552453116,0.9713252679852192,-0.23775454522141526,-0.7866875317498732,-0.6173513808110357,0.8992639714819658,-0.4374063437977119,0.8477636297334629,0.5303742340094812,0.4845749508541061,0.8747497453584886,-0.2502501295119659,-0.9681812189250751,0.9920134119368234,-0.12613243253605483,0,0,1,0,99,1
1701671940,12,4,0,879,020.2,1.9,092,1,0,0,0,0,0,0,-0.6019517262811898,0.798532478504848,-0.31738582316728636,0.9482964933249642,-0.16078480443598475,0.9869894866017986,0.08065517155831149,-0.9967420645788455,-0.999185184182303,-0.0403604721302572,0.7212352154915403,-0.6926902366389116,0.9199701725161832,0.3919883693179482,0.5513672236731395,0.8342626592740287,-0.287869189672993,-0.9576697393345027,0.9893608389598061,-0.1454824055779552,0,0,1,0,99,1
1701672480,12,4,0,888,020.4,1.6,093,1,0,0,0,0,0,0,0.8775464294662774,-0.479491672639878,-0.8600847843788071,-0.510151118473792,0.8689508382163492,-0.49489841458940237,-0.8645514486106083,-0.5025443191453852,-0.8667595742607592,0.49872621790648564,0.500636485932415,-0.8656576164704166,0.9658306312367652,0.2591740568899436,0.608615618888497,0.7934652030460894,-0.3213524521097596,-0.9469596620358465,0.9866508151407586,-0.1628501427143272,0,0,1,0,99,0
1701673560,12,4,0,906,020.2,1.2,092,1,0,0,0,0,0,0,0.9395507007222859,0.3424098140711822,0.5734065686442813,0.8192709606934638,0.300606918837987,0.9537481220672112,0.1520721505286041,0.9883693950308283,0.07625813061297684,0.9970881092037023,-0.03815685257131214,-0.9992717621357321,0.9998179239580905,-0.019081900642597186,0.7138213714377698,0.7003278158681843,-0.3870866725500994,-0.9220433330023552,0.9803171254758215,-0.19742931266360217,0,0,1,0,99,0
1701674220,12,4,0,917,020.3,0.9,091,1,0,0,0,0,0,0,-0.33824829305217113,0.9410569017053605,-0.17167279675976546,0.9851540239235083,0.08615676432089285,-0.9962815927044694,0.9990699656942124,0.04311848382962152,0.6916941217656756,0.7221905855899886,-0.37269921814380785,-0.9279522039388636,0.9818228465305907,-0.1897996260021821,0.7712974867073605,0.636474812540849,-0.4263362449165863,-0.9045647606835149,0.9758495685000621,-0.21844363039064005,0,1,0,0,99,1
1701674280,12,4,0,918,020.2,0.9,091,1,0,0,0,0,0,0,0.6091157451462272,0.7930813382087339,0.32165094574030556,0.9468583152216423,-0.16300565140257817,-0.9866251353025733,0.9966506748361166,-0.08177672253589847,0.7354511277222635,0.6775777731980668,-0.4015110377075164,-0.9158541841357899,0.9787374990608538,-0.20511681533239795,0.7762463575864296,0.630429688651955,-0.4298664393436902,-0.9028924876894134,0.975421059770962,-0.22034916871931534,0,1,0,0,99,3
1701674340,12,4,0,919,020.2,0.8,091,1,0,0,0,0,0,0,0.9964615763383645,-0.0840495501550226,0.7362233187542427,0.6767386681153137,-0.4020331652268792,-0.9156251056287484,0.9786789835356506,-0.20539583049717866,0.7763362127638961,0.6303190341021051,-0.42993078855665534,-0.9028618482642029,0.9754132068677877,-0.22038392833393852,0.7811478503887528,0.6243460865842203,-0.43339007453781153,-0.9012064376668146,0.9749888301069952,-0.22225386648288642,0,1,0,0,99,3
1701674460,12,4,0,921,020.2,0.8,091,1,0,0,0,0,0,0,-0.4911003724158074,-0.8711029928849144,0.967239110273389,-0.2538670982178328,-0.7917913545302931,-0.6107916591531711,0.8974384823354666,-0.4411396269022025,0.848863836814304,0.5286115649027164,-0.4854834884407932,-0.8742458363934931,0.9680510927615064,-0.2507530294996523,0.7908075080257054,0.6120649354849319,-0.4404174522626619,-0.8977931096541485,0.9741132145839488,-0.2260607112545781,0,1,0,0,99,4
1701674520,12,4,0,922,020.2,0.8,091,1,0,0,0,0,0,0,-0.9983505569209379,-0.05741224168810282,0.7271218060573149,-0.6865084698355503,-0.9182887535616316,-0.3959113096164656,0.8354374032853884,-0.5495856122495996,0.880223157003268,0.47456000028995304,-0.5125621912070998,-0.8586501034443405,0.9640150682028628,-0.26584760348332986,0.7955650832846204,0.605868136031542,-0.4439210875642528,-0.8960658837472673,0.9736698320650762,-0.22796284374074297,0,1,0,0,99,6
1701674580,12,4,0,923,020.2,0.8,091,1,0,0,0,0,0,0,-0.5877218435224411,0.8090630597466326,0.30897972445887717,-0.9510686252176108,-0.9876914055558069,-0.156415112413074,0.7603996029763147,-0.649455497931508,0.9081452246010844,0.4186552890317355,-0.5391403856920127,-0.8422159132407009,0.9597436931912344,-0.2808772745874069,0.8002741013513455,0.5996343575098884,-0.4474179491762214,-0.8943249849774656,0.9732227352917383,-0.2298641066179476,0,1,0,0,99,5
1701674640,12,4,0,924,020.1,0.7,091,1,0,0,0,0,0,0,0.3632556223924401,0.931689515235779,-0.18481136973170906,-0.9827740114685011,-0.9956841897581032,0.09280621889587708,0.6734960211850264,-0.7391908477842096,0.9325210045313215,0.36111573782915524,-0.5651921187396569,-0.8249593134904155,0.9552380105215703,-0.295838373533239,0.8049342748116889,0.5933639803976818,-0.4509079837407618,-0.8925704399087172,0.9727719259694734,-0.23176449263345197,0,1,0,0,99,2
1701674700,12,4,0,925,020.1,0.7,091,1,0,0,0,0,0,0,0.9802575443188444,0.19772492712348877,-0.6333541950901215,-0.7738620442700006,-0.9417701535592431,0.33625730901349893,0.5760827592397212,-0.8173913716860176,0.9532553098949981,0.30216603739830056,-0.5906919512748161,-0.8068971549702914,0.9504991201916736,-0.31072724778309085,0.8095453192326822,0.5870573874064227,-0.45439113800424047,-0.8908022753132209,0.9723174058179821,-0.2336639945378611,0,1,0,0,99,4
1701674760,12,4,0,926,020.2,0.7,091,1,0,0,0,0,0,0,0.6960152006877834,-0.7180270471309174,-0.9268298244906983,-0.3754816592518752,-0.8293014106016808,0.5588015482924706,0.46967991851234675,-0.8828367766162867,0.9702671736733874,0.24203638505781863,-0.6156149831437591,-0.7880470750716034,0.9455281791336532,-0.3255402624318508,0.8141069531799402,0.5807149634580416,-0.4578673588180088,-0.8890205181709929,0.9718591765711205,-0.23556260508515253,0,1,0,0,99,7
1701674820,12,4,0,927,020.2,0.7,091,1,0,0,0,0,0,0,-0.22814030861707352,-0.9736282656045409,-0.9933851885357816,0.11482973133178336,-0.6652707225890137,0.7466022138099322,0.35594787974510245,-0.9345058089198622,0.9834901649024921,0.18096158581331254,-0.6399368774288162,-0.7684274805774819,0.9403264009314749,-0.34027380109444083,0.8186188982348382,0.5743370956614064,-0.4613365931392141,-0.8872251956694553,0.9713972399768941,-0.23746031703270412,0,1,0,0,99,8
1701674880,12,4,0,928,020.2,0.7,091,1,0,0,0,0,0,0,-0.9425446703023311,-0.33408014679814474,-0.816725212907666,0.5770267988585345,-0.4598767232321427,0.8879827697817494,0.23666139336428604,-0.9715921906288022,0.9928726480845371,0.11918013544881928,-0.6636338842129675,-0.7480575296890004,0.934895055524683,-0.354924266788705,0.8230808790115055,0.5679241732886948,-0.46479878803160896,-0.8854163352030204,0.9709315977974505,-0.2393571231413216,0,1,0,0,99,8
1701674940,12,4,0,929,020.2,0.7,091,1,0,0,0,0,0,0,-0.7903778088790765,0.6126197182849324,-0.4401024208721576,0.8979475815115636,-0.22588981660140897,0.9741528580031893,0.11368188509347199,-0.9935172011604,0.9983779848234836,0.056933289205876925,-0.6866828637712329,-0.7269571133175178,0.9292354688983622,-0.3694880828135612,0.8274926231736333,0.5614765877516349,-0.46825389066635903,-0.8835939643726736,0.9704622518090731,-0.24125301617526615,0,1,0,0,99,8
1701675060,12,4,0,931,020.2,0.7,091,1,0,0,0,0,0,0,0.8859667583012527,0.4637487500631885,0.5178084829050271,0.855496566347051,0.2687967946729918,0.9631969077886025,-0.13565229856400807,-0.9907565058551476,0.9976864502074656,-0.06798343233778488,-0.7307473682257722,-0.6826479940870753,0.9172371541992494,-0.39834156569012774,0.8361643276563907,0.5484790033856685,-0.4751426083894874,-0.8799088030545178,0.969512455581288,-0.24504203409362463,0,1,0,0,99,7
1701675120,12,4,0,932,020.3,0.7,091,1,0,0,0,0,0,0,0.8689209998517899,-0.4949508016122064,0.8645665970913422,0.5025182575726944,0.4987392818032813,0.8667520572726362,-0.2581161974066756,-0.9661138797451976,0.9914922792803779,-0.13016551051411895,-0.7517198648812332,-0.6594825583311059,0.9109013553429114,-0.41262418837781073,0.8404237587008743,0.5419297978623197,-0.47857611836450864,-0.8780460687977367,0.9690320089650643,-0.2469351445240868,0,1,0,0,99,5
1701675180,12,4,0,933,020.3,0.7,091,1,0,0,0,0,0,0,0.05299328137309047,-0.998594868867907,0.9996486554954963,0.02650595340761163,0.6976725759954981,0.7164167618808244,-0.37655227931800894,-0.9263953696669754,0.9814263522208315,-0.19183929515746312,-0.7719583198455287,-0.6356731490485251,0.9043431729848258,-0.4268060747877629,0.8446318946108307,0.5353475157373185,-0.482002325856775,-0.876169936638241,0.9685478657862607,-0.24882731297202784,0,1,0,0,99,4
1701675240,12,4,0,934,020.3,0.7,091,1,0,0,0,0,0,0,-0.8116562156089902,-0.5841354189426392,0.8899818590686664,-0.45599593257909704,0.8532279685345228,0.5215381421434596,-0.4891123888517548,-0.8722207696860524,0.9675279762585814,-0.25276395145861635,-0.7914429706108382,-0.6112430157234452,0.8975642082111578,-0.44088376261581397,0.8487884785433335,0.5287325587592399,-0.4854211785865756,-0.8742804352034992,0.9680600278917365,-0.2507185322194002,0,1,0,0,99,3
1701675300,12,4,0,935,020.3,0.7,091,1,0,0,0,0,0,0,-0.9300727311045811,0.3673754412799875,0.5624164643393774,-0.8268541108563189,0.9557337785325783,0.2942328067565555,-0.5940400631453423,-0.8044354563159668,0.9498514242543322,-0.3127015699385224,-0.8101547907463494,-0.5862160139664719,0.8905661160089328,-0.4548538149963832,0.8528932568019234,0.5220853306709626,-0.488832624386424,-0.8723775933249783,0.9675684971424448,-0.2526087950517773,0,1,0,0,99,3
1701675360,12,4,0,936,020.3,0.7,091,1,0,0,0,0,0,0,-0.1933846668727768,0.9811230150284443,0.09715190417988626,-0.9952695652506521,0.9988166912028082,0.048633500538969116,-0.689697940935389,-0.7240971967004738,0.9284657227653786,-0.37141809547969407,-0.8280755084772445,-0.5606165822201061,0.8833506048619953,-0.4687128213415406,0.8569459788520921,0.5154062371850283,-0.49223661120185463,-0.8704614400377044,0.967073275413426,-0.254498094258381,0,1,0,0,99,8
1701675420,12,4,0,937,020.3,0.6,092,1,0,0,0,0,0,0,0.7211003682427743,0.6928306134403526,-0.3918988304139523,-0.9200083188320507,0.9797980197040742,-0.1999896011895985,-0.7745933130325869,-0.6324596425110466,0.9034543824983767,-0.42868424130643845,-0.8451876245267788,-0.5344697178950186,0.875919436333907,-0.48245739817365296,0.8609463973365743,0.5086956859588782,-0.49563308709221676,-0.8685320045798192,0.9665743645938008,-0.256386422632109,0,1,0,0,99,9
1701675480,12,4,0,938,020.3,0.6,091,1,0,0,0,0,0,0,0.9726090503206481,-0.23244705899272397,-0.7849990633729201,-0.6194969495515196,0.8998602529147288,-0.43617831815008895,-0.8474014155493513,-0.5309527671318378,0.8749150722018217,-0.48427638434480896,-0.8614744292040272,-0.5078009529605035,0.8682744246378858,-0.4960841899514116,0.8648942680904446,0.5019540865699712,-0.49902200023146714,-0.8665893163921337,0.9660717665867619,-0.25827377296956255,0,1,0,0,99,8
1701675540,12,4,0,939,020.3,0.4,092,1,0,0,0,0,0,0,0.3299054569501611,-0.9440139773724251,-0.9859041478187485,-0.1673111213093364,0.7639735340014523,-0.645247579883359,-0.9069861023972084,-0.4211605514032867,0.8429592372716745,-0.5379774384659236,-0.8769200187206139,-0.4806363290129432,0.8604174361938928,-0.5095898698890396,0.8687893501560202,0.495181850490787,-0.5024032989089606,-0.8646334051176796,0.965565483309568,-0.2601601380710738,0,1,0,0,99,8
1701675600,12,4,0,940,020.3,0.4,092,1,0,0,0,0,0,0,-0.6161116921033395,-0.7876587984994262,-0.9454255122693237,0.3258383046087229,0.5805866409896446,-0.8141984723053474,-0.9524175744665119,-0.3047962661308802,0.8077116645594764,-0.5895777022026527,-0.8915093107204918,-0.4530023718466313,0.8523503891729713,-0.5229711407684791,0.8726314057975678,0.4883793910637103,-0.5057769315302397,-0.8626643006012565,0.9650555166935363,-0.2620455107407332,0,1,0,0,99,9
1701675660,12,4,0,941,020.4,0.4,092,1,0,0,0,0,0,0,-0.9956785927816724,0.09286624723928816,-0.6734737384489138,0.7392111495504137,0.3611016826667984,-0.9325264472256038,-0.9829868888305693,-0.18367573706725146,0.7693099950823632,-0.6388756776293603,-0.9052280590076073,-0.42492606555178497,0.8440752530289538,-0.5362247357443589,0.8764202005158139,0.4815471234758033,-0.5091428466178214,-0.8606820328889767,0.964541868684034,-0.2639298837864171,0,1,0,0,99,11
1701675720,12,4,0,942,020.4,0.4,092,1,0,0,0,0,0,0,-0.4598231870636247,0.8880104935408426,-0.2366321052384454,0.9715993241920361,0.11916517068330806,-0.9928744442758198,-0.9982170215629014,-0.05968900955862884,0.7279041865378398,-0.6856788572069913,-0.9180628674570689,-0.39643482616503856,0.8355940480176479,-0.549347419141549,0.8801555030622569,0.47468546473346485,-0.5125009928119824,-0.8586866322278066,0.9640245412404724,-0.26581325001981504,0,1,0,0,99,12
1701675780,12,4,0,943,020.4,0.4,092,1,0,0,0,0,0,0,0.49879153625744566,0.8667219873511559,0.25814532016757935,0.96610609856039,-0.13018045444614568,-0.9914903172901867,-0.99787031153607,0.06522914498065015,0.6836559277221802,-0.7298044755208926,-0.9300012030962359,-0.36755647489814913,0.8269088447036194,-0.5623359872451037,0.8838370854532819,0.4677948336369782,-0.5158513188715436,-0.8566781290651052,0.9635035363362984,-0.2676956022564573,0,1,0,0,99,14
1701675840,12,4,0,944,020.4,0.3,092,1,0,0,0,0,0,0,0.998819621438444,0.048573283084049755,0.689719768063795,0.7240764058730438,-0.37143208943692263,-0.9284601245807608,-0.9819521690440836,0.1891294205289584,0.6367380071391379,-0.7710802229758452,-0.9410314083429535,-0.3383192109710552,0.8180217634546941,-0.5751872690824027,0.8874647229840752,0.46087565075494996,-0.5191937736746512,-0.8546565540481598,0.9629788559589872,-0.26957693331574223,0,1,0,0,99,14
1701675900,12,4,0,945,020.4,0.3,092,1,0,0,0,0,0,0,0.5805375529616218,-0.81423347364336,0.9524267619201384,0.3047675559804882,-0.5895898761086014,-0.8077027782484372,-0.950710991376569,0.31007839472588444,0.5873336382645368,-0.8093449186613468,-0.951142712388984,-0.30875158407581743,0.8089349739243005,-0.5878981271972987,0.8910381942423397,0.45392833839864044,-0.5225283062195576,-0.8526219380237177,0.9624505021100351,-0.27145723602096367,0,1,0,0,99,15
1701675960,12,4,0,946,020.4,0.3,092,1,0,0,0,0,0,0,-0.371488064422021,-0.9284377297331149,0.9819464674138593,-0.18915902075619492,-0.7710898199160053,-0.6367263852094576,-0.9046342866621455,0.42618869928151687,0.535635744101569,-0.8444491397596178,-0.9603252417175178,-0.27888246649832815,0.7996506945217794,-0.6004654584160823,0.8945572811218079,0.44695332059618803,-0.5258548656253986,-0.8505743120375162,0.9619184768049516,-0.27333650319933833,0,1,0,0,99,16
1701676020,12,4,0,947,020.4,0.3,092,1,0,0,0,0,0,0,-0.9819692685810417,-0.18904061881620535,0.7710514311043737,-0.6367728720602797,-0.9046471334338819,-0.4261614294722836,-0.8444410664671288,0.5356484717273617,0.4818462038205958,-0.8762558050385063,-0.9685700297444957,-0.2487410249250148,0.7901711918707917,-0.6128861946050772,0.8980217688355548,0.43995102306672884,-0.5291734011329704,-0.8485137073338087,0.9613827820732512,-0.2752147276820331,0,1,0,0,99,17
1701676080,12,4,0,948,020.4,0.3,092,1,0,0,0,0,0,0,-0.689632455789954,0.7241595652348433,0.3713761131017696,-0.9284825160537067,-0.9819578697820255,-0.18909982012986337,-0.7710706258605184,0.6367496289241701,0.42617506442530745,-0.9046407101507675,-0.9758690255743256,-0.21835669196206517,0.7804987802559544,-0.6251573034196812,0.9014314459291071,0.43292187319441294,-0.5324838621055041,-0.8464401553548877,0.9608434199584467,-0.27709190230419245,0,1,0,0,99,17
1701676140,12,4,0,949,020.4,0.3,092,1,0,0,0,0,0,0,0.23674925645140169,0.971570784641916,-0.11922502958289408,-0.9928672581573823,-0.9982152218227747,0.059719100138137124,-0.6856678860286016,0.7279145211280432,0.36883972052366915,-0.9294930126493807,-0.9822151018614458,-0.18775913739498723,0.7706358210578416,-0.6372757890446697,0.9047861042933489,0.42586630000231895,-0.5357861980294384,-0.8443536877406053,0.9603003925180404,-0.2789680199049658,0,1,0,0,99,17
1701676200,12,4,0,950,020.4,0.3,092,1,0,0,0,0,0,0,0.9454647941364738,0.32572430527744684,-0.580635726907393,-0.8141634680079446,-0.9524083861474406,0.30482497600430924,-0.5895655281627695,0.8077205506870273,0.31006406540662906,-0.9507156648249326,-0.9876020617700564,-0.15697823921656684,0.7605847221764866,-0.6492386929255808,0.9080855391772245,0.41878473412626877,-0.5390803585151899,-0.8422543363278899,0.9597537018235173,-0.28084307332753466,0,1,0,0,99,19
1701676260,12,4,0,951,020.4,0.3,092,1,0,0,0,0,0,0,0.7849243603267638,-0.6195915982045113,-0.8998865479060434,-0.43612406594654274,-0.8473854099365126,0.5309783112583117,-0.4842631974152528,0.8749223712016717,0.2500776167496086,-0.968225792674847,-0.9920246450252249,-0.126044054451515,0.7503479374435286,-0.6610430944910041,0.9113295492002341,0.4116776077885437,-0.5423662932979225,-0.8401421331502615,0.959203349960336,-0.2827170554191403,0,1,0,0,99,18
1701676320,12,4,0,952,020.4,0.2,092,1,0,0,0,0,0,0,-0.09727191050322355,-0.9952578436902936,-0.9988137573367454,0.048693717817118926,-0.6896761131802671,0.7241179868699296,-0.3714041014380902,0.9284713207390763,0.18911462035089152,-0.9819550195245901,-0.9954785330494551,-0.09498678980629327,0.7399279660231438,-0.6726861118655962,0.9145179363647266,0.40454535477150383,-0.5456439522383145,-0.8380171104373418,0.9586493390279216,-0.2845899590311104,0,1,0,0,99,19
1701676380,12,4,0,953,020.3,0.2,092,1,0,0,0,0,0,0,-0.8900368354089458,-0.4558886175539251,-0.8531965241238167,0.521589581206371,-0.48908609609844206,0.8722355132664489,-0.2527493686773037,0.9675317858516197,0.12741313540679455,-0.9918497330371219,-0.9979603531797047,-0.0638367721727774,0.7293273518019112,-0.6841649025736495,0.9176505060679827,0.3973884103911125,-0.548913285323323,-0.8358793006143628,0.9580916711396574,-0.28646177701888714,0,1,0,0,99,20
1701676440,12,4,0,954,020.4,0.2,092,1,0,0,0,0,0,0,-0.8645059984548472,0.5026225011234452,-0.49868702553633515,0.8667821240437084,-0.25808707441122625,0.9661216600521149,-0.13015056655252244,0.9914942410453312,0.06521410489560044,-0.9978712945679246,-0.9994676819607337,-0.03262441901456225,0.7185486827677587,-0.6954766642330416,0.9207270671140937,0.39020721147036636,-0.5521742426669474,-0.8337287363016721,0.9575303484228769,-0.28833250224205376,0,1,0,0,99,22
1701676500,12,4,0,955,020.3,0.3,092,1,0,0,0,0,0,0,-0.044152333395038934,0.9990248102303433,-0.022081550779516786,0.9997561728317418,-0.011041448461551128,0.9999390413499569,-0.005520808366672965,0.9999847602213638,0.002760414700383762,-0.999996190048083,-0.9999990475115672,-0.001380208664824669,0.7075945903781432,-0.7066186352393968,0.9237474317256306,0.3830021963126342,-0.5554267745109907,-0.8315654503142355,0.9569653730188558,-0.2902021275643621,0,1,0,0,99,22
1701676560,12,4,0,956,020.3,0.3,092,1,0,0,0,0,0,0,0.8167947833692505,0.5769283160504252,0.45993025772913376,0.8879550427950801,0.2366906812750767,0.9715850561826999,0.11919510018725629,0.9928708516677031,-0.05970405485516448,-0.9982161218062207,-0.9995539309627621,0.029865349435251595,0.696467748917618,-0.7175880954402921,0.9267114155551047,0.3757738046749054,-0.5586708312258188,-0.8293894756611352,0.9563967470828033,-0.29207064585375986,0,1,0,0,99,23
1701676620,12,4,0,957,020.3,0.3,092,1,0,0,0,0,0,0,0.9267845431459862,-0.37559341126500806,0.829335098517182,0.5587515497674221,0.469706530842705,0.8828226180177483,0.2420510090685967,0.9702635255480204,-0.12193538135418193,-0.9925380409707278,-0.9981327669630748,0.06108174452842746,0.6851708748449442,-0.7283823667993438,0.9296188376962204,0.3685224777409488,-0.5619063633111175,-0.8272008455450673,0.9558244727838546,-0.29393804998241774,0,1,0,0,99,24
1701676680,12,4,0,958,020.4,0.3,092,1,0,0,0,0,0,0,0.18469286804020318,-0.982796288401154,0.9956897831154927,0.0927461902151406,0.6735183033091452,0.7391705453463161,0.36112979290947733,0.9325155616251978,-0.18369055279845262,-0.9829841203257552,-0.9957369432550334,0.09223849433464518,0.6737067261299069,-0.7389988140500109,0.9324695206949155,0.36124865809438594,-0.565133321396648,-0.8249995933618349,0.9552485523050623,-0.2958043328267565,0,1,0,0,99,25
1701676740,12,4,0,959,020.4,0.3,092,1,0,0,0,0,0,0,-0.7272045781869426,-0.6864207903785774,0.9182648829119453,-0.39596667133827224,0.8354539698087119,0.5495604282796059,0.4745732671149915,0.8802160042511173,-0.24472841656505961,-0.9695916677269657,-0.9923687993198309,0.12330517481645753,0.6620781015799958,-0.7494348453389585,0.9352632905601926,0.35395278969167726,-0.5683516562430001,-0.8227857526998378,0.954668987843388,-0.2976694872674744,0,1,0,0,99,25
1701676860,12,4,0,961,020.4,0.2,092,1,0,0,0,0,0,0,-0.3215367736757958,0.9468970921774763,0.16294616875294074,-0.9866349609094227,0.996653139489718,0.08174667910862572,0.6775888579704414,0.7354409150668141,-0.3637025466869774,-0.9315151407966523,-0.9827296527521321,0.18504710103558453,0.6383388202845004,-0.7697555134702136,0.940679412305333,0.33929668914519806,-0.5747622599191782,-0.8183204412530577,0.9534989358287344,-0.30139638248239004,0,1,0,0,99,24
1701676920,12,4,0,962,020.4,0.2,092,1,0,0,0,0,0,0,0.6230593684278799,0.7821745479202525,-0.33001928131531005,-0.9439741913633689,0.9858940590558828,-0.16737055989126504,0.7639929842254002,0.6452245501020304,-0.421174221610232,-0.9069797544879462,-0.9764680625826803,0.21566205682972353,0.6262339591439754,-0.779635189312836,0.9433014336130409,0.3319373515342646,-0.5779544309310792,-0.8160690386034335,0.9529084527391478,-0.30325810903961536,0,1,0,0,99,25
1701676980,12,4,0,963,020.4,0.2,092,1,0,0,0,0,0,0,0.9948176005844565,-0.10167566851211195,-0.7421845014927595,-0.6701956175206938,0.9138368611302276,-0.40608150812324995,0.8384752554855898,0.5449396718338416,-0.47700122021131053,-0.8789026316475113,-0.9692529679210456,0.24606642228521222,0.6139762119637812,-0.789324528405526,0.9458658806631959,0.3245577541782617,-0.5811377830694449,-0.8138051837443228,0.9523143345934478,-0.3051186787593291,0,1,0,0,99,25
1701677040,12,4,0,964,020.4,0.3,092,1,0,0,0,0,0,0,0.4519451186001038,-0.8920457442158098,-0.9726370711153801,-0.23232978261965265,0.7849617132764033,-0.6195442750039529,0.8998734008192355,0.4361511922464772,-0.5309655392553846,-0.8473934128391833,-0.9610914141847234,0.2762305080551537,0.6015685712970908,-0.7988211652351087,0.9483725969351678,0.3171583474897762,-0.5843122677602378,-0.8115289112193651,0.9517165836580145,-0.3069780845440232,0,1,0,0,99,25
1701677100,12,4,0,965,020.4,0.3,092,1,0,0,0,0,0,0,-0.5064436211734846,-0.8622730765672137,-0.9649541638252083,0.26241848585111743,0.6072814479913258,-0.7944867795788415,0.9472293227035472,0.320556719178649,-0.5828564492314343,-0.8125751408881055,-0.9519913709924333,0.3061248594216864,0.5890140662914229,-0.808122781333903,0.9508214294319157,0.3097395830904544,-0.5874778365647276,-0.8092402557616787,0.951115202213086,-0.30883631930062994,0,1,0,0,99,25
1701677160,12,4,0,966,020.3,0.3,092,1,0,0,0,0,0,0,-0.9992104312245924,-0.03973051889875125,-0.7210168232776373,0.692917556820885,0.39184336359004157,-0.9200319442337003,0.9798040478161182,0.1999600657210081,-0.6324713172464788,-0.7745837804011287,-0.9419617243819222,0.33572028505801615,0.5763157619491175,-0.8172271058457423,0.9532122286893256,0.30230191378343746,-0.5906344411802289,-0.8069392522933302,0.9505101925527496,-0.31069337594054836,0,1,0,0,99,26
1701677220,12,4,0,967,020.3,0.3,092,1,0,0,0,0,0,0,-0.5733077789028065,0.8193400946185477,-0.3005494180508858,0.9537662435362628,0.15204235670321797,-0.9883739786984133,0.9970892584664658,0.07624310231616616,-0.6796163983026873,-0.733567686827932,-0.9310122681328995,0.36498788553325157,0.5634767583790605,-0.8261319160803714,0.9555448487853334,0.29484579352572476,-0.593782033440839,-0.8046259359248012,0.9499015569849334,-0.31254924737967194,0,1,0,0,99,24
1701677280,12,4,0,968,020.4,0.3,092,1,0,0,0,0,0,0,0.3796914013979365,0.9251132037239935,0.19350296674212325,0.9810996900733364,-0.09721190751822432,-0.9952637062792294,0.9988152247235795,-0.04866360920015389,-0.7241075918674496,-0.6896870271361664,-0.9191536942035773,0.3938990815322077,0.5505001900398365,-0.8348350380560844,0.9578191473488313,0.28737167740046654,-0.5969205653181726,-0.8023003419544537,0.949289297831397,-0.3144039265384152,0,1,0,0,99,25
1701677340,12,4,0,969,020.4,0.3,092,1,0,0,0,0,0,0,0.9836040582900275,0.18034149970372382,0.640179076624766,0.7682257154325556,-0.3404220061684059,-0.9402727570850268,0.9849550134612816,-0.17281094137087097,-0.7657711607820156,-0.643113154362873,-0.906397582290154,0.42242564176262254,0.5373892249744953,-0.8433343470304713,0.9600349855683571,0.27988002158918807,-0.6000499889220947,-0.7999625058679901,0.9486734174277232,-0.3162574063417408,0,1,0,0,99,25
1701677400,12,4,0,970,020.4,0.3,092,1,0,0,0,0,0,0,0.6831956801127874,-0.7302353474567127,0.9301170215238276,0.36726329284539677,-0.5624663132822282,-0.8268202019923669,0.9557249086406524,-0.29426161659961114,-0.8044444097013824,-0.5940279384845417,-0.8927563885194386,0.4505397105225345,0.52414706403712,-0.851627768019143,0.9621922282005667,0.2723712833439467,-0.6031702565014514,-0.7976124633379128,0.9480539181233082,-0.31810967971918674,0,1,0,0,99,24
1701677460,12,4,0,971,020.4,0.3,092,1,0,0,0,0,0,0,-0.24533965564184546,-0.9694371838182919,0.992329880588681,-0.12361799258544061,-0.7495391892974779,-0.6619599713783906,0.9115810362711564,-0.41112043771965984,-0.8399763204161352,-0.5426230562187438,-0.8782434332856534,0.47821383490090297,0.5107769401113842,-0.8597132763023096,0.9642907435784888,0.26484592095942344,-0.6062813204447983,-0.7952502502229796,0.9474308022813539,-0.3199607396048931,0,1,0,0,99,24
1701677520,12,4,0,972,020.4,0.3,092,1,0,0,0,0,0,0,-0.9483108434411563,-0.3173429441659648,0.8115857761709371,-0.584233282103149,-0.8900093488562771,-0.4559422758951242,0.8532122467168191,-0.5215638619118831,-0.8722281415753229,-0.4890992425306529,-0.8628728882432953,0.5054209915849098,0.4972821173212898,-0.8675888979190864,0.9663304036195608,0.257304393744951,-0.6093831332811276,-0.7928759025676563,0.9468040722788575,-0.3218105789376289,0,1,0,0,99,24
1701677580,12,4,0,973,020.4,0.3,092,1,0,0,0,0,0,0,-0.7794094151401889,0.6265149348505816,0.43213716870307417,-0.901807888313964,-0.9751430377934214,-0.22157629801722484,0.7815293654166889,-0.6238684564805209,-0.9010739305075142,-0.4336655067673005,-0.846659762468756,0.5321346132477662,0.48366589023427825,-0.8752527101494078,0.9683110838334466,0.24974716199648023,-0.6124756476805914,-0.7904894566015667,0.9461737305066038,-0.32365919066081944,0,1,0,0,99,24
1701677640,12,4,0,974,020.4,0.3,092,1,0,0,0,0,0,0,0.10607743500999182,0.9943578720871581,-0.053113688973945104,-0.9985884718158823,-0.9996470556691202,0.026566220884026468,0.6976509797584941,-0.7164377924439869,-0.9264010450242344,-0.37653831648054964,-0.8296198878042129,0.5583286144912557,0.4699315830569086,-0.8827028419834321,0.9702326633296345,0.24217468696848557,-0.6155588164552248,-0.7880909487389401,0.9455397793691549,-0.32550656772257286,0,1,0,0,99,24
1701677700,12,4,0,975,020.4,0.3,092,1,0,0,0,0,0,0,0.8940371806131415,0.44799276744307476,-0.5253604631854805,-0.8508797704267844,-0.9619978613351446,0.27305698084210883,0.6028859838965785,-0.7978273562751872,-0.948110583285301,-0.31794075212593687,-0.8117699033981048,0.5839774173176833,0.4560825488233006,-0.8899374745783221,0.9720950248248167,0.23458743084581274,-0.618632592559666,-0.7856804155780558,0.9449022212848417,-0.32735270307570724,0,1,0,0,99,25
1701677760,12,4,0,976,020.4,0.3,092,1,0,0,0,0,0,0,0.86002326542427,-0.510254821563673,-0.8689806734225085,-0.49484602576777714,-0.8645362993442719,0.5025703802614231,0.4987131538963941,-0.8667670910519801,-0.9661177700083929,-0.25810163593826746,-0.7931272394572851,0.6090559761063561,0.4421221685765394,-0.8969548417022889,0.9738980546500462,0.2269858567154693,-0.621696929091873,-0.7832578939006837,0.9442610586857545,-0.3291975896777772,0,1,0,0,99,26
1701677820,12,4,0,977,020.4,0.3,092,1,0,0,0,0,0,0,0.03530792620481886,-0.999376480785452,-0.9998441080452123,-0.017656715642326043,-0.7133220575736903,0.7008363875961614,0.3867580719285886,-0.9221812152706651,-0.980352287514714,-0.1972546383856853,-0.773710100226721,0.6335398020702072,0.42805385054324224,-0.9037532301657923,0.9756416427576757,0.21937042853836028,-0.6247517792938407,-0.7808234206715242,0.9436162940177337,-0.3310412204911012,0,1,0,0,99,26
1701677880,12,4,0,978,020.3,0.3,093,1,0,0,0,0,0,0,-0.8218693575364985,-0.5696760124338598,-0.8859108342361154,0.46385557427185253,-0.5177569051824165,0.8555277827960506,0.2687677596029232,-0.9632050100565431,-0.9907585503180235,-0.1356373656914954,-0.7535374462133568,0.65740498716868,0.413881029301489,-0.9103309802397916,0.977325682728074,0.21174161112097017,-0.6277970965523135,-0.7783770330376437,0.9429679297403607,-0.332883588482788,0,1,0,0,99,26
1701677940,12,4,0,979,020.3,0.3,093,1,0,0,0,0,0,0,-0.9234237442034923,0.3837819545538891,-0.5550756909855227,0.8317998420755708,-0.2900001361417173,0.9570266041431583,0.14658341628035845,-0.989198312812744,-0.9972959221847706,-0.07349043198694676,-0.7326289756715014,0.6806282274535245,0.399607164942319,-0.9166864860609445,0.9789500717761209,0.2040998700869938,-0.6308328343994969,-0.7759187683279074,0.942315968326948,-0.33472468662476373,0,1,0,0,99,27
1701678060,12,4,0,981,020.3,0.3,093,1,0,0,0,0,0,0,0.733251813680783,0.6799571881624918,0.40002675650355446,0.9165034610306968,0.20432393272607985,0.9789033305262315,-0.10270508622694526,-0.9947118503682942,-0.9986770875433896,0.051420568023436815,-0.68868695064469,0.7250588141742147,0.3707702697262722,-0.9287246131588779,0.9820195041746569,0.1887794835795486,-0.6368753867203738,-0.7709667579019048,0.9410012640538548,-0.3384030452715336,0,1,0,0,99,29
1701678120,12,4,0,982,020.3,0.3,093,1,0,0,0,0,0,0,0.9683418904640227,-0.24962768911433375,0.7904516712343437,0.6125244121199033,0.4401565561706975,0.8979210466738997,-0.22591918170675576,-0.9741460482581397,-0.9935154876140935,0.11369685954735136,-0.6656963048014645,0.7462227748961269,0.3562142789837832,-0.9344042954995784,0.9834643601828127,0.18110177318350804,-0.6398821089921534,-0.7684730877472249,0.9403385262093713,-0.34024029174450743,0,1,0,0,99,29
1701678180,12,4,0,983,020.3,0.3,093,1,0,0,0,0,0,0,0.31314289889206726,-0.9497060202365112,0.9873464488811694,0.1585780245864616,0.648622376816256,0.7611103811492987,-0.3456078839166587,-0.938379022876497,-0.9844742309670926,0.17552916726786882,-0.6420556178136483,0.766658061741957,0.3415713236339103,-0.9398558564327716,0.9848491905953854,0.17341300926866535,-0.6428790674502222,-0.7659676916387091,0.9396722012592235,-0.3420762403041834,0,1,0,0,99,30
1701678240,12,4,0,984,020.3,0.3,093,1,0,0,0,0,0,0,-0.6299582297887875,-0.7766290161469486,0.9425043809306535,-0.3341937939677003,0.8167599996228085,0.5769775585030581,-0.45990349068959124,-0.8879689066918555,-0.9715886235161092,0.23667603734656428,-0.617787974410896,0.7863447200008926,0.3268449785441926,-0.9450779650380419,0.9861739108894643,0.16571366111754054,-0.6458662163646817,-0.7634506078056198,0.9390022917452384,-0.3439108839469756,0,1,0,0,99,32
1701678300,12,4,0,985,020.3,0.3,093,1,0,0,0,0,0,0,-0.9938786672030538,0.11047712377990915,0.6669043695388758,-0.7451433163425373,0.9341154415655855,0.3569710658144878,-0.5670224573090171,-0.8237023327071764,-0.9549089832824844,0.2968986925643355,-0.5929170715351618,0.8052635259852315,0.3120388389405784,-0.9500693464124689,0.9874384402109503,0.15800419865866083,-0.6488435101553144,-0.7609218746555592,0.9383288002229173,-0.3457442156742762,0,1,0,0,99,34
1701678360,12,4,0,986,020.3,0.3,093,1,0,0,0,0,0,0,-0.4440316414971394,0.8960111055948782,0.22802290938096753,-0.9736557670950443,0.9933921096664309,0.11476984121483252,-0.665293228127706,-0.7465821593149787,-0.9345004439043832,0.3559619647413339,-0.567467195201038,0.8233960058019877,0.29715651952970196,-0.9548287819818765,0.9886427013794914,0.15028509243787871,-0.6518109033922803,-0.7583815307738838,0.9376517292614257,-0.34757622849248204,0,1,0,0,99,39
1701678420,12,4,0,987,020.3,0.3,093,1,0,0,0,0,0,0,0.5140560276444147,0.8577566090928386,-0.26668651157038425,-0.9637833286306727,0.9909044678047104,-0.13456721623286869,-0.7531823206345422,-0.657811821027538,-0.9104427002913302,0.413635213063674,-0.5414631967808735,0.8407244533923329,0.28220165361640515,-0.9593551097983304,0.9897866208931929,0.14255681358965214,-0.6547683507968096,-0.7558296149231162,0.9369710814435833,-0.3494069154130209,0,1,0,0,99,38
1701678480,12,4,0,988,020.3,0.3,093,1,0,0,0,0,0,0,0.9995229556605263,0.030884641938116356,-0.6961017734720562,-0.7179431181988293,0.9268071855026884,-0.3755375359409301,-0.8293182549362247,-0.5587765492838215,-0.8828296974172939,0.4696932247308761,-0.5149304687378307,0.8572319478212639,0.2671778922167178,-0.9636472248238107,0.9908701289331036,0.13481983380828896,-0.6577158072418934,-0.7532661660423522,0.9362868593658549,-0.3512362694523786,0,1,0,0,99,38
1701678540,12,4,0,989,020.3,0.3,093,1,0,0,0,0,0,0,0.5660330877786267,-0.8243825225826864,-0.9550870438296937,-0.2963253932903098,0.8050855213237628,-0.593158750550681,-0.8925129552422981,-0.4510217563761858,-0.8517692634675736,0.5239170944070323,-0.4878949198305757,0.8729023698006073,0.2520889031665146,-0.9677040791999916,0.9918931593674774,0.12707462531915723,-0.6606532277529729,-0.7506912232466679,0.9355990656383395,-0.3530642836321256,0,1,0,0,99,41
1701678600,12,4,0,990,020.3,0.3,093,1,0,0,0,0,0,0,-0.38786499061161595,-0.9217161976757547,-0.9802336960326743,0.19784312260506456,0.6333075387972795,-0.7739002269689111,-0.9417802893905008,-0.3362289198084311,-0.8173826887720437,0.5760950790414586,-0.46038294981381606,0.8877204174292317,0.23693837022606568,-0.9715246825040607,0.9928556497558093,0.1193216608498628,-0.6635805675086248,-0.7481048258265224,0.9349077028847613,-0.3548909509789434,0,1,0,0,99,41
1701678660,12,4,0,991,020.3,0.3,093,1,0,0,0,0,0,0,-0.9851617853645876,-0.1716282513377624,-0.7653849526015528,0.6435727420665972,0.4221535608835977,-0.9065243355990498,-0.9763514571093367,-0.21618934340173923,-0.7798042521690104,0.6260234247207771,-0.4324214236593875,0.901671621135094,0.22172999218069936,-0.9751081019905162,0.9937575413526472,0.11156141360139663,-0.6664977818412464,-0.7455070132471581,0.934212773742459,-0.35671626452465127,0,1,0,0,99,43
1701678720,12,4,0,992,020.3,0.4,093,1,0,0,0,0,0,0,-0.6767053779597042,0.7362539177759354,-0.36314327904015004,0.9317333088861682,0.184752119221718,-0.982785151720906,-0.9956869868891794,-0.09277620459766088,-0.7391806966492228,0.6735071623235863,-0.404037645323065,0.9147423578045313,0.2064674819377966,-0.9784534628188842,0.9945987791111761,0.10379435721925297,-0.669404826237736,-0.7428978251479987,0.9335142808623762,-0.3585402173062328,0,1,0,0,99,46
1701678780,12,4,0,993,020.3,0.4,093,1,0,0,0,0,0,0,0.2539108331545893,0.9672276302953418,0.12800853429490208,0.9917730663552378,-0.0641363143810206,-0.9979411471512831,-0.99948515425475,0.03208467584935907,-0.6956706563276336,0.7183608688707087,-0.3752593310827136,0.9269198640849997,0.19115456562033808,-0.9815599482672975,0.9953793116865794,0.09602096576452052,-0.6723016563401727,-0.7402773013420446,0.9328122269090507,-0.36036280236586254,0,1,0,0,99,47
1701678840,12,4,0,994,020.3,0.3,093,1,0,0,0,0,0,0,0.9510825952363544,0.3089367201199639,0.5878193939808536,0.8089921878856321,-0.30903706259473784,-0.9510499955011913,-0.9876866900746388,0.1564448856607474,-0.6494440369805748,0.7604093915979561,-0.3461145824738131,0.938192248848272,0.1757949816572247,-0.9844267999318873,0.9960990914391719,0.08824171368494811,-0.6751882279464934,-0.7376454818152647,0.9321066145606051,-0.3621840127509325,0,1,0,0,99,48
1701678900,12,4,0,995,020.3,0.3,093,1,0,0,0,0,0,0,0.7738334053999244,-0.6333891857990285,0.9037115651022257,0.42814180723270384,-0.5347233830530025,-0.8450271614666311,-0.9604757054362778,0.2783638253557463,-0.6006813525673382,0.7994885319239252,-0.3166318588487858,0.9485485048019224,0.16039247987059368,-0.9870533179119358,0.9967580744373069,0.08045707578598697,-0.6780644970111667,-0.7350024067259872,0.9313974465087359,-0.36400384151407855,0,1,0,0,99,48
1701678960,12,4,0,996,020.2,0.3,093,1,0,0,0,0,0,0,-0.11487464864560613,-0.9933799953182813,0.9983436270438855,-0.05753261979833144,-0.727163193443649,-0.68646463135462,-0.9182768186539993,0.39593899065726024,-0.5495730203270262,0.8354456866419445,-0.28683994958692166,0.9579785192377605,0.14495082056035336,-0.9894388609807482,0.9973562204600591,0.07266752720181091,-0.6809304196458655,-0.7323481164042859,0.9306847254587038,-0.36582228171320713,0,1,0,0,99,47
1701679020,12,4,0,997,020.2,0.3,093,1,0,0,0,0,0,0,-0.8979674804979512,-0.4400618183484699,0.8485463506339739,-0.5291210549824729,-0.8743915184236616,-0.4852210553023885,-0.8617485292422576,0.5073356604347912,-0.49631861720330867,0.8681404438323304,-0.25676794598203806,0.9664730839067197,0.12947377358615977,-0.9915828467421972,0.9978934929996781,0.06487354336631672,-0.6837859521201365,-0.7296826513513655,0.929968454129323,-0.3676393264115215,0,1,0,0,99,48
1701679080,12,4,0,998,020.2,0.4,093,1,0,0,0,0,0,0,-0.8554731519696874,0.5178471649618718,0.4909953335002932,-0.8711622021649791,-0.9672544138345865,-0.253808784161444,-0.7917729422509473,0.6108155269140414,-0.44112610050072903,0.8974451311679287,-0.22644521283532507,0.9740239040105557,0.11396511744705974,-0.9934847517729086,0.9983698592638173,0.05707559998410604,-0.6866310508620674,-0.7270060522389432,0.9292486352529508,-0.36945496867754857,0,1,0,0,99,48
1701679140,12,4,0,999,020.2,0.4,093,1,0,0,0,0,0,0,-0.026460752737064126,0.9996498529808264,0.013231534664836528,-0.9999124594135295,-0.9999781146138973,-0.006615912124209524,-0.7094420033111267,0.7047638213883395,-0.38421099581588014,0.92324531447182,-0.19590135978111542,0.9806236063015769,0.09842863835902424,-0.9951441117500462,0.9987852901775351,0.049274173001450816,-0.6894656724589519,-0.7243183599086285,0.9285252715754775,-0.37126920158516485,0,1,0,0,99,49
1701679200,12,4,0,1000,020.2,0.6,093,1,0,0,0,0,0,0,0.8268795405320025,0.562379076290703,-0.46777180532247614,-0.883849273431478,-0.9705280195418053,0.24098830528525864,-0.6160404591886565,0.7877145121442345,-0.32579555541456173,0.9454402445803316,-0.165166212373579,0.9862657462824945,0.08286812933059823,-0.9965605215646701,0.99913976038507,0.04146973857724405,-0.6922897736579516,-0.7216196153712994,0.9277983658563156,-0.37308201821362325,0,1,0,0,99,49
1701679260,12,4,0,1001,020.2,0.6,093,1,0,0,0,0,0,0,0.9199905975863218,-0.3919404295971039,-0.8342482932548031,-0.5513889599923525,-0.880735192890676,0.4736090370799778,-0.5130258097406125,0.8583731813960574,-0.26610789034143895,0.9639432507663658,-0.13426978296257547,0.990944814499366,0.06728738923689195,-0.9977336354206382,0.9994332482513872,0.033662773053937445,-0.6951033113667574,-0.7189098598064773,0.9270679208683895,-0.3748934116475794,0,1,0,0,99,50
1701679320,12,4,0,1002,020.2,0.7,093,1,0,0,0,0,0,0,0.1672665419737925,-0.985911712039232,-0.9964717035719659,-0.08392939878483582,-0.7361825177171881,0.676783052837157,-0.40200556411749017,0.9156372242425372,-0.20538107965129446,0.978682079186734,-0.1032422413871038,0.9946562419214826,0.05169022189214013,-0.9986631669190275,0.9996657358635004,0.02585375292846797,-0.6979062426542451,-0.716189134561698,0.9263339393981249,-0.37670337497711776,0,1,0,0,99,51
1701679380,12,4,0,1003,020.3,0.7,093,1,0,0,0,0,0,0,-0.7392416009402617,-0.6734403131973009,-0.9147240876890969,0.4040790063853225,-0.5458575792341247,0.8378779763143684,-0.2847121561205559,0.9586130544475097,-0.14385226024030748,0.9895991750318686,-0.07211388551496663,0.9973964044029506,0.03608043512105518,-0.9993488891280539,0.9998372090315638,0.018043154823174902,-0.7006985247511319,-0.7134574811518816,0.925596424245438,-0.3785119012977785,0,1,0,0,99,52
1701679440,12,4,0,1004,020.2,0.7,093,1,0,0,0,0,0,0,-0.9660944251371497,0.2581890038691042,-0.6090201130220971,0.7931547780443311,-0.3215938602925038,0.9468777054203809,-0.1629759101518061,0.9866300485542645,-0.08176170083154903,0.9966519072761223,-0.0409151116574164,0.9991626262216082,0.020461839829201516,-0.9997906346384747,0.999947657289739,0.010231455456709277,-0.7034801150506284,-0.710714941258698,0.9248553782237248,-0.38031898371058337,0,1,0,0,99,53
1701679500,12,4,0,1005,020.2,0.7,093,1,0,0,0,0,0,0,-0.30472449023565196,0.9524405414778511,-0.1542067743682958,0.9880385977981455,-0.07733499273244457,0.9970051649309911,-0.03869647961384155,0.9992510107402922,-0.01935186373075997,0.9998127351510112,-0.009676384887673313,0.9999531826918227,0.004838249072617528,-0.9999882956044592,0.9999970738968338,0.002419131614937442,-0.706250971109089,-0.707961556729932,0.9241108041598507,-0.3821246153220622,0,1,0,0,99,53
1701679560,12,4,0,1006,020.2,0.8,093,1,0,0,0,0,0,0,0.6368077356795173,0.7710226376564607,0.33836176080013775,0.9410161097602051,0.17173219010976784,0.985143672202234,0.08618679654612434,0.9962789951118698,0.043133541983763984,0.9990693156913262,0.0215717907077017,0.9997673018486167,-0.010786522873087307,-0.9999418237699174,0.9999854558367129,-0.005393339878159504,-0.7090110506466594,-0.7051973695788437,0.9233627048941395,-0.3839287892442792,0,1,0,0,99,53
1701679620,12,4,0,1007,020.2,0.8,093,1,0,0,0,0,0,0,0.992861866200276,-0.11926992347320918,0.7480875361457405,0.6636000589688005,0.4101218971423006,0.9120307174017771,0.2097251565719083,0.9777603789788624,0.10545051213990769,0.9944245519341481,0.05279890181552981,0.9986051652014795,-0.026408661443933133,-0.9996512304802809,0.9999128038184832,-0.013205482189588585,-0.7117603115479215,-0.7024224219835282,0.9226110832803626,-0.3857314985948593,0,1,0,0,99,53
1701679680,12,4,0,1008,020.2,0.8,093,1,0,0,0,0,0,0,0.4360833757535898,-0.8999062670030438,0.9746553921779337,0.22371156988067947,0.623012211003653,0.7822121099422712,0.329990825673782,0.9439841391523142,0.16735570030280691,0.9858965815825497,0.08397445569174683,0.9964679075571249,-0.04202435271884079,-0.999116586679734,0.9997791222764492,-0.021016818506448383,-0.7144987118625367,-0.6996367562862716,0.9218559421857278,-0.38753273649701414,0,1,0,0,99,54
1701679740,12,4,0,1009,020.2,0.8,093,1,0,0,0,0,0,0,-0.5216281592594221,-0.8531729387806595,0.9625936159098136,-0.27094931372799275,0.7971666430954047,0.6037593420693411,0.44510709830930517,0.8954773425579625,0.22860736803746887,0.9735187061782538,0.11506800993705027,0.9933576159113731,-0.05762978435074598,-0.9983380228938926,0.9995844193698431,-0.028826872065031227,-0.7172262098058851,-0.6968404149929053,0.9210972844908689,-0.3893324960795687,0,1,0,0,99,54
1701679800,12,4,0,1010,020.2,0.8,093,1,0,0,0,0,0,0,-0.9997571702608278,-0.02203634525193134,0.7148553508409695,-0.69927235564838,0.9217571143333747,0.3877677425673905,0.5532776235456344,0.8329969215331442,0.2889663288921875,0.9573392610598251,0.1460492022233857,0.9892773274112333,-0.07322114649732905,-0.997315729197939,0.9993287069823269,-0.03663516617992241,-0.7199427637597042,-0.6940334407721567,0.9203351130898344,-0.3911307704769872,0,1,0,0,99,54
1701679860,12,4,0,1011,020.2,0.8,093,1,0,0,0,0,0,0,-0.558714049540841,0.8293603624756096,0.29209556443430496,-0.9563891369300495,0.9890371926601268,0.14766662295513935,0.6528144365150256,0.7575178621508338,0.3481968824165189,0.937421426614208,0.17688777994224478,0.9842310263891827,-0.08879463275113347,-0.996049955170217,0.9990120007212668,-0.044441224273094576,-0.7226483322727226,-0.6912158764549992,0.9195694308900767,-0.39292755282939934,0,1,0,0,99,54
1701679920,12,4,0,1012,020.2,0.8,093,1,0,0,0,0,0,0,0.3960081916851428,0.9182469777343475,-0.20217940333482604,-0.9793485022540106,0.9948237286710673,-0.10161569206079699,0.7421642985420401,0.6702179898880674,0.4060677345664961,0.9138429815586667,0.20755362974582411,0.9782236404725319,-0.10434644106884551,-0.994541009831302,0.9986343199167806,-0.05224456990299564,-0.7253428740612937,-0.6883877650339976,0.9188002408124406,-0.3947228362826266,0,1,0,0,99,53
1701679980,12,4,0,1013,020.2,0.8,093,1,0,0,0,0,0,0,0.9866423277611509,0.16290155637702694,-0.6469538019143921,-0.7625291982530986,0.9387569435836677,-0.3445800355119992,0.8199329349135815,0.572459590053307,0.4623529009029212,0.8866959992165598,0.23801680695219837,0.9712610357716817,-0.11987277469950863,-0.9927892615685571,0.998195687620558,-0.060044726793628274,-0.7280263480100251,-0.6855491496626525,0.9180275457911523,-0.39651661398820826,0,1,0,0,99,53
1701680040,12,4,0,1014,020.2,0.8,093,1,0,0,0,0,0,0,0.6701620578277746,-0.7422148046543147,-0.9333313464826719,-0.35901615238432194,0.8243227985396018,-0.5661200613013454,0.8849067920694658,0.4657681497798313,0.5168325890557641,0.8560864879729826,0.2682475647857939,0.9633500111519651,-0.1353698431114458,-0.990795138046197,0.9976961306044534,-0.06784121886361938,-0.7306987131724058,-0.6827000736547422,0.9172513487738087,-0.39830887910342766,0,1,0,0,99,53
1701680100,12,4,0,1015,020.2,0.8,093,1,0,0,0,0,0,0,-0.26246211746178244,-0.9649422971854211,-0.9911968263633165,0.1323965687141833,0.6586362544249356,-0.7524614836369312,0.9360719746998442,0.35180855330923155,0.5692940570086642,0.8221339773142914,0.2982163834246105,0.954498291594671,-0.1508338629176634,-0.9885591261008799,0.9971356793588524,-0.07563357025527759,-0.7333599287714313,-0.679840580483661,0.9164716527213651,-0.40009962479133804,0,1,0,0,99,53
1701680160,12,4,0,1016,020.2,0.8,093,1,0,0,0,0,0,0,-0.9537798323630459,-0.3005062917436509,-0.8063827539523806,0.5913939922996974,0.45199889806298343,-0.892018495407942,0.972630067242408,0.23235910202965793,0.6195324438519512,0.784971051068018,0.3278939988258263,0.9447145206537312,-0.16626105879951092,-0.9860817716228536,0.9965143680908102,-0.08342130536363722,-0.7360099542002259,-0.6769707137817569,0.9156884606081254,-0.40188884422078897,0,1,0,0,99,51
1701680220,12,4,0,1017,020.2,0.8,093,1,0,0,0,0,0,0,-0.7681967679707804,0.6402138124714641,-0.42413805979217184,0.9055975409837044,0.2172584394405608,-0.9761141175558584,0.9940105928902011,0.10928376467742497,0.6673515697601134,0.7447428296658603,0.3572514313016393,0.9340082520154359,-0.18164766442837085,-0.9833636794226833,0.9958322347219645,-0.09120394886548673,-0.7386487490226619,-0.6740905173396645,0.9149017754217292,-0.4036765305664521,0,1,0,0,99,54
1701680280,12,4,0,1018,020.1,0.8,093,1,0,0,0,0,0,0,0.12366286217291594,0.9923242899975806,0.061950423737127995,0.9980792278165047,-0.030990096672124958,-0.9995196916060495,0.9998799156913918,-0.015496909271697935,0.7125647020698184,0.7016064034515015,0.3862600138174404,0.9223899401694224,-0.19698992338515384,-0.980405513083597,0.99508932088622,-0.09898102574838,-0.7412762729739769,-0.6712000351056382,0.9141116001631415,-0.40546267700884736,0,1,0,0,99,52
1701680340,12,4,0,1019,020.1,0.8,093,1,0,0,0,0,0,0,0.9018274271353413,0.43209639163785063,0.5328712829390178,0.846196310449842,-0.27731181867183197,-0.9607799723271302,0.9901464468267132,-0.14003575913471147,0.7549952844669665,0.6557302192461807,0.41489141998468665,0.9098709302000424,-0.21228409007737442,-0.9772079947994803,0.9942856719272083,-0.10675206133962863,-0.7438924859613884,-0.6682993111848804,0.9133179378466407,-0.40724727673436906,0,1,0,0,99,49
1701680460,12,4,0,1021,020.1,0.8,093,1,0,0,0,0,0,0,0.017611506143138743,-0.9998449053985173,0.9999612255979022,0.008806094522619302,-0.7039864719855704,-0.7102133814997501,0.9247197903959204,-0.38064853769602863,0.8308575502744224,0.5564851580698138,0.47091126655145243,0.8821805818736359,-0.24271322391493633,-0.9700980831528419,0.9924963685457096,-0.12227411182903393,-0.749090819536935,-0.6624673154846834,0.9117201641635122,-0.4108118088098957,0,1,0,0,99,47
1701680520,12,4,0,1022,020.2,0.8,093,1,0,0,0,0,0,0,-0.8318249398218998,-0.5550380793155483,0.8817704007607503,-0.4716788741741842,-0.8578108399216532,-0.5139655269693756,0.8700475639208972,-0.49296778445990996,0.8639929931602194,0.5035038309387974,0.4982450045214717,0.8670362826718376,-0.25784076222366625,-0.9661874255732781,0.9915108233330784,-0.13002417934123234,-0.7516728608048957,-0.6595361326943231,0.9109160588919055,-0.41259172756229423,0,1,0,0,99,46
1701680580,12,4,0,1023,020.2,0.8,093,1,0,0,0,0,0,0,-0.9164853722719367,0.4000681972008891,0.5476914289995375,-0.8366804040973139,-0.9583006845706921,-0.2857617853236206,0.8017985362058291,-0.5975944338246381,0.8937545618973471,0.4485563321230467,0.5250922146999293,0.8510453372538523,-0.2729053524082549,-0.9620408871908336,0.9904647614102264,-0.1377663108476931,-0.7542434324698137,-0.6565948861940317,0.9101084787524044,-0.41437007240265816,0,1,0,0,99,44
1701680640,12,4,0,1024,020.2,0.8,093,1,0,0,0,0,0,0,-0.15853338004399595,0.9873536182198484,0.07951849401287635,-0.996833390848202,-0.9992080341070627,-0.03979075993115771,0.7210377105017316,-0.6928958219201651,0.9200260381967906,0.39185723042955,0.5514266812416906,0.8342233605065102,-0.2879033166650653,-0.9576594803233847,0.9893582466233818,-0.14550003380861354,-0.7568024953079283,-0.6536436208636119,0.9092974268256817,-0.4161468365471424,0,1,0,0,99,46
1701680700,12,4,0,1025,020.2,0.8,093,1,0,0,0,0,0,0,0.7451734706822545,0.6668706760619807,-0.4081233416125689,-0.9129267977395507,-0.9779894676681213,0.2086542621904108,0.6290253324825595,-0.7773848024596348,0.9427048325058154,0.3336279346370484,0.5772226889870805,0.8165867788046315,-0.3028309934562251,-0.9530442746285798,0.9881913465085038,-0.1532248761974051,-0.7593500102710887,-0.6506823817357417,0.9084829062056539,-0.4179220132179318,0,1,0,0,99,46
1701680760,12,4,0,1026,020.2,0.8,093,1,0,0,0,0,0,0,0.9637712690067693,-0.2667300902355814,-0.7958423494121124,-0.6055038851090959,-0.8959642529445848,0.4441261728894752,0.5271972245329658,-0.8497429531597998,0.9617023846179752,0.27409582889949297,0.6024550485723009,0.7981528139709504,-0.3176847384035387,-0.948196396842698,0.9869641322871612,-0.16094036652950375,-0.7618859384873512,-0.6477112139952867,0.9076649199994695,-0.41969559564326697,0,1,0,0,99,48
1701680820,12,4,0,1027,020.2,0.8,093,1,0,0,0,0,0,0,0.29628220726538684,-0.955100441659384,-0.9887113941033004,-0.14983250371767806,-0.7582323205052914,0.6519844692484331,0.41714238022021144,-0.9088411492797939,0.9769445094988235,0.2134933848157902,0.6270991210264171,0.7789394664592975,-0.33246092517820985,-0.9431170305055724,0.9856766788621846,-0.1686460338911467,-0.7644102412615711,-0.6447301629786113,0.9068434713274974,-0.42146757705746996,0,1,0,0,99,48
1701680880,12,4,0,1028,020.2,0.8,093,1,0,0,0,0,0,0,-0.6436073494603881,-0.7653558516929062,-0.9395094070026404,0.34252310017507853,-0.5733571748155426,0.8193055291449822,0.3005781685810014,-0.953757183235068,0.9883716869768853,0.1520572536331825,0.6511308418308941,0.7589654977774624,-0.3471559463861577,-0.9378074156716458,0.9843290648130953,-0.17634140796811468,-0.7669228800759939,-0.6417392741728861,0.9060185633233147,-0.4232379507009703,0,1,0,0,99,49
1701680940,12,4,0,1029,020.2,0.8,093,1,0,0,0,0,0,0,-0.9917672772396455,0.12805337870068162,-0.6602827505316636,0.7510171032342345,-0.3528334570061104,0.9356861394811389,0.17932353515205574,-0.9837901553383066,0.9959392941686522,0.09002734212919263,0.674526744418191,0.738250412166899,-0.3617662144487106,-0.9322688486072296,0.9829213723913093,-0.18402601907443744,-0.7694238165908427,-0.6387385932153945,0.9051901991336944,-0.4250067098203306,0,1,0,0,99,49
1701681000,12,4,0,1030,020.2,0.9,093,1,0,0,0,0,0,0,-0.428100944093906,0.903730923265275,-0.21939584856455807,0.9756359267844935,-0.11037226376111557,0.9938903175865266,0.05527061793337119,-0.9984714111046261,0.9996177797299891,0.027645875780791213,0.6972639830864666,0.7168144375571656,-0.37628816247846175,-0.926502681474038,0.9814536875151161,-0.19169939818106102,-0.7719130126449032,-0.6357281658928362,0.9043583819185943,-0.42677384766827253,0,1,0,0,99,51
1701681060,12,4,0,1031,020.2,0.9,093,1,0,0,0,0,0,0,0.5291594227631156,0.8485224247484602,0.27520680882886944,0.9613850489654133,0.13895134226517336,0.9902992095739078,-0.06964477879242692,-0.9975718544480663,0.9993927792534991,-0.03484354712090696,0.7193203553080181,0.6946785058136941,-0.3907182451500736,-0.9205103219990785,0.9799260997644359,-0.19936107694447477,-0.7743904302561063,-0.6327080381406281,0.9035231148511443,-0.4285393575037022,0,1,0,0,99,51
1701681120,12,4,0,1032,020.2,0.9,093,1,0,0,0,0,0,0,0.9999130566754362,0.013186322079561247,0.7024292412479847,0.7117535816838442,0.37963562682930313,0.9251360931462582,-0.19347339203846847,-0.9811055226493881,0.9952651713612277,-0.0971969067167568,0.740674323409674,0.6718642322981792,-0.4050529395658183,-0.914293233130974,0.9783387023753517,-0.20701058773529676,-0.7768560316221071,-0.6296782560422042,0.9026844011176343,-0.4303032325917363,0,1,0,0,99,56
1701681180,12,4,0,1033,020.2,0.9,093,1,0,0,0,0,0,0,0.5513512376156806,-0.8342732242974464,0.9576724973333646,0.28786001433209996,0.5967160068524642,0.8024524952706235,-0.3142829177106008,-0.9493293673090029,0.9872510742736629,-0.1591707144719108,0.7613050356039657,0.6483938947615443,-0.41928874611564265,-0.9078529326828064,0.9766915922344183,-0.21464746366681534,-0.7793097791208626,-0.6266388658283113,0.9018422439175022,-0.43206546620372743,0,1,0,0,99,56
1701681240,12,4,0,1034,020.2,0.9,093,1,0,0,0,0,0,0,-0.40412036662142653,-0.9147058157034773,0.9784441260755459,-0.20651172399711681,0.7766954757165503,0.6298762878545608,-0.43018816356650214,-0.9027392447031869,0.9753817828684281,-0.22052296399333682,0.7811923463505441,0.6242904115900961,-0.4334221893315477,-0.9011909929615631,0.9749848698727491,-0.22227123862348555,-0.7817516353112047,-0.6235899138763048,0.900996646463322,-0.43382605161729004,0,1,0,0,99,56
1701681300,12,4,0,1035,020.2,0.9,093,1,0,0,0,0,0,0,-0.9880455694833501,-0.15416209853372645,0.7596585083225641,-0.6503221899436746,0.908383781763984,0.41813742361592404,-0.5393804670101041,-0.8420621781127342,0.9597036464744557,-0.28101407605960405,0.8003168360279583,0.5995773194261087,-0.4474498187360742,-0.8943090403842815,0.9732186394598804,-0.22988144728937843,-0.7841815629334122,-0.6205314467094402,0.9001476119807906,-0.43558498211632585,0,1,0,0,99,57
1701681360,12,4,0,1036,020.1,1.0,093,1,0,0,0,0,0,0,-0.6635662323678801,0.7481175410729898,0.35488199371552387,-0.9349111030127383,0.9835931839466808,0.18040079959254857,-0.6401559186664806,-0.7682450128678183,0.9402778878788489,-0.34040783417261544,0.8186598298965864,0.5742787501846923,-0.46136820968468756,-0.8872087550809822,0.9713930087974131,-0.23747762517658147,-0.7865995249097795,-0.6174635109961635,0.8992951437087169,-0.4373422509910497,0,0,1,0,99,61
1701681420,12,4,0,1037,020.1,1.0,093,1,0,0,0,0,0,0,0.27099283859415124,0.9625813635380046,-0.13678200989529898,-0.9906011718996715,0.9976475259077405,-0.06855227239241818,-0.7309419513177562,-0.6824396411432962,0.9171803642532085,-0.398472306977978,0.8362034163342009,0.5484194074893877,-0.4751739642018554,-0.8798918704844896,0.9695080893124332,-0.2450593086535486,-0.7890054843451814,-0.6143861535493991,0.898439244899008,-0.4390978515380148,0,0,1,0,99,61
1701681480,12,4,0,1038,020.1,1.0,093,1,0,0,0,0,0,0,0.9564023435002251,0.29205231953757416,-0.5949570070443855,-0.8037575254818999,0.9496729767351233,-0.3132430961075599,-0.8103218792885825,-0.5859850270665796,0.8905012709330009,-0.45498075395197785,0.8529304643263652,0.5220245425494965,-0.4888637118106147,-0.8723601729072392,0.9675639960507106,-0.2526260349733978,-0.7913994045276372,-0.6112994213258353,0.8975799188166576,-0.44085177706013884,0,0,1,0,99,61
1701681540,12,4,0,1039,020.1,1.0,093,1,0,0,0,0,0,0,0.7624999444675773,-0.6469882801774245,-0.9074657790179816,-0.4201260048024732,0.8426523615354298,-0.5384579812750141,-0.8770570053522787,-0.4803863126302549,0.8603447892067038,-0.5097125108184736,0.8688246401945774,0.4951199295027046,-0.5024341103554253,-0.8646155011051747,0.9655608476696781,-0.26017734230215483,-0.7937812489288705,-0.6082033614252083,0.8967171687397337,-0.44260402086672895,0,0,1,0,99,62
1701681660,12,4,0,1041,020.1,1.0,093,1,0,0,0,0,0,0,-0.9056167181092594,-0.4240971113801818,-0.8438296959043874,0.5366110735997806,0.4813465105307295,-0.8765303969628722,-0.9686409027505684,-0.2484648899111581,0.790083821474392,-0.6129988214054094,0.8980531224280135,0.4398870187869782,-0.529203638126677,-0.8484948493617914,0.9613778781940511,-0.27523185738410494,-0.7985085651964244,-0.601983447702632,0.8949814097797317,-0.4461034366026381,0,0,1,0,99,62
1701681720,12,4,0,1042,020.1,1.0,093,1,0,0,0,0,0,0,-0.8461722149944356,0.5329095444551641,-0.483265173349392,0.8754740271576206,0.2495255225847443,-0.9683682221029407,-0.9920605379972889,-0.12576123786178975,0.7502537030437737,-0.6611500442933549,0.9113588876763519,0.41161265511804,-0.5423962319568417,-0.8401228050463933,0.9591983124063536,-0.2827341462872912,-0.8008539649297153,-0.5988596887889135,0.8941084075180463,-0.4478505951827498,0,0,1,0,99,58
1701681780,12,4,0,1043,020.1,1.1,093,1,0,0,0,0,0,0,-0.008760879736830363,0.999961622756712,-0.004380481896321661,0.9999904056431521,0.002190246201668042,-0.9999976014079114,-0.999999400351798,-0.001095123757523013,0.7074938599583473,-0.7067194904070769,0.9237747264368832,0.38293635867655806,-0.5554564075260281,-0.8315456567971954,0.9569602020975573,-0.2902191785554537,-0.803187144616824,-0.5957267920131452,0.8932319945045478,-0.4495960453489637,0,0,1,0,99,60
1701681840,12,4,0,1044,020.1,1.1,093,1,0,0,0,0,0,0,0.8367051679479498,0.5476535966550325,0.4755767042996153,0.8796742569426005,-0.24528120908194284,-0.9694519732670104,-0.992333606522275,0.12358807938670624,0.6619712684902925,-0.7495292120346966,0.935288514853758,0.3538861313793629,-0.5683809763796802,-0.8227654986019294,0.9546636838703799,-0.297686497340802,-0.8055080686562991,-0.5925848051794772,0.8923521740824856,-0.45133978044291795,0,0,1,0,99,61
1701681900,12,4,0,1045,020.1,1.1,093,1,0,0,0,0,0,0,0.9129083428849631,-0.4081646205773236,0.8390961269655949,0.5439831704302425,-0.4775022667850685,-0.8786305168926932,-0.9691827786575381,0.24634273188720912,0.6138636933850995,-0.7894120381293944,0.9458890099079792,0.32449034028042,-0.5811667831696767,-0.8137844740102934,0.9523088978924573,-0.30513564687668543,-0.8078167016336953,-0.5894337762307631,0.891468949608107,-0.45308179381279323,0,0,1,0,99,61
1701681960,12,4,0,1046,020.1,1.1,093,1,0,0,0,0,0,0,0.14978779746606605,-0.9887181679984771,0.9971755532498972,0.07510603172023837,-0.6800345462841435,-0.7331800705557395,-0.930908177683422,0.36525328844807164,0.5633589936940424,-0.8262122271087713,0.9555658603960198,0.2947776898708828,-0.593810706424664,-0.8046047756106357,0.9498959878877886,-0.3125661725054107,-0.8101130083221139,-0.5862737532478276,0.8905823244506449,-0.45482207881333797,0,0,1,0,99,61
1701682020,12,4,0,1047,020.1,1.1,093,1,0,0,0,0,0,0,-0.7510469581613124,-0.6602487914692763,0.9111116263853942,-0.41215968296930966,-0.8402855713890695,-0.5421440385315928,-0.8781070659468562,0.4784641896048268,0.5106543891886044,-0.8597860750223938,0.964309617037597,0.2647771940496445,-0.606309659312119,-0.795228644494665,0.9474251011279639,-0.3199776207059917,-0.8123969536827399,-0.5831047844487336,0.889692301992305,-0.4565606288058938,0,0,1,0,99,61
1701682080,12,4,0,1048,020.1,1.1,093,1,0,0,0,0,0,0,-0.9613726040856847,0.2752502790434721,0.6019757972528995,-0.7985143326964996,-0.9482917095220488,-0.31740011602352985,-0.8116033871367004,0.5842088171092894,0.45595569022148996,-0.8900024767126464,0.9721117417027341,0.23451814779175792,-0.618660590391954,-0.7856583697103207,0.9448963884231754,-0.3273695391218304,-0.8146685028653773,-0.5799269181880462,0.8887988856282523,-0.4582974371584211,0,0,1,0,99,63
1701682140,12,4,0,1049,020.1,1.1,093,1,0,0,0,0,0,0,-0.28781671141059484,0.95768551238535,0.14545529831300405,-0.9893648246186414,-0.9973376621332019,-0.07292179160360307,-0.7324349089180564,0.6808370614164585,0.39947649404160285,-0.9167434377775656,0.9789646157490999,0.2040300985423896,-0.6308604843614832,-0.7758962877029344,0.9423100041130134,-0.334741476588326,-0.8169276212089802,-0.5767402029560944,0.8879020787665987,-0.4600324972455237,0,0,1,0,99,65
1701682260,12,4,0,1051,020.1,1.1,093,1,0,0,0,0,0,0,0.9905949860791541,-0.13682680130310884,-0.7539319602268857,-0.6569525092032494,-0.9102067098201511,0.4141542531453411,-0.541223496743563,0.8408787823299329,0.2820649018134543,-0.9593953257989984,0.9897967785861395,0.14248626986661125,-0.6547952848537429,-0.7558062813534336,0.9369648556251813,-0.3494236101400179,-0.8214084276838222,-0.5703404202140955,0.8860983072475919,-0.463497346155242,0,0,1,0,99,65
1701682320,12,4,0,1052,020.1,1.0,093,1,0,0,0,0,0,0,0.42008497191934335,-0.9074847747304219,-0.9765973517090915,-0.21507582996419908,-0.7794471854988634,0.6264679441263539,-0.4321643529223842,0.9017948614087224,0.22159099552021236,-0.9751396980455473,0.9937654899536277,0.11149058694448753,-0.6665243480382065,-0.7454832616982381,0.9342064176878251,-0.35673291010345676,-0.8236300474434674,-0.5671274503568591,0.8851913494710788,-0.46522712176051223,0,0,1,0,99,60
1701682380,12,4,0,1053,020.1,1.0,093,1,0,0,0,0,0,0,-0.5366492281020062,-0.8438054313510437,-0.96015765146955,0.27945891348188945,-0.6002254103743486,0.7998308925897678,-0.3163614289149613,0.9486387332883283,0.16025178113155528,-0.9870761706394112,0.9967638061846475,0.0803860353562382,-0.6780906888623977,-0.7349782429964299,0.9313909606058107,-0.36402043692873215,-0.8258390996219337,-0.5639058268324897,0.8842810149586188,-0.4669551226657173,0,0,1,0,99,60
1701682440,12,4,0,1054,020.1,1.0,093,1,0,0,0,0,0,0,-0.9999906026910859,-0.0043352657956364895,-0.708637871481491,0.7055723684372722,-0.3836845263772881,0.9234642300699232,-0.19562179061913934,0.9806794150154073,0.09828678696699936,-0.995158131910554,0.9987887994742818,0.049202988168636434,-0.6894914835700886,-0.7242937898976618,0.9285186562201273,-0.371285745822768,-0.8280355505118026,-0.5606755987989989,0.8833673071828612,-0.4686813422790591,0,0,1,0,99,62
1701682500,12,4,0,1055,020.1,1.0,093,1,0,0,0,0,0,0,-0.5439452288589227,0.8391207231391763,-0.2836188259449852,0.9589370999025891,-0.14328799687589133,0.9896810344506428,-0.07182953970810732,0.9974169224678923,0.03593798500269404,-0.9993540219731675,0.9998384924509477,0.017971895098076136,-0.700723948820762,-0.7134325108579214,0.9255896798414299,-0.37852839334855626,-0.830219366597936,-0.557436815545692,0.8824502296293236,-0.47040577401553435,0,0,1,0,99,62
1701682560,12,4,0,1056,020.0,1.0,093,1,0,0,0,0,0,0,0.4122008798541881,0.9110929890233121,0.21083999973521134,0.9775205852112047,0.10601748626711377,0.9943642655514137,0.05308358714605824,0.9985900724399912,-0.026551154023966794,-0.99964745596635,0.9999118601072672,-0.013276747223059479,-0.711785342369123,-0.7023970575027135,0.9226042102393402,-0.3857479374522218,-0.8323905145579873,-0.5541895264924167,0.8815297857963782,-0.4721284112969602,0,0,1,0,99,63
1701682620,12,4,0,1057,020.0,1.0,093,1,0,0,0,0,0,0,0.9893714005911104,0.1454105625200062,0.6536778401781698,0.7567729390378617,0.3487313156013798,0.937222742745251,0.1771683623770749,0.9841805583187596,-0.088936611362364,-0.9960372880366376,0.9990088308009688,-0.044512425025841795,-0.7226729637345795,-0.6911901239797044,0.9195624296315352,-0.39294393749000356,-0.8345489612629098,-0.5509337811888088,0.8806059791952382,-0.473849247551999,0,0,1,0,99,63
1701682680,12,4,0,1058,020.0,0.9,093,1,0,0,0,0,0,0,0.6569184183445477,-0.7539616645690269,0.9364725475338364,0.3507408840091023,0.5697627207842304,0.8218092491597738,0.29848848456869004,0.9544132357526728,-0.15097477313665228,-0.9885376158125377,0.9971302863248458,-0.07570463720097437,-0.7333841548605254,-0.6798144463009835,0.9164645236726252,-0.4001159542551487,-0.8366946737774624,-0.5476696293135358,0.8796788133499452,-0.4755682762161834,0,1,0,0,99,63
1701682740,12,4,0,1059,020.0,0.9,093,1,0,0,0,0,0,0,-0.2795023281934896,-0.9601450143256585,0.9899861146313261,-0.14116477194105753,0.7553690395896093,0.6552996368299553,0.41515079379066877,0.9097526138544355,-0.21242338165273203,-0.9771777253535908,0.9942780610456994,-0.10682292508260853,-0.7439163007632675,-0.6682728016751062,0.9133106814428227,-0.40726355000471987,-0.8388276193607123,-0.5443971206735393,0.8787482917973551,-0.47728549073194165,0,1,0,0,99,61
1701682800,12,4,0,1060,020.0,0.8,093,1,0,0,0,0,0,0,-0.9589499231814597,-0.2835754658468757,0.8011165538942744,-0.5985083684265092,0.8940101700837942,0.44804666697426215,0.5253348137263215,0.8508956066916382,-0.2730424814093603,-0.9620019767889353,0.9904549401131116,-0.1378369021907137,-0.7542668301704357,-0.6565680078290772,0.9101010954364018,-0.41438628848631254,-0.8409477654665337,-0.5411163052032749,0.8778144180871248,-0.4790008845486223,0,1,0,0,99,63
1701682860,12,4,0,1061,020.0,0.8,093,1,0,0,0,0,0,0,-0.7567433812205466,0.6537120581562608,0.4161057208473222,-0.9093162426120686,0.9770660782700596,0.21293632544487498,0.6273211595965519,0.7787606581758207,-0.33259535611924834,-0.943069631091952,0.985664656739794,-0.16871628390295948,-0.7644332161487226,-0.6447029223204439,0.9068359615499497,-0.4214837349646817,-0.843055079744106,-0.5378272329639502,0.8768771957816984,-0.4807144511225192,0,1,0,0,99,65
1701682920,12,4,0,1062,020.0,0.7,093,1,0,0,0,0,0,0,0.14120953553363158,0.9899797306381459,-0.07078230485740782,-0.9974917870935445,0.9993727500521375,-0.03541336546034254,0.7195183685842713,0.6944734100524143,-0.3908494530810973,-0.9204546186674317,0.9799118885561681,-0.19943091702713533,-0.7744129767207983,-0.6326804418396639,0.9035154790704097,-0.42855545624827607,-0.8451495300384058,-0.5345299541427608,0.8759366284562944,-0.48242618391689684,0,1,0,0,99,67
1701682980,12,4,0,1063,020.0,0.7,093,1,0,0,0,0,0,0,0.909335056539327,0.4160646042967595,-0.5403403537138608,-0.8414465533522493,0.9595432646192275,-0.28156122482308416,0.8004877340793812,0.5993491366377847,-0.44757729129292034,-0.8942452506549265,0.9732022530427389,-0.22995080924523129,-0.7842036754712488,-0.6205035015029201,0.9001398506629178,-0.43560102071567736,-0.8472310843906984,-0.5312245190521249,0.8749927196988913,-0.4841360764020149,0,1,0,0,99,69
1701683040,12,4,0,1064,020.0,0.7,093,1,0,0,0,0,0,0,0.8414221201762355,-0.5403784004548374,-0.8776042389525125,-0.47938585687583785,0.8600540264645697,-0.510202970945957,0.8689657562142357,0.4948722204034305,-0.5025573497604873,-0.8645438740756395,0.9655423020447212,-0.2602461584004272,-0.7938029221413925,-0.6081750741355538,0.8967092823584335,-0.44261999834194465,-0.8492997110390256,-0.5279109781289149,0.8740454731102137,-0.48584412205515315,0,1,0,0,99,66
1701683100,12,4,0,1065,020.0,0.7,093,1,0,0,0,0,0,0,-9.043305996889882e-05,-0.9999999959109308,-0.9999999989777327,4.521653003067279e-05,0.7070907945483271,-0.7071227674633418,0.9238838583564879,0.38267298868397953,-0.5555749325320665,-0.8314664721694975,0.9569395153742731,-0.29028738159839335,-0.8032083732128275,-0.5956981695462924,0.8932239835411643,-0.44961196072486087,-0.8513553784186897,-0.5245893819336888,0.87309489230372,-0.48755031436063667,0,1,0,0,99,63
1701683160,12,4,0,1066,020.0,0.6,093,1,0,0,0,0,0,0,-0.8415198425578914,-0.540226206862775,-0.8775608830339849,0.4794652193523661,0.5101640817656776,-0.8600770951933222,0.9643850618900425,0.2645022729644093,-0.6064230070815217,-0.795142211483081,0.9474022935065866,-0.32004514409448476,-0.8124177324795677,-0.5830758337924473,0.8896841669357861,-0.45657648111107996,-0.8533980551627359,-0.5212597811499177,0.8721409809055867,-0.48925464680986036,0,1,0,0,99,56
1701683220,12,4,0,1067,020.0,0.6,093,1,0,0,0,0,0,0,-0.9092597896756762,0.4162290653942189,-0.5402642569177518,0.8414954145431272,0.28151783731841296,-0.9595559948598954,0.9898373590797367,0.1422040877403048,-0.6549030127658962,-0.7557129374770241,0.9369399493769662,-0.34949038793862125,-0.8214287516086289,-0.5703111484362632,0.8860900485944595,-0.4635131344221741,-0.85542771010243,-0.517922226583213,0.8711837425546958,-0.49095711290131394,0,1,0,0,99,54
1701683280,12,4,0,1068,020.0,0.6,093,1,0,0,0,0,0,0,-0.14103047943200392,0.9900052544664494,-0.07069209833337335,0.9974981840751515,0.035368177256176046,-0.9993743503000143,0.9998435753406666,0.01768685528840119,-0.7008256362004742,-0.713332620622526,0.9255626992869057,-0.3785943603498829,-0.8302392306889271,-0.5574072297925984,0.8824418478836433,-0.47042149728057797,-0.857444312267735,-0.5145767691605511,0.8702231809026209,-0.49265770614060683,0,1,0,0,99,52
1701683340,12,4,0,1069,020.0,0.6,093,1,0,0,0,0,0,0,0.7568616032060743,0.6535751782253751,0.41618795139613596,0.9092786091802048,-0.21298050476486718,-0.9770564490294829,0.9942475670147458,-0.10710637462475603,-0.7440115505234969,-0.6681667551499565,0.913281652928043,-0.40732864179311246,-0.8388470187683545,-0.5443672281681216,0.8787397874707056,-0.4773011480354297,-0.8594478308877828,-0.5112234599294961,0.8692592996136125,-0.4943564200404926,0,1,0,0,99,48
1701683400,12,4,0,1070,020.0,0.6,093,1,0,0,0,0,0,0,0.9588986183026019,-0.28374890275974823,0.8011706755616272,0.5984359185578068,-0.448087090553942,-0.8939899100543045,0.973136657940267,-0.23022824538454828,-0.7842921156637201,-0.6203917127974276,0.9001088025337347,-0.43566517373010916,-0.8472500143789049,-0.5311943270922096,0.8749840933103326,-0.4841516667883063,-0.8614382353913443,-0.5078623500574214,0.8682921023645849,-0.4960532481208941,0,1,0,0,99,46
1701683460,12,4,0,1071,020.0,0.8,093,1,0,0,0,0,0,0,0.2793286659192636,-0.9601955511226682,0.9899988765454909,0.1410752438901522,-0.6553337913269267,-0.7553394084417124,0.9368402767926112,-0.3497574813769446,-0.8215100368762833,-0.5701940540829303,0.8860570111688442,-0.46357628601831524,-0.8554461660497157,-0.5178917425397342,0.8711749946307384,-0.49097263541885194,-0.8634154954072958,-0.5044934908307281,0.8673215928451016,-0.4977481839089279,0,1,0,0,99,46
1701683520,12,4,0,1072,020.0,0.8,093,1,0,0,0,0,0,0,-0.6570547737201031,-0.7538428379520655,0.9364408251331382,-0.35082557065294895,-0.8218350110128397,-0.5697255608391865,0.8859248164599484,-0.4638288688518717,-0.8555199789753223,-0.5177697997895051,0.8711400001691764,-0.4910347239302405,-0.8634334728079056,-0.504462722145928,0.8673127239196736,-0.4977636376102979,-0.8653795807650819,-0.5011169336540635,0.8663477747573614,-0.4994412209389292,0,1,0,0,99,45
1701683580,12,4,0,1073,020.0,0.8,093,1,0,0,0,0,0,0,-0.9893450845645446,0.14558950390730144,0.653609400212657,-0.7568320500306859,-0.9372385102071633,-0.3486889372845904,0.8211847956716535,-0.5706623619599464,-0.8861891338647598,-0.4633236655082782,0.8553723357428267,-0.518013674767241,-0.8712099846670839,-0.49091054441352094,0.8633975169102355,-0.5045242588748726,-0.8673304614951768,-0.4977327300495354,0.8653706518161843,-0.5011323527524763,0,1,0,0,99,45
1701683640,12,4,0,1074,019.9,0.8,092,1,0,0,0,0,0,0,-0.41203608725896307,0.9111675272946924,0.21075159869536877,-0.9775396481203953,-0.9943690582777592,-0.10597252445706083,0.7436304607992672,-0.6685908597726038,-0.9133977391510787,-0.40706826222845977,0.8387694147465261,-0.5444867940416647,-0.8787738031034109,-0.47723851791234084,0.8594296125664803,-0.5112540865790997,-0.8692681078295407,-0.49434093165592724,0.8643902277489974,-0.5028215728984153,0,1,0,0,99,45
1701683700,12,4,0,1075,020.0,0.7,092,1,0,0,0,0,0,0,0.5440969884707371,0.8390223281516855,-0.28370554440151013,-0.958911447463134,-0.9896745544529105,0.14333274667162774,0.6544720212997543,-0.7560862208345116,-0.9370395458129053,-0.34922326609598076,0.8213474496508711,-0.570428231201796,-0.8861230815190957,-0.46344998047157365,0.8554092530688377,-0.5179527099689828,-0.8711924902020743,-0.4909415902279095,0.8634065062958205,-0.5045088749328849,0,1,0,0,99,45
1701683820,12,4,0,1077,020.0,0.8,092,1,0,0,0,0,0,0,0.5364966035106962,-0.8439024792127862,-0.9601829198680807,-0.2793720823446877,-0.7998037516618335,0.6002615753383321,0.44706734652715796,-0.8945003005416857,-0.9732677690496294,-0.22967335441700054,0.7841152193450273,-0.6206152776007853,-0.9001708942197546,-0.43553686548856846,0.847212153326594,-0.5312547103374385,-0.8750013458096617,-0.4841204858620225,0.8614291862544543,-0.5078776989285795,0,1,0,0,99,45
1701683880,12,4,0,1078,020.0,0.8,092,1,0,0,0,0,0,0,-0.4202490982977543,-0.9074087807487452,-0.9765778977502884,0.21516414577161172,-0.6264326995888658,0.7794755114086689,0.3320575918356115,-0.943259113766909,-0.9857127151880788,-0.16843527871721392,0.7643413107758908,-0.6448118800405224,-0.9068659989327317,-0.4214191025330233,0.8430359133907117,-0.5378572754304699,-0.8768857609262651,-0.4806988270058135,0.8604355952091398,-0.5095592080387649,0,1,0,0,99,46
1701683940,12,4,0,1079,020.0,0.9,092,1,0,0,0,0,0,0,-0.9906197172092625,-0.13664763399430246,-0.7538725469183444,0.6570206868910968,-0.414113096332936,0.9102254355079012,0.21186618948300692,-0.9772986840029769,-0.9943084742681662,-0.10653946685858495,0.7438210358878623,-0.6683788346220334,-0.9133397053183534,-0.4071984561475931,0.8388082188878436,-0.5444270124876276,-0.8787567958450243,-0.4772698332769275,0.8594387218635565,-0.5112387733354506,0,1,0,0,99,47
1701684060,12,4,0,1081,020.0,1.0,092,1,0,0,0,0,0,0,0.28798991956502257,0.9576334404295476,0.14554476900674315,0.989351666605345,0.07296688767740807,0.9973343638432762,-0.03650778106598482,-0.9993333687622155,-0.9998333283008262,0.018256933447111743,0.7006222472034728,-0.7135323865975222,-0.9256166556943328,-0.37846242442445843,0.8301995014526503,-0.5574664005908974,-0.8824586110948482,-0.4703900506011488,0.8574351434951651,-0.5145920468676383,0,0,1,0,99,48
1701684120,12,4,0,1082,020.0,1.0,092,1,0,0,0,0,0,0,0.9614223718109872,0.2750763948093979,0.6020480068859135,0.7984598909179464,0.3174429941596235,0.9482773568207633,-0.16081455652277984,-0.9869846393994092,-0.9967408488166343,0.08067019462165342,0.677985916291167,-0.7350748923142639,-0.9314169024433323,-0.36395405457676666,0.8258190039520665,-0.5639352557799668,-0.8842893349407667,-0.46693936663127533,0.8564284461153995,-0.5162657423114207,0,0,1,0,99,49
1701684180,12,4,0,1083,020.0,1.1,092,1,0,0,0,0,0,0,0.7509275292403622,-0.6603846196187226,0.9111488955211224,0.412077286671613,0.5421820327751498,0.8402610566578738,-0.2826118746108577,-0.959234344844333,-0.9897561176482652,0.1427684404125557,0.6546875436372088,-0.7558996098730821,-0.9369897571139938,-0.34935683056648387,0.8213881027159098,-0.5703696912676532,-0.8861065656194105,-0.46348155774116123,0.8554184817214208,-0.5179374683583139,0,0,1,0,99,51
1701684240,12,4,0,1084,020.0,1.0,092,1,0,0,0,0,0,0,-0.14996662063412206,-0.9886910602890983,0.9971687571041068,-0.07519620904973118,0.7332108186087175,0.6800013937302882,-0.3999991289176214,-0.916515519162193,-0.9789064100214568,0.2043091784989199,0.630749879707115,-0.7759862042906819,-0.9423338591737755,-0.33467431609649856,0.8169070681835537,-0.5767693143291786,-0.8879102754020753,-0.46001667669271595,0.8544052541659362,-0.5196072186311907,0,0,1,0,99,51
1701684300,12,4,0,1085,020.0,1.0,092,1,0,0,0,0,0,0,-0.9129821511040995,-0.40799949971210886,0.8390469294717993,-0.5440590502362271,0.8786521069900838,0.47746253767378066,-0.5111445306007976,-0.8594947753400776,-0.964234093812306,0.26505209361550275,0.6061962992234847,-0.7953150613484894,-0.9474479039368047,-0.3199100956921418,0.8123761738542502,-0.5831337343645359,-0.8897004367663691,-0.45654477635576124,0.8533887673141008,-0.5212749867604616,0,0,1,0,99,51
1701684360,12,4,0,1086,020.0,1.0,092,1,0,0,0,0,0,0,-0.8366061022818767,0.5478049193140986,0.47549715072011806,-0.8797172612021713,0.9694630630411277,0.24523737357693737,-0.6143136928406621,-0.7890619030142494,-0.9457964641016188,0.32475998597868444,0.5810507783409793,-0.8138673067456035,-0.9523306428823981,-0.30506777382607664,0.8077956962704359,-0.5894625629223299,-0.8914770223966318,-0.4530659097072247,0.8523690250435033,-0.5229407663840979,0,0,1,0,99,51
1701684480,12,4,0,1088,020.0,1.0,092,1,0,0,0,0,0,0,0.846268586435398,0.5327564918540488,-0.48334434316848646,-0.8754303204293443,0.9683569384347241,-0.24956930858045798,-0.7904332067228887,-0.6125482394960996,-0.8979276806892913,0.4401430224960407,0.5290826861200238,-0.8485702747846052,-0.9613974918795568,-0.27516333805159693,0.7984871126234903,-0.6020119026848236,-0.8949893582285835,-0.4460874899137928,0.850319789818452,-0.5262663347043051,0,0,1,0,99,57
1701684540,12,4,0,1089,020.0,1.1,092,1,0,0,0,0,0,0,0.9055399984980432,-0.42426089982481757,-0.8438782198353082,-0.5365347613040475,0.8765086312478753,-0.4813861437016818,-0.860635272255815,-0.5092218849864557,-0.8686834535624746,0.4953675983618349,0.5023108607417149,-0.8646871105671216,-0.9655793883899764,-0.26010852488228686,0.7937595747083266,-0.6082316479425061,-0.8967250548363489,-0.4425880432509977,0.8492903046812078,-0.5279261107148435,0,0,1,0,99,56
1701684600,12,4,0,1090,020.0,1.0,092,1,0,0,0,0,0,0,0.13226211205325097,-0.9912147767841303,-0.9978012770046274,-0.06627678030754695,0.7301632626705986,-0.683272719963432,-0.9174074122121076,-0.39794929327526646,-0.8360470361394945,0.5486577743569909,0.4750485373322441,-0.8799595940601451,-0.9695255525410729,-0.24499020994710669,0.7889835897999105,-0.6144142698753396,-0.8984470685230543,-0.43908184323919636,0.8482575797595906,-0.5295838728477311,0,0,1,0,99,56
1701684660,12,4,0,1091,020.0,1.0,092,1,0,0,0,0,0,0,-0.7626169502553196,-0.6468503591892605,-0.9074277820271045,0.4202080679917626,0.5384198789087553,-0.8426767078754944,-0.9598637163356823,-0.2804668359401033,-0.800145872931962,0.5998054534846681,0.4473223370877716,-0.8943728119427233,-0.9732350209334648,-0.2298120841658208,0.7841594493997445,-0.620559391127948,-0.9001553730128894,-0.4355689433786872,0.8472216189931319,-0.5312396147791093,0,0,1,0,99,56
1701684780,12,4,0,1093,019.9,1.0,092,1,0,0,0,0,0,0,-0.2708187358060818,0.9626303612168046,-0.13669242624080422,0.9906135374647382,0.0685071621630242,-0.9976506245837613,-0.9994124835581556,-0.034273717454039475,-0.7191222835700614,0.6948835451160001,0.39058702928028716,-0.9205660066274445,-0.9799403059950755,-0.19929123584914057,0.7743678828080167,-0.6327356336381172,-0.9035307503450332,-0.428523258623078,0.8451400057455208,-0.534545012780459,0,0,1,0,99,51
1701684840,12,4,0,1094,019.9,1.0,092,1,0,0,0,0,0,0,0.6637015306307652,0.7479975121872929,0.35496653913623116,0.9348790061252026,-0.18044527407887062,-0.9835850258430133,-0.9958878013719752,0.0905951824243062,-0.6743162527982304,0.7384426797065248,0.3616333227825357,-0.9323204062194833,-0.9829344856651138,-0.18395596454113236,0.7694010542432121,-0.6387660117205939,-0.9051977716832366,-0.4249905812364588,0.8440943612050903,-0.5361946562413418,0,0,1,0,99,44
1701684900,12,4,0,1095,019.9,1.0,092,1,0,0,0,0,0,0,0.9880176706221142,-0.15434079997995195,0.7597173158418702,0.6502534890410232,-0.41817849715102334,-0.9083648741120011,-0.9768226231286827,0.2140503747812637,-0.6268770314897238,0.7791182114356151,0.33232648748210314,-0.9431644107565804,-0.9856886959777362,-0.1685757830226803,0.7643872654036958,-0.6447574028180366,-0.9068509808171452,-0.4214514190164529,0.8430454967012317,-0.5378422542825857,0,0,1,0,99,47
1701684960,12,4,0,1096,019.9,0.9,092,1,0,0,0,0,0,0,0.4039549207204277,-0.9147788924246957,0.9784627975617406,0.20642323945634647,-0.6299114066849614,-0.7766669941024745,-0.9425144545582509,0.33416538263076073,-0.5769898687885426,0.8167513032223337,0.30269514100631545,-0.953087431252331,-0.9882022645319962,-0.1531544461445194,0.7593268223052967,-0.6507094412468135,-0.9084903525208217,-0.4179058259663213,0.8419934162350443,-0.5394878006191052,0,1,0,0,99,47
1701685020,12,4,0,1097,019.9,0.9,092,1,0,0,0,0,0,0,-0.5515021203580569,-0.8341734898931801,0.9576464613554367,-0.28794661840940233,-0.8024794758775462,-0.5966797221251103,-0.8934986631565573,0.44906585144881017,-0.5248495729974398,0.8511949986486088,0.2727682178621542,-0.9620797780456174,-0.9904745776761807,-0.13769571880487538,0.754220033811379,-0.6566217637251771,-0.9101158617794707,-0.41435385618745174,0.8409381238198955,-0.5411312889736409,0,1,0,0,99,47
1701685080,12,4,0,1098,019.9,0.9,092,1,0,0,0,0,0,0,-0.9999106553616806,0.013367172257978635,0.7023648723213674,-0.7118171015991323,-0.925153258006243,-0.37959379499727586,-0.8305401239546696,0.5569587978489631,-0.47065975085566697,0.8823147958209029,0.2425749411822016,-0.9701326702623984,-0.9925050806576252,-0.12220337503031901,0.7490672116139909,-0.6624940093954363,-0.9117274837898209,-0.41079556387853294,0.8398796234814049,-0.5427727130767847,0,1,0,0,99,51
1701685140,12,4,0,1099,019.9,1.0,092,1,0,0,0,0,0,0,-0.5290059451500208,0.848618117881025,0.27511986671174343,-0.96140993282809,-0.9903054914590976,-0.1389065642291789,-0.7546212838998045,0.656160588488375,-0.4146320124590147,0.9099891725972279,0.2121447941887475,-0.9772382443900842,-0.9942932777581482,-0.10668119705439141,0.7438686702148408,-0.6683258198459823,-0.9133251939605034,-0.40723100333472756,0.8388179192574297,-0.544412066667002,0,0,1,0,99,51
1701685260,12,4,0,1101,019.9,1.0,092,1,0,0,0,0,0,0,0.9917904215356813,0.127873999507623,-0.6603506646064563,-0.7509573887736983,-0.935670184620013,0.35287576512584545,-0.568825208158954,0.8224584381978962,-0.29794425804343316,0.9545832698612249,0.15069294963397442,-0.9885806163033,-0.9971410673278129,-0.07556250292539285,0.7333357017510442,-0.6798667138030098,-0.9164787814791485,-0.4000832952005059,0.8366849153655472,-0.5476845373020377,0,0,1,0,99,52
1701685380,12,4,0,1103,019.9,0.9,092,1,0,0,0,0,0,0,-0.29645494772964054,-0.9550468386244814,-0.9886978402485972,0.14992191530179746,-0.6519501839474403,0.7582618002055086,-0.3476623360349028,0.9376198057329816,-0.17660718313112056,0.9842814144676769,0.08865265233573967,-0.9960626020656727,-0.9990151655669879,-0.044370023294603905,0.7226236998931754,-0.6912416280525198,-0.9195764318566781,-0.3929111680440506,0.8345391446912633,-0.5509486509448723,0,1,0,0,99,55
1701685440,12,4,0,1104,019.9,0.9,092,1,0,0,0,0,0,0,-0.9638194956793541,-0.2665557723036503,-0.7957875885887045,0.6055758530920589,-0.4440856600409099,0.8959843338731037,-0.2280522595008612,0.9736488930495181,-0.11478481378318722,0.9933903797222716,0.057487478104924564,-0.9983462274487422,-0.9995864713592172,-0.028755630329187164,0.7172013769957456,-0.6968659733660458,-0.9211042214011522,-0.38931608407176954,0.8334614820349437,-0.5525775583247253,0,1,0,0,99,57
1701685500,12,4,0,1105,019.9,0.9,092,1,0,0,0,0,0,0,-0.7450528441828046,0.6670054417882312,-0.40804078117987713,0.9129637018491565,-0.20861004068697586,0.9779989012900671,-0.10488350373136132,0.994484515035319,-0.05251421219384832,0.998620176802802,0.02626616832731819,-0.999654984682916,-0.9999137424505465,-0.013134217089039184,0.7117352798228563,-0.7024477855723373,-0.9226179560284792,-0.3857150596150367,0.8323806399763982,-0.5542043577891477,0,1,0,0,99,60
1701685560,12,4,0,1106,019.9,0.9,092,1,0,0,0,0,0,0,0.15871195626818388,0.9873249287532074,0.07960864038153331,0.9968261956713436,0.03983594061056201,0.9992062338855137,0.01992192403467051,0.9998015387779501,0.009961456270293016,0.9999503834635872,-0.004980789917915772,-0.9999875957889646,-0.9999968989424328,0.002490402681839968,0.7062257419969057,-0.7079867239863471,-0.9241176126409308,-0.3821081496210549,0.831296622638711,-0.5558290431323939,0,1,0,0,99,58
1701685620,12,4,0,1107,019.9,0.9,092,1,0,0,0,0,0,0,0.9165577160638908,0.39990242950467825,0.5477670903291479,0.8366308712642267,0.285805116063178,0.9582877624347049,0.1444164768392013,0.9895169939002323,0.07239822546087599,0.9973758052760836,-0.03622288450632025,-0.9993437359777875,-0.9998359205334112,0.018114414456621736,0.7006730997916855,-0.713482450539823,-0.9256031683555925,-0.37849540912683277,0.8302094341570785,-0.5574516081567831,0,1,0,0,99,58
1701685680,12,4,0,1108,019.9,0.9,092,1,0,0,0,0,0,0,0.831724538632928,-0.5551885191859097,0.8818130525190443,0.47159913104992585,0.5140043136735694,0.8577875993070563,0.2666574588239974,0.9637913672852274,0.13455228113037063,0.9909064959130168,-0.06742960806271654,-0.9977240339675638,-0.9994308465240513,0.033734003856911096,0.6950776921118563,-0.7189346298019421,-0.9270746005047118,-0.3748768932583455,0.8291190786787943,-0.5590720466727229,0,1,0,0,99,59
1701685740,12,4,0,1109,019.9,0.9,092,1,0,0,0,0,0,0,-0.01779234392291962,-0.9998417037200081,0.9999604251469175,-0.008896524040091641,0.710245212599174,0.7039543578812153,0.3847373403497409,0.923026098732104,0.19618091302149665,0.9805677178890053,-0.09857048775113843,-0.9951300713698198,-0.9987817758073632,0.04934535758397232,0.6894398604722632,-0.724342928999784,-0.9285318866360444,-0.3712526572296931,0.8280255603632333,-0.560690352498733,0,1,0,0,99,59
1701685920,12,4,0,1112,019.9,0.9,092,1,0,0,0,0,0,0,-0.12348338230693397,0.9923466401888201,0.061860164125145584,-0.9980848261016746,0.99952109184891,0.030944901828293042,0.6960801312247417,0.717964101410472,0.375523566896625,0.926812845565509,-0.1912944777489552,-0.9815326906337631,-0.9953724656212274,0.09609190747986249,0.6722752756572777,-0.7403012587723536,-0.9328186476406745,-0.3603461816279218,0.8247260701675199,-0.5655324121445553,0,1,0,0,99,59
1701685980,12,4,0,1113,019.9,0.9,092,1,0,0,0,0,0,0,0.7683125483936604,0.6400748612317464,-0.42421995401457346,-0.9055591811780571,0.9761042928852575,-0.21730257571177444,0.780161065329389,0.6255787017986728,0.43267845925197573,0.901548307579431,-0.2218689843359916,-0.9750764861228659,-0.9937495877037801,0.11163223969161885,0.6664712147979015,-0.7455307638493595,-0.9342191295005041,-0.3566996188325974,0.823619942337665,-0.5671421255591065,0,1,0,0,99,55
1701686040,12,4,0,1114,019.9,0.9,092,1,0,0,0,0,0,0,0.9537254653559767,-0.30067879328533587,-0.8064362322233966,-0.5913210662215004,0.8919980566743126,-0.45203923158200526,0.8520678469411944,0.5234313557755185,0.48814375148335226,0.8727632427455679,-0.2522268396250011,-0.9676681359705837,-0.9918841000768648,0.12714531849308558,0.6606264759706935,-0.7507147655711474,-0.9356053563258249,-0.3530476132399514,0.8225106726480671,-0.5687496754988299,0,1,0,0,99,47
1701686100,12,4,0,1115,019.9,0.9,092,1,0,0,0,0,0,0,0.2622875878003373,-0.9649897519071797,-0.9912087953370823,-0.13230693121076506,0.7524317016217369,-0.658670277448905,0.9106783947829511,0.413116038511636,0.5417028528115594,0.8405700561260899,-0.28233839968547497,-0.9593148743051183,-0.9897764581725306,0.14262735658856207,0.6547414159083866,-0.7558529475329715,-0.9369773069645208,-0.349390220575096,0.8213982653302526,-0.570355055831411,0,1,0,0,99,41
1701686160,12,4,0,1116,019.9,0.9,092,1,0,0,0,0,0,0,-0.6702962883777479,-0.7420935829038108,-0.9332988757369771,0.35910055492590737,0.5660827877060443,-0.8243483956816764,0.9550781108583937,0.2963541836370153,0.5931466160920859,0.8050944614258054,-0.3121742610900157,-0.9500248579447291,-0.9874271765413207,0.1580745742604909,0.6488163938047147,-0.7609449961266882,-0.9383349604823131,-0.3457274966453434,0.8202827246277175,-0.571958260432812,0,1,0,0,99,46
1701686220,12,4,0,1117,019.9,0.9,092,1,0,0,0,0,0,0,-0.9866128482510428,0.16308000388142288,-0.6468848414202396,0.7625877011470297,0.3445375878282153,-0.9387725233375308,0.9845741524480345,0.17496782084496165,0.642274154530228,0.7664749900828343,-0.3417052896262844,-0.9398071584327378,-0.984836828726652,0.17348320029222167,0.6428517712924879,-0.7659906005598964,-0.9396782961630795,-0.34205949733935437,0.8191640547959104,-0.5735592831872943,0,1,0,0,99,50
1701686340,12,4,0,1119,019.9,0.9,093,1,0,0,0,0,0,0,0.5588640435925373,0.8292592964684801,0.29218205243607953,0.9563627179236129,-0.14771134363410798,-0.989030514676775,0.9972538580213102,-0.07405904847898395,0.7328229828816042,0.6804193381735325,-0.39973782772366406,-0.916629515718737,-0.9789355228304715,0.20416964059485318,0.6308051836364167,-0.775941247967542,-0.9423219322417212,-0.3347078965549349,0.8169173448259422,-0.576754758734189,0,1,0,0,99,54
1701686400,12,4,0,1120,019.9,0.8,093,1,0,0,0,0,0,0,0.9997531682802758,-0.022217167091024455,0.7149185852567496,0.6992077062321952,-0.3878094208292295,-0.9217395798793158,0.9802396594403116,-0.19781357400426822,0.7738906815578891,0.6333192030862999,-0.428182669496151,-0.9036922050915067,-0.9756260054681576,0.2194399632114593,0.6247239537541924,-0.7808456836057491,-0.9436221923009624,-0.3310244072528874,0.815789313258297,-0.5783491993368335,0,1,0,0,99,48
1701686460,12,4,0,1121,019.9,0.8,093,1,0,0,0,0,0,0,0.5214738406490854,-0.8532672696867566,0.9626181147492386,0.270862262333869,-0.6037953865615946,-0.7971393423780654,0.9479291488233879,-0.3184812848676784,0.8119363536841046,0.5837459700641716,-0.4562093981582516,-0.8898724543619079,-0.9720783030090497,0.23465671270825827,0.618604593941777,-0.785702460448056,-0.9449080538465253,-0.3273358669256578,0.8146581697023783,-0.5799414337130699,0,1,0,0,99,50
1701686580,12,4,0,1123,019.9,0.8,093,1,0,0,0,0,0,0,-0.9928834218489483,-0.11909034644975776,0.7480275217028307,-0.6636677081003122,-0.9120492607585163,-0.4100806578587241,0.8396667963718477,-0.5431018975023361,0.8783797292465076,0.4779634413308532,-0.5108994806560028,-0.8596404601142426,-0.9642718652211737,0.2649146465238922,0.6062529808075618,-0.7952718549414068,-0.9474365031339586,-0.31994385840221495,0.8123865638974511,-0.5831192594991976,0,1,0,0,99,49
1701686640,12,4,0,1124,019.9,0.8,093,1,0,0,0,0,0,0,-0.636668273391427,0.771137801989229,0.33827666045026744,-0.9410467050017307,-0.9851514363288851,-0.17168764515577298,0.7654043523379563,-0.6435496697397284,0.9065179727230256,0.4221672241305995,-0.5375094305542,-0.8432577376255137,-0.9600150357222312,0.27994844380214573,0.6000214813645651,-0.7999838885259333,-0.9486790522948035,-0.31624050299895706,0.8112461103139285,-0.5847048387866493,0,1,0,0,99,48
1701686700,12,4,0,1125,019.8,0.8,093,1,0,0,0,0,0,0,0.30489674947599804,0.9523854115634964,-0.1542961250914999,-0.9880246483675132,-0.997001667091764,0.07738007376736837,0.6791980293819437,-0.7339550646215912,0.9311162829157246,0.364722452954578,-0.5635945116151425,-0.8260515882663074,-0.9555238323208656,0.2949138956828693,0.5937533597029707,-0.8046470952171733,-0.9499071257805084,-0.3125323221547067,0.8101025620730707,-0.5862881876028603,0,1,0,0,99,48
1701686760,12,4,0,1126,019.8,0.8,093,1,0,0,0,0,0,0,0.9661411069785915,0.25801426589663984,-0.6090918379453792,-0.7930996992486631,-0.9468631630939771,0.32163667448795147,0.5823930483410875,-0.8129073361976602,0.9520786039497107,0.30585344840490175,-0.5891292521998455,-0.8080388135494797,-0.9507993514799744,0.3098073485656209,0.5874489983966179,-0.8092611903970253,-0.9511207048521826,-0.30881937245174135,0.8089559235371669,-0.5878692999078361,0,1,0,0,99,49
1701686820,12,4,0,1127,019.8,0.8,093,1,0,0,0,0,0,0,0.739119786313062,-0.6735740059418368,-0.9147606260497434,-0.40399628343473853,-0.8378532936722092,0.5458954646107904,0.4765000185672659,-0.8791744606762615,0.9693230784099441,0.24579009268452884,-0.6140887180674593,-0.7892370026438601,-0.9458427466137963,0.32462516642748135,0.5811087822312268,-0.8138258924449017,-0.9523197709921026,-0.3051017105451052,0.8078061990802946,-0.5894481696701139,0,1,0,0,99,47
1701686940,12,4,0,1129,019.8,0.8,093,1,0,0,0,0,0,0,-0.9200614712831593,-0.39177402805733347,-0.834198426052619,0.5514644013636177,-0.47356921280652436,0.8807566069475771,0.2441755444884099,-0.9697310469783819,0.9924039114640726,0.12302226022476213,-0.6621849212173432,-0.7493404634159169,-0.935238061515868,0.3540194462060546,0.5683223353845709,-0.8228060057528914,-0.9546742915133128,-0.29765247709964426,0.8054975099587969,-0.5925991574835201,0,1,0,0,99,44
1701687060,12,4,0,1131,019.8,0.6,093,1,0,0,0,0,0,0,0.02664155509373045,0.9996450507766182,0.01332195975413766,0.9999112587566504,0.0066611276578957485,0.9999778144430631,-0.003330582301704925,-0.9999944535953845,0.9999986133978848,-0.0016652934599518964,-0.7076953064207618,-0.7065177657143691,-0.9237201323221144,0.38306803200321415,0.5553971407906174,-0.8315852427752713,-0.9569705436363418,-0.29018507648113867,0.803176529936333,-0.5957411029628816,0,1,0,0,99,45
1701687120,12,4,0,1132,019.8,0.6,093,1,0,0,0,0,0,0,0.8555667989843964,0.5176924303827453,0.4910741133562503,0.8711177963922977,0.253852519790234,0.9672429364932829,-0.12797863787897792,-0.9917769246391254,0.9979421137117938,-0.06412127322844811,-0.7294248670111433,-0.6840609354332229,-0.9176221813560369,0.3974538115094489,0.5488834978802656,-0.8358988609602985,-0.9580967751120705,-0.2864447058680798,0.8020114418972087,-0.5973086698399414,0,1,0,0,99,40
1701687180,12,4,0,1133,019.7,0.6,093,1,0,0,0,0,0,0,0.8978878735372546,-0.44022422304406095,0.8485941972003052,0.529044316175847,0.48526059175671427,0.8743695775173811,-0.25062962961571295,-0.9680830484822521,0.9919886714278173,-0.12632686079719518,-0.7504421565974273,-0.6609361312573269,-0.9113002060949308,0.41174255836789153,0.5423363539502531,-0.8401614601872344,-0.9592083872097956,-0.28269996446123374,0.8008432944282027,-0.598873958165976,0,1,0,0,99,41
1701687240,12,4,0,1134,019.7,0.6,093,1,0,0,0,0,0,0,0.11469497798204223,-0.993400756002178,0.9983488258124457,0.05744233629398255,0.6864975104492431,0.7271321531516752,-0.3693696298075444,-0.9292825601375706,0.9821615346106695,-0.1880391446779491,-0.770726652153002,-0.6371659341655245,-0.9047557499583864,0.4259307841859259,0.5357561086045003,-0.8443727802889923,-0.9603053629676844,-0.2789509094007471,0.7996720919854422,-0.6004369619698862,0,1,0,0,99,39
1701687300,12,4,0,1135,019.7,0.6,093,1,0,0,0,0,0,0,-0.7739479513868687,-0.6332492151941991,0.9036728432331579,-0.42822353088416387,0.8450513389386954,0.5346851733103491,-0.4823457404650998,-0.8759809282485405,0.9684990780193187,-0.24901713972281062,-0.7902585462121908,-0.6127735553518892,-0.8979904106815086,0.4400150251117062,0.5291431634672671,-0.8485325642282995,-0.9613876856472365,-0.2751975978925875,0.7984978390367088,-0.6019976752892874,0,1,0,0,99,39
1701687360,12,4,0,1136,019.7,0.6,093,1,0,0,0,0,0,0,-0.9510267034945383,0.30910873368494685,0.587746231938178,-0.8090453428841139,0.9510639681125854,0.3089940590981371,-0.5877950071674065,-0.8090099069535975,0.9510546532543747,-0.3090227281660707,-0.8090187662119065,-0.587782813560387,-0.8910058399248534,0.45399184267980686,0.5224979221586403,-0.8526405581133842,-0.9624553387335394,-0.27144008720767066,0.7973205400614205,-0.6035560921705327,0,1,0,0,99,33
1701687420,12,4,0,1137,019.7,0.5,093,1,0,0,0,0,0,0,-0.25373589029368065,0.967273538342114,0.1279188446982811,-0.9917846385032675,0.9979440461527058,0.06409119087960714,-0.6840719293759951,-0.7294145566410116,0.9298963804212305,-0.36782158946898996,-0.8269889931156853,-0.5622181118262778,-0.8838037428711981,0.46785782465067427,0.5158207902698987,-0.8566965112134736,-0.9635083059355206,-0.2676784346809867,0.7961401995506151,-0.6051122066687357,0,1,0,0,99,36
1701687480,12,4,0,1138,019.7,0.5,093,1,0,0,0,0,0,0,0.6768385302801764,0.7361315126580106,-0.36322753704942956,-0.9317004649183155,0.9827767968664898,-0.18479655716717844,-0.7696741379204508,-0.6384369361310566,0.9051068821225083,-0.42518411533648776,-0.8441516793019155,-0.5361044136469649,-0.8763858778092459,0.4816095858436764,0.5091121753387575,-0.8607001759740951,-0.964546571186196,-0.2639126977107249,0.794956822006933,-0.6066660128477922,0,1,0,0,99,38
1701687540,12,4,0,1139,019.7,0.4,093,1,0,0,0,0,0,0,0.9851307275152447,-0.17180643091946454,-0.7654431497242185,-0.6435035233316658,0.9065052463531763,-0.4221945503368881,-0.8432658389668374,-0.5374967207635373,0.8767829608185647,-0.48088630633262097,-0.8604900656987915,-0.509467218605564,-0.8687540557043645,0.4952437689635459,0.5023724868244946,-0.8646513080321876,-0.9655701186429154,-0.26014293375739844,0.7937704119445995,-0.608217504780404,0,1,0,0,99,35
1701687660,12,4,0,1141,019.7,0.3,093,1,0,0,0,0,0,0,-0.5661821813880273,-0.8242801328909335,-0.955060242312215,0.29641176352252496,0.5931223467706621,-0.8051123410812074,-0.9500295629824388,-0.3121599421120466,0.8099876363599776,-0.5864469532225202,-0.8906309429900019,-0.45472686679889496,-0.8528560449451288,0.5221461161404464,0.4888015363414653,-0.8723950126348862,-0.9675729979270004,-0.2525915550499599,0.7913885123787051,-0.6113135222412638,0,1,0,0,99,38
1701687720,12,4,0,1142,019.7,0.3,093,1,0,0,0,0,0,0,-0.9995173533267221,0.031065421270998466,-0.6960368448325855,0.718006065876535,0.3754956285520944,-0.9268241650595153,-0.9815355737464423,-0.1912796838930951,0.7717770675179119,-0.6358931970491998,-0.9044040018291604,-0.4266771630582074,-0.8445937375620919,0.535407712375248,0.481971102673569,-0.8761871125436759,-0.9685522991928923,-0.24881005552059607,0.790193031961367,-0.6128580359591461,0,1,0,0,99,36
1701687780,12,4,0,1143,019.7,0.2,093,1,0,0,0,0,0,0,-0.5139008801272689,0.8578495703819047,-0.26659935260432954,0.9638074419669898,0.134522410833679,-0.9909105514543152,-0.9977250501652034,-0.06741457018213824,0.730552725743371,-0.6828562915496429,-0.9172939255085152,-0.3982108163086213,-0.8361252347312038,0.5485385964958978,0.47511125197373627,-0.8799257345071508,-0.9695168215423472,-0.245024759455906,0.7889945371977889,-0.6144002118098976,0,1,0,0,99,34
1701687900,12,4,0,1145,019.7,0.2,093,1,0,0,0,0,0,0,0.9938986325155377,0.11029736299542382,0.66697175240207,0.7450830030927507,-0.3570133029084836,-0.9340992996177523,-0.9833868261314447,0.18152231320453105,0.6397177841812235,-0.7686098858343324,-0.9403748948781896,-0.340139761102453,-0.8185779624148372,0.5743954382207205,0.4613049760078898,-0.8872416351312422,-0.9714014708479811,-0.2374430088134391,0.7865885229309665,-0.6174775263872204,0,1,0,0,99,31
1701687960,12,4,0,1146,019.7,0.2,093,1,0,0,0,0,0,0,0.6298177536088091,-0.7767429415444683,0.9425345992440989,0.3341085590459571,-0.5770144889662836,-0.8167339098647604,-0.9530828688694285,0.3027095060740904,0.5904618928965313,-0.8070655196680411,-0.9505434023936101,-0.31059175804579786,-0.8095034768442313,0.5871150832478255,0.4543593934058008,-0.8908184672669919,-0.9723215690467305,-0.233646669923849,0.7853810126059354,-0.619012653374772,0,1,0,0,99,28
1701688020,12,4,0,1147,019.7,0.2,093,1,0,0,0,0,0,0,-0.3133146634124747,-0.9496493677619796,0.9873321041478342,-0.15866731269864684,-0.7611397088244204,-0.6485879613827846,-0.9079063722055223,0.4191730183451789,0.5389002605560796,-0.8423695799188082,-0.959783720407574,-0.2807404674082379,-0.8002313626096637,0.5996913925477679,0.44738607904819305,-0.8943409284349475,-0.9732268308146225,-0.2298467658735407,0.7841705062910556,-0.6205454190171978,0,1,0,0,99,32
1701688080,12,4,0,1148,019.7,0.2,093,1,0,0,0,0,0,0,-0.9683870238169294,-0.2494525447915689,0.7903962755452384,-0.6125958925786359,-0.8979409481081247,-0.4401159548467677,-0.8485623002604958,0.529095475861036,0.48523423423072903,-0.8743842049868684,-0.9680868259063513,-0.2506150384684961,-0.7907638833648436,0.6121212957950017,0.4403854585502332,-0.8978088036422348,-0.9741172423384761,-0.22604335464437486,0.7829570086040404,-0.6220758174674632,0,1,0,0,99,34
1701688140,12,4,0,1149,019.7,0.1,093,1,0,0,0,0,0,0,-0.7331288204696695,0.6800897974508595,0.3999438726553643,-0.9165396329267108,-0.9789125683447707,-0.2042796699053643,-0.7759766974289126,0.6307615754366446,0.4296733786048162,-0.9029843784464503,-0.9754446110483287,-0.22024488819669533,-0.7811033504590462,0.6244017584069189,0.43335795919371384,-0.901221881227625,-0.9749927900317071,-0.22223649427172731,0.781740524174015,-0.623603842887563,0,1,0,0,99,36
1701688260,12,4,0,1151,019.7,0.1,093,1,0,0,0,0,0,0,0.9234931422524565,0.38361493220765563,-0.5551509109207803,-0.8317496414810336,-0.9570134903649565,0.2900434092674461,-0.5958005499882296,0.8031324328115028,0.3137415872884062,-0.9495084077593792,-0.9872964113576478,-0.15888925741002893,-0.7612126041422426,0.6485024065452537,0.4192240412087231,-0.907882813623337,-0.9766992407141866,-0.21461265849975275,0.7792986136583822,-0.6266527513305304,0,1,0,0,99,42
1701688320,12,4,0,1152,019.7,0.1,093,1,0,0,0,0,0,0,0.8217663090042067,-0.5698246514372669,-0.8859527784925297,-0.4637754567475154,-0.8555043707508208,0.5177955886508133,-0.49102159389846933,0.8711474010323434,0.25382336276203626,-0.9672505882738824,-0.9917788534431158,-0.12796368962740468,-0.7509872467716762,0.6603167082440802,0.4121184852417566,-0.9111302618846769,-0.977530117665097,-0.2107957994307797,0.7780731968879212,-0.6281736227227391,0,1,0,0,99,40
1701688380,12,4,0,1153,019.7,0.1,093,1,0,0,0,0,0,0,-0.03548867897301029,-0.9993700784317843,-0.999842507205956,0.017747134532308913,-0.7008041329314815,0.7133537462340508,-0.3785804100623468,0.9255684054228652,0.1929139634359509,-0.9812156759405307,-0.9952928403089542,-0.09691316747343799,-0.7405785466354794,0.6719698030888598,0.404987775686588,-0.9143220994509702,-0.9783460787091065,-0.20697572387725785,0.7768448120047072,-0.6296920978235085,0,1,0,0,99,41
1701688440,12,4,0,1154,019.7,0.1,093,1,0,0,0,0,0,0,-0.8601155391668699,-0.5100992641473664,-0.8689359194288628,0.4949246083256689,-0.5025312884161199,0.8645590229491764,-0.2602316055466972,0.96554622441113,0.1312512392110452,-0.9913491373908412,-0.9978349406066219,-0.06576801125607637,-0.7299890448685091,0.6834588461436152,0.3978323477649755,-0.917458131508903,-0.9791471113956531,-0.20315249012884015,0.7756134636946551,-0.6312081708403179,0,1,0,0,99,45
1701688500,12,4,0,1155,019.7,0.1,093,1,0,0,0,0,0,0,-0.8939561392767458,0.44815446115085755,-0.5252835133759399,0.8509272769017507,-0.2730134823577851,0.9620102070409,-0.13782197386320505,0.9904570175027536,0.06907598170582292,-0.9976114016747086,-0.9994026720183183,-0.03455863369182427,-0.7192213267457467,0.6947810325232604,0.39065263820735907,-0.9205381666512422,-0.9799332035019638,-0.1993261565233697,0.7743791566549844,-0.6327218359898094,0,1,0,0,99,44
1701688560,12,4,0,1156,019.7,0.1,093,1,0,0,0,0,0,0,-0.10589758762554134,0.9943770416371703,-0.053023383345603574,0.998593270966005,-0.026521020285755953,0.9996482558795381,-0.013261676373330016,0.9999120601031718,0.006630983970279104,-0.9999780147841181,-0.9999945036809248,-0.0033155102082415536,-0.7082780210511411,0.705933598078374,0.38344908522620447,-0.9235620168885179,-0.9807043430332401,-0.1954967814459897,0.7731418955942013,-0.6342330874978104,0,1,0,0,99,41
1701688620,12,4,0,1157,019.7,0.1,093,1,0,0,0,0,0,0,0.7795227177168391,0.6263739558469471,0.4322187201828797,0.901768805139917,0.22162039037516723,0.9751330178852311,0.11150556514086836,0.9937638094349258,-0.055839907615764274,-0.9984397351455234,-0.9996098576808663,0.027930850814794402,-0.6971617994358288,0.7169138200700257,0.3762221284892572,-0.926529497660497,-0.9814605182228414,-0.19166442332825234,0.7719016852320807,-0.6357419195993559,0,1,0,0,99,41
1701688680,12,4,0,1158,019.7,0.1,093,1,0,0,0,0,0,0,0.9482534313435556,-0.3175144562774626,0.811638606855743,0.5841598855290122,0.45598251856347943,0.8899887318188394,0.23453279960504517,0.972108206893358,-0.1180927455575532,-0.9930025697079937,-0.9982491096184343,0.05914993783600386,-0.685875375765888,0.7277190178344949,0.36897220909270734,-0.9294404278474482,-0.982201717532465,-0.1878291406472274,0.7706585302996481,-0.63724832653871,0,1,0,0,99,43
1701688740,12,4,0,1159,019.7,0.0,093,1,0,0,0,0,0,0,0.2451643132877585,-0.9694815415933105,0.9923410556843122,0.12352825265235788,0.6619938622629526,0.7495092569983235,0.35390022817291067,0.9352831809132257,-0.17988443385514805,-0.9836877504862063,-0.9959135882410196,0.09031126594670705,-0.6744215054597877,0.7383465534377157,0.3616997695342674,-0.9322946297811963,-0.982927929652321,-0.18399099192460988,0.7694124355391618,-0.6387523025693881,1,0,0,0,99,42
1701688860,12,4,0,1161,019.7,0.0,093,1,0,0,0,0,0,0,-0.9835714245347456,0.1805193974028589,0.6401096010048362,-0.7682836056440547,0.9402881488256817,0.3403794899490459,0.574291089105061,0.8186511741728115,-0.30112192366812857,-0.953585647483437,-0.98832829755184,0.15233901751777681,-0.651022650328782,0.7590583039259161,0.34708910676804877,-0.9378321555390166,-0.9843353482271722,-0.17630633065914494,0.7669114455591157,-0.6417529389651656,1,0,0,0,99,42
1701688920,12,4,0,1162,019.7,0.0,093,1,0,0,0,0,0,0,-0.3795240735526223,0.9251818619028498,0.19341424210376837,-0.9811171851269475,0.9952681008469395,0.09716690504758436,0.6718753957961311,0.7406641968691292,-0.3600942953803009,-0.9329159117704899,-0.9830859351477087,0.18314487193136209,-0.6390833779987701,0.7691374623340622,0.33975177531981915,-0.9405151413810577,-0.9850165332066914,-0.17245993537477364,0.7656565598800724,-0.6432495878837492,1,0,0,0,99,44
1701688980,12,4,0,1163,019.7,0.0,093,1,0,0,0,0,0,0,0.573455960388843,0.8192363892641181,-0.30063566882181647,-0.9537390600327005,0.988367102860243,-0.1520870473894794,0.7589753116503459,0.6511194024948576,-0.4176605065751025,-0.9086031593866647,-0.9768836060111421,0.21377188848552484,-0.6269880826277622,0.7790288468617593,0.3323937071743693,-0.9431407230264631,-0.9856826880458192,-0.1686109085639729,0.7643987534539721,-0.6447437830006688,1,0,0,0,99,43
1701689040,12,4,0,1164,019.7,0.0,093,1,0,0,0,0,0,0,0.9992032289764632,-0.03991124156186587,-0.7210794829843191,-0.6928523502298791,0.9200142254959646,-0.3918849638415085,0.8342316716121213,0.5514141076171752,-0.47359576242974594,-0.8807423311097222,-0.9697273666112869,0.2441901604183487,-0.6147397171086522,0.7887300426693371,0.3250153514302539,-0.9457087402232617,-0.9863338025798521,-0.16475930895815624,0.7631380310789642,-0.6462355186160244,1,0,0,0,99,45
1701689100,12,4,0,1165,019.7,0.0,093,1,0,0,0,0,0,0,0.5062876569049047,-0.8623646609559911,-0.9649778911861119,-0.26233122102030565,0.7944593196068335,-0.6073173713058496,0.8964701253543951,0.44310418001534946,-0.5276816369671445,-0.849442222877857,-0.9616242048944735,0.27436998480349767,-0.6023412717042151,0.798238681348974,0.3176171584242781,-0.9482190362329197,-0.9869698668735839,-0.16090519532799485,0.7618743975643212,-0.6477247890392976,1,0,0,0,99,47
1701689160,12,4,0,1166,019.7,0.0,093,1,0,0,0,0,0,0,-0.452106452059868,-0.8919639880655711,-0.9726160568450356,0.23241774021622025,0.6195087811257318,-0.7849897261162786,0.9447194626227086,0.32787975988441354,-0.579706926004678,-0.8148250609438855,-0.9525820334606059,0.3042818915546195,-0.5897957733170781,0.8075524415029093,0.31019957970401146,-0.9506714578399073,-0.9875908712214556,-0.15704862648252085,0.760607857730421,-0.6492115885893748,1,0,0,0,99,47
1701689220,12,4,0,1167,019.7,0.0,093,1,0,0,0,0,0,0,-0.9948359739965252,-0.10149573805034878,-0.7421238906174457,0.670262732795749,0.4060401871762517,-0.913855221792749,0.9782267686463986,0.2075388857627059,-0.6294684719020064,-0.7770260245843462,-0.9426096818366407,0.33389667220238495,-0.5771062847507447,0.8166690493101796,0.30276306800022723,-0.9530658553610499,-0.9881968061477051,-0.15318966126822994,0.7593384164087281,-0.6506959115945674,1,0,0,0,99,46
1701689280,12,4,0,1168,019.6,0.0,093,1,0,0,0,0,0,0,-0.6229178893619306,0.7822872254567869,-0.32993391349118173,0.9440040321568512,0.16732598101183924,-0.9859016259639831,0.9964691731217737,0.08395943674184847,-0.6767719568873076,-0.7361927182273159,-0.9317168878547055,0.36318540841606234,-0.5642759039618552,0.8255862790817391,0.29530807719927077,-0.9554020826546641,-0.9887876624065108,-0.14932835856818344,0.7580660784417752,-0.6521777523926344,1,0,0,0,99,46
1701689340,12,4,0,1169,019.6,0.0,093,1,0,0,0,0,0,0,0.32170803001899356,0.9468389215813312,0.16303539250522991,0.9866202211543537,-0.08179174422167067,-0.9966494421697013,0.9991620094283262,-0.04093017120840497,-0.721432661864018,-0.6924845950602783,-0.9199142881432699,0.3921195002417769,-0.551307763303866,0.8343019538038302,0.28783506231535605,-0.957679997129477,-0.9893634309821333,-0.14546477730110988,0.7567908486831451,-0.6536571053308035,1,0,0,0,99,48
1701689460,12,4,0,1171,019.7,0.1,093,1,0,0,0,0,0,0,0.7270804160280906,-0.6865523058212089,0.9183006876348315,0.39588362821591344,-0.5495982040473234,-0.8354291197390457,0.9579741958265487,-0.2868543883758398,-0.8021391364270415,-0.5971371750377631,-0.8936266488410479,0.4488111100241598,-0.5249708991819643,0.8511201765979232,0.2728367858281548,-0.9620603350616642,-0.9904696701721017,-0.1377310149137365,0.7542317332603212,-0.6566083250638327,0,1,0,0,99,54
1701689520,12,4,0,1172,019.7,0.1,093,1,0,0,0,0,0,0,-0.18487061956996106,-0.9827628676439799,0.9956813917222668,-0.09283623310976193,-0.739200998751274,-0.6734848798934681,0.9147362679738538,-0.40405143243560715,-0.8378697489573207,-0.5458702078170199,-0.8791672786839316,0.4765132695859477,-0.5116086054857034,0.859218618742037,0.2653124396423611,-0.9641624911657881,-0.9910001239065988,-0.13386095180113555,0.752947857358375,-0.6580801806006866,0,1,0,0,99,54
1701689580,12,4,0,1173,019.7,0.1,093,1,0,0,0,0,0,0,-0.9268524601099338,-0.3754257811980466,0.8292845655135657,-0.5588265467933469,-0.882843855614725,-0.46966661218712,0.8572241866008915,-0.5149433890307167,-0.8703284980485003,-0.49247162911648185,-0.863849416598889,0.5037501220265451,-0.4981214098859107,0.8671072949833097,0.2577719001527225,-0.9662057997609282,-0.991515456198472,-0.1299888461351046,0.7516611091892093,-0.659549525761673,0,1,0,0,99,54
1701689640,12,4,0,1174,019.7,0.1,093,1,0,0,0,0,0,0,-0.8166904232239494,0.5770760371166753,0.4598499553568124,-0.8879966320647492,-0.9715957575207781,-0.2366467493282453,0.7863354085020734,-0.6177998262672768,-0.8993886329800029,-0.4371499592432345,-0.8476880202182978,0.5304950710217605,-0.48451260508795824,0.8747842794145767,0.2502156275949039,-0.9681901361340594,-0.9920156591843848,-0.12611475699921215,0.7503714936613771,-0.6610163549416868,0,1,0,0,99,54
1701689700,12,4,0,1175,019.7,0.1,093,1,0,0,0,0,0,0,0.04433302241328026,0.9990168082288223,-0.022171961699155765,-0.9997541718414639,-0.999938541071766,0.01108666222395586,0.7031761293502661,-0.7110157038434368,-0.9249366745468137,-0.3801212281342382,-0.8306988708714603,0.5567220005827692,-0.4707855134863597,0.8822476978101924,0.24264408316483588,-0.970115379171517,-0.9925007252318552,-0.1222387435072919,0.7490790156943697,-0.6624806625452203,0,1,0,0,99,56
1701689760,12,4,0,1176,019.7,0.1,093,1,0,0,0,0,0,0,0.8645968916959479,0.5024661330574484,-0.49876540925697305,-0.8667370227056902,-0.9661099892625297,0.2581307588164473,0.6090440218832924,-0.7931364191664784,-0.9468728581933475,-0.32160813176404734,-0.8128985581744033,0.582405300557933,-0.4569434863536556,0.889495728083596,0.23505772899056523,-0.9719814113663893,-0.9929706469393719,-0.11836086480254095,0.7477836802185981,-0.6639424429863854,0,1,0,0,99,52
1701689820,12,4,0,1177,019.7,0.1,093,1,0,0,0,0,0,0,0.8899543660462135,-0.4560495876056486,-0.8532436895769135,-0.5215124219011238,-0.8722133975986393,0.4891255350617448,0.5054079861548763,-0.8628805059397694,-0.9651115235919032,-0.2618391625217956,-0.7943044638303991,0.6075198916406789,-0.4429899030222479,0.8965266007321475,0.22745702810404925,-0.9737881188256887,-0.9934254171365078,-0.11448118005661723,0.7464854921753729,-0.6654016906889337,0,1,0,0,99,52
1701689880,12,4,0,1178,019.7,0.1,093,1,0,0,0,0,0,0,0.0970919004884274,-0.9952754206045407,-0.9988181567744302,-0.04860339183359195,-0.7240868013690044,0.6897088545779327,0.39388522784059016,-0.9191596310157264,-0.9795814491444105,-0.20104771695330634,-0.7749347446570279,0.6320412498590158,-0.42892817005938433,0.9033385992691267,0.21984244441289458,-0.9755353912773044,-0.9938650288840292,-0.11059974846873663,0.745184456516887,-0.666858400086279,0,1,0,0,99,52
1701689940,12,4,0,1179,019.6,0.1,093,1,0,0,0,0,0,0,-0.7850364106161789,-0.6194496218473833,-0.8998471041925353,0.43620544365735325,-0.5309399948876741,0.8474094180670148,0.27621602228417635,-0.9610955774705798,-0.990226130101246,-0.13947118435257538,-0.7548083148563532,0.6559454305227779,-0.41476172043549425,0.9099300606427886,0.21221444267204273,-0.9772231220767315,-0.9942894754740018,-0.10671662926476969,0.7438805782061962,-0.6683125656215175,0,1,0,0,99,49
1701690060,12,4,0,1181,019.6,0.1,093,1,0,0,0,0,0,0,-0.23657352834172077,0.9716135886698729,-0.11913524107107658,0.9928780359817294,-0.05967396424853361,0.9982179210928167,0.029850283978409217,-0.9995543809850509,-0.9998885890400617,-0.014926804998878345,-0.7123646555658409,0.7018095165360476,-0.3861285300673549,0.9224449892909733,0.1969200481274402,-0.980419550317866,-0.9950928475066702,-0.09894556503990963,0.7412643135346223,-0.6712132429266017,0,1,0,0,99,51
1701690120,12,4,0,1182,019.6,0.1,093,1,0,0,0,0,0,0,0.6897634204403791,0.7240348222443372,0.37146007709824136,0.9284489275787703,0.18914422066406064,0.9819493183405064,-0.09500179382383689,-0.995477101278705,-0.9988686353266643,0.04755469861798596,-0.6900888715890201,0.7237246363838894,-0.3716687797058764,0.9283654012251559,0.1892545888147023,-0.9819280526660688,-0.9954717606908969,-0.09505773859589553,0.7399519371539937,-0.672659743631245,0,1,0,0,99,51
1701690180,12,4,0,1183,019.6,0.1,093,1,0,0,0,0,0,0,0.9819350614765846,-0.18921822069498487,0.7711090132708166,0.6367031409161632,0.4262023340409088,0.9046278629680171,-0.2183714004076345,-0.9758657343528404,-0.993948120968303,0.10985050215442702,-0.6671392275400889,0.7449330514061069,-0.3571182917423113,0.9340591660612584,0.1815775783773173,-0.9833766231869808,-0.9958354842008244,-0.0911684616877438,0.738636738081631,-0.6741036783434193,0,1,0,0,99,49
1701690240,12,4,0,1184,019.6,0.1,093,1,0,0,0,0,0,0,0.3713201354167654,-0.9285049041518709,0.9819635696276799,0.18907021955893671,0.6367612505645516,0.7710610285700272,-0.3383333943242765,-0.9410263090291437,-0.9851462604682474,0.17171734183077755,-0.6435381333569995,0.7654140519453434,-0.34248061846961253,0.939524893748256,0.17388948538043356,-0.9847651734673236,-0.9961840124864793,-0.08727779366103493,0.737318721334619,-0.6755450415549525,0,1,0,0,99,48
1701690300,12,4,0,1185,019.6,0.2,093,1,0,0,0,0,0,0,-0.5806848107146881,-0.814128460751279,0.952399196962933,-0.3048536856007493,0.8077294366310879,0.5895533539889544,-0.45301580878102127,-0.8915024828874439,-0.9724974249033886,0.23291362896206408,-0.6193086351077046,0.7851476386521404,-0.32775933346577607,0.9447612499071235,0.16619077906562166,-0.9860936187571451,-0.9965173402297486,-0.08338579388257615,0.7359978919407909,-0.6769838277674821,0,1,0,0,99,48
1701690360,12,4,0,1186,019.6,0.2,093,1,0,0,0,0,0,0,-0.9988108198402659,0.048753934918280305,0.6896542847984488,-0.7241387763813923,0.9284769185018528,0.37139010731211436,-0.5606290630567977,-0.8280670586710095,-0.9560510077059198,0.2932003933566516,-0.5944743924860635,0.8041145420139632,-0.31295803072140266,0.9497669561566046,0.15848192932223448,-0.9873618779749916,-0.9968354623444613,-0.0794925217394956,0.7346742549387094,-0.6784200314924761,0,1,0,0,99,48
1701690420,12,4,0,1187,019.6,0.2,093,1,0,0,0,0,0,0,-0.4986347674567973,0.866812187664263,0.25805795118125785,-0.9661294394811347,0.9914962025850463,0.13013562256135958,-0.6594938883108169,-0.7517099249582114,-0.9358712317830405,0.3523422164897279,-0.5690596557085522,0.8222962411715524,-0.29808032376227683,0.9545407904253104,0.15076340665872748,-0.9885698737128575,-0.9971383739764651,-0.07559803663833614,0.7333478153776475,-0.6798536472512536,0,1,0,0,99,48
1701690480,12,4,0,1188,019.6,0.3,093,1,0,0,0,0,0,0,0.45998379055440347,0.8879273125809357,-0.23671996897079078,-0.9715779208537356,0.992869055025318,-0.11921006489861569,-0.7480675320111867,-0.6636226092823331,-0.9120368987278785,0.4101081508076052,-0.5430892418343393,0.8396749820042292,-0.2831298447671764,0.9590815872500705,0.1430356821739413,-0.9897175322409093,-0.9974260705037014,-0.07170239800414888,0.7320185783175687,-0.6812846695750063,0,1,0,0,99,47
1701690540,12,4,0,1189,019.6,0.3,093,1,0,0,0,0,0,0,0.9956953728538205,0.09268616119729696,-0.67354058482125,-0.7391502422367515,0.9325101185072341,-0.36114384790776133,-0.8249678320721849,-0.5651796847429315,-0.8846410811009546,0.4662726215729745,-0.5165885105318475,0.8562337944664923,-0.26811024368112807,0.9633882380604645,0.13529922752834836,-0.9908047835119854,-0.997698547536275,-0.0678056652795864,0.7306865488291086,-0.6827130930048191,0,1,0,0,99,47
1701690660,12,4,0,1191,019.6,0.3,093,1,0,0,0,0,0,0,-0.3300761916986924,-0.9439542932121704,-0.9858890133306514,0.16740027895411294,0.6452130349915007,-0.7640027090770402,-0.9391492717020655,-0.3435093091336535,-0.819606402224157,0.5729269983454901,-0.4621000982766125,0.8868277731176133,-0.2378783584969287,0.9712949534301136,0.11980201703203151,-0.9927978025333541,-0.9981978267190713,-0.060009155412511284,0.7280141329028273,-0.6855621213965547,0,1,0,0,99,51
1701690720,12,4,0,1192,019.6,0.3,093,1,0,0,0,0,0,0,-0.9726510762098645,-0.232271143166327,-0.7849430371582153,0.6195679368857272,0.43613762914604876,-0.8998799744648526,-0.9746486480944947,-0.22374095013558368,-0.7822215000035424,0.6230004212937645,-0.4341656243337532,0.9008330648055067,-0.22267345507995925,0.9748930876782097,0.11204220705116075,-0.9937034486400381,-0.998424621250908,-0.05610949723514686,0.7266737566594609,-0.6869827154903001,0,1,0,0,99,51
1701690780,12,4,0,1193,019.6,0.3,093,1,0,0,0,0,0,0,-0.7209750468639425,0.6929610247333798,-0.39181562964398203,0.9200437556805056,0.1999452979185737,-0.9798070615382667,-0.9949389583130883,-0.10048118844274602,-0.741782039565109,0.6706410409292194,-0.40580719502664103,0.9139587082930004,-0.2074141891325177,0.9782532157608786,0.10427555859145843,-0.9945484442099537,-0.9986361810514262,-0.05220898289588839,0.7253306083765831,-0.6884006889537923,0,1,0,0,99,50
1701690840,12,4,0,1194,019.6,0.3,093,1,0,0,0,0,0,0,0.19356211562190795,0.9810880222467152,0.09724190905490493,0.9952607754369492,-0.04867866351416559,-0.998814491143613,-0.9997035788531551,0.024346548588937242,-0.6984459361364568,0.715662821651697,-0.37705250188024414,0.9261918866119744,-0.19210428598553647,0.9813745173510403,0.09650254568911575,-0.9953327376689265,-0.9988325028924836,-0.048307671911785734,0.7239846931778965,-0.6898160363778933,0,1,0,0,99,49
1701690900,12,4,0,1195,019.5,0.3,093,1,0,0,0,0,0,0,0.9301391616624073,0.36720721662564615,0.5624912369870102,0.8268032464334082,-0.2942760214208693,-0.9557204733690202,-0.9888681594047358,0.1487943658728041,-0.6523824162740731,0.7578899543709509,-0.347929623364445,0.9375206542714009,-0.17674748333229415,0.984256230427677,0.08872364276877669,-0.9960562811477264,-0.9990135837784505,-0.04440562381204457,0.7226360161976583,-0.6912287523634834,0,1,0,0,99,49
1701690960,12,4,0,1196,019.5,0.3,093,1,0,0,0,0,0,0,0.8115505520270061,-0.584282210498199,0.8900230925369855,0.45591544693166575,-0.5215767216183704,-0.8532043855172293,-0.9626017830643233,0.2709202968427898,-0.6037713570372523,0.7971575430373816,-0.3184669974758911,0.9479339489219124,-0.16134753031591095,0.9868976514618708,0.08093932461458155,-0.9967190304849884,-0.9991794209462554,-0.04050289813711804,0.7212845825806614,-0.6926388315214799,0,1,0,0,99,44
1701691020,12,4,0,1197,019.5,0.3,093,1,0,0,0,0,0,0,-0.0531738924849011,-0.9985852678454675,0.9996462543933898,-0.026596354586037207,-0.7164483074814391,-0.6976401814022622,-0.9213143278496927,0.3888186071921827,-0.5528025835720277,0.8333122485575808,-0.2886933939687737,0.9574216021579993,-0.14590818661404958,0.9892981355885594,0.0731500663411886,-0.9973209452299093,-0.9993300118654271,-0.03659955443779828,0.7199303974822143,-0.6940462684728598,0,1,0,0,99,40
1701691080,12,4,0,1198,019.6,0.3,093,1,0,0,0,0,0,0,-0.8690105054701593,-0.4947936351475211,0.864521149292347,-0.5025964409207844,-0.866774607646297,-0.4987000897730096,-0.8656500706905215,0.5006495332200912,-0.4996751278480393,0.8662128875802101,-0.2586378862616515,0.9659743494472848,-0.13043322152104356,0.9914570967639711,0.06535634336477557,-0.9978619886447151,-0.9994653542381334,-0.0326956522743077,0.7185734660681216,-0.6954510578486787,0,1,0,0,99,40
1701691140,12,4,0,1199,019.6,0.3,093,1,0,0,0,0,0,0,-0.8858828673734284,0.46390898384729823,0.5177311156153848,-0.8555433898544533,-0.9632090608622962,-0.2687532419763031,-0.7964776337023857,0.6046679907286713,-0.4445964514429511,0.8957309838139661,-0.22832982304775026,0.973583839177183,-0.11492641302767814,0.9933740079086988,0.057558631374022555,-0.9983421277069046,-0.9995854459992164,-0.028791251215390185,0.717213793514664,-0.6968531942900922,0,1,0,0,99,40
1701691260,12,4,0,1201,019.6,0.3,093,1,0,0,0,0,0,0,0.7904885981024289,0.6124767556977625,-0.4401836232200361,-0.8979077780311747,-0.9741426430536687,0.22593386418244757,-0.6221198179681919,0.7829220472634704,-0.32945254038823985,0.9441721366529173,-0.16707462905402884,0.9859442521392671,-0.08383241574931774,0.9964798673679431,0.04195314429251319,-0.9991195792716563,-0.9997798705894354,-0.020981190723403483,0.7144862457470414,-0.6996494869849461,0,1,0,0,99,36
1701691320,12,4,0,1202,019.6,0.3,093,1,0,0,0,0,0,0,0.9424842311061572,-0.334250615730526,-0.816777391867125,-0.576952937538875,-0.8879619748443272,0.4599168742616023,-0.519655234621185,0.8543760513560765,-0.26983694024718285,0.9629060315929266,-0.13618731293162617,0.9906831056379549,-0.06825281811780774,0.9976680574314172,0.034146321680254645,-0.9994168443225823,-0.9998542004518914,-0.017075650462248376,0.7131183809376422,-0.7010436325713798,0,1,0,0,99,35
1701691380,12,4,0,1203,019.6,0.3,093,1,0,0,0,0,0,0,0.22796420851960592,-0.9736695125318598,-0.9933955688777406,-0.11473989599990957,-0.7465721318130987,0.6653044806703509,-0.40908160514110703,0.9124978029207388,-0.20916763262902466,0.9778797990859456,-0.10516701220928161,0.9944545738961498,-0.0526565575396371,0.9986126811472378,0.026337414952517367,-0.9996531101205152,-0.9999132737694093,-0.013169849647676073,0.7117477957983699,-0.7024351038894354,0,1,0,0,99,37
1701691440,12,4,0,1204,019.6,0.3,093,1,0,0,0,0,0,0,-0.6961450560690602,-0.7179011498184169,-0.9267958647454188,0.3755654737736039,-0.5587640495890891,0.8293266768209027,-0.29212439403368673,0.9563803314636136,-0.1476815298816789,0.9890349668903556,-0.07404401768422757,0.9972549741391004,-0.0370474416181442,0.9993135078990728,0.01852690072471944,-0.9998283622450087,-0.9999570896406027,-0.00926384787740154,0.7103744955575902,-0.7038238956310728,0,1,0,0,99,37
1701691500,12,4,0,1205,019.6,0.3,093,1,0,0,0,0,0,0,-0.9802217665452432,0.1979022192673009,-0.6332842097876352,0.7739193172635314,-0.33621472509132366,0.9417853569852133,-0.1706086794609036,0.9853388648036809,-0.08561873392055926,0.9963279743146032,-0.04284872043245206,0.9990815718234931,-0.02142928109511514,0.9997703665901218,0.010715255710392443,-0.9999425899995764,-0.9999856473968954,-0.005357704752206081,0.7089984854540262,-0.7052100024984735,0,1,0,0,99,30
1701691560,12,4,0,1206,019.6,0.3,093,1,0,0,0,0,0,0,-0.36308710538401223,0.9317552006315066,-0.18472249371488758,0.9827907205075521,-0.09276119741693704,0.9956883851154316,-0.046430673506683055,0.9989215147136015,-0.02322159863573769,0.9997303423207684,-0.011611582132328728,0.9999325833076869,-0.0058058889204457365,0.9999831456848878,0.0029029566920853495,-0.9999957864123448,-0.9999989466025314,-0.001451479875027901,0.7076197707367382,-0.7065934192040612,0,1,0,0,99,29
1701691620,12,4,0,1207,019.6,0.3,093,1,0,0,0,0,0,0,0.587868166005303,0.8089567475443674,0.3090657312414566,0.9510406793466742,0.1564597722312763,0.9876843319974946,0.07847186757846851,0.9969163284843655,0.03926621649480961,0.9992287847345985,0.019636894680695103,0.9998071775934094,0.009818920678735457,0.9999517932364064,-0.004909519507735837,-0.9999879482364791,-0.9999969870545808,0.002454767149947358,0.7062383566651038,-0.7079741404705214,0,1,0,0,99,27
1701691680,12,4,0,1208,019.5,0.3,093,1,0,0,0,0,0,0,0.9983401566622914,-0.05759280853988199,0.7271838861456853,0.6864427111784778,0.39595283104274065,0.9182708508872743,0.20214988141565363,0.9793545963764285,0.1016006978902495,0.9948252601277343,0.050866196399306694,0.9987054771372125,0.025441333129256026,0.9996763168989281,-0.012721696055790868,-0.9999190759503811,-0.9999797687829443,0.006360976718196107,0.7048542485087977,-0.7093521610308227,0,1,0,0,99,28
1701691740,12,4,0,1209,019.5,0.3,093,1,0,0,0,0,0,0,0.49094281136548873,-0.8711918020554086,0.9672620642967986,0.2537796267872891,0.610827460586339,0.7917637358414722,0.3226734139641255,0.9465103633456615,0.16353843073470306,0.9865369641695291,0.0820458281403476,0.9966285577308953,0.041057534443173026,0.9991567839260501,-0.020533096137088695,-0.9997891737576603,-0.999947292050351,0.0102670892257663,0.7034674515477719,-0.7107274756282348,0,1,0,0,99,27
1701691800,12,4,0,1210,019.5,0.3,093,1,0,0,0,0,0,0,-0.4678250906019699,-0.8838210704680324,0.9705207546642247,-0.24101756111533412,0.7877237971254055,0.6160285865463817,0.4381617358086043,0.8988961526634714,0.22483754950689241,0.9743962624783286,0.11314534352254951,0.9935784474510124,0.056663712148903436,0.9983933211542965,-0.0283432429840298,-0.9995982495868769,-0.9998995573523565,0.01417304507018692,0.7020779710722354,-0.7121000790163511,0,1,0,0,99,29
1701691860,12,4,0,1211,019.5,0.3,093,1,0,0,0,0,0,0,-0.9964767617559203,-0.08386932264204244,0.7361621161952178,-0.6768052442756178,0.9156432832374237,0.40199176342580833,0.5468126903127759,0.8372549681625688,0.28525868245982555,0.9584505642344233,0.14413437439690902,0.9895581246784909,0.0722560562219844,0.9973861149721533,-0.036151659905505625,-0.9993463150910582,-0.9998365654173331,0.01807878465137743,0.7006858123826336,-0.7134699659591066,0,1,0,0,99,28
1701691920,12,4,0,1212,019.5,0.3,093,1,0,0,0,0,0,0,-0.6089722936395112,0.7931914936378434,0.3215653171302501,-0.9468873992291383,0.9866325048439105,0.1629610394708834,0.6469308156708554,0.7625486999106625,0.3445658863623454,0.9387621370482149,0.17498266050066957,0.984571515190292,0.08783076001523608,0.9961354112745646,-0.043957870315993346,-0.9990333856469874,-0.9997583172064605,0.02198424837255722,0.699290980789629,-0.7148371312307991,0,1,0,0,99,28
1701691980,12,4,0,1213,019.5,0.3,093,1,0,0,0,0,0,0,0.3384184928294446,0.9409957086570837,-0.1717618865507076,-0.9851384949988209,0.996277695976082,-0.08620181262937314,0.7369538020220037,0.6759431142376653,0.40252756785239857,0.9154078638065289,0.2056600790059547,0.978623488325957,0.10338402118809999,0.9946415154029006,-0.05176139776464421,-0.9986594803542649,-0.99966481391371,0.02588937664115494,0.6978934816140803,-0.7162015696161085,0,1,0,0,99,29
1701692040,12,4,0,1214,019.5,0.3,093,1,0,0,0,0,0,0,0.9746688776878502,0.2236528087610497,-0.6230357899988372,-0.7821933292866443,0.9439791653650637,-0.33000505353202975,0.8154768707731783,0.5787896623420162,0.458917387804158,0.8884789424465883,0.23613667393419815,0.9717198522327791,0.11891204263492582,0.9929047920704127,-0.059561765964363605,-0.9982246220341424,-0.9995560569658268,0.029794109869717856,0.6964933201870217,-0.7175632759101171,0,1,0,0,99,28
1701692100,12,4,0,1215,019.6,0.3,093,1,0,0,0,0,0,0,0.71481319131587,-0.6993154520821212,-0.921768802922436,-0.38773995661904564,0.832988582340432,-0.5532901785595666,0.8812746956992373,0.47260439134673377,0.5135151451774652,0.8580805298300195,0.2663826854076486,0.9638673481942469,0.13441103341198044,0.9909256652731947,-0.06735849882088121,-0.9977288372281305,-0.9994320480223081,0.033698388476821044,0.6950905018496436,-0.7189222449183295,0,1,0,0,99,28
1701692160,12,4,0,1216,019.5,0.3,093,1,0,0,0,0,0,0,-0.2022384466219937,-0.979336311339431,-0.9948206650797496,0.10164568033263627,0.6702068037805061,-0.7421744001016999,0.933320523748862,0.35904428689111606,0.5661076368981803,0.8243313311075577,0.2963685787093853,0.9550736440472949,0.14987720966295234,0.9887046181866692,-0.0751511204618093,-0.9971721561963784,-0.999292788975378,0.03760215288797655,0.6936850319532718,-0.7202784714566918,0,1,0,0,99,31
1701692220,12,4,0,1217,019.5,0.3,093,1,0,0,0,0,0,0,-0.9333529894059777,-0.3589598823920647,-0.8243057328419064,0.5661449097218553,0.46575481225541016,-0.8849138121087995,0.9708021971825155,0.23988141642403288,0.6164894904116238,0.787363136177975,0.32606507312346794,0.9453473266947908,0.16530679554272595,0.9862421930476284,-0.08293915526568758,-0.9965546129158271,-0.9991382819499579,0.04150534353654243,0.6922769158593466,-0.7216319503516119,0,1,0,0,99,31
1701692280,12,4,0,1218,019.5,0.3,093,1,0,0,0,0,0,0,-0.8063470981079486,0.5914426069982534,-0.451972008536893,0.8920321202171627,0.23234444235104618,-0.9726335692893708,0.9931348270223361,0.11697527668406932,0.6644639656580071,0.7473203050513445,0.3554431705270587,0.9346978937205712,0.1806960241392001,0.9835389910218535,-0.09072212789101262,-0.9958762450781355,-0.9989685293036351,0.04540790086463162,0.6908661589394028,-0.7229826764399793,0,1,0,0,99,31
1701692340,12,4,0,1219,019.5,0.3,093,1,0,0,0,0,0,0,0.06201059653036232,0.9980754910917052,0.031020226532818423,0.999518756975502,-0.015511979636687254,-0.9998796820056656,0.9999699200490146,-0.007756223125155063,0.7098437233381567,0.7043592041262913,0.38447418370659736,0.9231357441152117,0.19604113839292545,0.98059567205735,-0.09849956330525031,-0.99513709408738,-0.9987835336266262,0.049309765324020774,0.6894527665750494,-0.7243306445691846,0,1,0,0,99,30
1701692460,12,4,0,1221,019.5,0.3,093,1,0,0,0,0,0,0,0.8817419622489547,-0.47173203411403275,0.8578263326903741,0.5139396685827857,-0.49298089791452077,-0.870040133724527,0.9669643565624658,-0.2549116182870771,0.7921210823753768,0.6103639822732511,0.44138193083017624,0.8973193362101507,0.2265840503983558,0.9739916160342836,-0.1140359240891141,-0.9934766268096809,-0.9983678247043223,0.05711117749757566,0.6866180970897957,-0.7270182863922942,0,1,0,0,99,30
1701692520,12,4,0,1222,019.5,0.3,093,1,0,0,0,0,0,0,0.07945839607244107,-0.9968381831037548,0.9992092331198094,0.03976063943301937,-0.6929066894492291,-0.7210272669715825,0.9276387408284494,-0.3734787363615347,0.8286973924061589,0.5596969106750838,0.46920309532489035,0.883090287194657,0.24177439153614155,0.9703324912612833,-0.12179390119935532,-0.9925554118691015,-0.998137117802234,0.06101060617179,0.6851968307822979,-0.7283579498336618,0,1,0,0,99,27
1701692580,12,4,0,1223,019.5,0.3,093,1,0,0,0,0,0,0,-0.795878853011907,-0.6054559037026985,0.8959508646412198,-0.4441531809507287,-0.8497508990729956,-0.5271844169971601,0.8738376328006137,-0.4862178436682676,0.8620376568538834,0.5068442346183551,0.4965660909595242,0.8679989155000009,0.2569057069237653,0.9664364737270631,-0.12954444463761627,-0.991573616462001,-0.9978911805557761,0.06490910389921796,0.6837729506571542,-0.7296948348108331,0,1,0,0,99,26
1701692640,12,4,0,1224,019.5,0.3,093,1,0,0,0,0,0,0,-0.9394887550204882,0.3425797413596621,0.5733324771196631,-0.8193228122540169,-0.9537617134939987,-0.3005637933500832,0.8064005807754863,-0.5913696841443247,0.8920116826993705,0.45201234267200896,0.523444198233198,0.8520599575945371,0.2719743024675887,0.9623045145884273,-0.13728708135067327,-0.9905313005121108,-0.9976300167176484,0.06880661119358068,0.6823464621460344,-0.7310289362239981,0,1,0,0,99,26
1701692700,12,4,0,1225,019.5,0.3,093,1,0,0,0,0,0,0,-0.21933702833760824,0.9756491521033712,0.11034230353003502,-0.9938936442354813,-0.9984722440397332,-0.05525556878957371,0.7263799173950136,-0.6872933984880206,0.9185024220131432,0.39541535220068236,0.549811171130288,0.8352889776001723,0.2869764993861237,0.9579376226039388,-0.14502133876788834,-0.9894285276370242,-0.9973536302728897,0.07270306858371212,0.6809173706905589,-0.7323602489839656,0,1,0,0,99,25
1701692760,12,4,0,1226,019.5,0.3,093,1,0,0,0,0,0,0,0.7024721506743378,0.7117112318398315,-0.37966351428611655,-0.9251246488554479,-0.9811026064728011,0.19348817941227325,0.6350243383476443,-0.7724921292195388,0.9414064290250888,0.33727427324097903,0.5756412627492147,0.8177023520942627,0.3019086351081543,0.9533368638876456,-0.15274674483005257,-0.9882653651443133,-0.9970620254388173,0.07659841661446647,0.6794856817422769,-0.7336887680121819,0,1,0,0,99,25
1701692820,12,4,0,1227,019.5,0.3,093,1,0,0,0,0,0,0,0.9784316739726002,-0.2065707127527409,-0.7767144625770596,-0.6298528745855095,-0.9027327607286415,0.43020176976303254,0.5337594168897479,-0.845636378641267,0.9606342640779755,0.27781614546200606,0.6009092504438561,0.7993172541181649,0.3167670641669009,0.9485033616488043,-0.16046282801819817,-0.9870418840274217,-0.9967552066649619,0.08049259584762539,0.6780514007626467,-0.7350144882407508,0,1,0,0,99,25
1701692880,12,4,0,1228,019.5,0.4,093,1,0,0,0,0,0,0,0.3548256284893018,-0.9349324966900936,-0.9835986215652434,-0.1803711497300862,-0.7682353642374472,0.6401674977183369,0.42416535825174545,-0.9055847552047066,0.9761108428874015,0.21727315158032454,0.6255904604530329,0.7801516364080526,0.3315481590900087,0.9434382959176643,-0.16816911738237747,-0.9857581589613307,-0.9964331786330006,0.08438554686280492,0.6766145332230143,-0.7363374046124525,0,1,0,0,99,23
1701692940,12,4,0,1229,019.5,0.4,093,1,0,0,0,0,0,0,-0.5950054634648368,-0.8037216548326881,-0.9496635337930714,0.3132717232430274,-0.5859728136854869,0.8103307112664024,0.307952341064001,-0.9514017845438388,0.9877757297443177,0.15588171069141035,0.649660791994018,0.7602242138643738,0.3462483112851427,0.9381429032573806,-0.1758651425704074,-0.9844142682980018,-0.9960959462566851,0.08827721025836226,0.6751750846045926,-0.7376575120807631,0,1,0,0,99,23
1701693000,12,4,0,1230,019.5,0.3,093,1,0,0,0,0,0,0,-0.9977912763176868,0.0664271699255767,-0.683217692274733,0.7302147526329418,-0.3672773116917639,0.9301114859609416,0.18693383059127952,-0.9823725072397287,0.995583373515179,0.09388155505814576,0.6730967407965419,0.7395544452770687,0.3608639319209744,0.9326184764621246,-0.1835504338565772,-0.9830102940615943,-0.9957435146817665,0.09216752665230203,0.6737330603984407,-0.7389748056098739,0,1,0,0,99,23
1701693060,12,4,0,1231,019.5,0.3,093,1,0,0,0,0,0,0,-0.48321239127428384,0.8755031609988558,-0.24949633163750545,0.9683757434484963,-0.12574628533579774,0.9920624333802022,0.0629982802138193,-0.998013635523133,0.999503285518145,0.031514793961462985,0.6958754220543132,0.7181625143243913,0.37539145280334285,0.926866364241467,-0.19122452217031827,-0.9815463219434595,-0.9953758892859168,0.09605643668318248,0.6722884661054426,-0.7402892801747106,0,1,0,0,99,24
1701693120,12,4,0,1232,019.5,0.3,093,1,0,0,0,0,0,0,0.47562973785858026,0.8796455834394772,0.24531043247334874,0.9694445789831095,0.12360303600011291,0.9923317436681922,-0.06192033725605731,-0.9980810948185003,0.9995201585807313,-0.03097503173121646,0.7179745927716441,0.6960693098638897,0.3898273272463786,0.9208879708911095,-0.1988869391248336,-0.9800224412969096,-0.9949930756786476,0.09994388101102124,0.6708413072362862,-0.7416009307609522,0,1,0,0,99,22
1701693180,12,4,0,1233,019.5,0.3,093,1,0,0,0,0,0,0,0.9971800794831833,0.07504591315929346,0.6800566472142988,0.7331595710209659,0.36526731921911254,0.9309026724155877,-0.18587270857284605,-0.9825738324460884,0.9956339268139893,-0.09334390058785733,0.7393726734833582,0.6732964055347922,0.40416803093837583,0.9146847559500465,-0.2065372170456859,-0.9784387451317651,-0.9945950797012232,0.10382980031820073,0.669391589311443,-0.7429097523650503,0,1,0,0,99,22
1701693240,12,4,0,1234,019.5,0.3,093,1,0,0,0,0,0,0,0.6019276547624973,-0.7985506235875843,0.9483012769124547,0.3173715302389422,0.584221049672578,0.811594581746004,-0.3069245984390922,-0.9517338340486808,0.9878597658698022,-0.15534826351028058,0.7600487693267718,0.6498660386917136,0.4184100628022027,0.9082582338442392,-0.2141748889993418,-0.9767953301086771,-0.9941819074265729,0.10771413531037331,0.6679393178611462,-0.7442157399942483,0,1,0,0,99,22
1701693300,12,4,0,1235,019.5,0.3,094,1,0,0,0,0,0,0,-0.34673427981522564,-0.9379633997129189,0.9843686808591887,-0.17612012986464826,0.7668507448860724,0.6418254708779294,-0.4231870326002857,-0.9060423474865646,0.9762280336802884,-0.21674599478817985,0.7799826904451725,0.6258010886902563,0.4325499458500392,0.9016099735168907,-0.22179948882167133,-0.9750922965332284,-0.9937535651591969,0.11159682671736608,0.6664844984253699,-0.7455188886666005,0,1,0,0,99,22
1701693360,12,4,0,1236,019.5,0.3,094,1,0,0,0,0,0,0,-0.9766103165778877,-0.21501695178203503,0.7794283006736524,-0.6264914397731085,0.9018013749637745,0.43215076086181514,-0.5328457746563188,-0.8462123731256284,0.9607841519107266,-0.27729733759483854,0.7991549717028728,0.6011250545457083,0.4465842280322334,0.8947415980454101,-0.2294105511463999,-0.9733297483498103,-0.9933100594350714,0.11547781529408518,0.6650271365538082,-0.7468191934109906,0,1,0,0,99,23
1701693420,12,4,0,1237,019.5,0.3,094,1,0,0,0,0,0,0,-0.7085953321480677,0.7056150900157746,0.38365668897089844,-0.9234757955722972,0.9806823633502076,0.1956070096235086,-0.6341896366137227,-0.7731775377051213,0.9415884285889248,-0.3367658402324074,0.8175468916925828,0.5758620319866524,0.46050948308007056,0.8876547842451626,-0.23700761143351218,-0.9715077931352797,-0.9928513970215481,0.11935704182141989,0.6635672378058535,-0.7481166492671514,0,1,0,0,99,23
1701693480,12,4,0,1238,019.5,0.3,094,1,0,0,0,0,0,0,0.21089893280388508,0.977507872163791,-0.10604746068673451,-0.9943610692710649,0.9985892722413617,-0.0530986380660329,-0.7256371814019844,-0.6880775254046476,0.9187158226036622,-0.39491927947072447,0.8351404910165487,0.5500366899258974,0.4743223113422468,0.8803512622600985,-0.24459020599760484,-0.969626542092392,-0.9923775849172511,0.12323444710714614,0.6621048077505758,-0.749411251285683,0,1,0,0,99,23
1701693540,12,4,0,1239,019.6,0.3,094,1,0,0,0,0,0,0,0.9364936915462055,0.3506844246529354,-0.5697874934337646,-0.8217920736576058,0.9544087367730887,-0.2985028696197025,-0.8057614006701062,-0.5922402934537203,0.8922556509918332,-0.4515305673740592,0.851918589823599,0.5236742463717023,0.48801934061484575,0.872832815140363,-0.25215787203618784,-0.9676861100430146,-0.9918886303519702,0.1271099719868298,0.6606398519667014,-0.7507029945280722,0,1,0,0,99,24
1701693600,12,4,0,1240,019.6,0.3,094,1,0,0,0,0,0,0,0.8010804691428774,-0.5985566656197452,-0.8940236757546595,-0.4480197174122222,0.8508876886558596,-0.5253476385155728,-0.8733119827746476,-0.48716134980334147,0.862311240157329,-0.506378638074642,0.8678648045849774,0.49680044380282007,0.5015972269646135,0.8651012784069909,-0.2597101476579314,-0.9656866154211187,-0.9913845407865504,0.13098355732472944,0.6591723760425913,-0.7519918740667114,0,1,0,0,99,24
1701693660,12,4,0,1241,019.5,0.3,094,1,0,0,0,0,0,0,-0.07084244221854993,-0.9974875179071222,-0.9993716820850794,0.03544349088956821,0.6944625652655555,-0.7195288357284815,-0.9272348234747446,-0.3744804162246128,0.8289995223836419,-0.5592493110301465,0.8829635640925809,0.46944152403140343,0.5150526555453319,0.8571585396037898,-0.26724657191085743,-0.9636281802655497,-0.9908653239127783,0.13485514401469864,0.65770238557622,-0.7532778849849167,0,1,0,0,99,24
1701693720,12,4,0,1242,019.5,0.4,094,1,0,0,0,0,0,0,-0.8776331389109034,-0.4793329463800657,-0.8600386463351707,0.5102288964866329,0.4948591231418125,-0.8689732149170747,-0.966688474876233,-0.25595584099891655,0.7924505792158009,-0.6099361273941245,0.8972001246639806,0.4416242025783208,0.528382341407091,0.8490065378365236,-0.27476668481047367,-0.9615109302125805,-0.9903309876532644,0.13872467298108784,0.6562298861751544,-0.7545610223769472,0,1,0,0,99,24
1701693780,12,4,0,1243,019.6,0.4,094,1,0,0,0,0,0,0,-0.877531975101159,0.47951812549168443,-0.5101381550660152,0.8600924733689059,0.264487737552324,-0.9643890484054933,-0.9910572759446079,-0.13343716048107937,0.7528071334947217,-0.6582411562333825,0.9105605845393766,0.4133756425859036,0.541583030298262,0.8406472632995077,-0.2822700273678489,-0.9593349944882412,-0.989781540161323,0.14259208517964586,0.6547548834565322,-0.7558412813480241,0,1,0,0,99,24
1701693840,12,4,0,1244,019.6,0.4,094,1,0,0,0,0,0,0,-0.07063196032945498,0.9975024441975159,-0.03533805174655298,0.9993754159967905,0.01767178546737087,-0.9998438418065069,-0.9999609596895538,-0.008836237703148543,0.7102239920275675,-0.7039757674440404,0.9230318974564314,0.3847234282935987,0.5546514994599768,0.8320827567897314,-0.28975614161762697,-0.9571005059004335,-0.9892169898208465,0.14645732159842081,0.6532773830470404,-0.7571186570143483,0,1,0,0,99,21
1701693900,12,4,0,1245,019.6,0.3,094,1,0,0,0,0,0,0,0.801206753033176,0.5983876159263619,0.44811403909810615,0.8939764023525347,-0.2302429126460414,-0.9731331877889415,-0.993260587104145,0.1159025716087837,0.66486744107048,-0.7469613683480504,0.9346018853897231,0.35569553810242655,0.5675845584129177,0.8233151092086269,-0.29722457064597896,-0.9548076008308236,-0.9886373452461786,0.15032032325866046,0.6517973905828941,-0.75839314450312,0,1,0,0,99,21
1701693960,12,4,0,1246,019.6,0.3,094,1,0,0,0,0,0,0,0.9364196726113553,-0.3508820268216116,0.8218521846480703,0.5697007868953616,-0.46384222161454775,-0.885917825448659,-0.9710607152615791,0.23883276005537946,0.6169145969843073,-0.7870301010937827,0.9452592504423807,0.32632031725454774,0.5803790497362272,0.8143464610516054,-0.3046748586184907,-0.9524564192265191,-0.9880426152819825,0.1541810312157123,0.6503149117098145,-0.7596647389525567,0,1,0,0,99,20
1701694020,12,4,0,1247,019.6,0.3,094,1,0,0,0,0,0,0,0.21069266371123146,-0.9775523522851683,0.9943722522992001,0.1059425497966507,-0.6686020678263527,-0.7436203835952356,-0.93370776573702,0.35803604316099547,0.5665527145990056,-0.8240254981373439,0.9549935858782884,0.2966264501546146,0.5930318498383478,0.805179001885486,-0.31210655080798455,-0.9500471045915265,-0.9874328090031054,0.1580393865599229,0.6488299520830081,-0.7609334355119122,0,1,0,0,99,21
1701694080,12,4,0,1248,019.6,0.2,094,1,0,0,0,0,0,0,-0.7087442085459975,-0.7054655532713894,0.923435312642794,-0.3837541183678754,-0.8317914757822045,-0.5550882279566577,-0.8817846188147811,0.47165229356133864,0.5139784559875352,-0.8578030932449878,0.9637953862840878,0.26664293235993725,0.605539869719601,0.7958149698139441,-0.31951919362227366,-0.9475798039779932,-0.9868079357144411,0.16189533041753676,0.6473425173671444,-0.7621992293414946,0,1,0,0,99,21
1701694140,12,4,0,1249,019.6,0.2,094,1,0,0,0,0,0,0,-0.9765649240074158,0.21522302199901908,0.6264092025190007,-0.7794943944631735,-0.9432641184904612,-0.33204337482987556,-0.8161015178364379,0.5779085676688503,0.4593971225046744,-0.8882309856306665,0.9716560568510512,0.2363990422668137,0.6179000557263231,0.786256650931111,-0.3269123346318467,-0.9450546679772316,-0.9861680049507872,0.16574880395159478,0.6458526132363348,-0.7634621156126854,0,1,0,0,99,19
1701694200,12,4,0,1250,019.6,0.2,094,1,0,0,0,0,0,0,-0.3465363519963052,0.9380365433953481,0.17601627283386595,-0.9843872569764778,-0.9960891669364942,-0.08835367288212255,-0.7376834256244756,0.6751467718644137,0.40302185308962235,-0.9151903550257765,0.9785679217677679,0.20592431252067284,0.6301093902963704,0.7765063787634564,-0.33428552259748223,-0.9424718507105282,-0.9855130264766997,0.16959974836283187,0.6443602453741106,-0.7647220895079571,0,1,0,0,99,18
1701694260,12,4,0,1251,019.5,0.2,094,1,0,0,0,0,0,0,0.6020961439059417,0.7984235927711527,-0.31747157922312297,-0.9482677872761346,-0.9869822154618934,0.1608294325113806,-0.647754030280252,0.7618495364937162,0.3450727919630029,-0.938575925669766,0.9845242317154429,0.1752485011779473,0.642164892695814,0.7665665337000915,-0.34163830749778956,-0.9398315098197366,-0.9848430102863442,0.1734481048905743,0.6428654194734018,-0.7659791462208924,0,1,0,0,99,19
1701694320,12,4,0,1252,019.5,0.2,094,1,0,0,0,0,0,0,0.9971642218096964,-0.07525632692779136,-0.7332313164778873,-0.6799792912553325,-0.9165094902005468,0.4000129427560235,-0.5477166499404489,0.8366638939132081,0.2857762289683941,-0.958296377409726,0.9895191704584925,0.14440156264783635,0.6540636197466435,0.7564395424116314,-0.348970240556676,-0.9371338064576561,-0.9841579666033436,0.17729381481363626,0.6413681412365148,-0.7672332809562018,0,1,0,0,99,19
1701694380,12,4,0,1253,019.5,0.2,094,1,0,0,0,0,0,0,0.4754441128400345,-0.8797459267116572,-0.969470455122707,-0.2452081496283747,-0.7890526438801072,0.6143255856512999,-0.4391323344669008,0.8984223910976674,0.22536371591533166,-0.9742747023036336,0.9935478605239995,0.11341361844233368,0.665802666545301,0.7461278772577572,-0.35628087427073796,-0.9343789052781952,-0.9834579058806217,0.18113681945121585,0.6398684163751107,-0.7684844889297427,0,1,0,0,99,20
1701694440,12,4,0,1254,019.5,0.3,094,1,0,0,0,0,0,0,-0.48339712085189107,-0.8754011786330324,-0.9683494148893343,0.2495984989607987,-0.6125363258775766,0.7904424390683988,-0.323695505785608,0.946161307354195,0.1640711623744481,-0.9864485053347172,0.9966063679644831,0.08231492776308211,0.6773791671718721,0.7356340556836266,-0.3635697624365738,-0.9315669744263229,-0.9827428388002435,0.18497706016379048,0.6383662506101844,-0.769732765368537,0,1,0,0,99,21
1701694500,12,4,0,1255,019.5,0.4,094,1,0,0,0,0,0,0,-0.9978052709326276,-0.06621662403857209,-0.730142665524544,0.6832947299523933,-0.3979354659034595,0.9174134100699621,-0.20320751699929535,0.9791356928613015,0.10213791445564772,-0.9947702480626623,0.9986917061993311,0.05113585795377667,0.6887902953897591,0.7249606396052742,-0.3708364601780182,-0.9286981855278049,-0.9820127762732532,0.1888144783540117,0.6368616496720415,-0.7709781055107894,0,1,0,0,99,21
1701694560,12,4,0,1256,019.5,0.4,094,1,0,0,0,0,0,0,-0.5948358565326741,0.803847189323344,-0.31317152702365525,0.9496965803148245,-0.15859290602857282,0.987344058653017,-0.0795485428747221,0.9968309933617175,0.039805820166669656,-0.9992074342602034,0.9998018389311463,0.01990685484696882,0.7000332653356665,0.7141102347841574,-0.378080523973295,-0.9257727136787294,-0.9812677294395066,0.19264901546759924,0.6353546193002774,-0.7722205046059057,0,1,0,0,99,24
1701694620,12,4,0,1257,019.5,0.5,094,1,0,0,0,0,0,0,0.3550229011373201,0.9348576039526237,0.18047492353146505,0.9835795859900265,0.0906101926109131,0.995886435792261,0.04535175965571227,0.9989710796094803,-0.022681714998206804,-0.9997427368101957,0.999935682134155,-0.011341586965772336,0.7111053321997285,0.7030854901909965,-0.3853015116820874,-0.9227907374348197,-0.9805077096675017,0.19648061299423458,0.6338451652437547,-0.773459957914511,0,1,0,0,99,23
1701694680,12,4,0,1258,019.5,0.6,094,1,0,0,0,0,0,0,0.9784752407736554,0.20636424882458945,0.6299348185230796,0.7766480054775746,0.3341795883371884,0.9425094178515073,0.16954436314500793,0.9855225562744638,-0.08508067855140847,-0.9963740653676368,0.999093105112741,-0.042578953911311244,0.722003792895616,0.6918890973590669,-0.3924989825725241,-0.9197524388005358,-0.9797327285542052,0.20030921246845357,0.6323332932605821,-0.7746964607084679,0,1,0,0,99,23
1701694740,12,4,0,1259,019.6,0.7,094,1,0,0,0,0,0,0,0.7023219565124583,-0.7118594449752793,0.9251647001953974,0.3795659066780898,0.55697131583319,0.830531729278927,0.2910912835530059,0.956695283065336,-0.1471474038756103,-0.98911457452242,0.9972749306290668,-0.07377474323093221,0.7327259867204562,0.6805237897270998,-0.39967249734807886,-0.9166580032179668,-0.9789427979248754,0.20413475547053872,0.6308190091180914,-0.7759300082708939,0,1,0,0,99,23
1701694860,12,4,0,1261,019.6,0.8,094,1,0,0,0,0,0,0,-0.9395610220178386,-0.3423814917672896,0.8192623181152938,-0.5734189167758204,0.8869664358857725,0.46183388963142347,0.5187321613166936,0.854936807498491,-0.2693169067302581,-0.9630516101171553,0.9907198418617534,-0.13591981070256942,0.7536311467497112,0.6572975693312089,-0.4139459087059511,-0.9103014800963494,-0.977318136559521,0.21177643861351833,0.6277832274704708,-0.7783882188900081,0,1,0,0,99,22
1701694920,12,4,0,1262,019.5,0.9,094,1,0,0,0,0,0,0,-0.7957510777574821,0.6056238289960243,0.4440586509707787,-0.8959977201410795,0.9736523301828737,0.22803758446681607,0.6212738589113436,0.7835935121179909,-0.3289426149665083,-0.9443499118753576,0.9859893285110538,-0.16680840525081836,0.763809009259127,0.645442326915884,-0.421044934112807,-0.9070397805267099,-0.9764834306138301,0.21559246215172986,0.6262617415459251,-0.7796128725693702,0,1,0,0,99,22
1701694980,12,4,0,1263,019.5,1.0,094,1,0,0,0,0,0,0,0.07966873759898874,0.9968213943577774,-0.039866061018256155,-0.9992050326028631,0.9998012383976285,-0.019936993217846526,0.714120785728103,0.7000225020605243,-0.38728380933075146,-0.9219605474369618,0.980296013313571,-0.19753411422212402,0.7738003987534913,0.633429509013385,-0.42811826110703044,-0.9037227199239225,-0.9756338247323948,0.219405196014221,0.6247378666231859,-0.7808345522625844,0,0,1,0,99,21
1701695040,12,4,0,1264,019.5,1.0,094,1,0,0,0,0,0,0,0.8818414830181569,0.4715459668243784,-0.514030170892537,-0.8577721045896685,0.9637873480674221,-0.2666719852274808,0.7958240965274552,0.6055278749869898,-0.4441126687075084,-0.8959709467909631,0.9736454556949781,-0.22806693448309956,0.7836028759783554,0.6212620483809149,-0.43516545796919887,-0.9003505007442698,-0.9747693318791554,0.22321458202336397,0.6232116085153726,-0.782053253309314,0,0,1,0,99,20
1701695100,12,4,0,1265,019.5,1.0,094,1,0,0,0,0,0,0,0.8732532357707915,-0.48726664796171143,-0.8623417675033813,-0.506326649524933,0.8678498284625437,-0.49682660480044094,0.8651088384707559,0.5015841879483239,-0.49920727761706163,-0.8664825987717018,0.9660441498119281,-0.25837705125291044,0.7932140477994922,0.6089429155294811,-0.44218609457473834,-0.8969233288106295,-0.9738899652452092,0.2270205620526151,0.6216829730446962,-0.783268971060585,0,0,1,0,99,21
1701695160,12,4,0,1266,019.5,1.1,094,1,0,0,0,0,0,0,0.06179999076938898,-0.9980885537570819,-0.9995220242088421,-0.030914771897250545,0.7179536098861996,-0.6960909524274645,0.9208938463328616,0.38981344741589885,-0.552352492790655,-0.8336106547471364,0.9574995182106194,-0.28843486721690187,0.8026315677871454,0.5964751179986882,-0.4491797424201762,-0.893441413299912,-0.9729957382486092,0.2308230780274018,0.6201519660424364,-0.7844817008788038,0,0,1,0,99,21
1701695220,12,4,0,1267,019.5,1.1,094,1,0,0,0,0,0,0,-0.8064718807401303,-0.5912724461493848,-0.8919844298387122,0.4520661200812417,0.5234185131989307,-0.8520757360942869,0.9623086137238632,0.2719597984130312,-0.6033407833003538,-0.7974834789552168,0.9480199045788059,-0.3182110314278744,0.8118531367888758,0.58386169962249,-0.4561459746492947,-0.8899049667302936,-0.9720866645341592,0.23462207192600865,0.6186185933489193,-0.7856914381377745,0,0,1,0,99,21
1701695280,12,4,0,1268,019.5,1.1,094,1,0,0,0,0,0,0,-0.9332772243328045,0.3591568216554658,-0.5660579379995188,0.8243654595067245,0.2963397884973224,-0.955082577452527,0.9887068770501516,0.1498623077152374,-0.651973040962877,-0.7582421472442815,0.9376145655983277,-0.34767646796678553,0.8208765034908678,0.5711057397860814,-0.46308436607918363,-0.8863142049482455,-0.9711627579732054,0.23841748578046287,0.6170828608134961,-0.7868981782227173,0,0,1,0,99,21
1701695340,12,4,0,1269,019.5,1.2,094,1,0,0,0,0,0,0,-0.2020317919023325,0.9793789639668256,-0.10154072097728682,0.9948313836944493,0.05083609104539121,-0.9987070100120579,0.9996767002416476,0.025426265828293697,-0.6980593578527926,-0.7160398961748897,0.9262936619061176,-0.3768024043348916,0.8296994649675543,0.5582103526741099,-0.469994493226192,-0.8826693471153595,-0.9702240326634255,0.24220926167741863,0.6155447742945193,-0.7881019165302856,0,0,1,0,99,22
1701695400,12,4,0,1270,019.5,1.2,094,1,0,0,0,0,0,0,0.7149607382857998,0.6991646034445853,0.38783720589663306,0.9217278891963141,-0.19782834832713678,-0.9802366778478334,0.9950469028764004,-0.09940654443286578,-0.7414197678889017,-0.6710415246343308,0.9140682481725122,-0.40556039954960427,0.8383198672194296,0.5451786865103935,-0.4768759343317749,-0.8789706156949713,-0.9692705029286126,0.24599734175904098,0.6140043396593216,-0.7893026484685837,0,0,1,0,99,23
1701695460,12,4,0,1271,019.5,1.3,094,1,0,0,0,0,0,0,0.9746216629043428,-0.22385846912183968,0.7822590584716292,0.6229532610389644,-0.43419277916671734,-0.9008199767542249,0.974889731393819,-0.22268814881552984,-0.7818849495979348,-0.6234227503004964,0.9009502623065538,-0.4339223719166273,0.846735605698918,0.5320139227893255,-0.48372826938823543,-0.8752182364385827,-0.9683021833184573,0.24978166822388845,0.6124615627841928,-0.7905003694571839,0,0,1,0,99,22
1701695520,12,4,0,1272,019.5,1.3,093,1,0,0,0,0,0,0,0.33821992534671463,-0.9410670975538687,0.9851566112943334,0.17165794832475895,-0.6435612059762619,-0.7653946525566921,0.9395197317131483,-0.34249477911590703,-0.8192968873112808,-0.5733695234681091,0.8869525137988248,-0.46186062645125475,0.8549446258241684,0.5187192754991592,-0.49055108016436005,-0.8714124383720832,-0.9673190886083255,0.25356218332779523,0.610916449554358,-0.791695074927145,0,0,1,0,99,22
1701695580,12,4,0,1273,019.5,1.3,094,1,0,0,0,0,0,0,-0.6091396517935828,-0.793062976448146,0.9468534671342093,-0.3216652169195901,-0.8129161140362485,-0.5823807959919394,0.8894888408496027,-0.45695689293852465,-0.8535094882127922,-0.5210773009168003,0.8720886712131973,-0.4893478819220533,0.862944923480651,0.5052979903373586,-0.497343950230945,-0.867553453781771,-0.966321233799033,0.2573388293847521,0.6093690058639543,-0.7928867603210284,0,0,1,0,99,22
1701695640,12,4,0,1274,019.5,1.4,094,1,0,0,0,0,0,0,-0.9964590422662916,0.08407958780670174,0.6767275715505089,-0.7362335185953917,-0.9317278354206747,-0.36315732224795383,0.8255777741218431,-0.5642883472800259,-0.8843891528281048,-0.46675028265656904,0.8563732488397127,-0.5163572974905221,0.8707345455104334,0.49175334391820763,-0.5041064649862133,-0.8636415182001753,-0.9653086341166165,0.26111154876778686,0.6078192376160092,-0.794075421092917,0,0,1,0,99,23
1701695700,12,4,0,1275,019.5,1.4,093,1,0,0,0,0,0,0,-0.46763858468568814,0.8839197667849534,0.24091516475208297,-0.9705461778774241,-0.9926092327490774,-0.12135448513049653,0.7487838423505466,-0.6628142706933458,-0.911815296727727,-0.4106006145311124,0.8398215925216237,-0.5428624989207155,0.8783115901890158,0.478088642972872,-0.5108382116811192,-0.8596768703916815,-0.9642813050121011,0.26488028390984336,0.6062671507224173,-0.7952610527084308,0,0,1,0,99,24
1701695760,12,4,0,1276,019.5,1.4,093,1,0,0,0,0,0,0,0.49112663102911036,0.8710881885859756,-0.2538816765877605,-0.967235283833767,-0.9917749956098326,0.12799358610147818,0.6603053891566091,-0.7509971990964674,-0.9356808214066555,-0.3528475597928464,0.8224498646704389,-0.5688376043332375,0.8856742076896101,0.46430722354210824,-0.5175387794445416,-0.8556597523379571,-0.9632392621612652,0.2686449773046603,0.6047127511039186,-0.796443650644746,0,0,1,0,99,22
1701695820,12,4,0,1277,019.5,1.4,094,1,0,0,0,0,0,0,0.9983522871222469,0.05738214703005362,-0.6865194290659029,-0.7271114587977738,-0.9292769928276966,0.36938363607652286,0.561523091209737,-0.8274610673852042,-0.9558925325017463,-0.29371664288459703,0.8042750284836018,-0.5942572494784574,0.8928206005347483,0.4504124501618171,-0.5242077593083599,-0.8515904092231831,-0.9621825214644005,0.27240557150764816,0.6031560446900751,-0.7976232103906105,0,0,1,0,99,22
1701695880,12,4,0,1278,019.5,1.5,094,1,0,0,0,0,0,0,0.5876974545726518,-0.8090807758739703,-0.9510732821065815,-0.30896538974942617,-0.8090010475115055,0.5878072006408963,0.4539784132307965,-0.8910126824689131,-0.9723715037137074,-0.23343876877147773,0.7853148313802172,-0.6190966125042691,0.8997490240351109,0.4364077150416402,-0.5308447442324167,-0.8474690894190892,-0.96111109904607,0.27616200913676636,0.6015970374192486,-0.7987997274463626,0,0,1,0,99,21
1701695940,12,4,0,1279,019.5,1.5,094,1,0,0,0,0,0,0,-0.36328370740536675,-0.9316785647066331,-0.9827712258472551,0.184826182254256,-0.6384253353939456,0.7696837604673286,0.3393495539504004,-0.9406603426496007,-0.9850533850126095,-0.17224932126194178,0.7655877876709966,-0.6433314381942088,0.9064577867154677,0.4222964372368012,-0.5374493291293603,-0.8432960444697939,-0.9600250112548615,0.2799142328733983,0.600035735238578,-0.7999731973239473,0,0,1,0,99,21
1701696060,12,4,0,1281,019.5,1.5,094,1,0,0,0,0,0,0,-0.6959935559105248,0.7180480277328413,-0.3754676898663577,0.9268354837113331,-0.1912648899937819,0.9815384566361455,0.09607690503928216,-0.995373913822375,-0.9988428089099843,-0.048094106591270766,0.7239109429312665,-0.6898934314112323,0.9192098322502954,0.3937680590073094,-0.550559688404759,-0.8347958010817105,-0.957808906066787,0.287405809717105,0.5969062699800091,-0.802310977650532,0,0,1,0,99,24
1701696120,12,4,0,1282,019.5,1.7,094,1,0,0,0,0,0,0,0.2281696579078992,0.9736213880201031,0.11484470379581474,0.9933834576889489,0.057517572580260974,0.9983444940722989,-0.028770696269825667,-0.999586037835738,-0.9998965041032342,0.014386837113521522,0.702001838632378,-0.7121751319421092,0.9252500018757388,0.3793579233770469,-0.5570646625944573,-0.8304691214539668,-0.9566789224849597,0.29114504851193435,0.5953381188400696,-0.8034752791816107,0,0,1,0,99,25
1701696180,12,4,0,1283,019.5,1.7,093,1,0,0,0,0,0,0,0.9425547405040898,0.3340517342467597,0.5770391086197019,0.8167165157650357,0.3027238710730988,0.9530783062700137,-0.15316934048625133,-0.9881999560488792,-0.9970456248459444,0.07681160052726667,0.6794072414512276,-0.7337614055424511,0.9310642849831721,0.36485517295054826,-0.5635356364283681,-0.8260917542714454,-0.9555343411598155,0.2948798447915308,0.593767696666158,-0.8046365156987131,0,0,1,0,99,25
1701696240,12,4,0,1284,019.5,1.8,093,1,0,0,0,0,0,0,0.7903593414947124,-0.6126435434345525,0.8979542147110153,0.44008888679756925,0.5291082654818533,0.8485543255436181,-0.27517782837320115,-0.9613933444599089,-0.9903013037606052,0.13893641628473632,0.6561492146285263,-0.7546311735824118,0.9366512620987631,0.3502633483663315,-0.5699722149516012,-0.8216639667060773,-0.9543751795562575,0.2986101415674982,0.5921950094489575,-0.8057946827720751,0,0,1,0,99,24
1701696300,12,4,0,1285,019.5,1.8,093,1,0,0,0,0,0,0,-0.08848879115605462,-0.9960771726325929,0.9990188117929995,-0.04428785029444963,0.7225952706371838,0.6912713467610061,-0.3928922582839944,-0.9195845112769696,-0.9796898772767252,0.20051868830988095,0.6322504692327713,-0.7747640570876662,0.9420095692421776,0.3355860120090927,-0.5763740053085789,-0.8171860290071938,-0.9532014553616653,0.30233588192009736,0.5906200631877919,-0.8069497759836411,0,0,1,0,99,24
1701696360,12,4,0,1286,019.5,1.9,093,1,0,0,0,0,0,0,-0.8859807373049136,-0.46372204295746144,0.8554887617489377,-0.51782137704161,0.8711548016976116,0.49100846375515256,-0.5044757359104833,-0.8634258693585549,-0.9652527827876372,0.2613179391483152,0.6077343419832735,-0.7941403966391318,0.9471378982595755,0.3208267471400009,-0.5827406167670137,-0.8126582144850321,-0.9520131864856264,0.3060570089991143,0.5890428638906025,-0.8081017909270819,0,0,1,0,99,24
1701696420,12,4,0,1287,019.5,1.9,094,1,0,0,0,0,0,0,-0.8689060794851441,0.49497699444899096,0.5025052266151114,-0.864574171037104,0.965550146558195,0.2602170526338503,-0.6081870384043668,-0.7937937555290575,-0.9470463968383644,0.321096749026631,0.5826247724622465,-0.8127412715700584,0.9520349971429776,0.30598915702189644,-0.5890716607417571,-0.8080807994940532,-0.9508103910596616,0.30977346602472816,0.5874634175739252,-0.8092507232078103,0,0,1,0,99,24
1701696480,12,4,0,1288,019.5,1.8,094,1,0,0,0,0,0,0,-0.052963179352423326,0.9985964658624038,0.026490886523445938,-0.9996490548843638,0.9999122598719259,0.01324660552058789,-0.702407785577371,-0.7117747556357236,-0.9251418149764185,0.37962168297153187,0.5569462797382114,-0.8305485184417379,0.9566996703359257,0.2910768640396056,-0.5953667508185162,-0.8034540634160753,-0.9495930874369493,0.3134851962883771,0.5858817302628675,-0.8103965684429991,0,0,1,0,99,24
1701696540,12,4,0,1289,019.5,1.8,094,1,0,0,0,0,0,0,0.8116738236246998,0.5841109518254728,-0.4560093464911258,-0.8899749861163158,0.9721046718631476,-0.2345474513650535,-0.7856676941828057,-0.6186487487399237,-0.899624574125208,0.4366642023684082,0.5307239384235423,-0.847544748779794,0.9611307790253608,0.2760935088155877,-0.6016255027774389,-0.7987782886432216,-0.9483612941920452,0.31719214315362415,0.5842978079910859,-0.811539322261597,0,0,1,0,99,24
1701696660,12,4,0,1291,019.5,2.0,094,1,0,0,0,0,0,0,0.1933550914660601,-0.9811288440384125,-0.995271029428269,-0.09713690329011809,0.7406540701603272,-0.6718865591414528,-0.9142993380565942,-0.40503915913066185,-0.8381644108200555,0.5454176568783495,0.47675063876289164,-0.8790385818831701,0.9692880330126773,0.24592825998330273,-0.6140324665751385,-0.7892807675293066,-0.9458543142390657,0.3245914605089707,0.5811232827425817,-0.8138155382237952,0,0,0,1,99,25
1701696720,12,4,0,1292,019.5,2.1,094,1,0,0,0,0,0,0,-0.7211212528459787,-0.6928088760212632,-0.920002411959138,0.39191269689736824,0.551401533867395,-0.8342399825282195,-0.9576638195442646,-0.2878888826194756,-0.8024614889885606,0.5967039120788988,0.4490523844280872,-0.8935054314549238,0.9730121868339892,0.2307537307879076,-0.6201799211567932,-0.784459600867982,-0.9445791657844201,0.32828371809459106,0.5795326918757081,-0.8149489916843234,0,0,0,1,99,26
1701696780,12,4,0,1293,019.5,2.1,094,1,0,0,0,0,0,0,-0.9726020429124683,0.23247637755800724,-0.619485117836576,0.7850084004512332,0.32786552086851617,-0.9447244043770736,-0.9860842774269027,-0.16624619638194185,-0.7636249722154004,0.6456600512723619,0.42091563806043014,-0.9070997881358924,0.9764987936848393,0.2155228663786137,-0.6262895231525857,-0.7795905548358746,-0.9432896042138582,0.3319709664745739,0.5779398902677623,-0.8160793363621499,0,0,0,1,99,27
1701696840,12,4,0,1294,019.5,2.2,094,1,0,0,0,0,0,0,-0.3298770001093613,0.9440239217301903,-0.1672962615688254,0.9859066694495454,0.08394441777287699,-0.9964704384600542,-0.9991172199647183,-0.04200929385234764,-0.7218065162674647,0.6920949017828597,0.39236787471526025,-0.9198083772674773,0.9797470023601699,0.20023938515252526,-0.6323608996639003,-0.774673926614458,-0.941985649204503,0.33565314938604557,0.5763448839947981,-0.817206567945353,0,0,0,1,99,28
1701696900,12,4,0,1295,019.5,2.2,094,1,0,0,0,0,0,0,0.6161354352885633,0.7876402258530049,0.3258525541920725,0.9454206010694407,-0.1651959426416995,-0.9862607670057246,-0.9965592724483889,0.08288314965744041,-0.6771694213203072,0.7358271365128635,0.36343697079902076,-0.9316187891280595,0.9827560198564188,0.18490701835238776,-0.6383936801252078,-0.7697100162893775,-0.9406673206531035,0.33933021064342506,0.5747476791412798,-0.8183306821338868,0,0,0,1,99,27
1701696960,12,4,0,1296,019.5,2.4,094,1,0,0,0,0,0,0,0.9956757929363228,-0.0928962612844285,0.7392213001816264,0.6734625968513661,-0.4040652194563607,-0.9147301779353751,-0.9784503507933796,0.20648222933781113,-0.6298879942744539,0.7766859820216312,0.33415117684842055,-0.9425194910508831,0.9855251115651197,0.16952950915565845,-0.6443874963266829,-0.7646991268321347,-0.9393346386757316,0.3430020941392817,0.5731482818000584,-0.8194516746395976,0,0,0,1,99,28
1701697020,12,4,0,1297,019.5,2.4,094,1,0,0,0,0,0,0,0.45979641835260393,-0.8880243542100167,0.9716028906425754,0.2366174610948897,-0.6178116779833116,-0.786326096824622,-0.9450730386654309,0.3268592228891346,-0.5801468680906867,0.8145118853918384,0.30453908994426443,-0.9524998386855082,0.9880536014522462,0.15411061176066326,-0.650341982436678,-0.7596415640815948,-0.9379876236074746,0.346668743845191,0.5715466980723487,-0.8205695411862395,0,0,0,1,99,29
1701697080,12,4,0,1298,019.5,2.4,094,1,0,0,0,0,0,0,-0.4988176628046754,-0.8667069512090468,0.9661022076387795,-0.25815988146006835,-0.7931455986954944,-0.6090320675218718,-0.8969481778569685,0.4421356875881703,-0.5281402808022835,0.8491571372803064,0.2746296257868892,-0.961550086391839,0.9903408722232561,0.13865409047006316,-0.6562567750240514,-0.7545376367253204,-0.936626296002125,0.3503301038125896,0.5699429340677058,-0.8216842775094914,0,0,0,1,99,30
1701697140,12,4,0,1299,019.5,2.5,094,1,0,0,0,0,0,0,-0.9988210851948485,-0.04854317429036989,0.7240660102125944,-0.6897306813929731,-0.9191655676190696,-0.39387137405949346,-0.834826740725132,0.5505127727585013,-0.4740713170196541,0.880486448719826,0.2444519904604727,-0.9696613967565755,0.9923863654737946,0.1231637187718536,-0.6621315130803496,-0.7493876562807309,-0.9352506766318672,0.3539861181736292,0.5683369959040019,-0.8227958793569731,0,0,0,1,99,30
1701697260,12,4,0,1301,019.5,2.6,094,1,0,0,0,0,0,0,0.37151605140823607,0.9284265310438047,-0.18917382080535783,-0.981943616264143,-0.995475669281812,0.0950167978197989,-0.6726749594641535,0.7399381047830281,-0.3605980416037862,0.9327213155018567,0.1834103111852539,-0.9830364478242546,0.9957500810505251,0.09209655850178511,-0.6737593938114017,-0.7389507962313138,-0.9324566467754181,0.36128188701392594,0.5651186216123453,-0.8250096626749065,0,0,0,1,99,31
1701697320,12,4,0,1302,019.5,2.5,094,1,0,0,0,0,0,0,0.9819749666421057,0.1890110179016962,-0.6367844934113518,-0.7710418334635599,-0.9410212095015605,0.33834757760063844,-0.5751749396485218,0.8180304326859235,-0.3016368406826962,0.9534228948074206,0.15260587340036988,-0.9882871280168078,0.9970674821738015,0.0765273545315405,-0.679511826780248,-0.73366455363863,-0.9310382789226848,0.3649215301687268,0.5635061977615123,-0.8261118357004477,0,0,0,1,99,30
1701697380,12,4,0,1303,019.5,2.5,094,1,0,0,0,0,0,0,0.6896106261548025,-0.7241803534302633,-0.9284881133946367,-0.37136211880705916,-0.8280586086766621,0.5606415437661308,-0.46869950727191356,0.8833576692841159,-0.24149775435382845,0.9704013781122005,0.12165241856987369,-0.9925727626003548,0.9981414635712602,0.06093946750524334,-0.6852227858495209,-0.7283335319430388,-0.9296057045713088,0.3685556050699549,0.561891624305811,-0.8272108573604299,0,0,0,1,99,31
1701697440,12,4,0,1304,019.5,2.6,094,1,0,0,0,0,0,0,-0.23677854371688278,-0.9715636475472476,-0.9928654610638965,0.11923999424008805,-0.6636113342009432,0.7480775341634341,-0.35491017584493534,0.9349004048997503,-0.1804156244623088,0.9835904648022342,0.09058017221711874,-0.995889166725453,0.9989717630457462,0.04533670298194944,-0.690891922451714,-0.7229580565226276,-0.9281589455806122,0.3721840562660983,0.5602749074043482,-0.8283067234624195,0,0,0,1,99,30
1701697500,12,4,0,1305,019.5,2.6,094,1,0,0,0,0,0,0,-0.9454746124554664,-0.3256958047046135,-0.8141547164712041,0.5806479980570787,-0.4579039211138737,0.8890016867411104,-0.235582589826678,0.971854332382459,-0.118628975418194,0.9929386517762462,0.059419475863364,-0.9982331019797546,0.9995581778915509,0.029722870152842088,-0.6965188905719492,-0.7175384554687094,-0.926698024026357,0.37580682839145607,0.5586560532244075,-0.8293994298260206,0,0,0,1,99,31
1701697560,12,4,0,1306,019.5,2.7,094,1,0,0,0,0,0,0,-0.7849056827820657,0.6196152589602836,-0.43611050264796214,0.8998931211428065,-0.22372626003354357,0.9746520202469203,-0.11257881628681225,0.9936427980534354,-0.056379082763754744,0.998409434564156,0.0282007573997934,-0.9996022795502609,0.9999005649439,0.014101780911272722,-0.7021033467690947,-0.7120750595657992,-0.925222962200409,0.37942386616698276,0.5570350679414255,-0.8304889722828903,0,0,0,1,99,31
1701697620,12,4,0,1307,019.4,2.7,094,1,0,0,0,0,0,0,0.09730191186315293,0.995254911039265,0.048708772109010486,0.9988130233029766,0.02436161629514139,0.9997032117841216,0.012181712028249383,0.9999258001932247,0.006090969002353426,0.9999814498762526,-0.0030454986248035533,-0.9999953624583098,0.9999988406139053,-0.001522751077858202,-0.7076449501967276,-0.7065682022714233,-0.9237337826103967,0.38303511440113214,0.5554119577389687,-0.8315753466767555,0,0,0,1,99,31
1701697680,12,4,0,1308,019.5,2.8,094,1,0,0,0,0,0,0,0.8900505774721458,0.4558617877619267,0.5216024406758817,0.853188662536583,0.2709348053161655,0.9625976995964054,0.13675214880138925,0.9906052946548402,0.06853723566485535,0.9976485590263838,-0.034288780771676325,-0.9994119668651121,0.9998529809089715,-0.017146911309152784,-0.7131433626239372,-0.7010182196957677,-0.9222305079793683,0.38664051799069915,0.5537867288087088,-0.8326585488634279,0,0,0,1,99,31
1701697740,12,4,0,1309,019.5,2.8,094,1,0,0,0,0,0,0,0.8644908468317865,-0.5026485608693819,0.8667896402442123,0.49867396118637375,0.5006625803940346,0.8656425247139762,0.2591886140304236,0.9658267248098844,0.13071586588879644,0.991419871903394,-0.06549858050601552,-0.9978526624465643,0.9994630214386534,-0.03276688536797246,-0.7185982484559688,-0.6954254505811631,-0.9207131612454454,0.39024002192166096,0.5521593873504004,-0.8337385747108206,0,0,0,1,99,30
1701697860,12,4,0,1311,019.5,2.9,094,1,0,0,0,0,0,0,-0.8168121741291692,-0.5769036940377309,0.8879481105441159,-0.45994364109218266,0.8543838835945416,0.5196423572553615,0.4900804233718373,0.8716772215835864,0.2533009854070979,0.9673875184184428,-0.12769589183203411,-0.9918133691422099,0.9979512435841267,-0.06397902335058789,-0.729376111258995,-0.6841129207409447,-0.9176363442946625,0.397421111202623,0.548898391688925,-0.8358890809200175,0,0,0,1,99,30
1701697920,12,4,0,1312,019.4,2.9,094,1,0,0,0,0,0,0,-0.9267732207044014,0.3756213484151173,0.5587390498188232,-0.829343520025061,0.9563847343054627,0.2921099792671752,0.5949327780232085,0.803775459710974,0.31322878243308516,0.9496776978825432,-0.158622668804709,-0.9873392775238264,0.9968297942787993,-0.07956356727854007,-0.7346984304047954,-0.6783938504738453,-0.9160769210262436,0.40100258697803604,0.5472647499254653,-0.8369595530782943,0,0,0,1,99,30
1701697980,12,4,0,1313,019.4,2.9,094,1,0,0,0,0,0,0,-0.18466324219769167,0.9828018554017064,0.09273118299227497,-0.9956911808893625,0.9989222144114532,0.046415617579848543,0.6905014056539462,0.7233310506192336,0.37193342776682925,0.9282594062597033,-0.18939455343316602,-0.9819010658563578,0.9954649832757448,-0.09512868690264292,-0.7399759073451794,-0.6726333745426839,-0.9145035195510961,0.4045779439473413,0.5456290205133241,-0.8380268324902673,0,0,0,1,99,29
1701698040,12,4,0,1314,019.4,2.8,094,1,0,0,0,0,0,0,0.7272252695674022,0.6863988689549387,-0.3959805115438519,-0.9182589147280136,0.9793515494264594,-0.20216464239820275,0.7752949897936278,0.6315993024069126,0.42918568102459304,0.9032162815203545,-0.2199814974942728,-0.9755040444612094,0.9938571437739957,-0.1106705822221754,-0.7452082199701555,-0.6668318445372209,-0.9129161638773905,0.40814712755499033,0.5439912096923119,-0.8390909150845903,0,0,0,1,99,29
1701698100,12,4,0,1315,019.4,2.7,094,1,0,0,0,0,0,0,0.9705062222633856,-0.24107607211843352,-0.7877423665509027,-0.6160048408420045,0.8988895485102729,-0.4381752840804668,0.8479903549217016,0.5300116583243869,0.4847619733826144,0.8746461165306764,-0.2503536333562224,-0.9681544599212143,0.9920066683045065,-0.12618545890629732,-0.7503950489263297,-0.6609896145529455,-0.9113148782262214,0.41171008333963266,0.5423513237101792,-0.8401517968021114,0,0,0,1,99,29
1701698160,12,4,0,1316,019.4,2.7,094,1,0,0,0,0,0,0,0.3215082299291668,-0.9469067842653859,-0.9866374167508005,-0.16293129799798153,0.7625389491684939,-0.6469423088661069,0.9074531141789384,0.4201533595806971,0.5384452806085791,0.8426604771735462,-0.2804813031437691,-0.9598594889809514,0.9899140086343236,-0.14166952922038076,-0.7555360776363961,-0.6551070411694638,-0.9096996870312377,0.41526675693494663,0.5407093688225928,-0.8412094735958894,0,0,0,1,99,29
1701698220,12,4,0,1317,019.4,2.6,094,1,0,0,0,0,0,0,-0.6230829462907598,-0.7821557658431126,-0.9439692171472311,0.33003350902361966,0.5787773712647983,-0.8154855943006043,0.9527553710949638,0.3037387081846794,0.590025970536603,0.8073842666861547,-0.31033508769864016,-0.9506272315387758,0.9875796756562926,-0.15711901295073133,-0.7606309923184603,-0.6491844834287357,-0.90807061493827,0.41881709407046913,0.5390653512931113,-0.8422639414312088,0,0,0,1,99,29
1701698280,12,4,0,1318,019.4,2.5,094,1,0,0,0,0,0,0,-0.9948145351851904,0.10170565659919678,-0.6701844311086327,0.7421946027152168,0.3590302196784995,-0.933325935221779,0.9831901991023352,0.18258431583548054,0.6393026216763542,0.7689552379155371,-0.3398858353068445,-0.9404667027374061,0.9850042392643308,-0.17253013832747296,-0.7656794820051903,-0.6432223028131592,-0.9064276868049539,0.4223610405724235,0.5374192773931619,-0.8433151962855951,0,0,0,1,99,30
1701698340,12,4,0,1319,019.4,2.4,094,1,0,0,0,0,0,0,-0.4519182282526401,0.8920593674038712,-0.23231512283548061,0.9726405727204349,0.11696030796720128,-0.9931365899815682,0.9982826728891893,0.05858075630457427,0.6860828097596623,0.727523455396654,-0.3691046901648271,-0.9293878241607897,0.9821883282142966,-0.18789914294537147,-0.7706812385627962,-0.6372208632235092,-0.9047709277003515,0.42589854236454644,0.5357711534020162,-0.8443632341488307,0,0,0,1,99,30
1701698460,12,4,0,1321,019.4,2.3,094,1,0,0,0,0,0,0,0.999211628421411,0.03970039832838073,0.6929284240351306,0.7210063794198983,-0.37349271785411137,-0.9276331115855821,0.9817415931867158,-0.19021946327126704,0.7714335562027579,0.6363098839122071,-0.426432946714834,-0.9045191772185395,0.9758378905378032,-0.21849579261562516,-0.7805433340358577,-0.6251016746835569,-0.9014160179083676,0.43295399600676,0.5324687803023009,-0.8464496429223537,0,0,0,1,99,29
1701698520,12,4,0,1322,019.4,2.2,094,1,0,0,0,0,0,0,0.5732830801649955,-0.8193573762385589,0.9537707733618594,0.30053504268341247,-0.5913818382891833,-0.8063916674555276,0.9503661577138381,-0.3111336791031087,0.809670821724208,0.5868842819913016,-0.45448636833721334,-0.8907536926646169,0.9723049142796247,-0.23371596793478092,-0.7854030710198365,-0.6189846654260585,-0.8997179184127819,0.43647184019930857,0.5308145437912809,-0.8474880058736255,0,0,0,1,99,28
1701698580,12,4,0,1323,019.4,2.1,094,1,0,0,0,0,0,0,-0.3797192881647377,-0.9251017577519053,0.9810967734509948,-0.19351775402801508,-0.7725017003308197,-0.6350126951376582,0.9041605762080257,-0.4271927579338991,0.8447463400139414,0.5351669095086602,-0.48209599173366907,-0.8761184022461406,0.9685345637214349,-0.2488790848523229,-0.7902148710484772,-0.6128298765349471,-0.8980060903287201,0.4399830243685845,0.5291582823841159,-0.8485231359157464,0,0,0,1,99,27
1701698640,12,4,0,1324,019.4,2.1,094,1,0,0,0,0,0,0,-0.9836094941210283,-0.18031184951348836,0.7682160664531458,-0.6401906553857654,-0.9055911481970673,-0.424151709070136,0.8438458713148201,-0.5365856366554476,0.8765231419236595,0.48135972169706537,-0.5092348565754973,-0.860627597075839,0.964527759340248,-0.26398144151072533,-0.7949784404343068,-0.6066376836668139,-0.896280559776573,0.4434874949382373,0.5275000023989397,-0.8495550291000099,0,0,0,1,99,26
1701698700,12,4,0,1325,019.4,2.1,094,1,0,0,0,0,0,0,-0.6831736673300343,0.7302559416169317,0.36724927391559825,-0.9301225568754183,-0.982375324627868,-0.18691902407805047,0.7703632338313046,-0.6376052759826998,0.9048771397219348,0.425672834473437,-0.535876462221734,-0.8442964036620779,0.9602854793398883,-0.2790193508862083,-0.7996934884336023,-0.6004084647611956,-0.8945413530858134,0.4469851984343578,0.5258397101615864,-0.850583681490057,0,0,0,1,99,27
1701698760,12,4,0,1326,019.4,2.0,094,1,0,0,0,0,0,0,0.24536887858740644,0.9694297877725641,-0.12363294914268595,-0.9923280172837418,-0.9980801614308696,0.0619353805036276,0.6848593357385049,-0.728675298230847,0.9296976116541461,0.368323703940673,-0.5619947935965809,-0.8271407691380811,0.9558087594121748,-0.2939891416888716,-0.8043597272641364,-0.5941426000175077,-0.8927884967945957,0.4504760814862939,0.5241774120055661,-0.8516090891618918,0,0,0,1,99,24
1701698820,12,4,0,1327,019.4,2.0,094,1,0,0,0,0,0,0,0.9483204091081449,0.3173143578046236,-0.5842455144009993,-0.8115769704115019,-0.9517292079188023,0.30693894310473063,0.5886684367686403,-0.8083745861618643,0.9508876343085613,0.3095362772262209,-0.5875643465926856,-0.8091774456898254,0.9510986924840727,-0.30888715925898774,-0.8089768721227412,-0.5878404718718389,-0.8910220176493504,0.45396009082746536,0.5225131142720414,-0.8526312482038954,0,0,0,1,99,20
1701698880,12,4,0,1328,019.4,2.0,094,1,0,0,0,0,0,0,0.7793905288984901,-0.6265384293587519,-0.9018144014592891,-0.43212357644616434,-0.8462043418838514,0.5328585288581931,0.48329156372825655,-0.875459459043705,0.9683644611001854,0.24954011797333814,-0.6125601529754697,-0.7904239741978156,0.9461564284508708,-0.3237097664592346,-0.8135446412026923,-0.5815024649736085,-0.889241942604376,0.45743717329617606,0.5208468233098019,-0.8536501547168418,0,0,0,1,99,18
1701698940,12,4,0,1329,019.4,1.9,094,1,0,0,0,0,0,0,-0.10610740923685848,-0.994354673999696,-0.9985876711635528,0.05312873986979144,-0.6880665883946875,0.7256475521455962,0.37037308747694114,-0.9288830798721646,0.9820598453944048,0.18856950989997748,-0.6369578047641863,-0.770898667108712,0.9409831738954507,-0.3384533445626502,-0.8180627557109083,-0.5751289661620904,-0.8874482988214272,0.4609072758364255,0.5191785454752413,-0.8546658048139125,0,0,1,0,99,18
1701699060,12,4,0,1331,019.4,1.8,094,1,0,0,0,0,0,0,-0.8600078837318815,0.5102807461770535,-0.4948329282813273,0.8689881317305357,-0.2559412708703545,0.9666923325780896,0.1290497334788228,-0.9916381226480983,0.9979073410512868,0.06466017844045019,-0.6838639563391061,-0.7296095457299233,0.9299488012062609,-0.3676890359189927,-0.8269489210099354,-0.5622770509637608,-0.8838204147234213,0.4678263294408723,0.5158360546526036,-0.8566873202752776,0,0,1,0,99,19
1701699120,12,4,0,1332,019.4,1.9,094,1,0,0,0,0,0,0,-0.03527780063100106,0.9993775446659983,-0.01764164581327013,0.9998443740567825,-0.008821166113885877,0.9999610927573088,0.004410625958475234,-0.9999902731420214,0.9999975682825487,0.0022053183419487145,-0.7063266530643069,-0.707886049566577,0.9240903769563281,-0.38217401169717374,-0.8313164294350177,-0.5557994189916117,-0.8819862297654119,0.47127517492882454,0.5141618544151129,-0.8576931779281052,0,0,1,0,99,19
1701699180,12,4,0,1333,019.4,1.9,094,1,0,0,0,0,0,0,0.8218865296781087,0.5696512374547038,0.463868926823783,0.8859038428223189,0.23884739602692043,0.971057115421724,-0.12029730790478227,-0.992737909878968,0.9981828264098136,-0.06025815347748382,-0.7280996337993461,-0.6854713146888483,0.9180063492941779,-0.3965656851715436,-0.8356331985900104,-0.5492878638876233,-0.8801385867826792,0.47471682933743603,0.5124856928064255,-0.8586957637421522,0,0,1,0,99,19
1701699240,12,4,0,1334,019.4,1.8,094,1,0,0,0,0,0,0,0.9234121749250919,-0.38380979039116697,0.8318082081799767,0.5550631538882909,0.4716655839213357,0.8817775098879226,-0.24312804251266182,-0.9699942035620426,0.9924702019612586,-0.12248631849712321,-0.7491616375980297,-0.662387228704961,0.9116982035479069,-0.4108605428214292,-0.8398989650015737,-0.5427427830835574,-0.8782775139679819,0.47815124015129495,0.5108075762205887,-0.8596950738928585,0,0,1,0,99,19
1701699300,12,4,0,1335,019.3,1.8,094,1,0,0,0,0,0,0,0.1759569250793735,-0.9843978669809336,0.9960918298482659,0.08832364637815417,0.675157890282653,0.7376732496092542,-0.36216484533341015,-0.9321140621214912,0.9828820026131039,-0.18423617706426285,-0.7694920977710762,-0.6386563328331354,0.9051674797608273,-0.4250550947623523,-0.8441134683093121,-0.5361645760574115,-0.8764030397190016,0.48157835496551776,0.509127511059107,-0.8606911045681598,0,0,1,0,99,19
1701699360,12,4,0,1336,019.3,1.8,094,1,0,0,0,0,0,0,-0.7332723102173858,-0.6799350844517864,0.9164974316526442,-0.40004057016021116,0.8366721491002945,0.5477040395322044,-0.47555018687189876,-0.8796885924951523,0.9694556700786149,-0.24526659730265726,-0.78907116196914,-0.6143017998904703,0.8984157723154882,-0.43914587559803503,-0.8482764512816665,-0.5295536443090374,-0.8745151926379088,0.48499812148654897,0.5074455037309183,-0.8616838519685015,0,0,1,0,99,19
1701699420,12,4,0,1337,019.3,1.8,094,1,0,0,0,0,0,0,-0.9683343651587963,0.2496568790410366,0.6125124982230825,-0.7904609032207212,0.9461661860425792,0.32368124503844736,-0.5815147267961288,-0.8135358766023928,0.9522436338990125,-0.3053392567273386,-0.8078797115682936,-0.5893474116650812,0.8914447295444292,-0.4531294452664265,-0.8523876598316128,-0.5229103913356348,-0.8726140015309274,0.4884104875329589,0.5057615606523697,-0.8626733123068543,0,0,1,0,99,19
1701699480,12,4,0,1338,019.3,1.7,094,1,0,0,0,0,0,0,-0.31311427047593193,0.949715459295217,0.15856314310832614,-0.9873488388850257,0.9968321922181852,0.07953351845283306,-0.6784049239013403,-0.7346882054493705,0.9313131067072369,-0.36421957288882034,-0.82589938033904,-0.5638175356935875,0.8842560533277641,-0.4670023898795447,-0.8564468430321711,-0.5162352226071247,-0.8706994954078947,0.49181540103624005,0.5040756882471917,-0.8636594818087276,0,0,1,0,99,19
1701699540,12,4,0,1339,019.4,1.7,094,1,0,0,0,0,0,0,0.6299816404820636,0.7766100261106137,-0.33420799952229324,-0.9424993437956903,0.9855200007599263,-0.1695592170958419,-0.7647088390674721,-0.6443759705731422,0.9067458217640548,-0.42167761941254234,-0.8431125723806229,-0.5377371014666263,0.8768514986776913,-0.48076132255692827,-0.8604537531317207,-0.5095285455414014,-0.8687717034818184,0.49521281004160156,0.5023878929464755,-0.8646423567121847,0,0,1,0,99,19
1701699660,12,4,0,1341,019.3,1.7,094,1,0,0,0,0,0,0,0.4440046316200165,-0.8960244902344876,-0.9736592037860289,-0.22800823424331892,0.7835841480796172,-0.621285669300637,-0.9003570595326714,-0.435151887677948,0.84709854434946,-0.5314358438805441,-0.8750530966405822,-0.484026939394625,0.8614020372029035,-0.507923744574604,-0.8683097789886407,-0.49602230566043903,-0.8648763800857435,0.5019849073127403,0.4990065594194428,-0.8665982077389557,0,0,1,0,99,19
1701699720,12,4,0,1342,019.3,1.5,094,1,0,0,0,0,0,0,-0.5140818839291789,-0.8577411128165807,-0.9637793089749802,0.2667010378527043,0.6055158801168206,-0.7958332230601788,-0.9475846197201016,-0.31950491149575566,0.8122514732198877,-0.5833074183071241,-0.8897492394790579,-0.45644965861137193,0.8533609021426315,-0.5213206025991243,-0.8721584152546842,-0.48922356719646887,-0.8629089080535873,0.5053594922446452,0.49731303409188604,-0.8675711764012926,0,0,1,0,99,18
1701699780,12,4,0,1343,019.3,1.5,094,1,0,0,0,0,0,0,-0.9995238862039619,-0.030854511950917846,-0.7179326263483635,0.696112594358514,0.38979956749686495,-0.920899721565414,-0.9800254388446796,-0.19887216803085594,0.7742325774697342,-0.6329011897481092,-0.9035765572844697,-0.42842666248256006,0.8451114312570148,-0.534590187675307,-0.8759538194663309,-0.48239496904750834,-0.8609282690931656,0.5087263660124623,0.4956176116662611,-0.8685408355432871,0,0,1,0,99,19
1701699840,12,4,0,1344,019.3,1.4,094,1,0,0,0,0,0,0,-0.5660082370433905,0.8243995849095468,-0.2963109980159809,0.9550915099898928,0.14984740573347818,-0.9887091356890289,-0.9971732887740798,-0.07513609089835323,0.7331903200732922,-0.6800234955873388,-0.9165215479156338,-0.39998531498835127,0.836655638536056,-0.5477292602242684,-0.8796957599716702,-0.47553692799599256,-0.858934493426592,0.5120854772418407,0.4939202986100892,-0.8695071814659844,0,0,1,0,99,17
1701699900,12,4,0,1345,019.3,1.4,094,1,0,0,0,0,0,0,0.38789277497415287,0.9217045053176486,0.19785789683804822,0.9802307139948351,-0.09942154194430115,-0.9950454044903768,-0.9987605830454005,0.04977245980270217,0.6892849701673822,-0.7244903242289376,-0.9285715708088789,-0.37115338862191627,0.827995588340275,-0.5607346125298864,-0.8833840083819399,-0.4686498626213997,-0.8569276114764303,0.5154367746768755,0.49222110139810366,-0.8704702104830686,0,0,1,0,99,16
1701699960,12,4,0,1346,019.3,1.3,094,1,0,0,0,0,0,0,0.985166958539643,0.17159855419481035,0.6435842780107317,0.7653752524725406,-0.3425089396843968,-0.9395145694646093,-0.9847625524624222,0.1739043279153665,0.6426879772038036,-0.766128033658659,-0.9397148593213419,-0.3419590372700662,0.8191333948967244,-0.5736030695219185,-0.8870183395854673,-0.46173419327470294,-0.8549076538652297,0.5187802071808914,0.4905200265122254,-0.8714299189208766,0,0,1,0,99,16
1701700020,12,4,0,1347,019.3,1.3,094,1,0,0,0,0,0,0,0.6766831837539894,-0.7362743162874585,0.9317387821399994,0.3631292357498508,-0.5643007904700069,-0.8255692689744001,-0.9553976316106295,0.2953224771547197,0.5935813014428943,-0.8047740295122351,-0.9499405322208951,-0.31243076872146003,0.8100712217828319,-0.5863314895511497,-0.8905985317614076,-0.4547903420527146,-0.8528746514150584,0.5221157237372216,0.48881708044153815,-0.8723863031184126,0,0,1,0,99,17
1701700080,12,4,0,1348,019.3,1.3,094,1,0,0,0,0,0,0,-0.2539399894906939,-0.9672199758780141,0.9917711368753414,-0.12802348245924622,-0.7510071512506543,-0.660294069919136,-0.9111240502585628,0.41213221791123295,0.542156703402608,-0.8402774000028898,-0.9592386043114846,-0.28259741682923273,0.8008112813981934,-0.598916765156381,-0.8941243663932834,-0.4478187327723233,-0.8508286351470322,0.5254432734499875,0.48711226968226357,-0.8733393594273613,0,0,1,0,99,17
1701700140,12,4,0,1349,019.3,1.3,094,1,0,0,0,0,0,0,-0.9510919075018955,-0.30890805020977646,0.8089833280759797,-0.5878315871872758,-0.891019524810561,-0.4539649836786557,-0.8526326828355384,0.52251077324843,0.4886149950377956,-0.8724995052286362,-0.9675999961835046,-0.25248811335522686,0.7913558344244475,-0.6113558238230716,-0.8975956282823216,-0.4408197909446265,-0.8487696362808422,0.5287628055448745,0.4854056007377364,-0.8742890842121027,0,0,1,0,99,17
1701700260,12,4,0,1351,019.3,1.1,094,1,0,0,0,0,0,0,0.11490459339101299,0.9933765320449471,-0.05754766700333219,-0.9983427597886778,-0.9995856040851824,0.028785762203928318,-0.6968551635010218,0.717211880201356,0.37602401505664773,-0.9266099179809582,-0.9814810028678492,-0.19155949730963728,0.7718677015232719,-0.6357831795079053,-0.9043735897039191,-0.4267416200068226,-0.8446128166227477,0.535377614396221,0.4819867143416813,-0.8761785247300407,0,0,1,0,99,15
1701700320,12,4,0,1352,019.3,1.1,094,1,0,0,0,0,0,0,0.89798074546892,0.44003474949949434,-0.5291338443628917,-0.848538375531565,-0.9613891968218607,0.2751923186322931,-0.6019998676776046,0.7984961861625556,0.31741440880766936,-0.9482869255037094,-0.9869870631127111,-0.16079968049764676,0.7618397733439909,-0.6477655129374955,-0.907679875544648,-0.4196632501557079,-0.8425150592587969,0.538672790218836,0.4802745099321658,-0.8771182332555959,0,0,1,0,99,14
1701700380,12,4,0,1353,019.3,1.1,094,1,0,0,0,0,0,0,0.855457541413084,-0.5178729524115752,-0.8711696024344442,-0.49098220313389407,-0.8634182657130592,0.5044887495604367,-0.4977505652631463,0.8673202262026514,0.2575653060850283,-0.966260892875897,-0.991529347239883,-0.12988284552646476,0.7516258529103641,-0.6595897037073636,-0.9109307612841284,-0.41255926622282796,-0.8404044461516217,0.5419597465574229,0.4785604734213729,-0.8780545958416888,0,0,1,0,99,13
1701700440,12,4,0,1354,019.3,1.0,094,1,0,0,0,0,0,0,0.026430618926637908,-0.9996506501689252,-0.9999126587279824,-0.01321646380607935,-0.7117641687406298,0.7024185134924622,-0.38573403175474275,0.9226100241956138,0.19671041635407388,-0.9804616321395789,-0.9951034197859987,-0.09883918216077345,0.7412284338045774,-0.6712528651109158,-0.9141260485050504,-0.4054301017987467,-0.8382810095065815,0.5452384332570721,0.47684461134783096,-0.8789876089163806,0,0,1,0,99,11
1701700500,12,4,0,1355,019.3,1.0,094,1,0,0,0,0,0,0,-0.8268964927099149,-0.5623541502861356,-0.8838422229917893,0.4677851268017531,-0.515856023129636,0.856675296364309,-0.2676982476928931,0.9635028013359144,0.13508737665689868,-0.9908336897118291,-0.9977057907298696,-0.06769900401103005,0.7306500544073853,-0.6827521497545687,-0.9172655421835513,-0.3982761920109155,-0.8361447817247069,0.5485088002890585,0.47512693025703223,-0.87991726892051,0,0,1,0,99,11
1701700560,12,4,0,1356,019.3,0.8,094,1,0,0,0,0,0,0,-0.9199787823775267,0.39196816194069034,-0.5513763859920506,0.83425660379187,-0.2878744485084861,0.9576681585475916,-0.1454851220097925,0.989360439513222,0.07293682364477497,-0.997336562929792,-0.9993339189004324,-0.03649271893274041,0.7198932972784023,-0.6940847502528994,-0.9203490507011184,-0.3910979734971153,-0.8339957954022056,0.5517707977516048,0.473407436701408,-0.8808435723077068,0,1,0,0,99,11
1701700620,12,4,0,1357,019.3,0.8,094,1,0,0,0,0,0,0,-0.16723682222676747,0.9859167537330383,-0.08391437977772838,0.9964729684575088,-0.041994234976311204,0.9991178530227325,-0.0210017496564878,0.9997794389320908,0.01050145389718089,-0.9999448582127144,-0.999986214458158,-0.005250799333704363,0.7089607885256082,-0.7052478999140287,-0.9233763858562847,-0.3838958843788061,-0.8318340833299649,0.5550243758706431,0.4716861372403035,-0.8817665155444051,0,1,0,0,99,9
1701700680,12,4,0,1358,019.3,0.8,094,1,0,0,0,0,0,0,0.7392619010271615,0.6734180289312927,0.40409279322248953,0.9147179972350201,0.20649697669091896,0.9784472385455999,0.10380934797598938,0.9945972145913138,-0.051974923803148484,-0.9986483902233343,-0.999662040447504,0.025996247581773553,0.6978551971642206,-0.7162388734150686,-0.9263473628761159,-0.3766703642343869,-0.8296596784930514,0.5582694850005744,0.4699630384399531,-0.8826860951098568,0,1,0,0,99,9
1701700740,12,4,0,1359,019.3,0.7,094,1,0,0,0,0,0,0,0.9660866417576471,-0.2582181260435283,0.7931639572129864,0.6090081583839709,0.44214920649936096,0.8969415138078879,0.22700053545323648,0.9738946333684891,-0.11424834053830024,-0.9934522216414057,-0.9983617134188905,0.05721790960265128,0.6865792344650938,-0.7270549874674718,-0.9292618004274876,-0.36942185407236544,-0.8274726140702076,0.5615060756250259,0.46823814687345483,-0.8836023074961455,0,1,0,0,99,8
1701700860,12,4,0,1361,019.2,0.6,094,1,0,0,0,0,0,0,-0.6368309773690272,-0.7710034411487472,0.9410110098050786,-0.3383759439227712,0.8180391017313204,0.5751626100839783,0.4608890267277047,0.8874577764840359,-0.23721532783102786,-0.9714570954200797,-0.9928386312538608,0.11946318382648319,0.6635272474335613,-0.7481521181639744,-0.9349203490576014,-0.3548576347185062,-0.8230606401470387,0.5679535039426616,0.46478301176857706,-0.8854246167638049,0,1,0,0,99,7
1701700920,12,4,0,1362,019.2,0.6,094,1,0,0,0,0,0,0,-0.9928582704344598,0.11929985259795185,0.6635887835859072,-0.7480975379581034,0.9349057540624358,0.3548960848205405,0.5679365788446187,0.8230723190645342,-0.29742871493474354,-0.9547440282778767,-0.9886212693134506,0.15042601457547708,0.6517568509131771,-0.7584279842461896,-0.9376641147677002,-0.34754281445155094,-0.8208357979680074,0.5711642432560222,0.46305278141048767,-0.8863307066936196,0,1,0,0,99,7
1701700980,12,4,0,1363,019.2,0.6,094,1,0,0,0,0,0,0,-0.43605624846295626,0.8999194120455523,0.2236968796769947,-0.9746587638875343,0.9936444947483819,0.11256383991421444,0.6661216705999684,0.7458430933896936,-0.3564806492716725,-0.9343027061369601,-0.9834385354807285,0.1812419568740085,0.6398273373051481,-0.7685186910134354,-0.9403506502931328,-0.3402067819625033,-0.8185984308446063,0.574366267305757,0.4613207846467808,-0.8872334155411858,0,1,0,0,99,7
1701701040,12,4,0,1364,019.2,0.5,094,1,0,0,0,0,0,0,0.5216538773689684,0.8531572142494731,-0.27096382207826836,-0.9625895320045489,0.9906032333897737,-0.13676707936387883,0.7539121564757657,0.6569752356961871,-0.4141405343019522,-0.9102129519228418,-0.9772954906073296,0.2118809194773779,0.6277416190291282,-0.7784217749643756,-0.9429797916616176,-0.3328499850049752,-0.8163485729163049,0.5775595272329186,0.45958702808449753,-0.8881327398629437,0,1,0,0,99,6
1701701100,12,4,0,1365,019.2,0.5,094,1,0,0,0,0,0,0,0.999757834077975,0.0220062082085053,-0.6992831299951024,-0.7148448112032798,0.9259710608877795,-0.37759448406771,0.8299380953022069,0.5578554991806973,-0.47018320940847236,-0.8825688356102025,-0.9701981332723235,0.2423129839585546,0.6155026466399008,-0.7881348184030936,-0.9455513784039167,-0.3254728725999345,-0.8140862585131672,0.5807439743122892,0.45785151833739224,-0.8890286762282443,0,1,0,0,99,5
1701701160,12,4,0,1366,019.2,0.4,094,1,0,0,0,0,0,0,0.5586890487551656,-0.8293772041725335,-0.9563935393373727,-0.29208114953507913,0.803766492687733,-0.594944892601374,0.8930131277314388,0.45003061418009443,-0.5243898291442662,-0.8514783068816535,-0.962153393924704,0.2725084339230132,0.6031134081070436,-0.7976554500293386,-0.9480652535636296,-0.3180758950082994,-0.8118115221553275,0.5839195599531243,0.45611426202590716,-0.8899212212193629,0,1,0,0,99,5
1701701220,12,4,0,1367,019.2,0.4,094,1,0,0,0,0,0,0,-0.39603587146658814,-0.9182350399062867,-0.9793454548590826,0.20219416422552014,0.6315876169521059,-0.7753045092818435,0.942152988978394,0.3351831519618465,-0.5765487178192982,-0.8170627735865361,-0.9531691281159226,0.3024377840262885,0.5905769280854576,-0.8069813455174439,-0.9505212637067737,-0.3106595037034567,-0.8095243985524638,0.5870862356998942,0.454375265777147,-0.8908103714315113,0,1,0,0,99,5
1701701280,12,4,0,1368,019.2,0.3,094,1,0,0,0,0,0,0,-0.986647237874957,-0.16287181460804662,-0.7625194471644794,0.6469652948157085,0.42013968223930687,-0.907459446701534,0.9765908679435658,0.21510526876214117,-0.6264561960895026,-0.7794566276458689,-0.943254108829076,0.33207180876591375,0.5778962671769416,-0.8161102280837784,-0.9529192589311485,-0.3032241513437061,-0.8072249226032686,0.5902439532330229,0.45263453622485383,-0.8916961234728519,0,1,0,0,99,5
1701701340,12,4,0,1369,019.2,0.3,094,1,0,0,0,0,0,0,-0.6701396839379524,0.7422350059189753,-0.3590020850085865,0.9333367575315394,0.18256949699834932,-0.9831929509337268,0.9957893730437494,0.09167073978722218,-0.6739173763202645,-0.7388067202547708,-0.9324180179122373,0.36138157101962826,0.5650745211829904,-0.8250398690425901,-0.9552590928754853,-0.29577029174463243,-0.8049131293949157,0.5933926643696261,0.45089208000938197,-0.8925784739645097,0,1,0,0,99,5
1701701460,12,4,0,1371,019.2,0.2,094,1,0,0,0,0,0,0,0.9537888904975496,0.30047754053082465,0.5914061461758642,0.8063738402660471,-0.3111480031544096,-0.9503614681441075,0.9875123969206937,-0.1575413149873589,-0.7607697795612544,-0.6490218351537339,-0.9080258353025353,0.41891417071177367,0.5390203286000568,-0.8422927551367677,-0.9597637092370099,-0.28080887171102015,-0.8002527324886245,0.5996628754095837,0.44740201418322667,-0.8943329568481706,0,1,0,0,99,8
1701701520,12,4,0,1372,019.2,0.2,094,1,0,0,0,0,0,0,0.7681774687903683,-0.640236968975412,0.9056039335646163,0.42412441041785603,-0.5365983551885637,-0.8438377837054513,0.9601660751415484,-0.2794299700233931,-0.799821845795485,-0.6002374654987004,-0.8944935621620483,0.44708082854294906,0.5257942427685239,-0.8506117882274349,-0.9619282167156328,-0.2733022244444464,-0.7979041999026094,0.6027842796372321,0.4456544178860835,-0.8952050825473546,0,1,0,0,99,7
1701701580,12,4,0,1373,019.2,0.2,094,1,0,0,0,0,0,0,-0.12369277509077573,-0.9923205618097122,0.9980782939754056,-0.06196546695655508,-0.7286856204689904,-0.6848483529378766,0.9178366828956763,-0.396958213834985,-0.8357506248382304,-0.5491091813860951,-0.8800878312379098,0.47481091953213594,0.5124397918135671,-0.858723156649492,-0.9640340130538684,-0.26577889621874423,-0.7955434922801972,0.6058964861184029,0.4439051215527915,-0.8960737933112437,0,1,0,0,99,8
1701701640,12,4,0,1374,019.2,0.2,094,1,0,0,0,0,0,0,-0.901840451991919,-0.43206920643689867,0.8461882788236016,-0.5328840368987897,-0.8754667432001029,-0.4832783685937176,0.8611847561916425,-0.5082920574857935,-0.8684158155762116,-0.49583663767122255,-0.864822709481898,0.5020773657160704,0.49896023603285744,-0.866624880128672,-0.9660809697247618,-0.25823934621909184,-0.7931706456428818,0.6089994473646541,0.4421541318563844,-0.8969390858259702,0,1,0,0,99,8
1701701760,12,4,0,1376,019.3,0.2,094,1,0,0,0,0,0,0,-0.017581366457004095,0.9998454358317113,0.008791022929352243,-0.9999613582113339,-0.9999903395061709,-0.004395553927897717,0.7086591401823227,-0.7055510066862999,-0.9234584470040598,-0.38369844494974187,-0.8317747426285983,0.5551133015206257,0.47163900309419615,-0.8817917275413242,-0.9699978679206785,-0.24311342256103,-0.7883886803350966,0.6151774449047079,0.4386470990986331,-0.898659402917676,0,1,0,0,99,10
1701701820,12,4,0,1377,019.3,0.2,094,1,0,0,0,0,0,0,0.8318416707079584,0.5550130042384525,-0.47169216431988115,-0.8817632914332657,-0.9699905389830525,0.24314266240906215,0.6151655621013492,-0.7883979523086873,-0.9456209473961242,-0.3252706931859315,-0.8140241683101097,0.5808310024499675,0.4578039960234251,-0.8890531487065235,-0.9718675703784244,-0.23552797211103876,-0.7859796346315338,0.6182523869298692,0.4368910694155529,-0.8995144209321686,0,1,0,0,99,9
1701701880,12,4,0,1378,019.3,0.2,094,1,0,0,0,0,0,0,0.9164733120584355,-0.4000958238780323,-0.8366886589042642,-0.5476788183424514,-0.8796814248187952,0.47556344563977404,0.5120725311712326,-0.8589422115718187,-0.9640908182250827,-0.2655727663260874,-0.7954787132054784,0.6059815317622776,0.4438572226728559,-0.8960975202962782,-0.9736779550488648,-0.22792814624758584,-0.7835585958457688,0.6213178951842664,0.4351333731258346,-0.90036600757255,0,1,0,0,99,9
1701701940,12,4,0,1379,019.3,0.2,094,1,0,0,0,0,0,0,0.15850361683560935,-0.9873583966574804,-0.9968345892517676,-0.07950346955485539,-0.7346779803270462,0.6784159971747219,0.40098877965928054,-0.9160829649040315,-0.9787959350406068,-0.20483778349704984,-0.7761564866368926,0.6305403303924937,0.42980208794717734,-0.9029231225282952,-0.9754289114354503,-0.22031440882487097,-0.7811256009198748,0.6243739228920155,0.43337401693455535,-0.9012141595902762,0,1,0,0,99,9
1701702060,12,4,0,1381,019.3,0.2,094,1,0,0,0,0,0,0,-0.9637632281627969,0.26675914237608567,-0.6054918899638188,0.7958514755832541,-0.31949062929665556,0.9475894352469465,0.1618804570555901,-0.9868103757173783,-0.9966971394855556,-0.08120844870646692,-0.7352579304932613,0.6777874118385252,0.4013804854259078,-0.9159114072437697,-0.9787521155133637,-0.2050470589355408,-0.7762238913276056,0.6304573502880505,0.4298503516992568,-0.9029001468291082,0,1,0,0,99,9
1701702120,12,4,0,1382,019.3,0.2,094,1,0,0,0,0,0,0,-0.2962534162455665,0.9551093724609926,-0.1498176016678404,0.9887136522929661,-0.07512106131782845,0.9971744211252528,0.03758709136623356,-0.9992933556081649,-0.9998233232947121,-0.01879686665158652,-0.7137215376642303,0.7004295586811045,0.38702095635694944,-0.9220709188237921,-0.980324160373443,-0.19739437830927187,-0.773755251455288,0.6334846571507191,0.4280860560969494,-0.9037379756186854,0,1,0,0,99,8
1701702180,12,4,0,1383,019.3,0.2,094,1,0,0,0,0,0,0,0.6436304203252101,0.7653364502178067,0.3425372605879492,0.9395042443272427,0.17391917041079355,0.9847599312338116,-0.08729280831256489,-0.996182696907001,-0.9990452184228202,0.043688116765311646,-0.6914882078657193,0.7223877479461123,0.37256694167215626,-0.928005320013337,-0.9818363712995504,-0.18972964974755915,-0.7712748050298153,0.636502297816921,0.4263201274764534,-0.904572356922574,0,1,0,0,99,7
1701702240,12,4,0,1384,019.3,0.2,094,1,0,0,0,0,0,0,0.9917634167027485,-0.1280832748257572,0.7510270550472058,0.6602714309941945,0.412145950487085,0.911117838425468,-0.2108105329134813,-0.9775269404025313,-0.9943658633527529,0.10600249902117563,-0.6685796515669709,0.7436405378343678,0.3580219701119138,-0.9337131620134654,-0.983288655994125,-0.18205334106592852,-0.7687825898997481,0.6395102262411726,0.4245525725742499,-0.9054032875578629,0,1,0,0,99,5
1701702300,12,4,0,1385,019.3,0.2,094,1,0,0,0,0,0,0,0.4280737015151094,-0.9037438276808053,0.9756392334466684,0.21938114358257266,0.6247474915585606,0.7808268513513648,-0.3310386296556908,-0.943617202935429,-0.9858035308659198,0.16790294378683643,-0.6450182385844464,0.7641671753572108,0.3433895926224244,-0.9391930513364147,-0.9846809258171946,-0.1743659207866968,-0.766278644093223,0.6425083965261867,0.42278339813302346,-0.9062307643548045,0,1,0,0,99,5
1701702360,12,4,0,1386,019.3,0.2,094,1,0,0,0,0,0,0,-0.5291850006825017,-0.8485064731943184,0.9613809008905675,-0.2752212989629269,0.798505259520226,0.601987832533629,-0.44610097930085907,-0.8949826346174625,-0.9733916566874463,0.22914773115016593,-0.6208269762380796,0.783947616601443,0.3286733814887943,-0.9444436501457996,-0.986013095791785,-0.16666785811037535,-0.7637630058173724,0.6454967629235737,0.42101261090163694,-0.9070547841568264,0,1,0,0,99,5
1701702420,12,4,0,1387,019.3,0.2,094,1,0,0,0,0,0,0,-0.999913453714287,-0.01315618034106097,0.7117429944653691,-0.7024399688439358,0.9226158379422976,0.3857201259696363,-0.5542020723663724,-0.8323821616209818,-0.9571787089203828,0.2894977015271609,-0.5960294868850194,0.8029625463018686,0.3138769294629118,-0.9494636765832247,-0.9872850846091074,-0.15895962288703272,-0.7612357134577412,0.648475279834539,0.4192402176351054,-0.9078753438205431,0,1,0,0,99,5
1701702480,12,4,0,1388,019.3,0.2,094,1,0,0,0,0,0,0,-0.5513260887383075,0.8342898440449338,0.2878455800903205,-0.9576768359015827,0.9893626321783087,0.14547021017792156,-0.6536550274502899,-0.7567926433898262,-0.9372279987787994,0.34871718957500053,-0.570649984852799,0.8211933967023238,0.29900384888632797,-0.9542519050812327,-0.9884968146335203,-0.1512416855876172,-0.7586968055777015,0.6514439018105791,0.4174662250945703,-0.9086924402157693,0,1,0,0,99,6
1701702540,12,4,0,1389,019.3,0.2,094,1,0,0,0,0,0,0,0.40414793965314666,0.9146936333407577,-0.20652647125640125,-0.9784410133832181,0.9945956498455084,-0.10382433870914339,-0.742907914451429,-0.6693936290744246,-0.9136174333588498,0.4065749444601668,-0.5447132527944557,0.8386223656867753,0.28405777080835576,-0.9588071666625086,-0.9896482119072687,-0.1435145172752418,-0.7561463209178637,0.6544025835541751,0.4156906400472742,-0.9095060702255304,0,1,0,0,99,5
1701702600,12,4,0,1390,019.3,0.2,094,1,0,0,0,0,0,0,0.9880502161512134,0.1541323144689025,-0.6503336395770626,-0.7596487064653314,0.9379895272510593,-0.34666359308028627,-0.8205679719195377,-0.5715489510618114,-0.8864392114132281,0.46284503288800055,-0.5182446174886911,0.8552324341627837,0.26904234409960104,-0.9631283492252691,-0.9907392061549974,-0.13577858957643307,-0.7535842983954858,0.6573512799194837,0.41391346926653416,-0.9103162307460754,0,1,0,0,99,6
1701702660,12,4,0,1391,019.3,0.2,094,1,0,0,0,0,0,0,0.6635436805468822,-0.7481375435080753,-0.9349164517506565,-0.3548679025298884,0.823063758930585,-0.567948984271524,-0.8854233406319048,-0.4647854428273739,-0.8557994633170126,0.5173077213673821,-0.49126992510870127,0.87100738268036,0.2539612345611432,-0.9672143978147658,-0.9917697307880408,-0.12803437465234527,-0.7510107771038793,0.6602899459130265,0.4121347195317167,-0.9111229186868879,0,1,0,0,99,5
1701702720,12,4,0,1392,019.3,0.1,094,1,0,0,0,0,0,0,-0.2710218548637878,-0.96257319419678,-0.9905991101845337,0.1367969403956463,0.6569638725243397,-0.7539220584369601,-0.9364619742512132,-0.3507691132091307,-0.8218178366308225,0.5697503342653119,-0.4638155159838274,0.8859318072699817,0.23881812402958275,-0.9710643148808378,-0.9927397229084867,-0.1202823451699422,-0.7484257963118128,0.6632185366943757,0.41035439762821135,-0.9119261309706986,0,1,0,0,99,5
1701702780,12,4,0,1393,019.3,0.1,094,1,0,0,0,0,0,0,-0.956411146794012,-0.2920234892746865,-0.8037485580934769,0.5949691213522402,0.4500171544773376,-0.8930199105709347,-0.9728874319701469,-0.23127914889702592,-0.7846270288796537,0.6199680843007058,-0.4359081988786711,0.8999911344843087,0.22361670947817314,-0.9746771605214489,-0.9936491233130156,-0.11252297427314804,-0.7458293954629128,0.6661370075768392,0.40857251034740505,-0.912725864533497,0,1,0,0,99,5
1701702840,12,4,0,1394,019.3,0.1,094,1,0,0,0,0,0,0,-0.7624804410778052,0.6470112649512338,-0.42011232727019937,0.9074721111282797,0.21509054938760125,-0.9765941099372553,-0.9941313067038114,-0.10818015081969684,-0.7443722693718838,0.6677648722343453,-0.40757522481479086,0.9131716356289067,0.20836070211425825,-0.9780520527121516,-0.9944978764965141,-0.10475673555396908,-0.7432216141750619,0.6690453140281423,0.40678906448665614,-0.9135221163245426,0,1,0,0,99,5
1701702900,12,4,0,1395,019.3,0.1,094,1,0,0,0,0,0,0,0.1324712658066232,0.9911868460263136,0.06638205319846043,0.9977942789038012,-0.03320934428891003,-0.9994484176043807,-0.9998620948921858,0.016606962329385515,-0.701210752081931,0.7129540526322105,-0.3788442604605417,0.9254604401680848,0.19305382647323416,-0.9811881675214201,-0.9952859306554624,-0.09698410302358805,-0.7406024922397939,0.6719434116711064,0.40500406684926854,-0.9143148833063767,0,1,0,0,99,5
1701702960,12,4,0,1396,019.3,0.1,094,1,0,0,0,0,0,0,0.9056295018309847,0.4240698119571381,0.5366237918890951,0.8438216079116303,-0.27944444178438205,-0.9601618634146094,-0.9899903695023021,0.14113492938566014,-0.6553110218111473,0.755359162711905,-0.3497433611150432,0.9368455482927549,0.17769981950925717,-0.9840847393118021,-0.9960132376910966,-0.08920555108343296,-0.7379720696216873,0.6748312562843274,0.4032175242444657,-0.9151041624548343,0,1,0,0,99,4
1701703020,12,4,0,1397,019.3,0.1,094,1,0,0,0,0,0,0,0.8461561503963683,-0.5329350515272933,0.8754813109162563,0.4832519779952829,-0.5083050373568597,-0.8611770950261284,-0.9646701755071856,0.26346053307267064,-0.6068523160239768,0.7948146114260453,-0.32030094331265613,0.9473158426380415,0.16230242968292016,-0.9867410609268374,-0.9966797532123439,-0.08142155449622213,-0.7353303864577548,0.6777088038028494,0.4014294434873647,-0.9158899507590552,0,1,0,0,99,4
1701703080,12,4,0,1398,019.3,0.1,094,1,0,0,0,0,0,0,0.00873073653634763,-0.999961886393443,0.999990471552965,0.0043654098637504885,-0.7055616876419274,-0.7086485059123989,-0.9242966260655718,0.3816749232577385,-0.5560238649294927,0.8311663260917572,-0.29054575707471864,0.9568610991392004,0.1468654160461197,-0.989156483863701,-0.9972854365385321,-0.07363258835698702,-0.7326774830568314,0.6805760103188376,0.39963983139895004,-0.9166722452214962,0,1,0,0,99,4
1701703140,12,4,0,1399,019.3,0.1,094,1,0,0,0,0,0,0,-0.8367216762313365,-0.5476283744699707,0.8796670888665696,-0.4755899628514196,-0.8589499295219191,-0.5120595849842967,-0.869499736913214,0.49393340391985197,-0.5030241525414799,0.864272354041205,-0.2605068578356384,0.9654719970152436,0.13139254732433728,-0.9913304184315247,-0.9978302507018728,-0.06583912806407498,-0.7300133998989591,0.6834328320822483,0.39784869480604795,-0.9174510428579413,0,1,0,0,99,6
1701703260,12,4,0,1401,019.3,0.1,094,1,0,0,0,0,0,0,-0.14975799312818222,0.9887226828055576,0.07509100210558642,-0.9971766851480127,-0.999293922013942,-0.03757202983595189,-0.7202680160315159,0.6936958880388611,-0.39134646539935614,0.9202434156349235,-0.19969549865367087,0.9798580039053933,0.10035436237305956,-0.994951758605761,-0.9987371422465876,-0.050240627953076634,-0.7246518570848614,0.6891151471441197,0.3942618754431376,-0.9189981357826902,0,1,0,0,99,7
1701703320,12,4,0,1402,019.3,0.1,094,1,0,0,0,0,0,0,0.7510668605929561,0.6602261513444018,-0.41217341535790386,-0.9111054141383427,-0.9775237629179003,0.21082526634829296,-0.6281618953946932,0.7780826647433718,-0.3331045896236106,0.9428898834814625,-0.16898241997103944,0.985619065227906,0.08479662367127003,-0.9963982801139075,-0.999099164275976,-0.042436540187039476,-0.7219544792391829,0.6919405537374438,0.3924662063557551,-0.9197664251693045,0,1,0,0,99,6
1701703380,12,4,0,1403,019.3,0.1,094,1,0,0,0,0,0,0,0.9613643064072199,-0.2752792588739023,-0.7985234056913743,-0.6019637618354188,-0.894975910803028,0.4461144685865844,-0.526253518474421,0.8503277217010464,-0.2735619475538892,0.9618543865110369,-0.13810433282298404,0.990417686259448,0.06921818308996544,-0.9976015452723217,-0.9994002064419243,-0.0346298623133153,-0.7192460852564008,0.6947554021692399,0.3906690401290842,-0.9205312059265671,0,1,0,0,99,5
1701703440,12,4,0,1404,019.3,0.1,094,1,0,0,0,0,0,0,0.2877878424693353,-0.9576941879988857,-0.9893670168342196,-0.14544038641504342,-0.7567827912998033,0.6536664338884767,-0.41613313140840114,0.9093036989610448,-0.2129510519332497,0.9770628687451604,-0.10709138913759518,0.994249181228016,0.053622843881987556,-0.9985612603210722,-0.9996402503703701,-0.026821070811284417,-0.7165267164632748,0.6975596494883844,0.38887038361876797,-0.9212924751370719,0,1,0,0,99,5
1701703500,12,4,0,1405,019.3,0.1,094,1,0,0,0,0,0,0,-0.6503794366332223,-0.759609497310725,-0.9379790768750454,0.3466918680105397,-0.57153658325144,0.8205765863131057,-0.2995191260060818,0.954090296123251,-0.15150858701200562,0.988455941386173,-0.07597387252808355,0.9971098087437945,0.03801441342573542,-0.9992771909594941,-0.9998192814102692,-0.019010642289332115,-0.7137964143540272,0.7003532529055134,0.38707024368613424,-0.9220502298968081,0,1,0,0,99,5
1701703560,12,4,0,1406,019.3,0.1,094,1,0,0,0,0,0,0,-0.9905908610736387,0.1368566620862393,-0.6569411457329191,0.7539418618455402,-0.3507549986489571,0.9364672609988937,-0.17823122481920262,0.9839886333182142,-0.08947448430079347,0.9959891147292259,-0.04478216872134558,0.9989967754525602,0.022396702295648618,-0.9997491624033901,-0.9999372886344898,-0.011199053455758941,-0.7110552205897088,0.7031361697936755,0.3852686271981697,-0.9228044673151717,0,1,0,0,99,4
1701703620,12,4,0,1407,019.3,0.1,094,1,0,0,0,0,0,0,-0.42005761618676374,0.9074974375079489,-0.21506111049193805,0.9766005932590736,-0.10816516708470997,0.9941329371012394,-0.05416208497999601,0.9985321569937644,-0.027090985643158427,0.9996329718936257,-0.013546735886816838,0.9999082387633441,0.006773523331910133,-0.9999770594277011,-0.9999942648404793,-0.0033867810896848777,-0.708303176997564,0.7059083576889833,0.3834655410274936,-0.9235551845149761,0,1,0,0,99,2
1701703680,12,4,0,1408,019.3,0.1,094,1,0,0,0,0,0,0,0.5366746638272738,0.8437892540237063,0.279473385115912,0.960153439306371,0.14114985067939137,0.9899882421792622,0.07075223608034517,0.9974939203271522,0.03539830273366068,0.9993732836951247,0.017701925105413577,0.9998433086476912,-0.008851309290403876,-0.9999608263946371,-0.9999902065507035,0.004425697988050785,-0.7055403255703919,0.70866977429126,0.3816609920523317,-0.9243023786324636,0,1,0,0,99,2
1701703740,12,4,0,1409,019.4,0.1,094,1,0,0,0,0,0,0,0.9999907329205332,0.004305121723583112,0.7055830490723317,0.7086272368896016,0.38168885437643996,0.9242908732887071,0.19456249216035051,0.9808901246543129,0.09774936149583555,0.9952110642105806,0.04893330046818505,0.9988020485087574,-0.024473980992500227,-0.9997004672672604,-0.9999251140128596,0.012237906943992148,-0.7027667084659062,0.7114203774646858,0.37985498715648985,-0.9250460468173154,0,1,0,0,99,2
1701703800,12,4,0,1410,019.4,0.1,094,1,0,0,0,0,0,0,0.5439199338601965,-0.8391371196351163,0.9589413745467228,0.2836043726433742,0.5984962937882848,0.8011255746271536,0.3153366656233036,0.9489798666534379,0.15971871109322489,0.9871625668180084,0.0801168932934608,0.9967854751193981,-0.040090677723143425,-0.9991960456085177,-0.9997989911998606,0.02004936896117015,-0.6999823680060913,0.7141601252384405,0.3780475332293278,-0.9257861862326637,0,1,0,0,99,2
1701703860,12,4,0,1411,019.4,0.1,094,1,0,0,0,0,0,0,-0.4122283439759128,-0.9110805630803879,0.9775174072824452,-0.2108547330742331,0.7780921324220651,0.6281501679239475,0.4311901158862831,0.9022610952279688,0.22106436254180728,0.9752592207274866,0.11122225333204101,0.993795557629306,-0.055697586889801545,-0.9984476845657227,-0.999611845809593,0.027859607268205022,-0.6971873466765569,0.7168889758073439,0.37623863716573297,-0.9265227940551014,0,1,0,0,99,2
1701703920,12,4,0,1412,019.4,0.0,094,1,0,0,0,0,0,0,-0.9893757834489771,-0.14538073849283703,0.7567630866040035,-0.6536892463193665,0.9093099708898409,0.4161194261751267,0.5403149886061247,0.8414628411805024,0.2815467623854851,0.9595475082507646,0.14221900672771448,0.9898352156421706,-0.07129089828943605,-0.9974555668404911,-0.9993636892644466,0.03566814516840596,-0.6943816871258898,0.7196068875324937,0.3744283058660939,-0.9272558674746938,1,0,0,0,99,3
1701703980,12,4,0,1413,019.3,0.0,094,1,0,0,0,0,0,0,-0.6568956903592464,0.7539814666074021,0.3507267692895696,-0.9364778338560401,0.9839913195389581,0.17821639394842426,0.6410084266417938,0.7675338409309469,0.3409297281472042,0.9400887832888304,0.17307688567681365,0.9849083163647341,-0.08686680503870821,-0.9962199346441363,-0.9990545367106183,0.04347450606886622,-0.6915654321650027,0.7223138189419008,0.3726165462362743,-0.9279854036949883,1,0,0,0,99,3
1701704040,12,4,0,1414,019.3,0.0,094,1,0,0,0,0,0,0,0.2795312710170884,0.9601365884724793,-0.1411796931706552,-0.9899839868584944,0.9974928538236488,-0.07076727047691461,0.7316991425705358,0.6816277318020025,0.3989813706164722,0.9169590317462396,0.20376575798421134,0.9790196708305302,-0.10242150450337505,-0.9947410896385376,-0.9986844070171862,0.05127821350955192,-0.6887386247664814,0.7250097287311226,0.3708033651875866,-0.9287113999330262,1,0,0,0,99,3
1701704100,12,4,0,1415,019.3,0.0,094,1,0,0,0,0,0,0,0.958958470944816,0.2835465587926973,-0.5985204429287703,-0.8011075329794051,0.9489751137357094,-0.31535096877970337,0.8109719381025781,0.5850850498945844,0.45547499937176333,0.8902485748077849,0.23425565648689797,0.9721750292019912,-0.11795119922664796,-0.9930193928624937,-0.9982533227749592,0.05907879119238266,-0.6859013080639289,0.7276945757638924,0.36898876963676525,-0.9294338534193524,1,0,0,0,99,2
1701704160,12,4,0,1416,019.3,0.0,094,1,0,0,0,0,0,0,0.7567236751494507,-0.6537348693991385,-0.9093225141277265,-0.41609201542499075,0.8414546973619527,-0.540327671221366,0.8775897877771157,0.47941231147032193,0.5101900080017631,0.8600617162362019,0.2645168083164075,0.9643810751555119,-0.13345209785628734,-0.9910552646435797,-0.9977613102950975,0.06687576301030233,-0.6830535253513071,0.7303683190727478,0.3671727665059408,-0.9301527613980265,1,0,0,0,99,3
1701704220,12,4,0,1417,019.3,0.0,094,1,0,0,0,0,0,0,-0.14123937776829337,-0.9899754735182207,-0.9974907201368394,0.07079733922182135,0.6816167034258251,-0.7317094161010304,0.9305131423308943,0.3662585042691635,0.5629127355686832,0.8265163350682077,0.29451966397151846,0.955645419354953,-0.1489204160702069,-0.9888491844955308,-0.9972083996075071,0.07466865307633827,-0.6801953200822767,0.7330309178596556,0.36535536272261315,-0.930868121126633,1,0,0,0,99,2
1701704280,12,4,0,1418,019.3,0.0,094,1,0,0,0,0,0,0,-0.9093475981246311,-0.4160371927904578,-0.8414384091513941,0.5403530360836063,0.4793990842275326,-0.8775970134644963,0.9689161505167762,0.24738935560721262,0.6134373009496519,0.7897434252993856,0.3242349261728403,0.9459765920199573,-0.1643523775003615,-0.9864016910011756,-0.9965946244590063,0.08245698575264687,-0.6773267358695333,0.7356823314966341,0.3635365652196254,-0.931579929876292,1,0,0,0,99,3
1701704340,12,4,0,1419,019.3,0.0,094,1,0,0,0,0,0,0,-0.8414058304364919,0.5404037643350365,-0.4793726294152408,0.8776114642411631,0.24737475190370273,-0.9689198791027984,0.9921995462362393,0.12465977879252307,0.661566406798092,0.7498865843554354,0.35363357847110943,0.935384034596335,-0.17974421465469337,-0.9837133816809486,-0.9959200223112669,0.09024028567954412,-0.6744478164841428,0.7383225195263734,0.3617163809351372,-0.9322881849316694,1,0,0,0,99,4
1701704400,12,4,0,1420,019.3,0.0,094,1,0,0,0,0,0,0,0.00012057741316403747,0.9999999927305437,6.0288706691585265e-05,0.999999998182636,-3.014435335948845e-05,-0.999999999545659,0.9999999998864147,-1.50721766814562e-05,0.7071121099856378,0.7071014523472988,0.3826869135812598,0.9238780905366516,-0.1950921698369112,-0.9807849128470145,-0.9951846343385268,0.09801807780451909,-0.6715586058548728,0.7409514416628525,0.3598948168125984,-0.9329928835909876,1,0,0,0,99,2
1701704460,12,4,0,1421,019.3,0.0,094,1,0,0,0,0,0,0,0.8415361269452281,0.540200839545835,0.4794784460505837,0.8775536563498083,-0.24743316638053162,-0.9689049634380579,0.9921957879970207,-0.12468968794960988,0.7498965555160291,0.6615551042998573,0.4113665614145994,0.9114699952000223,-0.21039249606387786,-0.9776169994430391,-0.9943885054250776,0.10578988741122869,-0.668659148067523,0.743569057791954,0.35807187980072236,-0.9336940231660353,1,0,0,0,99,1
1701704520,12,4,0,1422,019.3,0.1,094,1,0,0,0,0,0,0,0.9092472423065365,-0.4162564742535045,0.8415035574058807,0.5402515736888212,-0.4794519925452281,-0.8775681095188057,0.968908692684405,-0.24741856284563038,0.7897526710450653,0.6134253977275352,0.43964451678172034,0.8981718648809746,-0.2256414579803825,-0.9742104148696458,-0.9935316841625248,0.11355524014847192,-0.6657494873642518,0.7461753279720765,0.3562475768534598,-0.9343916009821783,0,1,0,0,99,1
1701704580,12,4,0,1423,019.3,0.1,094,1,0,0,0,0,0,0,0.1410006362997096,-0.9900095052892558,0.9974992494456464,0.07067706385647396,-0.6816608160014502,-0.731668320981739,0.9305021012823504,-0.3662865538197253,0.8265248192945344,0.5629002781045124,0.4674931667390913,0.883996684978092,-0.24083533277107402,-0.9705659907956007,-0.992614222846822,0.12131366205914178,-0.6628296681429017,0.7487702124347435,0.35442191492997194,-0.9350856143783689,0,1,0,0,99,2
1701704640,12,4,0,1424,019.3,0.1,094,1,0,0,0,0,0,0,-0.7568813044633205,-0.6535523628248179,0.9092723362185879,-0.4162016561567134,-0.8414872714892108,-0.5402769400239504,0.8775753358042688,-0.4794387656291727,0.8600694058124533,0.5101770449416689,0.4948853175526281,0.8689582973139933,-0.25597041106933305,-0.9666846169547733,-0.9916361774750792,0.12906467960915324,-0.6598997349563215,0.7513536715852107,0.3525949009946041,-0.9357760607071574,0,1,0,0,99,1
1701704700,12,4,0,1425,019.3,0.1,094,1,0,0,0,0,0,0,-0.9588900644397448,0.2837778080096155,0.5984238431038592,-0.8011796952025231,-0.9489941241131378,-0.3152937557243062,0.8109543007236308,-0.5851094958534231,0.8902554397063304,0.45546158133621817,0.5217942212519135,0.8530713866190268,-0.2710429978628605,-0.96256724092892,-0.9905976077421447,0.13680781971634529,-0.656959732511687,0.75392566600307,0.35076654201685914,-0.9364629373347004,0,1,0,0,99,1
1701704760,12,4,0,1426,019.3,0.1,094,1,0,0,0,0,0,0,-0.27929972131836583,0.9602039708684208,0.14106032243614638,-0.9900010027440429,-0.9974971184780542,-0.07070713279421359,0.7316785950108878,-0.6816497880898176,0.9169650451597972,0.39896755000261763,0.5481936017491368,0.8363514661918808,-0.28604941339576206,-0.958214867916346,-0.9894985770369622,0.14454260977935537,-0.6540097056698183,0.756486156442851,0.34893684497137084,-0.9371462416407726,0,1,0,0,99,1
1701704820,12,4,0,1427,019.3,0.1,094,1,0,0,0,0,0,0,0.6570774975264609,0.7538230311182882,-0.3508396848146685,-0.9364355373217871,-0.9839805733147853,0.17827571718859095,0.6409852895392409,-0.767553163366744,0.9400939217351487,0.3409155589242416,0.5740576804972469,0.818814862751111,-0.3009859940669075,-0.9536285604865007,-0.9883391524387013,0.15226857770646463,-0.6510496994444953,0.75903510383462,0.3471058168378773,-0.937825971018776,0,1,0,0,99,1
1701704880,12,4,0,1428,019.3,0.1,094,1,0,0,0,0,0,0,0.9893406954135933,-0.14561932700897776,-0.7568419012610816,-0.6535979930320404,-0.9092848819352602,0.4161742465410129,0.540289623007414,-0.8414791282441333,0.9595517516643209,0.281532299883927,0.5993612016622668,0.8004787004923762,-0.3158490933243467,-0.9488094383205661,-0.9871194047126635,0.15998525194441188,-0.6480797590017714,0.7615724692845757,0.3452734646011943,-0.9385021228757492,0,1,0,0,99,2
1701704940,12,4,0,1429,019.3,0.1,094,1,0,0,0,0,0,0,0.41200862051584575,-0.9111799474421229,-0.9775428244946927,-0.2107368650211409,-0.7780542606467562,0.6281970769507206,0.43116291761309866,-0.9022740927652529,0.9752625525378417,0.2210496632374126,0.6240794567851866,0.7813608843669526,-0.33063508255556256,-0.9437586779381032,-0.9858394083059632,0.16769216150717486,-0.6450999296592835,0.7640982140756432,0.3434397952511887,-0.9391746946323786,0,1,0,0,99,1
1701705000,12,4,0,1430,019.3,0.1,094,1,0,0,0,0,0,0,-0.5441222800090677,-0.8390059263186009,-0.9589071712941251,0.2837199972520434,-0.5984479938758073,0.801161655738729,0.3153080590956018,-0.9489893718421532,0.9871649740145142,0.1597038323864628,0.6481883089093543,0.7614800825978519,-0.34534035197334534,-0.9384775124098211,-0.9844992413429837,0.17538883600471677,-0.6421102568855613,0.7666122996680645,0.3416048157827517,-0.9398436837230073,0,1,0,0,99,1
1701705060,12,4,0,1431,019.3,0.1,094,1,0,0,0,0,0,0,-0.9999896656421035,0.004546274188173623,-0.7054975995040048,0.7087123091170964,-0.3816331293814149,0.924313883136323,0.19453292377342837,-0.9808959891691685,0.9952125373931863,0.09773436148773754,0.6716642161498044,0.7408557084506191,-0.35996131149706967,-0.9329672310565412,-0.9830989856206092,0.18307480567169637,-0.639110786299333,0.7691146876999868,0.33976853319577227,-0.9405090875956454,0,1,0,0,99,1
1701705120,12,4,0,1432,019.3,0.1,094,1,0,0,0,0,0,0,-0.5364711643724094,0.843918651172559,-0.2793576102663403,0.9601871305044031,-0.14109016531210986,0.9899967501220404,0.07072216723899125,-0.9974960526543551,0.9993738171110836,0.03538323999893738,0.6944842546815092,0.7195079012766077,-0.374494391629162,-0.9272291791344273,-0.9816387266032314,0.19074960139614014,-0.6361015636688295,0.7716053399880473,0.33793095449511035,-0.9411709037119792,0,1,0,0,99,1
1701705660,12,5,1,1,019.3,0.1,094,0,1,0,0,0,0,0,0.8414709848078965,0.5403023058681398,0.479425538604203,0.8775825618903728,0.24740395925452294,0.9689124217106447,0.12467473338522769,0.992197667229329,0.0624593178423802,0.9980475107000991,0.03124491398532608,0.9995117584851364,0.015624364224883372,0.9998779321710066,0.0078124205273828315,0.9999694825770951,0.0039062400659001166,0.99999237061517,0.001953123758236804,0.9999980926519735,0,1,0,0,99,2
1701705720,12,5,1,2,019.3,0.1,094,0,1,0,0,0,0,0,0.9092974268256817,-0.4161468365471424,0.8414709848078965,0.5403023058681398,0.479425538604203,0.8775825618903728,0.24740395925452294,0.9689124217106447,0.12467473338522769,0.992197667229329,0.0624593178423802,0.9980475107000991,0.03124491398532608,0.9995117584851364,0.015624364224883372,0.9998779321710066,0.0078124205273828315,0.9999694825770951,0.0039062400659001166,0.99999237061517,0,1,0,0,99,2
1701705780,12,5,1,3,019.3,0.1,094,0,1,0,0,0,0,0,0.1411200080598672,-0.9899924966004454,0.9974949866040544,0.0707372016677029,0.6816387600233341,0.7316888688738209,0.36627252908604757,0.9305076219123143,0.18640329676226988,0.9824733131012553,0.09361273123551289,0.9956086864580017,0.04685783574813424,0.9989015683384429,0.02343535429172257,0.9997253543694995,0.011718481780940232,0.9999313362350186,0.005859341472444868,0.9999828339114173,0,1,0,0,99,3
1701705840,12,5,1,4,019.3,0.1,094,0,1,0,0,0,0,0,-0.7568024953079283,-0.6536436208636119,0.9092974268256817,-0.4161468365471424,0.8414709848078965,0.5403023058681398,0.479425538604203,0.8775825618903728,0.24740395925452294,0.9689124217106447,0.12467473338522769,0.992197667229329,0.0624593178423802,0.9980475107000991,0.03124491398532608,0.9995117584851364,0.015624364224883372,0.9998779321710066,0.0078124205273828315,0.9999694825770951,0,1,0,0,99,2
1701705900,12,5,1,5,19.4,0.1,95,0,1,0,0,0,0,0,-0.9589242746631385,0.28366218546322625,0.5984721441039564,-0.8011436155469337,0.9489846193555862,0.3153223623952687,0.5850972729404622,0.8109631195052179,0.30743851458038085,0.9515679480481722,0.15561499277355603,0.9878177838164719,0.07804555138996731,0.9969497940760287,0.03905256665042215,0.999237157554709,0.01953000826025172,0.9998092711999397,0.009765469780311044,0.9999523166631346,0,1,0,0,99,4
1701705960,12,5,1,6,19.4,0.1,95,0,1,0,0,0,0,0,-0.27941549819892586,0.960170286650366,0.1411200080598672,-0.9899924966004454,0.9974949866040544,0.0707372016677029,0.6816387600233341,0.7316888688738209,0.36627252908604757,0.9305076219123143,0.18640329676226988,0.9824733131012553,0.09361273123551289,0.9956086864580017,0.04685783574813424,0.9989015683384429,0.02343535429172257,0.9997253543694995,0.011718481780940232,0.9999313362350186,0,1,0,0,99,4
1701706020,12,5,1,7,19.4,0.1,95,0,1,0,0,0,0,0,0.6569865987187891,0.7539022543433046,-0.35078322768961984,-0.9364566872907963,0.9839859468739369,-0.17824605564949209,0.7675435022360271,0.6409968581633251,0.42367625720393803,0.9058136834259364,0.21700958109501015,0.9761694738686353,0.10915705687532236,0.9940245152582091,0.05466024488506646,0.9985050113189741,0.027340342728520383,0.9996261829601539,0.013671449079123222,0.999906541372781,0,1,0,0,99,4
1701706080,12,5,1,8,19.4,0.1,95,0,1,0,0,0,0,0,0.9893582466233818,-0.14550003380861354,-0.7568024953079283,-0.6536436208636119,0.9092974268256817,-0.4161468365471424,0.8414709848078965,0.5403023058681398,0.479425538604203,0.8775825618903728,0.24740395925452294,0.9689124217106447,0.12467473338522769,0.992197667229329,0.0624593178423802,0.9980475107000991,0.03124491398532608,0.9995117584851364,0.015624364224883372,0.9998779321710066,0,1,0,0,99,4
1701706140,12,5,1,9,19.4,0.1,95,0,1,0,0,0,0,0,0.4121184852417566,-0.9111302618846769,-0.977530117665097,-0.2107957994307797,0.7780731968879212,-0.6281736227227391,0.9022675940990952,0.4311765167986662,0.5333026735360201,0.8459244992310679,0.2775567516463363,0.9607092430155619,0.1401619723470637,0.9901285883701071,0.07025457860486005,0.9975290944052978,0.03514900848318622,0.9993820826904237,0.017577219768442984,0.999845508738831,0,1,0,0,99,4
1701706200,12,5,1,10,19.4,0.1,95,0,1,0,0,0,0,0,-0.5440211108893698,-0.8390715290764524,-0.9589242746631385,0.28366218546322625,0.5984721441039564,-0.8011436155469337,0.9489846193555862,0.3153223623952687,0.5850972729404622,0.8109631195052179,0.30743851458038085,0.9515679480481722,0.15561499277355603,0.9878177838164719,0.07804555138996731,0.9969497940760287,0.03905256665042215,0.999237157554709,0.01953000826025172,0.9998092711999397,0,1,0,0,99,5
1701706260,12,5,1,11,19.4,0.1,95,0,1,0,0,0,0,0,-0.9999902065507035,0.004425697988050785,-0.7055403255703919,0.70866977429126,0.3816609920523317,-0.9243023786324636,0.9808930570231557,0.19454770798898718,0.6346070800152693,0.7728349461524715,0.33702006902225307,0.9414974631278811,0.17103002203139503,0.9852658177182139,0.08583176067687935,0.996309645069798,0.042955528923538926,0.9990769852893715,0.021482722251015034,0.9997692196925677,0,1,0,0,99,5
1701706320,12,5,1,12,19.4,0.1,95,0,1,0,0,0,0,0,-0.5365729180004349,0.8438539587324921,-0.27941549819892586,0.960170286650366,0.1411200080598672,-0.9899924966004454,0.9974949866040544,0.0707372016677029,0.6816387600233341,0.7316888688738209,0.36627252908604757,0.9305076219123143,0.18640329676226988,0.9824733131012553,0.09361273123551289,0.9956086864580017,0.04685783574813424,0.9989015683384429,0.02343535429172257,0.9997253543694995,0,1,0,0,99,5
1701706380,12,5,1,13,19.4,0.1,95,0,1,0,0,0,0,0,0.4201670368266409,0.9074467814501962,0.21511998808781552,0.9765876257280235,-0.10819513453010837,-0.9941296760805463,0.9985313405398316,-0.05417713502693632,0.7260086552607126,0.6876855622205048,0.39516733024093426,0.9186091557949183,0.2017310638016388,0.9794409517155483,0.10138798815552964,0.9948469610235406,0.05075942757980711,0.99871090937857,0.02538789693367659,0.999677675398068,0,1,0,0,99,5
1701706440,12,5,1,14,19.4,0.1,95,0,1,0,0,0,0,0,0.9906073556948704,0.1367372182078336,0.6569865987187891,0.7539022543433046,-0.35078322768961984,-0.9364566872907963,0.9839859468739369,-0.17824605564949209,0.7675435022360271,0.6409968581633251,0.42367625720393803,0.9058136834259364,0.21700958109501015,0.9761694738686353,0.10915705687532236,0.9940245152582091,0.05466024488506646,0.9985050113189741,0.027340342728520383,0.9996261829601539,0,1,0,0,99,5
1701706500,12,5,1,15,19.2,0.1,94,0,1,0,0,0,0,0,0.6502878401571168,-0.7596879128588213,0.9379999767747389,0.3466353178350258,-0.5715613187423437,-0.8205593573395608,0.9540857816096938,-0.29953350618957414,0.806081108260693,0.5918050750924775,0.4517714714916838,0.8921336993669944,0.23223511861151147,0.9726596782449127,0.11691946321097965,0.9931413993598577,0.05856022814223956,0.9982838773014061,0.029292684228266686,0.9995708772521852,0,1,0,0,99,3
1701706560,12,5,1,16,19.2,0.1,94,0,1,0,0,0,0,0,-0.2879033166650653,-0.9576594803233847,0.9893582466233818,-0.14550003380861354,-0.7568024953079283,-0.6536436208636119,0.9092974268256817,-0.4161468365471424,0.8414709848078965,0.5403023058681398,0.479425538604203,0.8775825618903728,0.24740395925452294,0.9689124217106447,0.12467473338522769,0.992197667229329,0.0624593178423802,0.9980475107000991,0.03124491398532608,0.9995117584851364,0,1,0,0,99,2
1701706620,12,5,1,17,19.2,0.1,94,0,1,0,0,0,0,0,-0.9613974918795568,-0.27516333805159693,0.7984871126234903,-0.6020119026848236,-0.8949893582285835,-0.4460874899137928,0.850319789818452,-0.5262663347043051,0.8735749351670712,0.4866896677019633,0.5066114548142574,0.8621744799348805,0.2625123997691533,0.964928619104771,0.13242239405634718,0.9911933764671682,0.06635745449017677,0.9977959151217167,0.03319702455253542,0.9994488268845275,0,1,0,0,99,2
1701706680,12,5,1,18,19.2,0.1,94,0,1,0,0,0,0,0,-0.7509872467716762,0.6603167082440802,0.4121184852417566,-0.9111302618846769,-0.977530117665097,-0.2107957994307797,0.7780731968879212,-0.6281736227227391,0.9022675940990952,0.4311765167986662,0.5333026735360201,0.8459244992310679,0.2775567516463363,0.9607092430155619,0.1401619723470637,0.9901285883701071,0.07025457860486005,0.9975290944052978,0.03514900848318622,0.9993820826904237,0,1,0,0,99,2
1701706740,12,5,1,19,19.2,0.1,94,0,1,0,0,0,0,0,0.14987720966295234,0.9887046181866692,-0.0751511204618093,-0.9971721561963784,-0.999292788975378,0.03760215288797655,0.6936850319532718,-0.7202784714566918,0.9274369173848677,0.37397963082453317,0.5594731312473669,0.8288484876093257,0.29253334202332754,0.9562553235431753,0.14789299587340962,0.9890033679273229,0.07415063072111083,0.9972470526221983,0.03710085833105311,0.9993115261574336,0,1,0,0,99,2
1701706920,12,5,1,22,19.2,0.1,94,0,1,0,0,0,0,0,-0.008851309290403876,-0.9999608263946371,-0.9999902065507035,0.004425697988050785,-0.7055403255703919,0.70866977429126,0.3816609920523317,-0.9243023786324636,0.9808930570231557,0.19454770798898718,0.6346070800152693,0.7728349461524715,0.33702006902225307,0.9414974631278811,0.17103002203139503,0.9852658177182139,0.08583176067687935,0.996309645069798,0.042955528923538926,0.9990769852893715,0,1,0,0,99,2
1701707040,12,5,1,24,19.2,0.1,94,0,1,0,0,0,0,0,-0.9055783620066239,0.424179007336997,-0.5365729180004349,0.8438539587324921,-0.27941549819892586,0.960170286650366,0.1411200080598672,-0.9899924966004454,0.9974949866040544,0.0707372016677029,0.6816387600233341,0.7316888688738209,0.36627252908604757,0.9305076219123143,0.18640329676226988,0.9824733131012553,0.09361273123551289,0.9956086864580017,0.04685783574813424,0.9989015683384429,0,1,0,0,99,2
1701707100,12,5,1,25,18.9,0.1,94,0,1,0,0,0,0,0,-0.13235175009777303,0.9912028118634736,-0.06632189735120068,0.9977982791785807,-0.03317921654755682,0.9994494182244994,0.016591892229347906,-0.9998623450816866,0.9999655856782489,0.008296231623858378,0.7041675114545337,0.7100338835660797,0.38076640899239017,0.9246712614670362,0.1940731028929098,0.9809870696056692,0.09750110356896174,0.9952354167747622,0.04880872475919552,0.9988081439332486,0,1,0,0,99,2
1701707160,12,5,1,26,18.9,0.1,94,0,1,0,0,0,0,0,0.7625584504796027,0.6469193223286404,0.4201670368266409,0.9074467814501962,0.21511998808781552,0.9765876257280235,-0.10819513453010837,-0.9941296760805463,0.9985313405398316,-0.05417713502693632,0.7260086552607126,0.6876855622205048,0.39516733024093426,0.9186091557949183,0.2017310638016388,0.9794409517155483,0.10138798815552964,0.9948469610235406,0.05075942757980711,0.99871090937857,0,1,0,0,99,2
1701707220,12,5,1,27,18.9,0.1,94,0,1,0,0,0,0,0,0.956375928404503,-0.2921388087338362,0.8037844265516209,0.594920663309892,0.4500440737806176,0.8930063446890767,-0.23129381240202182,-0.9728839459794464,0.9931978518853749,-0.11643894112485227,0.7471408639355942,0.6646657275936332,0.40947177705329507,0.9123227848721178,0.20937671208599365,0.9778350537979598,0.10527332568613999,0.9944433251316939,0.05270993676863066,0.9986098650453273,0,1,0,0,99,2
1701707280,12,5,1,28,18.9,0.1,94,0,1,0,0,0,0,0,0.27090578830786904,-0.9626058663135666,0.9906073556948704,0.1367372182078336,0.6569865987187891,0.7539022543433046,-0.35078322768961984,-0.9364566872907963,0.9839859468739369,-0.17824605564949209,0.7675435022360271,0.6409968581633251,0.42367625720393803,0.9058136834259364,0.21700958109501015,0.9761694738686353,0.10915705687532236,0.9940245152582091,0.05466024488506646,0.9985050113189741,0,1,0,0,99,2
1701707340,12,5,1,29,18.9,0.1,94,0,1,0,0,0,0,0,-0.6636338842129675,-0.7480575296890004,0.934895055524683,-0.354924266788705,0.8230808790115055,0.5679241732886948,-0.46479878803160896,-0.8854163352030204,0.9709315977974505,-0.2393571231413216,0.7871966473319489,0.616702066178912,0.4377773028727551,0.8990834405601384,0.2246292049577053,0.9744443135859889,0.11303912246211711,0.9935905377936096,0.05661034448928185,0.9983963485994952,0,1,0,0,99,2
1701707460,12,5,1,31,18.9,0.1,94,0,1,0,0,0,0,0,-0.404037645323065,0.9147423578045313,0.2064674819377966,-0.9784534628188842,0.9945987791111761,0.10379435721925297,-0.669404826237736,-0.7428978251479987,0.9335142808623762,-0.3585402173062328,0.8241784446666367,0.5663301963933087,0.46565534658516017,0.8849661565261433,0.23982685783066157,0.9708156767703494,0.12079801991268428,0.9926771068102531,0.06050988840572611,0.9981675978537505,0,1,0,0,99,3
1701707520,12,5,1,32,18.9,0.1,94,0,1,0,0,0,0,0,0.5514266812416906,0.8342233605065102,-0.2879033166650653,-0.9576594803233847,0.9893582466233818,-0.14550003380861354,-0.7568024953079283,-0.6536436208636119,0.9092974268256817,-0.4161468365471424,0.8414709848078965,0.5403023058681398,0.479425538604203,0.8775825618903728,0.24740395925452294,0.9689124217106447,0.12467473338522769,0.992197667229329,0.0624593178423802,0.9980475107000991,0,1,0,0,99,3
1701707580,12,5,1,33,18.9,0.1,94,0,1,0,0,0,0,0,0.9999118601072672,-0.013276747223059479,-0.711785342369123,-0.7023970575027135,0.9226042102393402,-0.3857479374522218,-0.8323905145579873,-0.5541895264924167,0.8815297857963782,-0.4721284112969602,0.8579418428124834,0.513746819310368,0.49307868575392305,0.8699847180584174,0.2549659604158785,0.9669500292306779,0.12854954447473196,0.9917030879327435,0.06440850901572104,0.9979236162985481,0,1,0,0,99,3
1701707640,12,5,1,34,18.9,0.1,94,0,1,0,0,0,0,0,0.5290826861200238,-0.8485702747846052,-0.9613974918795568,-0.27516333805159693,0.7984871126234903,-0.6020119026848236,-0.8949893582285835,-0.4460874899137928,0.850319789818452,-0.5262663347043051,0.8735749351670712,0.4866896677019633,0.5066114548142574,0.8621744799348805,0.2625123997691533,0.964928619104771,0.13242239405634718,0.9911933764671682,0.06635745449017677,0.9977959151217167,0,1,0,0,99,1
1701707700,12,5,1,35,18.9,0.1,93,0,1,0,0,0,0,0,-0.428182669496151,-0.9036922050915067,-0.9756260054681576,0.2194399632114593,0.6247239537541924,-0.7808456836057491,-0.9436221923009624,-0.3310244072528874,0.815789313258297,-0.5783491993368335,0.888354996422273,0.4591572718923041,0.520020541953727,0.8541537542773854,0.27004281671858504,0.9628483147093797,0.1362932230351537,0.990668540610173,0.06830614683111276,0.9976644076567464,0,1,0,0,99,0
1701707760,12,5,1,36,18.9,0.1,93,0,1,0,0,0,0,0,-0.9917788534431158,-0.12796368962740468,-0.7509872467716762,0.6603167082440802,0.4121184852417566,-0.9111302618846769,-0.977530117665097,-0.2107957994307797,0.7780731968879212,-0.6281736227227391,0.9022675940990952,0.4311765167986662,0.5333026735360201,0.8459244992310679,0.2775567516463363,0.9607092430155619,0.1401619723470637,0.9901285883701071,0.07025457860486005,0.9975290944052978,0,1,0,0,99,1
1701707820,12,5,1,37,18.9,0.1,93,0,1,0,0,0,0,0,-0.6435381333569995,0.7654140519453434,-0.34248061846961253,0.939524893748256,0.17388948538043356,-0.9847651734673236,-0.9961840124864793,-0.08727779366103493,0.737318721334619,-0.6755450415549525,0.9152991427820066,0.40277472515355744,0.5464546069192036,0.8374887238505236,0.28505374594054744,0.9585115345812286,0.14402858295972257,0.9895735279859775,0.07220274237874362,0.9973899758835502,0,1,0,0,99,1
1701707880,12,5,1,38,18.9,0.1,93,0,1,0,0,0,0,0,0.2963685787093853,0.9550736440472949,0.14987720966295234,0.9887046181866692,-0.0751511204618093,-0.9971721561963784,-0.999292788975378,0.03760215288797655,0.6936850319532718,-0.7202784714566918,0.9274369173848677,0.37397963082453317,0.5594731312473669,0.8288484876093257,0.29253334202332754,0.9562553235431753,0.14789299587340962,0.9890033679273229,0.07415063072111083,0.9972470526221983,0,1,0,0,99,0
1701707940,12,5,1,39,18.9,0.1,93,0,1,0,0,0,0,0,0.9637953862840878,0.26664293235993725,0.605539869719601,0.7958149698139441,-0.31951919362227366,-0.9475798039779932,-0.9868079357144411,0.16189533041753676,0.6473425173671444,-0.7621992293414946,0.9386690655767598,0.34481935173254513,0.5723550682345072,0.820005899897234,0.299995083378683,0.9539407476088947,0.1517551521219383,0.9884181168940841,0.0760982362013597,0.9971003251664509,0,1,0,0,99,0
1701708060,12,5,1,41,18.9,0.1,93,0,1,0,0,0,0,0,-0.158622668804709,-0.9873392775238264,0.9968297942787993,-0.07956356727854007,-0.7346984304047954,-0.6783938504738453,-0.9160769210262436,0.40100258697803604,0.5472647499254653,-0.8369595530782943,0.9583735057581397,0.28551746612221973,0.5976966345387016,0.8017223540984184,0.3148631813197452,0.949137069684463,0.15947245893184342,0.9872023778548304,0.07999256885851808,0.996795459925162,0,1,0,0,99,0
1701708120,12,5,1,42,18.9,0.0,93,0,1,0,0,0,0,0,-0.9165215479156338,-0.39998531498835127,0.836655638536056,-0.5477292602242684,-0.8796957599716702,-0.47553692799599256,-0.858934493426592,0.5120854772418407,0.4939202986100892,-0.8695071814659844,0.9668265566961802,0.2554337668888117,0.6101500770757914,0.7922858596771786,0.3222686304333866,0.9466482608860534,0.16332749173661285,0.9865719083994976,0.08193928117973213,0.9966373233025887,1,0,0,0,99,0
1701708180,12,5,1,43,18.9,0.0,93,0,1,0,0,0,0,0,-0.8317747426285983,0.5551133015206257,0.47163900309419615,-0.8817917275413242,-0.9699978679206785,-0.24311342256103,-0.7883886803350966,0.6151774449047079,0.4386470990986331,-0.898659402917676,0.9743355179089173,0.22510064091681745,0.6224545602223437,0.7826559400262728,0.32965440993086015,0.9441016735570044,0.16718003236480675,0.9859263850706614,0.08388568092749371,0.9964753848115521,1,0,0,0,99,0
1701708240,12,5,1,44,18.9,0.0,93,0,1,0,0,0,0,0,0.017701925105413577,0.9998433086476912,-0.008851309290403876,-0.9999608263946371,-0.9999902065507035,0.004425697988050785,-0.7055403255703919,0.70866977429126,0.3816609920523317,-0.9243023786324636,0.9808930570231557,0.19454770798898718,0.6346070800152693,0.7728349461524715,0.33702006902225307,0.9414974631278811,0.17103002203139503,0.9852658177182139,0.08583176067687935,0.996309645069798,1,0,0,0,99,0
1701708300,12,5,1,45,18.9,0.0,93,0,1,0,0,0,0,0,0.8509035245341184,0.5253219888177297,-0.4871745124605095,-0.8733046400935156,-0.9678079975112615,0.2516896500717544,-0.6116822499992318,0.7911035488707386,0.32318450699968687,-0.9463359733389455,0.9864927707132337,0.16380480252583335,0.6466046695911524,0.7628252757105762,0.3443651581456984,0.9388357885462655,0.17487740199027219,0.9845902164215998,0.0877775130041863,0.9961401047095734,1,0,0,0,99,0
1701708360,12,5,1,46,18.9,0.0,93,0,1,0,0,0,0,0,0.9017883476488092,-0.4321779448847783,-0.8462204041751706,-0.5328330203333975,-0.8754521746884285,0.4833047587530059,-0.5082790774992584,0.8611924171615208,0.26344599336342084,-0.9646741463213163,0.9911291909537616,0.13290194445282522,0.6584443999105676,0.7526293724180665,0.3516892289948141,0.9361168122670553,0.17872211353515366,0.983899591489664,0.08972293048696088,0.9959667643776232,1,0,0,0,99,0
1701708420,12,5,1,47,18.9,0.0,93,0,1,0,0,0,0,0,0.123573122745224,-0.9923354691509287,-0.9980820279793963,-0.061905293994420546,-0.72866497582717,0.6848703183835534,-0.39694437999324705,0.9178426658157577,0.20267872876086712,-0.9792452874065205,0.9947977903590559,0.10186930988644112,0.6701233804731629,0.7422497254585013,0.35899183454606504,0.9333407002425484,0.18256409800047155,0.9831939534604931,0.09166800570402665,0.995789624735188,1,0,0,0,99,0
1701708480,12,5,1,48,18.9,0.0,93,0,1,0,0,0,0,0,-0.7682546613236668,-0.6401443394691997,-0.9055783620066239,0.424179007336997,-0.5365729180004349,0.8438539587324921,-0.27941549819892586,0.960170286650366,0.1411200080598672,-0.9899924966004454,0.9974949866040544,0.0707372016677029,0.6816387600233341,0.7316888688738209,0.36627252908604757,0.9305076219123143,0.18640329676226988,0.9824733131012553,0.09361273123551289,0.9956086864580017,1,0,0,0,99,0
1701708540,12,5,1,49,18.9,0.0,93,0,1,0,0,0,0,0,-0.9537526527594719,0.3005925437436371,-0.5913575298651244,0.8064094939122546,-0.3111193549811273,0.9503708470676735,-0.157526431008143,0.987514771299061,0.07901021674738969,-0.9968738062811815,0.999218145922396,0.03953601977196579,0.692987727246318,0.7209493809456964,0.37353086823869297,0.9276177501928519,0.19023965123909906,0.9817376814080357,0.09555709966288278,0.9954239502362889,1,0,0,0,99,1
1701708660,12,5,1,51,18.9,0.0,93,0,1,0,0,0,0,0,0.6702291758433747,0.7421541968137826,0.3590583540221683,0.933315112063922,0.182599134631134,0.9831874470475918,0.09168574849017776,0.9957879912530557,-0.045891223272779696,-0.9989464428219001,0.9997365760093756,-0.022951657653640416,0.7151753832640076,0.6989450415971057,0.38797870972702503,0.9216683355733519,0.19790359322994627,0.9802214891475681,0.09944473553796578,0.9950430867926193,1,0,0,0,99,2
1701708720,12,5,1,52,18.9,0.0,93,0,1,0,0,0,0,0,0.9866275920404853,-0.16299078079570548,0.7625584504796027,0.6469193223286404,0.4201670368266409,0.9074467814501962,0.21511998808781552,0.9765876257280235,-0.10819513453010837,-0.9941296760805463,0.9985313405398316,-0.05417713502693632,0.7260086552607126,0.6876855622205048,0.39516733024093426,0.9186091557949183,0.2017310638016388,0.9794409517155483,0.10138798815552964,0.9948469610235406,1,0,0,0,99,2
1701708780,12,5,1,53,18.9,0.0,93,0,1,0,0,0,0,0,0.39592515018183416,-0.9182827862121189,0.979357643103917,0.20213512038718198,0.6316109877182386,0.775285470129288,0.33519735222008545,0.9421479369316923,-0.1700765461024943,-0.9854308542286699,0.9963510561615996,-0.08534970934727917,0.7366646826566614,0.6762581942766833,0.4023318317777731,0.9154939088483012,0.2055554562054955,0.9786454692196509,0.10333085400873529,0.9946470402156865,1,0,0,0,99,2
1701708840,12,5,1,54,18.9,0.0,93,0,1,0,0,0,0,0,-0.5587890488516163,-0.8293098328631502,0.956375928404503,-0.2921388087338362,0.8037844265516209,0.594920663309892,0.4500440737806176,0.8930063446890767,-0.23129381240202182,-0.9728839459794464,0.9931978518853749,-0.11643894112485227,0.7471408639355942,0.6646657275936332,0.40947177705329507,0.9123227848721178,0.20937671208599365,0.9778350537979598,0.10527332568613999,0.9944433251316939,1,0,0,0,99,2
1701708900,12,5,1,55,18.8,0.0,93,0,1,0,0,0,0,0,-0.9997551733586199,0.022126756261955736,0.6992400316550977,-0.7148869687796651,0.9259824428086272,0.3775665710972933,0.5578680080909402,0.8299296871112918,-0.2916078813138529,-0.9565379467410825,0.9890748067616226,-0.14741447225241752,0.7574346414881015,0.6529109923058358,0.41658673028204113,0.909095977415431,0.2131947731354699,0.9770097178164174,0.10721539577780473,0.9942358165486741,1,0,0,0,99,2
1701708960,12,5,1,56,18.8,0.0,93,0,1,0,0,0,0,0,-0.5215510020869119,0.8532201077225842,0.27090578830786904,-0.9626058663135666,0.9906073556948704,0.1367372182078336,0.6569865987187891,0.7539022543433046,-0.35078322768961984,-0.9364566872907963,0.9839859468739369,-0.17824605564949209,0.7675435022360271,0.6409968581633251,0.42367625720393803,0.9058136834259364,0.21700958109501015,0.9761694738686353,0.10915705687532236,0.9940245152582091,1,0,0,0,99,1
1701709020,12,5,1,57,18.8,0.0,93,0,1,0,0,0,0,0,0.43616475524782494,0.8998668269691937,-0.22375564018679642,-0.9746452757206577,0.9936411011327626,-0.11259379263383548,0.7458531332084875,0.6661104290454266,-0.4085887730680895,-0.9127185845169985,0.9779362414076386,-0.2089035847981091,0.7774649782460008,0.6289262338310793,0.4307399251108032,0.9024761032379415,0.2208210777553385,0.9753143347757023,0.11109830157184598,0.9938094220663493,1,0,0,0,99,0
1701709080,12,5,1,58,18.8,0.0,93,0,1,0,0,0,0,0,0.9928726480845371,0.11918013544881928,-0.6636338842129675,-0.7480575296890004,0.934895055524683,-0.354924266788705,0.8230808790115055,0.5679241732886948,-0.46479878803160896,-0.8854163352030204,0.9709315977974505,-0.2393571231413216,0.7871966473319489,0.616702066178912,0.4377773028727551,0.8990834405601384,0.2246292049577053,0.9744443135859889,0.11303912246211711,0.9935905377936096,1,0,0,0,99,0
1701709140,12,5,1,59,18.8,0.0,93,0,1,0,0,0,0,0,0.6367380071391379,-0.7710802229758452,-0.9410314083429535,-0.3383192109710552,0.8180217634546941,-0.5751872690824027,0.8874647229840752,0.46087565075494996,-0.5191937736746512,-0.8546565540481598,0.9629788559589872,-0.26957693331574223,0.7967361336464357,0.6043273395620364,0.4447879609645272,0.8956359024631707,0.22843390459477475,0.9735594235749482,0.11497951214249395,0.9933678632749673,1,0,0,0,99,0
1701709260,12,5,1,61,18.8,0.0,93,0,1,0,0,0,0,0,-0.9661177700083929,-0.25810163593826746,-0.7931272394572851,0.6090559761063561,0.4421221685765394,-0.8969548417022889,0.9738980546500462,0.2269858567154693,-0.621696929091873,-0.7832578939006837,0.9442610586857545,-0.3291975896777772,0.8152292897331944,0.579138329901511,0.4587274082167366,0.8885770450280356,0.23603278900606633,0.9717450913248895,0.11885896826725052,0.992911146912172,1,0,0,0,99,0
1701709320,12,5,1,62,18.8,0.0,93,0,1,0,0,0,0,0,-0.7391806966492228,0.6735071623235863,-0.404037645323065,0.9147423578045313,0.2064674819377966,-0.9784534628188842,0.9945987791111761,0.10379435721925297,-0.669404826237736,-0.7428978251479987,0.9335142808623762,-0.3585402173062328,0.8241784446666367,0.5663301963933087,0.46565534658516017,0.8849661565261433,0.23982685783066157,0.9708156767703494,0.12079801991268428,0.9926771068102531,1,0,0,0,99,0
1701709380,12,5,1,63,18.8,0.0,93,0,1,0,0,0,0,0,0.16735570030280691,0.9858965815825497,0.08397445569174683,0.9964679075571249,-0.04202435271884079,-0.999116586679734,0.9997791222764492,-0.021016818506448383,-0.7144987118625367,-0.6996367562862716,0.9218559421857278,-0.38753273649701414,0.832926388253192,0.5533838014899721,0.47255486375130445,0.8813012542513405,0.2436172671924749,0.9698714487630153,0.12273661075038828,0.9924392799468931,1,0,0,0,99,0
1701709500,12,5,1,65,18.9,0.0,93,0,1,0,0,0,0,0,0.8268286794901035,-0.562453851238172,0.8838704235458307,0.4677318402470736,-0.5158818468181093,-0.8566597458288424,0.9634987664311881,-0.2677127697469413,-0.7961509812048658,-0.6050980210895829,0.8958509979593657,-0.44435457627350766,0.8498101482900483,0.5270889031873525,0.48626695179327556,0.8738103064130545,0.25118687623654373,0.9679386102468107,0.12661238042385375,0.9919522695792401,1,0,0,0,99,0
1701709560,12,5,1,66,18.9,0.0,93,0,1,0,0,0,0,0,-0.026551154023966794,-0.99964745596635,0.9999118601072672,-0.013276747223059479,-0.711785342369123,-0.7023970575027135,0.9226042102393402,-0.3857479374522218,-0.8323905145579873,-0.5541895264924167,0.8815297857963782,-0.4721284112969602,0.8579418428124834,0.513746819310368,0.49307868575392305,0.8699847180584174,0.2549659604158785,0.9669500292306779,0.12854954447473196,0.9917030879327435,1,0,0,0,99,0
1701709620,12,5,1,67,18.9,0.0,93,0,1,0,0,0,0,0,-0.8555199789753223,-0.5177697997895051,0.8711400001691764,-0.4910347239302405,-0.8634334728079056,-0.504462722145928,0.8673127239196736,-0.4977636376102979,-0.8653795807650819,-0.5011169336540635,0.8663477747573614,-0.4994412209389292,0.8658640831386093,0.5002793115156127,0.49986032473301345,0.8661060303206567,0.2587411541283521,0.9659466937467762,0.13048621814817024,0.9914501232403918,1,0,0,0,99,0
1701709680,12,5,1,68,18.9,0.0,93,0,1,0,0,0,0,0,-0.8979276806892913,0.4401430224960407,0.5290826861200238,-0.8485702747846052,-0.9613974918795568,-0.27516333805159693,0.7984871126234903,-0.6020119026848236,-0.8949893582285835,-0.4460874899137928,0.850319789818452,-0.5262663347043051,0.8735749351670712,0.4866896677019633,0.5066114548142574,0.8621744799348805,0.2625123997691533,0.964928619104771,0.13242239405634718,0.9911933764671682,1,0,0,0,99,1
1701709740,12,5,1,69,18.9,0.0,93,0,1,0,0,0,0,0,-0.11478481378318722,0.9933903797222716,0.057487478104924564,-0.9983462274487422,-0.9995864713592172,-0.028755630329187164,0.7172013769957456,-0.6968659733660458,-0.9211042214011522,-0.38931608407176954,0.8334614820349437,-0.5525775583247253,0.8810725164039352,0.4729812055860543,0.5133316639434712,0.8581903068626603,0.26627963979371355,0.9638958208392285,0.1343580648133402,0.9909328485924838,1,0,0,0,99,1
1701709860,12,5,1,71,18.9,0.0,93,0,1,0,0,0,0,0,0.9510546532543747,-0.3090227281660707,-0.8090187662119065,-0.587782813560387,-0.8910058399248534,0.45399184267980686,0.5224979221586403,-0.8526405581133842,-0.9624553387335394,-0.27144008720767066,0.7973205400614205,-0.6035560921705327,0.8954205973090336,0.4452212415358611,0.5266776805903868,0.8500650685494203,0.2738018731223179,0.9617861166988793,0.13822786133974724,0.9904004535284905,1,0,0,0,99,1
1701709920,12,5,1,72,18.9,0.0,93,0,1,0,0,0,0,0,0.25382336276203626,-0.9672505882738824,-0.9917788534431158,-0.12796368962740468,-0.7509872467716762,0.6603167082440802,0.4121184852417566,-0.9111302618846769,-0.977530117665097,-0.2107957994307797,0.7780731968879212,-0.6281736227227391,0.9022675940990952,0.4311765167986662,0.5333026735360201,0.8459244992310679,0.2775567516463363,0.9607092430155619,0.1401619723470637,0.9901285883701071,1,0,0,0,99,1
1701709980,12,5,1,73,18.9,0.0,93,0,1,0,0,0,0,0,-0.6767719568873076,-0.7361927182273159,-0.9317168878547055,0.36318540841606234,-0.5642759039618552,0.8255862790817391,0.29530807719927077,-0.9554020826546641,-0.9887876624065108,-0.14932835856818344,0.7580660784417752,-0.6521777523926344,0.9088943151963913,0.41702652649883415,0.5398951164352044,0.8417322990413384,0.2813073949958138,0.9596177100911952,0.14209554867905747,0.9898529461721057,1,0,0,0,99,1
1701710040,12,5,1,74,18.9,0.0,93,0,1,0,0,0,0,0,-0.9851462604682474,0.17171734183077755,-0.6435381333569995,0.7654140519453434,-0.34248061846961253,0.939524893748256,0.17388948538043356,-0.9847651734673236,-0.9961840124864793,-0.08727779366103493,0.737318721334619,-0.6755450415549525,0.9152991427820066,0.40277472515355744,0.5464546069192036,0.8374887238505236,0.28505374594054744,0.9585115345812286,0.14402858295972257,0.9895735279859775,1,0,0,0,99,1
1701710160,12,5,1,76,18.8,0.0,93,0,1,0,0,0,0,0,0.5661076368981803,0.8243313311075577,0.2963685787093853,0.9550736440472949,0.14987720966295234,0.9887046181866692,-0.0751511204618093,-0.9971721561963784,-0.999292788975378,0.03760215288797655,0.6936850319532718,-0.7202784714566918,0.9274369173848677,0.37397963082453317,0.5594731312473669,0.8288484876093257,0.29253334202332754,0.9562553235431753,0.14789299587340962,0.9890033679273229,1,0,0,0,99,1
1701710220,12,5,1,77,18.8,0.0,93,0,1,0,0,0,0,0,0.9995201585807313,-0.03097503173121646,0.7179745927716441,0.6960693098638897,0.3898273272463786,0.9208879708911095,-0.1988869391248336,-0.9800224412969096,-0.9949930756786476,0.09994388101102124,0.6708413072362862,-0.7416009307609522,0.9331669011385242,0.35944336775008645,0.565931370507906,0.8244523539144292,0.29626647303194026,0.9551053224420931,0.14982435976487088,0.9887126282297838,1,0,0,0,99,1
1701710280,12,5,1,78,18.8,0.0,93,0,1,0,0,0,0,0,0.5139784559875352,-0.8578030932449878,0.9637953862840878,0.26664293235993725,0.605539869719601,0.7958149698139441,-0.31951919362227366,-0.9475798039779932,-0.9868079357144411,0.16189533041753676,0.6473425173671444,-0.7621992293414946,0.9386690655767598,0.34481935173254513,0.5723550682345072,0.820005899897234,0.299995083378683,0.9539407476088947,0.1517551521219383,0.9884181168940841,1,0,0,0,99,1
1701710340,12,5,1,79,18.8,0.0,93,0,1,0,0,0,0,0,-0.4441126687075084,-0.8959709467909631,0.9736454556949781,-0.22806693448309956,0.7836028759783554,0.6212620483809149,-0.43516545796919887,-0.9003505007442698,-0.9747693318791554,0.22321458202336397,0.6232116085153726,-0.782053253309314,0.943942067425039,0.330111153015682,0.5787438323577704,0.8155093969463755,0.30371911616954944,0.9527616168135594,0.1536853655792259,0.9881198350436954,1,0,0,0,99,1
1701710460,12,5,1,81,18.8,0.0,93,0,1,0,0,0,0,0,-0.6298879942744539,0.7766859820216312,0.33415117684842055,-0.9425194910508831,0.9855251115651197,0.16952950915565845,-0.6443874963266829,-0.7646991268321347,-0.9393346386757316,0.3430020941392817,0.5731482818000584,-0.8194516746395976,0.9537954903016678,0.30045659034243405,0.5914150022013163,0.8063673450551039,0.3111532218577337,0.95035975952665,0.15754402634398745,0.9875119643646476,1,0,0,0,99,1
1701710520,12,5,1,82,18.8,0.0,93,0,1,0,0,0,0,0,0.31322878243308516,0.9496776978825432,-0.158622668804709,-0.9873392775238264,0.9968297942787993,-0.07956356727854007,-0.7346984304047954,-0.6783938504738453,-0.9160769210262436,0.40100258697803604,0.5472647499254653,-0.8369595530782943,0.9583735057581397,0.28551746612221973,0.5976966345387016,0.8017223540984184,0.3148631813197452,0.949137069684463,0.15947245893184342,0.9872023778548304,1,0,0,0,99,0
1701710580,12,5,1,83,18.8,0.0,93,0,1,0,0,0,0,0,0.9683644611001854,0.24954011797333814,-0.6125601529754697,-0.7904239741978156,0.9461564284508708,-0.3237097664592346,-0.8135446412026923,-0.5815024649736085,-0.889241942604376,0.45743717329617606,0.5208468233098019,-0.8536501547168418,0.9627175480681864,0.27050863690754695,0.6039417865541566,0.7970284301414683,0.31856833635699866,0.9478998971783541,0.16140028318073973,0.9868890254679992,1,0,0,0,99,0
1701710640,12,5,1,84,18.8,0.0,93,0,1,0,0,0,0,0,0.7331903200732922,-0.6800234955873388,-0.9165215479156338,-0.39998531498835127,0.836655638536056,-0.5477292602242684,-0.8796957599716702,-0.47553692799599256,-0.858934493426592,0.5120854772418407,0.4939202986100892,-0.8695071814659844,0.9668265566961802,0.2554337668888117,0.6101500770757914,0.7922858596771786,0.3222686304333866,0.9466482608860534,0.16332749173661285,0.9865719083994976,1,0,0,0,99,0
1701710700,12,5,1,85,18.8,0.0,92,0,1,0,0,0,0,0,-0.1760756199485871,-0.9843766433940419,-0.996086503119594,0.08838369930580556,0.675135653292801,-0.7376936014721172,-0.9321195206281534,-0.36215079630444197,-0.8252729234333458,0.5647340983576067,0.4665114691207459,-0.8845151492081995,0.970699528486596,0.24029653637932502,0.616321127181551,0.7874949321676061,0.3259640070869742,0.9453821799059907,0.1652540772477479,0.9862510278590311,1,0,0,0,99,0
1701710760,12,5,1,86,18.8,0.0,92,0,1,0,0,0,0,0,-0.9234584470040598,-0.38369844494974187,-0.8317747426285983,0.5551133015206257,0.47163900309419615,-0.8817917275413242,-0.9699978679206785,-0.24311342256103,-0.7883886803350966,0.6151774449047079,0.4386470990986331,-0.898659402917676,0.9743355179089173,0.22510064091681745,0.6224545602223437,0.7826559400262728,0.32965440993086015,0.9441016735570044,0.16718003236480675,0.9859263850706614,1,0,0,0,99,0
1701710820,12,5,1,87,18.8,0.0,92,0,1,0,0,0,0,0,-0.8218178366308225,0.5697503342653119,-0.4638155159838274,0.8859318072699817,0.23881812402958275,-0.9710643148808378,-0.9927397229084867,-0.1202823451699422,-0.7484257963118128,0.6632185366943757,0.41035439762821135,-0.9119261309706986,0.9777336372884741,0.20984979036122642,0.6285500018450296,0.7777691786003179,0.33333978265403763,0.9428067613780455,0.16910534974085598,0.9855979812728021,1,0,0,0,99,0
1701710940,12,5,1,89,18.8,0.0,92,0,1,0,0,0,0,0,0.8600694058124533,0.5101770449416689,0.4948853175526281,0.8689582973139933,-0.25597041106933305,-0.9666846169547733,-0.9916361774750792,0.12906467960915324,-0.6598997349563215,0.7513536715852107,0.3525949009946041,-0.9357760607071574,0.9838130057859464,0.17919812958404827,0.6406254250402305,0.7678535438428503,0.3406952128788645,0.9401737987847912,0.1729540418943841,0.9849298956739996,1,0,0,0,99,0
1701711060,12,5,1,91,18.8,0.0,92,0,1,0,0,0,0,0,0.10598751175115685,-0.9943674609282015,0.9985908724117705,0.05306853621402457,-0.688088462258297,-0.7256268104935293,-0.9288774974380447,0.37038708772476847,-0.5610761589460167,0.8277641837276992,0.2934585288182137,-0.9559718049523478,0.9889316975788438,0.1483714848743724,0.652544448725766,0.7577504486552193,0.34802984882390525,0.9374834528286937,0.17680009498202517,0.9842467812567877,1,0,0,0,99,0
1701711120,12,5,1,92,18.8,0.0,92,0,1,0,0,0,0,0,-0.7794660696158047,-0.626444447910339,0.9017883476488092,-0.4321779448847783,-0.8462204041751706,-0.5328330203333975,-0.8754521746884285,0.4833047587530059,-0.5082790774992584,0.8611924171615208,0.26344599336342084,-0.9646741463213163,0.9911291909537616,0.13290194445282522,0.6584443999105676,0.7526293724180665,0.3516892289948141,0.9361168122670553,0.17872211353515366,0.983899591489664,1,0,0,0,99,0
1701711240,12,5,1,94,18.8,0.0,92,0,1,0,0,0,0,0,-0.24525198546765434,0.9694593666699876,0.123573122745224,-0.9923354691509287,-0.9980820279793963,-0.061905293994420546,-0.72866497582717,0.6848703183835534,-0.39694437999324705,0.9178426658157577,0.20267872876086712,-0.9792452874065205,0.9947977903590559,0.10186930988644112,0.6701233804731629,0.7422497254585013,0.35899183454606504,0.9333407002425484,0.18256409800047155,0.9831939534604931,1,0,0,0,99,0
1701711300,12,5,1,95,18.8,0.0,92,0,1,0,0,0,0,0,0.683261714736121,0.7301735609948197,-0.36730534913419133,-0.9301004142012893,-0.9823696896284233,0.18694863706204273,-0.6375936648595081,0.7703728438431753,-0.3388415235451705,0.9408434630275048,0.17198333781575365,-0.9850998586507625,0.9962680007535027,0.08631379191426318,0.6759016970261789,0.7369917882562408,0.36263494849763117,0.931931271139734,0.18448404925665798,0.9828355078902405,1,0,0,0,99,0
1701711360,12,5,1,96,18.8,0.0,92,0,1,0,0,0,0,0,0.9835877454343449,-0.18043044929108396,-0.7682546613236668,-0.6401443394691997,-0.9055783620066239,0.424179007336997,-0.5365729180004349,0.8438539587324921,-0.27941549819892586,0.960170286650366,0.1411200080598672,-0.9899924966004454,0.9974949866040544,0.0707372016677029,0.6816387600233341,0.7316888688738209,0.36627252908604757,0.9305076219123143,0.18640329676226988,0.9824733131012553,1,0,0,0,99,0
1701711420,12,5,1,97,18.8,0.0,92,0,1,0,0,0,0,0,0.3796077390275217,-0.9251475365964139,-0.981108438603097,-0.1934586046207122,-0.7724825579327705,0.6350359814133715,-0.42717913021742326,0.904167014830051,-0.2188983613117615,0.9757476658516921,0.11011887701095537,-0.9939184236776407,0.9984784483597131,0.055143341947869365,0.6873342193038735,0.7263412909741086,0.3699045208063098,0.929069774283425,0.18832183319596135,0.9821073704752004,1,0,0,0,99,0
1701711480,12,5,1,98,18.8,0.0,92,0,1,0,0,0,0,0,-0.5733818719904229,-0.8192882452914593,-0.9537526527594719,0.3005925437436371,-0.5913575298651244,0.8064094939122546,-0.3111193549811273,0.9503708470676735,-0.157526431008143,0.987514771299061,0.07901021674738969,-0.9968738062811815,0.999218145922396,0.03953601977196579,0.692987727246318,0.7209493809456964,0.37353086823869297,0.9276177501928519,0.19023965123909906,0.9817376814080357,1,0,0,0,99,0
1701711540,12,5,1,99,18.8,0.0,92,0,1,0,0,0,0,0,-0.9992068341863537,0.0398208803931389,-0.6928849542336957,0.7210481538680822,-0.3734647547841147,0.9276443698605846,-0.19020466626691288,0.9817444600965631,-0.0955393633625346,0.9954256526975189,0.04782440434799511,-0.998855758530109,0.9997138987055519,0.023919045443861007,0.6985989387896817,0.7155134678829815,0.37715151604959674,0.9261515717966962,0.19215674357579007,0.9813642473100128,1,0,0,0,99,0
1701711660,12,5,1,101,18.8,0.0,92,0,1,0,0,0,0,0,0.45202578717835057,0.8920048697881602,0.23237376165548454,0.9726265649744922,0.11699024537436405,0.9931330638374931,0.05859580259074419,0.9982817898362899,0.029310494397997367,0.999570355161729,-0.014656821590492326,-0.9998925830212285,0.9999731453947223,-0.007328607602110553,0.7096931053638997,0.7045109624405745,0.3843754919082546,0.9231768417915862,0.19598872188012992,0.9806061497338231,1,0,0,0,99,0
1701711720,12,5,1,102,18.8,0.0,92,0,1,0,0,0,0,0,0.9948267913584063,0.10158570369662134,0.6702291758433747,0.7421541968137826,0.3590583540221683,0.933315112063922,0.182599134631134,0.9831874470475918,0.09168574849017776,0.9957879912530557,-0.045891223272779696,-0.9989464428219001,0.9997365760093756,-0.022951657653640416,0.7151753832640076,0.6989450415971057,0.38797870972702503,0.9216683355733519,0.19790359322994627,0.9802214891475681,1,0,0,0,99,0
1701711780,12,5,1,103,18.8,0.0,92,0,1,0,0,0,0,0,0.6229886314423488,-0.7822308898871159,0.9439891127251193,0.32997659774057014,0.5788019532877502,0.8154681470604999,0.3037530682474665,0.95275079298327,0.15370297169659722,0.9881170965485999,-0.07708081295432778,-0.9970248483735498,0.9992559352772317,-0.03856910438712712,0.7206140105448711,0.6933364607507934,0.3915760074680308,0.9201457658302823,0.19981770963770668,0.9798330893142674,1,0,0,0,99,0
1701711840,12,5,1,104,18.8,0.0,92,0,1,0,0,0,0,0,-0.32162240316253093,-0.9468680107512125,0.9866275920404853,-0.16299078079570548,0.7625584504796027,0.6469193223286404,0.4201670368266409,0.9074467814501962,0.21511998808781552,0.9765876257280235,-0.10819513453010837,-0.9941296760805463,0.9985313405398316,-0.05417713502693632,0.7260086552607126,0.6876855622205048,0.39516733024093426,0.9186091557949183,0.2017310638016388,0.9794409517155483,1,0,0,0,99,0
1701711960,12,5,1,106,18.8,0.0,92,0,1,0,0,0,0,0,-0.7271425000808527,0.6864865509069841,0.39592515018183416,-0.9182827862121189,0.979357643103917,0.20213512038718198,0.6316109877182386,0.775285470129288,0.33519735222008545,0.9421479369316923,-0.1700765461024943,-0.9854308542286699,0.9963510561615996,-0.08534970934727917,0.7366646826566614,0.6762581942766833,0.4023318317777731,0.9154939088483012,0.2055554562054955,0.9786454692196509,1,0,0,0,99,0
1701712020,12,5,1,107,18.8,0.0,92,0,1,0,0,0,0,0,0.18478174456066745,0.9827795820412206,-0.09279121175730869,-0.9956855884367365,0.9989208147888241,-0.046445729422969886,0.7233414578962587,0.6904905034021214,0.39338880042387997,0.9193722052036709,-0.20078320995084364,-0.9796356989217142,0.9948958988059289,-0.10090664269087,0.7419254149477796,0.6704824223307908,0.4059049012202299,0.9139153194718838,0.2074664798565255,0.9782421273569963,1,0,0,0,99,0
1701712080,12,5,1,108,18.8,0.0,92,0,1,0,0,0,0,0,0.926818505417785,0.3755095977670121,-0.5587890488516163,-0.8293098328631502,0.956375928404503,-0.2921388087338362,0.8037844265516209,0.594920663309892,0.4500440737806176,0.8930063446890767,-0.23129381240202182,-0.9728839459794464,0.9931978518853749,-0.11643894112485227,0.7471408639355942,0.6646657275936332,0.40947177705329507,0.9123227848721178,0.20937671208599365,0.9778350537979598,1,0,0,0,99,0
1701712140,12,5,1,109,18.8,0.0,92,0,1,0,0,0,0,0,0.8167426066363169,-0.577002178942952,-0.8879758383376634,-0.4598901070131037,0.8543682189235223,-0.5196681118689583,0.8716846080633058,0.49006728524307847,0.5049419346602744,0.8631533135089845,-0.26157856037050853,-0.9651821883740356,0.99125732995374,-0.13194281266132774,0.7523107112959804,0.6588084650862769,0.413032404850832,0.9107163293491221,0.21128614560694461,0.977424250095403,1,0,0,0,99,0
1701712260,12,5,1,111,18.8,0.0,92,0,1,0,0,0,0,0,-0.8645514486106083,-0.5025443191453852,-0.8667595742607592,0.49872621790648564,0.500636485932415,-0.8656576164704166,0.9658306312367652,0.2591740568899436,0.608615618888497,0.7934652030460894,-0.3213524521097596,-0.9469596620358465,0.9866508151407586,-0.1628501427143272,0.7625123417736683,0.6469736692036518,0.4201346991122895,0.9074617537956219,0.21510258739073557,0.9765914585423174,1,0,0,0,99,0
1701712320,12,5,1,112,18.8,0.0,92,0,1,0,0,0,0,0,-0.8899956043668333,0.4559691044442761,-0.5215510020869119,0.8532201077225842,0.27090578830786904,-0.9626058663135666,0.9906073556948704,0.1367372182078336,0.6569865987187891,0.7539022543433046,-0.35078322768961984,-0.9364566872907963,0.9839859468739369,-0.17824605564949209,0.7675435022360271,0.6409968581633251,0.42367625720393803,0.9058136834259364,0.21700958109501015,0.9761694738686353,1,0,0,0,99,0
1701712380,12,5,1,113,18.8,0.0,92,0,1,0,0,0,0,0,-0.09718190589320902,0.9952666362171313,-0.04864855487508726,0.9988159580766447,0.02433148087720227,-0.9997039456950855,0.9999259836845639,0.012166640968536861,0.7027920599407278,0.7113953334709671,-0.37987146940052824,-0.9250392784825321,0.9810808525505256,-0.19359845236657747,0.7725278157990745,0.6349809239785958,0.4272113505171674,0.9041517914539007,0.2189157469736923,0.9757437654051141,1,0,0,0,99,0
1701712440,12,5,1,114,18.8,0.0,92,0,1,0,0,0,0,0,0.7849803886813105,0.6195206125592099,0.43616475524782494,0.8998668269691937,-0.22375564018679642,-0.9746452757206577,0.9936411011327626,-0.11259379263383548,0.7458531332084875,0.6661104290454266,-0.4085887730680895,-0.9127185845169985,0.9779362414076386,-0.2089035847981091,0.7774649782460008,0.6289262338310793,0.4307399251108032,0.9024761032379415,0.2208210777553385,0.9753143347757023,1,0,0,0,99,0
1701712500,12,5,1,115,18.8,0.0,92,0,1,0,0,0,0,0,0.9454353340247703,-0.3258098052199642,0.8141897215084345,0.580598912666927,-0.45793071928681145,-0.8889878831195976,0.9718507815296538,-0.23559723776012562,0.7860016659524729,0.618224377649359,-0.43690709673261263,-0.8995066363427673,0.9745528811569866,-0.2241577164155103,0.7823546882378575,0.6228331572678552,0.4342619271431383,0.9007866443469994,0.22272556617169098,0.9748811836185473,1,0,0,0,99,0
1701712560,12,5,1,116,18.8,0.0,92,0,1,0,0,0,0,0,0.23666139336428604,-0.9715921906288022,0.9928726480845371,0.11918013544881928,-0.6636338842129675,-0.7480575296890004,0.934895055524683,-0.354924266788705,0.8230808790115055,0.5679241732886948,-0.46479878803160896,-0.8854163352030204,0.9709315977974505,-0.2393571231413216,0.7871966473319489,0.616702066178912,0.4377773028727551,0.8990834405601384,0.2246292049577053,0.9744443135859889,1,0,0,0,99,0
1701712620,12,5,1,117,18.8,0.0,92,0,1,0,0,0,0,0,-0.689697940935389,-0.7240971967004738,0.9284657227653786,-0.37141809547969407,-0.8280755084772445,-0.5606165822201061,0.8833506048619953,-0.4687128213415406,0.8569459788520921,0.5154062371850283,-0.49223661120185463,-0.8704614400377044,0.967073275413426,-0.254498094258381,0.7919905600000485,0.610533334774449,0.44128599865934504,0.897366517866153,0.22653198685157808,0.9740037263445538,1,0,0,0,99,0
1701712680,12,5,1,118,18.8,0.0,92,0,1,0,0,0,0,0,-0.9819521690440836,0.1891294205289584,0.6367380071391379,-0.7710802229758452,-0.9410314083429535,-0.3383192109710552,0.8180217634546941,-0.5751872690824027,0.8874647229840752,0.46087565075494996,-0.5191937736746512,-0.8546565540481598,0.9629788559589872,-0.26957693331574223,0.7967361336464357,0.6043273395620364,0.4447879609645272,0.8956359024631707,0.22843390459477475,0.9735594235749482,1,0,0,0,99,0
1701712740,12,5,1,119,18.8,0.0,92,0,1,0,0,0,0,0,-0.3714041014380902,0.9284713207390763,0.18911462035089152,-0.9819550195245901,-0.9954785330494551,-0.09498678980629327,0.7399279660231438,-0.6726861118655962,0.9145179363647266,0.40454535477150383,-0.5456439522383145,-0.8380171104373418,0.9586493390279216,-0.2845899590311104,0.8014330786257547,0.598084459323635,0.44828313635266553,0.8938916207582536,0.2303349509320572,0.9731114069720521,1,0,0,0,99,0
1701712860,12,5,1,121,18.8,0.0,92,0,1,0,0,0,0,0,0.9988152247235795,-0.04866360920015389,-0.7241075918674496,-0.6896870271361664,-0.9191536942035773,0.3938990815322077,0.5505001900398365,-0.8348350380560844,0.9578191473488313,0.28737167740046654,-0.5969205653181726,-0.8023003419544537,0.949289297831397,-0.3144039265384152,0.8106799388594784,0.5854895701298123,0.4552529131538796,0.8903621651131107,0.2341344003845754,0.9722042391167379,1,0,0,0,99,0
1701712920,12,5,1,122,18.8,0.0,92,0,1,0,0,0,0,0,0.4987131538963941,-0.8667670910519801,-0.9661177700083929,-0.25810163593826746,-0.7931272394572851,0.6090559761063561,0.4421221685765394,-0.8969548417022889,0.9738980546500462,0.2269858567154693,-0.621696929091873,-0.7832578939006837,0.9442610586857545,-0.3291975896777772,0.8152292897331944,0.579138329901511,0.4587274082167366,0.8885770450280356,0.23603278900606633,0.9717450913248895,1,0,0,0,99,0
1701712980,12,5,1,123,18.8,0.0,92,0,1,0,0,0,0,0,-0.45990349068959124,-0.8879689066918555,-0.9715886235161092,0.23667603734656428,-0.617787974410896,0.7863447200008926,0.3268449785441926,-0.9450779650380419,0.9861739108894643,0.16571366111754054,-0.6458662163646817,-0.7634506078056198,0.9390022917452384,-0.3439108839469756,0.8197288832129119,0.5727517420545416,0.4621949036637349,0.8867783663505052,0.23793027723420868,0.9712822366208766,1,0,0,0,99,0
1701713040,12,5,1,124,18.8,0.0,92,0,1,0,0,0,0,0,-0.9956869868891794,-0.09277620459766088,-0.7391806966492228,0.6735071623235863,-0.404037645323065,0.9147423578045313,0.2064674819377966,-0.9784534628188842,0.9945987791111761,0.10379435721925297,-0.669404826237736,-0.7428978251479987,0.9335142808623762,-0.3585402173062328,0.8241784446666367,0.5663301963933087,0.46565534658516017,0.8849661565261433,0.23982685783066157,0.9708156767703494,1,0,0,0,99,0
1701713100,12,5,1,125,18.8,0.0,93,0,1,0,0,0,0,0,-0.6160404591886565,0.7877145121442345,-0.32579555541456173,0.9454402445803316,-0.165166212373579,0.9862657462824945,0.08286812933059823,-0.9965605215646701,0.99913976038507,0.04146973857724405,-0.6922897736579516,-0.7216196153712994,0.9277983658563156,-0.37308201821362325,0.8285777025160715,0.5598740848558614,0.469108684178911,0.8831404432070421,0.2417225235605465,0.9703454135530919,1,0,0,0,99,0
1701713160,12,5,1,126,18.8,0.0,93,0,1,0,0,0,0,0,0.329990825673782,0.9439841391523142,0.16735570030280691,0.9858965815825497,0.08397445569174683,0.9964679075571249,-0.04202435271884079,-0.999116586679734,0.9997791222764492,-0.021016818506448383,-0.7144987118625367,-0.6996367562862716,0.9218559421857278,-0.38753273649701414,0.832926388253192,0.5533838014899721,0.47255486375130445,0.8813012542513405,0.2436172671924749,0.9698714487630153,1,0,0,0,99,0
1701713220,12,5,1,127,18.8,0.0,93,0,1,0,0,0,0,0,0.972630067242408,0.23235910202965793,0.6195324438519512,0.784971051068018,0.3278939988258263,0.9447145206537312,-0.16626105879951092,-0.9860817716228536,0.9965143680908102,-0.08342130536363722,-0.7360099542002259,-0.6769707137817569,0.9156884606081254,-0.40188884422078897,0.8372242364566345,0.5468597424290853,0.4759938327178802,0.8794486177227995,0.24551108149857567,0.9693937842081513,1,0,0,0,99,0
1701713280,12,5,1,128,18.8,0.0,93,0,1,0,0,0,0,0,0.7210377105017316,-0.6928958219201651,0.9200260381967906,0.39185723042955,0.5514266812416906,0.8342233605065102,-0.2879033166650653,-0.9576594803233847,0.9893582466233818,-0.14550003380861354,-0.7568024953079283,-0.6536436208636119,0.9092974268256817,-0.4161468365471424,0.8414709848078965,0.5403023058681398,0.479425538604203,0.8775825618903728,0.24740395925452294,0.9689124217106447,1,0,0,0,99,0
1701713340,12,5,1,129,18.8,0.0,93,0,1,0,0,0,0,0,-0.19347339203846847,-0.9811055226493881,0.9952651713612277,-0.0971969067167568,0.740674323409674,0.6718642322981792,-0.4050529395658183,-0.914293233130974,0.9783387023753517,-0.20701058773529676,-0.7768560316221071,-0.6296782560422042,0.9026844011176343,-0.4303032325917363,0.8456663741073475,0.5337118920392648,0.48284992904666313,0.8757031152277766,0.24929589323956333,0.9684273631067475,1,0,0,0,99,0
1701713400,12,5,1,130,18.8,0.0,93,0,1,0,0,0,0,0,-0.9301059501867618,-0.3672913304546965,0.8268286794901035,-0.562453851238172,0.8838704235458307,0.4677318402470736,-0.5158818468181093,-0.8566597458288424,0.9634987664311881,-0.2677127697469413,-0.7961509812048658,-0.6050980210895829,0.8958509979593657,-0.44435457627350766,0.8498101482900483,0.5270889031873525,0.48626695179327556,0.8738103064130545,0.25118687623654373,0.9679386102468107,1,0,0,0,99,0
1701713460,12,5,1,131,18.8,0.0,93,0,1,0,0,0,0,0,-0.8116033871367004,0.5842088171092894,0.45595569022148996,-0.8900024767126464,0.9721117417027341,0.23451814779175792,-0.618660590391954,-0.7856583697103207,0.9448963884231754,-0.3273695391218304,-0.8146685028653773,-0.5799269181880462,0.8887988856282523,-0.4582974371584211,0.8539020544413806,0.520433743545506,0.48967655470447735,0.8719041643281404,0.25307690103193886,0.9674461649952778,1,0,0,0,99,0
1701713520,12,5,1,132,18.8,0.0,93,0,1,0,0,0,0,0,0.05308358714605824,0.9985900724399912,-0.026551154023966794,-0.99964745596635,0.9999118601072672,-0.013276747223059479,-0.711785342369123,-0.7023970575027135,0.9226042102393402,-0.3857479374522218,-0.8323905145579873,-0.5541895264924167,0.8815297857963782,-0.4721284112969602,0.8579418428124834,0.513746819310368,0.49307868575392305,0.8699847180584174,0.2549659604158785,0.9669500292306779,1,0,0,0,99,0
1701713580,12,5,1,133,18.8,0.0,93,0,1,0,0,0,0,0,0.8689657562142357,0.4948722204034305,-0.5025573497604873,-0.8645438740756395,0.9655423020447212,-0.2602461584004272,-0.7938029221413925,-0.6081750741355538,0.8967092823584335,-0.44261999834194465,-0.8492997110390256,-0.5279109781289149,0.8740454731102137,-0.48584412205515315,0.8619292668354965,0.5070285386173281,0.49647329302927856,0.8680519968922737,0.25685404718217525,0.9664502048456179,1,0,0,0,99,0
1701713640,12,5,1,134,18.8,0.0,93,0,1,0,0,0,0,0,0.8859248164599484,-0.4638288688518717,-0.8555199789753223,-0.5177697997895051,0.8711400001691764,-0.4910347239302405,-0.8634334728079056,-0.504462722145928,0.8673127239196736,-0.4977636376102979,-0.8653795807650819,-0.5011169336540635,0.8663477747573614,-0.4994412209389292,0.8658640831386093,0.5002793115156127,0.49986032473301345,0.8661060303206567,0.2587411541283521,0.9659466937467762,1,0,0,0,99,0
1701713700,12,5,1,135,18.8,0.0,93,0,1,0,0,0,0,0,0.08836868610400143,-0.9960878351411849,-0.999021480034635,-0.04422762066183892,0.7225744323811351,-0.6912931286141072,-0.919590432914052,-0.3928783980991401,0.8345293278546717,-0.5509635205260235,-0.8806144220162487,-0.4738335569975899,0.8584385700204732,-0.5129163884116056,0.8697460515609156,0.49349954994325695,0.503239729183191,0.8641468480366219,0.2606272740556695,0.9654394978548946,1,0,0,0,99,0
1701713760,12,5,1,136,18.8,0.0,93,0,1,0,0,0,0,0,-0.7904332067228887,-0.6125482394960996,-0.8979276806892913,0.4401430224960407,0.5290826861200238,-0.8485702747846052,-0.9613974918795568,-0.27516333805159693,0.7984871126234903,-0.6020119026848236,-0.8949893582285835,-0.4460874899137928,0.850319789818452,-0.5262663347043051,0.8735749351670712,0.4866896677019633,0.5066114548142574,0.8621744799348805,0.2625123997691533,0.964928619104771,1,0,0,0,99,0
1701713820,12,5,1,137,18.8,0.0,93,0,1,0,0,0,0,0,-0.9425144545582509,0.33416538263076073,-0.5769898687885426,0.8167513032223337,0.30269514100631545,-0.953087431252331,-0.9882022645319962,-0.1531544461445194,0.7593268223052967,-0.6507094412468135,-0.9084903525208217,-0.4179058259663213,0.8419934162350443,-0.5394878006191052,0.8773505002617554,0.4798500804318443,0.5099754501778275,0.860188956111343,0.2643965240776218,0.9644140594452528,1,0,0,0,99,0
1701713880,12,5,1,138,18.8,0.0,93,0,1,0,0,0,0,0,-0.2280522595008612,0.9736488930495181,-0.11478481378318722,0.9933903797222716,0.057487478104924564,-0.9983462274487422,-0.9995864713592172,-0.028755630329187164,0.7172013769957456,-0.6968659733660458,-0.9211042214011522,-0.38931608407176954,0.8334614820349437,-0.5525775583247253,0.8810725164039352,0.4729812055860543,0.5133316639434712,0.8581903068626603,0.26627963979371355,0.9638958208392285,1,0,0,0,99,0
1701713940,12,5,1,139,18.8,0.0,93,0,1,0,0,0,0,0,0.6960801312247417,0.717964101410472,0.375523566896625,0.926812845565509,-0.1912944777489552,-0.9815326906337631,-0.9953724656212274,0.09609190747986249,0.6722752756572777,-0.7403012587723536,-0.9328186476406745,-0.3603461816279218,0.8247260701675199,-0.5655324121445553,0.884740756420929,0.4660834624053104,0.5166800448994956,0.8561785626857608,0.26816173973391433,0.9633739052636211,1,0,0,0,99,0
1701714060,12,5,1,141,18.8,0.0,93,0,1,0,0,0,0,0,0.363171365373259,-0.9317223617435201,0.9827823669926928,0.18476693191217952,-0.6384485367231334,-0.7696645151987259,-0.9406552278063217,0.33936373171073697,0.5747330981809134,-0.8183409227549167,-0.9535043059039945,-0.301379393161745,0.8066533930883032,-0.5910247908667855,0.8919150158133861,0.4522030567860055,0.5233531041342903,0.8521159125336193,0.27192286357198864,0.9623190511814725,1,0,0,0,99,0
1701714120,12,5,1,142,18.8,0.0,93,0,1,0,0,0,0,0,-0.5877950071674065,-0.8090099069535975,0.9510546532543747,-0.3090227281660707,-0.8090187662119065,-0.587782813560387,-0.8910058399248534,0.45399184267980686,0.5224979221586403,-0.8526405581133842,-0.9624553387335394,-0.27144008720767066,0.7973205400614205,-0.6035560921705327,0.8954205973090336,0.4452212415358611,0.5266776805903868,0.8500650685494203,0.2738018731223179,0.9617861166988793,1,0,0,0,99,0
1701714180,12,5,1,143,18.8,0.0,93,0,1,0,0,0,0,0,-0.9983453608739179,0.05750252534912421,0.6864755912087755,-0.7271528468448447,-0.9292881272363391,-0.36935562345465606,-0.8274526039159754,0.5615355627853609,0.4682224029318968,-0.8836106503390961,-0.9704665502579407,-0.24123572461485038,0.7877930326598638,-0.6159400439105862,0.8988715269465893,0.43821225227588845,0.52999422059307,0.8480012536181443,0.2756798382017224,0.9612495132945827,1,0,0,0,99,0
1701714240,12,5,1,144,18.8,0.0,93,0,1,0,0,0,0,0,-0.49102159389846933,0.8711474010323434,0.25382336276203626,-0.9672505882738824,-0.9917788534431158,-0.12796368962740468,-0.7509872467716762,0.6603167082440802,0.4121184852417566,-0.9111302618846769,-0.977530117665097,-0.2107957994307797,0.7780731968879212,-0.6281736227227391,0.9022675940990952,0.4311765167986662,0.5333026735360201,0.8459244992310679,0.2775567516463363,0.9607092430155619,1,0,0,0,99,0
1701714300,12,5,1,145,18.8,0.0,93,0,1,0,0,0,0,0,0.4677451620451334,0.8838633737085002,-0.2409736772881011,-0.9705316516498831,-0.9926055741456128,0.1213844066388201,-0.6628029848156917,0.7487938323192908,0.35440525368616455,-0.9350919292559664,-0.9836391435013062,-0.1801500357258271,0.7681634057040947,-0.6402538419541788,0.905608591488116,0.4241144645292243,0.5366029889363158,0.8438348370769082,0.27943260629630523,0.9601653079227838,1,0,0,0,99,0
1701714360,12,5,1,146,18.8,0.0,93,0,1,0,0,0,0,0,0.9964691731217737,0.08395943674184847,-0.6767719568873076,-0.7361927182273159,-0.9317168878547055,0.36318540841606234,-0.5642759039618552,0.8255862790817391,0.29530807719927077,-0.9554020826546641,-0.9887876624065108,-0.14932835856818344,0.7580660784417752,-0.6521777523926344,0.9088943151963913,0.41702652649883415,0.5398951164352044,0.8417322990413384,0.2813073949958138,0.9596177100911952,1,0,0,0,99,0
1701714420,12,5,1,147,18.8,0.0,93,0,1,0,0,0,0,0,0.6090440218832924,-0.7931364191664784,-0.9468728581933475,-0.32160813176404734,-0.8128985581744033,0.582405300557933,-0.4569434863536556,0.889495728083596,0.23505772899056523,-0.9719814113663893,-0.9929706469393719,-0.11836086480254095,0.7477836802185981,-0.6639424429863854,0.9121245646802812,0.4099131353187006,0.5431790057988708,0.8396169172065021,0.2831811105931131,0.9590664516097157,1,0,0,0,99,0
1701714480,12,5,1,148,18.8,0.0,93,0,1,0,0,0,0,0,-0.3383333943242765,-0.9410263090291437,-0.9851462604682474,0.17171734183077755,-0.6435381333569995,0.7654140519453434,-0.34248061846961253,0.939524893748256,0.17388948538043356,-0.9847651734673236,-0.9961840124864793,-0.08727779366103493,0.737318721334619,-0.6755450415549525,0.9152991427820066,0.40277472515355744,0.5464546069192036,0.8374887238505236,0.28505374594054744,0.9585115345812286,1,0,0,0,99,0
1701714540,12,5,1,149,18.8,0.0,93,0,1,0,0,0,0,0,-0.9746486480944947,-0.22374095013558368,-0.7822215000035424,0.6230004212937645,-0.4341656243337532,0.9008330648055067,-0.22267345507995925,0.9748930876782097,0.11204220705116075,-0.9937034486400381,-0.998424621250908,-0.05610949723514686,0.7266737566594609,-0.6869827154903001,0.9184178557416826,0.3956117316951685,0.5497218698145597,0.8353477514470151,0.28692529389458227,0.9579529611225739,1,0,0,0,99,0
1701714600,12,5,1,150,18.8,0.0,93,0,1,0,0,0,0,0,-0.7148764296291646,0.6992508064783751,-0.38778163540943045,0.9217512697247493,-0.19779879963646227,0.9802426408101081,-0.09939154689884817,0.9950484010363788,0.04975740630107862,-0.998761333111264,-0.9996902853162234,-0.02488641083740215,0.7158513850085791,-0.698252672448376,0.9214805132091443,0.38842459213573494,0.5529807446305274,0.8331940326645814,0.288795747315831,0.9573907333645395,1,0,0,0,99,0
1701714660,12,5,1,151,18.8,0.0,93,0,1,0,0,0,0,0,0.20214988141565363,0.9793545963764285,0.1016006978902495,0.9948252601277343,0.050866196399306694,0.9987054771372125,0.025441333129256026,0.9996763168989281,-0.012721696055790868,-0.9999190759503811,-0.9999797687829443,0.006360976718196107,0.7048542485087977,-0.7093521610308227,0.9244869282555656,0.3812137451412117,0.5562311816406863,0.8310276003663211,0.29066509906908233,0.9568248534518533,1,0,0,0,99,0
1701714720,12,5,1,152,18.8,0.0,93,0,1,0,0,0,0,0,0.933320523748862,0.35904428689111606,0.5661076368981803,0.8243313311075577,0.2963685787093853,0.9550736440472949,0.14987720966295234,0.9887046181866692,-0.0751511204618093,-0.9971721561963784,-0.999292788975378,0.03760215288797655,0.6936850319532718,-0.7202784714566918,0.9274369173848677,0.37397963082453317,0.5594731312473669,0.8288484876093257,0.29253334202332754,0.9562553235431753,1,0,0,0,99,0
1701714780,12,5,1,153,18.8,0.0,93,0,1,0,0,0,0,0,0.8064005807754863,-0.5913696841443247,0.8920116826993705,0.45201234267200896,0.523444198233198,0.8520599575945371,0.2719743024675887,0.9623045145884273,-0.13728708135067327,-0.9905313005121108,-0.9976300167176484,0.06880661119358068,0.6823464621460344,-0.7310289362239981,0.9303303005449188,0.3667226907187513,0.5627065439824068,0.826656727644175,0.29440046905178757,0.9556821458110889,1,0,0,0,99,0
1701714840,12,5,1,154,18.8,0.0,93,0,1,0,0,0,0,0,-0.06192033725605731,-0.9980810948185003,0.9995201585807313,-0.03097503173121646,0.7179745927716441,0.6960693098638897,0.3898273272463786,0.9208879708911095,-0.1988869391248336,-0.9800224412969096,-0.9949930756786476,0.09994388101102124,0.6708413072362862,-0.7416009307609522,0.9331669011385242,0.35944336775008645,0.565931370507906,0.8244523539144292,0.29626647303194026,0.9551053224420931,1,0,0,0,99,0
1701714900,12,5,1,155,18.8,0.0,93,0,1,0,0,0,0,0,-0.8733119827746476,-0.48716134980334147,0.862311240157329,-0.506378638074642,0.8678648045849774,0.49680044380282007,0.5015972269646135,0.8651012784069909,-0.2597101476579314,-0.9656866154211187,-0.9913845407865504,0.13098355732472944,0.6591723760425913,-0.7519918740667114,0.9359465460342037,0.35214210621089365,0.5691475616169792,0.8222354000561195,0.2981313468455477,0.9545248556365935,1,0,0,0,99,0
1701714960,12,5,1,156,18.8,0.0,93,0,1,0,0,0,0,0,-0.8817846188147811,0.47165229356133864,0.5139784559875352,-0.8578030932449878,0.9637953862840878,0.26664293235993725,0.605539869719601,0.7958149698139441,-0.31951919362227366,-0.9475798039779932,-0.9868079357144411,0.16189533041753676,0.6473425173671444,-0.7621992293414946,0.9386690655767598,0.34481935173254513,0.5723550682345072,0.820005899897234,0.299995083378683,0.9539407476088947,1,0,0,0,99,0
1701715020,12,5,1,157,18.8,0.0,93,0,1,0,0,0,0,0,-0.0795485428747221,0.9968309933617175,0.039805820166669656,-0.9992074342602034,0.9998018389311463,0.01990685484696882,0.7000332653356665,0.7141102347841574,-0.378080523973295,-0.9257727136787294,-0.9812677294395066,0.19264901546759924,0.6353546193002774,-0.7722205046059057,0.941334293597632,0.33747555125823137,0.5755538414178853,0.8177638874572022,0.3018576755217579,0.9533530005871913,1,0,0,0,99,0
1701715080,12,5,1,158,18.8,0.0,93,0,1,0,0,0,0,0,0.7958240965274552,0.6055278749869898,-0.4441126687075084,-0.8959709467909631,0.9736454556949781,-0.22806693448309956,0.7836028759783554,0.6212620483809149,-0.43516545796919887,-0.9003505007442698,-0.9747693318791554,0.22321458202336397,0.6232116085153726,-0.782053253309314,0.943942067425039,0.330111153015682,0.5787438323577704,0.8155093969463755,0.30371911616954944,0.9527616168135594,1,0,0,0,99,0
1701715140,12,5,1,159,18.8,0.0,93,0,1,0,0,0,0,0,0.9395197317131483,-0.34249477911590703,-0.8192968873112808,-0.5733695234681091,0.8869525137988248,-0.46186062645125475,0.8549446258241684,0.5187192754991592,-0.49055108016436005,-0.8714124383720832,-0.9673190886083255,0.25356218332779523,0.610916449554358,-0.791695074927145,0.9464922278939074,0.3227266064898082,0.5819249923788253,0.8132424627655053,0.30557939822122726,0.9521665985439484,1,0,0,0,99,0
1701715200,12,5,1,160,18.8,0.0,93,0,1,0,0,0,0,0,0.21942525837900473,-0.9756293127952373,-0.9938886539233752,-0.11038724383904756,0.7451131604793488,-0.6669380616522619,0.9129452507276277,0.408082061813392,-0.5440211108893698,-0.8390715290764524,-0.9589242746631385,0.28366218546322625,0.5984721441039564,-0.8011436155469337,0.9489846193555862,0.3153223623952687,0.5850972729404622,0.8109631195052179,0.30743851458038085,0.9515679480481722,1,0,0,0,99,0
1701715260,12,5,1,161,18.8,0.0,93,0,1,0,0,0,0,0,-0.702407785577371,-0.7117747556357236,-0.9251418149764185,0.37962168297153187,0.5569462797382114,-0.8305485184417379,0.9566996703359257,0.2910768640396056,-0.5953667508185162,-0.8034540634160753,-0.9495930874369493,0.3134851962883771,0.5858817302628675,-0.8103965684429991,0.9514190896873468,0.30789887264895993,0.5882606256375825,0.8086714019454874,0.3092964581550463,0.9509656676099004,1,0,0,0,99,0
1701715320,12,5,1,162,18.8,0.0,93,0,1,0,0,0,0,0,-0.9784503507933796,0.20648222933781113,-0.6298879942744539,0.7766859820216312,0.33415117684842055,-0.9425194910508831,0.9855251115651197,0.16952950915565845,-0.6443874963266829,-0.7646991268321347,-0.9393346386757316,0.3430020941392817,0.5731482818000584,-0.8194516746395976,0.9537954903016678,0.30045659034243405,0.5914150022013163,0.8063673450551039,0.3111532218577337,0.95035975952665,1,0,0,0,99,0
1701715380,12,5,1,163,18.8,0.0,93,0,1,0,0,0,0,0,-0.35491017584493534,0.9349004048997503,-0.1804156244623088,0.9835904648022342,0.09058017221711874,-0.995889166725453,0.9989717630457462,0.04533670298194944,-0.690891922451714,-0.7229580565226276,-0.9281589455806122,0.3721840562660983,0.5602749074043482,-0.8283067234624195,0.9561136761553041,0.2929959697142441,0.5945603544997581,0.8040509839911409,0.3130087986054538,0.9497502261097759,1,0,0,0,99,0
1701715440,12,5,1,164,18.8,0.0,93,0,1,0,0,0,0,0,0.5949327780232085,0.803775459710974,0.31322878243308516,0.9496776978825432,-0.158622668804709,-0.9873392775238264,0.9968297942787993,-0.07956356727854007,-0.7346984304047954,-0.6783938504738453,-0.9160769210262436,0.40100258697803604,0.5472647499254653,-0.8369595530782943,0.9583735057581397,0.28551746612221973,0.5976966345387016,0.8017223540984184,0.3148631813197452,0.949137069684463,1,0,0,0,99,0
1701715500,12,5,1,165,18.8,0.0,93,0,1,0,0,0,0,0,0.9977972794498907,-0.06633693633562374,0.7301838591531669,0.6832507093535931,-0.397963120556671,-0.9174014141458452,0.979132629970487,-0.2032222746823719,-0.7756359567098382,-0.6311805309567257,-0.9031003629045682,0.429429545468913,0.5341209856067664,-0.8454080510229699,0.9605748411818232,0.2780215360156746,0.6008237944623721,0.7993814909089635,0.31671636292670174,0.9485202925897167,1,0,0,0,99,0
1701715560,12,5,1,166,18.8,0.0,93,0,1,0,0,0,0,0,0.48329156372825655,-0.875459459043705,0.9683644611001854,0.24954011797333814,-0.6125601529754697,-0.7904239741978156,0.9461564284508708,-0.3237097664592346,-0.8135446412026923,-0.5815024649736085,-0.889241942604376,0.45743717329617606,0.5208468233098019,-0.8536501547168418,0.9627175480681864,0.27050863690754695,0.6039417865541566,0.7970284301414683,0.31856833635699866,0.9478998971783541,1,0,0,0,99,0
1701715620,12,5,1,167,18.8,0.0,93,0,1,0,0,0,0,0,-0.47555018687189876,-0.8796885924951523,0.9694556700786149,-0.24526659730265726,-0.78907116196914,-0.6143017998904703,0.8984157723154882,-0.43914587559803503,-0.8482764512816665,-0.5295536443090374,-0.8745151926379088,0.48499812148654897,0.5074455037309183,-0.8616838519685015,0.964801495637445,0.26297922734647544,0.6070505632373322,0.7946632077007452,0.32041909454592027,0.9472758858169951,1,0,0,0,99,0
1701715680,12,5,1,168,18.8,0.0,93,0,1,0,0,0,0,0,-0.9971732887740798,-0.07513609089835323,0.7331903200732922,-0.6800234955873388,-0.9165215479156338,-0.39998531498835127,0.836655638536056,-0.5477292602242684,-0.8796957599716702,-0.47553692799599256,-0.858934493426592,0.5120854772418407,0.4939202986100892,-0.8695071814659844,0.9668265566961802,0.2554337668888117,0.6101500770757914,0.7922858596771786,0.3222686304333866,0.9466482608860534,1,0,0,0,99,0
1701715740,12,5,1,169,18.8,0.0,93,0,1,0,0,0,0,0,-0.6019998676776046,0.7984961861625556,0.31741440880766936,-0.9482869255037094,-0.9869870631127111,-0.16079968049764676,0.7618397733439909,-0.6477655129374955,-0.907679875544648,-0.4196632501557079,-0.8425150592587969,0.538672790218836,0.4802745099321658,-0.8771182332555959,0.9687926076451028,0.24787271607057126,0.6132402807747664,0.7898964223461742,0.3241169369639805,0.9460170247797273,1,0,0,0,99,0
1701715800,12,5,1,170,18.8,0.0,93,0,1,0,0,0,0,0,0.3466494554970303,0.9379947521194415,-0.1760756199485871,-0.9843766433940419,-0.996086503119594,0.08838369930580556,0.675135653292801,-0.7376936014721172,-0.9321195206281534,-0.36215079630444197,-0.8252729234333458,0.5647340983576067,0.4665114691207459,-0.8845151492081995,0.970699528486596,0.24029653637932502,0.616321127181551,0.7874949321676061,0.3259640070869742,0.9453821799059907,1,0,0,0,99,0
1701715860,12,5,1,171,18.8,0.0,93,0,1,0,0,0,0,0,0.9765908679435658,0.21510526876214117,-0.6264561960895026,-0.7794566276458689,-0.943254108829076,0.33207180876591375,0.5778962671769416,-0.8161102280837784,-0.9529192589311485,-0.3032241513437061,-0.8072249226032686,0.5902439532330229,0.45263453622485383,-0.8916961234728519,0.9725472028320404,0.23270569022603224,0.6193925692862192,0.7850814257852596,0.32780983375635664,0.944743728686584,1,0,0,0,99,0
1701715920,12,5,1,172,18.8,0.0,93,0,1,0,0,0,0,0,0.7086591401823227,-0.7055510066862999,-0.9234584470040598,-0.38369844494974187,-0.8317747426285983,0.5551133015206257,0.47163900309419615,-0.8817917275413242,-0.9699978679206785,-0.24311342256103,-0.7883886803350966,0.6151774449047079,0.4386470990986331,-0.898659402917676,0.9743355179089173,0.22510064091681745,0.6224545602223437,0.7826559400262728,0.32965440993086015,0.9441016735570044,1,0,0,0,99,0
1701715980,12,5,1,173,18.8,0.0,93,0,1,0,0,0,0,0,-0.2108105329134813,-0.9775269404025313,-0.9943658633527529,0.10600249902117563,-0.6685796515669709,0.7436405378343678,0.3580219701119138,-0.9337131620134654,-0.983288655994125,-0.18205334106592852,-0.7687825898997481,0.6395102262411726,0.4245525725742499,-0.9054032875578629,0.9760643645676915,0.2174818526246926,0.62550705326771,0.7802185119005741,0.3314977285739873,0.943456016966497,1,0,0,0,99,0
1701716040,12,5,1,174,18.8,0.0,93,0,1,0,0,0,0,0,-0.9364619742512132,-0.3507691132091307,-0.8218178366308225,0.5697503342653119,-0.4638155159838274,0.8859318072699817,0.23881812402958275,-0.9710643148808378,-0.9927397229084867,-0.1202823451699422,-0.7484257963118128,0.6632185366943757,0.41035439762821135,-0.9119261309706986,0.9777336372884741,0.20984979036122642,0.6285500018450296,0.7777691786003179,0.33333978265403763,0.9428067613780455,1,0,0,0,99,0
1701716100,12,5,1,175,18.8,0.0,93,0,1,0,0,0,0,0,-0.8011345951780408,0.5984842190140996,-0.44806014160260915,0.8940034169437217,-0.23021357807075407,0.9731401278705245,0.11588760099655933,-0.9932623338953623,-0.9983141624497176,-0.058041649290133286,-0.7273381776347689,0.6862792255014961,0.3960560405413001,-0.9182263406975145,0.9793432341874616,0.2022049199481623,0.6315833595226515,0.7753079774993168,0.3351805651441348,0.9421539092683628,1,0,0,0,99,0
1701716160,12,5,1,176,18.8,0.0,93,0,1,0,0,0,0,0,0.07075223608034517,0.9974939203271522,0.03539830273366068,0.9993732836951247,0.017701925105413577,0.9998433086476912,-0.008851309290403876,-0.9999608263946371,-0.9999902065507035,0.004425697988050785,-0.7055403255703919,0.70866977429126,0.3816609920523317,-0.9243023786324636,0.9808930570231557,0.19454770798898718,0.6346070800152693,0.7728349461524715,0.33702006902225307,0.9414974631278811,1,0,0,0,99,0
1701716220,12,5,1,177,18.8,0.0,93,0,1,0,0,0,0,0,0.8775897877771157,0.47941231147032193,0.5101900080017631,0.8600617162362019,0.2645168083164075,0.9643810751555119,-0.13345209785628734,-0.9910552646435797,-0.9977613102950975,0.06687576301030233,-0.6830535253513071,0.7303683190727478,0.3671727665059408,-0.9301527613980265,0.9823830112023585,0.1868786218404523,0.6376211171846285,0.7703501222951977,0.3388582872712443,0.9408374254607429,1,0,0,0,99,0
1701716280,12,5,1,178,18.8,0.0,93,0,1,0,0,0,0,0,0.8775753358042688,-0.4794387656291727,0.8600694058124533,0.5101770449416689,0.4948853175526281,0.8689582973139933,-0.25597041106933305,-0.9666846169547733,-0.9916361774750792,0.12906467960915324,-0.6598997349563215,0.7513536715852107,0.3525949009946041,-0.9357760607071574,0.9838130057859464,0.17919812958404827,0.6406254250402305,0.7678535438428503,0.3406952128788645,0.9401737987847912,1,0,0,0,99,0
1701716340,12,5,1,179,18.8,0.0,93,0,1,0,0,0,0,0,0.07072216723899125,-0.9974960526543551,0.9993738171110836,0.03538323999893738,0.6944842546815092,0.7195079012766077,-0.374494391629162,-0.9272291791344273,-0.9816387266032314,0.19074960139614014,-0.6361015636688295,0.7716053399880473,0.33793095449511035,-0.9411709037119792,0.9851829534944205,0.17150669999743565,0.6436199577400332,0.7653452488901449,0.34253083883780094,0.9395065856315603,1,0,0,0,99,0
1701716400,12,5,1,180,18.8,0.0,93,0,1,0,0,0,0,0,-0.8011526357338304,-0.5984600690578581,0.8939966636005579,-0.4480736161291702,0.8509035245341184,0.5253219888177297,-0.4871745124605095,-0.8733046400935156,-0.9678079975112615,0.2516896500717544,-0.6116822499992318,0.7911035488707386,0.32318450699968687,-0.9463359733389455,0.9864927707132337,0.16380480252583335,0.6466046695911524,0.7628252757105762,0.3443651581456984,0.9388357885462655,1,0,0,0,99,0
1701716460,12,5,1,181,18.8,0.0,93,0,1,0,0,0,0,0,-0.936451400117644,0.3507973420904214,0.5697379476169631,-0.8218264239151785,0.9544177345154423,0.29847409944986975,-0.5922524379646446,-0.8057524742282427,-0.9501979989002931,0.31164685605004694,-0.5866656389929246,0.8098292585632008,0.3083591586419959,-0.9512700086103841,0.987742377497894,0.15609290725336597,0.6495795150505572,0.7602936627558348,0.3461981638051863,0.9381614100877936,1,0,0,0,99,0
1701716520,12,5,1,182,18.8,0.0,93,0,1,0,0,0,0,0,-0.21078106590019152,0.9775332947055968,0.10598751175115685,-0.9943674609282015,0.9985908724117705,0.05306853621402457,-0.688088462258297,-0.7256268104935293,-0.9288774974380447,0.37038708772476847,-0.5610761589460167,0.8277641837276992,0.2934585288182137,-0.9559718049523478,0.9889316975788438,0.1483714848743724,0.652544448725766,0.7577504486552193,0.34802984882390525,0.9374834528286937,1,0,0,0,99,0
1701716580,12,5,1,183,18.8,0.0,93,0,1,0,0,0,0,0,0.7086804082392084,0.705529644294206,-0.38371236343503057,-0.9234526637284138,0.9806764664578257,-0.19563657157033057,-0.7731870962355524,-0.6341779830732337,-0.9039297492264633,0.42768096574828196,-0.5349387975515134,0.8448908112141716,0.27848625530340665,-0.9604402144886925,0.9900606583661156,0.14064100666467697,0.6554994253755387,0.7551956722150481,0.3498602062145335,0.9368019193551667,1,0,0,0,99,0
1701716640,12,5,1,184,18.8,0.0,93,0,1,0,0,0,0,0,0.9765843832906294,-0.21513470736462095,-0.7794660696158047,-0.626444447910339,0.9017883476488092,-0.4321779448847783,-0.8462204041751706,-0.5328330203333975,-0.8754521746884285,0.4833047587530059,-0.5082790774992584,0.8611924171615208,0.26344599336342084,-0.9646741463213163,0.9911291909537616,0.13290194445282522,0.6584443999105676,0.7526293724180665,0.3516892289948141,0.9361168122670553,1,0,0,0,99,0
1701716700,12,5,1,185,18.9,0.0,93,0,1,0,0,0,0,0,0.346621180094276,-0.9380052012169503,-0.9843792971250844,-0.17606078322989716,0.7668313971238714,-0.6418485868061496,-0.9060487257333762,-0.4231733765218757,-0.8435559781430856,0.537041257017617,-0.4811230315534598,0.876653083328182,0.2483414148625013,-0.9686725667964852,0.9921372301240603,0.12515477059128596,0.6613793273941642,0.7500515884228517,0.3535169101875809,0.9354281341778351,1,0,0,0,99,0
1701716760,12,5,1,186,18.9,0.0,93,0,1,0,0,0,0,0,-0.6020239375552833,-0.7984780389030324,-0.9482821412699473,0.31742870151970165,0.5841965844132856,-0.8116121923430246,-0.9517384599623535,-0.3069102537037296,-0.808365713555359,0.5886806206663637,-0.45349717713213844,0.8912577126360152,0.23317620736685893,-0.9724344997571855,0.9930847143514961,0.1173999579276213,0.6643041630429463,0.7474623595632162,0.3553432428207858,0.9347358877146036,1,0,0,0,99,0
1701716820,12,5,1,187,18.9,0.0,93,0,1,0,0,0,0,0,-0.997171023392149,0.07516615000819327,-0.6800124447360528,0.7332005694242856,0.365239257594056,-0.9309136827397816,-0.9825766338407864,-0.18585789902532845,-0.7700187981553854,0.6380211990892903,-0.4254284904133183,0.9049920439123458,0.21795407324440425,-0.9759590267814386,0.9939715858065156,0.10963797977562646,0.6672188622275204,0.7448617253476065,0.3571682199275248,0.9340400755180708,1,0,0,0,99,0
1701716880,12,5,1,188,18.9,0.0,93,0,1,0,0,0,0,0,-0.47552366901205834,0.879702927248347,-0.24525198546765434,0.9694593666699876,0.123573122745224,-0.9923354691509287,-0.9980820279793963,-0.061905293994420546,-0.72866497582717,0.6848703183835534,-0.39694437999324705,0.9178426658157577,0.20267872876086712,-0.9792452874065205,0.9947977903590559,0.10186930988644112,0.6701233804731629,0.7422497254585013,0.35899183454606504,0.9333407002425484,1,0,0,0,99,0
1701716940,12,5,1,189,18.9,0.0,93,0,1,0,0,0,0,0,0.48331795366796265,0.8754448901342752,0.24955471330524379,0.9683606998774462,-0.1257761903592125,-0.9920586423890088,-0.9980126858885634,0.06301332244450873,-0.6844657323619245,0.7290450337408892,-0.36807266012236683,0.9297970299320409,0.1873539031725241,-0.982292479339031,0.9955632775818498,0.09409442241963412,0.673017673460499,0.7396263997518051,0.360814079719871,0.9326377645559408,1,0,0,0,99,0
1701717000,12,5,1,190,18.9,0.0,93,0,1,0,0,0,0,0,0.9977992786806003,0.06630685835171127,0.683261714736121,0.7301735609948197,-0.36730534913419133,-0.9301004142012893,-0.9823696896284233,0.18694863706204273,-0.6375936648595081,0.7703728438431753,-0.3388415235451705,0.9408434630275048,0.17198333781575365,-0.9850998586507625,0.9962680007535027,0.08631379191426318,0.6759016970261789,0.7369917882562408,0.36263494849763117,0.931931271139734,1,0,0,0,99,0
1701717060,12,5,1,191,18.9,0.0,93,0,1,0,0,0,0,0,0.594908548461427,-0.8037933932096717,0.9496824188142243,0.31321446868745406,-0.5859972403145539,-0.8103130471266812,-0.9513971429236797,0.3079666807248138,-0.588231807740446,0.8086923644763854,-0.30927951397046544,0.9509711784476923,0.15657078519364281,-0.98766673996032,0.9969119168613444,0.07852789325991148,0.6787754071635509,0.734345931172738,0.3644544339332847,0.9312212226889854,1,0,0,0,99,0
1701717120,12,5,1,192,18.9,0.0,93,0,1,0,0,0,0,0,-0.3549383576518463,-0.9348897059372352,0.9835877454343449,-0.18043044929108396,-0.7682546613236668,-0.6401443394691997,-0.9055783620066239,0.424179007336997,-0.5365729180004349,0.8438539587324921,-0.27941549819892586,0.960170286650366,0.1411200080598672,-0.9899924966004454,0.9974949866040544,0.0707372016677029,0.6816387600233341,0.7316888688738209,0.36627252908604757,0.9305076219123143,1,0,0,0,99,0
1701717180,12,5,1,193,18.9,0.0,93,0,1,0,0,0,0,0,-0.9784565746221131,-0.20645273449087873,0.7766764881502719,-0.629899700551255,-0.9027457284726566,-0.43017455727224563,-0.8456283336289784,0.5337721624100279,-0.482818722498399,0.8757203213383905,-0.2492786379351523,0.9684318048624773,0.12563477850006885,-0.9920765607710116,0.9980171743940611,0.06294219264129754,0.6844917119142869,0.7290206419029908,0.36808922702043945,0.9297904715318905,1,0,0,0,99,0
1701717240,12,5,1,194,18.9,0.0,93,0,1,0,0,0,0,0,-0.7023863292684922,0.711795928940826,0.3796077390275217,-0.9251475365964139,-0.981108438603097,-0.1934586046207122,-0.7724825579327705,0.6350359814133715,-0.42717913021742326,0.904167014830051,-0.2188983613117615,0.9757476658516921,0.11011887701095537,-0.9939184236776407,0.9984784483597131,0.055143341947869365,0.6873342193038735,0.7263412909741086,0.3699045208063098,0.929069774283425,1,0,0,0,99,0
1701717300,12,5,1,195,18.8,0.0,94,0,1,0,0,0,0,0,0.21945466799406363,0.9756226979194443,-0.11040222389190282,-0.9938869900344416,-0.9984705779426957,0.05528566706461281,-0.6872824502835014,0.7263902763200416,-0.36987141257466655,0.9290829554781537,-0.18830433415331466,0.9821107258039069,0.09457609157734605,-0.9955176356559202,0.9988787803472252,0.04734112558906797,0.6901662388189284,0.7236508569707729,0.37171840351886476,0.9283455329161585,1,0,0,0,99,0
1701717360,12,5,1,196,18.8,0.0,94,0,1,0,0,0,0,0,0.9395300555699313,0.3424664577455166,-0.5733818719904229,-0.8192882452914593,-0.9537526527594719,0.3005925437436371,-0.5913575298651244,0.8064094939122546,-0.3111193549811273,0.9503708470676735,-0.157526431008143,0.987514771299061,0.07901021674738969,-0.9968738062811815,0.999218145922396,0.03953601977196579,0.692987727246318,0.7209493809456964,0.37353086823869297,0.9276177501928519,1,0,0,0,99,0
1701717420,12,5,1,197,18.8,0.0,94,0,1,0,0,0,0,0,0.7958058429196471,-0.6055518643146514,-0.8959776404338033,-0.44409916442465225,-0.8497350070535673,0.5272100319490078,-0.486204672977848,0.873844961062604,-0.2511523829644027,0.9679475608375188,-0.1265947059763584,0.9919545253784365,0.06342505270618003,-0.9979866044638166,0.9994965243721002,0.03172850087999289,0.6957986415336003,0.7182369041200796,0.3753419080517924,0.9268864288897749,1,0,0,0,99,0
1701717480,12,5,1,198,18.8,0.0,94,0,1,0,0,0,0,0,-0.07957859166428352,-0.9968285949694307,-0.9992068341863537,0.0398208803931389,-0.6928849542336957,0.7210481538680822,-0.3734647547841147,0.9276443698605846,-0.19020466626691288,0.9817444600965631,-0.0955393633625346,0.9954256526975189,0.04782440434799511,-0.998855758530109,0.9997138987055519,0.023919045443861007,0.6985989387896817,0.7155134678829815,0.37715151604959674,0.9261515717966962,1,0,0,0,99,0
1701717540,12,5,1,199,18.8,0.0,94,0,1,0,0,0,0,0,-0.8817988360675502,-0.47162571251991114,-0.857795346373455,0.5139913848889341,-0.49295467089331135,0.8700549939196184,-0.2548970440004961,0.9669681985255819,-0.12851420441806832,0.9917076682484567,-0.06439072818171633,0.997924763759387,0.03221208034738687,-0.9994810562885589,0.9998702556553423,0.016108130112478542,0.7013885762854716,0.7127791137906885,0.3789596853290014,0.9254131817168719,1,0,0,0,99,0
1701717660,12,5,1,201,18.8,0.0,94,0,1,0,0,0,0,0,-0.06189025071872073,0.9980829609135574,-0.030959966783271346,0.9995206253283515,-0.015481838903188173,0.9998801491499747,-0.00774115140096295,0.9999700368385982,-0.003870604694478365,0.9999925091815933,-0.0019353059714989746,0.9999981272936448,0.0009676534387822795,-0.9999995318233016,0.9999998829558185,0.0004838267760202487,0.7069357018937364,0.7072778190979907,0.3825716801476615,0.9239258138773888,1,0,0,0,99,0
1701717720,12,5,1,202,18.8,0.0,94,0,1,0,0,0,0,0,0.8064184068658303,0.591345375451585,0.45202578717835057,0.8920048697881602,0.23237376165548454,0.9726265649744922,0.11699024537436405,0.9931330638374931,0.05859580259074419,0.9982817898362899,0.029310494397997367,0.999570355161729,-0.014656821590492326,-0.9998925830212285,0.9999731453947223,-0.007328607602110553,0.7096931053638997,0.7045109624405745,0.3843754919082546,0.9231768417915862,1,0,0,0,99,0
1701717840,12,5,1,204,18.8,0.0,94,0,1,0,0,0,0,0,0.2021203593127912,-0.9793606896089245,0.9948267913584063,0.10158570369662134,0.6702291758433747,0.7421541968137826,0.3590583540221683,0.933315112063922,0.182599134631134,0.9831874470475918,0.09168574849017776,0.9957879912530557,-0.045891223272779696,-0.9989464428219001,0.9997365760093756,-0.022951657653640416,0.7151753832640076,0.6989450415971057,0.38797870972702503,0.9216683355733519,1,0,0,0,99,0
1701717900,12,5,1,205,18.9,0.0,93,0,1,0,0,0,0,0,-0.7148975077677644,-0.6992292566729738,0.9217454249067293,-0.3877955281633778,0.833005260536624,0.5532650684060137,0.4726176740209713,0.8812675724222507,0.24365182902837945,0.9698627666897649,0.12275429383576587,0.9924370928904676,-0.06149352449458594,-0.998107482411205,0.9995267586241013,-0.030761319776588504,0.7179001740411366,0.696146062340157,0.3897781020400216,0.9209088071954131,1,0,0,0,99,0
1701717960,12,5,1,206,18.9,0.0,93,0,1,0,0,0,0,0,-0.97464190312541,0.22377033018717848,0.6229886314423488,-0.7822308898871159,0.9439891127251193,0.32997659774057014,0.5788019532877502,0.8154681470604999,0.3037530682474665,0.95275079298327,0.15370297169659722,0.9881170965485999,-0.07708081295432778,-0.9970248483735498,0.9992559352772317,-0.03856910438712712,0.7206140105448711,0.6933364607507934,0.3915760074680308,0.9201457658302823,1,0,0,0,99,0
1701718020,12,5,1,207,18.9,0.0,93,0,1,0,0,0,0,0,-0.3383050275409778,0.9410365074429887,0.17170249351277814,-0.9851488485104646,0.9962802940213323,0.08617178044329644,0.6759542216587983,0.7369436140042521,0.36266815823542314,0.9319183478192314,0.18450156121394817,0.9828322206305692,-0.09264928323908087,-0.9956988050185078,0.9989241224984278,-0.04637453493832645,0.7233168513654049,0.6905162797000783,0.39337241915258986,0.9193792143887304,1,0,0,0,99,0
1701718080,12,5,1,208,18.9,0.0,93,0,1,0,0,0,0,0,0.6090679301910603,0.7931180595679168,-0.32162240316253093,-0.9468680107512125,0.9866275920404853,-0.16299078079570548,0.7625584504796027,0.6469193223286404,0.4201670368266409,0.9074467814501962,0.21511998808781552,0.9765876257280235,-0.10819513453010837,-0.9941296760805463,0.9985313405398316,-0.05417713502693632,0.7260086552607126,0.6876855622205048,0.39516733024093426,0.9186091557949183,1,0,0,0,99,0
1701718140,12,5,1,209,18.9,0.0,93,0,1,0,0,0,0,0,0.9964666417661079,-0.08398947462256867,-0.7362029185702026,-0.6767608607837156,0.9156311650396451,-0.40201936471784816,0.837263209724949,0.5468000709958585,0.4760251721307086,0.879431654819139,0.24552835394396,0.9693894095819128,-0.12371457153077643,-0.9923178446399905,0.9980776133748294,-0.061976428422463405,0.7286893811571785,0.684844351505339,0.39696073388602365,0.9178355929863853,1,0,0,0,99,0
1701718260,12,5,1,211,18.9,0.0,93,0,1,0,0,0,0,0,-0.491047853850463,-0.8711325991081119,-0.9672467624934477,0.2538379413049674,0.6108035931029845,-0.7917821484805551,0.9465152266288576,0.3226591479560474,0.5819539724256346,0.813221724979125,0.3055963637061761,0.9521611536339647,-0.15465905464284221,-0.9879679027260867,0.9969874379163678,-0.07756319125046778,0.7340174355049299,0.6791306239412018,0.4005429914870551,0.916277966542141,1,0,0,0,99,0
1701718320,12,5,1,212,18.9,0.0,93,0,1,0,0,0,0,0,-0.9983470937967718,-0.057472430847665464,-0.7271425000808527,0.6864865509069841,0.39592515018183416,-0.9182827862121189,0.979357643103917,0.20213512038718198,0.6316109877182386,0.775285470129288,0.33519735222008545,0.9421479369316923,-0.1700765461024943,-0.9854308542286699,0.9963510561615996,-0.08534970934727917,0.7366646826566614,0.6762581942766833,0.4023318317777731,0.9154939088483012,1,0,0,0,99,0
1701718380,12,5,1,213,18.9,0.0,93,0,1,0,0,0,0,0,-0.5877706198198406,0.8090276252864301,-0.30900839366720273,0.9510593107915064,0.15642999905467883,-0.9876890479274097,0.9969175111129831,0.07845684187051573,0.6788015756204033,0.7343217421098587,0.3644710262079424,0.9312147287575134,-0.1854525158126556,-0.9826532269212557,0.9956538622737461,-0.09313101813774066,0.7393006892116836,0.6733754457441478,0.4041191372948405,0.9147063588234609,1,0,0,0,99,0
1701718440,12,5,1,214,18.9,0.0,93,0,1,0,0,0,0,0,0.36319945137636067,0.9317114137542325,0.18478174456066745,0.9827795820412206,-0.09279121175730869,-0.9956855884367365,0.9989208147888241,-0.046445729422969886,0.7233414578962587,0.6904905034021214,0.39338880042387997,0.9193722052036709,-0.20078320995084364,-0.9796356989217142,0.9948958988059289,-0.10090664269087,0.7419254149477796,0.6704824223307908,0.4059049012202299,0.9139153194718838,1,0,0,0,99,0
1701718500,12,5,1,215,18.9,0.0,93,0,1,0,0,0,0,0,0.9802456219572225,0.19778402522372224,0.6333308672314487,0.7738811359710619,-0.3362431144491573,-0.9417752215818438,0.9853362932476007,-0.17062353064298638,0.7650567072586797,0.6439629140552325,0.4219224371521189,0.906631930293444,-0.21606488574795768,-0.9763790069162293,0.9940772120203313,-0.10867610842262153,0.7445388198148641,0.6675791681805906,0.4076891167417947,0.9131207938111449,1,0,0,0,99,0
1701718560,12,5,1,216,18.9,0.0,93,0,1,0,0,0,0,0,0.6960584883449115,-0.7179850839697136,0.926818505417785,0.3755095977670121,-0.5587890488516163,-0.8293098328631502,0.956375928404503,-0.2921388087338362,0.8037844265516209,0.594920663309892,0.4500440737806176,0.8930063446890767,-0.23129381240202182,-0.9728839459794464,0.9931978518853749,-0.11643894112485227,0.7471408639355942,0.6646657275936332,0.40947177705329507,0.9123227848721178,1,0,0,0,99,0
1701718620,12,5,1,217,18.9,0.0,93,0,1,0,0,0,0,0,-0.22808160941352784,-0.9736420181192547,0.9933886495524434,-0.1147997863254662,-0.7465921866472573,-0.665281975433926,0.9124916370668626,-0.4090953584227484,0.8393733848600241,0.5435552601057465,0.4777262500084402,0.8785087535436817,-0.24646627198900695,-0.9691513693803672,0.9922578720726702,-0.1241946669942652,0.749731507605978,0.6617421450254377,0.4112528753544237,0.9115212956989643,1,0,0,0,99,0
1701718680,12,5,1,218,18.9,0.0,93,0,1,0,0,0,0,0,-0.9425245273294025,-0.33413697099017103,0.8167426066363169,-0.577002178942952,-0.8879758383376634,-0.4598901070131037,0.8543682189235223,-0.5196681118689583,0.8716846080633058,0.49006728524307847,0.5049419346602744,0.8631533135089845,-0.26157856037050853,-0.9651821883740356,0.99125732995374,-0.13194281266132774,0.7523107112959804,0.6588084650862769,0.413032404850832,0.9107163293491221,1,0,0,0,99,0
1701718740,12,5,1,219,18.9,0.0,93,0,1,0,0,0,0,0,-0.7904147414931815,0.6125720663156844,0.44012948872139646,-0.8979343145007,-0.9741494532413135,-0.22590449917974179,0.7829126704747286,-0.6221316182369524,0.9005919215263238,0.4346656081190733,0.531664552081915,0.8469550189115929,-0.2766269880980588,-0.9609773719790682,0.9901962865965183,-0.1396829052191638,0.7548784356501264,0.6558647325404974,0.4148103587541557,0.9099078888932927,1,0,0,0,99,0
1701718860,12,5,1,221,18.9,0.0,93,0,1,0,0,0,0,0,0.8859387978787574,0.4638021630104179,-0.5177826942789717,-0.855512174960245,-0.9632009590319782,0.2687822771684872,0.6046559860083719,-0.7964867472747074,0.9477570224679708,0.31899314469537793,0.5835267154572368,0.8120939430556596,-0.3065175826476683,-0.9518649964820798,0.9878929588984021,-0.1551370418660872,0.7599792898053496,0.6499472894527343,0.41836151265817084,0.9082805980127326,1,0,0,0,99,0
1701718920,12,5,1,222,18.9,0.0,93,0,1,0,0,0,0,0,0.8689508382163492,-0.49489841458940237,-0.8645514486106083,-0.5025443191453852,-0.8667595742607592,0.49872621790648564,0.500636485932415,-0.8656576164704166,0.9658306312367652,0.2591740568899436,0.608615618888497,0.7934652030460894,-0.3213524521097596,-0.9469596620358465,0.9866508151407586,-0.1628501427143272,0.7625123417736683,0.6469736692036518,0.4201346991122895,0.9074617537956219,1,0,0,0,99,0
1701718980,12,5,1,223,18.9,0.0,93,0,1,0,0,0,0,0,0.05305348526993529,-0.9985916721566993,-0.9996478560364893,-0.026536087157875483,-0.7164272772437812,0.6976617779562402,0.38880472093569013,-0.9213201880877897,0.980132692059547,0.19834289993873028,0.6331102194962855,0.7740616577310655,-0.3361088679795094,-0.9418231409694353,0.9853484513027448,-0.17055330402921653,0.765033758741801,0.643990176932375,0.4219062828802298,0.9066394478877409,1,0,0,0,99,0
1701719040,12,5,1,224,18.9,0.0,93,0,1,0,0,0,0,0,-0.8116209973649744,-0.5841843515845697,-0.8899956043668333,0.4559691044442761,-0.5215510020869119,0.8532201077225842,0.27090578830786904,-0.9626058663135666,0.9906073556948704,0.1367372182078336,0.6569865987187891,0.7539022543433046,-0.35078322768961984,-0.9364566872907963,0.9839859468739369,-0.17824605564949209,0.7675435022360271,0.6409968581633251,0.42367625720393803,0.9058136834259364,1,0,0,0,99,0
1701719100,12,5,1,225,18.8,0.0,94,0,1,0,0,0,0,0,-0.9300948780045254,0.36731936773024515,-0.562441389066343,0.8268371568000089,-0.2942472117115055,0.9557293436951722,0.14877946146029003,-0.9888704019473866,0.997213718805399,0.0745975805660389,0.6802214416768855,0.7330066781981044,-0.3653719487056276,-0.9308616111426297,0.9825633850145825,-0.18592792804924488,0.7700415339607484,0.6379937585708637,0.42544461533150013,0.9049844635602491,1,0,0,0,99,0
1701719160,12,5,1,226,18.8,0.0,94,0,1,0,0,0,0,0,-0.19344381715900788,0.9811113543339269,-0.09718190589320902,0.9952666362171313,-0.04864855487508726,0.9988159580766447,0.02433148087720227,-0.9997039456950855,0.9999259836845639,0.012166640968536861,0.7027920599407278,0.7113953334709671,-0.37987146940052824,-0.9250392784825321,0.9810808525505256,-0.19359845236657747,0.7725278157990745,0.6349809239785958,0.4272113505171674,0.9041517914539007,1,0,0,0,99,0
1701719220,12,5,1,227,18.8,0.0,94,0,1,0,0,0,0,0,0.7210585970706318,0.6928740863898232,0.39187109718004004,0.9200201319508784,0.19997483347801748,0.9798010338713872,-0.1004961843270998,-0.9949374437298526,0.9987335589960549,-0.05031180910157879,0.724676413684611,0.6890893232732681,-0.3942782499242964,-0.9189911107495187,0.9795384399679061,-0.20125716043222083,0.7750023098134033,0.6319584003586705,0.4289764560213821,0.9033156702832821,1,0,0,0,99,0
1701719280,12,5,1,228,18.8,0.0,94,0,1,0,0,0,0,0,0.9726230624856244,-0.23238842122852268,0.7849803886813105,0.6195206125592099,0.43616475524782494,0.8998668269691937,-0.22375564018679642,-0.9746452757206577,0.9936411011327626,-0.11259379263383548,0.7458531332084875,0.6661104290454266,-0.4085887730680895,-0.9127185845169985,0.9779362414076386,-0.2089035847981091,0.7774649782460008,0.6289262338310793,0.4307399251108032,0.9024761032379415,1,0,0,0,99,0
1701719340,12,5,1,229,18.8,0.0,94,0,1,0,0,0,0,0,0.3299623697323973,-0.9439940860834779,0.98589910388525,0.16734084067633054,0.645236065065984,0.7639832592002035,-0.34352346411838924,-0.939144094162393,0.9846684960336634,-0.17443609981538652,0.766301539805117,0.6424810892876979,-0.42279954512292356,-0.9062232311322905,0.976274354659665,-0.21653725876591012,0.7799157835195766,0.625884470662953,0.4325017510583321,0.901633093520572,1,0,0,0,99,0
1701719460,12,5,1,231,18.8,0.0,94,0,1,0,0,0,0,0,-0.9956841897581032,0.09280621889587708,0.6734960211850264,-0.7391908477842096,0.9325210045313215,0.36111573782915524,-0.5651921187396569,-0.8249593134904155,0.9552380105215703,-0.295838373533239,0.8049342748116889,0.5933639803976818,-0.4509079837407618,-0.8925704399087172,0.9727719259694734,-0.23176449263345197,0.7847816551861582,0.619772340205074,0.4360204466506852,0.8999367589461701,1,0,0,0,99,0
1701719520,12,5,1,232,18.8,0.0,94,0,1,0,0,0,0,0,-0.4598767232321427,0.8879827697817494,0.23666139336428604,-0.9715921906288022,0.9928726480845371,0.11918013544881928,-0.6636338842129675,-0.7480575296890004,0.934895055524683,-0.354924266788705,0.8230808790115055,0.5679241732886948,-0.46479878803160896,-0.8854163352030204,0.9709315977974505,-0.2393571231413216,0.7871966473319489,0.616702066178912,0.4377773028727551,0.8990834405601384,1,0,0,0,99,0
1701719580,12,5,1,233,18.8,0.0,94,0,1,0,0,0,0,0,0.4987392818032813,0.8667520572726362,-0.2581161974066756,-0.9661138797451976,0.9914922792803779,-0.13016551051411895,-0.7517198648812332,-0.6594825583311059,0.9109013553429114,-0.41262418837781073,0.8404237587008743,0.5419297978623197,-0.47857611836450864,-0.8780460687977367,0.9690320089650643,-0.2469351445240868,0.789599627825421,0.6136223820379734,0.4395324891074758,0.8982266924440548,1,0,0,0,99,0
1701719640,12,5,1,234,18.8,0.0,94,0,1,0,0,0,0,0,0.9988166912028082,0.048633500538969116,-0.689697940935389,-0.7240971967004738,0.9284657227653786,-0.37141809547969407,-0.8280755084772445,-0.5606165822201061,0.8833506048619953,-0.4687128213415406,0.8569459788520921,0.5154062371850283,-0.49223661120185463,-0.8704614400377044,0.967073275413426,-0.254498094258381,0.7919905600000485,0.610533334774449,0.44128599865934504,0.897366517866153,1,0,0,0,99,0
1701719700,12,5,1,235,18.8,0.0,94,0,1,0,0,0,0,0,0.5805866409896446,-0.8141984723053474,-0.9524175744665119,-0.3047962661308802,0.8077116645594764,-0.5895777022026527,-0.8915093107204918,-0.4530023718466313,0.8523503891729713,-0.5229711407684791,0.8726314057975678,0.4883793910637103,-0.5057769315302397,-0.8626643006012565,0.9650555166935363,-0.2620455107407332,0.7943694073731481,0.6074349715233996,0.44303782483925697,0.8965029201077372,1,0,0,0,99,0
1701719760,12,5,1,236,18.8,0.0,94,0,1,0,0,0,0,0,-0.37143208943692263,-0.9284601245807608,-0.9819521690440836,0.1891294205289584,0.6367380071391379,-0.7710802229758452,-0.9410314083429535,-0.3383192109710552,0.8180217634546941,-0.5751872690824027,0.8874647229840752,0.46087565075494996,-0.5191937736746512,-0.8546565540481598,0.9629788559589872,-0.26957693331574223,0.7967361336464357,0.6043273395620364,0.4447879609645272,0.8956359024631707,1,0,0,0,99,0
1701719820,12,5,1,237,18.8,0.0,94,0,1,0,0,0,0,0,-0.9819578697820255,-0.18909982012986337,-0.7710706258605184,0.6367496289241701,0.42617506442530745,-0.9046407101507675,-0.9758690255743256,-0.21835669196206517,0.7804987802559544,-0.6251573034196812,0.9014314459291071,0.43292187319441294,-0.5324838621055041,-0.8464401553548877,0.9608434199584467,-0.27709190230419245,0.7990907027065802,0.6012104863089995,0.44653640035891834,0.8947654682398621,1,0,0,0,99,0
1701719880,12,5,1,238,18.8,0.0,94,0,1,0,0,0,0,0,-0.6896761131802671,0.7241179868699296,-0.3714041014380902,0.9284713207390763,0.18911462035089152,-0.9819550195245901,-0.9954785330494551,-0.09498678980629327,0.7399279660231438,-0.6726861118655962,0.9145179363647266,0.40454535477150383,-0.5456439522383145,-0.8380171104373418,0.9586493390279216,-0.2845899590311104,0.8014330786257547,0.598084459323635,0.44828313635266553,0.8938916207582536,1,0,0,0,99,0
1701719940,12,5,1,239,18.8,0.0,94,0,1,0,0,0,0,0,0.2366906812750767,0.9715850561826999,0.11919510018725629,0.9928708516677031,-0.05970405485516448,-0.9982161218062207,-0.9995539309627621,0.029865349435251595,0.696467748917618,-0.7175880954402921,0.9267114155551047,0.3757738046749054,-0.5586708312258188,-0.8293894756611352,0.9563967470828033,-0.29207064585375986,0.8037632256621846,0.5949493063052683,0.45002816228250186,0.8930143633518076,1,0,0,0,99,0
1701720060,12,5,1,241,18.8,0.0,94,0,1,0,0,0,0,0,0.7849617132764033,-0.6195442750039529,0.8998734008192355,0.4361511922464772,-0.5309655392553846,-0.8473934128391833,-0.9610914141847234,0.2762305080551537,0.6015685712970908,-0.7988211652351087,0.9483725969351678,0.3171583474897762,-0.5843122677602378,-0.8115289112193651,0.9517165836580145,-0.3069780845440232,0.8083866910532431,0.5886518136623622,0.45351305733001657,0.8912496321632796,1,0,0,0,99,0
1701720120,12,5,1,242,18.8,0.0,94,0,1,0,0,0,0,0,-0.09721190751822432,-0.9952637062792294,0.9988152247235795,-0.04866360920015389,-0.7241075918674496,-0.6896870271361664,-0.9191536942035773,0.3938990815322077,0.5505001900398365,-0.8348350380560844,0.9578191473488313,0.28737167740046654,-0.5969205653181726,-0.8023003419544537,0.949289297831397,-0.3144039265384152,0.8106799388594784,0.5854895701298123,0.4552529131538796,0.8903621651131107,1,0,0,0,99,0
1701720180,12,5,1,243,18.8,0.0,94,0,1,0,0,0,0,0,-0.8900093488562771,-0.4559422758951242,0.8532122467168191,-0.5215638619118831,-0.8722281415753229,-0.4890992425306529,-0.8628728882432953,0.5054209915849098,0.4972821173212898,-0.8675888979190864,0.9663304036195608,0.257304393744951,-0.6093831332811276,-0.7928759025676563,0.9468040722788575,-0.3218105789376289,0.8129608166872586,0.5823183927467734,0.4569910323262517,0.8894713016019048,1,0,0,0,99,0
1701720240,12,5,1,244,18.8,0.0,94,0,1,0,0,0,0,0,-0.8645362993442719,0.5025703802614231,0.4987131538963941,-0.8667670910519801,-0.9661177700083929,-0.25810163593826746,-0.7931272394572851,0.6090559761063561,0.4421221685765394,-0.8969548417022889,0.9738980546500462,0.2269858567154693,-0.621696929091873,-0.7832578939006837,0.9442610586857545,-0.3291975896777772,0.8152292897331944,0.579138329901511,0.4587274082167366,0.8885770450280356,1,0,0,0,99,0
1701720300,12,5,1,245,18.9,0.0,94,0,1,0,0,0,0,0,-0.04421256322855966,0.9990221465276736,0.0221116877728314,-0.9997555067434422,-0.9999388748177166,-0.011056519718198895,-0.7110051053678162,0.7031868458247073,0.3852357422249997,-0.9228181960236553,0.9805147107574815,0.19644567184891684,-0.6338589465137663,-0.7734486640524104,0.9416604122645303,-0.33656450789379855,0.8174853233831781,0.5759494301178713,0.46046203420158793,0.8876793988028199,1,0,0,0,99,0
1701720360,12,5,1,246,18.9,0.0,94,0,1,0,0,0,0,0,0.8167599996228085,0.5769775585030581,-0.45990349068959124,-0.8879689066918555,-0.9715886235161092,0.23667603734656428,-0.617787974410896,0.7863447200008926,0.3268449785441926,-0.9450779650380419,0.9861739108894643,0.16571366111754054,-0.6458662163646817,-0.7634506078056198,0.9390022917452384,-0.3439108839469756,0.8197288832129119,0.5727517420545416,0.4621949036637349,0.8867783663505052,1,0,0,0,99,0
1701720420,12,5,1,247,18.9,0.0,94,0,1,0,0,0,0,0,0.9268071855026884,-0.3755375359409301,-0.8293182549362247,-0.5587765492838215,-0.8828296974172939,0.4696932247308761,-0.5149304687378307,0.8572319478212639,0.2671778922167178,-0.9636472248238107,0.9908701289331036,0.13481983380828896,-0.6577158072418934,-0.7532661660423522,0.9362868593658549,-0.3512362694523786,0.8219599349884332,0.5695453145043077,0.46392600999280714,0.8858739511082566,1,0,0,0,99,0
1701720480,12,5,1,248,18.9,0.0,94,0,1,0,0,0,0,0,0.184752119221718,-0.982785151720906,-0.9956869868891794,-0.09277620459766088,-0.7391806966492228,0.6735071623235863,-0.404037645323065,0.9147423578045313,0.2064674819377966,-0.9784534628188842,0.9945987791111761,0.10379435721925297,-0.669404826237736,-0.7428978251479987,0.9335142808623762,-0.3585402173062328,0.8241784446666367,0.5663301963933087,0.46565534658516017,0.8849661565261433,1,0,0,0,99,0
1701720540,12,5,1,249,18.9,0.0,94,0,1,0,0,0,0,0,-0.727163193443649,-0.68646463135462,-0.9182768186539993,0.39593899065726024,-0.5495730203270262,0.8354456866419445,-0.28683994958692166,0.9579785192377605,0.14495082056035336,-0.9894388609807482,0.9973562204600591,0.07266752720181091,-0.6809304196458655,-0.7323481164042859,0.9306847254587038,-0.36582228171320713,0.8263843783957945,0.5631064367802915,0.46738290684390055,0.8840549860671256,1,0,0,0,99,0
1701720660,12,5,1,251,18.9,0.0,94,0,1,0,0,0,0,0,-0.3215938602925038,0.9468777054203809,-0.1629759101518061,0.9866300485542645,-0.08176170083154903,0.9966519072761223,-0.0409151116574164,0.9991626262216082,0.020461839829201516,-0.9997906346384747,0.999947657289739,0.010231455456709277,-0.7034801150506284,-0.710714941258698,0.9248553782237248,-0.38031898371058337,0.8307583835600407,0.556633189941732,0.4708326720068755,0.8822225314345956,1,0,0,0,99,0
1701720720,12,5,1,252,18.9,0.0,94,0,1,0,0,0,0,0,0.623012211003653,0.7822121099422712,0.329990825673782,0.9439841391523142,0.16735570030280691,0.9858965815825497,0.08397445569174683,0.9964679075571249,-0.04202435271884079,-0.999116586679734,0.9997791222764492,-0.021016818506448383,-0.7144987118625367,-0.6996367562862716,0.9218559421857278,-0.38753273649701414,0.832926388253192,0.5533838014899721,0.47255486375130445,0.8813012542513405,1,0,0,0,99,0
1701720780,12,5,1,253,18.9,0.0,94,0,1,0,0,0,0,0,0.9948237286710673,-0.10161569206079699,0.7421642985420401,0.6702179898880674,0.4060677345664961,0.9138429815586667,0.20755362974582411,0.9782236404725319,-0.10434644106884551,-0.994541009831302,0.9986343199167806,-0.05224456990299564,-0.7253428740612937,-0.6883877650339976,0.9188002408124406,-0.3947228362826266,0.8350816835144412,0.5501259690822519,0.47427525284255984,0.8803766151716695,1,0,0,0,99,0
1701720840,12,5,1,254,18.9,0.0,94,0,1,0,0,0,0,0,0.45199889806298343,-0.892018495407942,0.972630067242408,0.23235910202965793,0.6195324438519512,0.784971051068018,0.3278939988258263,0.9447145206537312,-0.16626105879951092,-0.9860817716228536,0.9965143680908102,-0.08342130536363722,-0.7360099542002259,-0.6769707137817569,0.9156884606081254,-0.40188884422078897,0.8372242364566345,0.5468597424290853,0.4759938327178802,0.8794486177227995,1,0,0,0,99,0
1701720900,12,5,1,255,18.9,0.0,93,0,1,0,0,0,0,0,-0.5063916349244909,-0.8623036078310824,0.9649620738223555,-0.2623893978125999,0.79447762643532,0.6072934225674604,0.44311769172113835,0.8964634467080798,-0.22752643065358386,-0.9737719051985634,0.9934213368955197,-0.11451658133527351,-0.7464973480647046,-0.6653883898388694,0.9125207914998072,-0.4090303229353116,0.8393540143870498,0.5435851713690728,0.4777105968214057,0.8785172654447586,1,0,0,0,99,0
1701720960,12,5,1,256,18.9,0.0,93,0,1,0,0,0,0,0,-0.9992080341070627,-0.03979075993115771,0.7210377105017316,-0.6928958219201651,0.9200260381967906,0.39185723042955,0.5514266812416906,0.8342233605065102,-0.2879033166650653,-0.9576594803233847,0.9893582466233818,-0.14550003380861354,-0.7568024953079283,-0.6536436208636119,0.9092974268256817,-0.4161468365471424,0.8414709848078965,0.5403023058681398,0.479425538604203,0.8775825618903728,1,0,0,0,99,0
1701721020,12,5,1,257,18.9,0.0,93,0,1,0,0,0,0,0,-0.5733571748155426,0.8193055291449822,0.3005781685810014,-0.953757183235068,0.9883716869768853,0.1520572536331825,0.6511308418308941,0.7589654977774624,-0.3471559463861577,-0.9378074156716458,0.9843290648130953,-0.17634140796811468,-0.7669228800759939,-0.6417392741728861,0.9060185633233147,-0.4232379507009703,0.8435751154168105,0.5370111960187747,0.48113865152429053,0.8766445106252518,1,0,0,0,99,0
1701721080,12,5,1,258,18.9,0.0,93,0,1,0,0,0,0,0,0.37963562682930313,0.9251360931462582,-0.19347339203846847,-0.9811055226493881,0.9952651713612277,-0.0971969067167568,0.740674323409674,0.6718642322981792,-0.4050529395658183,-0.914293233130974,0.9783387023753517,-0.20701058773529676,-0.7768560316221071,-0.6296782560422042,0.9026844011176343,-0.4303032325917363,0.8456663741073475,0.5337118920392648,0.48284992904666313,0.8757031152277766,1,0,0,0,99,0
1701721140,12,5,1,259,18.9,0.0,93,0,1,0,0,0,0,0,0.9835931839466808,0.18040079959254857,-0.6401559186664806,-0.7682450128678183,0.9402778878788489,-0.34040783417261544,0.8186598298965864,0.5742787501846923,-0.46136820968468756,-0.8872087550809822,0.9713930087974131,-0.23747762517658147,-0.7865995249097795,-0.6174635109961635,0.8992951437087169,-0.4373422509910497,0.8477447289694727,0.5304044442729295,0.4845593646433172,0.8747583792890838,1,0,0,0,99,0
1701721260,12,5,1,261,18.9,0.0,93,0,1,0,0,0,0,0,-0.24528120908194284,-0.9694519732670104,-0.992333606522275,0.12358807938670624,0.6619712684902925,-0.7495292120346966,0.935288514853758,0.3538861313793629,-0.5683809763796802,-0.8227654986019294,0.9546636838703799,-0.297686497340802,-0.8055080686562991,-0.5925848051794772,0.8923521740824856,-0.45133978044291795,0.8518626005533163,0.5237653193736113,0.48797268398261223,0.8728589002162982,1,0,0,0,99,0
1701721320,12,5,1,262,18.9,0.0,93,0,1,0,0,0,0,0,-0.9482917095220488,-0.31740011602352985,-0.8116033871367004,0.5842088171092894,0.45595569022148996,-0.8900024767126464,0.9721117417027341,0.23451814779175792,-0.618660590391954,-0.7856583697103207,0.9448963884231754,-0.3273695391218304,-0.8146685028653773,-0.5799269181880462,0.8887988856282523,-0.4582974371584211,0.8539020544413806,0.520433743545506,0.48967655470447735,0.8719041643281404,1,0,0,0,99,0
1701721380,12,5,1,263,18.9,0.0,93,0,1,0,0,0,0,0,-0.7794471854988634,0.6264679441263539,-0.4321643529223842,0.9017948614087224,0.22159099552021236,-0.9751396980455473,0.9937654899536277,0.11149058694448753,-0.6665243480382065,-0.7454832616982381,0.9342064176878251,-0.35673291010345676,-0.8236300474434674,-0.5671274503568591,0.8851913494710788,-0.46522712176051223,0.855928478834684,0.5170942265387846,0.49137855745912207,0.8709461023906085,1,0,0,0,99,0
1701721440,12,5,1,264,18.9,0.0,93,0,1,0,0,0,0,0,0.10601748626711377,0.9943642655514137,0.05308358714605824,0.9985900724399912,-0.026551154023966794,-0.99964745596635,0.9999118601072672,-0.013276747223059479,-0.711785342369123,-0.7023970575027135,0.9226042102393402,-0.3857479374522218,-0.8323905145579873,-0.5541895264924167,0.8815297857963782,-0.4721284112969602,0.8579418428124834,0.513746819310368,0.49307868575392305,0.8699847180584174,1,0,0,0,99,0
1701721500,12,5,1,265,18.8,0.0,94,0,1,0,0,0,0,0,0.8940101700837942,0.44804666697426215,0.5253348137263215,0.8508956066916382,-0.2730424814093603,-0.9620019767889353,0.9904549401131116,-0.1378369021907137,-0.7542668301704357,-0.6565680078290772,0.9101010954364018,-0.41438628848631254,-0.8409477654665337,-0.5411163052032749,0.8778144180871248,-0.4790008845486223,0.8599421156533218,0.510391572937572,0.4947769331034077,0.8690200149989562,1,0,0,0,99,0
1701721560,12,5,1,266,18.8,0.0,94,0,1,0,0,0,0,0,0.8600540264645697,-0.510202970945957,0.8689657562142357,0.4948722204034305,-0.5025573497604873,-0.8645438740756395,0.9655423020447212,-0.2602461584004272,-0.7938029221413925,-0.6081750741355538,0.8967092823584335,-0.44261999834194465,-0.8492997110390256,-0.5279109781289149,0.8740454731102137,-0.48584412205515315,0.8619292668354965,0.5070285386173281,0.49647329302927856,0.8680519968922737,1,0,0,0,99,0
1701721620,12,5,1,267,18.8,0.0,94,0,1,0,0,0,0,0,0.035368177256176046,-0.9993743503000143,0.9998435753406666,0.01768685528840119,-0.7008256362004742,-0.713332620622526,0.9255626992869057,-0.3785943603498829,-0.8302392306889271,-0.5574072297925984,0.8824418478836433,-0.47042149728057797,-0.857444312267735,-0.5145767691605511,0.8702231809026209,-0.49265770614060683,0.8639032660375254,0.5036577676654025,0.49816775906043814,0.867080667431065,1,0,0,0,99,0
1701721680,12,5,1,268,18.8,0.0,94,0,1,0,0,0,0,0,-0.8218350110128397,-0.5697255608391865,0.8859248164599484,-0.4638288688518717,-0.8555199789753223,-0.5177697997895051,0.8711400001691764,-0.4910347239302405,-0.8634334728079056,-0.504462722145928,0.8673127239196736,-0.4977636376102979,-0.8653795807650819,-0.5011169336540635,0.8663477747573614,-0.4994412209389292,0.8658640831386093,0.5002793115156127,0.49986032473301345,0.8661060303206567,1,0,0,0,99,0
1701721740,12,5,1,269,18.8,0.0,94,0,1,0,0,0,0,0,-0.9234468802429867,0.3837262818331512,0.5551007648016929,-0.8317831092998796,-0.9570222331011646,-0.2900145605828441,0.8031234527091224,-0.5958126548744814,-0.8932560256932167,-0.44954829836488014,0.8513366837993298,-0.5246197201950761,-0.8731035792490706,-0.48753475763525,0.862419491209252,-0.5061942524193405,0.8678116882190918,0.4968932217190427,0.501550983590381,0.8651280892789931,1,0,0,0,99,0
1701721860,12,5,1,271,18.8,0.0,94,0,1,0,0,0,0,0,0.7332108186087175,0.6800013937302882,-0.3999991289176214,-0.916515519162193,-0.9789064100214568,0.2043091784989199,0.630749879707115,-0.7759862042906819,-0.9423338591737755,-0.33467431609649856,0.8169070681835537,-0.5767693143291786,-0.8879102754020753,-0.46001667669271595,0.8544052541659362,-0.5196072186311907,0.8716671436480758,0.49009834797151136,0.5049265550693925,0.8631623103366803,1,0,0,0,99,0
1701721920,12,5,1,272,18.8,0.0,94,0,1,0,0,0,0,0,0.9683569384347241,-0.24956930858045798,-0.7904332067228887,-0.6125482394960996,-0.8979276806892913,0.4401430224960407,0.5290826861200238,-0.8485702747846052,-0.9613974918795568,-0.27516333805159693,0.7984871126234903,-0.6020119026848236,-0.8949893582285835,-0.4460874899137928,0.850319789818452,-0.5262663347043051,0.8735749351670712,0.4866896677019633,0.5066114548142574,0.8621744799348805,1,0,0,0,99,2
1701721980,12,5,1,273,18.8,0.0,94,0,1,0,0,0,0,0,0.3132001548706699,-0.9496871395301657,-0.9873416682005692,-0.15860778743465642,-0.7611201572139107,0.6486109051524434,0.4191593341723149,-0.9079126899521901,-0.9767068879536455,-0.2145778530601538,0.7792874479484941,-0.6266666366338032,-0.9018499422392295,-0.4320493972719999,0.8461824263337073,-0.5328933301928258,0.8754693970073499,0.4832735611468799,0.5082944219904051,0.8611833605994951,1,0,0,0,99,6
1701722040,12,5,1,274,18.8,0.0,94,0,1,0,0,0,0,0,-0.6299114066849614,-0.7766669941024745,-0.9425144545582509,0.33416538263076073,-0.5769898687885426,0.8167513032223337,0.30269514100631545,-0.953087431252331,-0.9882022645319962,-0.1531544461445194,0.7593268223052967,-0.6507094412468135,-0.9084903525208217,-0.4179058259663213,0.8419934162350443,-0.5394878006191052,0.8773505002617554,0.4798500804318443,0.5099754501778275,0.860188956111343,1,0,0,0,99,11
1701722100,12,5,1,275,18.8,0.0,94,0,1,0,0,0,0,0,-0.9938853259197261,0.11041720391967796,-0.6669268310993051,0.7451232126030157,-0.3569851449269173,0.9341100611285096,0.1815074914039231,-0.9833895619561226,-0.995838732415074,-0.09113297439422614,0.7386247269061015,-0.6741168391331631,-0.9149089679124266,-0.4036602289468439,0.8377530151980487,-0.5460493434906575,0.8792182162269665,0.47641927779496,0.5116545329639131,0.8591912702637754,1,0,0,0,99,17
1701722160,12,5,1,276,18.8,0.0,94,0,1,0,0,0,0,0,-0.4440856600409099,0.8959843338731037,-0.2280522595008612,0.9736488930495181,-0.11478481378318722,0.9933903797222716,0.057487478104924564,-0.9983462274487422,-0.9995864713592172,-0.028755630329187164,0.7172013769957456,-0.6968659733660458,-0.9211042214011522,-0.38931608407176954,0.8334614820349437,-0.5525775583247253,0.8810725164039352,0.4729812055860543,0.5133316639434712,0.8581903068626603,1,0,0,0,99,17
1701722220,12,5,1,277,18.8,0.0,94,0,1,0,0,0,0,0,0.5140043136735694,0.8577875993070563,0.2666574588239974,0.9637913672852274,0.13455228113037063,0.9909064959130168,-0.06742960806271654,-0.9977240339675638,-0.9994308465240513,0.033734003856911096,0.6950776921118563,-0.7189346298019421,-0.9270746005047118,-0.3748768932583455,0.8291190786787943,-0.5590720466727229,0.8829133724983225,0.46953591626587904,0.515006836718757,0.857186069726369,1,0,0,0,99,17
1701722280,12,5,1,278,18.8,0.0,94,0,1,0,0,0,0,0,0.99952109184891,0.030944901828293042,0.6960801312247417,0.717964101410472,0.375523566896625,0.926812845565509,-0.1912944777489552,-0.9815326906337631,-0.9953724656212274,0.09609190747986249,0.6722752756572777,-0.7403012587723536,-0.9328186476406745,-0.3603461816279218,0.8247260701675199,-0.5655324121445553,0.884740756420929,0.4660834624053104,0.5166800448994956,0.8561785626857608,1,0,0,0,99,17
1701722340,12,5,1,279,18.8,0.0,94,0,1,0,0,0,0,0,0.5660827877060443,-0.8243483956816764,0.9550781108583937,0.2963541836370153,0.5931466160920859,0.8050944614258054,-0.3121742610900157,-0.9500248579447291,-0.9874271765413207,0.1580745742604909,0.6488163938047147,-0.7609449961266882,-0.9383349604823131,-0.3457274966453434,0.8202827246277175,-0.571958260432812,0.8865546402881246,0.4626238966845466,0.5183512821029063,0.8551677895841688,1,0,0,0,99,17
1701722460,12,5,1,281,18.8,0.0,94,0,1,0,0,0,0,0,-0.9851514363288851,-0.17168764515577298,0.7654043523379563,-0.6435496697397284,0.9065179727230256,0.4221672241305995,-0.5375094305542,-0.8432577376255137,-0.9600150357222312,0.27994844380214573,0.6000214813645651,-0.7999838885259333,-0.9486790522948035,-0.31624050299895706,0.8112461103139285,-0.5847048387866493,0.8901417973521548,0.4556836409250121,0.5216878180842389,0.8531364606336469,1,0,0,0,99,17
1701722520,12,5,1,282,18.8,0.0,94,0,1,0,0,0,0,0,-0.6767497645263835,0.7362131187458456,0.363171365373259,-0.9317223617435201,0.9827823669926928,0.18476693191217952,-0.6384485367231334,-0.7696645151987259,-0.9406552278063217,0.33936373171073697,0.5747330981809134,-0.8183409227549167,-0.9535043059039945,-0.301379393161745,0.8066533930883032,-0.5910247908667855,0.8919150158133861,0.4522030567860055,0.5233531041342903,0.8521159125336193,1,0,0,0,99,17
1701722580,12,5,1,283,18.8,0.0,94,0,1,0,0,0,0,0,0.253852519790234,0.9672429364932829,-0.12797863787897792,-0.9917769246391254,0.9979421137117938,-0.06412127322844811,-0.7294248670111433,-0.6840609354332229,-0.9176221813560369,0.3974538115094489,0.5488834978802656,-0.8358988609602985,-0.9580967751120705,-0.2864447058680798,0.8020114418972087,-0.5973086698399414,0.8936746247488349,0.4487155725847157,0.525016393751321,0.8510921138703835,1,0,0,0,99,17
1701722640,12,5,1,284,18.8,0.5,94,0,1,0,0,0,0,0,0.9510639681125854,0.3089940590981371,-0.5877950071674065,-0.8090099069535975,0.9510546532543747,-0.3090227281660707,-0.8090187662119065,-0.587782813560387,-0.8910058399248534,0.45399184267980686,0.5224979221586403,-0.8526405581133842,-0.9624553387335394,-0.27144008720767066,0.7973205400614205,-0.6035560921705327,0.8954205973090336,0.4452212415358611,0.5266776805903868,0.8500650685494203,0,1,0,0,99,17
1701722700,12,5,1,285,18.8,0.5,94,0,1,0,0,0,0,0,0.7738715902084317,-0.6333425312327234,-0.9036986586337072,-0.428169048838935,0.8450352208159536,-0.5347106465935876,-0.8759881981492638,-0.4823325374709923,-0.860910139756465,0.5087570454200157,0.4956021360829594,-0.8685496662310151,-0.966578932687604,-0.2563692003429672,0.7925809738894087,-0.609766676548101,0.8971529068525892,0.4417201169586342,0.5283369583141831,0.8490347804885953,0,1,0,0,99,17
1701722760,12,5,1,286,18.8,0.5,94,0,1,0,0,0,0,0,-0.11481475884166603,-0.9933869191569467,-0.9983453608739179,0.05750252534912421,0.6864755912087755,-0.7271528468448447,-0.9292881272363391,-0.36935562345465606,-0.8274526039159754,0.5615355627853609,0.4682224029318968,-0.8836106503390961,-0.9704665502579407,-0.24123572461485038,0.7877930326598638,-0.6159400439105862,0.8988715269465893,0.43821225227588845,0.52999422059307,0.8480012536181443,0,1,0,0,99,17
1701722820,12,5,1,287,18.8,0.5,94,0,1,0,0,0,0,0,-0.8979409481081247,-0.4401159548467677,-0.8485623002604958,0.529095475861036,0.48523423423072903,-0.8743842049868684,-0.9680868259063513,-0.2506150384684961,-0.7907638833648436,0.6121212957950017,0.4403854585502332,-0.8978088036422348,-0.9741172423384761,-0.22604335464437486,0.7829570086040404,-0.6220758174674632,0.9005764313670059,0.43469770101332306,0.5316494611050955,0.8469644918806583,0,1,0,0,99,17
1701722880,12,5,1,288,18.8,0.5,94,0,1,0,0,0,0,0,-0.8555043707508208,0.5177955886508133,-0.49102159389846933,0.8711474010323434,0.25382336276203626,-0.9672505882738824,-0.9917788534431158,-0.12796368962740468,-0.7509872467716762,0.6603167082440802,0.4121184852417566,-0.9111302618846769,-0.977530117665097,-0.2107957994307797,0.7780731968879212,-0.6281736227227391,0.9022675940990952,0.4311765167986662,0.5333026735360201,0.8459244992310679,0,1,0,0,99,17
1701722940,12,5,1,289,18.8,0.5,94,0,1,0,0,0,0,0,-0.026521020285755953,0.9996482558795381,-0.013261676373330016,0.9999120601031718,0.006630983970279104,-0.9999780147841181,-0.9999945036809248,-0.0033155102082415536,-0.7082780210511411,0.705933598078374,0.38344908522620447,-0.9235620168885179,-0.9807043430332401,-0.1954967814459897,0.7731418955942013,-0.6342330874978104,0.9039449893377943,0.42764875336085667,0.534953851579341,0.8448812796366294,0,1,0,0,99,17
1701723060,12,5,1,291,18.8,0.5,94,0,1,0,0,0,0,0,0.9200142254959646,-0.3918849638415085,0.8342316716121213,0.5514141076171752,-0.47359576242974594,-0.8807423311097222,-0.9697273666112869,0.2441901604183487,-0.6147397171086522,0.7887300426693371,0.3250153514302539,-0.9457087402232617,-0.9863338025798521,-0.16475930895815624,0.7631380310789642,-0.6462355186160244,0.907258375165538,0.42057370423266816,0.5382500793159867,0.8427851755437645,0,1,0,0,99,17
1701723120,12,5,1,292,18.8,0.5,94,0,1,0,0,0,0,0,0.16732598101183924,-0.9859016259639831,0.9964691731217737,0.08395943674184847,-0.6767719568873076,-0.7361927182273159,-0.9317168878547055,0.36318540841606234,-0.5642759039618552,0.8255862790817391,0.29530807719927077,-0.9554020826546641,-0.9887876624065108,-0.14932835856818344,0.7580660784417752,-0.6521777523926344,0.9088943151963913,0.41702652649883415,0.5398951164352044,0.8417322990413384,0,1,0,0,99,17
1701723180,12,5,1,293,18.8,0.5,94,0,1,0,0,0,0,0,-0.739200998751274,-0.6734848798934681,0.9147362679738538,-0.40405143243560715,-0.8378697489573207,-0.5458702078170199,-0.8791672786839316,0.4765132695859477,-0.5116086054857034,0.859218618742037,0.2653124396423611,-0.9641624911657881,-0.9910001239065988,-0.13386095180113555,0.752947857358375,-0.6580801806006866,0.9105163866182439,0.4134729854532902,0.5415380940186525,0.8406762115860333,0,1,0,0,99,17
1701723240,12,5,1,294,18.8,0.5,94,0,1,0,0,0,0,0,-0.9661099892625297,0.2581307588164473,0.6090440218832924,-0.7931364191664784,-0.9468728581933475,-0.32160813176404734,-0.8128985581744033,0.582405300557933,-0.4569434863536556,0.889495728083596,0.23505772899056523,-0.9719814113663893,-0.9929706469393719,-0.11836086480254095,0.7477836802185981,-0.6639424429863854,0.9121245646802812,0.4099131353187006,0.5431790057988708,0.8396169172065021,0,1,0,0,99,17
1701723300,12,5,1,295,18.8,0.5,94,0,1,0,0,0,0,0,-0.30478191109030295,0.9524221683015063,0.15423655808285816,-0.988033948885742,-0.9970039992110719,-0.07735001976165862,-0.7339448275455243,0.6792090916052071,-0.40049401268607804,0.9162993756423735,0.2045734884554038,-0.9788512082135807,-0.9946987504298929,-0.1028318816963379,0.7425738622171999,-0.6697641817474499,0.9137188248436852,0.40634703041399856,0.5448178455162797,0.8385544199436309,0,1,0,0,99,17
1701723360,12,5,1,296,18.8,0.5,94,0,1,0,0,0,0,0,0.6367612505645516,0.7710610285700272,-0.3383333943242765,-0.9410263090291437,-0.9851462604682474,0.17171734183077755,-0.6435381333569995,0.7654140519453434,-0.34248061846961253,0.939524893748256,0.17388948538043356,-0.9847651734673236,-0.9961840124864793,-0.08727779366103493,0.737318721334619,-0.6755450415549525,0.9152991427820066,0.40277472515355744,0.5464546069192036,0.8374887238505236,0,1,0,0,99,17
1701723420,12,5,1,297,18.8,0.5,94,0,1,0,0,0,0,0,0.992869055025318,-0.11921006489861569,-0.7480675320111867,-0.6636226092823331,-0.9120368987278785,0.4101081508076052,-0.5430892418343393,0.8396749820042292,-0.2831298447671764,0.9590815872500705,0.1430356821739413,-0.9897175322409093,-0.9974260705037014,-0.07170239800414888,0.7320185783175687,-0.6812846695750063,0.9168654943815386,0.3991962740463603,0.5480892837638954,0.8364198329924872,0,1,0,0,99,17
1701723480,12,5,1,298,18.8,0.5,94,0,1,0,0,0,0,0,0.43613762914604876,-0.8998799744648526,-0.9746486480944947,-0.22374095013558368,-0.7822215000035424,0.6230004212937645,-0.4341656243337532,0.9008330648055067,-0.22267345507995925,0.9748930876782097,0.11204220705116075,-0.9937034486400381,-0.998424621250908,-0.05610949723514686,0.7266737566594609,-0.6869827154903001,0.9184178557416826,0.3956117316951685,0.5497218698145597,0.8353477514470151,0,1,0,0,99,17
1701723540,12,5,1,299,18.8,0.5,94,0,1,0,0,0,0,0,-0.5215767216183704,-0.8532043855172293,-0.9626017830643233,0.2709202968427898,-0.6037713570372523,0.7971575430373816,-0.3184669974758911,0.9479339489219124,-0.16134753031591095,0.9868976514618708,0.08093932461458155,-0.9967190304849884,-0.9991794209462554,-0.04050289813711804,0.7212845825806614,-0.6926388315214799,0.9199562031753141,0.3920211527956879,0.5513523588433771,0.8342724833037728,0,1,0,0,99,17
1701723600,12,5,1,300,18.8,0.5,94,0,1,0,0,0,0,0,-0.9997558399011495,-0.022096619278683942,-0.7148764296291646,0.6992508064783751,-0.38778163540943045,0.9217512697247493,-0.19779879963646227,0.9802426408101081,-0.09939154689884817,0.9950484010363788,0.04975740630107862,-0.998761333111264,-0.9996902853162234,-0.02488641083740215,0.7158513850085791,-0.698252672448376,0.9214805132091443,0.38842459213573494,0.5529807446305274,0.8331940326645814,0,1,0,0,99,17
1701723660,12,5,1,301,18.8,0.5,94,0,1,0,0,0,0,0,-0.5587640495890891,0.8293266768209027,-0.29212439403368673,0.9563803314636136,-0.1476815298816789,0.9890349668903556,-0.07404401768422757,0.9972549741391004,-0.0370474416181442,0.9993135078990728,0.01852690072471944,-0.9998283622450087,-0.9999570896406027,-0.00926384787740154,0.7103744955575902,-0.7038238956310728,0.9229907625840772,0.38482210459440036,0.5546070209642138,0.8321124036434021,0,1,0,0,99,17
1701723720,12,5,1,302,18.8,0.5,94,0,1,0,0,0,0,0,0.39595283104274065,0.9182708508872743,0.20214988141565363,0.9793545963764285,0.1016006978902495,0.9948252601277343,0.050866196399306694,0.9987054771372125,0.025441333129256026,0.9996763168989281,-0.012721696055790868,-0.9999190759503811,-0.9999797687829443,0.006360976718196107,0.7048542485087977,-0.7093521610308227,0.9244869282555656,0.3812137451412117,0.5562311816406863,0.8310276003663211,0,1,0,0,99,17
1701723780,12,5,1,303,18.8,0.5,94,0,1,0,0,0,0,0,0.9866325048439105,0.1629610394708834,0.6469308156708554,0.7625486999106625,0.3445658863623454,0.9387621370482149,0.17498266050066957,0.984571515190292,0.08783076001523608,0.9961354112745646,-0.043957870315993346,-0.9990333856469874,-0.9997583172064605,0.02198424837255722,0.699290980789629,-0.7148371312307991,0.925968987393962,0.3775995688352947,0.5578532204642657,0.829939626971533,0,1,0,0,99,17
1701723840,12,5,1,304,18.8,0.5,94,0,1,0,0,0,0,0,0.6702068037805061,-0.7421744001016999,0.933320523748862,0.35904428689111606,0.5661076368981803,0.8243313311075577,0.2963685787093853,0.9550736440472949,0.14987720966295234,0.9887046181866692,-0.0751511204618093,-0.9971721561963784,-0.999292788975378,0.03760215288797655,0.6936850319532718,-0.7202784714566918,0.9274369173848677,0.37397963082453317,0.5594731312473669,0.8288484876093257,0,1,0,0,99,17
1701723900,12,5,1,305,18.8,0.5,94,0,1,0,0,0,0,0,-0.2624039418616639,-0.9649581189333869,0.991200816921926,-0.13236668966664739,0.7524515564694672,0.6586475955825515,0.41312976437037824,0.910672168121589,0.21133839201433674,0.9774129547232299,-0.10627098681382932,-0.9943372050575272,-0.9985832977417375,0.05321087737705887,0.6880367441579487,-0.7256758495971389,0.9288906958294767,0.3703539863447274,0.5610909078105225,0.8277541864420642,0,1,0,0,99,17
1701723960,12,5,1,306,18.8,0.5,94,0,1,0,0,0,0,0,-0.9537617134939987,-0.3005637933500832,0.8064005807754863,-0.5913696841443247,0.8920116826993705,0.45201234267200896,0.523444198233198,0.8520599575945371,0.2719743024675887,0.9623045145884273,-0.13728708135067327,-0.9905313005121108,-0.9976300167176484,0.06880661119358068,0.6823464621460344,-0.7310289362239981,0.9303303005449188,0.3667226907187513,0.5627065439824068,0.826656727644175,0,1,0,0,99,17
1701724020,12,5,1,307,18.8,0.5,94,0,1,0,0,0,0,0,-0.7682353642374472,0.6401674977183369,0.42416535825174545,-0.9055847552047066,0.9761108428874015,0.21727315158032454,0.6255904604530329,0.7801516364080526,0.3315481590900087,0.9434382959176643,-0.16816911738237747,-0.9857581589613307,-0.9964331786330006,0.08438554686280492,0.6766145332230143,-0.7363374046124525,0.9317557095645973,0.36308579935570845,0.5643200335998588,0.8255561154021296,0,1,0,0,99,17
1701724080,12,5,1,308,18.8,0.5,94,0,1,0,0,0,0,0,0.12360303600011291,0.9923317436681922,-0.06192033725605731,-0.9980810948185003,0.9995201585807313,-0.03097503173121646,0.7179745927716441,0.6960693098638897,0.3898273272463786,0.9208879708911095,-0.1988869391248336,-0.9800224412969096,-0.9949930756786476,0.09994388101102124,0.6708413072362862,-0.7416009307609522,0.9331669011385242,0.35944336775008645,0.565931370507906,0.8244523539144292,0,1,0,0,99,17
1701724140,12,5,1,309,18.8,0.5,94,0,1,0,0,0,0,0,0.9018013749637745,0.43215076086181514,-0.5328457746563188,-0.8462123731256284,0.9607841519107266,-0.27729733759483854,0.7991549717028728,0.6011250545457083,0.4465842280322334,0.8947415980454101,-0.2294105511463999,-0.9733297483498103,-0.9933100594350714,0.11547781529408518,0.6650271365538082,-0.7468191934109906,0.9345638537336522,0.3557954514809102,0.5675405485597879,0.8233454473915885,0,1,0,0,99,17
1701724200,12,5,1,310,18.8,0.5,94,0,1,0,0,0,0,0,0.8508876886558596,-0.5253476385155728,-0.8733119827746476,-0.48716134980334147,0.862311240157329,-0.506378638074642,0.8678648045849774,0.49680044380282007,0.5015972269646135,0.8651012784069909,-0.2597101476579314,-0.9656866154211187,-0.9913845407865504,0.13098355732472944,0.6591723760425913,-0.7519918740667114,0.9359465460342037,0.35214210621089365,0.5691475616169792,0.8222354000561195,0,1,0,0,99,17
1701724260,12,5,1,311,18.8,0.5,94,0,1,0,0,0,0,0,0.01767178546737087,-0.9998438418065069,-0.9999609596895538,-0.008836237703148543,0.7102239920275675,-0.7039757674440404,0.9230318974564314,0.3847234282935987,0.5546514994599768,0.8320827567897314,-0.28975614161762697,-0.9571005059004335,-0.9892169898208465,0.14645732159842081,0.6532773830470404,-0.7571186570143483,0.9373149569419951,0.3484833876855909,0.5707524035492137,0.8211222161425152,0,1,0,0,99,17
1701724320,12,5,1,312,18.8,0.5,94,0,1,0,0,0,0,0,-0.8317914757822045,-0.5550882279566577,-0.8817846188147811,0.47165229356133864,0.5139784559875352,-0.8578030932449878,0.9637953862840878,0.26664293235993725,0.605539869719601,0.7958149698139441,-0.31951919362227366,-0.9475798039779932,-0.9868079357144411,0.16189533041753676,0.6473425173671444,-0.7621992293414946,0.9386690655767598,0.34481935173254513,0.5723550682345072,0.820005899897234,0,1,0,0,99,17
1701724380,12,5,1,313,18.8,0.5,94,0,1,0,0,0,0,0,-0.9165094902005468,0.4000129427560235,-0.5477166499404489,0.8366638939132081,0.2857762289683941,-0.958296377409726,0.9895191704584925,0.14440156264783635,0.6540636197466435,0.7564395424116314,-0.348970240556676,-0.9371338064576561,-0.9841579666033436,0.17729381481363626,0.6413681412365148,-0.7672332809562018,0.9400088512764658,0.341150054260437,0.573955549559181,0.8188864555786831,0,1,0,0,99,17
1701724440,12,5,1,314,18.8,0.5,94,0,1,0,0,0,0,0,-0.15859290602857282,0.987344058653017,-0.0795485428747221,0.9968309933617175,0.039805820166669656,-0.9992074342602034,0.9998018389311463,0.01990685484696882,0.7000332653356665,0.7141102347841574,-0.378080523973295,-0.9257727136787294,-0.9812677294395066,0.19264901546759924,0.6353546193002774,-0.7722205046059057,0.941334293597632,0.33747555125823137,0.5755538414178853,0.8177638874572022,0,1,0,0,99,17
1701724500,12,5,1,315,18.9,0.5,94,0,1,0,0,0,0,0,0.7451332645574127,0.6669156003948422,0.4080958218391593,0.9129390999389944,-0.20863952173666145,-0.9779926124309412,0.9944829340996609,-0.1048984927657657,0.7432692960044044,0.668992341971952,-0.40682161817438367,-0.9135076195555109,-0.9781379298328817,0.20795718362741059,0.6293023185928165,-0.7771605958961798,0.9426453723156392,0.33379589879432325,0.5771499377136226,0.8166381998150476,0,1,0,0,99,17
1701724560,12,5,1,316,18.9,0.5,94,0,1,0,0,0,0,0,0.9637873480674221,-0.2666719852274808,0.7958240965274552,0.6055278749869898,-0.4441126687075084,-0.8959709467909631,0.9736454556949781,-0.22806693448309956,0.7836028759783554,0.6212620483809149,-0.43516545796919887,-0.9003505007442698,-0.9747693318791554,0.22321458202336397,0.6232116085153726,-0.782053253309314,0.943942067425039,0.330111153015682,0.5787438323577704,0.8155093969463755,0,1,0,0,99,17
1701724620,12,5,1,317,18.9,0.5,94,0,1,0,0,0,0,0,0.2963397884973224,-0.955082577452527,0.9887068770501516,0.1498623077152374,-0.651973040962877,-0.7582421472442815,0.9376145655983277,-0.34767646796678553,0.8208765034908678,0.5711057397860814,-0.46308436607918363,-0.8863142049482455,-0.9711627579732054,0.23841748578046287,0.6170828608134961,-0.7868981782227173,0.9452243591398598,0.3264213701469947,0.5803355192701052,0.8143774831572257,0,1,0,0,99,17
1701724680,12,5,1,318,18.9,0.5,94,0,1,0,0,0,0,0,-0.6435612059762619,-0.7653946525566921,0.9395197317131483,-0.34249477911590703,-0.8192968873112808,-0.5733695234681091,0.8869525137988248,-0.46186062645125475,0.8549446258241684,0.5187192754991592,-0.49055108016436005,-0.8714124383720832,-0.9673190886083255,0.25356218332779523,0.610916449554358,-0.791695074927145,0.9464922278939074,0.3227266064898082,0.5819249923788253,0.8132424627655053,0,1,0,0,99,17
1701724740,12,5,1,319,18.9,0.5,94,0,1,0,0,0,0,0,-0.9917749956098326,0.12799358610147818,0.6603053891566091,-0.7509971990964674,-0.9356808214066555,-0.3528475597928464,0.8224498646704389,-0.5688376043332375,0.8856742076896101,0.46430722354210824,-0.5175387794445416,-0.8556597523379571,-0.9632392621612652,0.2686449773046603,0.6047127511039186,-0.796443650644746,0.9477456543410647,0.3190269184216702,0.5835122456205738,0.812104340100972,0,1,0,0,99,17
1701724860,12,5,1,321,18.9,0.5,94,0,1,0,0,0,0,0,0.5291082654818533,0.8485543255436181,-0.27517782837320115,-0.9613933444599089,-0.9903013037606052,0.13893641628473632,0.6561492146285263,-0.7546311735824118,0.9366512620987631,0.3502633483663315,-0.5699722149516012,-0.8216639667060773,-0.9543751795562575,0.2986101415674982,0.5921950094489575,-0.8057946827720751,0.9502091040323901,0.31161299493757066,0.5866800682920927,0.8098188053316527,0,1,0,0,99,17
1701724920,12,5,1,322,18.9,0.5,94,0,1,0,0,0,0,0,0.9999122598719259,0.01324660552058789,-0.702407785577371,-0.7117747556357236,-0.9251418149764185,0.37962168297153187,0.5569462797382114,-0.8305485184417379,0.9566996703359257,0.2910768640396056,-0.5953667508185162,-0.8034540634160753,-0.9495930874369493,0.3134851962883771,0.5858817302628675,-0.8103965684429991,0.9514190896873468,0.30789887264895993,0.5882606256375825,0.8086714019454874,0,1,0,0,99,17
1701724980,12,5,1,323,18.9,0.5,94,0,1,0,0,0,0,0,0.551401533867395,-0.8342399825282195,-0.9576638195442646,-0.2878888826194756,-0.8024614889885606,0.5967039120788988,0.4490523844280872,-0.8935054314549238,0.9730121868339892,0.2307537307879076,-0.6201799211567932,-0.784459600867982,-0.9445791657844201,0.32828371809459106,0.5795326918757081,-0.8149489916843234,0.9526145578575638,0.3041800522023728,0.5898389389475855,0.8075209137237168,0,1,0,0,99,17
1701725040,12,5,1,324,18.9,0.5,94,0,1,0,0,0,0,0,-0.4040652194563607,-0.9147301779353751,-0.9784503507933796,0.20648222933781113,-0.6298879942744539,0.7766859820216312,0.33415117684842055,-0.9425194910508831,0.9855251115651197,0.16952950915565845,-0.6443874963266829,-0.7646991268321347,-0.9393346386757316,0.3430020941392817,0.5731482818000584,-0.8194516746395976,0.9537954903016678,0.30045659034243405,0.5914150022013163,0.8063673450551039,0,1,0,0,99,17
1701725100,12,5,1,325,18.9,0.5,94,0,1,0,0,0,0,0,-0.9880362734541701,-0.15422166624309427,-0.7596781115193113,0.6502992902336991,-0.4181511148892831,0.9083774794196792,0.2140356519137885,-0.9768258492227975,0.9941895818260211,0.10764327841812157,-0.6679658380418412,-0.7441919370760884,-0.9338607864869604,0.35763673114202876,0.5667288897074029,-0.8239043424882614,0.9549618690000825,0.2967285438845904,0.5929888093865725,0.8052107003401626,0,1,0,0,99,17
1701725160,12,5,1,326,18.9,0.5,94,0,1,0,0,0,0,0,-0.6636113342009432,0.7480775341634341,-0.35491017584493534,0.9349004048997503,-0.1804156244623088,0.9835904648022342,0.09058017221711874,-0.995889166725453,0.9989717630457462,0.04533670298194944,-0.690891922451714,-0.7229580565226276,-0.9281589455806122,0.3721840562660983,0.5602749074043482,-0.8283067234624195,0.9561136761553041,0.2929959697142441,0.5945603544997581,0.8040509839911409,0,1,0,0,99,17
1701725220,12,5,1,327,18.9,0.5,94,0,1,0,0,0,0,0,0.2709348053161655,0.9625976995964054,0.13675214880138925,0.9906052946548402,0.06853723566485535,0.9976485590263838,-0.034288780771676325,-0.9994119668651121,0.9998529809089715,-0.017146911309152784,-0.7131433626239372,-0.7010182196957677,-0.9222305079793683,0.38664051799069915,0.5537867288087088,-0.8326585488634279,0.9572508941921726,0.2892589247858846,0.596129631545906,0.8028882004320043,0,1,0,0,99,17
1701725280,12,5,1,328,18.9,0.5,94,0,1,0,0,0,0,0,0.9563847343054627,0.2921099792671752,0.5949327780232085,0.803775459710974,0.31322878243308516,0.9496776978825432,-0.158622668804709,-0.9873392775238264,0.9968297942787993,-0.07956356727854007,-0.7346984304047954,-0.6783938504738453,-0.9160769210262436,0.40100258697803604,0.5472647499254653,-0.8369595530782943,0.9583735057581397,0.28551746612221973,0.5976966345387016,0.8017223540984184,0,1,0,0,99,17
1701725340,12,5,1,329,18.9,0.5,94,0,1,0,0,0,0,0,0.7625389491684939,-0.6469423088661069,0.9074531141789384,0.4201533595806971,0.5384452806085791,0.8426604771735462,-0.2804813031437691,-0.9598594889809514,0.9899140086343236,-0.14166952922038076,-0.7555360776363961,-0.6551070411694638,-0.9096996870312377,0.41526675693494663,0.5407093688225928,-0.8412094735958894,0.9594814937235343,0.2817716508133054,0.5992613575005044,0.8005534494377329,0,1,0,0,99,17
1701725400,12,5,1,330,18.9,0.5,94,0,1,0,0,0,0,0,-0.13238162920545193,-0.9911988217552068,0.9977972794498907,-0.06633693633562374,0.7301838591531669,0.6832507093535931,-0.397963120556671,-0.9174014141458452,0.979132629970487,-0.2032222746823719,-0.7756359567098382,-0.6311805309567257,-0.9031003629045682,0.429429545468913,0.5341209856067664,-0.8454080510229699,0.9605748411818232,0.2780215360156746,0.6008237944623721,0.7993814909089635,0,1,0,0,99,17
1701725460,12,5,1,331,18.9,0.5,94,0,1,0,0,0,0,0,-0.9055911481970673,-0.424151709070136,0.8438458713148201,-0.5365856366554476,0.8765231419236595,0.48135972169706537,-0.5092348565754973,-0.860627597075839,0.964527759340248,-0.26398144151072533,-0.7949784404343068,-0.6066376836668139,-0.896280559776573,0.4434874949382373,0.5275000023989397,-0.8495550291000099,0.9616535314498694,0.27426717895146524,0.6023839394640825,0.798206482982776,0,1,0,0,99,17
1701725520,12,5,1,332,18.9,0.5,94,0,1,0,0,0,0,0,-0.8462043418838514,0.5328585288581931,0.48329156372825655,-0.875459459043705,0.9683644611001854,0.24954011797333814,-0.6125601529754697,-0.7904239741978156,0.9461564284508708,-0.3237097664592346,-0.8135446412026923,-0.5815024649736085,-0.889241942604376,0.45743717329617606,0.5208468233098019,-0.8536501547168418,0.9627175480681864,0.27050863690754695,0.6039417865541566,0.7970284301414683,0,1,0,0,99,17
1701725580,12,5,1,333,18.9,0.5,94,0,1,0,0,0,0,0,-0.008821166113885877,0.9999610927573088,0.004410625958475234,-0.9999902731420214,0.9999975682825487,0.0022053183419487145,-0.7063266530643069,-0.707886049566577,0.9240903769563281,-0.38217401169717374,-0.8313164294350177,-0.5557994189916117,-0.8819862297654119,0.47127517492882454,0.5141618544151129,-0.8576931779281052,0.9637668748011899,0.2667459672346471,0.6054973297898815,0.7958473368789541,0,1,0,0,99,17
1701725640,12,5,1,334,18.9,0.5,94,0,1,0,0,0,0,0,0.8366721491002945,0.5477040395322044,-0.47555018687189876,-0.8796885924951523,0.9694556700786149,-0.24526659730265726,-0.78907116196914,-0.6143017998904703,0.8984157723154882,-0.43914587559803503,-0.8482764512816665,-0.5295536443090374,-0.8745151926379088,0.48499812148654897,0.5074455037309183,-0.8616838519685015,0.964801495637445,0.26297922734647544,0.6070505632373322,0.7946632077007452,0,1,0,0,99,17
1701725700,12,5,1,335,18.7,0.5,94,0,1,0,0,0,0,0,0.9129329489429682,-0.40810958177221934,-0.839079728563448,-0.5440084641932424,0.8786377137914245,-0.477489023856443,-0.8595024793031265,-0.5111315760856283,0.8692328733100321,-0.49440288425249485,-0.8644081455691214,-0.5027907694794651,-0.8668306551684317,0.49860266270876197,0.5006981811886468,-0.8656219332678563,0.9658213947899105,0.2592084747188484,0.6086014809713954,0.7934760471239344,0,1,0,0,99,17
1701725760,12,5,1,336,18.7,0.5,94,0,1,0,0,0,0,0,0.14984740573347818,-0.9887091356890289,-0.9971732887740798,-0.07513609089835323,0.7331903200732922,-0.6800234955873388,-0.9165215479156338,-0.39998531498835127,0.836655638536056,-0.5477292602242684,-0.8796957599716702,-0.47553692799599256,-0.858934493426592,0.5120854772418407,0.4939202986100892,-0.8695071814659844,0.9668265566961802,0.2554337668888117,0.6101500770757914,0.7922858596771786,0,1,0,0,99,17
1701725820,12,5,1,337,18.7,0.5,94,0,1,0,0,0,0,0,-0.7510071512506543,-0.660294069919136,-0.9111240502585628,0.41213221791123295,0.542156703402608,-0.8402774000028898,-0.9592386043114846,-0.28259741682923273,0.8008112813981934,-0.598916765156381,-0.8941243663932834,-0.4478187327723233,-0.8508286351470322,0.5254432734499875,0.48711226968226357,-0.8733393594273613,0.9678169660187202,0.25165516145376265,0.6116963456430966,0.791092649900681,0,1,0,0,99,17
1701725880,12,5,1,338,18.7,0.5,94,0,1,0,0,0,0,0,-0.9613891968218607,0.2751923186322931,-0.6019998676776046,0.7984961861625556,0.31741440880766936,-0.9482869255037094,-0.9869870631127111,-0.16079968049764676,0.7618397733439909,-0.6477655129374955,-0.907679875544648,-0.4196632501557079,-0.8425150592587969,0.538672790218836,0.4802745099321658,-0.8771182332555959,0.9687926076451028,0.24787271607057126,0.6132402807747664,0.7898964223461742,0,1,0,0,99,17
1701725940,12,5,1,339,18.7,0.5,94,0,1,0,0,0,0,0,-0.2878744485084861,0.9576681585475916,-0.1454851220097925,0.989360439513222,0.07293682364477497,-0.997336562929792,-0.9993339189004324,-0.03649271893274041,0.7198932972784023,-0.6940847502528994,-0.9203490507011184,-0.3910979734971153,-0.8339957954022056,0.5517707977516048,0.473407436701408,-0.8808435723077068,0.9697534666882369,0.24408648845470035,0.6147818765811577,0.7886971815769029,0,1,0,0,99,17
1701726000,12,5,1,340,18.7,0.5,94,0,1,0,0,0,0,0,0.6503107401625525,0.7596683100072248,0.3466494554970303,0.9379947521194415,-0.1760756199485871,-0.9843766433940419,-0.996086503119594,0.08838369930580556,0.675135653292801,-0.7376936014721172,-0.9321195206281534,-0.36215079630444197,-0.8252729234333458,0.5647340983576067,0.4665114691207459,-0.8845151492081995,0.970699528486596,0.24029653637932502,0.616321127181551,0.7874949321676061,0,1,0,0,99,18
1701726060,12,5,1,341,18.7,0.5,94,0,1,0,0,0,0,0,0.9906032333897737,-0.13676707936387883,0.7539121564757657,0.6569752356961871,-0.4141405343019522,-0.9102129519228418,-0.9772954906073296,0.2118809194773779,0.6277416190291282,-0.7784217749643756,-0.9429797916616176,-0.3328499850049752,-0.8163485729163049,0.5775595272329186,0.45958702808449753,-0.8881327398629437,0.9716307786044408,0.23650291767445097,0.617858026704173,0.7862896787044997,0,1,0,0,99,18
1701726120,12,5,1,342,18.7,0.5,94,0,1,0,0,0,0,0,0.42013968223930687,-0.907459446701534,0.9765908679435658,0.21510526876214117,-0.6264561960895026,-0.7794566276458689,-0.943254108829076,0.33207180876591375,0.5778962671769416,-0.8161102280837784,-0.9529192589311485,-0.3032241513437061,-0.8072249226032686,0.5902439532330229,0.45263453622485383,-0.8916961234728519,0.9725472028320404,0.23270569022603224,0.6193925692862192,0.7850814257852596,0,1,0,0,99,18
1701726180,12,5,1,343,18.7,0.5,94,0,1,0,0,0,0,0,-0.5365983551885637,-0.8438377837054513,0.9601660751415484,-0.2794299700233931,-0.799821845795485,-0.6002374654987004,-0.8944935621620483,0.44708082854294906,0.5257942427685239,-0.8506117882274349,-0.9619282167156328,-0.2733022244444464,-0.7979041999026094,0.6027842796372321,0.4456544178860835,-0.8952050825473546,0.9734487871858886,0.22890491197508778,0.6209247490738762,0.7838701780190033,0,1,0,0,99,18
1701726240,12,5,1,344,18.7,0.0,94,0,1,0,0,0,0,0,-0.9999903395061709,-0.004395553927897717,0.7086591401823227,-0.7055510066862999,-0.9234584470040598,-0.38369844494974187,-0.8317747426285983,0.5551133015206257,0.47163900309419615,-0.8817917275413242,-0.9699978679206785,-0.24311342256103,-0.7883886803350966,0.6151774449047079,0.4386470990986331,-0.898659402917676,0.9743355179089173,0.22510064091681745,0.6224545602223437,0.7826559400262728,1,0,0,0,99,18
1701726300,12,5,1,345,18.6,0.0,94,0,1,0,0,0,0,0,-0.5439958173735323,0.8390879278598296,0.2836477323549146,-0.958928549960796,-0.9896788746762244,-0.14330291350702545,-0.7560763564306933,0.6544834170905228,0.4156420232059537,-0.9095282890296824,-0.977120332668828,-0.21268722454618383,-0.7786806869783608,0.6274204234218935,0.4316130075531242,-0.9020588737499048,0.9752073814707066,0.22129293509971706,0.6239819968958571,0.7814387164390171,1,0,0,0,99,18
1701726360,12,5,1,346,18.6,0.0,94,0,1,0,0,0,0,0,0.412145950487085,0.911117838425468,-0.2108105329134813,-0.9775269404025313,-0.9943658633527529,0.10600249902117563,-0.6685796515669709,0.7436405378343678,0.3580219701119138,-0.9337131620134654,-0.983288655994125,-0.18205334106592852,-0.7687825898997481,0.6395102262411726,0.4245525725742499,-0.9054032875578629,0.9760643645676915,0.2174818526246926,0.62550705326771,0.7802185119005741,1,0,0,0,99,18
1701726420,12,5,1,347,18.6,0.0,94,0,1,0,0,0,0,0,0.9893626321783087,0.14547021017792156,-0.6536550274502899,-0.7567926433898262,-0.9372279987787994,0.34871718957500053,-0.570649984852799,0.8211933967023238,0.29900384888632797,-0.9542519050812327,-0.9884968146335203,-0.1512416855876172,-0.7586968055777015,0.6514439018105791,0.4174662250945703,-0.9086924402157693,0.9769064541233642,0.21366745164417375,0.6270297235202755,0.7789953310656533,1,0,0,0,99,18
1701726480,12,5,1,348,18.6,0.0,94,0,1,0,0,0,0,0,0.6569638725243397,-0.7539220584369601,-0.9364619742512132,-0.3507691132091307,-0.8218178366308225,0.5697503342653119,-0.4638155159838274,0.8859318072699817,0.23881812402958275,-0.9710643148808378,-0.9927397229084867,-0.1202823451699422,-0.7484257963118128,0.6632185366943757,0.41035439762821135,-0.9119261309706986,0.9777336372884741,0.20984979036122642,0.6285500018450296,0.7777691786003179,1,0,0,0,99,18
1701726540,12,5,1,349,18.6,0.0,94,0,1,0,0,0,0,0,-0.27944444178438205,-0.9601618634146094,-0.9899903695023021,0.14113492938566014,-0.6553110218111473,0.755359162711905,-0.3497433611150432,0.9368455482927549,0.17769981950925717,-0.9840847393118021,-0.9960132376910966,-0.08920555108343296,-0.7379720696216873,0.6748312562843274,0.4032175242444657,-0.9151041624548343,0.9785459014412237,0.20602892702866477,0.6300678824425727,0.7765400591819668,1,0,0,0,99,18
1701726600,12,5,1,350,18.6,0.0,94,0,1,0,0,0,0,0,-0.9589328250406132,-0.28363327918216646,-0.8011345951780408,0.5984842190140996,-0.44806014160260915,0.8940034169437217,-0.23021357807075407,0.9731401278705245,0.11588760099655933,-0.9932623338953623,-0.9983141624497176,-0.058041649290133286,-0.7273381776347689,0.6862792255014961,0.3960560405413001,-0.9182263406975145,0.9793432341874616,0.2022049199481623,0.6315833595226515,0.7753079774993168,1,0,0,0,99,18
1701726660,12,5,1,351,18.6,0.0,94,0,1,0,0,0,0,0,-0.7567827912998033,0.6536664338884767,-0.41613313140840114,0.9093036989610448,-0.2129510519332497,0.9770628687451604,-0.10709138913759518,0.994249181228016,0.053622843881987556,-0.9985612603210722,-0.9996402503703701,-0.026821070811284417,-0.7165267164632748,0.6975596494883844,0.38887038361876797,-0.9212924751370719,0.980125623360871,0.19837782746936225,0.6330964273041816,0.7740729382523853,1,0,0,0,99,18
1701726720,12,5,1,352,18.6,0.0,94,0,1,0,0,0,0,0,0.14114985067939137,0.9899882421792622,0.07075223608034517,0.9974939203271522,0.03539830273366068,0.9993732836951247,0.017701925105413577,0.9998433086476912,-0.008851309290403876,-0.9999608263946371,-0.9999902065507035,0.004425697988050785,-0.7055403255703919,0.70866977429126,0.3816609920523317,-0.9243023786324636,0.9808930570231557,0.19454770798898718,0.6346070800152693,0.7728349461524715,1,0,0,0,99,18
1701726780,12,5,1,353,18.6,0.0,94,0,1,0,0,0,0,0,0.9093099708898409,0.4161194261751267,0.5403149886061247,0.8414628411805024,0.2815467623854851,0.9595475082507646,0.14221900672771448,0.9898352156421706,-0.07129089828943605,-0.9974555668404911,-0.9993636892644466,0.03566814516840596,-0.6943816871258898,0.7196068875324937,0.3744283058660939,-0.9272558674746938,0.9816455234642222,0.19071461994994804,0.6361153118932337,0.7715940059221391,1,0,0,0,99,18
1701726840,12,5,1,354,18.6,0.0,94,0,1,0,0,0,0,0,0.8414546973619527,-0.540327671221366,0.8775897877771157,0.47941231147032193,0.5101900080017631,0.8600617162362019,0.2645168083164075,0.9643810751555119,-0.13345209785628734,-0.9910552646435797,-0.9977613102950975,0.06687576301030233,-0.6830535253513071,0.7303683190727478,0.3671727665059408,-0.9301527613980265,0.9823830112023585,0.1868786218404523,0.6376211171846285,0.7703501222951977,1,0,0,0,99,18
1701726900,12,5,1,355,18.6,0.0,93,0,1,0,0,0,0,0,-3.014435335948845e-05,-0.999999999545659,0.9999999998864147,-1.50721766814562e-05,0.7071121099856378,0.7071014523472988,0.3826869135812598,0.9238780905366516,-0.1950921698369112,-0.9807849128470145,-0.9951846343385268,0.09801807780451909,-0.6715586058548728,0.7409514416628525,0.3598948168125984,-0.9329928835909876,0.983105508984409,0.18303977219311154,0.6391244901452644,0.7691033000166855,1,0,0,0,99,18
1701726960,12,5,1,356,18.6,0.0,93,0,1,0,0,0,0,0,-0.8414872714892108,-0.5402769400239504,0.8775753358042688,-0.4794387656291727,0.8600694058124533,0.5101770449416689,0.4948853175526281,0.8689582973139933,-0.25597041106933305,-0.9666846169547733,-0.9916361774750792,0.12906467960915324,-0.6598997349563215,0.7513536715852107,0.3525949009946041,-0.9357760607071574,0.9838130057859464,0.17919812958404827,0.6406254250402305,0.7678535438428503,1,0,0,0,99,18
1701727020,12,5,1,357,18.6,0.0,93,0,1,0,0,0,0,0,-0.9092848819352602,0.4161742465410129,0.540289623007414,-0.8414791282441333,0.9595517516643209,0.281532299883927,0.5993612016622668,0.8004787004923762,-0.3158490933243467,-0.9488094383205661,-0.9871194047126635,0.15998525194441188,-0.6480797590017714,0.7615724692845757,0.3452734646011943,-0.9385021228757492,0.9845054908114401,0.17535375263200217,0.6421239161439161,0.7666008585411322,1,0,0,0,99,18
1701727080,12,5,1,358,18.6,0.0,93,0,1,0,0,0,0,0,-0.14109016531210986,0.9899967501220404,0.07072216723899125,-0.9974960526543551,0.9993738171110836,0.03538323999893738,0.6944842546815092,0.7195079012766077,-0.374494391629162,-0.9272291791344273,-0.9816387266032314,0.19074960139614014,-0.6361015636688295,0.7716053399880473,0.33793095449511035,-0.9411709037119792,0.9851829534944205,0.17150669999743565,0.6436199577400332,0.7653452488901449,1,0,0,0,99,20
1701727140,12,5,1,359,18.6,0.0,93,0,1,0,0,0,0,0,0.7568221986283603,0.6536208072447929,-0.41616054159134735,-0.9092911544837531,0.9770596589983012,-0.2129657783732482,0.7787701131827185,0.6273094219070648,-0.43167729734891963,-0.9020281098466568,-0.9751994949359482,0.22132768709917786,-0.6239680732620949,0.781449834314135,0.3305678188253245,-0.9437822403272206,0.9858453834976407,0.16765703038163873,0.645113544121638,0.7640867196796574,1,0,0,0,99,19
1701727200,12,5,1,360,18.6,0.0,93,0,1,0,0,0,0,0,0.9589157234143065,-0.2836910914865273,-0.8011526357338304,-0.5984600690578581,0.8939966636005579,-0.4480736161291702,0.8509035245341184,0.5253219888177297,-0.4871745124605095,-0.8733046400935156,-0.9678079975112615,0.2516896500717544,-0.6116822499992318,0.7911035488707386,0.32318450699968687,-0.9463359733389455,0.9864927707132337,0.16380480252583335,0.6466046695911524,0.7628252757105762,1,0,0,0,99,19
1701727260,12,5,1,361,18.6,0.0,93,0,1,0,0,0,0,0,0.2793865543595699,-0.9601787090136331,-0.9899946234736917,-0.141105086702016,0.7553492856626053,-0.655322406643472,0.9097588709772145,0.4151370817913813,-0.5407693215265723,-0.8411709344097017,-0.9594714520009706,0.2818058423722779,-0.5992470932877865,0.8005641268419033,0.3157814696574965,-0.9488319468804535,0.9871251052628672,0.15995007521027702,0.6480933284603858,0.7615609217949267,1,0,0,0,99,19
1701727320,12,5,1,362,18.6,0.0,93,0,1,0,0,0,0,0,-0.6570093243162466,-0.7538824495645917,-0.936451400117644,0.3507973420904214,0.5697379476169631,-0.8218264239151785,0.9544177345154423,0.29847409944986975,-0.5922524379646446,-0.8057524742282427,-0.9501979989002931,0.31164685605004694,-0.5866656389929246,0.8098292585632008,0.3083591586419959,-0.9512700086103841,0.987742377497894,0.15609290725336597,0.6495795150505572,0.7602936627558348,1,0,0,0,99,19
1701727380,12,5,1,363,18.6,0.0,93,0,1,0,0,0,0,0,-0.9893538601694428,0.14552985730709223,-0.6536322141284454,0.756812347054107,0.348703063469403,-0.9372332545994372,0.9841832285198314,0.17715352861368974,-0.6414228213067844,-0.7671875678781851,-0.9399966935788086,0.3411835518616152,-0.573940958696269,0.8188966820856021,0.3009180269727937,-0.9536500097220159,0.988344577999499,0.1522333575107376,0.6510632236923164,0.7590235034275084,1,0,0,0,99,19
1701727440,12,5,1,364,18.6,0.5,93,0,1,0,0,0,0,0,-0.41209101962194344,0.9111426845159583,-0.21078106590019152,0.9775332947055968,0.10598751175115685,-0.9943674609282015,0.9985908724117705,0.05306853621402457,-0.688088462258297,-0.7256268104935293,-0.9288774974380447,0.37038708772476847,-0.5610761589460167,0.8277641837276992,0.2934585288182137,-0.9559718049523478,0.9889316975788438,0.1483714848743724,0.652544448725766,0.7577504486552193,0,1,0,0,99,18
1701727500,12,5,1,365,18.7,0.5,93,0,1,0,0,0,0,0,0.5440464039108651,0.8390551295306261,0.2836766385070983,0.9589199991476417,-0.1433178301056054,-0.9896767146769802,0.997415839727087,-0.07184457294402906,-0.7320671324899203,-0.6812324959424539,-0.9168512681843369,0.39922894688232846,-0.5480743804985193,0.8364295986161443,0.2859811194675758,-0.9582352525909659,0.9895037272772058,0.14450734827169542,0.6540231845004826,0.7564745032952847,0,1,0,0,99,18
1701727560,12,5,1,366,18.7,0.5,93,0,1,0,0,0,0,0,0.9999900726865629,-0.004455842044182302,0.7086804082392084,0.705529644294206,-0.38371236343503057,-0.9234526637284138,0.9806764664578257,-0.19563657157033057,-0.7731870962355524,-0.6341779830732337,-0.9039297492264633,0.42768096574828196,-0.5349387975515134,0.8448908112141716,0.27848625530340665,-0.9604402144886925,0.9900606583661156,0.14064100666467697,0.6554994253755387,0.7551956722150481,0,1,0,0,99,18
1701727620,12,5,1,367,18.7,0.5,93,0,1,0,0,0,0,0,0.5365474803247321,-0.8438701329927379,0.9601744979410612,0.27940102631098374,-0.6002495204866958,-0.7998127988195062,0.948633964925225,-0.31637572692962224,-0.8112877809167417,-0.5846470187516472,-0.8901255582084044,0.4557153614090449,-0.5216726169691845,0.8531457558380763,0.27097439377358495,-0.9625865560660185,0.99060248234749,0.13677251904893306,0.6569731657195242,0.7539139602928616,0,1,0,0,99,18
1701727680,12,5,1,368,18.7,0.5,93,0,1,0,0,0,0,0,-0.42019439103217676,-0.9074341153742778,0.9765843832906294,-0.21513470736462095,-0.7794660696158047,-0.626444447910339,0.9017883476488092,-0.4321779448847783,-0.8462204041751706,-0.5328330203333975,-0.8754521746884285,0.4833047587530059,-0.5082790774992584,0.8611924171615208,0.26344599336342084,-0.9646741463213163,0.9911291909537616,0.13290194445282522,0.6584443999105676,0.7526293724180665,0,1,0,0,99,18
1701727740,12,5,1,369,18.7,0.5,93,0,1,0,0,0,0,0,-0.9906114770998198,-0.1367073569275377,0.7538923520395793,-0.6569979615921431,-0.910219193818759,-0.4141268153644828,0.8408706248182544,-0.5412361705556629,-0.8778485548645799,-0.47893832037347833,-0.8599239269765315,0.5104222172018581,-0.49476144898230595,0.8690288307075485,0.2559015135676726,-0.9667028578388368,0.9916407761480053,0.12902934193655957,0.6599131223363575,0.751341913490975,0,1,0,0,99,18
1701727800,12,5,1,370,18.7,0.5,93,0,1,0,0,0,0,0,-0.6502649395607762,0.759707515020103,0.346621180094276,-0.9380052012169503,-0.9843792971250844,-0.17606078322989716,0.7668313971238714,-0.6418485868061496,-0.9060487257333762,-0.4231733765218757,-0.8435559781430856,0.537041257017617,-0.4811230315534598,0.876653083328182,0.2483414148625013,-0.9686725667964852,0.9921372301240603,0.12515477059128596,0.6613793273941642,0.7500515884228517,0,1,0,0,99,18
1701727860,12,5,1,371,18.7,0.5,93,0,1,0,0,0,0,0,0.28793218456003195,0.9576508012289697,-0.14551494557438124,-0.9893560535087885,-0.9973354634998167,0.07295185566937777,0.6808260219507706,-0.7324451705313435,-0.9307107957178061,-0.3657559496909493,-0.8263643112123579,0.5631358851596348,-0.46736715483673286,0.8840633136714912,0.24076615867736564,-0.9705831529733789,0.9926185453066497,0.12127828953819604,0.6628430094908613,0.7487584021358946,0,1,0,0,99,18
1701727920,12,5,1,372,18.7,0.5,93,0,1,0,0,0,0,0,0.9614057860636483,0.27513435722086477,-0.6020239375552833,-0.7984780389030324,-0.9482821412699473,0.31742870151970165,0.5841965844132856,-0.8116121923430246,-0.9517384599623535,-0.3069102537037296,-0.808365713555359,0.5886806206663637,-0.45349717713213844,0.8912577126360152,0.23317620736685893,-0.9724344997571855,0.9930847143514961,0.1173999579276213,0.6643041630429463,0.7474623595632162,0,1,0,0,99,19
1701727980,12,5,1,373,18.7,0.5,93,0,1,0,0,0,0,0,0.7509673416102893,-0.6603393459690063,-0.9111364733038093,-0.412104752478659,-0.840269228425824,0.5421693681504614,0.4784509545656371,-0.8781142773439177,-0.9690496058881397,-0.24686607974373714,-0.78957776049726,0.6136505195370826,-0.4395164845958098,0.8982345238124292,0.22557202418248906,-0.9742264941512392,0.9935357301454335,0.11351983493813046,0.6657627824765626,0.746163465648825,0,1,0,0,99,19
1701728100,12,5,1,375,18.7,0.5,93,0,1,0,0,0,0,0,-0.9129575516827102,-0.40805454148374776,-0.8390633293988445,0.5440337574619116,-0.47747578081934605,0.8786449104905553,0.24632812416515168,-0.9691864914686324,-0.9922667210656196,-0.12412394718862174,-0.7497079255245411,0.661768861767981,-0.4112366339663935,0.9115286231841491,0.2103228195130653,-0.9776319919029218,0.9943922746841213,0.10575445167244309,0.668672396741318,0.7435571436253043,0,1,0,0,99,20
1701728160,12,5,1,376,18.7,0.5,93,0,1,0,0,0,0,0,-0.8366391272115635,0.5477544804186207,-0.47552366901205834,0.879702927248347,-0.24525198546765434,0.9694593666699876,0.123573122745224,-0.9923354691509287,-0.9980820279793963,-0.061905293994420546,-0.72866497582717,0.6848703183835534,-0.39694437999324705,0.9178426658157577,0.20267872876086712,-0.9792452874065205,0.9947977903590559,0.10186930988644112,0.6701233804731629,0.7422497254585013,0,1,0,0,99,20
1701728220,12,5,1,377,18.7,0.5,93,0,1,0,0,0,0,0,0.00888145245887885,0.9999605591233189,0.0044407700166209495,0.9999901397322173,0.002220390481728404,0.9999975349300161,-0.0011101959250420757,-0.9999993837323141,-0.9999998459330667,0.0005550980480432917,-0.7069104971465471,0.7073030107556603,-0.3825552177427069,0.9239326303242191,0.1950222675437101,-0.9807988148249923,0.9951881266436493,0.09798261370010419,0.6715718078879934,0.7409394758346002,0,1,0,0,99,20
1701728280,12,5,1,378,18.7,0.5,93,0,1,0,0,0,0,0,0.8462364656975445,0.5328075113244262,0.48331795366796265,0.8754448901342752,0.24955471330524379,0.9683606998774462,-0.1257761903592125,-0.9920586423890088,-0.9980126858885634,0.06301332244450873,-0.6844657323619245,0.7290450337408892,-0.36807266012236683,0.9297970299320409,0.1873539031725241,-0.982292479339031,0.9955632775818498,0.09409442241963412,0.673017673460499,0.7396263997518051,0,1,0,0,99,20
1701728340,12,5,1,379,18.7,0.5,93,0,1,0,0,0,0,0,0.9055655749932976,-0.42420630521841407,0.8438620459584654,0.5365601992235288,0.48137293275405046,0.8765158866853267,-0.24847948940976328,-0.9686371577338252,-0.9921283076633347,0.12522548116532597,-0.6613525984052206,0.7500751566227634,-0.3535002428409609,0.9354344329301663,0.17967410368474607,-0.9837261897830529,0.9959232374493159,0.09020479537404606,0.6744609716751422,0.7383105022191023,0,1,0,0,99,20
1701728460,12,5,1,381,18.7,0.5,93,0,1,0,0,0,0,0,-0.7625779510977885,-0.6468963352033299,0.9074404485153088,-0.4201807139771352,0.842668592620235,0.5384325798198252,-0.48039953173383443,-0.8770497647852786,-0.9687749389784189,0.2479417625317701,-0.6132121319201985,0.7899182750550117,-0.32410008095107623,0.9460227996869345,0.1642820749702558,-0.9864134021004922,0.9965975622337464,0.08242147141221098,0.6773398440176795,0.7356702628937135,0,1,0,0,99,18
1701728520,12,5,1,382,18.7,0.5,93,0,1,0,0,0,0,0,-0.9563671216345017,0.29216763793503586,0.594908548461427,-0.8037933932096717,0.9496824188142243,0.31321446868745406,-0.5859972403145539,-0.8103130471266812,-0.9513971429236797,0.3079666807248138,-0.588231807740446,0.8086923644763854,-0.30927951397046544,0.9509711784476923,0.15657078519364281,-0.98766673996032,0.9969119168613444,0.07852789325991148,0.6787754071635509,0.734345931172738,0,1,0,0,99,18
1701728580,12,5,1,383,18.7,0.5,93,0,1,0,0,0,0,0,-0.27087677105340535,0.9626140321560251,0.13672228758321528,-0.9906094165098637,0.9976495919183909,0.06852219892172288,-0.6824506579520153,-0.7309316653838863,-0.930304161385911,0.3667889956201752,-0.5626770851828893,0.8266767795275779,-0.29438344083220963,0.9556873912340734,0.14884993914329722,-0.9888597957329627,0.9972110598396317,0.07463311686857685,0.6802083809875555,0.7330187981452375,0,1,0,0,99,18
1701728640,12,5,1,384,18.7,0.5,93,0,1,0,0,0,0,0,0.6636564336219596,0.7480375245348201,-0.3549383576518463,-0.9348897059372352,0.9835877454343449,-0.18043044929108396,-0.7682546613236668,-0.6401443394691997,-0.9055783620066239,0.424179007336997,-0.5365729180004349,0.8438539587324921,-0.27941549819892586,0.960170286650366,0.1411200080598672,-0.9899924966004454,0.9974949866040544,0.0707372016677029,0.6816387600233341,0.7316888688738209,0,1,0,0,99,18
1701728700,12,5,1,385,18.7,0.5,93,0,1,0,0,0,0,0,0.9880269738337468,-0.1542812333919083,-0.7596977140257526,-0.6502763899328083,0.9083711768690177,-0.41816480606765055,-0.8420703076547856,-0.5393677752389131,-0.8773162985032573,0.4799126091076827,-0.509944796469342,0.8602071288671359,-0.2643793402791376,0.964418770261948,0.13338146373850462,-0.9910647734285454,0.9977636928222396,0.06684020710416233,0.6830665388144254,0.7303561484317642,0,1,0,0,99,18
1701728760,12,5,1,386,18.7,0.5,93,0,1,0,0,0,0,0,0.4040100708226276,-0.9147545368424774,-0.9784565746221131,-0.20645273449087873,0.7766764881502719,-0.629899700551255,-0.9027457284726566,-0.43017455727224563,-0.8456283336289784,0.5337721624100279,-0.482818722498399,0.8757203213383905,-0.2492786379351523,0.9684318048624773,0.12563477850006885,-0.9920765607710116,0.9980171743940611,0.06294219264129754,0.6844917119142869,0.7290206419029908,0,1,0,0,99,18
1701728880,12,5,1,388,18.7,0.5,93,0,1,0,0,0,0,0,-0.9999114594340064,0.013306888913466725,-0.7023863292684922,0.711795928940826,0.3796077390275217,-0.9251475365964139,-0.981108438603097,-0.1934586046207122,-0.7724825579327705,0.6350359814133715,-0.42717913021742326,0.904167014830051,-0.2188983613117615,0.9757476658516921,0.11011887701095537,-0.9939184236776407,0.9984784483597131,0.055143341947869365,0.6873342193038735,0.7263412909741086,0,1,0,0,99,18
1701728940,12,5,1,389,18.7,0.5,93,0,1,0,0,0,0,0,-0.5290571062774264,0.8485862232545117,-0.2751488476674837,0.9614016390808037,0.13892149027273704,-0.9903033977223353,-0.9975729040331677,-0.06962974320527361,-0.7313103797996011,0.6820448140682276,-0.3987199430250338,0.9170727381370105,-0.20362620394117933,0.9790487061778415,0.10235060777093262,-0.9947483868239851,0.9986862337150706,0.05124262471817234,0.6887515427502967,0.7249974567949091,0,1,0,0,99,18
1701729060,12,5,1,391,18.7,0.5,93,0,1,0,0,0,0,0,0.9917827103751873,0.12793379303705288,0.6603280271815468,0.7509772942762827,-0.3528616624994258,-0.9356755031196132,-0.9837874524305575,0.17933836299072597,-0.6405706975070254,0.7678992000877217,-0.34066170896673886,0.9401859390800635,-0.17293649256292973,0.9849329771817125,0.08679580294659275,-0.9962261232224621,0.9990560853181523,0.04343890409263279,0.6915783021131328,0.7223014966385688,0,1,0,0,99,14
1701729120,12,5,1,392,18.7,0.5,93,0,1,0,0,0,0,0,0.6435150601529656,-0.7654334506384766,0.9395300555699313,0.3424664577455166,-0.5733818719904229,-0.8192882452914593,-0.9537526527594719,0.3005925437436371,-0.5913575298651244,0.8064094939122546,-0.3111193549811273,0.9503708470676735,-0.157526431008143,0.987514771299061,0.07901021674738969,-0.9968738062811815,0.999218145922396,0.03953601977196579,0.692987727246318,0.7209493809456964,0,1,0,0,99,14
1701729180,12,5,1,393,18.7,0.5,93,0,1,0,0,0,0,0,-0.2963973686521434,-0.9550647097742044,0.9887023590985824,-0.14989211157661958,-0.7582519738110213,-0.6519616125292119,-0.9088348619329069,0.4171560783872076,-0.5398351237242685,0.8417707759203831,-0.281273198225157,0.9596277340511744,-0.14207791163447184,0.9898554778479468,0.07121980817179005,-0.9974606453008427,0.9993649596871111,0.035632532180279806,0.6943945088419551,0.7195945150500662,0,1,0,0,99,14
1701729240,12,5,1,394,18.7,0.5,93,0,1,0,0,0,0,0,-0.9638034236249698,-0.26661387925010005,0.7958058429196471,-0.6055518643146514,-0.8959776404338033,-0.44409916442465225,-0.8497350070535673,0.5272100319490078,-0.486204672977848,0.873844961062604,-0.2511523829644027,0.9679475608375188,-0.1265947059763584,0.9919545253784365,0.06342505270618003,-0.9979866044638166,0.9994965243721002,0.03172850087999289,0.6957986415336003,0.7182369041200796,0,1,0,0,99,14
1701729300,12,5,1,395,18.7,0.5,93,0,1,0,0,0,0,0,-0.745093055724214,0.6669605223036468,0.4080683016949204,-0.9129514013088668,-0.97799575697159,-0.20862478123551537,-0.777375321590387,0.6290370492922037,-0.4306756033883254,0.9025068003323309,-0.2207863216638081,0.9753222032570393,-0.11108059403640383,0.9938114014381801,0.055626426102257626,-0.9984516516682669,0.9996128379698479,0.02782398544181939,0.6972001199649138,0.7168765533346099,0,1,0,0,99,14
1701729360,12,5,1,396,18.7,0.5,93,0,1,0,0,0,0,0,0.15865243143670757,0.9873344954974584,-0.07957859166428352,-0.9968285949694307,-0.9992068341863537,0.0398208803931389,-0.6928849542336957,0.7210481538680822,-0.3734647547841147,0.9276443698605846,-0.19020466626691288,0.9817444600965631,-0.0955393633625346,0.9954256526975189,0.04782440434799511,-0.998855758530109,0.9997138987055519,0.023919045443861007,0.6985989387896817,0.7155134678829815,0,1,0,0,99,16
1701729420,12,5,1,397,18.7,0.5,93,0,1,0,0,0,0,0,0.916533604797894,0.3999576868572196,-0.54774187038366,-0.8366473829688406,-0.9582920700310633,0.28579067254824764,-0.5975823489075595,0.8018075431636471,-0.31479553430469187,0.9491595079763061,-0.15943727924123308,0.9872080601312739,-0.07997480812332723,0.9967968850601596,0.04001946363858728,-0.9991989003847431,0.9997997050371497,0.020013740470697712,0.6999950926718352,0.7141476529649515,0,1,0,0,99,16
1701729480,12,5,1,398,18.7,0.5,93,0,1,0,0,0,0,0,0.8317580087191734,-0.5551383745801722,-0.8817988360675502,-0.47162571251991114,-0.857795346373455,0.5139913848889341,-0.49295467089331135,0.8700549939196184,-0.2548970440004961,0.9669681985255819,-0.12851420441806832,0.9917076682484567,-0.06439072818171633,0.997924763759387,0.03221208034738687,-0.9994810562885589,0.9998702556553423,0.016108130112478542,0.7013885762854716,0.7127791137906885,0,1,0,0,99,16
1701729540,12,5,1,399,18.7,0.5,93,0,1,0,0,0,0,0,-0.017732064727370864,-0.9998427745803359,-0.9999606928725588,0.008866380875648453,-0.703965062742588,0.7102346023940429,-0.38063460011273087,0.9247255274928996,-0.19400318619432566,0.9810008989529264,-0.09746563765521044,0.9952388906571443,-0.04879092816731252,0.9988090134397928,0.024402730996829252,-0.9997022090202143,0.9999255494836139,0.012202273964012331,0.7027793843148743,0.7114078555807535,0,1,0,0,99,17
1701729660,12,5,1,401,18.7,0.5,93,0,1,0,0,0,0,0,-0.9017753195144049,0.4322051285150291,-0.5328202658894324,0.8462284350324767,-0.2772828564548513,0.9607883312760612,-0.14002083545661836,0.9901485573579505,-0.07018348324944229,0.9975340990056306,-0.03511339483992818,0.9993833346133081,-0.017559404697937788,0.9998458217678634,0.008780040778282644,-0.9999614546990957,0.9999903636283441,0.004390062693417029,0.7055529524091665,0.7086572029879528,0,1,0,0,99,17
1701729720,12,5,1,402,18.7,0.5,93,0,1,0,0,0,0,0,-0.12354320937804643,0.9923391937319478,-0.06189025071872073,0.9980829609135574,-0.030959966783271346,0.9995206253283515,-0.015481838903188173,0.9998801491499747,-0.00774115140096295,0.9999700368385982,-0.003870604694478365,0.9999925091815933,-0.0019353059714989746,0.9999981272936448,0.0009676534387822795,-0.9999995318233016,0.9999998829558185,0.0004838267760202487,0.7069357018937364,0.7072778190979907,0,1,0,0,99,17
1701729780,12,5,1,403,18.7,0.5,93,0,1,0,0,0,0,0,0.7682739577117872,0.6401211806383749,0.42419265632588754,0.9055719686028203,0.2172878636707302,0.9761075679972009,0.10929874656829122,0.9940089456330866,0.054731409478074984,0.9985011130772681,0.02737596503077039,0.9996252080348085,0.013689265232136597,0.9999062976186339,-0.0068447929612965195,-0.9999765741302729,0.999994143515419,-0.003422416523977862,0.7083157546334748,0.7058957371581238,0,1,0,0,99,17
1701729840,12,5,1,404,18.7,0.5,93,0,1,0,0,0,0,0,0.953743591158287,-0.3006212938640479,0.8064184068658303,0.591345375451585,0.45202578717835057,0.8920048697881602,0.23237376165548454,0.9726265649744922,0.11699024537436405,0.9931330638374931,0.05859580259074419,0.9982817898362899,0.029310494397997367,0.999570355161729,-0.014656821590492326,-0.9998925830212285,0.9999731453947223,-0.007328607602110553,0.7096931053638997,0.7045109624405745,0,1,0,0,99,17
1701729900,12,5,1,405,18.7,0.5,93,0,1,0,0,0,0,0,0.26234576530777837,-0.9649739371739923,0.9912048065798491,0.13233681049883225,0.6586589365905422,0.7524416291310683,0.3518226619114605,0.9360666720728467,0.17879223686608067,0.9838868512366772,0.08975842234387488,0.9959635664111105,0.044924567827022366,0.9989903819384626,-0.022467955642842295,-0.9997475636225533,0.9999368889141338,-0.011234686854707914,0.7110677488308368,0.7031235002278377,0,1,0,0,99,17
1701729960,12,5,1,406,18.7,0.5,93,0,1,0,0,0,0,0,-0.6702515472972181,-0.742133992851483,0.9333097001669604,-0.35907242107165305,0.82433986348825,0.5660952123664124,0.46578148719844353,0.8848997718291073,0.23989604849902457,0.9707985815371557,0.12083339452081168,0.9926728014651041,0.060527673567121146,0.9981665195409792,-0.030277718366983942,-0.9995415247854836,0.9998853746268829,-0.015140594679806359,0.712439679790439,0.7017333558126596,0,1,0,0,99,17
1701730020,12,5,1,407,18.7,0.5,93,0,1,0,0,0,0,0,-0.9866226783405293,0.16302052197242078,0.6469078288394643,-0.7625682008753121,0.938767330299503,0.34455173713441634,0.572471948162346,0.819924306608365,0.3000630711964028,0.953919364152014,0.15179037493857458,0.9884127083743951,0.07611600234380722,0.9970989691034674,-0.03808563309525359,-0.9992744790855682,0.9998186033190141,-0.01904627147805807,0.7138088930092067,0.700340534498019,0,1,0,0,99,17
1701730080,12,5,1,408,18.7,0.5,93,0,1,0,0,0,0,0,-0.39589746896115763,0.9182947207025364,0.2021203593127912,-0.9793606896089245,0.9948267913584063,0.10158570369662134,0.6702291758433747,0.7421541968137826,0.3590583540221683,0.933315112063922,0.182599134631134,0.9831874470475918,0.09168574849017776,0.9957879912530557,-0.045891223272779696,-0.9989464428219001,0.9997365760093756,-0.022951657653640416,0.7151753832640076,0.6989450415971057,0,1,0,0,99,17
1701730140,12,5,1,409,18.7,0.5,93,0,1,0,0,0,0,0,0.5588140476063818,0.8292929881518187,-0.29215322336762034,-0.9563715251281321,0.9890327408959049,-0.1476964367746696,0.7575277013993184,0.6528030189978178,0.4166515216593972,0.909066284436349,0.21322958936748326,0.9770021198637056,0.10723311087601266,0.9942339060461842,-0.05369401248656933,-0.9985574360161222,0.9996392939496032,-0.026856693615165312,0.7165391453420968,0.6975468824333009,0,1,0,0,99,17
1701730260,12,5,1,411,18.7,0.5,93,0,1,0,0,0,0,0,0.5215252820815293,-0.8532358291526332,-0.9626099493441341,-0.2708912797114064,0.7971484427982678,-0.6037833718680043,0.8954840511890774,0.4450936014660263,0.5267382644796055,0.8500275293971443,0.2738361468130674,0.9617763589829874,0.13824550809522282,0.9903979904520676,-0.06928928325481673,-0.9975966094699971,0.9993989717500206,-0.03466547655811879,0.719258464169216,0.6947425866613768,0,1,0,0,99,16
1701730320,12,5,1,412,18.7,0.5,93,0,1,0,0,0,0,0,-0.43619188095326605,-0.8998536786558422,-0.97464190312541,0.22377033018717848,0.6229886314423488,-0.7822308898871159,0.9439891127251193,0.32997659774057014,0.5788019532877502,0.8154681470604999,0.3037530682474665,0.95275079298327,0.15370297169659722,0.9881170965485999,-0.07708081295432778,-0.9970248483735498,0.9992559352772317,-0.03856910438712712,0.7206140105448711,0.6933364607507934,0,1,0,0,99,15
1701730380,12,5,1,413,18.7,0.5,93,0,1,0,0,0,0,0,-0.9928762402415507,-0.11915020589072603,-0.7480475271968774,0.6636451589928438,0.4100944043797453,-0.9120430798467921,0.9777635398824176,0.2097104195709025,0.6286054328547828,0.7777243790607642,0.3333733799654944,0.9427948820026454,0.16912291092184195,0.9855949680275984,-0.08486763803830527,-0.9963922340192135,0.9990976513882949,-0.04247214369905562,0.7219668079971044,0.6919276899723498,0,1,0,0,99,15
1701730440,12,5,1,414,18.7,0.5,93,0,1,0,0,0,0,0,-0.6367147631351318,0.7710994166809965,-0.3383050275409778,0.9410365074429887,0.17170249351277814,-0.9851488485104646,0.9962802940213323,0.08617178044329644,0.6759542216587983,0.7369436140042521,0.36266815823542314,0.9319183478192314,0.18450156121394817,0.9828322206305692,-0.09264928323908087,-0.9956988050185078,0.9989241224984278,-0.04637453493832645,0.7233168513654049,0.6905162797000783,0,1,0,0,99,15
1701730500,12,5,1,415,18.7,0.5,93,0,1,0,0,0,0,0,0.30483933083715453,0.9524037916633658,0.15426634165726855,0.9880292990755299,-0.07736504677330103,-0.9970028332646628,0.9992504273866143,-0.038711540497229205,0.7206634236927906,0.693285099905793,0.3916087972034126,0.9201318111840806,0.19983516809600785,0.9798295288426657,-0.10042527360513957,-0.9949446036947649,0.9987353512554678,-0.050276218559250574,0.7246641354997674,0.6891022353180801,0,1,0,0,99,15
1701730560,12,5,1,416,18.7,0.5,93,0,1,0,0,0,0,0,0.9661255498763625,0.25807251282555527,0.6090679301910603,0.7931180595679168,-0.32162240316253093,-0.9468680107512125,0.9866275920404853,-0.16299078079570548,0.7625584504796027,0.6469193223286404,0.4201670368266409,0.9074467814501962,0.21511998808781552,0.9765876257280235,-0.10819513453010837,-0.9941296760805463,0.9985313405398316,-0.05417713502693632,0.7260086552607126,0.6876855622205048,0,1,0,0,99,15
1701730620,12,5,1,417,18.7,0.5,93,0,1,0,0,0,0,0,0.7391603938754915,-0.6735294441417006,0.9147484474274064,0.4040238581187374,-0.5458828362759094,-0.8378615214099336,0.958608763106705,-0.2847266044735426,0.8014757028361941,0.5980273386419961,0.4483149904687573,0.8938756453338451,0.2303522896197853,0.9731073027507925,-0.11595839178172378,-0.9932540719148331,0.9983120934644719,-0.05807722481819786,0.7273504055193061,0.6862662658115296,0,1,0,0,99,15
1701730680,12,5,1,418,18.7,0.5,93,0,1,0,0,0,0,0,-0.1673854194417015,-0.9858915363052498,0.9964666417661079,-0.08398947462256867,-0.7362029185702026,-0.6767608607837156,0.9156311650396451,-0.40201936471784816,0.837263209724949,0.5468000709958585,0.4760251721307086,0.879431654819139,0.24552835394396,0.9693894095819128,-0.12371457153077643,-0.9923178446399905,0.9980776133748294,-0.061976428422463405,0.7286893811571785,0.684844351505339,0,1,0,0,99,15
1701730740,12,5,1,419,18.7,0.5,93,0,1,0,0,0,0,0,-0.9200378500616057,-0.39182949666151784,0.8342150492113882,-0.5514392547409379,-0.8807494691286899,-0.4735824876719271,0.8583654488829123,-0.513038747234589,0.8697812216973269,0.49343756077411205,0.5032705232903513,0.8641289142176971,0.26064447604189017,0.9654348538916795,-0.1314632003800313,-0.9913210513985062,0.9978279038487815,-0.0658746863426833,0.7300255770665447,0.6834198247261037,0,1,0,0,99,15
1701730860,12,5,1,421,18.7,0.5,93,0,1,0,0,0,0,0,0.02658128773805108,0.9996466551448001,-0.013291818069772856,-0.999911659884212,-0.9999779147271733,0.00664605581484232,0.7047531284730695,-0.7094526255553792,0.9245140954997331,0.38114785480481245,0.5562607954885853,0.831007778184059,0.290682147556348,0.956819674281434,-0.14693591412341295,-0.9891460140650201,0.9972828119608349,-0.07366812721584506,0.732689609321657,0.6805629554949912,0,1,0,0,99,15
1701730920,12,5,1,422,18.7,0.5,93,0,1,0,0,0,0,0,0.8555355864224282,0.5177440104577087,-0.491047853850463,-0.8711325991081119,-0.9672467624934477,0.2538379413049674,0.6108035931029845,-0.7917821484805551,0.9465152266288576,0.3226591479560474,0.5819539724256346,0.813221724979125,0.3055963637061761,0.9521611536339647,-0.15465905464284221,-0.9879679027260867,0.9969874379163678,-0.07756319125046778,0.7340174355049299,0.6791306239412018,0,1,0,0,99,15
1701730980,12,5,1,423,18.7,0.5,93,0,1,0,0,0,0,0,0.8979144124545271,-0.44017008974536365,-0.8485782491159444,-0.5290698962588196,-0.8743768913514411,0.4852474130488386,0.5073226719510776,-0.8617561757970866,0.9648202360536098,0.26291046403948376,0.6070788811845279,0.7946415745603435,0.3204359728866724,0.9472701764967436,-0.16237275557071826,-0.9867294909185454,0.9966768510702316,-0.0814570717662211,0.7353424616347886,0.6776957017105018,0,1,0,0,99,15
1701731040,12,5,1,424,18.7,0.0,93,0,1,0,0,0,0,0,0.1147548686204055,-0.9933938393849207,-0.9983470937967718,-0.057472430847665464,-0.7271425000808527,0.6864865509069841,0.39592515018183416,-0.9182827862121189,0.979357643103917,0.20213512038718198,0.6316109877182386,0.775285470129288,0.33519735222008545,0.9421479369316923,-0.1700765461024943,-0.9854308542286699,0.9963510561615996,-0.08534970934727917,0.7366646826566614,0.6762581942766833,1,0,0,0,99,15
1701731100,12,5,1,425,18.6,0.0,93,0,1,0,0,0,0,0,-0.773909772204126,-0.6332958743643905,-0.9036857513440141,0.42819629005609655,-0.5346979100127022,0.845043279973309,0.27834934886459767,-0.9604799008759395,0.9900706795163514,0.14057044341549993,0.6555263368410532,0.7551723125934571,0.3498768979273589,0.9367956854601374,-0.17776995603850315,-0.9840720719185504,0.9960100581617011,-0.08924104459678178,0.7379840935266768,0.6748181071234004,1,0,0,0,99,15
1701731160,12,5,1,426,18.6,0.0,93,0,1,0,0,0,0,0,-0.9510453375319575,0.3090513969532009,-0.5877706198198406,0.8090276252864301,-0.30900839366720273,0.9510593107915064,0.15642999905467883,-0.9876890479274097,0.9969175111129831,0.07845684187051573,0.6788015756204033,0.7343217421098587,0.3644710262079424,0.9312147287575134,-0.1854525158126556,-0.9826532269212557,0.9956538622737461,-0.09313101813774066,0.7393006892116836,0.6733754457441478,1,0,0,0,99,15
1701731220,12,5,1,427,18.6,0.0,93,0,1,0,0,0,0,0,-0.2537942055031938,0.9672582391755589,-0.12794874134676187,0.9917807820218032,-0.06410623206130915,0.9979430800456014,0.032069611428879305,-0.9994856377271265,0.9998714011629511,0.016036868037019116,0.701413976180608,0.7127541189067303,0.3789761741147256,0.9254064293343575,-0.19312375652110036,-0.9811744058357712,0.9952824739328456,-0.09701957061394559,0.7406144646892693,0.67193021564224,1,0,0,0,99,14
1701731280,12,5,1,428,18.6,0.0,93,0,1,0,0,0,0,0,0.6767941486332613,0.7361723170398212,0.36319945137636067,0.9317114137542325,0.18478174456066745,0.9827795820412206,-0.09279121175730869,-0.9956855884367365,0.9989208147888241,-0.046445729422969886,0.7233414578962587,0.6904905034021214,0.39338880042387997,0.9193722052036709,-0.20078320995084364,-0.9796356989217142,0.9948958988059289,-0.10090664269087,0.7419254149477796,0.6704824223307908,1,0,0,0,99,13
1701731340,12,5,1,429,18.6,0.0,93,0,1,0,0,0,0,0,0.9851410837124249,-0.17174703834974567,0.7654237513788508,0.6435265968280777,0.4221808872816973,0.9065116096410674,-0.21620405911884805,-0.9763481985544571,0.9940694640100503,-0.10874695730351001,0.7445626089535755,0.6675526356387524,0.4077053864993983,0.9131135295347322,-0.2084304086083264,-0.9780372000938237,0.9944941427916566,-0.10479217505657644,0.743233534986338,0.6690320713326916,1,0,0,0,99,12
1701731460,12,5,1,431,18.6,0.0,93,0,1,0,0,0,0,0,-0.5661324855759046,-0.824314265784384,0.9550691770192314,-0.2963829737144291,0.8051034013449543,0.5931344814987454,-0.45103520843790823,-0.8925061572613225,0.9727554053464115,-0.2318338227466793,0.7848037406723669,0.619744373614364,0.43603648149302604,0.8999289898693018,-0.22368617540060243,-0.9746612205964957,0.9936451128538035,-0.11255838352496064,0.745841264454093,0.6661237184168716,1,0,0,0,99,12
1701731520,12,5,1,432,18.6,0.0,93,0,1,0,0,0,0,0,-0.9995192244043064,0.03100516160599342,0.6960584883449115,-0.7179850839697136,0.926818505417785,0.3755095977670121,-0.5587890488516163,-0.8293098328631502,0.956375928404503,-0.2921388087338362,0.8037844265516209,0.594920663309892,0.4500440737806176,0.8930063446890767,-0.23129381240202182,-0.9728839459794464,0.9931978518853749,-0.11643894112485227,0.7471408639355942,0.6646657275936332,1,0,0,0,99,12
1701731580,12,5,1,433,18.6,0.0,93,0,1,0,0,0,0,0,-0.5139525978344581,0.8578185864034492,0.2666284058353037,-0.9637994050640022,0.9909085237962186,0.13453734599730627,-0.6578231730498302,-0.7531724058930022,0.9362618239288095,-0.3513029989247159,0.8219802305787883,0.5695160230736639,0.4639417942621338,0.8858656848173045,-0.2388873324212645,-0.9710472915407634,0.9927354359396977,-0.1203177220097618,0.7484376133017908,0.6632052012726672,1,0,0,0,99,10
1701731640,12,5,1,434,18.6,0.5,93,0,1,0,0,0,0,0,0.4441396769705497,0.8959575588946699,-0.22808160941352784,-0.9736420181192547,0.9933886495524434,-0.1147997863254662,-0.7465921866472573,-0.665281975433926,0.9124916370668626,-0.4090953584227484,0.8393733848600241,0.5435552601057465,0.4777262500084402,0.8785087535436817,-0.24646627198900695,-0.9691513693803672,0.9922578720726702,-0.1241946669942652,0.749731507605978,0.6617421450254377,0,1,0,0,99,10
1701731700,12,5,1,435,18.7,0.5,93,0,1,0,0,0,0,0,0.9938919810238954,0.11035728365811025,-0.6669492920537099,-0.7451031081864141,0.9341046804792315,-0.3569992239582503,-0.8237108788762748,-0.5670100422575202,0.8851581898896717,-0.46529020930086196,0.8559469052753395,0.517063724650617,0.4913940757423633,0.8709373469574654,-0.2540301685258412,-0.9671962952155745,0.9917651675713295,-0.12806971692095193,0.7510225419123423,0.6602765644330594,0,1,0,0,99,9
1701731760,12,5,1,436,18.7,0.5,93,0,1,0,0,0,0,0,0.6298645812915785,-0.7767049692350272,-0.9425245273294025,-0.33413697099017103,0.8167426066363169,-0.577002178942952,-0.8879758383376634,-0.4598901070131037,0.8543682189235223,-0.5196681118689583,0.8716846080633058,0.49006728524307847,0.5049419346602744,0.8631533135089845,-0.26157856037050853,-0.9651821883740356,0.99125732995374,-0.13194281266132774,0.7523107112959804,0.6588084650862769,0,1,0,0,99,9
1701731820,12,5,1,437,18.7,0.5,93,0,1,0,0,0,0,0,-0.31325740971087507,-0.9496682553719656,-0.9873368866227894,0.15863755013872718,0.6485994333412853,-0.7611299331056187,-0.9383842318329999,-0.34559374046297575,0.820241958346126,-0.572016721581207,0.8865711256242239,0.4625923034480756,0.518366519246722,0.8551585535583667,-0.26911098680807644,-0.9631091717864508,0.9907343669688791,-0.13581389511671688,0.7535960108429174,0.657337852585443,0,1,0,0,99,9
1701731880,12,5,1,438,18.7,0.5,93,0,1,0,0,0,0,0,-0.9683719828857112,-0.24951092713946563,-0.7904147414931815,0.6125720663156844,0.44012948872139646,-0.8979343145007,-0.9741494532413135,-0.22590449917974179,0.7829126704747286,-0.6221316182369524,0.9005919215263238,0.4346656081190733,0.531664552081915,0.8469550189115929,-0.2766269880980588,-0.9609773719790682,0.9901962865965183,-0.1396829052191638,0.7548784356501264,0.6558647325404974,0,1,0,0,99,9
1701731940,12,5,1,439,18.7,0.5,93,0,1,0,0,0,0,0,-0.73316982087163,0.6800455968264643,-0.3999715009682163,0.9165275764608679,0.20429442422534697,-0.9789094892943034,-0.9947133982445153,-0.1026900937425236,0.7425261253796137,-0.6698171042372225,0.9137333047003438,0.4063144692001366,0.5448327866418574,0.838544712343992,-0.2841261055024758,-0.9587869190659601,0.9896430970471022,-0.14354978393233453,0.7561579808255463,0.6543891105709452,0,1,0,0,99,4
1701732060,12,5,1,441,18.7,0.5,93,0,1,0,0,0,0,0,0.9234700129260028,0.3836706077176726,0.5551258381134531,0.8317663757683622,-0.2900289849580881,-0.9570178618417637,-0.9891961033692368,0.14659832563545244,0.653223420570844,-0.757165215007746,0.9373273747756826,0.3484499856451812,0.5707670340667981,0.8211120464483459,-0.29907185888315707,-0.9542305922701142,0.9884914244114903,-0.15127691120902387,0.7587084127677193,0.6514303833837413,0,1,0,0,99,2
1701732120,12,5,1,442,18.7,0.5,93,0,1,0,0,0,0,0,0.8218006615020342,-0.5697751071737155,0.8859387978787574,0.4638021630104179,-0.5177826942789717,-0.855512174960245,-0.9632009590319782,0.2687822771684872,0.6046559860083719,-0.7964867472747074,0.9477570224679708,0.31899314469537793,0.5835267154572368,0.8120939430556596,-0.3065175826476683,-0.9518649964820798,0.9878929588984021,-0.1551370418660872,0.7599792898053496,0.6499472894527343,0,1,0,0,99,3
1701732180,12,5,1,443,18.7,0.5,93,0,1,0,0,0,0,0,-0.035428428178979524,-0.9993722161821225,0.999843041727581,-0.01771699491840461,-0.7133431835093137,-0.7008148846455801,-0.9221753858799258,0.38677197116286743,0.553727382760295,-0.8326980158385354,0.9572612015115142,0.2892248123531802,0.5961439371690447,0.8028775785738385,-0.31394459815878467,-0.9494413037607534,0.9872794193542053,-0.15899480532276297,0.7612472677529828,0.6484617161703677,0,1,0,0,99,2
1701732240,12,5,1,444,18.7,0.5,93,0,1,0,0,0,0,0,-0.8600847843788071,-0.510151118473792,0.8689508382163492,-0.49489841458940237,-0.8645514486106083,-0.5025443191453852,-0.8667595742607592,0.49872621790648564,0.500636485932415,-0.8656576164704166,0.9658306312367652,0.2591740568899436,0.608615618888497,0.7934652030460894,-0.3213524521097596,-0.9469596620358465,0.9866508151407586,-0.1628501427143272,0.7625123417736683,0.6469736692036518,0,1,0,0,99,2
1701732300,12,5,1,445,18.8,0.5,93,0,1,0,0,0,0,0,-0.8939831563049628,0.44810056487692174,0.5253091637898002,-0.8509114421832984,-0.9620060920241873,-0.27302798191458466,-0.7978182693804977,0.6028980088229747,0.44559061434068903,-0.8952368426352254,0.9734569437410228,0.22887022235840837,0.620938715833371,0.7838591143689051,-0.3287406923633694,-0.9444202227739792,0.9860071558497887,-0.16670299521307466,0.7637745070415334,0.6454831542290338,0,1,0,0,99,1
1701732360,12,5,1,446,18.8,0.5,93,0,1,0,0,0,0,0,-0.10595753713889097,0.9943706554014256,0.05305348526993529,-0.9985916721566993,-0.9996478560364893,-0.026536087157875483,-0.7164272772437812,0.6976617779562402,0.38880472093569013,-0.9213201880877897,0.980132692059547,0.19834289993873028,0.6331102194962855,0.7740616577310655,-0.3361088679795094,-0.9418231409694353,0.9853484513027448,-0.17055330402921653,0.765033758741801,0.643990176932375,0,1,0,0,99,0
1701732420,12,5,1,447,18.8,0.5,93,0,1,0,0,0,0,0,0.7794849530244592,0.6264209511250854,-0.4321915367489943,-0.9017818336840362,-0.9751363580761503,0.22160569297286092,-0.6238566770609814,0.7815387683835208,0.3305005534159355,-0.9438057979223058,0.9858513574373943,0.1676218990431951,0.6451271583791853,0.7640752250410934,-0.34345652924271697,-0.9391685751347022,0.9846747115506476,-0.17440101041177747,0.7662900920708089,0.6424947430089302,0,1,0,0,99,0
1701732480,12,5,1,448,18.8,0.5,93,0,1,0,0,0,0,0,0.9482725721561587,-0.3174572867274317,-0.8116209973649744,-0.5841843515845697,-0.8899956043668333,0.4559691044442761,-0.5215510020869119,0.8532201077225842,0.27090578830786904,-0.9626058663135666,0.9906073556948704,0.1367372182078336,0.6569865987187891,0.7539022543433046,-0.35078322768961984,-0.9364566872907963,0.9839859468739369,-0.17824605564949209,0.7675435022360271,0.6409968581633251,0,1,0,0,99,0
1701732540,12,5,1,449,18.8,0.5,93,0,1,0,0,0,0,0,0.2452227616305097,-0.9694667591920345,-0.9923373315541532,-0.1235581660756696,-0.7495192346016444,0.661982565451814,-0.4111066981625245,0.9115872326474889,0.2102531418938979,-0.9776469793968293,0.9943960426803873,0.10571901579936002,0.6686856452028263,0.7435452292225941,-0.35808851613630804,-0.9336876429573742,0.9832821677823141,-0.18208838107170075,0.7687939844560767,0.6394965281095353,0,1,0,0,99,0
1701732660,12,5,1,451,18.8,0.5,93,0,1,0,0,0,0,0,-0.9835823060282404,0.18046009882566544,-0.640132760126497,0.7682643096049905,-0.34039366209949434,0.9402830184590676,-0.17279609593525602,0.9849576179864461,0.08672480041358972,-0.9962323067403621,0.999057632656986,0.04340330206123635,0.6915911718417044,0.7222891741059243,-0.3726330808543947,-0.9279787643329788,0.9818296095384826,-0.18976463799536156,0.7712861459910199,0.6364885552799195,0,1,0,0,99,0
1701732720,12,5,1,452,18.8,0.5,93,0,1,0,0,0,0,0,-0.3795798508807975,0.9251589792059046,-0.19344381715900788,0.9811113543339269,-0.09718190589320902,0.9952666362171313,-0.04864855487508726,0.9988159580766447,0.02433148087720227,-0.9997039456950855,0.9999259836845639,0.012166640968536861,0.7027920599407278,0.7113953334709671,-0.37987146940052824,-0.9250392784825321,0.9810808525505256,-0.19359845236657747,0.7725278157990745,0.6349809239785958,0,1,0,0,99,0
1701732780,12,5,1,453,18.8,0.5,93,0,1,0,0,0,0,0,0.5734065686442813,0.8192709606934638,0.300606918837987,0.9537481220672112,0.1520721505286041,0.9883693950308283,0.07625813061297684,0.9970881092037023,-0.03815685257131214,-0.9992717621357321,0.9998179239580905,-0.019081900642597186,0.7138213714377698,0.7003278158681843,-0.3870866725500994,-0.9220433330023552,0.9803171254758215,-0.19742931266360217,0.7737665386483193,0.6334708704180476,0,1,0,0,99,0
1701732840,12,5,1,454,18.8,0.5,93,0,1,0,0,0,0,0,0.9992056333576834,-0.03985100081893557,0.7210585970706318,0.6928740863898232,0.39187109718004004,0.9200201319508784,0.19997483347801748,0.9798010338713872,-0.1004961843270998,-0.9949374437298526,0.9987335589960549,-0.05031180910157879,0.724676413684611,0.6890893232732681,-0.3942782499242964,-0.9189911107495187,0.9795384399679061,-0.20125716043222083,0.7750023098134033,0.6319584003586705,0,1,0,0,99,4
1701732900,12,5,1,455,18.9,0.5,93,0,1,0,0,0,0,0,0.5063396468349013,-0.8623341359607118,0.9649699829426591,0.2623603095356538,0.6073053970056359,0.7944684731113166,0.32057099594994815,0.9472244911084481,-0.1624430806337284,-0.9867179158980666,0.9966739476624406,-0.08149258893277783,0.7353545365783697,0.677682599403003,-0.40144576258630316,-0.915882798015937,0.9787448079085622,-0.20508193726418603,0.776235124580235,0.6304435195700777,0,1,0,0,99,4
1701732960,12,5,1,456,18.9,0.5,93,0,1,0,0,0,0,0,-0.45205267588297,-0.8919912433578294,0.9726230624856244,-0.23238842122852268,0.7849803886813105,0.6195206125592099,0.43616475524782494,0.8998668269691937,-0.22375564018679642,-0.9746452757206577,0.9936411011327626,-0.11259379263383548,0.7458531332084875,0.6661104290454266,-0.4085887730680895,-0.9127185845169985,0.9779362414076386,-0.2089035847981091,0.7774649782460008,0.6289262338310793,0,1,0,0,99,2
1701733020,12,5,1,457,18.9,0.5,93,0,1,0,0,0,0,0,-0.9948298531417643,-0.1015557152401366,0.7421440949169293,-0.6702403616464259,0.9138491017795076,0.4060539609174956,0.5449523094191382,0.8384670419633367,-0.2841944387533501,-0.9587666665991619,0.9896379809301888,-0.14358505040713354,0.7561696404931679,0.6543756373799633,-0.41570684539711195,-0.9094986633799863,0.9771127528028652,-0.2127220447203506,0.7786918661191828,0.6274065489296591,0,1,0,0,99,1
1701733080,12,5,1,458,18.9,0.5,93,0,1,0,0,0,0,0,-0.6229650513149461,0.7822496691211615,0.3299623697323973,-0.9439940860834779,0.98589910388525,0.16734084067633054,0.645236065065984,0.7639832592002035,-0.34352346411838924,-0.939144094162393,0.9846684960336634,-0.17443609981538652,0.766301539805117,0.6424810892876979,-0.42279954512292356,-0.9062232311322905,0.976274354659665,-0.21653725876591012,0.7799157835195766,0.625884470662953,0,1,0,0,99,1
1701733140,12,5,1,459,18.9,0.5,93,0,1,0,0,0,0,0,0.32165094574030556,0.9468583152216423,-0.16300565140257817,-0.9866251353025733,0.9966506748361166,-0.08177672253589847,0.7354511277222635,0.6775777731980668,-0.4015110377075164,-0.9158541841357899,0.9787374990608538,-0.20511681533239795,0.7762463575864296,0.630429688651955,-0.4298664393436902,-0.9028924876894134,0.975421059770962,-0.22034916871931534,0.7811367257783094,0.6243600048372272,0,1,0,0,99,0
1701733260,12,5,1,461,18.9,0.5,93,0,1,0,0,0,0,0,0.7271218060573149,-0.6865084698355503,-0.9182887535616316,-0.3959113096164656,0.8354374032853884,-0.5495856122495996,0.880223157003268,0.47456000028995304,-0.5125621912070998,-0.8586501034443405,0.9640150682028628,-0.26584760348332986,0.7955650832846204,0.605868136031542,-0.4439210875642528,-0.8960658837472673,0.9736698320650762,-0.22796284374074297,0.7835696662520644,0.6213039337792966,0,1,0,0,99,0
1701733320,12,5,1,462,18.9,0.5,93,0,1,0,0,0,0,0,-0.18481136973170906,-0.9827740114685011,-0.9956841897581032,0.09280621889587708,0.6734960211850264,-0.7391908477842096,0.9325210045313215,0.36111573782915524,-0.5651921187396569,-0.8249593134904155,0.9552380105215703,-0.295838373533239,0.8049342748116889,0.5933639803976818,-0.4509079837407618,-0.8925704399087172,0.9727719259694734,-0.23176449263345197,0.7847816551861582,0.619772340205074,0,1,0,0,99,1
1701733380,12,5,1,463,18.9,0.5,93,0,1,0,0,0,0,0,-0.9268298244906983,-0.3754816592518752,-0.8293014106016808,0.5588015482924706,0.46967991851234675,-0.8828367766162867,0.9702671736733874,0.24203638505781863,-0.6156149831437591,-0.7880470750716034,0.9455281791336532,-0.3255402624318508,0.8141069531799402,0.5807149634580416,-0.4578673588180088,-0.8890205181709929,0.9718591765711205,-0.23556260508515253,0.7859906504167694,0.6182383823877515,0,1,0,0,99,2
1701733440,12,5,1,464,18.9,0.5,93,0,1,0,0,0,0,0,-0.816725212907666,0.5770267988585345,-0.4598767232321427,0.8879827697817494,0.23666139336428604,-0.9715921906288022,0.9928726480845371,0.11918013544881928,-0.6636338842129675,-0.7480575296890004,0.934895055524683,-0.354924266788705,0.8230808790115055,0.5679241732886948,-0.46479878803160896,-0.8854163352030204,0.9709315977974505,-0.2393571231413216,0.7871966473319489,0.616702066178912,0,1,0,0,99,0
1701733500,12,5,1,465,19.0,0.5,94,0,1,0,0,0,0,0,0.04427279290137974,0.99901947919383,0.022141824746053522,0.9997548397466827,-0.011071590972334946,-0.9999387080583196,0.9999846768971812,-0.005535880313030703,-0.7090613091662211,-0.7051468356615412,0.9233490227594171,-0.38396169362220156,0.831853861451097,0.5549947325776158,-0.4717018483228491,-0.8817581109855513,0.9699892038021741,-0.24314798890228217,0.788399641331185,0.6151633974391348,0,1,0,0,99,1
1701733560,12,5,1,466,19.0,0.5,94,0,1,0,0,0,0,0,0.8645665970913422,0.5025182575726944,0.4987392818032813,0.8667520572726362,-0.2581161974066756,-0.9661138797451976,0.9914922792803779,-0.13016551051411895,-0.7517198648812332,-0.6594825583311059,0.9109013553429114,-0.41262418837781073,0.8404237587008743,0.5419297978623197,-0.47857611836450864,-0.8780460687977367,0.9690320089650643,-0.2469351445240868,0.789599627825421,0.6136223820379734,0,1,0,0,99,0
1701733620,12,5,1,467,19.0,0.5,94,0,1,0,0,0,0,0,0.8899818590686664,-0.45599593257909704,0.8532279685345228,0.5215381421434596,-0.4891123888517548,-0.8722207696860524,0.9675279762585814,-0.25276395145861635,-0.7914429706108382,-0.6112430157234452,0.8975642082111578,-0.44088376261581397,0.8487884785433335,0.5287325587592399,-0.4854211785865756,-0.8742804352034992,0.9680600278917365,-0.2507185322194002,0.7907966022370734,0.6120790258539333,0,1,0,0,99,2
1701733680,12,5,1,468,19.0,0.5,94,0,1,0,0,0,0,0,0.09715190417988626,-0.9952695652506521,0.9988166912028082,0.048633500538969116,-0.689697940935389,-0.7240971967004738,0.9284657227653786,-0.37141809547969407,-0.8280755084772445,-0.5606165822201061,0.8833506048619953,-0.4687128213415406,0.8569459788520921,0.5154062371850283,-0.49223661120185463,-0.8704614400377044,0.967073275413426,-0.254498094258381,0.7919905600000485,0.610533334774449,0,1,0,0,99,2
1701733740,12,5,1,469,19.0,0.5,94,0,1,0,0,0,0,0,-0.7849990633729201,-0.6194969495515196,0.8998602529147288,-0.43617831815008895,-0.8474014155493513,-0.5309527671318378,0.8749150722018217,-0.48427638434480896,-0.8614744292040272,-0.5078009529605035,0.8682744246378858,-0.4960841899514116,0.8648942680904446,0.5019540865699712,-0.49902200023146714,-0.8665893163921337,0.9660717665867619,-0.25827377296956255,0.7931814965597604,0.6089853146958625,0,1,0,0,99,4
1701733800,12,5,1,470,19.0,0.5,94,0,1,0,0,0,0,0,-0.9454255122693237,0.3258383046087229,0.5805866409896446,-0.8141984723053474,-0.9524175744665119,-0.3047962661308802,0.8077116645594764,-0.5895777022026527,-0.8915093107204918,-0.4530023718466313,0.8523503891729713,-0.5229711407684791,0.8726314057975678,0.4883793910637103,-0.5057769315302397,-0.8626643006012565,0.9650555166935363,-0.2620455107407332,0.7943694073731481,0.6074349715233996,0,1,0,0,99,1
1701733860,12,5,1,471,19.0,0.5,94,0,1,0,0,0,0,0,-0.2366321052384454,0.9715993241920361,0.11916517068330806,-0.9928744442758198,-0.9982170215629014,-0.05968900955862884,0.7279041865378398,-0.6856788572069913,-0.9180628674570689,-0.39643482616503856,0.8355940480176479,-0.549347419141549,0.8801555030622569,0.47468546473346485,-0.5125009928119824,-0.8586866322278066,0.9640245412404724,-0.26581325001981504,0.795554287908693,0.6058823111711485,0,1,0,0,99,1
1701733920,12,5,1,472,19.0,0.5,94,0,1,0,0,0,0,0,0.689719768063795,0.7240764058730438,-0.37143208943692263,-0.9284601245807608,-0.9819521690440836,0.1891294205289584,0.6367380071391379,-0.7710802229758452,-0.9410314083429535,-0.3383192109710552,0.8180217634546941,-0.5751872690824027,0.8874647229840752,0.46087565075494996,-0.5191937736746512,-0.8546565540481598,0.9629788559589872,-0.26957693331574223,0.7967361336464357,0.6043273395620364,0,1,0,0,99,3
1701733980,12,5,1,473,19.0,0.5,94,0,1,0,0,0,0,0,0.9819464674138593,-0.18915902075619492,-0.7710898199160053,-0.6367263852094576,-0.9046342866621455,0.42618869928151687,0.535635744101569,-0.8444491397596178,-0.9603252417175178,-0.27888246649832815,0.7996506945217794,-0.6004654584160823,0.8945572811218079,0.44695332059618803,-0.5258548656253986,-0.8505743120375162,0.9619184768049516,-0.27333650319933833,0.7979149400779942,0.6027700626278074,0,1,0,0,99,2
1701734040,12,5,1,474,19.0,0.5,94,0,1,0,0,0,0,0,0.3713761131017696,-0.9284825160537067,-0.9819578697820255,-0.18909982012986337,-0.7710706258605184,0.6367496289241701,0.42617506442530745,-0.9046407101507675,-0.9758690255743256,-0.21835669196206517,0.7804987802559544,-0.6251573034196812,0.9014314459291071,0.43292187319441294,-0.5324838621055041,-0.8464401553548877,0.9608434199584467,-0.27709190230419245,0.7990907027065802,0.6012104863089995,0,1,0,0,99,2
1701734160,12,5,1,476,19.0,0.5,94,0,1,0,0,0,0,0,-0.9988137573367454,0.048693717817118926,-0.6896761131802671,0.7241179868699296,-0.3714041014380902,0.9284713207390763,0.18911462035089152,-0.9819550195245901,-0.9954785330494551,-0.09498678980629327,0.7399279660231438,-0.6726861118655962,0.9145179363647266,0.40454535477150383,-0.5456439522383145,-0.8380171104373418,0.9586493390279216,-0.2845899590311104,0.8014330786257547,0.598084459323635,0,1,0,0,99,1
1701734220,12,5,1,477,19.0,0.5,94,0,1,0,0,0,0,0,-0.49868702553633515,0.8667821240437084,-0.25808707441122625,0.9661216600521149,-0.13015056655252244,0.9914942410453312,0.06521410489560044,-0.9978712945679246,-0.9994676819607337,-0.03262441901456225,0.7185486827677587,-0.6954766642330416,0.9207270671140937,0.39020721147036636,-0.5521742426669474,-0.8337287363016721,0.9575303484228769,-0.28833250224205376,0.8025996829808911,0.5965180205819209,0,1,0,0,99,0
1701734280,12,5,1,478,19.0,0.5,94,0,1,0,0,0,0,0,0.45993025772913376,0.8879550427950801,0.2366906812750767,0.9715850561826999,0.11919510018725629,0.9928708516677031,-0.05970405485516448,-0.9982161218062207,-0.9995539309627621,0.029865349435251595,0.696467748917618,-0.7175880954402921,0.9267114155551047,0.3757738046749054,-0.5586708312258188,-0.8293894756611352,0.9563967470828033,-0.29207064585375986,0.8037632256621846,0.5949493063052683,0,1,0,0,99,0
1701734340,12,5,1,479,19.0,0.5,94,0,1,0,0,0,0,0,0.9956897831154927,0.0927461902151406,0.6735183033091452,0.7391705453463161,0.36112979290947733,0.9325155616251978,-0.18369055279845262,-0.9829841203257552,-0.9957369432550334,0.09223849433464518,0.6737067261299069,-0.7389988140500109,0.9324695206949155,0.36124865809438594,-0.565133321396648,-0.8249995933618349,0.9552485523050623,-0.2958043328267565,0.8049237022310738,0.5933783224778453,0,1,0,0,99,2
1701734460,12,5,1,481,19.0,0.5,94,0,1,0,0,0,0,0,-0.33001928131531005,-0.9439741913633689,0.9858940590558828,-0.16737055989126504,0.7639929842254002,0.6452245501020304,-0.421174221610232,-0.9069797544879462,-0.9764680625826803,0.21566205682972353,0.6262339591439754,-0.779635189312836,0.9433014336130409,0.3319373515342646,-0.5779544309310792,-0.8160690386034335,0.9529084527391478,-0.30325810903961536,0.8072354393358901,0.5902295701506256,0,1,0,0,99,0
1701734520,12,5,1,482,19.0,0.5,94,0,1,0,0,0,0,0,-0.9726370711153801,-0.23232978261965265,0.7849617132764033,-0.6195442750039529,0.8998734008192355,0.4361511922464772,-0.5309655392553846,-0.8473934128391833,-0.9610914141847234,0.2762305080551537,0.6015685712970908,-0.7988211652351087,0.9483725969351678,0.3171583474897762,-0.5843122677602378,-0.8115289112193651,0.9517165836580145,-0.3069780845440232,0.8083866910532431,0.5886518136623622,0,1,0,0,99,0
1701734580,12,5,1,483,19.0,0.5,94,0,1,0,0,0,0,0,-0.7210168232776373,0.692917556820885,0.39184336359004157,-0.9200319442337003,0.9798040478161182,0.1999600657210081,-0.6324713172464788,-0.7745837804011287,-0.9419617243819222,0.33572028505801615,0.5763157619491175,-0.8172271058457423,0.9532122286893256,0.30230191378343746,-0.5906344411802289,-0.8069392522933302,0.9505101925527496,-0.31069337594054836,0.8095348590210765,0.5870718116463486,0,1,0,0,99,0
1701734640,12,5,1,484,19.0,0.5,94,0,1,0,0,0,0,0,0.19350296674212325,0.9810996900733364,-0.09721190751822432,-0.9952637062792294,0.9988152247235795,-0.04866360920015389,-0.7241075918674496,-0.6896870271361664,-0.9191536942035773,0.3938990815322077,0.5505001900398365,-0.8348350380560844,0.9578191473488313,0.28737167740046654,-0.5969205653181726,-0.8023003419544537,0.949289297831397,-0.3144039265384152,0.8106799388594784,0.5854895701298123,0,1,0,0,99,0
1701734700,12,5,1,485,19.0,0.5,94,0,1,0,0,0,0,0,0.9301170215238276,0.36726329284539677,-0.5624663132822282,-0.8268202019923669,0.9557249086406524,-0.29426161659961114,-0.8044444097013824,-0.5940279384845417,-0.8927563885194386,0.4505397105225345,0.52414706403712,-0.851627768019143,0.9621922282005667,0.2723712833439467,-0.6031702565014514,-0.7976124633379128,0.9480539181233082,-0.31810967971918674,0.8118219262003172,0.5839050951485237,0,1,0,0,99,1
1701734760,12,5,1,486,19.0,0.5,94,0,1,0,0,0,0,0,0.8115857761709371,-0.584233282103149,-0.8900093488562771,-0.4559422758951242,0.8532122467168191,-0.5215638619118831,-0.8722281415753229,-0.4890992425306529,-0.8628728882432953,0.5054209915849098,0.4972821173212898,-0.8675888979190864,0.9663304036195608,0.257304393744951,-0.6093831332811276,-0.7928759025676563,0.9468040722788575,-0.3218105789376289,0.8129608166872586,0.5823183927467734,0,1,0,0,99,1
1701734820,12,5,1,487,19.0,0.5,94,0,1,0,0,0,0,0,-0.053113688973945104,-0.9985884718158823,-0.9996470556691202,0.026566220884026468,0.6976509797584941,-0.7164377924439869,-0.9264010450242344,-0.37653831648054964,-0.8296198878042129,0.5583286144912557,0.4699315830569086,-0.8827028419834321,0.9702326633296345,0.24217468696848557,-0.6155588164552248,-0.7880909487389401,0.9455397793691549,-0.32550656772257286,0.8140966059757813,0.5807294689773488,0,1,0,0,99,2
1701734880,12,5,1,488,19.0,0.5,94,0,1,0,0,0,0,0,-0.8689806734225085,-0.49484602576777714,-0.8645362993442719,0.5025703802614231,0.4987131538963941,-0.8667670910519801,-0.9661177700083929,-0.25810163593826746,-0.7931272394572851,0.6090559761063561,0.4421221685765394,-0.8969548417022889,0.9738980546500462,0.2269858567154693,-0.621696929091873,-0.7832578939006837,0.9442610586857545,-0.3291975896777772,0.8152292897331944,0.579138329901511,0,1,0,0,99,1
1701734940,12,5,1,489,19.0,0.5,94,0,1,0,0,0,0,0,-0.8859108342361154,0.46385557427185253,-0.5177569051824165,0.8555277827960506,0.2687677596029232,-0.9632050100565431,-0.9907585503180235,-0.1356373656914954,-0.7535374462133568,0.65740498716868,0.413881029301489,-0.9103309802397916,0.977325682728074,0.21174161112097017,-0.6277970965523135,-0.7783770330376437,0.9429679297403607,-0.332883588482788,0.8163588636386537,0.5775449815889719,0,1,0,0,99,1
1701735000,12,5,1,490,19.0,0.5,94,0,1,0,0,0,0,0,-0.08833865964017233,0.9960904985055212,-0.04421256322855966,0.9990221465276736,0.0221116877728314,-0.9997555067434422,-0.9999388748177166,-0.011056519718198895,-0.7110051053678162,0.7031868458247073,0.3852357422249997,-0.9228181960236553,0.9805147107574815,0.19644567184891684,-0.6338589465137663,-0.7734486640524104,0.9416604122645303,-0.33656450789379855,0.8174853233831781,0.5759494301178713,0,1,0,0,99,2
1701735060,12,5,1,491,19.0,0.5,94,0,1,0,0,0,0,0,0.7904516712343437,0.6125244121199033,0.4401565561706975,0.8979210466738997,-0.22591918170675576,-0.9741460482581397,-0.9935154876140935,0.11369685954735136,-0.6656963048014645,0.7462227748961269,0.3562142789837832,-0.9344042954995784,0.9834643601828127,0.18110177318350804,-0.6398821089921534,-0.7684730877472249,0.9403385262093713,-0.34024029174450743,0.818608664669666,0.5743516815747528,0,1,0,0,99,1
1701735120,12,5,1,492,19.0,0.5,94,0,1,0,0,0,0,0,0.9425043809306535,-0.3341937939677003,0.8167599996228085,0.5769775585030581,-0.45990349068959124,-0.8879689066918555,-0.9715886235161092,0.23667603734656428,-0.617787974410896,0.7863447200008926,0.3268449785441926,-0.9450779650380419,0.9861739108894643,0.16571366111754054,-0.6458662163646817,-0.7634506078056198,0.9390022917452384,-0.3439108839469756,0.8197288832129119,0.5727517420545416,0,1,0,0,99,1
1701735180,12,5,1,493,19.0,0.5,94,0,1,0,0,0,0,0,0.22802290938096753,-0.9736557670950443,0.9933921096664309,0.11476984121483252,-0.665293228127706,-0.7465821593149787,-0.9345004439043832,0.3559619647413339,-0.567467195201038,0.8233960058019877,0.29715651952970196,-0.9548287819818765,0.9886427013794914,0.15028509243787871,-0.6518109033922803,-0.7583815307738838,0.9376517292614257,-0.34757622849248204,0.8208459747396225,0.5711496176605207,0,1,0,0,99,1
1701735240,12,5,1,494,19.0,0.0,94,0,1,0,0,0,0,0,-0.6961017734720562,-0.7179431181988293,0.9268071855026884,-0.3755375359409301,-0.8293182549362247,-0.5587765492838215,-0.8828296974172939,0.4696932247308761,-0.5149304687378307,0.8572319478212639,0.2671778922167178,-0.9636472248238107,0.9908701289331036,0.13481983380828896,-0.6577158072418934,-0.7532661660423522,0.9362868593658549,-0.3512362694523786,0.8219599349884332,0.5695453145043077,1,0,0,0,99,2
1701735300,12,5,1,495,19.0,0.0,93,0,1,0,0,0,0,0,-0.9802336960326743,0.19784312260506456,0.6333075387972795,-0.7739002269689111,-0.9417802893905008,-0.3362289198084311,-0.8173826887720437,0.5760950790414586,-0.46038294981381606,0.8877204174292317,0.23693837022606568,-0.9715246825040607,0.9928556497558093,0.1193216608498628,-0.6635805675086248,-0.7481048258265224,0.9349077028847613,-0.3548909509789434,0.8230707597099242,0.5679388387058313,1,0,0,0,99,4
1701735360,12,5,1,496,19.0,0.0,93,0,1,0,0,0,0,0,-0.36314327904015004,0.9317333088861682,0.184752119221718,-0.982785151720906,-0.9956869868891794,-0.09277620459766088,-0.7391806966492228,0.6735071623235863,-0.404037645323065,0.9147423578045313,0.2064674819377966,-0.9784534628188842,0.9945987791111761,0.10379435721925297,-0.669404826237736,-0.7428978251479987,0.9335142808623762,-0.3585402173062328,0.8241784446666367,0.5663301963933087,1,0,0,0,99,6
1701735420,12,5,1,497,19.0,0.0,93,0,1,0,0,0,0,0,0.5878193939808536,0.8089921878856321,-0.30903706259473784,-0.9510499955011913,-0.9876866900746388,0.1564448856607474,-0.6494440369805748,0.7604093915979561,-0.3461145824738131,0.938192248848272,0.1757949816572247,-0.9844267999318873,0.9960990914391719,0.08824171368494811,-0.6751882279464934,-0.7376454818152647,0.9321066145606051,-0.3621840127509325,0.8252829856330895,0.5647193937032212,1,0,0,0,99,6
1701735480,12,5,1,498,19.0,0.0,93,0,1,0,0,0,0,0,0.9983436270438855,-0.05753261979833144,-0.727163193443649,-0.68646463135462,-0.9182768186539993,0.39593899065726024,-0.5495730203270262,0.8354456866419445,-0.28683994958692166,0.9579785192377605,0.14495082056035336,-0.9894388609807482,0.9973562204600591,0.07266752720181091,-0.6809304196458655,-0.7323481164042859,0.9306847254587038,-0.36582228171320713,0.8263843783957945,0.5631064367802915,1,0,0,0,99,12
1701735540,12,5,1,499,19.0,0.0,93,0,1,0,0,0,0,0,0.4909953335002932,-0.8711622021649791,-0.9672544138345865,-0.253808784161444,-0.7917729422509473,0.6108155269140414,-0.44112610050072903,0.8974451311679287,-0.22644521283532507,0.9740239040105557,0.11396511744705974,-0.9934847517729086,0.9983698592638173,0.05707559998410604,-0.6866310508620674,-0.7270060522389432,0.9292486352529508,-0.36945496867754857,0.8274826187532728,0.56149133177746,1,0,0,0,99,14
1701735660,12,5,1,501,19.0,0.0,93,0,1,0,0,0,0,0,-0.9964717035719659,-0.08392939878483582,-0.7361825177171881,0.676783052837157,-0.40200556411749017,0.9156372242425372,-0.20538107965129446,0.978682079186734,-0.1032422413871038,0.9946562419214826,0.05169022189214013,-0.9986631669190275,0.9996657358635004,0.02585375292846797,-0.6979062426542451,-0.716189134561698,0.9263339393981249,-0.37670337497711776,0.829669625506779,0.5582547021848012,1,0,0,0,99,10
1701735720,12,5,1,502,19.0,0.0,93,0,1,0,0,0,0,0,-0.6090201130220971,0.7931547780443311,-0.3215938602925038,0.9468777054203809,-0.1629759101518061,0.9866300485542645,-0.08176170083154903,0.9966519072761223,-0.0409151116574164,0.9991626262216082,0.020461839829201516,-0.9997906346384747,0.999947657289739,0.010231455456709277,-0.7034801150506284,-0.710714941258698,0.9248553782237248,-0.38031898371058337,0.8307583835600407,0.556633189941732,1,0,0,0,99,7
1701735780,12,5,1,503,19.0,0.0,93,0,1,0,0,0,0,0,0.33836176080013775,0.9410161097602051,0.17173219010976784,0.985143672202234,0.08618679654612434,0.9962789951118698,0.043133541983763984,0.9990693156913262,0.0215717907077017,0.9997673018486167,-0.010786522873087307,-0.9999418237699174,0.9999854558367129,-0.005393339878159504,-0.7090110506466594,-0.7051973695788437,0.9233627048941395,-0.3839287892442792,0.8318439725225757,0.5550095543122302,1,0,0,0,99,5
1701735840,12,5,1,504,19.0,0.0,93,0,1,0,0,0,0,0,0.9746553921779337,0.22371156988067947,0.623012211003653,0.7822121099422712,0.329990825673782,0.9439841391523142,0.16735570030280691,0.9858965815825497,0.08397445569174683,0.9964679075571249,-0.04202435271884079,-0.999116586679734,0.9997791222764492,-0.021016818506448383,-0.7144987118625367,-0.6996367562862716,0.9218559421857278,-0.38753273649701414,0.832926388253192,0.5533838014899721,1,0,0,0,99,3
1701735900,12,5,1,505,19.1,0.0,93,0,1,0,0,0,0,0,0.7148553508409695,-0.69927235564838,0.9217571143333747,0.3877677425673905,0.5532776235456344,0.8329969215331442,0.2889663288921875,0.9573392610598251,0.1460492022233857,0.9892773274112333,-0.07322114649732905,-0.997315729197939,0.9993287069823269,-0.03663516617992241,-0.7199427637597042,-0.6940334407721567,0.9203351130898344,-0.3911307704769872,0.8340056266228025,0.5517559376767108,1,0,0,0,99,1
1701735960,12,5,1,506,19.1,0.0,93,0,1,0,0,0,0,0,-0.20217940333482604,-0.9793485022540106,0.9948237286710673,-0.10161569206079699,0.7421642985420401,0.6702179898880674,0.4060677345664961,0.9138429815586667,0.20755362974582411,0.9782236404725319,-0.10434644106884551,-0.994541009831302,0.9986343199167806,-0.05224456990299564,-0.7253428740612937,-0.6883877650339976,0.9188002408124406,-0.3947228362826266,0.8350816835144412,0.5501259690822519,1,0,0,0,99,0
1701736020,12,5,1,507,19.1,0.0,93,0,1,0,0,0,0,0,-0.9333313464826719,-0.35901615238432194,0.8243227985396018,-0.5661200613013454,0.8849067920694658,0.4657681497798313,0.5168325890557641,0.8560864879729826,0.2682475647857939,0.9633500111519651,-0.1353698431114458,-0.990795138046197,0.9976961306044534,-0.06784121886361938,-0.7306987131724058,-0.6827000736547422,0.9172513487738087,-0.39830887910342766,0.8361545548232777,0.5484939019244299,1,0,0,0,99,0
1701736080,12,5,1,508,19.1,0.0,93,0,1,0,0,0,0,0,-0.8063827539523806,0.5913939922996974,0.45199889806298343,-0.892018495407942,0.972630067242408,0.23235910202965793,0.6195324438519512,0.784971051068018,0.3278939988258263,0.9447145206537312,-0.16626105879951092,-0.9860817716228536,0.9965143680908102,-0.08342130536363722,-0.7360099542002259,-0.6769707137817569,0.9156884606081254,-0.40188884422078897,0.8372242364566345,0.5468597424290853,1,0,0,0,99,0
1701736140,12,5,1,509,19.1,0.0,93,0,1,0,0,0,0,0,0.061950423737127995,0.9980792278165047,-0.030990096672124958,-0.9995196916060495,0.9998799156913918,-0.015496909271697935,0.7125647020698184,0.7016064034515015,0.3862600138174404,0.9223899401694224,-0.19698992338515384,-0.980405513083597,0.99508932088622,-0.09898102574838,-0.7412762729739769,-0.6712000351056382,0.9141116001631415,-0.40546267700884736,0.8382907243340008,0.5452234968300397,1,0,0,0,99,0
1701736260,12,5,1,511,19.1,0.0,93,0,1,0,0,0,0,0,0.8817704007607503,-0.4716788741741842,-0.8578108399216532,-0.5139655269693756,0.8700475639208972,-0.49296778445990996,0.8639929931602194,0.5035038309387974,0.4982450045214717,0.8670362826718376,-0.25784076222366625,-0.9661874255732781,0.9915108233330784,-0.13002417934123234,-0.7516728608048957,-0.6595361326943231,0.9109160588919055,-0.41259172756229423,0.8404141025596531,0.5419447722958981,1,0,0,0,99,0
1701736320,12,5,1,512,19.1,0.0,93,0,1,0,0,0,0,0,0.07951849401287635,-0.996833390848202,-0.9992080341070627,-0.03979075993115771,0.7210377105017316,-0.6928958219201651,0.9200260381967906,0.39185723042955,0.5514266812416906,0.8342233605065102,-0.2879033166650653,-0.9576594803233847,0.9893582466233818,-0.14550003380861354,-0.7568024953079283,-0.6536436208636119,0.9092974268256817,-0.4161468365471424,0.8414709848078965,0.5403023058681398,1,0,0,0,99,0
1701736380,12,5,1,513,19.1,0.0,93,0,1,0,0,0,0,0,-0.7958423494121124,-0.6055038851090959,-0.8959642529445848,0.4441261728894752,0.5271972245329658,-0.8497429531597998,0.9617023846179752,0.27409582889949297,0.6024550485723009,0.7981528139709504,-0.3176847384035387,-0.948196396842698,0.9869641322871612,-0.16094036652950375,-0.7618859384873512,-0.6477112139952867,0.9076649199994695,-0.41969559564326697,0.8425246571000955,0.5386577783513077,1,0,0,0,99,0
1701736440,12,5,1,514,19.1,0.0,93,0,1,0,0,0,0,0,-0.9395094070026404,0.34252310017507853,-0.5733571748155426,0.8193055291449822,0.3005781685810014,-0.953757183235068,0.9883716869768853,0.1520572536331825,0.6511308418308941,0.7589654977774624,-0.3471559463861577,-0.9378074156716458,0.9843290648130953,-0.17634140796811468,-0.7669228800759939,-0.6417392741728861,0.9060185633233147,-0.4232379507009703,0.8435751154168105,0.5370111960187747,1,0,0,0,99,1
1701736500,12,5,1,515,19.1,0.0,93,0,1,0,0,0,0,0,-0.21939584856455807,0.9756359267844935,-0.11037226376111557,0.9938903175865266,0.05527061793337119,-0.9984714111046261,0.9996177797299891,0.027645875780791213,0.6972639830864666,0.7168144375571656,-0.37628816247846175,-0.926502681474038,0.9814536875151161,-0.19169939818106102,-0.7719130126449032,-0.6357281658928362,0.9043583819185943,-0.42677384766827253,0.8446223557508624,0.5353625651517518,1,0,0,0,99,1
1701736560,12,5,1,516,19.1,0.0,93,0,1,0,0,0,0,0,0.7024292412479847,0.7117535816838442,0.37963562682930313,0.9251360931462582,-0.19347339203846847,-0.9811055226493881,0.9952651713612277,-0.0971969067167568,0.740674323409674,0.6718642322981792,-0.4050529395658183,-0.914293233130974,0.9783387023753517,-0.20701058773529676,-0.7768560316221071,-0.6296782560422042,0.9026844011176343,-0.4303032325917363,0.8456663741073475,0.5337118920392648,1,0,0,0,99,2
1701736620,12,5,1,517,19.1,0.0,93,0,1,0,0,0,0,0,0.9784441260755459,-0.20651172399711681,0.7766954757165503,0.6298762878545608,-0.43018816356650214,-0.9027392447031869,0.9753817828684281,-0.22052296399333682,0.7811923463505441,0.6242904115900961,-0.4334221893315477,-0.9011909929615631,0.9749848698727491,-0.22227123862348555,-0.7817516353112047,-0.6235899138763048,0.900996646463322,-0.43382605161729004,0.8467071665036532,0.5320591829781298,1,0,0,0,99,0
1701736680,12,5,1,518,19.1,0.0,93,0,1,0,0,0,0,0,0.35488199371552387,-0.9349111030127383,0.9835931839466808,0.18040079959254857,-0.6401559186664806,-0.7682450128678183,0.9402778878788489,-0.34040783417261544,0.8186598298965864,0.5742787501846923,-0.46136820968468756,-0.8872087550809822,0.9713930087974131,-0.23747762517658147,-0.7865995249097795,-0.6174635109961635,0.8992951437087169,-0.4373422509910497,0.8477447289694727,0.5304044442729295,1,0,0,0,99,3
1701736740,12,5,1,519,19.1,0.0,93,0,1,0,0,0,0,0,-0.5949570070443855,-0.8037575254818999,0.9496729767351233,-0.3132430961075599,-0.8103218792885825,-0.5859850270665796,0.8905012709330009,-0.45498075395197785,0.8529304643263652,0.5220245425494965,-0.4888637118106147,-0.8723601729072392,0.9675639960507106,-0.2526260349733978,-0.7913994045276372,-0.6112994213258353,0.8975799188166576,-0.44085177706013884,0.8487790575468208,0.5287476822359892,1,0,0,0,99,0
1701736800,12,5,1,520,19.1,0.0,93,0,1,0,0,0,0,0,-0.9977952793125009,0.06636701425925702,0.6832397038158508,-0.730194157145638,-0.9301059501867618,-0.3672913304546965,0.8268286794901035,-0.562453851238172,0.8838704235458307,0.4677318402470736,-0.5158818468181093,-0.8566597458288424,0.9634987664311881,-0.2677127697469413,-0.7961509812048658,-0.6050980210895829,0.8958509979593657,-0.44435457627350766,0.8498101482900483,0.5270889031873525,1,0,0,0,99,1
1701736860,12,5,1,521,19.1,0.0,93,0,1,0,0,0,0,0,-0.483265173349392,0.8754740271576206,0.2495255225847443,-0.9683682221029407,-0.9920605379972889,-0.12576123786178975,0.7502537030437737,-0.6611500442933549,0.9113588876763519,0.41161265511804,-0.5423962319568417,-0.8401228050463933,0.9591983124063536,-0.2827341462872912,-0.8008539649297153,-0.5988596887889135,0.8941084075180463,-0.4478505951827498,0.8508379972658573,0.5254281134547572,1,0,0,0,99,1
1701736920,12,5,1,522,19.1,0.0,93,0,1,0,0,0,0,0,0.4755767042996153,0.8796742569426005,-0.24528120908194284,-0.9694519732670104,-0.992333606522275,0.12358807938670624,0.6619712684902925,-0.7495292120346966,0.935288514853758,0.3538861313793629,-0.5683809763796802,-0.8227654986019294,0.9546636838703799,-0.297686497340802,-0.8055080686562991,-0.5925848051794772,0.8923521740824856,-0.45133978044291795,0.8518626005533163,0.5237653193736113,1,0,0,0,99,3
1701736980,12,5,1,523,19.1,0.0,93,0,1,0,0,0,0,0,0.9971755532498972,0.07510603172023837,-0.6800345462841435,-0.7331800705557395,-0.930908177683422,0.36525328844807164,0.5633589936940424,-0.8262122271087713,0.9555658603960198,0.2947776898708828,-0.593810706424664,-0.8046047756106357,0.9498959878877886,-0.3125661725054107,-0.8101130083221139,-0.5862737532478276,0.8905823244506449,-0.45482207881333797,0.8528839542438754,0.522100527286969,1,0,0,0,99,1
1701737040,12,5,1,524,19.1,0.0,93,0,1,0,0,0,0,0,0.6019757972528995,-0.7985143326964996,-0.9482917095220488,-0.31740011602352985,-0.8116033871367004,0.5842088171092894,0.45595569022148996,-0.8900024767126464,0.9721117417027341,0.23451814779175792,-0.618660590391954,-0.7856583697103207,0.9448963884231754,-0.3273695391218304,-0.8146685028653773,-0.5799269181880462,0.8887988856282523,-0.4582974371584211,0.8539020544413806,0.520433743545506,1,0,0,0,99,1
1701737100,12,5,1,525,19.1,0.0,93,0,1,0,0,0,0,0,-0.34667773058479046,-0.9379843021695936,-0.984373989439378,0.17609045662727782,-0.6418370289149428,0.7668410710920738,0.34143735070135944,-0.9399045353364547,0.9848615474614832,0.17334281736424106,-0.6429063627915651,-0.7659447817448204,0.9396661060570453,-0.3420929831604118,-0.8191742742421821,-0.5735446873782322,0.8870018848283898,-0.46176580244847487,0.8549168972620891,0.5187649745074956,1,0,0,0,99,2
1701737160,12,5,1,526,19.1,0.0,93,0,1,0,0,0,0,0,-0.9765973517090915,-0.21507582996419908,-0.7794471854988634,0.6264679441263539,-0.4321643529223842,0.9017948614087224,0.22159099552021236,-0.9751396980455473,0.9937654899536277,0.11149058694448753,-0.6665243480382065,-0.7454832616982381,0.9342064176878251,-0.35673291010345676,-0.8236300474434674,-0.5671274503568591,0.8851913494710788,-0.46522712176051223,0.855928478834684,0.5170942265387846,1,0,0,0,99,2
1701737220,12,5,1,527,19.1,0.0,93,0,1,0,0,0,0,0,-0.708637871481491,0.7055723684372722,-0.3836845263772881,0.9234642300699232,-0.19562179061913934,0.9806794150154073,0.09828678696699936,-0.995158131910554,0.9987887994742818,0.049202988168636434,-0.6894914835700886,-0.7242937898976618,0.9285186562201273,-0.371285745822768,-0.8280355505118026,-0.5606755987989989,0.8833673071828612,-0.4686813422790591,0.8569367953002891,0.5154215060127686,1,0,0,0,99,5
1701737280,12,5,1,528,19.1,0.0,93,0,1,0,0,0,0,0,0.21083999973521134,0.9775205852112047,0.10601748626711377,0.9943642655514137,0.05308358714605824,0.9985900724399912,-0.026551154023966794,-0.99964745596635,0.9999118601072672,-0.013276747223059479,-0.711785342369123,-0.7023970575027135,0.9226042102393402,-0.3857479374522218,-0.8323905145579873,-0.5541895264924167,0.8815297857963782,-0.4721284112969602,0.8579418428124834,0.513746819310368,1,0,0,0,99,5
1701737340,12,5,1,529,19.1,0.0,93,0,1,0,0,0,0,0,0.9364725475338364,0.3507408840091023,0.5697627207842304,0.8218092491597738,0.29848848456869004,0.9544132357526728,-0.15097477313665228,-0.9885376158125377,0.9971302863248458,-0.07570463720097437,-0.7333841548605254,-0.6798144463009835,0.9164645236726252,-0.4001159542551487,-0.8366946737774624,-0.5476696293135358,0.8796788133499452,-0.4755682762161834,0.8589436175373164,0.5120701728200036,1,0,0,0,99,6
1701737400,12,5,1,530,19.1,0.0,93,0,1,0,0,0,0,0,0.8011165538942744,-0.5985083684265092,0.8940101700837942,0.44804666697426215,0.5253348137263215,0.8508956066916382,-0.2730424814093603,-0.9620019767889353,0.9904549401131116,-0.1378369021907137,-0.7542668301704357,-0.6565680078290772,0.9101010954364018,-0.41438628848631254,-0.8409477654665337,-0.5411163052032749,0.8778144180871248,-0.4790008845486223,0.8599421156533218,0.510391572937572,1,0,0,0,99,5
1701737460,12,5,1,531,19.1,0.0,93,0,1,0,0,0,0,0,-0.07078230485740782,-0.9974917870935445,0.9993727500521375,-0.03541336546034254,0.7195183685842713,0.6944734100524143,-0.3908494530810973,-0.9204546186674317,0.9799118885561681,-0.19943091702713533,-0.7744129767207983,-0.6326804418396639,0.9035154790704097,-0.42855545624827607,-0.8451495300384058,-0.5345299541427608,0.8759366284562944,-0.48242618391689684,0.8609373333515329,0.5087110260664217,1,0,0,0,99,3
1701737520,12,5,1,532,19.1,0.0,93,0,1,0,0,0,0,0,-0.8776042389525125,-0.47938585687583785,0.8600540264645697,-0.510202970945957,0.8689657562142357,0.4948722204034305,-0.5025573497604873,-0.8645438740756395,0.9655423020447212,-0.2602461584004272,-0.7938029221413925,-0.6081750741355538,0.8967092823584335,-0.44261999834194465,-0.8492997110390256,-0.5279109781289149,0.8740454731102137,-0.48584412205515315,0.8619292668354965,0.5070285386173281,1,0,0,0,99,2
1701737580,12,5,1,533,19.1,0.0,93,0,1,0,0,0,0,0,-0.8775608830339849,0.4794652193523661,0.5101640817656776,-0.8600770951933222,0.9643850618900425,0.2645022729644093,-0.6064230070815217,-0.795142211483081,0.9474022935065866,-0.32004514409448476,-0.8124177324795677,-0.5830758337924473,0.8896841669357861,-0.45657648111107996,-0.8533980551627359,-0.5212597811499177,0.8721409809055867,-0.48925464680986036,0.862917912321288,0.5053441170084696,1,0,0,0,99,4
1701737640,12,5,1,534,19.1,0.0,93,0,1,0,0,0,0,0,-0.07069209833337335,0.9974981840751515,0.035368177256176046,-0.9993743503000143,0.9998435753406666,0.01768685528840119,-0.7008256362004742,-0.713332620622526,0.9255626992869057,-0.3785943603498829,-0.8302392306889271,-0.5574072297925984,0.8824418478836433,-0.47042149728057797,-0.857444312267735,-0.5145767691605511,0.8702231809026209,-0.49265770614060683,0.8639032660375254,0.5036577676654025,1,0,0,0,99,3
1701737700,12,5,1,535,19.2,0.0,93,0,1,0,0,0,0,0,0.8011706755616272,0.5984359185578068,-0.448087090553942,-0.8939899100543045,0.973136657940267,-0.23022824538454828,-0.7842921156637201,-0.6203917127974276,0.9001088025337347,-0.43566517373010916,-0.8472500143789049,-0.5311943270922096,0.8749840933103326,-0.4841516667883063,-0.8614382353913443,-0.5078623500574214,0.8682921023645849,-0.4960532481208941,0.8648853242253837,0.5019694970210371,1,0,0,0,99,3
1701737760,12,5,1,536,19.2,0.0,93,0,1,0,0,0,0,0,0.9364408251331382,-0.35082557065294895,-0.8218350110128397,-0.5697255608391865,0.8859248164599484,-0.4638288688518717,-0.8555199789753223,-0.5177697997895051,0.8711400001691764,-0.4910347239302405,-0.8634334728079056,-0.504462722145928,0.8673127239196736,-0.4977636376102979,-0.8653795807650819,-0.5011169336540635,0.8663477747573614,-0.4994412209389292,0.8658640831386093,0.5002793115156127,1,0,0,0,99,2
1701737820,12,5,1,537,19.2,0.0,93,0,1,0,0,0,0,0,0.21075159869536877,-0.9775396481203953,-0.9943690582777592,-0.10597252445706083,0.7436304607992672,-0.6685908597726038,-0.9133977391510787,-0.40706826222845977,0.8387694147465261,-0.5444867940416647,-0.8787738031034109,-0.47723851791234084,0.8594296125664803,-0.5112540865790997,-0.8692681078295407,-0.49434093165592724,0.8643902277489974,-0.5028215728984153,0.8668395390435346,0.4985872175966732,1,0,0,0,99,6
1701737880,12,5,1,538,19.2,0.0,93,0,1,0,0,0,0,0,-0.708701675652129,-0.7055082812610101,-0.9234468802429867,0.3837262818331512,0.5551007648016929,-0.8317831092998796,-0.9570222331011646,-0.2900145605828441,0.8031234527091224,-0.5958126548744814,-0.8932560256932167,-0.44954829836488014,0.8513366837993298,-0.5246197201950761,-0.8731035792490706,-0.48753475763525,0.862419491209252,-0.5061942524193405,0.8678116882190918,0.4968932217190427,1,0,0,0,99,5
1701737940,12,5,1,539,19.2,0.0,93,0,1,0,0,0,0,0,-0.9765778977502884,0.21516414577161172,-0.6264326995888658,0.7794755114086689,0.3320575918356115,-0.943259113766909,-0.9857127151880788,-0.16843527871721392,0.7643413107758908,-0.6448118800405224,-0.9068659989327317,-0.4214191025330233,0.8430359133907117,-0.5378572754304699,-0.8768857609262651,-0.4806988270058135,0.8604355952091398,-0.5095592080387649,0.8687805269568273,0.4951973303448006,1,0,0,0,99,5
1701738060,12,5,1,541,19.2,0.0,93,0,1,0,0,0,0,0,0.6020480068859135,0.7984598909179464,0.3174429941596235,0.9482773568207633,-0.16081455652277984,-0.9869846393994092,-0.9967408488166343,0.08067019462165342,0.677985916291167,-0.7350748923142639,-0.9314169024433323,-0.36395405457676666,0.8258190039520665,-0.5639352557799668,-0.8842893349407667,-0.46693936663127533,0.8564284461153995,-0.5162657423114207,0.8707082583481739,0.491799886990928,1,0,0,0,99,6
1701738120,12,5,1,542,19.2,0.0,93,0,1,0,0,0,0,0,0.9971687571041068,-0.07519620904973118,0.7332108186087175,0.6800013937302882,-0.3999991289176214,-0.916515519162193,-0.9789064100214568,0.2043091784989199,0.630749879707115,-0.7759862042906819,-0.9423338591737755,-0.33467431609649856,0.8169070681835537,-0.5767693143291786,-0.8879102754020753,-0.46001667669271595,0.8544052541659362,-0.5196072186311907,0.8716671436480758,0.49009834797151136,1,0,0,0,99,4
1701738180,12,5,1,543,19.2,0.0,93,0,1,0,0,0,0,0,0.47549715072011806,-0.8797172612021713,0.9694630630411277,0.24523737357693737,-0.6143136928406621,-0.7890619030142494,-0.9457964641016188,0.32475998597868444,0.5810507783409793,-0.8138673067456035,-0.9523306428823981,-0.30506777382607664,0.8077956962704359,-0.5894625629223299,-0.8914770223966318,-0.4530659097072247,0.8523690250435033,-0.5229407663840979,0.8726227038027654,0.4883949393758611,1,0,0,0,99,3
1701738240,12,5,1,544,19.2,0.0,93,0,1,0,0,0,0,0,-0.48334434316848646,-0.8754303204293443,0.9683569384347241,-0.24956930858045798,-0.7904332067228887,-0.6125482394960996,-0.8979276806892913,0.4401430224960407,0.5290826861200238,-0.8485702747846052,-0.9613974918795568,-0.27516333805159693,0.7984871126234903,-0.6020119026848236,-0.8949893582285835,-0.4460874899137928,0.850319789818452,-0.5262663347043051,0.8735749351670712,0.4866896677019633,1,0,0,0,99,4
1701738300,12,5,1,545,19.2,0.0,92,0,1,0,0,0,0,0,-0.9978012770046274,-0.06627678030754695,0.7301632626705986,-0.683272719963432,-0.9174074122121076,-0.39794929327526646,-0.8360470361394945,0.5486577743569909,0.4750485373322441,-0.8799595940601451,-0.9695255525410729,-0.24499020994710669,0.7889835897999105,-0.6144142698753396,-0.8984470685230543,-0.43908184323919636,0.8482575797595906,-0.5295838728477311,0.8745238341085196,0.48498253945491115,1,0,0,0,99,3
1701738360,12,5,1,546,19.2,0.0,92,0,1,0,0,0,0,0,-0.5948843183590627,0.8038113259779768,0.3132001548706699,-0.9496871395301657,-0.9873416682005692,-0.15860778743465642,-0.7611201572139107,0.6486109051524434,0.4191593341723149,-0.9079126899521901,-0.9767068879536455,-0.2145778530601538,0.7792874479484941,-0.6266666366338032,-0.9018499422392295,-0.4320493972719999,0.8461824263337073,-0.5328933301928258,0.8754693970073499,0.4832735611468799,1,0,0,0,99,3
1701738420,12,5,1,547,19.2,0.0,92,0,1,0,0,0,0,0,0.35496653913623116,0.9348790061252026,-0.18044527407887062,-0.9835850258430133,-0.9958878013719752,0.0905951824243062,-0.6743162527982304,0.7384426797065248,0.3616333227825357,-0.9323204062194833,-0.9829344856651138,-0.18395596454113236,0.7694010542432121,-0.6387660117205939,-0.9051977716832366,-0.4249905812364588,0.8440943612050903,-0.5361946562413418,0.876411620256527,0.4815627392971025,1,0,0,0,99,3
1701738480,12,5,1,548,19.2,0.0,92,0,1,0,0,0,0,0,0.9784627975617406,0.20642323945634647,-0.6299114066849614,-0.7766669941024745,-0.9425144545582509,0.33416538263076073,-0.5769898687885426,0.8167513032223337,0.30269514100631545,-0.953087431252331,-0.9882022645319962,-0.1531544461445194,0.7593268223052967,-0.6507094412468135,-0.9084903525208217,-0.4179058259663213,0.8419934162350443,-0.5394878006191052,0.8773505002617554,0.4798500804318443,1,0,0,0,99,4
1701738540,12,5,1,549,19.2,0.0,92,0,1,0,0,0,0,0,0.7023648723213674,-0.7118171015991323,-0.925153258006243,-0.37959379499727586,-0.8305401239546696,0.5569587978489631,-0.47065975085566697,0.8823147958209029,0.2425749411822016,-0.9701326702623984,-0.9925050806576252,-0.12220337503031901,0.7490672116139909,-0.6624940093954363,-0.9117274837898209,-0.41079556387853294,0.8398796234814049,-0.5427727130767847,0.8782860334414936,0.4781355910843782,1,0,0,0,99,5
1701738600,12,5,1,550,19.2,0.0,92,0,1,0,0,0,0,0,-0.219484077409708,-0.9756160821571205,-0.9938853259197261,0.11041720391967796,-0.6669268310993051,0.7451232126030157,-0.3569851449269173,0.9341100611285096,0.1815074914039231,-0.9833895619561226,-0.995838732415074,-0.09113297439422614,0.7386247269061015,-0.6741168391331631,-0.9149089679124266,-0.4036602289468439,0.8377530151980487,-0.5460493434906575,0.8792182162269665,0.47641927779496,1,0,0,0,99,4
1701738660,12,5,1,551,19.2,0.0,92,0,1,0,0,0,0,0,-0.9395403785729803,-0.3424381360639331,-0.8192796030855196,0.5733942203824812,-0.4618472580937981,0.8869594749430442,-0.2377399052083556,0.9713288513534034,0.1197312587560086,-0.9928063384551399,-0.9981999645499743,-0.05997358395518874,0.7280019175645037,-0.6855750929128083,-0.9180346107072457,-0.39650025667532157,0.8356136238344016,-0.5493176418633751,0.8801470450621802,0.47470114711080325,1,0,0,0,99,3
1701738780,12,5,1,553,19.2,0.0,92,0,1,0,0,0,0,0,0.07960864038153331,0.9968261956713436,0.03983594061056201,0.9992062338855137,0.01992192403467051,0.9998015387779501,0.009961456270293016,0.9999503834635872,-0.004980789917915772,-0.9999875957889646,-0.9999968989424328,0.002490402681839968,0.7062257419969057,-0.7079867239863471,-0.9241176126409308,-0.3821081496210549,0.831296622638711,-0.5558290431323939,0.8819946267218395,0.4712594597817672,1,0,0,0,99,3
1701738840,12,5,1,554,19.2,0.0,92,0,1,0,0,0,0,0,0.8818130525190443,0.47159913104992585,0.5140043136735694,0.8577875993070563,0.2666574588239974,0.9637913672852274,0.13455228113037063,0.9909064959130168,-0.06742960806271654,-0.9977240339675638,-0.9994308465240513,0.033734003856911096,0.6950776921118563,-0.7189346298019421,-0.9270746005047118,-0.3748768932583455,0.8291190786787943,-0.5590720466727229,0.8829133724983225,0.46953591626587904,1,0,0,0,99,4
1701738900,12,5,1,555,19.2,0.0,92,0,1,0,0,0,0,0,0.873282610859792,-0.4872139997679717,0.8623265042221454,0.5063526440298443,0.4968135243580612,0.8678573166223363,0.2570434626455842,0.9663998439109809,-0.1296151150310394,-0.9915643811450119,-0.9978888668446532,0.06494466434969119,0.6837599489770912,-0.729707018038641,-0.9299750045131969,-0.3676227563422584,0.8269288833818355,-0.5623065194614685,0.8838287502286483,0.4678105816131843,1,0,0,0,99,4
1701738960,12,5,1,556,19.2,0.0,92,0,1,0,0,0,0,0,0.061860164125145584,-0.9980848261016746,0.99952109184891,0.030944901828293042,0.6960801312247417,0.717964101410472,0.375523566896625,0.926812845565509,-0.1912944777489552,-0.9815326906337631,-0.9953724656212274,0.09609190747986249,0.6722752756572777,-0.7403012587723536,-0.9328186476406745,-0.3603461816279218,0.8247260701675199,-0.5655324121445553,0.884740756420929,0.4660834624053104,1,0,0,0,99,3
1701739020,12,5,1,557,19.2,0.0,92,0,1,0,0,0,0,0,-0.8064362322233966,-0.5913210662215004,0.8919980566743126,-0.45203923158200526,0.8520678469411944,0.5234313557755185,0.48814375148335226,0.8727632427455679,-0.2522268396250011,-0.9676681359705837,-0.9918841000768648,0.12714531849308558,0.6606264759706935,-0.7507147655711474,-0.9356053563258249,-0.3530476132399514,0.8225106726480671,-0.5687496754988299,0.8856493875961384,0.4643545652306921,1,0,0,0,99,3
1701739080,12,5,1,558,19.2,0.0,92,0,1,0,0,0,0,0,-0.9332988757369771,0.35910055492590737,0.5660827877060443,-0.8243483956816764,0.9550781108583937,0.2963541836370153,0.5931466160920859,0.8050944614258054,-0.3121742610900157,-0.9500248579447291,-0.9874271765413207,0.1580745742604909,0.6488163938047147,-0.7609449961266882,-0.9383349604823131,-0.3457274966453434,0.8202827246277175,-0.571958260432812,0.8865546402881246,0.4626238966845466,1,0,0,0,99,3
1701739140,12,5,1,559,19.2,0.0,92,0,1,0,0,0,0,0,-0.20209083702626568,0.9793667819514931,0.1015707094799159,-0.9948283223630832,0.9987062436880735,0.050851143728124895,0.6888936261397238,0.7248624503063064,-0.37090264874606493,-0.9286717531793207,-0.9820060471247926,0.1888494728886995,0.6368479124215218,-0.7709894528749078,-0.9410072935091703,-0.33838627862628545,0.8180422601022167,-0.5751581179874429,0.8874565110436237,0.46089146336884845,1,0,0,0,99,3
1701739260,12,5,1,561,19.2,0.0,92,0,1,0,0,0,0,0,0.9746351572706857,-0.22379971003543722,-0.7822402795929897,-0.6229768414494085,0.9008265208821864,-0.4341792017995516,0.8468114317247825,0.5318932215212224,-0.4837906460850486,-0.8751837582820029,-0.9682932815738222,0.24981617413409918,0.6124474776933533,-0.7905112820618372,-0.9461794972577448,-0.32364233185583335,0.8135239184731551,-0.5815314557890083,0.8892500929966238,0.457421328870327,1,0,0,0,99,3
1701739320,12,5,1,562,19.2,0.0,92,0,1,0,0,0,0,0,0.33827666045026744,-0.9410467050017307,-0.9851514363288851,-0.17168764515577298,0.7654043523379563,-0.6435496697397284,0.9065179727230256,0.4221672241305995,-0.5375094305542,-0.8432577376255137,-0.9600150357222312,0.27994844380214573,0.6000214813645651,-0.7999838885259333,-0.9486790522948035,-0.31624050299895706,0.8112461103139285,-0.5847048387866493,0.8901417973521548,0.4556836409250121,1,0,0,0,99,3
1701739380,12,5,1,563,19.2,0.0,92,0,1,0,0,0,0,0,-0.6090918379453792,-0.7930996992486631,-0.9468631630939771,0.32163667448795147,0.5823930483410875,-0.8129073361976602,0.9520786039497107,0.30585344840490175,-0.5891292521998455,-0.8080388135494797,-0.9507993514799744,0.3098073485656209,0.5874489983966179,-0.8092611903970253,-0.9511207048521826,-0.30881937245174135,0.8089559235371669,-0.5878692999078361,0.8910301060872848,0.4539442146851108,1,0,0,0,99,2
1701739440,12,5,1,564,19.2,0.0,92,0,1,0,0,0,0,0,-0.9964641095049708,0.08401951242696915,-0.6767497645263835,0.7362131187458456,0.363171365373259,-0.9317223617435201,0.9827823669926928,0.18476693191217952,-0.6384485367231334,-0.7696645151987259,-0.9406552278063217,0.33936373171073697,0.5747330981809134,-0.8183409227549167,-0.9535043059039945,-0.301379393161745,0.8066533930883032,-0.5910247908667855,0.8919150158133861,0.4522030567860055,1,0,0,0,99,3
1701739500,12,5,1,565,19.1,0.0,92,0,1,0,0,0,0,0,-0.46769187421537717,0.8838915718530796,-0.24094442112956296,0.9705389152046093,0.12136944589844409,-0.9926074035600907,0.9981501398988257,0.060797189243867816,-0.6852746933734428,-0.7282846933870942,-0.9295925702658919,0.36858873193093256,0.561876885122118,-0.8272208689131738,-0.9558297099675166,-0.2939210192269568,0.8043385541011188,-0.5941712635145877,0.892796523154797,0.45046017386968423,1,0,0,0,99,2
1701739560,12,5,1,566,19.1,0.0,92,0,1,0,0,0,0,0,0.4910741133562503,0.8711177963922977,0.253852519790234,0.9672429364932829,-0.12797863787897792,-0.9917769246391254,0.9979421137117938,-0.06412127322844811,-0.7294248670111433,-0.6840609354332229,-0.9176221813560369,0.3974538115094489,0.5488834978802656,-0.8358988609602985,-0.9580967751120705,-0.2864447058680798,0.8020114418972087,-0.5973086698399414,0.8936746247488349,0.4487155725847157,1,0,0,0,99,2
1701739620,12,5,1,567,19.1,0.0,92,0,1,0,0,0,0,0,0.9983488258124457,0.05744233629398255,0.6864975104492431,0.7271321531516752,-0.3693696298075444,-0.9292825601375706,0.9821615346106695,-0.1880391446779491,-0.770726652153002,-0.6371659341655245,-0.9047557499583864,0.4259307841859259,0.5357561086045003,-0.8443727802889923,-0.9603053629676844,-0.2789509094007471,0.7996720919854422,-0.6004369619698862,0.894549317245809,0.44696925958622363,1,0,0,0,99,2
1701739740,12,5,1,569,19.1,0.0,92,0,1,0,0,0,0,0,-0.36322753704942956,-0.9317004649183155,0.9827767968664898,-0.18479655716717844,-0.7696741379204508,-0.6384369361310566,0.9051068821225083,-0.42518411533648776,-0.8441516793019155,-0.5361044136469649,-0.8763858778092459,0.4816095858436764,0.5091121753387575,-0.8607001759740951,-0.964546571186196,-0.2639126977107249,0.794956822006933,-0.6066660128477922,0.8962884616148398,0.4434715251017859,1,0,0,0,99,2
1701739860,12,5,1,571,19.1,0.0,92,0,1,0,0,0,0,0,-0.6960368448325855,0.718006065876535,0.3754956285520944,-0.9268241650595153,-0.9815355737464423,-0.1912796838930951,0.7717770675179119,-0.6358931970491998,-0.9044040018291604,-0.4266771630582074,-0.8445937375620919,0.535407712375248,0.481971102673569,-0.8761871125436759,-0.9685522991928923,-0.24881005552059607,0.790193031961367,-0.6128580359591461,0.8980139297246859,0.4399670237874959,1,0,0,0,99,2
1701739920,12,5,1,572,19.1,0.0,92,0,1,0,0,0,0,0,0.22811095911894086,0.9736351423042602,-0.11481475884166603,-0.9933869191569467,-0.9983453608739179,0.05750252534912421,0.6864755912087755,-0.7271528468448447,-0.9292881272363391,-0.36935562345465606,-0.8274526039159754,0.5615355627853609,0.4682224029318968,-0.8836106503390961,-0.9704665502579407,-0.24123572461485038,0.7877930326598638,-0.6159400439105862,0.8988715269465893,0.43821225227588845,1,0,0,0,99,1
1701739980,12,5,1,573,19.1,0.0,92,0,1,0,0,0,0,0,0.9425345992440989,0.3341085590459571,-0.5770144889662836,-0.8167339098647604,-0.9530828688694285,0.3027095060740904,0.5904618928965313,-0.8070655196680411,-0.9505434023936101,-0.31059175804579786,-0.8095034768442313,0.5871150832478255,0.4543593934058008,-0.8908184672669919,-0.9723215690467305,-0.233646669923849,0.7853810126059354,-0.619012653374772,0.8997256952468269,0.4364558091177319,1,0,0,0,99,0
1701740040,12,5,1,574,19.1,0.0,92,0,1,0,0,0,0,0,0.7903962755452384,-0.6125958925786359,-0.8979409481081247,-0.4401159548467677,-0.8485623002604958,0.529095475861036,0.48523423423072903,-0.8743842049868684,-0.9680868259063513,-0.2506150384684961,-0.7907638833648436,0.6121212957950017,0.4403854585502332,-0.8978088036422348,-0.9741172423384761,-0.22604335464437486,0.7829570086040404,-0.6220758174674632,0.9005764313670059,0.43469770101332306,1,0,0,0,99,0
1701740100,12,5,1,575,19.1,0.0,92,0,1,0,0,0,0,0,-0.08842873879073523,-0.9960825056971334,-0.999020146367713,0.044257735498252376,-0.6912822377660761,0.7225848515912344,0.37243465763054706,-0.9280584172322436,-0.9818498910811784,-0.1896596725291863,-0.771252122372829,0.6365297822846995,0.42630400990097467,-0.9045799528744541,-0.9758534605345349,-0.21842624284360365,0.7805210576414975,-0.6251294894485447,0.9014237320618269,0.4329379346693099,1,0,0,0,99,0
1701740160,12,5,1,576,19.1,0.0,92,0,1,0,0,0,0,0,-0.8859527784925297,-0.4637754567475154,-0.8555043707508208,0.5177955886508133,-0.49102159389846933,0.8711474010323434,0.25382336276203626,-0.9672505882738824,-0.9917788534431158,-0.12796368962740468,-0.7509872467716762,0.6603167082440802,0.4121184852417566,-0.9111302618846769,-0.977530117665097,-0.2107957994307797,0.7780731968879212,-0.6281736227227391,0.9022675940990952,0.4311765167986662,1,0,0,0,99,0
1701740400,12,5,1,580,19.1,0.0,92,0,1,0,0,0,0,0,0.9300838049771285,-0.3673474046720173,0.8268456339220814,0.5624289267667438,0.4677451620451334,0.8838633737085002,-0.2409736772881011,-0.9705316516498831,-0.9926055741456128,0.1213844066388201,-0.6628029848156917,0.7487938323192908,0.35440525368616455,-0.9350919292559664,-0.9836391435013062,-0.1801500357258271,0.7681634057040947,-0.6402538419541788,0.905608591488116,0.4241144645292243,1,0,0,0,99,0
1701740520,12,5,1,582,19.1,0.0,92,0,1,0,0,0,0,0,-0.7210794829843191,-0.6928523502298791,0.9200142254959646,-0.3918849638415085,0.8342316716121213,0.5514141076171752,-0.47359576242974594,-0.8807423311097222,-0.9697273666112869,0.2441901604183487,-0.6147397171086522,0.7887300426693371,0.3250153514302539,-0.9457087402232617,-0.9863338025798521,-0.16475930895815624,0.7631380310789642,-0.6462355186160244,0.907258375165538,0.42057370423266816,1,0,0,0,99,1
1701740700,12,5,1,585,19.1,0.0,92,0,1,0,0,0,0,0,0.616087948358266,0.7876773704301162,-0.32582405495135236,-0.9454304232544339,0.9862632567561346,-0.16518107752640138,-0.7632761877349513,-0.6460723343688377,-0.9072134077406588,0.4206706940298802,-0.5382050287623295,0.8428139456694699,0.2803444794627942,-0.95989945975333,-0.9899241030890525,-0.1415989764205058,0.7555127319974514,-0.6551339647657929,0.9097070860353328,0.4152505480033754,1,0,0,0,99,0
1701740760,12,5,1,586,19.1,0.0,92,0,1,0,0,0,0,0,0.9956813917222668,-0.09283623310976193,-0.739200998751274,-0.6734848798934681,0.9147362679738538,-0.40405143243560715,-0.8378697489573207,-0.5458702078170199,-0.8791672786839316,0.4765132695859477,-0.5116086054857034,0.859218618742037,0.2653124396423611,-0.9641624911657881,-0.9910001239065988,-0.13386095180113555,0.752947857358375,-0.6580801806006866,0.9105163866182439,0.4134729854532902,1,0,0,0,99,0
1701740880,12,5,1,588,19.1,0.0,92,0,1,0,0,0,0,0,-0.49876540925697305,-0.8667370227056902,-0.9661099892625297,0.2581307588164473,0.6090440218832924,-0.7931364191664784,-0.9468728581933475,-0.32160813176404734,-0.8128985581744033,0.582405300557933,-0.4569434863536556,0.889495728083596,0.23505772899056523,-0.9719814113663893,-0.9929706469393719,-0.11836086480254095,0.7477836802185981,-0.6639424429863854,0.9121245646802812,0.4099131353187006,1,0,0,0,99,0
1701740940,12,5,1,589,19.1,0.0,92,0,1,0,0,0,0,0,-0.9988181567744302,-0.04860339183359195,-0.7240868013690044,0.6897088545779327,0.39388522784059016,-0.9191596310157264,-0.9795814491444105,-0.20104771695330634,-0.7749347446570279,0.6320412498590158,-0.42892817005938433,0.9033385992691267,0.21984244441289458,-0.9755353912773044,-0.9938650288840292,-0.11059974846873663,0.745184456516887,-0.666858400086279,0.9129234360246973,0.40813086131394244,1,0,0,0,99,0
1701741180,12,5,1,593,19.1,0.0,92,0,1,0,0,0,0,0,0.6896542847984488,-0.7241387763813923,0.9284769185018528,0.37139010731211436,-0.5606290630567977,-0.8280670586710095,-0.9560510077059198,0.2932003933566516,-0.5944743924860635,0.8041145420139632,-0.31295803072140266,0.9497669561566046,0.15848192932223448,-0.9873618779749916,-0.9968354623444613,-0.0794925217394956,0.7346742549387094,-0.6784200314924761,0.9160840658729078,0.400986264420319,1,0,0,0,99,1
1701741480,12,5,1,598,19.0,0.0,92,0,1,0,0,0,0,0,0.8900230925369855,0.45591544693166575,-0.5215767216183704,-0.8532043855172293,-0.9626017830643233,0.2709202968427898,-0.6037713570372523,0.7971575430373816,-0.3184669974758911,0.9479339489219124,-0.16134753031591095,0.9868976514618708,0.08093932461458155,-0.9967190304849884,-0.9991794209462554,-0.04050289813711804,0.7212845825806614,-0.6926388315214799,0.9199562031753141,0.3920211527956879,1,0,0,0,99,2
1701741540,12,5,1,599,19.0,0.0,92,0,1,0,0,0,0,0,0.864521149292347,-0.5025964409207844,-0.866774607646297,-0.4987000897730096,-0.8656500706905215,0.5006495332200912,-0.4996751278480393,0.8662128875802101,-0.2586378862616515,0.9659743494472848,-0.13043322152104356,0.9914570967639711,0.06535634336477557,-0.9978619886447151,-0.9994653542381334,-0.0326956522743077,0.7185734660681216,-0.6954510578486787,0.9207201143259223,0.39022361675795675,1,0,0,0,99,1
1701741660,12,5,1,601,19.0,0.0,92,0,1,0,0,0,0,0,-0.816777391867125,-0.576952937538875,-0.8879619748443272,0.4599168742616023,-0.519655234621185,0.8543760513560765,-0.26983694024718285,0.9629060315929266,-0.13618731293162617,0.9906831056379549,-0.06825281811780774,0.9976680574314172,0.034146321680254645,-0.9994168443225823,-0.9998542004518914,-0.017075650462248376,0.7131183809376422,-0.7010436325713798,0.9222373969242897,0.38662408579175467,1,0,0,0,99,0
1701741720,12,5,1,602,19.0,0.0,92,0,1,0,0,0,0,0,-0.9267958647454188,0.3755654737736039,-0.5587640495890891,0.8293266768209027,-0.29212439403368673,0.9563803314636136,-0.1476815298816789,0.9890349668903556,-0.07404401768422757,0.9972549741391004,-0.0370474416181442,0.9993135078990728,0.01852690072471944,-0.9998283622450087,-0.9999570896406027,-0.00926384787740154,0.7103744955575902,-0.7038238956310728,0.9229907625840772,0.38482210459440036,1,0,0,0,99,0
1701741780,12,5,1,603,19.0,0.0,92,0,1,0,0,0,0,0,-0.18472249371488758,0.9827907205075521,-0.09276119741693704,0.9956883851154316,-0.046430673506683055,0.9989215147136015,-0.02322159863573769,0.9997303423207684,-0.011611582132328728,0.9999325833076869,-0.0058058889204457365,0.9999831456848878,0.0029029566920853495,-0.9999957864123448,-0.9999989466025314,-0.001451479875027901,0.7076197707367382,-0.7065934192040612,0.9237406073146458,0.38301865541768254,1,0,0,0,99,0
1701741840,12,5,1,604,19.0,0.0,92,0,1,0,0,0,0,0,0.7271838861456853,0.6864427111784778,0.39595283104274065,0.9182708508872743,0.20214988141565363,0.9793545963764285,0.1016006978902495,0.9948252601277343,0.050866196399306694,0.9987054771372125,0.025441333129256026,0.9996763168989281,-0.012721696055790868,-0.9999190759503811,-0.9999797687829443,0.006360976718196107,0.7048542485087977,-0.7093521610308227,0.9244869282555656,0.3812137451412117,1,0,0,0,99,0
1701741900,12,5,1,605,19.0,0.0,92,0,1,0,0,0,0,0,0.9705207546642247,-0.24101756111533412,0.7877237971254055,0.6160285865463817,0.4381617358086043,0.8988961526634714,0.22483754950689241,0.9743962624783286,0.11314534352254951,0.9935784474510124,0.056663712148903436,0.9983933211542965,-0.0283432429840298,-0.9995982495868769,-0.9998995573523565,0.01417304507018692,0.7020779710722354,-0.7121000790163511,0.9252297225598493,0.37940738065017193,1,0,0,0,99,0
1701741960,12,5,1,606,19.0,0.0,92,0,1,0,0,0,0,0,0.3215653171302501,-0.9468873992291383,0.9866325048439105,0.1629610394708834,0.6469308156708554,0.7625486999106625,0.3445658863623454,0.9387621370482149,0.17498266050066957,0.984571515190292,0.08783076001523608,0.9961354112745646,-0.043957870315993346,-0.9990333856469874,-0.9997583172064605,0.02198424837255722,0.699290980789629,-0.7148371312307991,0.925968987393962,0.3775995688352947,1,0,0,0,99,0
1701742080,12,5,1,608,19.0,0.0,92,0,1,0,0,0,0,0,-0.9948206650797496,0.10164568033263627,0.6702068037805061,-0.7421744001016999,0.933320523748862,0.35904428689111606,0.5661076368981803,0.8243313311075577,0.2963685787093853,0.9550736440472949,0.14987720966295234,0.9887046181866692,-0.0751511204618093,-0.9971721561963784,-0.999292788975378,0.03760215288797655,0.6936850319532718,-0.7202784714566918,0.9274369173848677,0.37397963082453317,1,0,0,0,99,0
1701742140,12,5,1,609,19.0,0.0,92,0,1,0,0,0,0,0,-0.451972008536893,0.8920321202171627,0.23234444235104618,-0.9726335692893708,0.9931348270223361,0.11697527668406932,0.6644639656580071,0.7473203050513445,0.3554431705270587,0.9346978937205712,0.1806960241392001,0.9835389910218535,-0.09072212789101262,-0.9958762450781355,-0.9989685293036351,0.04540790086463162,0.6908661589394028,-0.7229826764399793,0.9281655769419537,0.3721675184376121,1,0,0,0,99,0
1701742260,12,5,1,611,19.0,0.0,92,0,1,0,0,0,0,0,0.9992092331198094,0.03976063943301937,-0.6929066894492291,-0.7210272669715825,0.9276387408284494,-0.3734787363615347,0.8286973924061589,0.5596969106750838,0.46920309532489035,0.883090287194657,0.24177439153614155,0.9703324912612833,-0.12179390119935532,-0.9925554118691015,-0.998137117802234,0.06101060617179,0.6851968307822979,-0.7283579498336618,0.9296122712813288,0.3685390414639528,1,0,0,0,99,1
1701742320,12,5,1,612,19.0,0.0,92,0,1,0,0,0,0,0,0.5733324771196631,-0.8193228122540169,-0.9537617134939987,-0.3005637933500832,0.8064005807754863,-0.5913696841443247,0.8920116826993705,0.45201234267200896,0.523444198233198,0.8520599575945371,0.2719743024675887,0.9623045145884273,-0.13728708135067327,-0.9905313005121108,-0.9976300167176484,0.06880661119358068,0.6823464621460344,-0.7310289362239981,0.9303303005449188,0.3667226907187513,1,0,0,0,99,0
1701742380,12,5,1,613,19.0,0.0,92,0,1,0,0,0,0,0,-0.37966351428611655,-0.9251246488554479,-0.9811026064728011,0.19348817941227325,0.6350243383476443,-0.7724921292195388,0.9414064290250888,0.33727427324097903,0.5756412627492147,0.8177023520942627,0.3019086351081543,0.9533368638876456,-0.15274674483005257,-0.9882653651443133,-0.9970620254388173,0.07659841661446647,0.6794856817422769,-0.7336887680121819,0.9310447808811835,0.364904941037949,1,0,0,0,99,0
1701742440,12,5,1,614,19.0,0.0,92,0,1,0,0,0,0,0,-0.9835986215652434,-0.1803711497300862,-0.7682353642374472,0.6401674977183369,0.42416535825174545,-0.9055847552047066,0.9761108428874015,0.21727315158032454,0.6255904604530329,0.7801516364080526,0.3315481590900087,0.9434382959176643,-0.16816911738237747,-0.9857581589613307,-0.9964331786330006,0.08438554686280492,0.6766145332230143,-0.7363374046124525,0.9317557095645973,0.36308579935570845,1,0,0,0,99,0
1701742500,12,5,1,615,19.1,0.0,92,0,1,0,0,0,0,0,-0.683217692274733,0.7302147526329418,-0.3672773116917639,0.9301114859609416,0.18693383059127952,-0.9823725072397287,0.995583373515179,0.09388155505814576,0.6730967407965419,0.7395544452770687,0.3608639319209744,0.9326184764621246,-0.1835504338565772,-0.9830102940615943,-0.9957435146817665,0.09216752665230203,0.6737330603984407,-0.7389748056098739,0.9324630838831836,0.3612652726115022,1,0,0,0,99,0
1701742560,12,5,1,616,19.1,0.0,92,0,1,0,0,0,0,0,0.24531043247334874,0.9694445789831095,0.12360303600011291,0.9923317436681922,-0.06192033725605731,-0.9980810948185003,0.9995201585807313,-0.03097503173121646,0.7179745927716441,0.6960693098638897,0.3898273272463786,0.9208879708911095,-0.1988869391248336,-0.9800224412969096,-0.9949930756786476,0.09994388101102124,0.6708413072362862,-0.7416009307609522,0.9331669011385242,0.35944336775008645,1,0,0,0,99,0
1701742620,12,5,1,617,19.1,0.0,92,0,1,0,0,0,0,0,0.9483012769124547,0.3173715302389422,0.584221049672578,0.811594581746004,-0.3069245984390922,-0.9517338340486808,0.9878597658698022,-0.15534826351028058,0.7600487693267718,0.6498660386917136,0.4184100628022027,0.9082582338442392,-0.2141748889993418,-0.9767953301086771,-0.9941819074265729,0.10771413531037331,0.6679393178611462,-0.7442157399942483,0.9338671586457702,0.35762009172147446,1,0,0,0,99,0
1701742680,12,5,1,618,19.1,0.0,92,0,1,0,0,0,0,0,0.7794283006736524,-0.6264914397731085,0.9018013749637745,0.43215076086181514,-0.5328457746563188,-0.8462123731256284,0.9607841519107266,-0.27729733759483854,0.7991549717028728,0.6011250545457083,0.4465842280322334,0.8947415980454101,-0.2294105511463999,-0.9733297483498103,-0.9933100594350714,0.11547781529408518,0.6650271365538082,-0.7468191934109906,0.9345638537336522,0.3557954514809102,1,0,0,0,99,0
1701742740,12,5,1,619,19.1,0.0,92,0,1,0,0,0,0,0,-0.10604746068673451,-0.9943610692710649,0.9985892722413617,-0.0530986380660329,-0.7256371814019844,-0.6880775254046476,0.9187158226036622,-0.39491927947072447,0.8351404910165487,0.5500366899258974,0.4743223113422468,0.8803512622600985,-0.24459020599760484,-0.969626542092392,-0.9923775849172511,0.12323444710714614,0.6621048077505758,-0.749411251285683,0.9352569837444902,0.3539694539888414,1,0,0,0,99,2
1701742860,12,5,1,621,19.1,0.0,92,0,1,0,0,0,0,0,-0.8600386463351707,0.5102288964866329,0.4948591231418125,-0.8689732149170747,-0.966688474876233,-0.25595584099891655,0.7924505792158009,-0.6099361273941245,0.8972001246639806,0.4416242025783208,0.528382341407091,0.8490065378365236,-0.27476668481047367,-0.9615109302125805,-0.9903309876532644,0.13872467298108784,0.6562298861751544,-0.7545610223769472,0.9366325379723223,0.35031341511784325,1,0,0,0,99,1
1701742920,12,5,1,622,19.1,0.0,92,0,1,0,0,0,0,0,-0.03533805174655298,0.9993754159967905,0.01767178546737087,-0.9998438418065069,-0.9999609596895538,-0.008836237703148543,0.7102239920275675,-0.7039757674440404,0.9230318974564314,0.3847234282935987,0.5546514994599768,0.8320827567897314,-0.28975614161762697,-0.9571005059004335,-0.9892169898208465,0.14645732159842081,0.6532773830470404,-0.7571186570143483,0.9373149569419951,0.3484833876855909,1,0,0,0,99,0
1701742980,12,5,1,623,19.1,0.0,92,0,1,0,0,0,0,0,0.8218521846480703,0.5697007868953616,-0.46384222161454775,-0.885917825448659,-0.9710607152615791,0.23883276005537946,0.6169145969843073,-0.7870301010937827,0.9452592504423807,0.32632031725454774,0.5803790497362272,0.8143464610516054,-0.3046748586184907,-0.9524564192265191,-0.9880426152819825,0.1541810312157123,0.6503149117098145,-0.7596647389525567,0.9379938003400013,0.346652030895135,1,0,0,0,99,1
1701743040,12,5,1,624,19.1,0.0,92,0,1,0,0,0,0,0,0.923435312642794,-0.3837541183678754,-0.8317914757822045,-0.5550882279566577,-0.8817846188147811,0.47165229356133864,0.5139784559875352,-0.8578030932449878,0.9637953862840878,0.26664293235993725,0.605539869719601,0.7958149698139441,-0.31951919362227366,-0.9475798039779932,-0.9868079357144411,0.16189533041753676,0.6473425173671444,-0.7621992293414946,0.9386690655767598,0.34481935173254513,1,0,0,0,99,5
1701743100,12,5,1,625,19.0,0.0,92,0,1,0,0,0,0,0,0.17601627283386595,-0.9843872569764778,-0.9960891669364942,-0.08835367288212255,-0.7376834256244756,0.6751467718644137,0.40302185308962235,-0.9151903550257765,0.9785679217677679,0.20592431252067284,0.6301093902963704,0.7765063787634564,-0.33428552259748223,-0.9424718507105282,-0.9855130264766997,0.16959974836283187,0.6443602453741106,-0.7647220895079571,0.9393407500763387,0.3429853571889352,1,0,0,0,99,4
1701743220,12,5,1,627,19.0,0.0,92,0,1,0,0,0,0,0,-0.9683494148893343,0.2495984989607987,-0.6125363258775766,0.7904424390683988,-0.323695505785608,0.946161307354195,0.1640711623744481,-0.9864485053347172,0.9966063679644831,0.08231492776308211,0.6773791671718721,0.7356340556836266,-0.3635697624365738,-0.9315669744263229,-0.9827428388002435,0.18497706016379048,0.6383662506101844,-0.769732765368537,0.9406733666285383,0.3393134499481733,1,0,0,0,99,4
1701743280,12,5,1,628,19.0,0.0,92,0,1,0,0,0,0,0,-0.31317152702365525,0.9496965803148245,-0.15859290602857282,0.987344058653017,-0.0795485428747221,0.9968309933617175,0.039805820166669656,-0.9992074342602034,0.9998018389311463,0.01990685484696882,0.7000332653356665,0.7141102347841574,-0.378080523973295,-0.9257727136787294,-0.9812677294395066,0.19264901546759924,0.6353546193002774,-0.7722205046059057,0.941334293597632,0.33747555125823137,1,0,0,0,99,1
1701743340,12,5,1,629,19.0,0.0,92,0,1,0,0,0,0,0,0.6299348185230796,0.7766480054775746,0.3341795883371884,0.9425094178515073,0.16954436314500793,0.9855225562744638,-0.08508067855140847,-0.9963740653676368,0.999093105112741,-0.042578953911311244,0.722003792895616,0.6918890973590669,-0.3924989825725241,-0.9197524388005358,-0.9797327285542052,0.20030921246845357,0.6323332932605821,-0.7746964607084679,0.9419916296625114,0.3356363652016361,1,0,0,0,99,0
1701743460,12,5,1,631,19.0,0.0,92,0,1,0,0,0,0,0,0.4440586509707787,-0.8959977201410795,0.9736523301828737,0.22803758446681607,0.6212738589113436,0.7835935121179909,-0.3289426149665083,-0.9443499118753576,0.9859893285110538,-0.16680840525081836,0.763809009259127,0.645442326915884,-0.421044934112807,-0.9070397805267099,-0.9764834306138301,0.21559246215172986,0.6262617415459251,-0.7796128725693702,0.9432955190631858,0.3319541590571128,1,0,0,0,99,0
1701743580,12,5,1,633,19.0,0.0,92,0,1,0,0,0,0,0,-0.9995220242088421,-0.030914771897250545,0.7179536098861996,-0.6960909524274645,0.9208938463328616,0.38981344741589885,-0.552352492790655,-0.8336106547471364,0.9574995182106194,-0.28843486721690187,0.8026315677871454,0.5964751179986882,-0.4491797424201762,-0.893441413299912,-0.9729957382486092,0.2308230780274018,0.6201519660424364,-0.7844817008788038,0.9445850149348135,0.32826688770053875,1,0,0,0,99,2
1701743640,12,5,1,634,19.0,0.0,92,0,1,0,0,0,0,0,-0.5660579379995188,0.8243654595067245,0.2963397884973224,-0.955082577452527,0.9887068770501516,0.1498623077152374,-0.651973040962877,-0.7582421472442815,0.9376145655983277,-0.34767646796678553,0.8208765034908678,0.5711057397860814,-0.46308436607918363,-0.8863142049482455,-0.9711627579732054,0.23841748578046287,0.6170828608134961,-0.7868981782227173,0.9452243591398598,0.3264213701469947,1,0,0,0,99,1
1701743760,12,5,1,636,19.1,0.0,91,0,1,0,0,0,0,0,0.9851566112943334,0.17165794832475895,-0.6435612059762619,-0.7653946525566921,0.9395197317131483,-0.34249477911590703,-0.8192968873112808,-0.5733695234681091,0.8869525137988248,-0.46186062645125475,0.8549446258241684,0.5187192754991592,-0.49055108016436005,-0.8714124383720832,-0.9673190886083255,0.25356218332779523,0.610916449554358,-0.791695074927145,0.9464922278939074,0.3227266064898082,1,0,0,0,99,0
1701743820,12,5,1,637,19.1,0.0,91,0,1,0,0,0,0,0,0.6767275715505089,-0.7362335185953917,-0.9317278354206747,-0.36315732224795383,0.8255777741218431,-0.5642883472800259,-0.8843891528281048,-0.46675028265656904,0.8563732488397127,-0.5163572974905221,0.8707345455104334,0.49175334391820763,-0.5041064649862133,-0.8636415182001753,-0.9653086341166165,0.26111154876778686,0.6078192376160092,-0.794075421092917,0.9471207476063749,0.3208773744805662,1,0,0,0,99,0
1701743880,12,5,1,638,19.1,0.0,91,0,1,0,0,0,0,0,-0.2538816765877605,-0.967235283833767,-0.9917749956098326,0.12799358610147818,0.6603053891566091,-0.7509971990964674,-0.9356808214066555,-0.3528475597928464,0.8224498646704389,-0.5688376043332375,0.8856742076896101,0.46430722354210824,-0.5175387794445416,-0.8556597523379571,-0.9632392621612652,0.2686449773046603,0.6047127511039186,-0.796443650644746,0.9477456543410647,0.3190269184216702,1,0,0,0,99,1
1701743940,12,5,1,639,19.1,0.0,91,0,1,0,0,0,0,0,-0.9510732821065815,-0.30896538974942617,-0.8090010475115055,0.5878072006408963,0.4539784132307965,-0.8910126824689131,-0.9723715037137074,-0.23343876877147773,0.7853148313802172,-0.6190966125042691,0.8997490240351109,0.4364077150416402,-0.5308447442324167,-0.8474690894190892,-0.96111109904607,0.27616200913676636,0.6015970374192486,-0.7987997274463626,0.9483669457141478,0.3171752453720478,1,0,0,0,99,1
1701744060,12,5,1,641,19.1,0.0,91,0,1,0,0,0,0,0,0.11484470379581474,0.9933834576889489,0.057517572580260974,0.9983444940722989,-0.028770696269825667,-0.999586037835738,-0.9998965041032342,0.014386837113521522,0.702001838632378,-0.7121751319421092,0.9252500018757388,0.3793579233770469,-0.5570646625944573,-0.8304691214539668,-0.9566789224849597,0.29114504851193435,0.5953381188400696,-0.8034752791816107,0.9495986729091429,0.31346827655951837,1,0,0,0,99,2
1701744120,12,5,1,642,19.1,0.0,91,0,1,0,0,0,0,0,0.8979542147110153,0.44008888679756925,0.5291082654818533,0.8485543255436181,-0.27517782837320115,-0.9613933444599089,-0.9903013037606052,0.13893641628473632,0.6561492146285263,-0.7546311735824118,0.9366512620987631,0.3502633483663315,-0.5699722149516012,-0.8216639667060773,-0.9543751795562575,0.2986101415674982,0.5921950094489575,-0.8057946827720751,0.9502091040323901,0.31161299493757066,1,0,0,0,99,2
1701744180,12,5,1,643,19.1,0.0,91,0,1,0,0,0,0,0,0.8554887617489377,-0.51782137704161,0.8711548016976116,0.49100846375515256,-0.5044757359104833,-0.8634258693585549,-0.9652527827876372,0.2613179391483152,0.6077343419832735,-0.7941403966391318,0.9471378982595755,0.3208267471400009,-0.5827406167670137,-0.8126582144850321,-0.9520131864856264,0.3060570089991143,0.5890428638906025,-0.8081017909270819,0.9508159103967186,0.3097565246067612,1,0,0,0,99,1
1701744240,12,5,1,644,19.1,0.0,91,0,1,0,0,0,0,0,0.026490886523445938,-0.9996490548843638,0.9999122598719259,0.01324660552058789,-0.702407785577371,-0.7117747556357236,-0.9251418149764185,0.37962168297153187,0.5569462797382114,-0.8305485184417379,0.9566996703359257,0.2910768640396056,-0.5953667508185162,-0.8034540634160753,-0.9495930874369493,0.3134851962883771,0.5858817302628675,-0.8103965684429991,0.9514190896873468,0.30789887264895993,1,0,0,0,99,0
1701744300,12,5,1,645,19.2,0.0,91,0,1,0,0,0,0,0,-0.8268625876027196,-0.5624040017842467,0.8838563236703821,-0.46775848373693524,-0.8566675211938805,-0.5158689350324677,-0.8705943185641828,0.49200155739973644,0.5039833541895326,-0.8637133660537321,0.9653272414196473,0.2610427493211293,-0.6078475346165643,-0.7940537605606843,-0.9471150301205985,0.3208942500570208,0.5827116568007624,-0.8126789803043453,0.9520186396033287,0.3060400461505444,1,0,0,0,99,0
1701744420,12,5,1,647,19.2,0.0,91,0,1,0,0,0,0,0,-0.1672962615688254,0.9859066694495454,0.08394441777287699,-0.9964704384600542,-0.9991172199647183,-0.04200929385234764,-0.7218065162674647,0.6920949017828597,0.39236787471526025,-0.9198083772674773,0.9797470023601699,0.20023938515252526,-0.6323608996639003,-0.774673926614458,-0.941985649204503,0.33565314938604557,0.5763448839947981,-0.817206567945353,0.9532068421768051,0.3023188978997567,1,0,0,0,99,1
1701744480,12,5,1,648,19.2,0.0,91,0,1,0,0,0,0,0,0.7392213001816264,0.6734625968513661,-0.4040652194563607,-0.9147301779353751,-0.9784503507933796,0.20648222933781113,-0.6298879942744539,0.7766859820216312,0.33415117684842055,-0.9425194910508831,0.9855251115651197,0.16952950915565845,-0.6443874963266829,-0.7646991268321347,-0.9393346386757316,0.3430020941392817,0.5731482818000584,-0.8194516746395976,0.9537954903016678,0.30045659034243405,1,0,0,0,99,1
1701744540,12,5,1,649,19.2,0.0,91,0,1,0,0,0,0,0,0.9661022076387795,-0.25815988146006835,-0.7931455986954944,-0.6090320675218718,-0.8969481778569685,0.4421356875881703,-0.5281402808022835,0.8491571372803064,0.2746296257868892,-0.961550086391839,0.9903408722232561,0.13865409047006316,-0.6562567750240514,-0.7545376367253204,-0.936626296002125,0.3503301038125896,0.5699429340677058,-0.8216842775094914,0.9543804999866383,0.2985931366345421,1,0,0,0,99,0
1701744600,12,5,1,650,19.2,0.0,91,0,1,0,0,0,0,0,0.3047532008014393,-0.9524313553224073,-0.9880362734541701,-0.15422166624309427,-0.7596781115193113,0.6502992902336991,-0.4181511148892831,0.9083774794196792,0.2140356519137885,-0.9768258492227975,0.9941895818260211,0.10764327841812157,-0.6679658380418412,-0.7441919370760884,-0.9338607864869604,0.35763673114202876,0.5667288897074029,-0.8239043424882614,0.9549618690000825,0.2967285438845904,1,0,0,0,99,0
1701744660,12,5,1,651,19.2,0.0,91,0,1,0,0,0,0,0,-0.6367844934113518,-0.7710418334635599,-0.9410212095015605,0.33834757760063844,-0.5751749396485218,0.8180304326859235,-0.3016368406826962,0.9534228948074206,0.15260587340036988,-0.9882871280168078,0.9970674821738015,0.0765273545315405,-0.679511826780248,-0.73366455363863,-0.9310382789226848,0.3649215301687268,0.5635061977615123,-0.8261118357004477,0.9555395951242542,0.2948628192054335,1,0,0,0,99,0
1701744720,12,5,1,652,19.2,0.0,91,0,1,0,0,0,0,0,-0.9928654610638965,0.11923999424008805,-0.6636113342009432,0.7480775341634341,-0.35491017584493534,0.9349004048997503,-0.1804156244623088,0.9835904648022342,0.09058017221711874,-0.995889166725453,0.9989717630457462,0.04533670298194944,-0.690891922451714,-0.7229580565226276,-0.9281589455806122,0.3721840562660983,0.5602749074043482,-0.8283067234624195,0.9561136761553041,0.2929959697142441,1,0,0,0,99,0
1701744780,12,5,1,653,19.2,0.0,91,0,1,0,0,0,0,0,-0.43611050264796214,0.8998931211428065,-0.22372626003354357,0.9746520202469203,-0.11257881628681225,0.9936427980534354,-0.056379082763754744,0.998409434564156,0.0282007573997934,-0.9996022795502609,0.9999005649439,0.014101780911272722,-0.7021033467690947,-0.7120750595657992,-0.925222962200409,0.37942386616698276,0.5570350679414255,-0.8304889722828903,0.9566841099032873,0.29112800253248544,1,0,0,0,99,0
1701744840,12,5,1,654,19.2,0.0,91,0,1,0,0,0,0,0,0.5216024406758817,0.853188662536583,0.2709348053161655,0.9625976995964054,0.13675214880138925,0.9906052946548402,0.06853723566485535,0.9976485590263838,-0.034288780771676325,-0.9994119668651121,0.9998529809089715,-0.017146911309152784,-0.7131433626239372,-0.7010182196957677,-0.9222305079793683,0.38664051799069915,0.5537867288087088,-0.8326585488634279,0.9572508941921726,0.2892589247858846,1,0,0,0,99,1
1701744900,12,5,1,655,19.2,0.0,91,0,1,0,0,0,0,0,0.999756505535219,0.022066482275333348,0.6992615811428033,0.7148658903162654,0.37758052762538924,0.9259767519533807,0.19238405345378726,0.9813197113972033,-0.09664442198801937,-0.9953189718369693,0.9988290574059631,-0.04837885986167266,-0.7240092747547067,-0.6897902362814101,-0.9191817655614721,0.39383357127001617,0.5505299395718565,-0.834815420098963,0.9578140268598501,0.2873887436044051,1,0,0,0,99,1
1701744960,12,5,1,656,19.2,0.0,91,0,1,0,0,0,0,0,0.5587390498188232,-0.829343520025061,0.9563847343054627,0.2921099792671752,0.5949327780232085,0.803775459710974,0.31322878243308516,0.9496776978825432,-0.158622668804709,-0.9873392775238264,0.9968297942787993,-0.07956356727854007,-0.7346984304047954,-0.6783938504738453,-0.9160769210262436,0.40100258697803604,0.5472647499254653,-0.8369595530782943,0.9583735057581397,0.28551746612221973,1,0,0,0,99,0
1701745020,12,5,1,657,19.2,0.0,91,0,1,0,0,0,0,0,-0.3959805115438519,-0.9182589147280136,0.9793515494264594,-0.20216464239820275,0.7752949897936278,0.6315993024069126,0.42918568102459304,0.9032162815203545,-0.2199814974942728,-0.9755040444612094,0.9938571437739957,-0.1106705822221754,-0.7452082199701555,-0.6668318445372209,-0.9129161638773905,0.40814712755499033,0.5439912096923119,-0.8390909150845903,0.9589293287527998,0.28364509947768324,1,0,0,0,99,0
1701745080,12,5,1,658,19.2,0.0,91,0,1,0,0,0,0,0,-0.9866374167508005,-0.16293129799798153,0.7625389491684939,-0.6469423088661069,0.9074531141789384,0.4201533595806971,0.5384452806085791,0.8426604771735462,-0.2804813031437691,-0.9598594889809514,0.9899140086343236,-0.14166952922038076,-0.7555360776363961,-0.6551070411694638,-0.9096996870312377,0.41526675693494663,0.5407093688225928,-0.8412094735958894,0.9594814937235343,0.2817716508133054,1,0,0,0,99,0
1701745140,12,5,1,659,19.2,0.0,91,0,1,0,0,0,0,0,-0.6701844311086327,0.7421946027152168,0.3590302196784995,-0.933325935221779,0.9831901991023352,0.18258431583548054,0.6393026216763542,0.7689552379155371,-0.3398858353068445,-0.9404667027374061,0.9850042392643308,-0.17253013832747296,-0.7656794820051903,-0.6432223028131592,-0.9064276868049539,0.4223610405724235,0.5374192773931619,-0.8433151962855951,0.960029998564002,0.2798971272757233,1,0,0,0,99,0
1701745260,12,5,1,661,19.2,0.0,91,0,1,0,0,0,0,0,0.9537707733618594,0.30053504268341247,-0.5913818382891833,-0.8063916674555276,0.9503661577138381,-0.3111336791031087,0.809670821724208,0.5868842819913016,-0.45448636833721334,-0.8907536926646169,0.9723049142796247,-0.23371596793478092,-0.7854030710198365,-0.6189846654260585,-0.8997179184127819,0.43647184019930857,0.5308145437912809,-0.8474880058736255,0.9611160194985894,0.2761448841879698,1,0,0,0,99,0
1701745320,12,5,1,662,19.2,0.0,91,0,1,0,0,0,0,0,0.7682160664531458,-0.6401906553857654,-0.9055911481970673,-0.424151709070136,0.8438458713148201,-0.5365856366554476,0.8765231419236595,0.48135972169706537,-0.5092348565754973,-0.860627597075839,0.964527759340248,-0.26398144151072533,-0.7949784404343068,-0.6066376836668139,-0.896280559776573,0.4434874949382373,0.5275000023989397,-0.8495550291000099,0.9616535314498694,0.27426717895146524,1,0,0,0,99,0
1701745380,12,5,1,663,19.2,0.0,91,0,1,0,0,0,0,0,-0.12363294914268595,-0.9923280172837418,-0.9980801614308696,0.0619353805036276,0.6848593357385049,-0.728675298230847,0.9296976116541461,0.368323703940673,-0.5619947935965809,-0.8271407691380811,0.9558087594121748,-0.2939891416888716,-0.8043597272641364,-0.5941426000175077,-0.8927884967945957,0.4504760814862939,0.5241774120055661,-0.8516090891618918,0.9621873749852187,0.2723884274690357,1,0,0,0,99,2
1701745440,12,5,1,664,19.2,0.0,91,0,1,0,0,0,0,0,-0.9018144014592891,-0.43212357644616434,-0.8462043418838514,0.5328585288581931,0.48329156372825655,-0.875459459043705,0.9683644611001854,0.24954011797333814,-0.6125601529754697,-0.7904239741978156,0.9461564284508708,-0.3237097664592346,-0.8135446412026923,-0.5815024649736085,-0.889241942604376,0.45743717329617606,0.5208468233098019,-0.8536501547168418,0.9627175480681864,0.27050863690754695,1,0,0,0,99,1
1701745500,12,5,1,665,19.2,0.0,92,0,1,0,0,0,0,0,-0.8508718520044145,0.5253732877360419,-0.4871481870355047,0.8733193252573889,0.25167506307003396,-0.9678117909122075,0.9919203070086345,0.12686254192588234,-0.6607334780658982,-0.7506205905535374,0.9355801917937172,-0.3531142941360932,-0.8225309398849666,-0.5687203644428019,-0.8856411136693016,0.46437034549871836,0.5175082871323327,-0.8556781946207109,0.9632440486763235,0.26862781443782874,1,0,0,0,99,1
1701745560,12,5,1,666,19.2,0.0,92,0,1,0,0,0,0,0,-0.01764164581327013,0.9998443740567825,-0.008821166113885877,0.9999610927573088,0.004410625958475234,-0.9999902731420214,0.9999975682825487,0.0022053183419487145,-0.7063266530643069,-0.707886049566577,0.9240903769563281,-0.38217401169717374,-0.8313164294350177,-0.5557994189916117,-0.8819862297654119,0.47127517492882454,0.5141618544151129,-0.8576931779281052,0.9637668748011899,0.2667459672346471,1,0,0,0,99,1
1701745620,12,5,1,667,19.2,0.0,92,0,1,0,0,0,0,0,0.8318082081799767,0.5550631538882909,0.4716655839213357,0.8817775098879226,-0.24312804251266182,-0.9699942035620426,0.9924702019612586,-0.12248631849712321,-0.7491616375980297,-0.662387228704961,0.9116982035479069,-0.4108605428214292,-0.8398989650015737,-0.5427427830835574,-0.8782775139679819,0.47815124015129495,0.5108075762205887,-0.8596950738928585,0.9642860244483632,0.26486310247667705,1,0,0,0,99,1
1701745680,12,5,1,668,19.2,0.0,92,0,1,0,0,0,0,0,0.9164974316526442,-0.40004057016021116,0.8366721491002945,0.5477040395322044,-0.47555018687189876,-0.8796885924951523,0.9694556700786149,-0.24526659730265726,-0.78907116196914,-0.6143017998904703,0.8984157723154882,-0.43914587559803503,-0.8482764512816665,-0.5295536443090374,-0.8745151926379088,0.48499812148654897,0.5074455037309183,-0.8616838519685015,0.964801495637445,0.26297922734647544,1,0,0,0,99,1
1701745740,12,5,1,669,19.2,0.0,92,0,1,0,0,0,0,0,0.15856314310832614,-0.9873488388850257,0.9968321922181852,0.07953351845283306,-0.6784049239013403,-0.7346882054493705,0.9313131067072369,-0.36421957288882034,-0.82589938033904,-0.5638175356935875,0.8842560533277641,-0.4670023898795447,-0.8564468430321711,-0.5162352226071247,-0.8706994954078947,0.49181540103624005,0.5040756882471917,-0.8636594818087276,0.9653132864020695,0.26109434903045325,1,0,0,0,99,1
1701745800,12,5,1,670,19.2,0.0,92,0,1,0,0,0,0,0,-0.7451533679583873,-0.6668931385314084,0.9129329489429682,-0.40810958177221934,-0.839079728563448,-0.5440084641932424,0.8786377137914245,-0.477489023856443,-0.8595024793031265,-0.5111315760856283,0.8692328733100321,-0.49440288425249485,-0.8644081455691214,-0.5027907694794651,-0.8668306551684317,0.49860266270876197,0.5006981811886468,-0.8656219332678563,0.9658213947899105,0.2592084747188484,1,0,0,0,99,0
1701745860,12,5,1,671,19.2,0.0,92,0,1,0,0,0,0,0,-0.9637793089749802,0.2667010378527043,0.6055158801168206,-0.7958332230601788,-0.9475846197201016,-0.31950491149575566,0.8122514732198877,-0.5833074183071241,-0.8897492394790579,-0.45644965861137193,0.8533609021426315,-0.5213206025991243,-0.8721584152546842,-0.48922356719646887,-0.8629089080535873,0.5053594922446452,0.49731303409188604,-0.8675711764012926,0.9663258188626889,0.2573216116056981,1,0,0,0,99,0
1701745920,12,5,1,672,19.2,0.0,92,0,1,0,0,0,0,0,-0.2963109980159809,0.9550915099898928,0.14984740573347818,-0.9887091356890289,-0.9971732887740798,-0.07513609089835323,0.7331903200732922,-0.6800234955873388,-0.9165215479156338,-0.39998531498835127,0.836655638536056,-0.5477292602242684,-0.8796957599716702,-0.47553692799599256,-0.858934493426592,0.5120854772418407,0.4939202986100892,-0.8695071814659844,0.9668265566961802,0.2554337668888117,1,0,0,0,99,0
1701745980,12,5,1,673,19.2,0.0,92,0,1,0,0,0,0,0,0.6435842780107317,0.7653752524725406,-0.3425089396843968,-0.9395145694646093,-0.9847625524624222,0.1739043279153665,0.6426879772038036,-0.766128033658659,-0.9397148593213419,-0.3419590372700662,0.8191333948967244,-0.5736030695219185,-0.8870183395854673,-0.46173419327470294,-0.8549076538652297,0.5187802071808914,0.4905200265122254,-0.8714299189208766,0.9673236063802219,0.25354494776974296,1,0,0,0,99,1
1701746100,12,5,1,675,19.2,0.0,91,0,1,0,0,0,0,0,0.428128186283695,-0.9037180180285407,-0.9756326199006828,-0.21941055349670321,-0.7808362675672484,0.6247357227273372,0.43316525557381835,-0.9013145185581272,-0.9750165430796872,-0.22213225952332183,0.7817071892733627,-0.6236456287334492,-0.9010121055605882,-0.43379394374895947,-0.8466976862342779,0.5320742693699069,0.48369708011838003,-0.8752354738497254,0.9683066337296583,0.24976441514983128,1,0,0,0,99,0
1701746160,12,5,1,676,19.2,0.0,91,0,1,0,0,0,0,0,-0.5291338443628917,-0.848538375531565,-0.9613891968218607,0.2751923186322931,-0.6019998676776046,0.7984961861625556,0.31741440880766936,-0.9482869255037094,-0.9869870631127111,-0.16079968049764676,0.7618397733439909,-0.6477655129374955,-0.907679875544648,-0.4196632501557079,-0.8425150592587969,0.538672790218836,0.4802745099321658,-0.8771182332555959,0.9687926076451028,0.24787271607057126,1,0,0,0,99,0
1701746220,12,5,1,677,19.2,0.0,91,0,1,0,0,0,0,0,-0.9999126587279824,-0.01321646380607935,-0.7117641687406298,0.7024185134924622,-0.38573403175474275,0.9226100241956138,0.19671041635407388,-0.9804616321395789,-0.9951034197859987,-0.09883918216077345,0.7412284338045774,-0.6712528651109158,-0.9141260485050504,-0.4054301017987467,-0.8382810095065815,0.5452384332570721,0.47684461134783096,-0.8789876089163806,0.9692748859112106,0.2459800714322396,1,0,0,0,99,0
1701746280,12,5,1,678,19.2,0.0,91,0,1,0,0,0,0,0,-0.5513763859920506,0.83425660379187,-0.2878744485084861,0.9576681585475916,-0.1454851220097925,0.989360439513222,0.07293682364477497,-0.997336562929792,-0.9993339189004324,-0.03649271893274041,0.7198932972784023,-0.6940847502528994,-0.9203490507011184,-0.3910979734971153,-0.8339957954022056,0.5517707977516048,0.473407436701408,-0.8808435723077068,0.9697534666882369,0.24408648845470035,1,0,0,0,99,0
1701746340,12,5,1,679,19.2,0.0,91,0,1,0,0,0,0,0,0.40409279322248953,0.9147179972350201,0.20649697669091896,0.9784472385455999,0.10380934797598938,0.9945972145913138,-0.051974923803148484,-0.9986483902233343,-0.999662040447504,0.025996247581773553,0.6978551971642206,-0.7162388734150686,-0.9263473628761159,-0.3766703642343869,-0.8296596784930514,0.5582694850005744,0.4699630384399531,-0.8826860951098568,0.9702283481505415,0.24219197436139703,1,0,0,0,99,0
1701746460,12,5,1,681,19.2,0.0,91,0,1,0,0,0,0,0,0.6635887835859072,-0.7480975379581034,0.9349057540624358,0.3548960848205405,0.5679365788446187,0.8230723190645342,-0.29742871493474354,-0.9547440282778767,-0.9886212693134506,0.15042601457547708,0.6517568509131771,-0.7584279842461896,-0.9376641147677002,-0.34754281445155094,-0.8208357979680074,0.5711642432560222,0.46305278141048767,-0.8863307066936196,0.9711670058989905,0.23840018173900415,1,0,0,0,99,1
1701746520,12,5,1,682,19.2,0.0,91,0,1,0,0,0,0,0,-0.27096382207826836,-0.9625895320045489,0.9906032333897737,-0.13676707936387883,0.7539121564757657,0.6569752356961871,-0.4141405343019522,-0.9102129519228418,-0.9772954906073296,0.2118809194773779,0.6277416190291282,-0.7784217749643756,-0.9429797916616176,-0.3328499850049752,-0.8163485729163049,0.5775595272329186,0.45958702808449753,-0.8881327398629437,0.9716307786044408,0.23650291767445097,1,0,0,0,99,0
1701746580,12,5,1,683,19.2,0.0,91,0,1,0,0,0,0,0,-0.9563935393373727,-0.29208114953507913,0.803766492687733,-0.594944892601374,0.8930131277314388,0.45003061418009443,-0.5243898291442662,-0.8514783068816535,-0.962153393924704,0.2725084339230132,0.6031134081070436,-0.7976554500293386,-0.9480652535636296,-0.3180758950082994,-0.8118115221553275,0.5839195599531243,0.45611426202590716,-0.8899212212193629,0.972090844833795,0.23460475142315124,1,0,0,0,99,0
1701746640,12,5,1,684,19.2,0.0,91,0,1,0,0,0,0,0,-0.7625194471644794,0.6469652948157085,0.42013968223930687,-0.907459446701534,0.9765908679435658,0.21510526876214117,-0.6264561960895026,-0.7794566276458689,-0.943254108829076,0.33207180876591375,0.5778962671769416,-0.8161102280837784,-0.9529192589311485,-0.3032241513437061,-0.8072249226032686,0.5902439532330229,0.45263453622485383,-0.8916961234728519,0.9725472028320404,0.23270569022603224,1,0,0,0,99,0
1701746700,12,5,1,685,19.3,0.0,92,0,1,0,0,0,0,0,0.13241150819283803,0.9911948307462555,-0.06635197530497698,-0.9977962794945308,0.9994489180279628,-0.033194280422003807,-0.718746923618461,-0.6952717884316881,-0.9206714366242954,0.39033845030198594,0.5521148203489986,-0.8337680883501076,-0.95754062272838,-0.288298379851407,-0.8025890542025249,0.5965323210642458,0.4491479037776722,-0.8934574195405861,0.9729998508583098,0.23080574132743523,1,0,0,0,99,2
1701746760,12,5,1,686,19.3,0.0,92,0,1,0,0,0,0,0,0.9056039335646163,0.42412441041785603,-0.5365983551885637,-0.8438377837054513,0.9601660751415484,-0.2794299700233931,-0.799821845795485,-0.6002374654987004,-0.8944935621620483,0.44708082854294906,0.5257942427685239,-0.8506117882274349,-0.9619282167156328,-0.2733022244444464,-0.7979041999026094,0.6027842796372321,0.4456544178860835,-0.8952050825473546,0.9734487871858886,0.22890491197508778,1,0,0,0,99,1
1701746820,12,5,1,687,19.3,0.0,92,0,1,0,0,0,0,0,0.8461882788236016,-0.5328840368987897,-0.8754667432001029,-0.4832783685937176,0.8611847561916425,-0.5082920574857935,-0.8684158155762116,-0.49583663767122255,-0.864822709481898,0.5020773657160704,0.49896023603285744,-0.866624880128672,-0.9660809697247618,-0.25823934621909184,-0.7931706456428818,0.6089994473646541,0.4421541318563844,-0.8969390858259702,0.9738940101022211,0.2270032094200761,1,0,0,0,99,2
1701746880,12,5,1,688,19.3,0.0,92,0,1,0,0,0,0,0,0.008791022929352243,-0.9999613582113339,-0.9999903395061709,-0.004395553927897717,0.7086591401823227,-0.7055510066862999,-0.9234584470040598,-0.38369844494974187,-0.8317747426285983,0.5551133015206257,0.47163900309419615,-0.8817917275413242,-0.9699978679206785,-0.24311342256103,-0.7883886803350966,0.6151774449047079,0.4386470990986331,-0.898659402917676,0.9743355179089173,0.22510064091681745,1,0,0,0,99,2
1701746940,12,5,1,689,19.3,0.0,92,0,1,0,0,0,0,0,-0.8366886589042642,-0.5476788183424514,-0.8796814248187952,0.47556344563977404,0.5120725311712326,-0.8589422115718187,-0.9640908182250827,-0.2655727663260874,-0.7954787132054784,0.6059815317622776,0.4438572226728559,-0.8960975202962782,-0.9736779550488648,-0.22792814624758584,-0.7835585958457688,0.6213178951842664,0.4351333731258346,-0.90036600757255,0.974773308921759,0.22319721372303236,1,0,0,0,99,0
1701747000,12,5,1,690,19.3,0.0,92,0,1,0,0,0,0,0,-0.9129206463287429,0.4081371013602049,-0.5439958173735323,0.8390879278598296,0.2836477323549146,-0.958928549960796,-0.9896788746762244,-0.14330291350702545,-0.7560763564306933,0.6544834170905228,0.4156420232059537,-0.9095282890296824,-0.977120332668828,-0.21268722454618383,-0.7786806869783608,0.6274204234218935,0.4316130075531242,-0.9020588737499048,0.9752073814707066,0.22129293509971706,1,0,0,0,99,0
1701747060,12,5,1,691,19.3,0.0,92,0,1,0,0,0,0,0,-0.1498176016678404,0.9887136522929661,-0.07512106131782845,0.9971744211252528,0.03758709136623356,-0.9992933556081649,-0.9998233232947121,-0.01879686665158652,-0.7137215376642303,0.7004295586811045,0.38702095635694944,-0.9220709188237921,-0.980324160373443,-0.19739437830927187,-0.773755251455288,0.6334846571507191,0.4280860560969494,-0.9037379756186854,0.9756377338999054,0.21938781231111568,1,0,0,0,99,1
1701747120,12,5,1,692,19.3,0.0,92,0,1,0,0,0,0,0,0.7510270550472058,0.6602714309941945,0.412145950487085,0.911117838425468,-0.2108105329134813,-0.9775269404025313,-0.9943658633527529,0.10600249902117563,-0.6685796515669709,0.7436405378343678,0.3580219701119138,-0.9337131620134654,-0.983288655994125,-0.18205334106592852,-0.7687825898997481,0.6395102262411726,0.4245525725742499,-0.9054032875578629,0.9760643645676915,0.2174818526246926,1,0,0,0,99,1
1701747180,12,5,1,693,19.3,0.0,92,0,1,0,0,0,0,0,0.9613809008905675,-0.2752212989629269,0.798505259520226,0.601987832533629,-0.44610097930085907,-0.8949826346174625,-0.9733916566874463,0.22914773115016593,-0.6208269762380796,0.783947616601443,0.3286733814887943,-0.9444436501457996,-0.986013095791785,-0.16666785811037535,-0.7637630058173724,0.6454967629235737,0.42101261090163694,-0.9070547841568264,0.9764872718465987,0.21557506331110474,1,0,0,0,99,1
1701747240,12,5,1,694,19.3,0.0,92,0,1,0,0,0,0,0,0.2878455800903205,-0.9576768359015827,0.9893626321783087,0.14547021017792156,-0.6536550274502899,-0.7567926433898262,-0.9372279987787994,0.34871718957500053,-0.570649984852799,0.8211933967023238,0.29900384888632797,-0.9542519050812327,-0.9884968146335203,-0.1512416855876172,-0.7586968055777015,0.6514439018105791,0.4174662250945703,-0.9086924402157693,0.9769064541233642,0.21366745164417375,1,0,0,0,99,1
1701747300,12,5,1,695,19.4,0.0,91,0,1,0,0,0,0,0,-0.6503336395770626,-0.7596487064653314,0.9379895272510593,-0.34666359308028627,-0.8205679719195377,-0.5715489510618114,-0.8864392114132281,0.46284503288800055,-0.5182446174886911,0.8552324341627837,0.26904234409960104,-0.9631283492252691,-0.9907392061549974,-0.13577858957643307,-0.7535842983954858,0.6573512799194837,0.41391346926653416,-0.9103162307460754,0.977321909798935,0.21175902490085832,1,0,0,0,99,1
1701747360,12,5,1,696,19.4,0.0,91,0,1,0,0,0,0,0,-0.9905991101845337,0.1367969403956463,0.6569638725243397,-0.7539220584369601,-0.9364619742512132,-0.3507691132091307,-0.8218178366308225,0.5697503342653119,-0.4638155159838274,0.8859318072699817,0.23881812402958275,-0.9710643148808378,-0.9927397229084867,-0.1202823451699422,-0.7484257963118128,0.6632185366943757,0.41035439762821135,-0.9119261309706986,0.9777336372884741,0.20984979036122642,1,0,0,0,99,1
1701747420,12,5,1,697,19.4,0.0,91,0,1,0,0,0,0,0,-0.42011232727019937,0.9074721111282797,0.21509054938760125,-0.9765941099372553,-0.9941313067038114,-0.10818015081969684,-0.7443722693718838,0.6677648722343453,-0.40757522481479086,0.9131716356289067,0.20836070211425825,-0.9780520527121516,-0.9944978764965141,-0.10475673555396908,-0.7432216141750619,0.6690453140281423,0.40678906448665614,-0.9135221163245426,0.9781416350213661,0.2079397553084275,1,0,0,0,99,2
1701747480,12,5,1,698,19.4,0.0,91,0,1,0,0,0,0,0,0.5366237918890951,0.8438216079116303,-0.27944444178438205,-0.9601618634146094,-0.9899903695023021,0.14113492938566014,-0.6553110218111473,0.755359162711905,-0.3497433611150432,0.9368455482927549,0.17769981950925717,-0.9840847393118021,-0.9960132376910966,-0.08920555108343296,-0.7379720696216873,0.6748312562843274,0.4032175242444657,-0.9151041624548343,0.9785459014412237,0.20602892702866477,1,0,0,0,99,4
1701747540,12,5,1,699,19.4,0.0,91,0,1,0,0,0,0,0,0.999990471552965,0.0043654098637504885,-0.7055616876419274,-0.7086485059123989,-0.9242966260655718,0.3816749232577385,-0.5560238649294927,0.8311663260917572,-0.29054575707471864,0.9568610991392004,0.1468654160461197,-0.989156483863701,-0.9972854365385321,-0.07363258835698702,-0.7326774830568314,0.6805760103188376,0.39963983139895004,-0.9166722452214962,0.9789464350058935,0.2041173128111673,1,0,0,0,99,1
1701747600,12,5,1,700,19.4,0.0,91,0,1,0,0,0,0,0,0.5439705233633756,-0.8391043258807425,-0.9589328250406132,-0.28363327918216646,-0.8011345951780408,0.5984842190140996,-0.44806014160260915,0.8940034169437217,-0.23021357807075407,0.9731401278705245,0.11588760099655933,-0.9932623338953623,-0.9983141624497176,-0.058041649290133286,-0.7273381776347689,0.6862792255014961,0.3960560405413001,-0.9182263406975145,0.9793432341874616,0.2022049199481623,1,0,0,0,99,0
1701747660,12,5,1,701,19.4,0.0,91,0,1,0,0,0,0,0,-0.41217341535790386,-0.9111054141383427,-0.9775237629179003,0.21082526634829296,-0.6281618953946932,0.7780826647433718,-0.3331045896236106,0.9428898834814625,-0.16898241997103944,0.985619065227906,0.08479662367127003,-0.9963982801139075,-0.999099164275976,-0.042436540187039476,-0.7219544792391829,0.6919405537374438,0.3924662063557551,-0.9197664251693045,0.9797362974722598,0.2002917557348473,1,0,0,0,99,0
1701747720,12,5,1,702,19.4,0.0,91,0,1,0,0,0,0,0,-0.9893670168342196,-0.14544038641504342,-0.7567827912998033,0.6536664338884767,-0.41613313140840114,0.9093036989610448,-0.2129510519332497,0.9770628687451604,-0.10709138913759518,0.994249181228016,0.053622843881987556,-0.9985612603210722,-0.9996402503703701,-0.026821070811284417,-0.7165267164632748,0.6975596494883844,0.38887038361876797,-0.9212924751370719,0.980125623360871,0.19837782746936225,1,0,0,0,99,0
1701747780,12,5,1,703,19.4,0.0,91,0,1,0,0,0,0,0,-0.6569411457329191,0.7539418618455402,-0.3507549986489571,0.9364672609988937,-0.17823122481920262,0.9839886333182142,-0.08947448430079347,0.9959891147292259,-0.04478216872134558,0.9989967754525602,0.022396702295648618,-0.9997491624033901,-0.9999372886344898,-0.011199053455758941,-0.7110552205897088,0.7031361697936755,0.3852686271981697,-0.9228044673151717,0.9805112103681354,0.19646314245276175,1,0,0,0,99,1
1701747840,12,5,1,704,19.4,0.0,91,0,1,0,0,0,0,0,0.279473385115912,0.960153439306371,0.14114985067939137,0.9899882421792622,0.07075223608034517,0.9974939203271522,0.03539830273366068,0.9993732836951247,0.017701925105413577,0.9998433086476912,-0.008851309290403876,-0.9999608263946371,-0.9999902065507035,0.004425697988050785,-0.7055403255703919,0.70866977429126,0.3816609920523317,-0.9243023786324636,0.9808930570231557,0.19454770798898718,1,0,0,0,99,0
1701747900,12,5,1,705,19.3,0.0,90,0,1,0,0,0,0,0,0.9589413745467228,0.2836043726433742,0.5984962937882848,0.8011255746271536,0.3153366656233036,0.9489798666534379,0.15971871109322489,0.9871625668180084,0.0801168932934608,0.9967854751193981,-0.040090677723143425,-0.9991960456085177,-0.9997989911998606,0.02004936896117015,-0.6999823680060913,0.7141601252384405,0.3780475332293278,-0.9257861862326637,0.981271161869303,0.19263153138483885,1,0,0,0,99,2
1701747960,12,5,1,706,19.3,0.0,90,0,1,0,0,0,0,0,0.7567630866040035,-0.6536892463193665,0.9093099708898409,0.4161194261751267,0.5403149886061247,0.8414628411805024,0.2815467623854851,0.9595475082507646,0.14221900672771448,0.9898352156421706,-0.07129089828943605,-0.9974555668404911,-0.9993636892644466,0.03566814516840596,-0.6943816871258898,0.7196068875324937,0.3744283058660939,-0.9272558674746938,0.9816455234642222,0.19071461994994804,1,0,0,0,99,2
1701748020,12,5,1,707,19.3,0.0,90,0,1,0,0,0,0,0,-0.1411796931706552,-0.9899839868584944,0.9974928538236488,-0.07076727047691461,0.7316991425705358,0.6816277318020025,0.3989813706164722,0.9169590317462396,0.20376575798421134,0.9790196708305302,-0.10242150450337505,-0.9947410896385376,-0.9986844070171862,0.05127821350955192,-0.6887386247664814,0.7250097287311226,0.3708033651875866,-0.9287113999330262,0.9820161403798376,0.1887969809967493,1,0,0,0,99,0
1701748080,12,5,1,708,19.3,0.0,90,0,1,0,0,0,0,0,-0.9093225141277265,-0.41609201542499075,0.8414546973619527,-0.540327671221366,0.8775897877771157,0.47941231147032193,0.5101900080017631,0.8600617162362019,0.2645168083164075,0.9643810751555119,-0.13345209785628734,-0.9910552646435797,-0.9977613102950975,0.06687576301030233,-0.6830535253513071,0.7303683190727478,0.3671727665059408,-0.9301527613980265,0.9823830112023585,0.1868786218404523,1,0,0,0,99,0
1701748140,12,5,1,709,19.3,0.0,90,0,1,0,0,0,0,0,-0.8414384091513941,0.5403530360836063,0.4793990842275326,-0.8775970134644963,0.9689161505167762,0.24738935560721262,0.6134373009496519,0.7897434252993856,0.3242349261728403,0.9459765920199573,-0.1643523775003615,-0.9864016910011756,-0.9965946244590063,0.08245698575264687,-0.6773267358695333,0.7356823314966341,0.3635365652196254,-0.931579929876292,0.982746134532284,0.18495954979901422,1,0,0,0,99,0
1701748200,12,5,1,710,19.3,0.0,90,0,1,0,0,0,0,0,6.0288706691585265e-05,0.999999998182636,-3.014435335948845e-05,-0.999999999545659,0.9999999998864147,-1.50721766814562e-05,0.7071121099856378,0.7071014523472988,0.3826869135812598,0.9238780905366516,-0.1950921698369112,-0.9807849128470145,-0.9951846343385268,0.09801807780451909,-0.6715586058548728,0.7409514416628525,0.3598948168125984,-0.9329928835909876,0.983105508984409,0.18303977219311154,1,0,0,0,99,0
1701748260,12,5,1,711,19.3,0.0,90,0,1,0,0,0,0,0,0.8415035574058807,0.5402515736888212,-0.4794519925452281,-0.8775681095188057,0.968908692684405,-0.24741856284563038,0.7897526710450653,0.6134253977275352,0.43964451678172034,0.8981718648809746,-0.2256414579803825,-0.9742104148696458,-0.9935316841625248,0.11355524014847192,-0.6657494873642518,0.7461753279720765,0.3562475768534598,-0.9343916009821783,0.9834611331878292,0.18111929634611235,1,0,0,0,99,1
1701748320,12,5,1,712,19.3,0.0,90,0,1,0,0,0,0,0,0.9092723362185879,-0.4162016561567134,-0.8414872714892108,-0.5402769400239504,0.8775753358042688,-0.4794387656291727,0.8600694058124533,0.5101770449416689,0.4948853175526281,0.8689582973139933,-0.25597041106933305,-0.9666846169547733,-0.9916361774750792,0.12906467960915324,-0.6598997349563215,0.7513536715852107,0.3525949009946041,-0.9357760607071574,0.9838130057859464,0.17919812958404827,1,0,0,0,99,1
1701748380,12,5,1,713,19.3,0.0,90,0,1,0,0,0,0,0,0.14106032243614638,-0.9900010027440429,-0.9974971184780542,-0.07070713279421359,0.7316785950108878,-0.6816497880898176,0.9169650451597972,0.39896755000261763,0.5481936017491368,0.8363514661918808,-0.28604941339576206,-0.958214867916346,-0.9894985770369622,0.14454260977935537,-0.6540097056698183,0.756486156442851,0.34893684497137084,-0.9371462416407726,0.9841611254364736,0.17727627923558656,1,0,0,0,99,1
1701748440,12,5,1,714,19.3,0.0,90,0,1,0,0,0,0,0,-0.7568419012610816,-0.6535979930320404,-0.9092848819352602,0.4161742465410129,0.540289623007414,-0.8414791282441333,0.9595517516643209,0.281532299883927,0.5993612016622668,0.8004787004923762,-0.3158490933243467,-0.9488094383205661,-0.9871194047126635,0.15998525194441188,-0.6480797590017714,0.7615724692845757,0.3452734646011943,-0.9385021228757492,0.9845054908114401,0.17535375263200217,1,0,0,0,99,1
1701748500,12,5,1,715,19.7,0.0,90,0,1,0,0,0,0,0,-0.9589071712941251,0.2837199972520434,-0.5984479938758073,0.801161655738729,0.3153080590956018,-0.9489893718421532,0.9871649740145142,0.1597038323864628,0.6481883089093543,0.7614800825978519,-0.34534035197334534,-0.9384775124098211,-0.9844992413429837,0.17538883600471677,-0.6421102568855613,0.7666122996680645,0.3416048157827517,-0.9398436837230073,0.9848461005971967,0.17343055710714975,1,0,0,0,99,1
1701748560,12,5,1,716,19.7,0.0,90,0,1,0,0,0,0,0,-0.2793576102663403,0.9601871305044031,-0.14109016531210986,0.9899967501220404,0.07072216723899125,-0.9974960526543551,0.9993738171110836,0.03538323999893738,0.6944842546815092,0.7195079012766077,-0.374494391629162,-0.9272291791344273,-0.9816387266032314,0.19074960139614014,-0.6361015636688295,0.7716053399880473,0.33793095449511035,-0.9411709037119792,0.9851829534944205,0.17150669999743565,1,0,0,0,99,5
1701748620,12,5,1,717,19.7,0.0,90,0,1,0,0,0,0,0,0.6570320493166915,0.7538626441008393,0.35081145641153216,0.9364461127317576,-0.17826088643928933,-0.983983260206127,0.9959877660408604,-0.0894894960145405,0.7380682543012335,0.6747260569984901,-0.4032827438668247,-0.9150754223009407,-0.9785385588470545,0.20606379800811597,-0.6300540460912397,0.7765512854950779,0.3342519367968734,-0.9424837625909207,0.9855160482181202,0.16958218864179003,1,0,0,0,99,1
1701748680,12,5,1,718,19.7,0.0,90,0,1,0,0,0,0,0,0.9893494728164958,-0.14555968067333058,0.7568221986283603,0.6536208072447929,-0.41616054159134735,-0.9092911544837531,0.9770596589983012,-0.2129657783732482,0.7787701131827185,0.6273094219070648,-0.43167729734891963,-0.9020281098466568,-0.9751994949359482,0.22132768709917786,-0.6239680732620949,0.781449834314135,0.3305678188253245,-0.9437822403272206,0.9858453834976407,0.16765703038163873,1,0,0,0,99,0
1701748740,12,5,1,719,19.7,0.0,90,0,1,0,0,0,0,0,0.41206355362767066,-0.9111551063193005,0.9775364715240298,0.2107663323217201,-0.6281853499080824,-0.7780637288557153,0.9428848627631359,-0.33311880098868984,0.8164308914380598,0.5774431569476385,-0.4596503252758348,-0.8880999822507707,-0.9716223500544774,0.2365375422097191,-0.6178440166378084,0.7863006874630465,0.3268786567955711,-0.945066317107706,0.9861709580766679,0.16573123256087538,1,0,0,0,99,2
1701748860,12,5,1,721,19.7,0.0,90,0,1,0,0,0,0,0,-0.9999899379137492,0.0044859860962648745,0.7055189628577446,-0.7086910420261656,-0.924308130989381,-0.3816470607602228,0.8311579455074176,-0.5560363923520552,0.8820533975763755,0.47114944956348237,-0.5142229820012509,-0.8576565307754271,-0.9637573685257683,0.26678031151546105,-0.6054831494288421,0.795858125395306,0.3194854258058527,-0.9475911896475467,0.9868108201797209,0.16187774762525764,1,0,0,0,99,4
1701748920,12,5,1,722,19.7,0.0,90,0,1,0,0,0,0,0,-0.536522042161478,0.8438863064861742,0.2793865543595699,-0.9601787090136331,-0.9899946234736917,-0.141105086702016,0.7553492856626053,-0.655322406643472,0.9097588709772145,0.4151370817913813,-0.5407693215265723,-0.8411709344097017,-0.9594714520009706,0.2818058423722779,-0.5992470932877865,0.8005641268419033,0.3157814696574965,-0.9488319468804535,0.9871251052628672,0.15995007521027702,1,0,0,0,99,0
1701748980,12,5,1,723,19.7,0.0,90,0,1,0,0,0,0,0,0.42022174485588953,0.9074214484737904,-0.21514942659255415,-0.9765811406313841,-0.994128045231444,0.10821011821594118,0.6677536528481364,-0.7443823339574701,0.9339117554559077,0.3575036125989008,-0.5667876089864259,-0.8238639489014253,-0.9549512942819192,0.2967625743743428,-0.59297446219279,0.805221265980458,0.31207269507243185,-0.9500582261052366,0.9874356247637708,0.15802179263437582,1,0,0,0,99,2
1701749040,12,5,1,724,19.7,0.0,90,0,1,0,0,0,0,0,0.9906155976046185,0.13667749552301828,-0.6570093243162466,-0.7538824495645917,-0.936451400117644,0.3507973420904214,0.5697379476169631,-0.8218264239151785,0.9544177345154423,0.29847409944986975,-0.5922524379646446,-0.8057524742282427,-0.9501979989002931,0.31164685605004694,-0.5866656389929246,0.8098292585632008,0.3083591586419959,-0.9512700086103841,0.987742377497894,0.15609290725336597,1,0,0,0,99,3
1701749100,12,5,1,725,19.8,0.0,88,0,1,0,0,0,0,0,0.6502420383735517,-0.7597271164910521,-0.9380104254460747,-0.34660704227478406,-0.820550742573177,0.5715736862930343,0.4628316722670164,-0.8864461873946535,0.9711967327464229,0.23827905132989188,-0.6171389424878762,-0.7868541959378154,-0.9452127263049878,0.32645505361548977,-0.5803210087462414,0.8143878233420149,0.3046409170301858,-0.9524672759055859,0.9880453622950683,0.15416342642535893,1,0,0,0,99,3
1701749160,12,5,1,726,19.8,0.0,88,0,1,0,0,0,0,0,-0.28796105219335977,-0.9576421212643548,-0.9893538601694428,0.14552985730709223,-0.6536322141284454,0.756812347054107,0.348703063469403,-0.9372332545994372,0.9841832285198314,0.17715352861368974,-0.6414228213067844,-0.7671875678781851,-0.9399966935788086,0.3411835518616152,-0.573940958696269,0.8188966820856021,0.3009180269727937,-0.9536500097220159,0.988344577999499,0.1522333575107376,1,0,0,0,99,0
1701749220,12,5,1,727,19.8,0.0,88,0,1,0,0,0,0,0,-0.9614140793741277,-0.275105376140123,-0.7984689650011837,0.6020359722889809,-0.4460740004253886,0.8949960816363893,0.22913305999310826,-0.9733951103319733,0.9933265098475862,0.11533622515937178,-0.665080361625807,-0.7467717941779041,-0.9345511741413373,0.3558287550368126,-0.5675258782483789,0.823355559596464,0.29719054527654143,-0.9548181920126113,0.9886400234697691,0.15030270787212824,1,0,0,0,99,0
1701749280,12,5,1,728,19.8,0.0,88,0,1,0,0,0,0,0,-0.750947435766512,0.660361983093894,-0.41209101962194344,0.9111426845159583,-0.21078106590019152,0.9775332947055968,0.10598751175115685,-0.9943674609282015,0.9985908724117705,0.05306853621402457,-0.688088462258297,-0.7256268104935293,-0.9288774974380447,0.37038708772476847,-0.5610761589460167,0.8277641837276992,0.2934585288182137,-0.9559718049523478,0.9889316975788438,0.1483714848743724,1,0,0,0,99,1
1701749340,12,5,1,729,19.8,0.0,88,0,1,0,0,0,0,0,0.14993681711330134,0.9886955804866999,0.0751811795375017,0.9971698903613917,0.03761721440117745,0.9992922221155811,-0.01881193616323041,-0.9998230398714517,0.9999557589892294,-0.009406384229561218,-0.7104246561844406,-0.7037732645427925,-0.922977048615726,0.38485499571735293,-0.5545921944468057,0.8321222853996139,0.28972203454379003,-0.957110830938511,0.9892195992140752,0.14643969588449884,1,0,0,0,99,3
1701749400,12,5,1,730,19.8,0.0,88,0,1,0,0,0,0,0,0.9129698518082046,0.4080270207833117,0.5440464039108651,0.8390551295306261,0.2836766385070983,0.9589199991476417,-0.1433178301056054,-0.9896767146769802,0.997415839727087,-0.07184457294402906,-0.7320671324899203,-0.6812324959424539,-0.9168512681843369,0.39922894688232846,-0.5480743804985193,0.8364295986161443,0.2859811194675758,-0.9582352525909659,0.9895037272772058,0.14450734827169542,1,0,0,0,99,3
1701749460,12,5,1,731,19.8,0.0,88,0,1,0,0,0,0,0,0.8366226151268321,-0.5477797001152385,0.8797100943251812,0.4755104099200992,0.5120984231961181,0.8589267750862407,-0.2655872972430715,-0.9640868153559203,0.990981032955707,-0.13400221013863856,-0.7529947576639026,-0.6580265153705288,-0.9105016516653137,0.41350543202566953,-0.541523114914927,0.8406858604810924,0.2822358406713325,-0.9593450527524214,0.9897840806843736,0.1425744494072809,1,0,0,0,99,3
1701749520,12,5,1,732,19.8,0.0,88,0,1,0,0,0,0,0,-0.008911595619283405,-0.9999602909433546,0.9999900726865629,-0.004455842044182302,0.7086804082392084,0.705529644294206,-0.38371236343503057,-0.9234526637284138,0.9806764664578257,-0.19563657157033057,-0.7731870962355524,-0.6341779830732337,-0.9039297492264633,0.42768096574828196,-0.5349387975515134,0.8448908112141716,0.27848625530340665,-0.9604402144886925,0.9900606583661156,0.14064100666467697,1,0,0,0,99,3
1701749580,12,5,1,733,19.8,0.0,88,0,1,0,0,0,0,0,-0.8462525264509585,-0.5327820018313022,0.8754376053812465,-0.48333114847312386,0.8612000779357617,0.5082660973972571,-0.49584972653150816,-0.8684083421401643,0.9665423793450973,-0.25650697637670183,-0.7926244307289241,-0.609710186737641,-0.8971371653035117,0.44175208729691307,-0.5283218302810735,0.8490441941668623,0.27473242057785763,-0.9615207210889587,0.9903334592673719,0.13870702741938,1,0,0,0,99,3
1701749640,12,5,1,734,19.8,0.0,88,0,1,0,0,0,0,0,-0.9055527871571002,0.42423360271436256,0.5365474803247321,-0.8438701329927379,0.9601744979410612,0.27940102631098374,-0.6002495204866958,-0.7998127988195062,0.948633964925225,-0.31637572692962224,-0.8112877809167417,-0.5846470187516472,-0.8901255582084044,0.4557153614090449,-0.5216726169691845,0.8531457558380763,0.27097439377358495,-0.9625865560660185,0.99060248234749,0.13677251904893306,1,0,0,0,99,3
1701749700,12,5,1,735,19.9,0.0,84,0,1,0,0,0,0,0,-0.1322919915216454,0.9912107893779389,0.06629181933715889,-0.9978002779559492,0.9994499181939906,0.03316415266557249,-0.6952826214333375,-0.7187364442775852,0.9270211551732747,-0.3750090370393858,-0.8291589223542691,-0.5590129528734616,-0.8828966397244532,0.46956737915156455,-0.5149915634495557,0.8571952458896295,0.26721223223345386,-0.9636377031565415,0.9908677265802286,0.13483748893289754,1,0,0,0,99,1
1701749760,12,5,1,736,19.9,0.0,84,0,1,0,0,0,0,0,0.7625974510230334,0.6468733474901962,-0.42019439103217676,-0.9074341153742778,0.9765843832906294,-0.21513470736462095,-0.7794660696158047,-0.626444447910339,0.9017883476488092,-0.4321779448847783,-0.8462204041751706,-0.5328330203333975,-0.8754521746884285,0.4833047587530059,-0.5082790774992584,0.8611924171615208,0.26344599336342084,-0.9646741463213163,0.9911291909537616,0.13290194445282522,1,0,0,0,99,3
1701749820,12,5,1,737,19.9,0.0,84,0,1,0,0,0,0,0,0.9563583139954668,-0.2921964668707481,-0.8038023596851244,-0.5948964334778163,0.8929995614438498,-0.4500575332789041,-0.8514862104810929,-0.5243769954532216,0.8730340759252245,-0.48765920710408944,-0.8624555661319862,-0.5061327853912996,-0.8677939805597005,0.496924146429161,-0.5015355688138374,0.8651370256870182,0.2596757346316572,-0.9656958697454956,0.991386874470682,0.13096589299222994,1,0,0,0,99,3
1701749880,12,5,1,738,19.9,0.0,84,0,1,0,0,0,0,0,0.2708477535528008,-0.9626221971237736,-0.9906114770998198,-0.1367073569275377,0.7538923520395793,-0.6569979615921431,-0.910219193818759,-0.4141268153644828,0.8408706248182544,-0.5412361705556629,-0.8778485548645799,-0.47893832037347833,-0.8599239269765315,0.5104222172018581,-0.49476144898230595,0.8690288307075485,0.2559015135676726,-0.9667028578388368,0.9916407761480053,0.12902934193655957,1,0,0,0,99,1
1701749940,12,5,1,739,19.9,0.0,84,0,1,0,0,0,0,0,-0.663678982427899,-0.7480175187009116,-0.934884356137408,0.3549524484343561,0.5679117676037555,-0.8230894387714971,-0.9547485110675735,-0.29741432483028024,0.8054235919161669,-0.5926996183437778,-0.8923843393806778,-0.45127618021352633,-0.8518439352996318,0.5237956757107076,-0.4879571314620232,0.8728675946873924,0.25212338776143683,-0.9676950952359407,0.9918908950171739,0.12709229867316782,1,0,0,0,99,5
1701750060,12,5,1,741,19.9,0.0,84,0,1,0,0,0,0,0,-0.40398249595507346,0.9147667150492026,-0.20643798699706092,0.9784596862030654,0.10377936643893754,-0.994600343405095,-0.9986491734851372,-0.0519598719922648,0.7252447421361512,-0.6884911502727306,-0.9188283708812899,-0.394657351209419,-0.8350620788927668,0.5501557274038783,-0.4742595663748501,0.8803850655832022,0.24455565257911935,-0.9696352576054571,0.9923797805289709,0.12321676508199471,1,0,0,0,99,8
1701750120,12,5,1,742,19.9,0.0,84,0,1,0,0,0,0,0,0.5514769744870444,0.8341901141889754,0.28793218456003195,0.9576508012289697,-0.14551494557438124,-0.9893560535087885,-0.9973354634998167,0.07295185566937777,0.6808260219507706,-0.7324451705313435,-0.9307107957178061,-0.3657559496909493,-0.8263643112123579,0.5631358851596348,-0.46736715483673286,0.8840633136714912,0.24076615867736564,-0.9705831529733789,0.9926185453066497,0.12127828953819604,1,0,0,0,99,8
1701750180,12,5,1,743,19.9,0.0,84,0,1,0,0,0,0,0,0.9999110578521441,-0.01333703059178224,0.7118065153508298,0.7023756008747093,-0.38576184306207034,-0.9225983960734783,-0.9804586671740625,0.19672519402267946,0.633748690719484,-0.7735390080735035,-0.9416843972567198,-0.3364973936945846,-0.8174647985370944,0.5759785613655318,-0.4604462176163836,0.8876876030917441,0.2369729909802548,-0.9715162384365339,0.9928535235462816,0.11933935135458495,1,0,0,0,99,9
1701750240,12,5,1,744,19.9,0.0,84,0,1,0,0,0,0,0,0.5290315259540843,-0.8486021709533231,0.9614057860636483,0.27513435722086477,-0.6020239375552833,-0.7984780389030324,-0.9482821412699473,0.31742870151970165,0.5841965844132856,-0.8116121923430246,-0.9517384599623535,-0.3069102537037296,-0.808365713555359,0.5886806206663637,-0.45349717713213844,0.8912577126360152,0.23317620736685893,-0.9724344997571855,0.9930847143514961,0.1173999579276213,1,0,0,0,99,5
1701750300,12,5,1,745,19.8,0.0,83,0,1,0,0,0,0,0,-0.42823715115227945,-0.9036663888697973,0.9756193901490984,-0.21946937272681427,-0.7808550994668647,-0.6247121846391287,-0.9013079897124868,0.43317884029628645,0.5323632029468761,-0.8465160483701081,-0.9608631662130951,-0.2770234210584837,-0.7990692776782511,0.6012389620365252,-0.4465204575176119,0.8947734244032187,0.2293758657714247,-0.973337922923796,0.9933121168403706,0.11546011665550152,1,0,0,0,99,5
1701750360,12,5,1,746,19.8,0.0,83,0,1,0,0,0,0,0,-0.9917865664060436,-0.1279038963304499,0.7509673416102893,-0.6603393459690063,-0.9111364733038093,-0.412104752478659,-0.840269228425824,0.5421693681504614,0.4784509545656371,-0.8781142773439177,-0.9690496058881397,-0.24686607974373714,-0.78957776049726,0.6136505195370826,-0.4395164845958098,0.8982345238124292,0.22557202418248906,-0.9742264941512392,0.9935357301454335,0.11351983493813046,1,0,0,0,99,4
1701750420,12,5,1,747,19.8,0.0,83,0,1,0,0,0,0,0,-0.643491986364181,0.7654528486360742,0.3424522969436224,-0.9395352171781732,-0.9847677942485156,-0.17387464280599801,-0.7661183468648947,0.6426995243478877,0.4226703654457646,-0.9062834888565188,-0.9762897850680705,-0.21646767789150556,-0.7798934792301785,0.625912263064279,-0.4324856858531395,0.9016407996159777,0.22176474064199472,-0.9751001998810116,0.9937555534136682,0.11157912017709314,1,0,0,0,99,7
1701750480,12,5,1,748,19.8,0.0,83,0,1,0,0,0,0,0,0.2964261583255705,0.955055774633264,-0.14990701345623575,-0.9887000997858916,-0.997171023392149,0.07516615000819327,-0.6800124447360528,0.7332005694242856,0.365239257594056,-0.9309136827397816,-0.9825766338407864,-0.18585789902532845,-0.7700187981553854,0.6380211990892903,-0.4254284904133183,0.9049920439123458,0.21795407324440425,-0.9759590267814386,0.9939715858065156,0.10963797977562646,1,0,0,0,99,10
1701750540,12,5,1,749,19.8,0.0,83,0,1,0,0,0,0,0,0.963811460090061,0.2665848258979956,-0.6055638587721383,-0.7957967158445666,-0.9475749880206227,0.3195334756762063,-0.5832951758431548,0.8122602648400962,0.3063818982576352,-0.951908678613683,-0.9879040132051502,-0.15506663307481236,-0.7599561280346426,0.6499743713890525,-0.4183453290111816,0.9082880521588547,0.21414008013581365,-0.9768029617478785,0.9941838264998778,0.1076964211385911,1,0,0,0,99,10
1701750660,12,5,1,751,19.8,0.0,83,0,1,0,0,0,0,0,-0.15868219392454155,-0.9873297125739173,-0.996827395433612,0.07959361603194907,-0.6783827768922391,0.7347086551933184,-0.3642055359317603,0.9313185961832069,0.18531244401927394,-0.98267965181518,-0.9956604973120055,-0.09306005637441869,-0.7392766925767438,0.6734017907704067,-0.4041028391570599,0.9147135592004764,0.2065023496228598,-0.9784461045965885,0.9945969295640794,0.10381207878520571,1,0,0,0,99,6
1701750720,12,5,1,752,19.8,0.0,83,0,1,0,0,0,0,0,-0.9165456608473167,-0.39993005836265355,-0.8366391272115635,0.5477544804186207,-0.47552366901205834,0.879702927248347,-0.24525198546765434,0.9694593666699876,0.123573122745224,-0.9923354691509287,-0.9980820279793963,-0.061905293994420546,-0.72866497582717,0.6848703183835534,-0.39694437999324705,0.9178426658157577,0.20267872876086712,-0.9792452874065205,0.9947977903590559,0.10186930988644112,1,0,0,0,99,3
1701750780,12,5,1,753,19.8,0.0,83,0,1,0,0,0,0,0,-0.8317412740539448,0.5551634471352745,-0.47161242183848673,0.8818059443934574,-0.24309880255416996,0.9700015320589596,-0.12247135979697553,0.992472047983962,0.061351251071343295,-0.9981162377158188,-0.9995289484841894,-0.03069008214538658,-0.7178753659742708,0.6961716447308859,-0.3897616933904063,0.9209157520454534,0.19885201527083735,-0.9800295281381713,0.9949948563028281,0.0999261523872222,1,0,0,0,99,1
1701750840,12,5,1,754,19.8,0.0,83,0,1,0,0,0,0,0,0.01776220433321534,0.9998422396044413,0.00888145245887885,0.9999605591233189,0.0044407700166209495,0.9999901397322173,0.002220390481728404,0.9999975349300161,-0.0011101959250420757,-0.9999993837323141,-0.9999998459330667,0.0005550980480432917,-0.7069104971465471,0.7073030107556603,-0.3825552177427069,0.9239326303242191,0.1950222675437101,-0.9807988148249923,0.9951881266436493,0.09798261370010419,1,0,0,0,99,3
1701750900,12,5,1,755,19.9,0.0,82,0,1,0,0,0,0,0,0.8509351939710194,0.525270687990015,0.4872008374428276,0.8732899541360861,0.2517042370162984,0.967804203890458,0.1268774923095938,0.9919183948013208,-0.06356730763009857,-0.9979775535555198,-0.9994942605026603,0.03179973619764941,-0.6957730462594648,0.7182616988945079,-0.3753253928962788,0.9268931165173544,0.19118954401672386,-0.9815531357286151,0.9953776006442517,0.09603870123909643,1,0,0,0,99,4
1701750960,12,5,1,756,19.9,0.0,82,0,1,0,0,0,0,0,0.9017622905605737,-0.4322323117525429,0.8462364656975445,0.5328075113244262,0.48331795366796265,0.8754448901342752,0.24955471330524379,0.9683606998774462,-0.1257761903592125,-0.9920586423890088,-0.9980126858885634,0.06301332244450873,-0.6844657323619245,0.7290450337408892,-0.36807266012236683,0.9297970299320409,0.1873539031725241,-0.982292479339031,0.9955632775818498,0.09409442241963412,1,0,0,0,99,4
1701751020,12,5,1,757,19.9,0.0,82,0,1,0,0,0,0,0,0.12351329589860735,-0.992342917411246,0.9980838936209837,0.06187520742896127,0.6848813008730195,0.7286546532579619,0.3683377164655,0.9296920601086044,-0.18749391975660915,-0.9822657634542202,-0.9955565688232438,0.09416537725135425,-0.6729913159724447,0.7396503826982563,-0.3607974620903975,0.9326441933283712,0.1835154035382709,-0.9830168343747657,0.9957451567481425,0.09214978465855,1,0,0,0,99,4
1701751140,12,5,1,759,19.9,0.0,82,0,1,0,0,0,0,0,-0.9537345286904526,0.3006500437112895,0.5913332209037094,-0.8064273196362117,0.9503755362056127,0.31110503078846885,0.5868964854263191,0.8096619760086516,-0.30849475197428267,-0.9512260446415067,-0.9877312500476805,0.1561633045220503,-0.6495524210862237,0.7603168104553688,-0.3461814477587088,0.9381675784355823,0.17583006222545924,-0.9844205347400018,0.9960975190060464,0.08825946198566526,1,0,0,0,99,2
1701751260,12,5,1,761,19.9,0.0,82,0,1,0,0,0,0,0,0.670273918142016,0.7421137882148197,-0.35908648803956716,-0.9333042880579784,0.9831846947694971,-0.18261395338530634,0.768964873510262,0.6392910317745328,-0.42468162676613824,-0.905342761547949,-0.9760488618783255,0.21755141743051343,-0.6254792492838938,0.7802408017498551,-0.3314809181914887,0.9434619233837301,0.16813398915191097,-0.9857641511496881,0.9964346820413489,0.08436779258197977,1,0,0,0,99,4
1701751320,12,5,1,762,19.9,0.0,82,0,1,0,0,0,0,0,0.986617763744047,-0.16305026300100225,-0.7625779510977885,-0.6468963352033299,0.9074404485153088,-0.4201807139771352,0.842668592620235,0.5384325798198252,-0.48039953173383443,-0.8770497647852786,-0.9687749389784189,0.2479417625317701,-0.6132121319201985,0.7899182750550117,-0.32410008095107623,0.9460227996869345,0.1642820749702558,-0.9864134021004922,0.9965975622337464,0.08242147141221098,1,0,0,0,99,4
1701751380,12,5,1,763,19.9,0.0,82,0,1,0,0,0,0,0,0.39586978738073614,-0.9183066543585159,-0.9793637358914501,-0.20210559819248466,0.7752759502888261,-0.6316226728860813,0.9032227501801761,0.4291720675404672,-0.5342414868107552,-0.8453319074601606,-0.9605550237909749,0.27808999670955387,-0.6007953076091915,0.7994029011423319,-0.316699462312196,0.9485259356344274,0.1604276540462594,-0.9870476015964041,0.9967566407093569,0.08047483582958054,1,0,0,0,99,2
1701751440,12,5,1,764,19.9,0.0,82,0,1,0,0,0,0,0,-0.5588390458533631,-0.8292761426869235,-0.9563671216345017,0.29216763793503586,0.594908548461427,-0.8037933932096717,0.9496824188142243,0.31321446868745406,-0.5859972403145539,-0.8103130471266812,-0.9513971429236797,0.3079666807248138,-0.588231807740446,0.8086923644763854,-0.30927951397046544,0.9509711784476923,0.15657078519364281,-0.98766673996032,0.9969119168613444,0.07852789325991148,1,0,0,0,99,3
1701751500,12,5,1,765,20.0,0.0,81,0,1,0,0,0,0,0,-0.9997538375481824,0.022187030168153377,-0.6992184815320054,0.71490804659346,0.37755261448342536,-0.9259881334535178,0.9813226109321842,0.1923692628078641,-0.6354646871353813,-0.7721299316850319,-0.9413102388917886,0.33754264050262456,-0.5755246995122691,0.8177843971679285,-0.30184068880128756,0.9533583788817112,0.15271152726347947,-0.9882708077449498,0.9970633900973773,0.07658065113019796,1,0,0,0,99,1
1701751560,12,5,1,766,20.0,0.0,81,0,1,0,0,0,0,0,-0.521499561602246,0.8532515498073621,-0.27087677105340535,0.9626140321560251,0.13672228758321528,-0.9906094165098637,0.9976495919183909,0.06852219892172288,-0.6824506579520153,-0.7309316653838863,-0.930304161385911,0.3667889956201752,-0.5626770851828893,0.8266767795275779,-0.29438344083220963,0.9556873912340734,0.14884993914329722,-0.9888597957329627,0.9972110598396317,0.07463311686857685,1,0,0,0,99,3
1701751620,12,5,1,767,20.0,0.0,81,0,1,0,0,0,0,0,0.43621900626234744,0.8998405295248098,0.22378502013672655,0.9746385303087524,-0.11260876895528071,-0.9936394039863637,0.9984085846952548,-0.05639413096074909,-0.7267716735539261,-0.6868791265714991,-0.9183896576539555,0.39567718750801195,-0.5496921013130842,0.8353673406077149,-0.28690822521521153,0.9579580733538694,0.14498607975617966,-0.9894336949371265,0.9973549255247919,0.0726852979042994,1,0,0,0,99,1
1701751680,12,5,1,768,20.0,0.0,81,0,1,0,0,0,0,0,0.9928798314963556,0.11912027622436312,0.6636564336219596,0.7480375245348201,-0.3549383576518463,-0.9348897059372352,0.9835877454343449,-0.18043044929108396,-0.7682546613236668,-0.6401443394691997,-0.9055783620066239,0.424179007336997,-0.5365729180004349,0.8438539587324921,-0.27941549819892586,0.960170286650366,0.1411200080598672,-0.9899924966004454,0.9974949866040544,0.0707372016677029,1,0,0,0,99,0
1701751740,12,5,1,769,20.0,0.0,81,0,1,0,0,0,0,0,0.6366915185525545,-0.7711186096854635,0.9410416063292482,0.33829084403404747,-0.575199598385618,-0.8180130940376344,0.9534183483753694,-0.3016512108067574,-0.8067376310817407,-0.590909802420489,-0.8918827844567045,0.45226662356375086,-0.5233227381053919,0.8521345620158094,-0.27190571710079076,0.9623238961014657,0.1372517830458574,-0.9905361921962937,0.9976312425431287,0.06878883559018242,1,0,0,0,99,0
1701751800,12,5,1,770,20.0,0.0,81,0,1,0,0,0,0,0,-0.30486804029509035,-0.952394602046143,0.9880269738337468,-0.1542812333919083,-0.7596977140257526,-0.6502763899328083,0.9083711768690177,-0.41816480606765055,-0.8420703076547856,-0.5393677752389131,-0.8773162985032573,0.4799126091076827,-0.509944796469342,0.8602071288671359,-0.2643793402791376,0.964418770261948,0.13338146373850462,-0.9910647734285454,0.9977636928222396,0.06684020710416233,1,0,0,0,99,0
1701751920,12,5,1,772,20.0,0.0,81,0,1,0,0,0,0,0,-0.7391400904300984,0.673551725347791,0.4040100708226276,-0.9147545368424774,-0.9784565746221131,-0.20645273449087873,0.7766764881502719,-0.629899700551255,-0.9027457284726566,-0.43017455727224563,-0.8456283336289784,0.5337721624100279,-0.482818722498399,0.8757203213383905,-0.2492786379351523,0.9684318048624773,0.12563477850006885,-0.9920765607710116,0.9980171743940611,0.06294219264129754,1,0,0,0,99,0
1701751980,12,5,1,773,20.0,0.0,81,0,1,0,0,0,0,0,0.16741513842849595,0.985886490132088,-0.08400449353431058,-0.9964653757487232,-0.99911595316778,0.04203941157578726,0.6920840225089049,-0.7218169475621181,-0.927851536497655,-0.3729497636665573,-0.828537797468093,0.5599331372286528,-0.4690772126054234,0.8831571596348673,-0.24170523408185923,0.9703497203675764,0.12175853077387154,-0.9925597514425961,0.9981382047198164,0.06099282153419321,1,0,0,0,99,3
1701752040,12,5,1,774,20.0,0.0,81,0,1,0,0,0,0,0,0.9200496610903988,0.39180176253743726,-0.5514518281149147,-0.8342067377267571,-0.9576551408849527,0.2879177506452518,0.5966918171697799,-0.8024704825242022,-0.9493341041288368,-0.3142686092149499,-0.8106382082084923,0.5855473468409921,-0.4552211842385018,0.8903783877770709,-0.2341170777868726,0.9722084107271113,0.117880425162299,-0.9930277968735597,0.9982554274517018,0.05904321775801332,1,0,0,0,99,3
1701752100,12,5,1,775,20.0,0.0,80,0,1,0,0,0,0,0,0.8267947683721899,-0.5625036986477305,-0.8838845226181219,-0.4677051963321925,-0.8566519702691965,0.5158947584865577,0.491988435592465,-0.8706017339996969,-0.9671095423993336,-0.25436024256976875,-0.7919470444953276,0.6105897794060392,-0.4412540201482366,0.8973822428057174,-0.2265146321921418,0.9740077624962025,0.11400052084047149,-0.9934806899221047,0.9983688421425482,0.057093388749903703,1,0,0,0,99,3
1701752160,12,5,1,776,20.0,0.0,80,0,1,0,0,0,0,0,-0.026611421427981424,-0.9996458534148893,-0.9999114594340064,0.013306888913466725,-0.7023863292684922,0.711795928940826,0.3796077390275217,-0.9251475365964139,-0.981108438603097,-0.1934586046207122,-0.7724825579327705,0.6350359814133715,-0.42717913021742326,0.904167014830051,-0.2188983613117615,0.9757476658516921,0.11011887701095537,-0.9939184236776407,0.9984784483597131,0.055143341947869365,1,0,0,0,99,10
1701752220,12,5,1,777,20.0,0.0,80,0,1,0,0,0,0,0,-0.8555511930921242,-0.5177182206554476,-0.8711251978491518,0.4910609836591339,-0.5044497082667736,0.8634410760611096,0.2613033906581489,-0.9652567213081475,-0.9912761273500305,-0.13180151496066433,-0.7522637552616317,0.6588620815615874,-0.4129999506285761,0.9107310474452892,-0.2112687300036505,0.9774280145988474,0.10623555290285971,-0.994340991460889,0.9985842456850822,0.05319308479074615,1,0,0,0,99,7
1701752280,12,5,1,778,20.0,0.0,80,0,1,0,0,0,0,0,-0.8979011434038442,0.4401971565947119,-0.5290571062774264,0.8485862232545117,-0.2751488476674837,0.9614016390808037,0.13892149027273704,-0.9903033977223353,-0.9975729040331677,-0.06962974320527361,-0.7313103797996011,0.6820448140682276,-0.3987199430250338,0.9170727381370105,-0.20362620394117933,0.9790487061778415,0.10235060777093262,-0.9947483868239851,0.9986862337150706,0.05124262471817234,1,0,0,0,99,9
1701752340,12,5,1,779,20.0,0.0,80,0,1,0,0,0,0,0,-0.11472492335334811,0.9933972981448904,-0.05745738357735032,0.9983479599180064,-0.028740564382016227,0.9995869046556198,0.014371766495114374,-0.9998967208306115,-0.9999741798743135,-0.007186068792756609,-0.7096428921622328,0.7045615413884168,-0.3843425936658486,0.923190538672385,-0.19597124958474776,0.9806096416700136,0.098464100894657,-0.9951406035505771,0.9987844120606251,0.04929196917056027,1,0,0,0,99,3
1701752460,12,5,1,781,20.0,0.0,80,0,1,0,0,0,0,0,0.9510360209453427,-0.3090800654595016,0.8090364841771667,0.58775842594577,0.45400527202568364,0.8909989971783835,-0.23345342450006654,-0.9723679851728931,-0.9930679697716801,0.11754151357521916,-0.6642508887554389,0.747509703473881,-0.3553099326828051,0.9347485500052624,-0.18062592559588117,0.9835518669610827,0.09068663914523838,-0.9958794773869684,0.9989693382148844,0.04539010141557074,1,0,0,0,99,3
1701752520,12,5,1,782,20.0,0.0,80,0,1,0,0,0,0,0,0.2537650480137331,-0.967265889198305,0.9917827103751873,0.12793379303705288,0.6603280271815468,0.7509772942762827,-0.3528616624994258,-0.9356755031196132,-0.9837874524305575,0.17933836299072597,-0.6405706975070254,0.7678992000877217,-0.34066170896673886,0.9401859390800635,-0.17293649256292973,0.9849329771817125,0.08679580294659275,-0.9962261232224621,0.9990560853181523,0.04343890409263279,1,0,0,0,99,0
1701752580,12,5,1,783,20.0,0.0,80,0,1,0,0,0,0,0,-0.6768163397642243,-0.7361519151833799,0.931705939442102,-0.36321349425415084,0.8255947838540862,0.5642634605154977,-0.46676361227311963,-0.8843821177849249,-0.9706652661409403,0.24043489993663053,-0.6162649998431557,0.7875388561641358,-0.32593031758020324,0.9453937952419975,-0.16523650437781978,0.986253972169947,0.08290364235078253,-0.9965575678730123,0.9991390213261147,0.041487541063478864,1,0,0,0,99,1
1701752640,12,5,1,784,20.0,0.0,80,0,1,0,0,0,0,0,-0.9851359060614224,0.17177673471265031,0.6435150601529656,-0.7654334506384766,0.9395300555699313,0.3424664577455166,-0.5733818719904229,-0.8192882452914593,-0.9537526527594719,0.3005925437436371,-0.5913575298651244,0.8064094939122546,-0.3111193549811273,0.9503708470676735,-0.157526431008143,0.987514771299061,0.07901021674738969,-0.9968738062811815,0.999218145922396,0.03953601977196579,1,0,0,0,99,0
1701752700,12,5,1,785,20.0,0.0,80,0,1,0,0,0,0,0,-0.38772606351274697,0.9217746469028693,0.19776925076605154,-0.980248602881654,0.9950498989703115,0.09937654934225174,-0.6710526993678471,-0.7414096537482675,-0.9331156556794735,0.35957638010006476,-0.5658726092946783,0.8244926864745572,-0.2962324370536107,0.9551158794812693,-0.1498067430370387,0.9887152976163738,0.07511558554529872,-0.9971748336215606,0.9992934588051601,0.03758434766255414,1,0,0,0,99,0
1701752760,12,5,1,786,20.0,0.0,80,0,1,0,0,0,0,0,0.5661573337391945,0.8242971997121707,-0.2963973686521434,-0.9550647097742044,0.9887023590985824,-0.14989211157661958,-0.7582519738110213,-0.6519616125292119,-0.9088348619329069,0.4171560783872076,-0.5398351237242685,0.8417707759203831,-0.281273198225157,0.9596277340511744,-0.14207791163447184,0.9898554778479468,0.07121980817179005,-0.9974606453008427,0.9993649596871111,0.035632532180279806,1,0,0,0,99,1
1701752820,12,5,1,787,20.0,0.0,80,0,1,0,0,0,0,0,0.9995182893196364,-0.031035291452596547,-0.717995575004678,-0.6960476666678093,0.9208820952401586,-0.38984120698830105,-0.8336189798068123,-0.552339928400844,-0.8810050874997386,0.4731067911154711,-0.5132704983166911,0.8582268904886025,-0.26624529057938057,0.9639053092728047,-0.13434040852847542,0.9909352424030555,0.06732294407163325,-0.9977312369578932,0.999432648295495,0.03368058077072561,1,0,0,0,99,0
1701752880,12,5,1,788,20.0,0.0,80,0,1,0,0,0,0,0,0.5139267392143615,-0.8578340787824261,-0.9638034236249698,-0.26661387925010005,0.7958058429196471,-0.6055518643146514,-0.8959776404338033,-0.44409916442465225,-0.8497350070535673,0.5272100319490078,-0.486204672977848,0.873844961062604,-0.2511523829644027,0.9679475608375188,-0.1265947059763584,0.9919545253784365,0.06342505270618003,-0.9979866044638166,0.9994965243721002,0.03172850087999289,1,0,0,0,99,2
1701752940,12,5,1,789,20.0,0.0,80,0,1,0,0,0,0,0,-0.4441666848300092,-0.895944170184236,-0.9736385803223484,0.22809628429214274,0.6212502377093538,-0.7836122396607084,-0.9443548696493042,-0.32892838152042436,-0.8151467295893495,0.5792545288901829,-0.4586640770268678,0.8886097368615153,-0.23599816009715488,0.9717535018875711,-0.11884127673588184,0.9929132645623109,0.059526193552456905,-0.9982267439220187,0.999556587673259,0.029776299954673093,1,0,0,0,99,1
1701753060,12,5,1,791,20.0,0.0,80,0,1,0,0,0,0,0,-0.6298411677363565,0.7767239557426453,-0.3341227650560155,0.9425295633938082,0.16951465512779687,-0.9855276666318933,-0.9963753476054827,-0.08506566101579052,-0.7365682795966001,0.676363193478256,-0.4022665823317567,0.9155225812284086,-0.20552058141654744,0.9786527936986663,-0.10331313154999636,0.9946488811883987,0.05172580986123544,-0.9986613242707456,0.9996652750472894,0.02587156478891824,1,0,0,0,99,1
1701753120,12,5,1,792,20.0,0.0,80,0,1,0,0,0,0,0,0.3132860367040136,0.9496588119984416,0.15865243143670757,0.9873344954974584,-0.07957859166428352,-0.9968285949694307,-0.9992068341863537,0.0398208803931389,-0.6928849542336957,0.7210481538680822,-0.3734647547841147,0.9276443698605846,-0.19020466626691288,0.9817444600965631,-0.0955393633625346,0.9954256526975189,0.04782440434799511,-0.998855758530109,0.9997138987055519,0.023919045443861007,1,0,0,0,99,0
1701753180,12,5,1,793,20.0,0.0,80,0,1,0,0,0,0,0,0.9683795037912949,0.24948173607886706,0.6125839795167406,0.7904055086089884,-0.32372402705932385,-0.9461515493326078,-0.9864460323131236,0.1640860302819716,-0.6464959279523841,0.7629174366476269,-0.34429824524122477,0.9388603295079697,-0.1748423153759271,0.9845964476647195,-0.08775976394476126,0.9961416685554118,0.04392226909318471,-0.9990349514795295,0.999758708759151,0.02196643485491553,1,0,0,0,99,1
1701753240,12,5,1,794,20.0,0.0,80,0,1,0,0,0,0,0,0.7331493210037495,-0.6800676974476445,0.916533604797894,0.3999576868572196,-0.54774187038366,-0.8366473829688406,-0.9582920700310633,0.28579067254824764,-0.5975823489075595,0.8018075431636471,-0.31479553430469187,0.9491595079763061,-0.15943727924123308,0.9872080601312739,-0.07997480812332723,0.9967968850601596,0.04001946363858728,-0.9991989003847431,0.9997997050371497,0.020013740470697712,1,0,0,0,99,1
1701753300,12,5,1,795,20.0,0.0,81,0,1,0,0,0,0,0,-0.1761349664233212,-0.9843660262336645,0.996083838397568,-0.08841372564917586,-0.7377037771521764,-0.6751245345678174,-0.9151842805052481,0.4030356469545731,-0.5463352235786316,0.8375666083824537,-0.28498543087107653,0.9585318482925994,-0.1439933187814639,0.9895786599084985,-0.07218497105181075,0.9973912622207242,0.03611604753621227,-0.9993476027440913,0.9998368873831599,0.018060969740143117,1,0,0,0,99,1
1701753360,12,5,1,796,20.0,0.0,81,0,1,0,0,0,0,0,-0.9234815780088051,-0.3836427701369688,0.8317580087191734,-0.5551383745801722,-0.8817988360675502,-0.47162571251991114,-0.857795346373455,0.5139913848889341,-0.49295467089331135,0.8700549939196184,-0.2548970440004961,0.9669681985255819,-0.12851420441806832,0.9917076682484567,-0.06439072818171633,0.997924763759387,0.03221208034738687,-0.9994810562885589,0.9998702556553423,0.016108130112478542,1,0,0,0,99,1
1701753420,12,5,1,797,20.0,0.0,81,0,1,0,0,0,0,0,-0.8217834856264904,0.5697998795643747,0.46378880993164623,-0.8859457882862739,-0.9710679142794992,-0.23880348794953357,-0.7870208027585845,0.6169264591709722,-0.43764914076748046,0.8991458333248762,-0.2245597544921215,0.9744603207224182,-0.11300371515481651,0.9935945653842965,-0.05659255523345575,0.998397357113964,0.02830762164184719,-0.9995992589818092,0.9998998097264068,0.014155229037193606,1,0,0,0,99,1
1701753480,12,5,1,798,20.0,0.0,81,0,1,0,0,0,0,0,0.03545855359210518,0.9993711477610087,-0.017732064727370864,-0.9998427745803359,-0.9999606928725588,0.008866380875648453,-0.703965062742588,0.7102346023940429,-0.38063460011273087,0.9247255274928996,-0.19400318619432566,0.9810008989529264,-0.09746563765521044,0.9952388906571443,-0.04879092816731252,0.9988090134397928,0.024402730996829252,-0.9997022090202143,0.9999255494836139,0.012202273964012331,1,0,0,0,99,2
1701753540,12,5,1,799,20.0,0.0,81,0,1,0,0,0,0,0,0.8601001621636173,0.51012519154235,-0.4949115115137503,-0.8689433789213052,-0.9666807588137113,0.25598498108160056,-0.6099241833697036,0.7924597721908666,-0.32213368949019705,0.9466941882653729,-0.163257177077498,0.98658354645346,-0.08190376531802432,0.9966402426285675,-0.04098632315439169,0.9991597076114928,0.020497467996159962,-0.9997899048328835,0.9999474748287741,0.01024927234286473,1,0,0,0,99,4
1701753660,12,5,1,801,20.0,0.0,81,0,1,0,0,0,0,0,0.1059275624303434,-0.9943738489710827,-0.9985924716747775,-0.05303843431379381,-0.7256164394202331,0.6880993989556328,-0.3949054323786691,0.9187217747924648,-0.2015914497288206,0.9794696970280563,-0.10131708388012287,0.9948541845486846,-0.0507238378443283,0.9987127175891686,-0.025370084852355874,0.99967812759637,0.012686063290674097,-0.9999195286612743,0.9999798819629508,0.006343159257249994,1,0,0,0,99,2
1701753720,12,5,1,802,20.0,0.0,81,0,1,0,0,0,0,0,-0.7795038357248097,-0.6263974537706143,-0.9017753195144049,0.4322051285150291,-0.5328202658894324,0.8462284350324767,-0.2772828564548513,0.9607883312760612,-0.14002083545661836,0.9901485573579505,-0.07018348324944229,0.9975340990056306,-0.03511339483992818,0.9993833346133081,-0.017559404697937788,0.9998458217678634,0.008780040778282644,-0.9999614546990957,0.9999903636283441,0.004390062693417029,1,0,0,0,99,3
1701753780,12,5,1,803,20.0,0.0,81,0,1,0,0,0,0,0,-0.9482630021806919,0.317485871646694,-0.5841721186231443,0.8116298022025479,-0.30689590889864604,0.9517430856598192,-0.15533337429570762,0.9878621071940706,-0.0779034428184317,0.9969609087607374,-0.038981349638401504,0.9992399383433234,-0.019494379403774662,0.9998099665294709,-0.009747652807961452,0.9999524905037916,0.004873884293271353,-0.999988122555411,0.9999970306344442,0.0024369493828292348,1,0,0,0,99,4
1701753840,12,5,1,804,20.0,0.0,81,0,1,0,0,0,0,0,-0.2451935375705356,0.9694741508331444,-0.12354320937804643,0.9923391937319478,-0.06189025071872073,0.9980829609135574,-0.030959966783271346,0.9995206253283515,-0.015481838903188173,0.9998801491499747,-0.00774115140096295,0.9999700368385982,-0.003870604694478365,0.9999925091815933,-0.0019353059714989746,0.9999981272936448,0.0009676534387822795,-0.9999995318233016,0.9999998829558185,0.0004838267760202487,1,0,0,0,99,2
1701753900,12,5,1,805,19.9,0.0,79,0,1,0,0,0,0,0,0.6833057347140384,0.7301323667027151,0.3673333862428549,0.9300893415964714,0.1869634434903367,0.9823668717939524,0.09389656065598893,0.9955819584027104,0.047000221261657885,0.9988948789544149,0.023506605939449195,0.9997236815626643,0.011754114967441826,0.9999309180045051,0.005877158986065068,0.9999827293519886,-0.0029385921809077266,-0.999995682328676,0.9999989205815865,-0.0014692976764408303,1,0,0,0,99,0
1701753960,12,5,1,806,19.9,0.0,79,0,1,0,0,0,0,0,0.9835768657283723,-0.18048974819626606,0.7682739577117872,0.6401211806383749,0.42419265632588754,0.9055719686028203,0.2172878636707302,0.9761075679972009,0.10929874656829122,0.9940089456330866,0.054731409478074984,0.9985011130772681,0.02737596503077039,0.9996252080348085,0.013689265232136597,0.9999062976186339,-0.0068447929612965195,-0.9999765741302729,0.999994143515419,-0.003422416523977862,1,0,0,0,99,3
1701754020,12,5,1,807,19.9,0.0,79,0,1,0,0,0,0,0,0.3795519623891559,-0.9251704209747201,0.9811142698418773,0.1934290296533588,0.6350476243348373,0.7724729864705169,0.337288462246697,0.9414013454607224,0.17117046260859023,0.9852414286510496,0.08590276872415237,0.996303525199788,0.042991131644863144,0.9990754539072082,0.021500535956015435,0.99976883675858,-0.010750889298566145,-0.9999422075196596,0.9999855517755393,-0.0053755223160360886,1,0,0,0,99,0
1701754080,12,5,1,808,19.9,0.0,79,0,1,0,0,0,0,0,-0.5734312647770955,-0.8192536753510116,0.953743591158287,-0.3006212938640479,0.8064184068658303,0.591345375451585,0.45202578717835057,0.8920048697881602,0.23237376165548454,0.9726265649744922,0.11699024537436405,0.9931330638374931,0.05859580259074419,0.9982817898362899,0.029310494397997367,0.999570355161729,-0.014656821590492326,-0.9998925830212285,0.9999731453947223,-0.007328607602110553,1,0,0,0,99,0
1701754140,12,5,1,809,19.9,0.0,79,0,1,0,0,0,0,0,-0.9992044316210529,0.03988112120852035,0.6928632183885503,-0.7210690401093782,0.9276499986819863,0.37345077312185454,0.5597094008850242,0.8286889564613054,0.29266964613595875,0.9562136153761107,0.14796348303532403,0.9889928248920997,0.07418616821180449,0.9972444095837538,0.03711866387847311,0.9993108649423746,-0.018562530237353908,-0.9998277013921886,0.9999569244202944,-0.009281664931774524,1,0,0,0,99,0
1701754260,12,5,1,811,19.9,0.0,79,0,1,0,0,0,0,0,0.4520795641768173,0.8919776161169622,-0.23240308074876903,-0.9726195597758053,0.9931313004270396,-0.11700521403808203,0.7473303198847489,0.6644527018388585,0.40960181772127274,0.9122644084471504,0.2094464031116906,0.9778201287678502,0.1053087632444465,0.9944395730178507,0.05272772981150123,0.9986089257106234,-0.026373038214970796,-0.9996521709351267,0.9999130389526698,-0.013187665920725705,1,0,0,0,99,2
1701754320,12,5,1,812,19.9,0.0,79,0,1,0,0,0,0,0,0.9948329140211382,0.10152572669136999,-0.6702515472972181,-0.742133992851483,0.9333097001669604,-0.35907242107165305,0.82433986348825,0.5660952123664124,0.46578148719844353,0.8848997718291073,0.23989604849902457,0.9707985815371557,0.12083339452081168,0.9926728014651041,0.060527673567121146,0.9981665195409792,-0.030277718366983942,-0.9995415247854836,0.9998853746268829,-0.015140594679806359,1,0,0,0,99,2
1701754380,12,5,1,813,19.9,0.0,79,0,1,0,0,0,0,0,0.6229414706214662,-0.7822684476443909,-0.9439990592273889,-0.3299481416492668,0.8154594231625713,-0.5788142441019974,0.8884858592296214,0.4589039964404334,0.5201422899359206,0.8540796205391021,0.2701114394661006,0.9628290659663069,0.13632852605689877,0.9906636830848062,0.06832392302551767,0.9976631904317224,-0.034181936518266696,-0.9994156268619484,0.9998538960423039,-0.01709346568212025,1,0,0,0,99,3
1701754440,12,5,1,814,19.9,0.0,79,0,1,0,0,0,0,0,-0.32167948802580176,-0.9468486188316789,-0.9866226783405293,0.16302052197242078,0.6469078288394643,-0.7625682008753121,0.938767330299503,0.34455173713441634,0.572471948162346,0.819924306608365,0.3000630711964028,0.953919364152014,0.15179037493857458,0.9884127083743951,0.07611600234380722,0.9970989691034674,-0.03808563309525359,-0.9992744790855682,0.9998186033190141,-0.01904627147805807,1,0,0,0,99,2
1701754500,12,5,1,815,19.7,0.0,80,0,1,0,0,0,0,0,-0.9705498088831128,-0.24090053648124807,-0.7876866561270567,0.6160760762757924,0.43813463896627003,-0.8989093603572588,0.9743996511589222,0.22482286320872838,0.6225661156822108,0.782567205806865,0.32972169642983384,0.9440781762668982,0.16721516637718872,0.9859204268770625,0.08390343593363005,0.9964738899933762,-0.04198874853233773,-0.9991180836100847,0.9997794965916447,-0.02099900461825926,1,0,0,0,99,1
1701754560,12,5,1,816,19.7,0.0,80,0,1,0,0,0,0,0,-0.7271011113730546,0.6865303881402984,-0.39589746896115763,0.9182947207025364,0.2021203593127912,-0.9793606896089245,0.9948267913584063,0.10158570369662134,0.6702291758433747,0.7421541968137826,0.3590583540221683,0.933315112063922,0.182599134631134,0.9831874470475918,0.09168574849017776,0.9957879912530557,-0.045891223272779696,-0.9989464428219001,0.9997365760093756,-0.022951657653640416,1,0,0,0,99,0
1701754620,12,5,1,817,19.7,0.0,80,0,1,0,0,0,0,0,0.1848409947348159,0.9827684400027525,0.09282122601336262,0.9956827908532798,-0.04646078532870562,-0.9989201146371215,0.9997299922071763,-0.02323666674545333,0.7152750054159076,0.6988430915643893,0.3880443972251183,0.9216406814926273,0.19793852392519834,0.9802144361038118,0.09946246502120343,0.9950413147462299,-0.04979299776961634,-0.998759559340042,0.9996898417359361,-0.024904223135423714,1,0,0,0,99,1
1701754680,12,5,1,818,19.7,0.0,80,0,1,0,0,0,0,0,0.926841142721418,0.3754537203955449,0.5588140476063818,0.8292929881518187,-0.29215322336762034,-0.9563715251281321,0.9890327408959049,-0.1476964367746696,0.7575277013993184,0.6528030189978178,0.4166515216593972,0.909066284436349,0.21322958936748326,0.9770021198637056,0.10723311087601266,0.9942339060461842,-0.05369401248656933,-0.9985574360161222,0.9996392939496032,-0.026856693615165312,1,0,0,0,99,1
1701754740,12,5,1,819,19.7,0.0,80,0,1,0,0,0,0,0,0.8167078184368716,-0.577051418249783,0.8879897010241118,0.4598633393467112,-0.5196809889986783,-0.8543603862968809,0.9629019644535162,-0.26985145330636917,0.7968222679200078,0.6042137646121738,0.44485179295346566,0.8956041995804211,0.22846859786366572,0.973551282568212,0.11499721177443387,0.9933658144329842,-0.05759420789895368,-0.9983400759342941,0.9995849328432012,-0.02880906164478378,1,0,0,0,99,0
1701754860,12,5,1,821,19.7,0.0,80,0,1,0,0,0,0,0,-0.86458174478646,-0.5024921955433742,0.8667445400876126,-0.49875234558677806,-0.8656651620536597,-0.500623438531009,0.8662053562900108,-0.4996881835049689,0.8659353854373226,0.5001558839477104,0.49992205195024636,0.8660704024349609,0.25877557609349366,0.9659374727266152,0.13050388360770113,0.9914477981030103,-0.06539190277469237,-0.9978596589959458,0.9994647715142204,-0.032713460563308094,1,0,0,0,99,0
1701754920,12,5,1,822,19.7,0.0,80,0,1,0,0,0,0,0,-0.889968112961789,0.4560227602995627,0.5215252820815293,-0.8532358291526332,-0.9626099493441341,-0.2708912797114064,0.7971484427982678,-0.6037833718680043,0.8954840511890774,0.4450936014660263,0.5267382644796055,0.8500275293971443,0.2738361468130674,0.9617763589829874,0.13824550809522282,0.9903979904520676,-0.06928928325481673,-0.9975966094699971,0.9993989717500206,-0.03466547655811879,1,0,0,0,99,0
1701754980,12,5,1,823,19.7,0.0,80,0,1,0,0,0,0,0,-0.09712190237828329,0.9952724933797895,0.04861844619180287,-0.9988174241020702,-0.9997043123099125,-0.02431641315993991,0.7156522944698563,-0.6984567226536158,0.9215358708844751,0.3882932379957087,0.5530401260325923,0.8331546189020705,0.28882986436475844,0.9573804413351232,0.145978694789474,0.9892877340124872,-0.073185606465728,-0.9973183378471708,0.9993293595825079,-0.03661736031467289,1,0,0,0,99,1
1701755040,12,5,1,824,19.7,0.0,80,0,1,0,0,0,0,0,0.7850177373512154,0.6194732859809036,-0.43619188095326605,-0.8998536786558422,-0.97464190312541,0.22377033018717848,0.6229886314423488,-0.7822308898871159,0.9439891127251193,0.32997659774057014,0.5788019532877502,0.8154681470604999,0.3037530682474665,0.95275079298327,0.15370297169659722,0.9881170965485999,-0.07708081295432778,-0.9970248483735498,0.9992559352772317,-0.03856910438712712,1,0,0,0,99,1
1701755100,12,5,1,825,19.7,0.0,81,0,1,0,0,0,0,0,0.945415689654786,-0.3258668037013981,-0.8142072229172983,-0.5805743691804702,-0.8889809810059128,0.45794411821723935,0.5206034391851252,-0.8537986057078213,0.9627560972821261,0.27037140593281933,0.6039985902579494,0.7969853844120416,0.31860211517499254,0.9478885441896746,0.16141786736654243,0.9868861495100827,-0.0809748432845575,-0.9967161455274222,0.9991786991142831,-0.040520701330171084,1,0,0,0,99,1
1701755160,12,5,1,826,19.7,0.0,81,0,1,0,0,0,0,0,0.23660281689758147,-0.9716064568723952,-0.9928762402415507,-0.11915020589072603,-0.7480475271968774,0.6636451589928438,0.4100944043797453,-0.9120430798467921,0.9777635398824176,0.2097104195709025,0.6286054328547828,0.7777243790607642,0.3333733799654944,0.9427948820026454,0.16912291092184195,0.9855949680275984,-0.08486763803830527,-0.9963922340192135,0.9990976513882949,-0.04247214369905562,1,0,0,0,99,1
1701755220,12,5,1,827,19.7,0.0,81,0,1,0,0,0,0,0,-0.6897415945654649,-0.7240556143876586,-0.9284545261852243,0.3714460833097728,-0.560604101256059,0.8280839580953651,0.2931859835536437,-0.9560554267654583,0.9889528367838019,0.1482305185084059,0.652598452914039,0.7577039390515289,0.3480632564265231,0.937471049966752,0.17681763208635048,0.9842436309082097,-0.08875913781631264,-0.9960531187914151,0.9990127924084393,-0.04442342404962123,1,0,0,0,99,2
1701755280,12,5,1,828,19.7,0.0,81,0,1,0,0,0,0,0,-0.981940764891358,0.18918862081154605,-0.6367147631351318,0.7710994166809965,-0.3383050275409778,0.9410365074429887,0.17170249351277814,-0.9851488485104646,0.9962802940213323,0.08617178044329644,0.6759542216587983,0.7369436140042521,0.36266815823542314,0.9319183478192314,0.18450156121394817,0.9828322206305692,-0.09264928323908087,-0.9956988050185078,0.9989241224984278,-0.04637453493832645,1,0,0,0,99,2
1701755340,12,5,1,829,19.7,0.0,81,0,1,0,0,0,0,0,-0.3713481244279862,0.9284937105246416,-0.1890850198658773,0.981960719816389,-0.09497178576717145,0.9954799645940617,0.04753964348803124,-0.9988693519660271,0.9997172980313053,0.02377654341964911,0.6986499325772353,0.7154636760240345,0.37718451981488155,0.9261381311726762,0.1921742293172055,0.9813608233398856,-0.09653801494777697,-0.9953292981068842,0.9988316419965089,-0.048325468922276286,1,0,0,0,99,0
1701755460,12,5,1,831,19.7,0.0,81,0,1,0,0,0,0,0,0.998812289042307,-0.04872382638983685,0.7241283817079113,0.6896651990676937,0.39391293513434306,0.9191477571826234,-0.20106248135514565,-0.9795784188064331,0.994881505207136,-0.10104845667690049,0.7419731992049647,0.6704295426527308,0.4059374689205649,0.913900854210327,0.20748390996613808,0.978238430601233,-0.10431099989638418,-0.9945447276521134,0.9986352506426242,-0.05222677640773236,1,0,0,0,99,0
1701755520,12,5,1,832,19.7,0.0,81,0,1,0,0,0,0,0,0.49866089672312836,-0.8667971562478072,0.9661255498763625,0.25807251282555527,0.6090679301910603,0.7931180595679168,-0.32162240316253093,-0.9468680107512125,0.9866275920404853,-0.16299078079570548,0.7625584504796027,0.6469193223286404,0.4201670368266409,0.9074467814501962,0.21511998808781552,0.9765876257280235,-0.10819513453010837,-0.9941296760805463,0.9985313405398316,-0.05417713502693632,1,0,0,0,99,0
1701755580,12,5,1,833,19.7,0.0,81,0,1,0,0,0,0,0,-0.459957024350746,-0.887941178091436,0.9715814886285751,-0.23670532514981996,0.7863540313210774,0.617776122414172,-0.43716351493796235,-0.8993820440764236,0.9745209192409426,-0.22429662940353828,0.7823990763681723,0.6227773962646933,0.43429402697671693,0.9007711685729881,0.22274293639418943,0.9748772149796578,-0.11207761823919644,-0.9936994553132396,0.9984236213434755,-0.05612728697683714,1,0,0,0,99,1
1701755640,12,5,1,834,19.7,0.0,81,0,1,0,0,0,0,0,-0.9956925784370406,-0.09271617574834355,0.7391603938754915,-0.6735294441417006,0.9147484474274064,0.4040238581187374,-0.5458828362759094,-0.8378615214099336,0.958608763106705,-0.2847266044735426,0.8014757028361941,0.5980273386419961,0.4483149904687573,0.8938756453338451,0.2303522896197853,0.9731073027507925,-0.11595839178172378,-0.9932540719148331,0.9983120934644719,-0.05807722481819786,1,0,0,0,99,0
1701755700,12,5,1,835,19.8,0.0,80,0,1,0,0,0,0,0,-0.6159929677799073,0.7877516509952246,0.32576705558172653,-0.9454500650471247,0.9862682355848039,0.1651513471832357,-0.6460838385290117,-0.7632664499318819,0.9389532602669532,-0.3440447282462835,0.8197697018816575,0.5726933174718021,0.4622265042856143,0.8867618951758702,0.23794758332890228,0.9712779970677474,-0.11983739594186077,-0.9927935326813293,0.9981967573282657,-0.0600269411125983,1,0,0,0,99,0
1701755760,12,5,1,836,19.8,0.0,80,0,1,0,0,0,0,0,0.3300477366569554,0.9439642427166514,-0.1673854194417015,-0.9858915363052498,0.9964666417661079,-0.08398947462256867,-0.7362029185702026,-0.6767608607837156,0.9156311650396451,-0.40201936471784816,0.837263209724949,0.5468000709958585,0.4760251721307086,0.879431654819139,0.24552835394396,0.9693894095819128,-0.12371457153077643,-0.9923178446399905,0.9980776133748294,-0.061976428422463405,1,0,0,0,99,0
1701755820,12,5,1,837,19.8,0.0,80,0,1,0,0,0,0,0,0.9726440741045344,0.23230046299853344,-0.6195561060152125,-0.7849523753064683,0.9447095784701424,-0.32790823769275124,-0.8148337982965457,-0.5796946447515489,0.8887335497075456,-0.45842412417348366,0.8539391442525291,0.5203728835299339,0.48970762525718653,0.8718867138367042,0.2530941387737928,0.9674416555629348,-0.12758985938754153,-0.991827015049231,0.9979546620586606,-0.06392567931109164,1,0,0,0,99,1
1701755880,12,5,1,838,19.8,0.0,80,0,1,0,0,0,0,0,0.7209959353983679,-0.6929392910919632,-0.9200378500616057,-0.39182949666151784,0.8342150492113882,-0.5514392547409379,-0.8807494691286899,-0.4735824876719271,0.8583654488829123,-0.513038747234589,0.8697812216973269,0.49343756077411205,0.5032705232903513,0.8641289142176971,0.26064447604189017,0.9654348538916795,-0.1314632003800313,-0.9913210513985062,0.9978279038487815,-0.0658746863426833,1,0,0,0,99,0
1701755940,12,5,1,839,19.8,0.0,80,0,1,0,0,0,0,0,-0.19353254126994537,-0.981093856605777,-0.9952622409711365,0.09722690829760817,0.6718530686475994,-0.7406844497819596,-0.9329213390693665,-0.3600802342659484,0.8246454493495821,-0.565649964966874,0.8847739725395617,0.46602040461396427,0.5167105550431671,0.856160149917632,0.2681789049145812,0.9633691270529775,-0.13533453540582766,-0.990799961408199,0.997697339228736,-0.067823442082369,1,0,0,0,99,0
1701756060,12,5,1,841,19.8,0.0,80,0,1,0,0,0,0,0,-0.8115681644677003,0.5842577465661262,-0.45592886146518175,0.890016220797724,0.23450349592519504,-0.972115276291275,-0.9930043495099291,-0.11807777883396382,0.7476890325643288,-0.6640490272434846,0.9121537773981656,0.4098481259909062,0.5432089257408671,0.8395975601414365,0.28319819902196014,0.9590614057873031,-0.14307095130161257,-0.9897124344442944,0.9974247927649218,-0.07172016995136608,1,0,0,0,99,1
1701756120,12,5,1,842,19.8,0.0,80,0,1,0,0,0,0,0,0.0531437907535685,0.9985868702843739,0.02658128773805108,0.9996466551448001,-0.013291818069772856,-0.999911659884212,-0.9999779147271733,0.00664605581484232,0.7047531284730695,-0.7094526255553792,0.9245140954997331,0.38114785480481245,0.5562607954885853,0.831007778184059,0.290682147556348,0.956819674281434,-0.14693591412341295,-0.9891460140650201,0.9972828119608349,-0.07366812721584506,1,0,0,0,99,1
1701756180,12,5,1,843,19.8,0.0,80,0,1,0,0,0,0,0,0.8689955898411542,0.49481983068246604,0.5025834106481898,0.8645287244165072,-0.2602607111950369,-0.9655383794589698,-0.9913471590363715,0.13126618098548876,0.6590651784969797,-0.752085826546907,0.9359716412763015,0.3520753992066848,0.5691768621409847,0.8222151175959624,0.2981483543506802,0.9545195434342774,-0.15079863488394496,-0.9885645005345572,0.9971370268259416,-0.07561580345880992,1,0,0,0,99,2
1701756240,12,5,1,844,19.8,0.0,80,0,1,0,0,0,0,0,0.8858968512072711,-0.4638822792703361,0.8555355864224282,0.5177440104577087,-0.491047853850463,-0.8711325991081119,-0.9672467624934477,0.2538379413049674,0.6108035931029845,-0.7917821484805551,0.9465152266288576,0.3226591479560474,0.5819539724256346,0.813221724979125,0.3055963637061761,0.9521611536339647,-0.15465905464284221,-0.9879679027260867,0.9969874379163678,-0.07756319125046778,1,0,0,0,99,0
1701756300,12,5,1,845,19.5,0.0,79,0,1,0,0,0,0,0,0.08830863309607147,-0.996093160964728,0.9990228127937639,0.04419750578523661,-0.6913040193050968,-0.722564013006888,-0.9280528037258677,0.3724486454486792,0.5601568327492403,-0.8283865780686814,0.9561345559252321,0.29292782552304464,0.5945890069943084,0.8040297959413708,0.3130257210347332,0.949744648824454,-0.15851711449484884,-0.987356229742957,0.9968340458027497,-0.07951028316212612,1,0,0,0,99,1
1701756360,12,5,1,846,19.5,0.0,79,0,1,0,0,0,0,0,-0.7904701350275293,-0.6125005841871171,0.8979144124545271,-0.44017008974536365,-0.8485782491159444,-0.5290698962588196,-0.8743768913514411,0.4852474130488386,0.5073226719510776,-0.8617561757970866,0.9648202360536098,0.26291046403948376,0.6070788811845279,0.7946415745603435,0.3204359728866724,0.9472701764967436,-0.16237275557071826,-0.9867294909185454,0.9966768510702316,-0.0814570717662211,1,0,0,0,99,2
1701756420,12,5,1,847,19.5,0.0,79,0,1,0,0,0,0,0,-0.9424943064466191,0.334222205000964,0.5769652480865013,-0.8167686958377396,-0.9530919934187202,-0.30268077586977704,-0.8070566200303969,0.5904740570635695,0.4525074269757517,-0.8917606341007573,0.9725637855947438,0.23263637494945058,0.6194205457726396,0.7850593528356472,0.3278266669784146,0.9447378876798705,-0.16622591903811135,-0.9860876958161151,0.9965158543184637,-0.08340354963634594,1,0,0,0,99,0
1701756480,12,5,1,848,19.5,0.0,79,0,1,0,0,0,0,0,-0.22799355905387356,0.9736626402558269,0.1147548686204055,-0.9933938393849207,-0.9983470937967718,-0.057472430847665464,-0.7271425000808527,0.6864865509069841,0.39592515018183416,-0.9182827862121189,0.979357643103917,0.20213512038718198,0.6316109877182386,0.775285470129288,0.33519735222008545,0.9421479369316923,-0.1700765461024943,-0.9854308542286699,0.9963510561615996,-0.08534970934727917,1,0,0,0,99,0
1701756540,12,5,1,849,19.5,0.0,79,0,1,0,0,0,0,0,0.6961234150868356,0.7179221343348046,-0.3755515048999241,-0.9268015252293246,-0.9815298072981087,0.1913092715613588,-0.6358815646166514,0.7717866517248658,0.33779679414933333,-0.9412190636947558,0.9851951744945658,0.17143648431014344,0.6436472308997595,0.7653223125945511,0.3425475787430477,0.9395004823294534,-0.17392457800803576,-0.9847589761788043,0.9961824572282941,-0.08729554347501305,1,0,0,0,99,0
1701756600,12,5,1,850,19.5,0.0,79,0,1,0,0,0,0,0,0.9802277317343164,-0.19787267102608438,-0.773909772204126,-0.6332958743643905,-0.9036857513440141,0.42819629005609655,-0.5346979100127022,0.845043279973309,0.27834934886459767,-0.9604799008759395,0.9900706795163514,0.14057044341549993,0.6555263368410532,0.7551723125934571,0.3498768979273589,0.9367956854601374,-0.17776995603850315,-0.9840720719185504,0.9960100581617011,-0.08924104459678178,1,0,0,0,99,2
1701756660,12,5,1,851,19.5,0.0,79,0,1,0,0,0,0,0,0.36311519237705925,-0.9317442551821671,-0.9827879362258592,-0.1847373064892862,-0.7696548923021558,0.6384601371701736,-0.42517047335735014,0.90511329046981,0.21781495532927705,-0.9759900845986629,0.9939793973213586,0.10956713786837996,0.6672454054287748,0.7448379481029347,0.3571848624291526,0.9340337114106039,-0.1816126215181589,-0.9833701519292224,0.9958338596194705,-0.09118620529108992,1,0,0,0,99,2
1701756720,12,5,1,852,19.5,0.0,79,0,1,0,0,0,0,0,-0.5878437802601598,-0.8089744680825501,-0.9510453375319575,0.3090513969532009,-0.5877706198198406,0.8090276252864301,-0.30900839366720273,0.9510593107915064,0.15642999905467883,-0.9876890479274097,0.9969175111129831,0.07845684187051573,0.6788015756204033,0.7343217421098587,0.3644710262079424,0.9312147287575134,-0.1854525158126556,-0.9826532269212557,0.9956538622737461,-0.09313101813774066,1,0,0,0,99,1
1701756780,12,5,1,853,19.5,0.0,79,0,1,0,0,0,0,0,-0.9983418923066761,0.057562714195259816,-0.6864536713445198,0.7271735398772633,-0.369341617017861,0.9292936941240006,-0.18802434134441126,0.982164368658322,0.0944341869814051,-0.9955311066607416,0.9988821518729679,0.04726993409799893,0.6901920261427253,0.7236262619950988,0.3717349445538455,0.9283389095570375,-0.18928958032993062,-0.9819213078340436,0.9954700668111632,-0.09507547571786411,1,0,0,0,99,1
1701756840,12,5,1,854,19.5,0.0,79,0,1,0,0,0,0,0,-0.49096907265595835,0.8711770025060053,-0.2537942055031938,0.9672582391755589,-0.12794874134676187,0.9917807820218032,-0.06410623206130915,0.9979430800456014,0.032069611428879305,-0.9994856377271265,0.9998714011629511,0.016036868037019116,0.701413976180608,0.7127541189067303,0.3789761741147256,0.9254064293343575,-0.19312375652110036,-0.9811744058357712,0.9952824739328456,-0.09701957061394559,1,0,0,0,99,0
1701756900,12,5,1,855,19.6,0.0,81,0,1,0,0,0,0,0,0.46779844817476307,0.8838351723513177,0.24100293322767077,0.9705243872132523,0.12139936735162113,0.9926037445056441,0.06081223353222533,0.9981492234394725,-0.030420195269980223,-0.9995371987673777,0.9998842929977892,-0.01521185775344882,0.7124646860558945,0.7017079671225599,0.38619427292325303,0.9224174670729517,-0.1969549858813535,-0.980412532323244,0.9950910843544032,-0.09896329540985399,1,0,0,0,99,0
1701756960,12,5,1,856,19.6,0.0,81,0,1,0,0,0,0,0,0.9964742331166823,0.08389936075155806,0.6767941486332613,0.7361723170398212,0.36319945137636067,0.9317114137542325,0.18478174456066745,0.9827795820412206,-0.09279121175730869,-0.9956855884367365,0.9989208147888241,-0.046445729422969886,0.7233414578962587,0.6904905034021214,0.39338880042387997,0.9193722052036709,-0.20078320995084364,-0.9796356989217142,0.9948958988059289,-0.10090664269087,1,0,0,0,99,0
1701757020,12,5,1,857,19.6,0.0,81,0,1,0,0,0,0,0,0.6089962036074962,-0.7931731362014582,0.9468825524323115,0.32157958874790366,0.5824175526424733,0.8128897799664797,0.3058677982670947,0.9520739939643557,-0.15479988054847518,-0.987945847191119,0.9969819073561764,-0.07763424762590612,0.7340416362938502,0.6791044663283013,0.4005593174997298,0.9162708295936036,-0.2046083703155816,-0.9788439174847039,0.9946969180319963,-0.10284960504371443,1,0,0,0,99,0
1701757080,12,5,1,858,19.6,0.0,81,0,1,0,0,0,0,0,-0.33839012696853565,-0.941005909636182,0.9851410837124249,-0.17174703834974567,0.7654237513788508,0.6435265968280777,0.4221808872816973,0.9065116096410674,-0.21620405911884805,-0.9763481985544571,0.9940694640100503,-0.10874695730351001,0.7445626089535755,0.6675526356387524,0.4077053864993983,0.9131135295347322,-0.2084304086083264,-0.9780372000938237,0.9944941427916566,-0.10479217505657644,1,0,0,0,99,3
1701757140,12,5,1,859,19.6,0.0,81,0,1,0,0,0,0,0,-0.9746621353757209,-0.2236821894224926,0.7822027197033045,-0.6230240005720115,0.9008396085241843,0.4341520467693251,0.531905984752322,0.8468034148399867,-0.2767639654651715,-0.9609379310964852,0.9901863287019482,-0.13975347742277255,0.7549018073308517,0.6558378315472612,0.41482657126366607,0.9099004977323788,-0.21224926650947612,-0.9772155590585884,0.9942875738584357,-0.10673434531914189,1,0,0,0,99,4
1701757260,12,5,1,861,19.6,0.0,81,0,1,0,0,0,0,0,0.20220892507028168,0.9793424072416762,-0.10163068620826037,-0.9948221969884056,0.998704710359475,-0.050881249058933195,0.7248728333504206,0.6888827008065549,-0.39440924126688837,-0.9189348999811017,0.9795240936243227,-0.2013269728810552,0.7750248295638841,0.631930782253462,0.4289925510696765,0.9033080267144376,-0.219877208102116,-0.9755275564315028,0.9938630580798098,-0.11061745695977931,1,0,0,0,99,4
1701757320,12,5,1,862,19.6,0.0,81,0,1,0,0,0,0,0,0.9333421683683805,0.35898801755129633,-0.5661324855759046,-0.824314265784384,0.9550691770192314,-0.2963829737144291,0.8051034013449543,0.5931344814987454,-0.45103520843790823,-0.8925061572613225,0.9727554053464115,-0.2318338227466793,0.7848037406723669,0.619744373614364,0.43603648149302604,0.8999289898693018,-0.22368617540060243,-0.9746612205964957,0.9936451128538035,-0.11255838352496064,1,0,0,0,99,2
1701757380,12,5,1,863,19.6,0.0,81,0,1,0,0,0,0,0,0.8063649263965292,-0.591418299917681,-0.8920253079138734,-0.4519854533512771,0.8520520680543171,-0.5234570405719665,0.8727706000353033,0.4881305969861106,-0.505899892772221,-0.8625921970972467,0.965036837923104,-0.26211429081867443,0.7943910532032301,0.6074066632748301,0.44305379849696014,0.8964950259970297,-0.2274917295232623,-0.9737800126304271,0.9934233771737071,-0.11449888071412062,1,0,0,0,99,1
1701757440,12,5,1,864,19.6,0.0,81,0,1,0,0,0,0,0,-0.06198051016190544,-0.9980773599075725,-0.9995192244043064,0.03100516160599342,0.6960584883449115,-0.7179850839697136,0.926818505417785,0.3755095977670121,-0.5587890488516163,-0.8293098328631502,0.956375928404503,-0.2921388087338362,0.8037844265516209,0.594920663309892,0.4500440737806176,0.8930063446890767,-0.23129381240202182,-0.9728839459794464,0.9931978518853749,-0.11643894112485227,1,0,0,0,99,2
1701757500,12,5,1,865,19.5,0.0,81,0,1,0,0,0,0,0,-0.8733413515152515,-0.48710869806801216,-0.8622959753089459,0.5064046316593026,0.49678736313472055,-0.8678722923504651,0.9664037180056959,0.2570288968671955,-0.6094961456534423,-0.7927890314791178,0.9467811340217753,-0.32187805805994457,0.812981567460156,0.582289421997367,0.4570068806936243,0.8894631588765683,-0.23509236602177414,-0.971973034316428,0.9929685378491173,-0.11837855735641478,1,0,0,0,99,1
1701757560,12,5,1,866,19.5,0.0,81,0,1,0,0,0,0,0,-0.8817561819054704,0.4717054543584236,-0.5139525978344581,0.8578185864034492,0.2666284058353037,-0.9637994050640022,0.9909085237962186,0.13453734599730627,-0.6578231730498302,-0.7531724058930022,0.9362618239288095,-0.3513029989247159,0.8219802305787883,0.5695160230736639,0.4639417942621338,0.8858656848173045,-0.2388873324212645,-0.9710472915407634,0.9927354359396977,-0.1203177220097618,1,0,0,0,99,2
1701757620,12,5,1,867,19.5,0.0,81,0,1,0,0,0,0,0,-0.07948844507877358,0.9968357874288818,-0.03977569968660647,0.9992086337269314,0.019891785654744882,-0.9998021388572169,0.9999505334908365,0.009946384840309288,-0.7035814150330049,-0.710614658179913,0.9248282700533956,-0.3803848983727449,0.8307782190129761,0.5566035849809338,0.4708483912147658,0.8822141420825597,-0.2426786536939748,-0.9701067317781481,0.992498547046329,-0.12225642768756957,1,0,0,0,99,0
1701757680,12,5,1,868,19.5,0.0,81,0,1,0,0,0,0,0,0.7958606015736018,0.6054798946809916,0.4441396769705497,0.8959575588946699,-0.22808160941352784,-0.9736420181192547,0.9933886495524434,-0.1147997863254662,-0.7465921866472573,-0.665281975433926,0.9124916370668626,-0.4090953584227484,0.8393733848600241,0.5435552601057465,0.4777262500084402,0.8785087535436817,-0.24646627198900695,-0.9691513693803672,0.9922578720726702,-0.1241946669942652,1,0,0,0,99,0
1701757740,12,5,1,869,19.5,0.0,81,0,1,0,0,0,0,0,0.9394990814384173,-0.3425514209230055,0.8193141707925615,0.5733448260327263,-0.4618739947037902,-0.886945552453116,0.9713252679852192,-0.23775454522141526,-0.7866875317498732,-0.6173513808110357,0.8992639714819658,-0.4374063437977119,0.8477636297334629,0.5303742340094812,0.4845749508541061,0.8747497453584886,-0.2502501295119659,-0.9681812189250751,0.9920134119368234,-0.12613243253605483,1,0,0,0,99,0
1701757800,12,5,1,870,19.5,0.0,81,0,1,0,0,0,0,0,0.21936643855075033,-0.9756425398872067,0.9938919810238954,0.11035728365811025,-0.6669492920537099,-0.7451031081864141,0.9341046804792315,-0.3569992239582503,-0.8237108788762748,-0.5670100422575202,0.8851581898896717,-0.46529020930086196,0.8559469052753395,0.517063724650617,0.4913940757423633,0.8709373469574654,-0.2540301685258412,-0.9671962952155745,0.9917651675713295,-0.12806971692095193,1,0,0,0,99,0
1701757860,12,5,1,871,19.5,0.0,81,0,1,0,0,0,0,0,-0.7024506962803134,-0.7117324070852071,0.9251303711059342,-0.37964957060083243,-0.8305569127401302,-0.5569337615009381,0.8823077018537632,-0.4706730492066982,-0.8575176526482409,-0.5144545416231165,0.8701880663463262,-0.4927197268107314,0.863921213656295,0.503626981599114,0.4981832084689758,0.8670717910297607,-0.25780633135188835,-0.9661966132805891,0.9915131399231654,-0.13000651275880537,1,0,0,0,99,1
1701757920,12,5,1,872,19.5,0.0,81,0,1,0,0,0,0,0,-0.9784379004686174,0.206541218468769,0.6298645812915785,-0.7767049692350272,-0.9425245273294025,-0.33413697099017103,0.8167426066363169,-0.577002178942952,-0.8879758383376634,-0.4598901070131037,0.8543682189235223,-0.5196681118689583,0.8716846080633058,0.49006728524307847,0.5049419346602744,0.8631533135089845,-0.26157856037050853,-0.9651821883740356,0.99125732995374,-0.13194281266132774,1,0,0,0,99,2
1701757980,12,5,1,873,19.5,0.0,81,0,1,0,0,0,0,0,-0.35485381126363746,0.9349218002761893,0.18038597468180656,-0.9835959028676841,-0.9958905318526942,-0.09056516198935413,0.7384325162089472,-0.6743273826601757,-0.9149664973812363,-0.4035298113769442,0.8377140954338014,-0.5461090498348548,0.8792351931749703,0.4763879459879024,0.511669841798448,0.859182153558808,-0.26534679802212796,-0.9641530359747896,0.9909977386388905,-0.13387860924212341,1,0,0,0,99,2
1701758040,12,5,1,874,19.5,0.0,81,0,1,0,0,0,0,0,0.5949812355249355,0.8037395905224659,-0.31325740971087507,-0.9496682553719656,-0.9873368866227894,0.15863755013872718,0.6485994333412853,-0.7611299331056187,-0.9383842318329999,-0.34559374046297575,0.820241958346126,-0.572016721581207,0.8865711256242239,0.4625923034480756,0.518366519246722,0.8551585535583667,-0.26911098680807644,-0.9631091717864508,0.9907343669688791,-0.13581389511671688,1,0,0,0,99,4
1701758100,12,5,1,875,19.4,0.0,81,0,1,0,0,0,0,0,0.9977932782684322,-0.06639709212258378,-0.7302044549722303,-0.6832286981228965,-0.9173954158711761,0.39797694774767006,0.5486451732460288,-0.8360553055114447,-0.9581375959410644,-0.286308133388274,0.8019688689058553,-0.597365828706215,0.8936906144483714,0.448683725631867,0.5250315582744208,0.8510827590874659,-0.2728710692914642,-0.9620506117371024,0.9904672159483883,-0.13774866290258067,1,0,0,0,99,5
1701758160,12,5,1,876,19.4,0.0,81,0,1,0,0,0,0,0,0.48323878253139313,-0.8754885944760086,-0.9683719828857112,-0.24951092713946563,-0.7904147414931815,0.6125720663156844,0.44012948872139646,-0.8979343145007,-0.9741494532413135,-0.22590449917974179,0.7829126704747286,-0.6221316182369524,0.9005919215263238,0.4346656081190733,0.531664552081915,0.8469550189115929,-0.2766269880980588,-0.9609773719790682,0.9901962865965183,-0.1396829052191638,1,0,0,0,99,8
1701758220,12,5,1,877,19.4,0.0,81,0,1,0,0,0,0,0,-0.47560322129518384,-0.8796599205907044,-0.969448276235175,0.2452958208055078,-0.6142899068007273,0.7890804207447767,0.3247457307303849,-0.945801358834078,-0.9863572777736468,-0.1646187127363138,0.7630919711071247,-0.6462899068002247,0.907273362002937,0.4205413732320373,0.5382650958254505,0.8427755849667328,-0.28037868591716025,-0.9598894688886666,0.9899215799467821,-0.1416166146879197,1,0,0,0,99,8
1701758280,12,5,1,878,19.4,0.0,81,0,1,0,0,0,0,0,-0.997177816819599,-0.07507597247387601,-0.73316982087163,0.6800455968264643,-0.3999715009682163,0.9165275764608679,0.20429442422534697,-0.9789094892943034,-0.9947133982445153,-0.1026900937425236,0.7425261253796137,-0.6698171042372225,0.9137333047003438,0.4063144692001366,0.5448327866418574,0.838544712343992,-0.2841261055024758,-0.9587869190659601,0.9896430970471022,-0.14354978393233453,1,0,0,0,99,9
1701758340,12,5,1,879,19.4,0.0,81,0,1,0,0,0,0,0,-0.6019517262811898,0.798532478504848,-0.31738582316728636,0.9482964933249642,-0.16078480443598475,0.9869894866017986,0.08065517155831149,-0.9967420645788455,-0.999185184182303,-0.0403604721302572,0.7212352154915403,-0.6926902366389116,0.9199701725161832,0.3919883693179482,0.5513672236731395,0.8342626592740287,-0.287869189672993,-0.9576697393345027,0.9893608389598061,-0.1454824055779552,1,0,0,0,99,8
1701758400,12,5,1,880,19.4,0.0,81,0,1,0,0,0,0,0,0.3467060053575308,0.9379738513674162,0.176105293265966,0.9843713352610934,0.08839871248753149,0.9960851708717215,-0.044242678085070965,-0.999020813314648,-0.9997551733586199,0.022126756261955736,0.6992400316550977,-0.7148869687796651,0.9259824428086272,0.3775665710972933,0.5578680080909402,0.8299296871112918,-0.2916078813138529,-0.9565379467410825,0.9890748067616226,-0.14741447225241752,1,0,0,0,99,3
1701758460,12,5,1,881,19.4,0.0,81,0,1,0,0,0,0,0,0.9766038345872008,0.21504639097082145,0.62647969202089,0.7794377431747905,0.33208602562077905,0.9432491036769636,-0.16845013553428265,-0.9857101763898362,-0.9964211399779302,0.08452758014448271,0.676562051794038,-0.7363856259272321,0.9317686477681121,0.36305259541336976,0.5643347431208848,0.8255460603180691,-0.29534212337722077,-0.9553915585554619,0.9887850015436778,-0.14934597658547438,1,0,0,0,99,2
1701758520,12,5,1,882,19.4,0.0,81,0,1,0,0,0,0,0,0.7086166021367329,-0.7055937295471035,0.9234700129260028,0.3836706077176726,0.5551258381134531,0.8317663757683622,-0.2900289849580881,-0.9570178618417637,-0.9891961033692368,0.14659832563545244,0.653223420570844,-0.757165215007746,0.9373273747756826,0.3484499856451812,0.5707670340667981,0.8211120464483459,-0.29907185888315707,-0.9542305922701142,0.9884914244114903,-0.15127691120902387,1,0,0,0,99,3
1701758580,12,5,1,883,19.4,0.0,81,0,1,0,0,0,0,0,-0.21086946636535486,-0.9775142291316227,0.9943626675241842,-0.10603247348896787,0.7436506147005353,0.6685684432094563,-0.4070820290743278,-0.9133916036425604,-0.9781082771458793,0.20809660780204897,0.6292469277628422,-0.777205445105105,0.9426572667478634,0.33376230681047175,0.5771644883347936,0.8166279161314753,-0.302797030920487,-0.9530550655999567,0.9881940764849677,-0.15320726875713725,1,0,0,0,99,5
1701758640,12,5,1,884,19.4,0.0,81,0,1,0,0,0,0,0,-0.9364831199655037,-0.35071265449036204,0.8218006615020342,-0.5697751071737155,0.8859387978787574,0.4638021630104179,-0.5177826942789717,-0.855512174960245,-0.9632009590319782,0.2687822771684872,0.6046559860083719,-0.7964867472747074,0.9477570224679708,0.31899314469537793,0.5835267154572368,0.8120939430556596,-0.3065175826476683,-0.9518649964820798,0.9878929588984021,-0.1551370418660872,1,0,0,0,99,5
1701758700,12,5,1,885,19.4,0.0,80,0,1,0,0,0,0,0,-0.8010985118825479,0.5985325172950651,0.44803319224413213,-0.894016923020774,0.9731435975797134,0.2301989107046621,-0.6204035337162974,-0.7842827649211291,-0.9445323617857487,0.3284183574945765,0.5794746079447414,-0.8149902936521933,0.9526253969037864,0.3041461049790106,0.5898533271165762,0.8075104039512465,-0.3102334572936593,-0.9506604030754743,0.9875880728004653,-0.15706622317437588,1,0,0,0,99,5
1701758760,12,5,1,886,19.4,0.0,80,0,1,0,0,0,0,0,0.07081237357015184,0.9974896529535338,-0.035428428178979524,-0.9993722161821225,0.999843041727581,-0.01771699491840461,-0.7133431835093137,-0.7008148846455801,-0.9221753858799258,0.38677197116286743,0.553727382760295,-0.8326980158385354,0.9572612015115142,0.2892248123531802,0.5961439371690447,0.8028775785738385,-0.31394459815878467,-0.9494413037607534,0.9872794193542053,-0.15899480532276297,1,0,0,0,99,9
1701758820,12,5,1,887,19.4,0.0,80,0,1,0,0,0,0,0,0.8776186893304462,0.47935940184574444,-0.510215933774248,-0.8600463364975588,0.9643770882019022,-0.2645313436083153,-0.795151351507471,-0.6064110224887427,-0.8962173348269779,0.4436152485607643,0.527439452183488,-0.8495926225435236,0.9616633045259457,0.27423290963747987,0.6023981616682276,0.798195749687218,-0.3176509486156007,-0.9482077171398727,0.986966999737041,-0.16092278095429377,1,0,0,0,99,6
1701758880,12,5,1,888,19.4,0.0,80,0,1,0,0,0,0,0,0.8775464294662774,-0.479491672639878,-0.8600847843788071,-0.510151118473792,0.8689508382163492,-0.49489841458940237,-0.8645514486106083,-0.5025443191453852,-0.8667595742607592,0.49872621790648564,0.500636485932415,-0.8656576164704166,0.9658306312367652,0.2591740568899436,0.608615618888497,0.7934652030460894,-0.3213524521097596,-0.9469596620358465,0.9866508151407586,-0.1628501427143272,1,0,0,0,99,4
1701758940,12,5,1,889,19.4,0.0,80,0,1,0,0,0,0,0,0.07066202936351883,-0.9975003145895389,-0.9993748832619166,-0.035353114505380104,0.7194974338054931,-0.6944950991528378,-0.9204605095148943,-0.39083557978206274,-0.8339171361058791,0.5518896720441221,0.47334465664876685,-0.8808773104252721,0.969762164250924,0.2440519305134954,0.6147959293483101,0.7886862273786374,-0.32504905216087204,-0.94569715749246,0.9863308667715058,-0.164776883250564,1,0,0,0,99,4
1701759000,12,5,1,890,19.4,0.0,80,0,1,0,0,0,0,0,-0.8011887146614145,-0.5984117675139673,-0.8939831563049628,0.44810056487692174,0.5253091637898002,-0.8509114421832984,-0.9620060920241873,-0.27302798191458466,-0.7978182693804977,0.6028980088229747,0.44559061434068903,-0.8952368426352254,0.9734569437410228,0.22887022235840837,0.620938715833371,0.7838591143689051,-0.3287406923633694,-0.9444202227739792,0.9860071558497887,-0.16670299521307466,1,0,0,0,99,8
1701759060,12,5,1,891,19.4,0.0,80,0,1,0,0,0,0,0,-0.9364302492977055,0.35085379889668755,-0.5697131739319851,0.8218435979238043,0.29845971426324497,-0.9544222330613963,-0.9885398912187096,-0.150959873705902,-0.7586039393866545,0.6515520417795105,0.4174014603595018,-0.9087221912607589,0.9769140676796396,0.21363263882099232,0.6270436034196536,0.7789841586389906,-0.3324273163873641,-0.943128877364857,0.9856796836104661,-0.16862847125432745,1,0,0,0,99,10
1701759120,12,5,1,892,19.4,0.0,80,0,1,0,0,0,0,0,-0.21072213129903983,0.9775460006469211,-0.10595753713889097,0.9943706554014256,0.05305348526993529,-0.9985916721566993,-0.9996478560364893,-0.026536087157875483,-0.7164272772437812,0.6976617779562402,0.38880472093569013,-0.9213201880877897,0.980132692059547,0.19834289993873028,0.6331102194962855,0.7740616577310655,-0.3361088679795094,-0.9418231409694353,0.9853484513027448,-0.17055330402921653,1,0,0,0,99,10
1701759180,12,5,1,893,19.4,0.0,80,0,1,0,0,0,0,0,0.7087229424210651,0.7054869175867313,0.3837402001441005,0.9234410965477796,-0.19565135247707893,-0.9806735176774632,-0.9951566504017001,0.09830178615502556,-0.6714529819149567,0.7410471598201512,0.35982832030000694,-0.9330185313862076,0.9831120310997642,0.18300473848208468,0.63913819378829,0.7690919120892133,-0.3397852909638575,-0.9405030335116451,0.9850134601901755,-0.1724774861950899,1,0,0,0,99,11
1701759240,12,5,1,894,19.4,0.0,80,0,1,0,0,0,0,0,0.9765714113225485,-0.21519358398308666,0.7794849530244592,0.6264209511250854,-0.4321915367489943,-0.9017818336840362,-0.9751363580761503,0.22160569297286092,-0.6238566770609814,0.7815387683835208,0.3305005534159355,-0.9438057979223058,0.9858513574373943,0.1676218990431951,0.6451271583791853,0.7640752250410934,-0.34345652924271697,-0.9391685751347022,0.9846747115506476,-0.17440101041177747,1,0,0,0,99,12
1701759300,12,5,1,895,19.2,0.0,81,0,1,0,0,0,0,0,0.3465646283438878,-0.9380260968549131,0.9843846039163029,0.17603110967253321,-0.6418601445515475,-0.7668217229814676,-0.93989938902562,0.3414515170697975,-0.5738242252337393,0.8189784847814372,0.30085005835013795,-0.9536714541133747,0.9883500023051992,0.15219813712168961,0.6510767477334414,0.759011902779426,-0.3471225267975085,-0.9378197862007993,0.9843322066763841,-0.176323869341619,1,0,0,0,99,12
1701759360,12,5,1,896,19.2,0.0,81,0,1,0,0,0,0,0,-0.6020720756694736,-0.7984417422073145,0.9482725721561587,-0.3174572867274317,-0.8116209973649744,-0.5841843515845697,-0.8899956043668333,0.4559691044442761,-0.5215510020869119,0.8532201077225842,0.27090578830786904,-0.9626058663135666,0.9906073556948704,0.1367372182078336,0.6569865987187891,0.7539022543433046,-0.35078322768961984,-0.9364566872907963,0.9839859468739369,-0.17824605564949209,1,0,0,0,99,8
1701759420,12,5,1,897,19.2,0.0,81,0,1,0,0,0,0,0,-0.9971664899099553,0.07522626802293965,0.6799903425700472,-0.7332210676265855,-0.9309191875846651,-0.3652252266570688,-0.8262037359686377,0.5633714464467166,-0.46724113343822987,0.8841299244021539,0.2406969833606626,-0.9706003102209874,0.9926228665059523,0.12124291686323913,0.662856350628385,0.7487465915993338,-0.3544385760612593,-0.9350792992039054,0.983635933464182,-0.18016756200284023,1,0,0,0,99,7
1701759480,12,5,1,898,19.2,0.0,81,0,1,0,0,0,0,0,-0.47547063199610207,0.8797315943566124,0.2452227616305097,-0.9694667591920345,-0.9923373315541532,-0.1235581660756696,-0.7495192346016444,0.661982565451814,-0.4111066981625245,0.9115872326474889,0.2102531418938979,-0.9776469793968293,0.9943960426803873,0.10571901579936002,0.6686856452028263,0.7435452292225941,-0.35808851613630804,-0.9336876429573742,0.9832821677823141,-0.18208838107170075,1,0,0,0,99,7
1701759540,12,5,1,899,19.2,0.0,81,0,1,0,0,0,0,0,0.4833707322298039,0.8754157499289256,-0.2495839037989774,-0.9683531767720199,-0.9920567465553621,0.12579114282806264,-0.6611387362618898,0.7502636679288364,-0.35336690002825927,0.935484812257483,0.179603991802127,-0.9837389928882262,0.9959264513226431,0.09016930495399704,0.6744741266520173,0.7382984846774362,-0.36173299222117117,-0.9322817397861647,0.982924651177842,-0.18400850552873269,1,0,0,0,99,7
1701759660,12,5,1,901,19.2,0.0,81,0,1,0,0,0,0,0,0.5948600877161377,-0.803829258015873,-0.9496918600303661,-0.31318584098273583,-0.8103042147807007,0.5860094534294068,-0.45496733210780815,0.8905081283821633,-0.23397849432996692,0.9722417724985292,0.11780965049916516,-0.993036195840446,0.9982575308607609,0.05900764424866507,0.6859272394909445,0.7276701327691913,-0.3690053300636785,-0.9294272786961848,0.9821983706706565,-0.1878466413112238,1,0,0,0,99,9
1701759720,12,5,1,902,19.2,0.0,81,0,1,0,0,0,0,0,-0.35499472029806434,-0.9348683054636622,-0.9835823060282404,0.18046009882566544,-0.640132760126497,0.7682643096049905,-0.34039366209949434,0.9402830184590676,-0.17279609593525602,0.9849576179864461,0.08672480041358972,-0.9962323067403621,0.999057632656986,0.04340330206123635,0.6915911718417044,0.7222891741059243,-0.3726330808543947,-0.9279787643329788,0.9818296095384826,-0.18976463799536156,1,0,0,0,99,3
1701759780,12,5,1,903,19.2,0.0,81,0,1,0,0,0,0,0,-0.9784690196122566,-0.20639374423424112,-0.7766574998782414,0.6299231126755704,-0.4301609508802662,0.9027522120370491,-0.2205082628417254,0.9753851065187148,-0.11093893248378867,0.9938272250544142,0.05555526503215395,-0.9984556136990803,0.9996138288606957,0.027788363580100107,0.6972128930319275,0.7168641306342856,-0.3762551457227625,-0.9265160901555584,0.9814571030247726,-0.19168191078508376,1,0,0,0,99,4
1701759840,12,5,1,904,19.2,0.0,81,0,1,0,0,0,0,0,-0.7023434147360162,0.7118382736106231,-0.3795798508807975,0.9251589792059046,-0.19344381715900788,0.9811113543339269,-0.09718190589320902,0.9952666362171313,-0.04864855487508726,0.9988159580766447,0.02433148087720227,-0.9997039456950855,0.9999259836845639,0.012166640968536861,0.7027920599407278,0.7113953334709671,-0.37987146940052824,-0.9250392784825321,0.9810808525505256,-0.19359845236657747,1,0,0,0,99,3
1701759900,12,5,1,905,19.3,0.0,80,0,1,0,0,0,0,0,0.2195134866259111,0.9756094655082719,0.11043218392236956,0.9938836615792292,0.055300716183295164,0.9984697445539422,0.027660942193441066,0.999617362932923,0.01383179429931263,0.9999043361574453,-0.006916062555914125,-0.9999760837533679,0.9999940209204673,-0.0034580519539247237,0.7083283320445133,0.7058831164031604,-0.3834819967070421,-0.923548351848229,0.9807008595510226,-0.19551425542881906,1,0,0,0,99,1
1701759960,12,5,1,906,19.3,0.0,80,0,1,0,0,0,0,0,0.9395507007222859,0.3424098140711822,0.5734065686442813,0.8192709606934638,0.300606918837987,0.9537481220672112,0.1520721505286041,0.9883693950308283,0.07625813061297684,0.9970881092037023,-0.03815685257131214,-0.9992717621357321,0.9998179239580905,-0.019081900642597186,0.7138213714377698,0.7003278158681843,-0.3870866725500994,-0.9220433330023552,0.9803171254758215,-0.19742931266360217,1,0,0,0,99,4
1701760020,12,5,1,907,19.3,0.0,80,0,1,0,0,0,0,0,0.795769333534644,-0.6055998413191904,0.895991027108863,0.4440721555562843,0.5272228392452833,0.8497270607543002,0.27411032381661565,0.9616982532879792,0.1383866805585365,0.990378274521402,-0.06936038306770646,-0.997591668600285,0.9993977357889813,-0.03470109075890063,0.7192708428536849,0.6947297709329504,-0.39068544192678184,-0.9205242449096467,0.9799296517887512,-0.19934361676556553,1,0,0,0,99,2
1701760080,12,5,1,908,19.3,0.0,80,0,1,0,0,0,0,0,-0.07963868902644415,-0.9968237954674584,0.9992056333576834,-0.03985100081893557,0.7210585970706318,0.6928740863898232,0.39187109718004004,0.9200201319508784,0.19997483347801748,0.9798010338713872,-0.1004961843270998,-0.9949374437298526,0.9987335589960549,-0.05031180910157879,0.724676413684611,0.6890893232732681,-0.3942782499242964,-0.9189911107495187,0.9795384399679061,-0.20125716043222083,1,0,0,0,99,2
1701760140,12,5,1,909,19.3,0.0,80,0,1,0,0,0,0,0,-0.8818272681692509,-0.4715725491514069,0.8577798520457935,-0.514017242341438,0.8700624237206885,0.49294155721472804,0.5035168531366512,0.8639854041633829,0.2607820889522679,0.965397691152041,-0.13153385276794535,-0.9913116793299777,0.9978255557285496,-0.06591024453763744,0.7300377540023658,0.6834068171529907,-0.3978650417208135,-0.9174439539157121,0.9791434915056404,-0.2031699363639806,1,0,0,0,99,1
1701760200,12,5,1,910,19.3,0.0,80,0,1,0,0,0,0,0,-0.8732679237120532,0.4872403240862148,0.5063396468349013,-0.8623341359607118,0.9649699829426591,0.2623603095356538,0.6073053970056359,0.7944684731113166,0.32057099594994815,0.9472244911084481,-0.1624430806337284,-0.9867179158980666,0.9966739476624406,-0.08149258893277783,0.7353545365783697,0.677682599403003,-0.40144576258630316,-0.915882798015937,0.9787448079085622,-0.20508193726418603,1,0,0,0,99,1
1701760260,12,5,1,911,19.3,0.0,80,0,1,0,0,0,0,0,-0.06183007747535922,0.99808669038285,0.030929836866284966,-0.999521558142407,0.9998803823814144,0.015466768531161397,0.7016171432728959,0.7125541272532078,0.3791080800687267,0.9253523996978685,-0.19319368558797598,-0.9811606391661531,0.9952790159463207,-0.09705503808109808,0.7406264369036181,0.6719170194000528,-0.4050203578833706,-0.9143076668715112,0.9783423906975286,-0.20699315583913486,1,0,0,0,99,5
1701760320,12,5,1,912,19.3,0.0,80,0,1,0,0,0,0,0,0.8064540568481686,0.591296756454093,-0.45205267588297,-0.8919912433578294,0.9726230624856244,-0.23238842122852268,0.7849803886813105,0.6195206125592099,0.43616475524782494,0.8998668269691937,-0.22375564018679642,-0.9746452757206577,0.9936411011327626,-0.11259379263383548,0.7458531332084875,0.6661104290454266,-0.4085887730680895,-0.9127185845169985,0.9779362414076386,-0.2089035847981091,1,0,0,0,99,6
1701760380,12,5,1,913,19.3,0.0,80,0,1,0,0,0,0,0,0.9332880504589218,-0.3591286884538535,-0.8243569276878352,-0.5660703629170788,0.8848927513877257,-0.46579482451124404,0.8560942776678407,0.5168196859102583,0.49151821639169274,0.8708672935385329,-0.2540991012001687,-0.9671781877034171,0.9917606030951767,-0.12810505902692298,0.7510343064823747,0.6602631827434713,-0.4121509536908345,-0.9111155751998402,0.9775263615882285,-0.21081321685340298,1,0,0,0,99,6
1701760440,12,5,1,914,19.3,0.0,80,0,1,0,0,0,0,0,0.20206131455610385,-0.9793728734041286,-0.9948298531417643,-0.1015557152401366,0.7421440949169293,-0.6702403616464259,0.9138491017795076,0.4060539609174956,0.5449523094191382,0.8384670419633367,-0.2841944387533501,-0.9587666665991619,0.9896379809301888,-0.14358505040713354,0.7561696404931679,0.6543756373799633,-0.41570684539711195,-0.9094986633799863,0.9771127528028652,-0.2127220447203506,1,0,0,0,99,8
1701760500,12,5,1,915,19.2,0.0,79,0,1,0,0,0,0,0,-0.714939662096101,-0.6991861551560592,-0.9217337346425103,0.3878233134069823,0.5532525131407077,-0.8330135993508696,0.9573436163026496,0.28895189967287843,0.5962583753403895,0.8027925945326347,-0.31401226525994597,-0.9494189261155043,0.9872737528455581,-0.1590299875565859,0.7612588218065476,0.6484481523003262,-0.4192563939283895,-0.9078678737295219,0.9766954166293405,-0.21463006111735386,1,0,0,0,99,8
1701760560,12,5,1,916,19.2,0.0,79,0,1,0,0,0,0,0,-0.9746284105303279,0.2238290896803332,-0.6229650513149461,0.7822496691211615,0.3299623697323973,-0.9439940860834779,0.98589910388525,0.16734084067633054,0.645236065065984,0.7639832592002035,-0.34352346411838924,-0.939144094162393,0.9846684960336634,-0.17443609981538652,0.766301539805117,0.6424810892876979,-0.42279954512292356,-0.9062232311322905,0.976274354659665,-0.21653725876591012,1,0,0,0,99,8
1701760620,12,5,1,917,19.2,0.0,79,0,1,0,0,0,0,0,-0.33824829305217113,0.9410569017053605,-0.17167279675976546,0.9851540239235083,0.08615676432089285,-0.9962815927044694,0.9990699656942124,0.04311848382962152,0.6916941217656756,0.7221905855899886,-0.37269921814380785,-0.9279522039388636,0.9818228465305907,-0.1897996260021821,0.7712974867073605,0.636474812540849,-0.4263362449165863,-0.9045647606835149,0.9758495685000621,-0.21844363039064005,1,0,0,0,99,7
1701760680,12,5,1,918,19.2,0.0,79,0,1,0,0,0,0,0,0.6091157451462272,0.7930813382087339,0.32165094574030556,0.9468583152216423,-0.16300565140257817,-0.9866251353025733,0.9966506748361166,-0.08177672253589847,0.7354511277222635,0.6775777731980668,-0.4015110377075164,-0.9158541841357899,0.9787374990608538,-0.20511681533239795,0.7762463575864296,0.630429688651955,-0.4298664393436902,-0.9028924876894134,0.975421059770962,-0.22034916871931534,1,0,0,0,99,10
1701760740,12,5,1,919,19.2,0.0,79,0,1,0,0,0,0,0,0.9964615763383645,-0.0840495501550226,0.7362233187542427,0.6767386681153137,-0.4020331652268792,-0.9156251056287484,0.9786789835356506,-0.20539583049717866,0.7763362127638961,0.6303190341021051,-0.42993078855665534,-0.9028618482642029,0.9754132068677877,-0.22038392833393852,0.7811478503887528,0.6243460865842203,-0.43339007453781153,-0.9012064376668146,0.9749888301069952,-0.22225386648288642,1,0,0,0,99,10
1701760860,12,5,1,921,19.2,0.0,79,0,1,0,0,0,0,0,-0.4911003724158074,-0.8711029928849144,0.967239110273389,-0.2538670982178328,-0.7917913545302931,-0.6107916591531711,0.8974384823354666,-0.4411396269022025,0.848863836814304,0.5286115649027164,-0.4854834884407932,-0.8742458363934931,0.9680510927615064,-0.2507530294996523,0.7908075080257054,0.6120649354849319,-0.4404174522626619,-0.8977931096541485,0.9741132145839488,-0.2260607112545781,1,0,0,0,99,5
1701760920,12,5,1,922,19.2,0.0,79,0,1,0,0,0,0,0,-0.9983505569209379,-0.05741224168810282,0.7271218060573149,-0.6865084698355503,-0.9182887535616316,-0.3959113096164656,0.8354374032853884,-0.5495856122495996,0.880223157003268,0.47456000028995304,-0.5125621912070998,-0.8586501034443405,0.9640150682028628,-0.26584760348332986,0.7955650832846204,0.605868136031542,-0.4439210875642528,-0.8960658837472673,0.9736698320650762,-0.22796284374074297,1,0,0,0,99,4
1701760980,12,5,1,923,19.2,0.0,79,0,1,0,0,0,0,0,-0.5877218435224411,0.8090630597466326,0.30897972445887717,-0.9510686252176108,-0.9876914055558069,-0.156415112413074,0.7603996029763147,-0.649455497931508,0.9081452246010844,0.4186552890317355,-0.5391403856920127,-0.8422159132407009,0.9597436931912344,-0.2808772745874069,0.8002741013513455,0.5996343575098884,-0.4474179491762214,-0.8943249849774656,0.9732227352917383,-0.2298641066179476,1,0,0,0,99,3
1701761040,12,5,1,924,19.2,0.0,79,0,1,0,0,0,0,0,0.3632556223924401,0.931689515235779,-0.18481136973170906,-0.9827740114685011,-0.9956841897581032,0.09280621889587708,0.6734960211850264,-0.7391908477842096,0.9325210045313215,0.36111573782915524,-0.5651921187396569,-0.8249593134904155,0.9552380105215703,-0.295838373533239,0.8049342748116889,0.5933639803976818,-0.4509079837407618,-0.8925704399087172,0.9727719259694734,-0.23176449263345197,1,0,0,0,99,5
1701761100,12,5,1,925,19.3,0.0,79,0,1,0,0,0,0,0,0.9802575443188444,0.19772492712348877,-0.6333541950901215,-0.7738620442700006,-0.9417701535592431,0.33625730901349893,0.5760827592397212,-0.8173913716860176,0.9532553098949981,0.30216603739830056,-0.5906919512748161,-0.8068971549702914,0.9504991201916736,-0.31072724778309085,0.8095453192326822,0.5870573874064227,-0.45439113800424047,-0.8908022753132209,0.9723174058179821,-0.2336639945378611,1,0,0,0,99,0
1701761160,12,5,1,926,19.3,0.0,79,0,1,0,0,0,0,0,0.6960152006877834,-0.7180270471309174,-0.9268298244906983,-0.3754816592518752,-0.8293014106016808,0.5588015482924706,0.46967991851234675,-0.8828367766162867,0.9702671736733874,0.24203638505781863,-0.6156149831437591,-0.7880470750716034,0.9455281791336532,-0.3255402624318508,0.8141069531799402,0.5807149634580416,-0.4578673588180088,-0.8890205181709929,0.9718591765711205,-0.23556260508515253,1,0,0,0,99,6
1701761220,12,5,1,927,19.3,0.0,79,0,1,0,0,0,0,0,-0.22814030861707352,-0.9736282656045409,-0.9933851885357816,0.11482973133178336,-0.6652707225890137,0.7466022138099322,0.35594787974510245,-0.9345058089198622,0.9834901649024921,0.18096158581331254,-0.6399368774288162,-0.7684274805774819,0.9403264009314749,-0.34027380109444083,0.8186188982348382,0.5743370956614064,-0.4613365931392141,-0.8872251956694553,0.9713972399768941,-0.23746031703270412,1,0,0,0,99,8
1701761280,12,5,1,928,19.3,0.0,79,0,1,0,0,0,0,0,-0.9425446703023311,-0.33408014679814474,-0.816725212907666,0.5770267988585345,-0.4598767232321427,0.8879827697817494,0.23666139336428604,-0.9715921906288022,0.9928726480845371,0.11918013544881928,-0.6636338842129675,-0.7480575296890004,0.934895055524683,-0.354924266788705,0.8230808790115055,0.5679241732886948,-0.46479878803160896,-0.8854163352030204,0.9709315977974505,-0.2393571231413216,1,0,0,0,99,10
1701761340,12,5,1,929,19.3,0.0,79,0,1,0,0,0,0,0,-0.7903778088790765,0.6126197182849324,-0.4401024208721576,0.8979475815115636,-0.22588981660140897,0.9741528580031893,0.11368188509347199,-0.9935172011604,0.9983779848234836,0.056933289205876925,-0.6866828637712329,-0.7269571133175178,0.9292354688983622,-0.3694880828135612,0.8274926231736333,0.5614765877516349,-0.46825389066635903,-0.8835939643726736,0.9704622518090731,-0.24125301617526615,1,0,0,0,99,11
1701761460,12,5,1,931,19.3,0.0,79,0,1,0,0,0,0,0,0.8859667583012527,0.4637487500631885,0.5178084829050271,0.855496566347051,0.2687967946729918,0.9631969077886025,-0.13565229856400807,-0.9907565058551476,0.9976864502074656,-0.06798343233778488,-0.7307473682257722,-0.6826479940870753,0.9172371541992494,-0.39834156569012774,0.8361643276563907,0.5484790033856685,-0.4751426083894874,-0.8799088030545178,0.969512455581288,-0.24504203409362463,1,0,0,0,99,8
1701761520,12,5,1,932,19.3,0.0,79,0,1,0,0,0,0,0,0.8689209998517899,-0.4949508016122064,0.8645665970913422,0.5025182575726944,0.4987392818032813,0.8667520572726362,-0.2581161974066756,-0.9661138797451976,0.9914922792803779,-0.13016551051411895,-0.7517198648812332,-0.6594825583311059,0.9109013553429114,-0.41262418837781073,0.8404237587008743,0.5419297978623197,-0.47857611836450864,-0.8780460687977367,0.9690320089650643,-0.2469351445240868,1,0,0,0,99,2
1701761580,12,5,1,933,19.3,0.0,79,0,1,0,0,0,0,0,0.05299328137309047,-0.998594868867907,0.9996486554954963,0.02650595340761163,0.6976725759954981,0.7164167618808244,-0.37655227931800894,-0.9263953696669754,0.9814263522208315,-0.19183929515746312,-0.7719583198455287,-0.6356731490485251,0.9043431729848258,-0.4268060747877629,0.8446318946108307,0.5353475157373185,-0.482002325856775,-0.876169936638241,0.9685478657862607,-0.24882731297202784,1,0,0,0,99,2
1701761640,12,5,1,934,19.3,0.0,79,0,1,0,0,0,0,0,-0.8116562156089902,-0.5841354189426392,0.8899818590686664,-0.45599593257909704,0.8532279685345228,0.5215381421434596,-0.4891123888517548,-0.8722207696860524,0.9675279762585814,-0.25276395145861635,-0.7914429706108382,-0.6112430157234452,0.8975642082111578,-0.44088376261581397,0.8487884785433335,0.5287325587592399,-0.4854211785865756,-0.8742804352034992,0.9680600278917365,-0.2507185322194002,1,0,0,0,99,2
1701761700,12,5,1,935,19.2,0.0,80,0,1,0,0,0,0,0,-0.9300727311045811,0.3673754412799875,0.5624164643393774,-0.8268541108563189,0.9557337785325783,0.2942328067565555,-0.5940400631453423,-0.8044354563159668,0.9498514242543322,-0.3127015699385224,-0.8101547907463494,-0.5862160139664719,0.8905661160089328,-0.4548538149963832,0.8528932568019234,0.5220853306709626,-0.488832624386424,-0.8723775933249783,0.9675684971424448,-0.2526087950517773,1,0,0,0,99,3
1701761760,12,5,1,936,19.2,0.0,80,0,1,0,0,0,0,0,-0.1933846668727768,0.9811230150284443,0.09715190417988626,-0.9952695652506521,0.9988166912028082,0.048633500538969116,-0.689697940935389,-0.7240971967004738,0.9284657227653786,-0.37141809547969407,-0.8280755084772445,-0.5606165822201061,0.8833506048619953,-0.4687128213415406,0.8569459788520921,0.5154062371850283,-0.49223661120185463,-0.8704614400377044,0.967073275413426,-0.254498094258381,1,0,0,0,99,4
1701761820,12,5,1,937,19.2,0.0,80,0,1,0,0,0,0,0,0.7211003682427743,0.6928306134403526,-0.3918988304139523,-0.9200083188320507,0.9797980197040742,-0.1999896011895985,-0.7745933130325869,-0.6324596425110466,0.9034543824983767,-0.42868424130643845,-0.8451876245267788,-0.5344697178950186,0.875919436333907,-0.48245739817365296,0.8609463973365743,0.5086956859588782,-0.49563308709221676,-0.8685320045798192,0.9665743645938008,-0.256386422632109,1,0,0,0,99,1
1701761880,12,5,1,938,19.2,0.0,80,0,1,0,0,0,0,0,0.9726090503206481,-0.23244705899272397,-0.7849990633729201,-0.6194969495515196,0.8998602529147288,-0.43617831815008895,-0.8474014155493513,-0.5309527671318378,0.8749150722018217,-0.48427638434480896,-0.8614744292040272,-0.5078009529605035,0.8682744246378858,-0.4960841899514116,0.8648942680904446,0.5019540865699712,-0.49902200023146714,-0.8665893163921337,0.9660717665867619,-0.25827377296956255,1,0,0,0,99,4
1701761940,12,5,1,939,19.2,0.0,80,0,1,0,0,0,0,0,0.3299054569501611,-0.9440139773724251,-0.9859041478187485,-0.1673111213093364,0.7639735340014523,-0.645247579883359,-0.9069861023972084,-0.4211605514032867,0.8429592372716745,-0.5379774384659236,-0.8769200187206139,-0.4806363290129432,0.8604174361938928,-0.5095898698890396,0.8687893501560202,0.495181850490787,-0.5024032989089606,-0.8646334051176796,0.965565483309568,-0.2601601380710738,1,0,0,0,99,6
1701762000,12,5,1,940,19.2,0.0,80,0,1,0,0,0,0,0,-0.6161116921033395,-0.7876587984994262,-0.9454255122693237,0.3258383046087229,0.5805866409896446,-0.8141984723053474,-0.9524175744665119,-0.3047962661308802,0.8077116645594764,-0.5895777022026527,-0.8915093107204918,-0.4530023718466313,0.8523503891729713,-0.5229711407684791,0.8726314057975678,0.4883793910637103,-0.5057769315302397,-0.8626643006012565,0.9650555166935363,-0.2620455107407332,1,0,0,0,99,7
1701762060,12,5,1,941,19.2,0.0,80,0,1,0,0,0,0,0,-0.9956785927816724,0.09286624723928816,-0.6734737384489138,0.7392111495504137,0.3611016826667984,-0.9325264472256038,-0.9829868888305693,-0.18367573706725146,0.7693099950823632,-0.6388756776293603,-0.9052280590076073,-0.42492606555178497,0.8440752530289538,-0.5362247357443589,0.8764202005158139,0.4815471234758033,-0.5091428466178214,-0.8606820328889767,0.964541868684034,-0.2639298837864171,1,0,0,0,99,9
1701762120,12,5,1,942,19.2,0.0,80,0,1,0,0,0,0,0,-0.4598231870636247,0.8880104935408426,-0.2366321052384454,0.9715993241920361,0.11916517068330806,-0.9928744442758198,-0.9982170215629014,-0.05968900955862884,0.7279041865378398,-0.6856788572069913,-0.9180628674570689,-0.39643482616503856,0.8355940480176479,-0.549347419141549,0.8801555030622569,0.47468546473346485,-0.5125009928119824,-0.8586866322278066,0.9640245412404724,-0.26581325001981504,1,0,0,0,99,7
1701762180,12,5,1,943,19.2,0.0,80,0,1,0,0,0,0,0,0.49879153625744566,0.8667219873511559,0.25814532016757935,0.96610609856039,-0.13018045444614568,-0.9914903172901867,-0.99787031153607,0.06522914498065015,0.6836559277221802,-0.7298044755208926,-0.9300012030962359,-0.36755647489814913,0.8269088447036194,-0.5623359872451037,0.8838370854532819,0.4677948336369782,-0.5158513188715436,-0.8566781290651052,0.9635035363362984,-0.2676956022564573,1,0,0,0,99,9
1701762240,12,5,1,944,19.2,0.0,80,0,1,0,0,0,0,0,0.998819621438444,0.048573283084049755,0.689719768063795,0.7240764058730438,-0.37143208943692263,-0.9284601245807608,-0.9819521690440836,0.1891294205289584,0.6367380071391379,-0.7710802229758452,-0.9410314083429535,-0.3383192109710552,0.8180217634546941,-0.5751872690824027,0.8874647229840752,0.46087565075494996,-0.5191937736746512,-0.8546565540481598,0.9629788559589872,-0.26957693331574223,1,0,0,0,99,8
1701762300,12,5,1,945,19.0,0.0,80,0,1,0,0,0,0,0,0.5805375529616218,-0.81423347364336,0.9524267619201384,0.3047675559804882,-0.5895898761086014,-0.8077027782484372,-0.950710991376569,0.31007839472588444,0.5873336382645368,-0.8093449186613468,-0.951142712388984,-0.30875158407581743,0.8089349739243005,-0.5878981271972987,0.8910381942423397,0.45392833839864044,-0.5225283062195576,-0.8526219380237177,0.9624505021100351,-0.27145723602096367,1,0,0,0,99,9
1701762360,12,5,1,946,19.0,0.0,80,0,1,0,0,0,0,0,-0.371488064422021,-0.9284377297331149,0.9819464674138593,-0.18915902075619492,-0.7710898199160053,-0.6367263852094576,-0.9046342866621455,0.42618869928151687,0.535635744101569,-0.8444491397596178,-0.9603252417175178,-0.27888246649832815,0.7996506945217794,-0.6004654584160823,0.8945572811218079,0.44695332059618803,-0.5258548656253986,-0.8505743120375162,0.9619184768049516,-0.27333650319933833,1,0,0,0,99,15
1701762420,12,5,1,947,19.0,0.0,80,0,1,0,0,0,0,0,-0.9819692685810417,-0.18904061881620535,0.7710514311043737,-0.6367728720602797,-0.9046471334338819,-0.4261614294722836,-0.8444410664671288,0.5356484717273617,0.4818462038205958,-0.8762558050385063,-0.9685700297444957,-0.2487410249250148,0.7901711918707917,-0.6128861946050772,0.8980217688355548,0.43995102306672884,-0.5291734011329704,-0.8485137073338087,0.9613827820732512,-0.2752147276820331,1,0,0,0,99,13
1701762480,12,5,1,948,19.0,0.0,80,0,1,0,0,0,0,0,-0.689632455789954,0.7241595652348433,0.3713761131017696,-0.9284825160537067,-0.9819578697820255,-0.18909982012986337,-0.7710706258605184,0.6367496289241701,0.42617506442530745,-0.9046407101507675,-0.9758690255743256,-0.21835669196206517,0.7804987802559544,-0.6251573034196812,0.9014314459291071,0.43292187319441294,-0.5324838621055041,-0.8464401553548877,0.9608434199584467,-0.27709190230419245,1,0,0,0,99,13
1701762540,12,5,1,949,19.0,0.0,80,0,1,0,0,0,0,0,0.23674925645140169,0.971570784641916,-0.11922502958289408,-0.9928672581573823,-0.9982152218227747,0.059719100138137124,-0.6856678860286016,0.7279145211280432,0.36883972052366915,-0.9294930126493807,-0.9822151018614458,-0.18775913739498723,0.7706358210578416,-0.6372757890446697,0.9047861042933489,0.42586630000231895,-0.5357861980294384,-0.8443536877406053,0.9603003925180404,-0.2789680199049658,1,0,0,0,99,13
1701762600,12,5,1,950,19.0,0.0,80,0,1,0,0,0,0,0,0.9454647941364738,0.32572430527744684,-0.580635726907393,-0.8141634680079446,-0.9524083861474406,0.30482497600430924,-0.5895655281627695,0.8077205506870273,0.31006406540662906,-0.9507156648249326,-0.9876020617700564,-0.15697823921656684,0.7605847221764866,-0.6492386929255808,0.9080855391772245,0.41878473412626877,-0.5390803585151899,-0.8422543363278899,0.9597537018235173,-0.28084307332753466,1,0,0,0,99,15
1701762660,12,5,1,951,19.0,0.0,80,0,1,0,0,0,0,0,0.7849243603267638,-0.6195915982045113,-0.8998865479060434,-0.43612406594654274,-0.8473854099365126,0.5309783112583117,-0.4842631974152528,0.8749223712016717,0.2500776167496086,-0.968225792674847,-0.9920246450252249,-0.126044054451515,0.7503479374435286,-0.6610430944910041,0.9113295492002341,0.4116776077885437,-0.5423662932979225,-0.8401421331502615,0.959203349960336,-0.2827170554191403,1,0,0,0,99,16
1701762720,12,5,1,952,19.0,0.0,80,0,1,0,0,0,0,0,-0.09727191050322355,-0.9952578436902936,-0.9988137573367454,0.048693717817118926,-0.6896761131802671,0.7241179868699296,-0.3714041014380902,0.9284713207390763,0.18911462035089152,-0.9819550195245901,-0.9954785330494551,-0.09498678980629327,0.7399279660231438,-0.6726861118655962,0.9145179363647266,0.40454535477150383,-0.5456439522383145,-0.8380171104373418,0.9586493390279216,-0.2845899590311104,1,0,0,0,99,14
1701762840,12,5,1,954,19.0,0.0,80,0,1,0,0,0,0,0,-0.8645059984548472,0.5026225011234452,-0.49868702553633515,0.8667821240437084,-0.25808707441122625,0.9661216600521149,-0.13015056655252244,0.9914942410453312,0.06521410489560044,-0.9978712945679246,-0.9994676819607337,-0.03262441901456225,0.7185486827677587,-0.6954766642330416,0.9207270671140937,0.39020721147036636,-0.5521742426669474,-0.8337287363016721,0.9575303484228769,-0.28833250224205376,1,0,0,0,99,15
1701762900,12,5,1,955,19.1,0.0,79,0,1,0,0,0,0,0,-0.044152333395038934,0.9990248102303433,-0.022081550779516786,0.9997561728317418,-0.011041448461551128,0.9999390413499569,-0.005520808366672965,0.9999847602213638,0.002760414700383762,-0.999996190048083,-0.9999990475115672,-0.001380208664824669,0.7075945903781432,-0.7066186352393968,0.9237474317256306,0.3830021963126342,-0.5554267745109907,-0.8315654503142355,0.9569653730188558,-0.2902021275643621,1,0,0,0,99,15
1701762960,12,5,1,956,19.1,0.0,79,0,1,0,0,0,0,0,0.8167947833692505,0.5769283160504252,0.45993025772913376,0.8879550427950801,0.2366906812750767,0.9715850561826999,0.11919510018725629,0.9928708516677031,-0.05970405485516448,-0.9982161218062207,-0.9995539309627621,0.029865349435251595,0.696467748917618,-0.7175880954402921,0.9267114155551047,0.3757738046749054,-0.5586708312258188,-0.8293894756611352,0.9563967470828033,-0.29207064585375986,1,0,0,0,99,17
1701763020,12,5,1,957,19.1,0.0,79,0,1,0,0,0,0,0,0.9267845431459862,-0.37559341126500806,0.829335098517182,0.5587515497674221,0.469706530842705,0.8828226180177483,0.2420510090685967,0.9702635255480204,-0.12193538135418193,-0.9925380409707278,-0.9981327669630748,0.06108174452842746,0.6851708748449442,-0.7283823667993438,0.9296188376962204,0.3685224777409488,-0.5619063633111175,-0.8272008455450673,0.9558244727838546,-0.29393804998241774,1,0,0,0,99,17
1701763080,12,5,1,958,19.1,0.0,79,0,1,0,0,0,0,0,0.18469286804020318,-0.982796288401154,0.9956897831154927,0.0927461902151406,0.6735183033091452,0.7391705453463161,0.36112979290947733,0.9325155616251978,-0.18369055279845262,-0.9829841203257552,-0.9957369432550334,0.09223849433464518,0.6737067261299069,-0.7389988140500109,0.9324695206949155,0.36124865809438594,-0.565133321396648,-0.8249995933618349,0.9552485523050623,-0.2958043328267565,1,0,0,0,99,20
1701763140,12,5,1,959,19.1,0.0,79,0,1,0,0,0,0,0,-0.7272045781869426,-0.6864207903785774,0.9182648829119453,-0.39596667133827224,0.8354539698087119,0.5495604282796059,0.4745732671149915,0.8802160042511173,-0.24472841656505961,-0.9695916677269657,-0.9923687993198309,0.12330517481645753,0.6620781015799958,-0.7494348453389585,0.9352632905601926,0.35395278969167726,-0.5683516562430001,-0.8227857526998378,0.954668987843388,-0.2976694872674744,1,0,0,0,99,19
1701763260,12,5,1,961,19.1,0.0,79,0,1,0,0,0,0,0,-0.3215367736757958,0.9468970921774763,0.16294616875294074,-0.9866349609094227,0.996653139489718,0.08174667910862572,0.6775888579704414,0.7354409150668141,-0.3637025466869774,-0.9315151407966523,-0.9827296527521321,0.18504710103558453,0.6383388202845004,-0.7697555134702136,0.940679412305333,0.33929668914519806,-0.5747622599191782,-0.8183204412530577,0.9534989358287344,-0.30139638248239004,1,0,0,0,99,17
1701763320,12,5,1,962,19.1,0.0,79,0,1,0,0,0,0,0,0.6230593684278799,0.7821745479202525,-0.33001928131531005,-0.9439741913633689,0.9858940590558828,-0.16737055989126504,0.7639929842254002,0.6452245501020304,-0.421174221610232,-0.9069797544879462,-0.9764680625826803,0.21566205682972353,0.6262339591439754,-0.779635189312836,0.9433014336130409,0.3319373515342646,-0.5779544309310792,-0.8160690386034335,0.9529084527391478,-0.30325810903961536,1,0,0,0,99,16
1701763380,12,5,1,963,19.1,0.0,79,0,1,0,0,0,0,0,0.9948176005844565,-0.10167566851211195,-0.7421845014927595,-0.6701956175206938,0.9138368611302276,-0.40608150812324995,0.8384752554855898,0.5449396718338416,-0.47700122021131053,-0.8789026316475113,-0.9692529679210456,0.24606642228521222,0.6139762119637812,-0.789324528405526,0.9458658806631959,0.3245577541782617,-0.5811377830694449,-0.8138051837443228,0.9523143345934478,-0.3051186787593291,1,0,0,0,99,17
1701763440,12,5,1,964,19.1,0.0,79,0,1,0,0,0,0,0,0.4519451186001038,-0.8920457442158098,-0.9726370711153801,-0.23232978261965265,0.7849617132764033,-0.6195442750039529,0.8998734008192355,0.4361511922464772,-0.5309655392553846,-0.8473934128391833,-0.9610914141847234,0.2762305080551537,0.6015685712970908,-0.7988211652351087,0.9483725969351678,0.3171583474897762,-0.5843122677602378,-0.8115289112193651,0.9517165836580145,-0.3069780845440232,1,0,0,0,99,21
1701763500,12,5,1,965,19.0,0.0,80,0,1,0,0,0,0,0,-0.5064436211734846,-0.8622730765672137,-0.9649541638252083,0.26241848585111743,0.6072814479913258,-0.7944867795788415,0.9472293227035472,0.320556719178649,-0.5828564492314343,-0.8125751408881055,-0.9519913709924333,0.3061248594216864,0.5890140662914229,-0.808122781333903,0.9508214294319157,0.3097395830904544,-0.5874778365647276,-0.8092402557616787,0.951115202213086,-0.30883631930062994,1,0,0,0,99,24
1701763560,12,5,1,966,19.0,0.0,80,0,1,0,0,0,0,0,-0.9992104312245924,-0.03973051889875125,-0.7210168232776373,0.692917556820885,0.39184336359004157,-0.9200319442337003,0.9798040478161182,0.1999600657210081,-0.6324713172464788,-0.7745837804011287,-0.9419617243819222,0.33572028505801615,0.5763157619491175,-0.8172271058457423,0.9532122286893256,0.30230191378343746,-0.5906344411802289,-0.8069392522933302,0.9505101925527496,-0.31069337594054836,1,0,0,0,99,25
1701763620,12,5,1,967,19.0,0.0,80,0,1,0,0,0,0,0,-0.5733077789028065,0.8193400946185477,-0.3005494180508858,0.9537662435362628,0.15204235670321797,-0.9883739786984133,0.9970892584664658,0.07624310231616616,-0.6796163983026873,-0.733567686827932,-0.9310122681328995,0.36498788553325157,0.5634767583790605,-0.8261319160803714,0.9555448487853334,0.29484579352572476,-0.593782033440839,-0.8046259359248012,0.9499015569849334,-0.31254924737967194,1,0,0,0,99,25
1701763680,12,5,1,968,19.0,0.0,80,0,1,0,0,0,0,0,0.3796914013979365,0.9251132037239935,0.19350296674212325,0.9810996900733364,-0.09721190751822432,-0.9952637062792294,0.9988152247235795,-0.04866360920015389,-0.7241075918674496,-0.6896870271361664,-0.9191536942035773,0.3938990815322077,0.5505001900398365,-0.8348350380560844,0.9578191473488313,0.28737167740046654,-0.5969205653181726,-0.8023003419544537,0.949289297831397,-0.3144039265384152,1,0,0,0,99,24
1701763740,12,5,1,969,19.0,0.0,80,0,1,0,0,0,0,0,0.9836040582900275,0.18034149970372382,0.640179076624766,0.7682257154325556,-0.3404220061684059,-0.9402727570850268,0.9849550134612816,-0.17281094137087097,-0.7657711607820156,-0.643113154362873,-0.906397582290154,0.42242564176262254,0.5373892249744953,-0.8433343470304713,0.9600349855683571,0.27988002158918807,-0.6000499889220947,-0.7999625058679901,0.9486734174277232,-0.3162574063417408,1,0,0,0,99,19
1701763860,12,5,1,971,19.0,0.0,80,0,1,0,0,0,0,0,-0.24533965564184546,-0.9694371838182919,0.992329880588681,-0.12361799258544061,-0.7495391892974779,-0.6619599713783906,0.9115810362711564,-0.41112043771965984,-0.8399763204161352,-0.5426230562187438,-0.8782434332856534,0.47821383490090297,0.5107769401113842,-0.8597132763023096,0.9642907435784888,0.26484592095942344,-0.6062813204447983,-0.7952502502229796,0.9474308022813539,-0.3199607396048931,1,0,0,0,99,25
1701763920,12,5,1,972,19.0,0.0,80,0,1,0,0,0,0,0,-0.9483108434411563,-0.3173429441659648,0.8115857761709371,-0.584233282103149,-0.8900093488562771,-0.4559422758951242,0.8532122467168191,-0.5215638619118831,-0.8722281415753229,-0.4890992425306529,-0.8628728882432953,0.5054209915849098,0.4972821173212898,-0.8675888979190864,0.9663304036195608,0.257304393744951,-0.6093831332811276,-0.7928759025676563,0.9468040722788575,-0.3218105789376289,1,0,0,0,99,21
1701763980,12,5,1,973,19.0,0.0,80,0,1,0,0,0,0,0,-0.7794094151401889,0.6265149348505816,0.43213716870307417,-0.901807888313964,-0.9751430377934214,-0.22157629801722484,0.7815293654166889,-0.6238684564805209,-0.9010739305075142,-0.4336655067673005,-0.846659762468756,0.5321346132477662,0.48366589023427825,-0.8752527101494078,0.9683110838334466,0.24974716199648023,-0.6124756476805914,-0.7904894566015667,0.9461737305066038,-0.32365919066081944,1,0,0,0,99,13
1701764040,12,5,1,974,19.0,0.0,80,0,1,0,0,0,0,0,0.10607743500999182,0.9943578720871581,-0.053113688973945104,-0.9985884718158823,-0.9996470556691202,0.026566220884026468,0.6976509797584941,-0.7164377924439869,-0.9264010450242344,-0.37653831648054964,-0.8296198878042129,0.5583286144912557,0.4699315830569086,-0.8827028419834321,0.9702326633296345,0.24217468696848557,-0.6155588164552248,-0.7880909487389401,0.9455397793691549,-0.32550656772257286,1,0,0,0,99,11
1701764100,12,5,1,975,19.0,0.0,80,0,1,0,0,0,0,0,0.8940371806131415,0.44799276744307476,-0.5253604631854805,-0.8508797704267844,-0.9619978613351446,0.27305698084210883,0.6028859838965785,-0.7978273562751872,-0.948110583285301,-0.31794075212593687,-0.8117699033981048,0.5839774173176833,0.4560825488233006,-0.8899374745783221,0.9720950248248167,0.23458743084581274,-0.618632592559666,-0.7856804155780558,0.9449022212848417,-0.32735270307570724,1,0,0,0,99,10
1701764160,12,5,1,976,19.0,0.0,80,0,1,0,0,0,0,0,0.86002326542427,-0.510254821563673,-0.8689806734225085,-0.49484602576777714,-0.8645362993442719,0.5025703802614231,0.4987131538963941,-0.8667670910519801,-0.9661177700083929,-0.25810163593826746,-0.7931272394572851,0.6090559761063561,0.4421221685765394,-0.8969548417022889,0.9738980546500462,0.2269858567154693,-0.621696929091873,-0.7832578939006837,0.9442610586857545,-0.3291975896777772,1,0,0,0,99,14
1701764220,12,5,1,977,19.0,0.0,80,0,1,0,0,0,0,0,0.03530792620481886,-0.999376480785452,-0.9998441080452123,-0.017656715642326043,-0.7133220575736903,0.7008363875961614,0.3867580719285886,-0.9221812152706651,-0.980352287514714,-0.1972546383856853,-0.773710100226721,0.6335398020702072,0.42805385054324224,-0.9037532301657923,0.9756416427576757,0.21937042853836028,-0.6247517792938407,-0.7808234206715242,0.9436162940177337,-0.3310412204911012,1,0,0,0,99,14
1701764280,12,5,1,978,19.0,0.0,80,0,1,0,0,0,0,0,-0.8218693575364985,-0.5696760124338598,-0.8859108342361154,0.46385557427185253,-0.5177569051824165,0.8555277827960506,0.2687677596029232,-0.9632050100565431,-0.9907585503180235,-0.1356373656914954,-0.7535374462133568,0.65740498716868,0.413881029301489,-0.9103309802397916,0.977325682728074,0.21174161112097017,-0.6277970965523135,-0.7783770330376437,0.9429679297403607,-0.332883588482788,1,0,0,0,99,11
1701764340,12,5,1,979,19.0,0.0,80,0,1,0,0,0,0,0,-0.9234237442034923,0.3837819545538891,-0.5550756909855227,0.8317998420755708,-0.2900001361417173,0.9570266041431583,0.14658341628035845,-0.989198312812744,-0.9972959221847706,-0.07349043198694676,-0.7326289756715014,0.6806282274535245,0.399607164942319,-0.9166864860609445,0.9789500717761209,0.2040998700869938,-0.6308328343994969,-0.7759187683279074,0.942315968326948,-0.33472468662476373,1,0,0,0,99,8
1701764460,12,5,1,981,19.0,0.0,80,0,1,0,0,0,0,0,0.733251813680783,0.6799571881624918,0.40002675650355446,0.9165034610306968,0.20432393272607985,0.9789033305262315,-0.10270508622694526,-0.9947118503682942,-0.9986770875433896,0.051420568023436815,-0.68868695064469,0.7250588141742147,0.3707702697262722,-0.9287246131588779,0.9820195041746569,0.1887794835795486,-0.6368753867203738,-0.7709667579019048,0.9410012640538548,-0.3384030452715336,1,0,0,0,99,10
1701764520,12,5,1,982,19.0,0.0,80,0,1,0,0,0,0,0,0.9683418904640227,-0.24962768911433375,0.7904516712343437,0.6125244121199033,0.4401565561706975,0.8979210466738997,-0.22591918170675576,-0.9741460482581397,-0.9935154876140935,0.11369685954735136,-0.6656963048014645,0.7462227748961269,0.3562142789837832,-0.9344042954995784,0.9834643601828127,0.18110177318350804,-0.6398821089921534,-0.7684730877472249,0.9403385262093713,-0.34024029174450743,1,0,0,0,99,12
1701764580,12,5,1,983,19.0,0.0,80,0,1,0,0,0,0,0,0.31314289889206726,-0.9497060202365112,0.9873464488811694,0.1585780245864616,0.648622376816256,0.7611103811492987,-0.3456078839166587,-0.938379022876497,-0.9844742309670926,0.17552916726786882,-0.6420556178136483,0.766658061741957,0.3415713236339103,-0.9398558564327716,0.9848491905953854,0.17341300926866535,-0.6428790674502222,-0.7659676916387091,0.9396722012592235,-0.3420762403041834,1,0,0,0,99,16
1701764640,12,5,1,984,19.0,0.0,80,0,1,0,0,0,0,0,-0.6299582297887875,-0.7766290161469486,0.9425043809306535,-0.3341937939677003,0.8167599996228085,0.5769775585030581,-0.45990349068959124,-0.8879689066918555,-0.9715886235161092,0.23667603734656428,-0.617787974410896,0.7863447200008926,0.3268449785441926,-0.9450779650380419,0.9861739108894643,0.16571366111754054,-0.6458662163646817,-0.7634506078056198,0.9390022917452384,-0.3439108839469756,1,0,0,0,99,13
1701764700,12,5,1,985,18.9,0.0,80,0,1,0,0,0,0,0,-0.9938786672030538,0.11047712377990915,0.6669043695388758,-0.7451433163425373,0.9341154415655855,0.3569710658144878,-0.5670224573090171,-0.8237023327071764,-0.9549089832824844,0.2968986925643355,-0.5929170715351618,0.8052635259852315,0.3120388389405784,-0.9500693464124689,0.9874384402109503,0.15800419865866083,-0.6488435101553144,-0.7609218746555592,0.9383288002229173,-0.3457442156742762,1,0,0,0,99,12
1701764760,12,5,1,986,18.9,0.0,80,0,1,0,0,0,0,0,-0.4440316414971394,0.8960111055948782,0.22802290938096753,-0.9736557670950443,0.9933921096664309,0.11476984121483252,-0.665293228127706,-0.7465821593149787,-0.9345004439043832,0.3559619647413339,-0.567467195201038,0.8233960058019877,0.29715651952970196,-0.9548287819818765,0.9886427013794914,0.15028509243787871,-0.6518109033922803,-0.7583815307738838,0.9376517292614257,-0.34757622849248204,1,0,0,0,99,16
1701764820,12,5,1,987,18.9,0.0,80,0,1,0,0,0,0,0,0.5140560276444147,0.8577566090928386,-0.26668651157038425,-0.9637833286306727,0.9909044678047104,-0.13456721623286869,-0.7531823206345422,-0.657811821027538,-0.9104427002913302,0.413635213063674,-0.5414631967808735,0.8407244533923329,0.28220165361640515,-0.9593551097983304,0.9897866208931929,0.14255681358965214,-0.6547683507968096,-0.7558296149231162,0.9369710814435833,-0.3494069154130209,1,0,0,0,99,11
1701764880,12,5,1,988,18.9,0.0,80,0,1,0,0,0,0,0,0.9995229556605263,0.030884641938116356,-0.6961017734720562,-0.7179431181988293,0.9268071855026884,-0.3755375359409301,-0.8293182549362247,-0.5587765492838215,-0.8828296974172939,0.4696932247308761,-0.5149304687378307,0.8572319478212639,0.2671778922167178,-0.9636472248238107,0.9908701289331036,0.13481983380828896,-0.6577158072418934,-0.7532661660423522,0.9362868593658549,-0.3512362694523786,1,0,0,0,99,11
1701764940,12,5,1,989,18.9,0.0,80,0,1,0,0,0,0,0,0.5660330877786267,-0.8243825225826864,-0.9550870438296937,-0.2963253932903098,0.8050855213237628,-0.593158750550681,-0.8925129552422981,-0.4510217563761858,-0.8517692634675736,0.5239170944070323,-0.4878949198305757,0.8729023698006073,0.2520889031665146,-0.9677040791999916,0.9918931593674774,0.12707462531915723,-0.6606532277529729,-0.7506912232466679,0.9355990656383395,-0.3530642836321256,1,0,0,0,99,11
1701765060,12,5,1,991,18.9,0.0,80,0,1,0,0,0,0,0,-0.9851617853645876,-0.1716282513377624,-0.7653849526015528,0.6435727420665972,0.4221535608835977,-0.9065243355990498,-0.9763514571093367,-0.21618934340173923,-0.7798042521690104,0.6260234247207771,-0.4324214236593875,0.901671621135094,0.22172999218069936,-0.9751081019905162,0.9937575413526472,0.11156141360139663,-0.6664977818412464,-0.7455070132471581,0.934212773742459,-0.35671626452465127,1,0,0,0,99,11
1701765120,12,5,1,992,18.9,0.0,80,0,1,0,0,0,0,0,-0.6767053779597042,0.7362539177759354,-0.36314327904015004,0.9317333088861682,0.184752119221718,-0.982785151720906,-0.9956869868891794,-0.09277620459766088,-0.7391806966492228,0.6735071623235863,-0.404037645323065,0.9147423578045313,0.2064674819377966,-0.9784534628188842,0.9945987791111761,0.10379435721925297,-0.669404826237736,-0.7428978251479987,0.9335142808623762,-0.3585402173062328,1,0,0,0,99,14
1701765180,12,5,1,993,18.9,0.0,80,0,1,0,0,0,0,0,0.2539108331545893,0.9672276302953418,0.12800853429490208,0.9917730663552378,-0.0641363143810206,-0.9979411471512831,-0.99948515425475,0.03208467584935907,-0.6956706563276336,0.7183608688707087,-0.3752593310827136,0.9269198640849997,0.19115456562033808,-0.9815599482672975,0.9953793116865794,0.09602096576452052,-0.6723016563401727,-0.7402773013420446,0.9328122269090507,-0.36036280236586254,1,0,0,0,99,14
1701765240,12,5,1,994,18.9,0.0,80,0,1,0,0,0,0,0,0.9510825952363544,0.3089367201199639,0.5878193939808536,0.8089921878856321,-0.30903706259473784,-0.9510499955011913,-0.9876866900746388,0.1564448856607474,-0.6494440369805748,0.7604093915979561,-0.3461145824738131,0.938192248848272,0.1757949816572247,-0.9844267999318873,0.9960990914391719,0.08824171368494811,-0.6751882279464934,-0.7376454818152647,0.9321066145606051,-0.3621840127509325,1,0,0,0,99,11
1701765300,12,5,1,995,18.8,0.0,81,0,1,0,0,0,0,0,0.7738334053999244,-0.6333891857990285,0.9037115651022257,0.42814180723270384,-0.5347233830530025,-0.8450271614666311,-0.9604757054362778,0.2783638253557463,-0.6006813525673382,0.7994885319239252,-0.3166318588487858,0.9485485048019224,0.16039247987059368,-0.9870533179119358,0.9967580744373069,0.08045707578598697,-0.6780644970111667,-0.7350024067259872,0.9313974465087359,-0.36400384151407855,1,0,0,0,99,10
1701765360,12,5,1,996,18.8,0.0,81,0,1,0,0,0,0,0,-0.11487464864560613,-0.9933799953182813,0.9983436270438855,-0.05753261979833144,-0.727163193443649,-0.68646463135462,-0.9182768186539993,0.39593899065726024,-0.5495730203270262,0.8354456866419445,-0.28683994958692166,0.9579785192377605,0.14495082056035336,-0.9894388609807482,0.9973562204600591,0.07266752720181091,-0.6809304196458655,-0.7323481164042859,0.9306847254587038,-0.36582228171320713,1,0,0,0,99,7
1701765420,12,5,1,997,18.8,0.0,81,0,1,0,0,0,0,0,-0.8979674804979512,-0.4400618183484699,0.8485463506339739,-0.5291210549824729,-0.8743915184236616,-0.4852210553023885,-0.8617485292422576,0.5073356604347912,-0.49631861720330867,0.8681404438323304,-0.25676794598203806,0.9664730839067197,0.12947377358615977,-0.9915828467421972,0.9978934929996781,0.06487354336631672,-0.6837859521201365,-0.7296826513513655,0.929968454129323,-0.3676393264115215,1,0,0,0,99,8
1701765480,12,5,1,998,18.8,0.0,81,0,1,0,0,0,0,0,-0.8554731519696874,0.5178471649618718,0.4909953335002932,-0.8711622021649791,-0.9672544138345865,-0.253808784161444,-0.7917729422509473,0.6108155269140414,-0.44112610050072903,0.8974451311679287,-0.22644521283532507,0.9740239040105557,0.11396511744705974,-0.9934847517729086,0.9983698592638173,0.05707559998410604,-0.6866310508620674,-0.7270060522389432,0.9292486352529508,-0.36945496867754857,1,0,0,0,99,13
1701765540,12,5,1,999,18.8,0.0,81,0,1,0,0,0,0,0,-0.026460752737064126,0.9996498529808264,0.013231534664836528,-0.9999124594135295,-0.9999781146138973,-0.006615912124209524,-0.7094420033111267,0.7047638213883395,-0.38421099581588014,0.92324531447182,-0.19590135978111542,0.9806236063015769,0.09842863835902424,-0.9951441117500462,0.9987852901775351,0.049274173001450816,-0.6894656724589519,-0.7243183599086285,0.9285252715754775,-0.37126920158516485,1,0,0,0,99,12
1701765660,12,5,1,1001,18.8,0.0,81,0,1,0,0,0,0,0,0.9199905975863218,-0.3919404295971039,-0.8342482932548031,-0.5513889599923525,-0.880735192890676,0.4736090370799778,-0.5130258097406125,0.8583731813960574,-0.26610789034143895,0.9639432507663658,-0.13426978296257547,0.990944814499366,0.06728738923689195,-0.9977336354206382,0.9994332482513872,0.033662773053937445,-0.6951033113667574,-0.7189098598064773,0.9270679208683895,-0.3748934116475794,1,0,0,0,99,16
1701765720,12,5,1,1002,18.8,0.0,81,0,1,0,0,0,0,0,0.1672665419737925,-0.985911712039232,-0.9964717035719659,-0.08392939878483582,-0.7361825177171881,0.676783052837157,-0.40200556411749017,0.9156372242425372,-0.20538107965129446,0.978682079186734,-0.1032422413871038,0.9946562419214826,0.05169022189214013,-0.9986631669190275,0.9996657358635004,0.02585375292846797,-0.6979062426542451,-0.716189134561698,0.9263339393981249,-0.37670337497711776,1,0,0,0,99,12
1701765780,12,5,1,1003,18.8,0.0,81,0,1,0,0,0,0,0,-0.7392416009402617,-0.6734403131973009,-0.9147240876890969,0.4040790063853225,-0.5458575792341247,0.8378779763143684,-0.2847121561205559,0.9586130544475097,-0.14385226024030748,0.9895991750318686,-0.07211388551496663,0.9973964044029506,0.03608043512105518,-0.9993488891280539,0.9998372090315638,0.018043154823174902,-0.7006985247511319,-0.7134574811518816,0.925596424245438,-0.3785119012977785,1,0,0,0,99,11
1701765840,12,5,1,1004,18.8,0.0,81,0,1,0,0,0,0,0,-0.9660944251371497,0.2581890038691042,-0.6090201130220971,0.7931547780443311,-0.3215938602925038,0.9468777054203809,-0.1629759101518061,0.9866300485542645,-0.08176170083154903,0.9966519072761223,-0.0409151116574164,0.9991626262216082,0.020461839829201516,-0.9997906346384747,0.999947657289739,0.010231455456709277,-0.7034801150506284,-0.710714941258698,0.9248553782237248,-0.38031898371058337,1,0,0,0,99,12
1701765900,12,5,1,1005,18.9,0.0,81,0,1,0,0,0,0,0,-0.30472449023565196,0.9524405414778511,-0.1542067743682958,0.9880385977981455,-0.07733499273244457,0.9970051649309911,-0.03869647961384155,0.9992510107402922,-0.01935186373075997,0.9998127351510112,-0.009676384887673313,0.9999531826918227,0.004838249072617528,-0.9999882956044592,0.9999970738968338,0.002419131614937442,-0.706250971109089,-0.707961556729932,0.9241108041598507,-0.3821246153220622,1,0,0,0,99,14
1701765960,12,5,1,1006,18.9,0.0,81,0,1,0,0,0,0,0,0.6368077356795173,0.7710226376564607,0.33836176080013775,0.9410161097602051,0.17173219010976784,0.985143672202234,0.08618679654612434,0.9962789951118698,0.043133541983763984,0.9990693156913262,0.0215717907077017,0.9997673018486167,-0.010786522873087307,-0.9999418237699174,0.9999854558367129,-0.005393339878159504,-0.7090110506466594,-0.7051973695788437,0.9233627048941395,-0.3839287892442792,1,0,0,0,99,16
1701766020,12,5,1,1007,18.9,0.0,81,0,1,0,0,0,0,0,0.992861866200276,-0.11926992347320918,0.7480875361457405,0.6636000589688005,0.4101218971423006,0.9120307174017771,0.2097251565719083,0.9777603789788624,0.10545051213990769,0.9944245519341481,0.05279890181552981,0.9986051652014795,-0.026408661443933133,-0.9996512304802809,0.9999128038184832,-0.013205482189588585,-0.7117603115479215,-0.7024224219835282,0.9226110832803626,-0.3857314985948593,1,0,0,0,99,17
1701766080,12,5,1,1008,18.9,0.0,81,0,1,0,0,0,0,0,0.4360833757535898,-0.8999062670030438,0.9746553921779337,0.22371156988067947,0.623012211003653,0.7822121099422712,0.329990825673782,0.9439841391523142,0.16735570030280691,0.9858965815825497,0.08397445569174683,0.9964679075571249,-0.04202435271884079,-0.999116586679734,0.9997791222764492,-0.021016818506448383,-0.7144987118625367,-0.6996367562862716,0.9218559421857278,-0.38753273649701414,1,0,0,0,99,16
1701766140,12,5,1,1009,18.9,0.0,81,0,1,0,0,0,0,0,-0.5216281592594221,-0.8531729387806595,0.9625936159098136,-0.27094931372799275,0.7971666430954047,0.6037593420693411,0.44510709830930517,0.8954773425579625,0.22860736803746887,0.9735187061782538,0.11506800993705027,0.9933576159113731,-0.05762978435074598,-0.9983380228938926,0.9995844193698431,-0.028826872065031227,-0.7172262098058851,-0.6968404149929053,0.9210972844908689,-0.3893324960795687,1,0,0,0,99,18
1701766260,12,5,1,1011,18.9,0.0,81,0,1,0,0,0,0,0,-0.558714049540841,0.8293603624756096,0.29209556443430496,-0.9563891369300495,0.9890371926601268,0.14766662295513935,0.6528144365150256,0.7575178621508338,0.3481968824165189,0.937421426614208,0.17688777994224478,0.9842310263891827,-0.08879463275113347,-0.996049955170217,0.9990120007212668,-0.044441224273094576,-0.7226483322727226,-0.6912158764549992,0.9195694308900767,-0.39292755282939934,1,0,0,0,99,20
1701766320,12,5,1,1012,18.9,0.0,81,0,1,0,0,0,0,0,0.3960081916851428,0.9182469777343475,-0.20217940333482604,-0.9793485022540106,0.9948237286710673,-0.10161569206079699,0.7421642985420401,0.6702179898880674,0.4060677345664961,0.9138429815586667,0.20755362974582411,0.9782236404725319,-0.10434644106884551,-0.994541009831302,0.9986343199167806,-0.05224456990299564,-0.7253428740612937,-0.6883877650339976,0.9188002408124406,-0.3947228362826266,1,0,0,0,99,19
1701766380,12,5,1,1013,18.9,0.0,81,0,1,0,0,0,0,0,0.9866423277611509,0.16290155637702694,-0.6469538019143921,-0.7625291982530986,0.9387569435836677,-0.3445800355119992,0.8199329349135815,0.572459590053307,0.4623529009029212,0.8866959992165598,0.23801680695219837,0.9712610357716817,-0.11987277469950863,-0.9927892615685571,0.998195687620558,-0.060044726793628274,-0.7280263480100251,-0.6855491496626525,0.9180275457911523,-0.39651661398820826,1,0,0,0,99,17
1701766440,12,5,1,1014,18.9,0.0,81,0,1,0,0,0,0,0,0.6701620578277746,-0.7422148046543147,-0.9333313464826719,-0.35901615238432194,0.8243227985396018,-0.5661200613013454,0.8849067920694658,0.4657681497798313,0.5168325890557641,0.8560864879729826,0.2682475647857939,0.9633500111519651,-0.1353698431114458,-0.990795138046197,0.9976961306044534,-0.06784121886361938,-0.7306987131724058,-0.6827000736547422,0.9172513487738087,-0.39830887910342766,1,0,0,0,99,15
1701766500,12,5,1,1015,18.8,0.0,82,0,1,0,0,0,0,0,-0.26246211746178244,-0.9649422971854211,-0.9911968263633165,0.1323965687141833,0.6586362544249356,-0.7524614836369312,0.9360719746998442,0.35180855330923155,0.5692940570086642,0.8221339773142914,0.2982163834246105,0.954498291594671,-0.1508338629176634,-0.9885591261008799,0.9971356793588524,-0.07563357025527759,-0.7333599287714313,-0.679840580483661,0.9164716527213651,-0.40009962479133804,1,0,0,0,99,15
1701766560,12,5,1,1016,18.8,0.0,82,0,1,0,0,0,0,0,-0.9537798323630459,-0.3005062917436509,-0.8063827539523806,0.5913939922996974,0.45199889806298343,-0.892018495407942,0.972630067242408,0.23235910202965793,0.6195324438519512,0.784971051068018,0.3278939988258263,0.9447145206537312,-0.16626105879951092,-0.9860817716228536,0.9965143680908102,-0.08342130536363722,-0.7360099542002259,-0.6769707137817569,0.9156884606081254,-0.40188884422078897,1,0,0,0,99,9
1701766620,12,5,1,1017,18.8,0.0,82,0,1,0,0,0,0,0,-0.7681967679707804,0.6402138124714641,-0.42413805979217184,0.9055975409837044,0.2172584394405608,-0.9761141175558584,0.9940105928902011,0.10928376467742497,0.6673515697601134,0.7447428296658603,0.3572514313016393,0.9340082520154359,-0.18164766442837085,-0.9833636794226833,0.9958322347219645,-0.09120394886548673,-0.7386487490226619,-0.6740905173396645,0.9149017754217292,-0.4036765305664521,1,0,0,0,99,8
1701766680,12,5,1,1018,18.8,0.0,82,0,1,0,0,0,0,0,0.12366286217291594,0.9923242899975806,0.061950423737127995,0.9980792278165047,-0.030990096672124958,-0.9995196916060495,0.9998799156913918,-0.015496909271697935,0.7125647020698184,0.7016064034515015,0.3862600138174404,0.9223899401694224,-0.19698992338515384,-0.980405513083597,0.99508932088622,-0.09898102574838,-0.7412762729739769,-0.6712000351056382,0.9141116001631415,-0.40546267700884736,1,0,0,0,99,10
1701766740,12,5,1,1019,18.8,0.0,82,0,1,0,0,0,0,0,0.9018274271353413,0.43209639163785063,0.5328712829390178,0.846196310449842,-0.27731181867183197,-0.9607799723271302,0.9901464468267132,-0.14003575913471147,0.7549952844669665,0.6557302192461807,0.41489141998468665,0.9098709302000424,-0.21228409007737442,-0.9772079947994803,0.9942856719272083,-0.10675206133962863,-0.7438924859613884,-0.6682993111848804,0.9133179378466407,-0.40724727673436906,1,0,0,0,99,11
1701766860,12,5,1,1021,18.8,0.0,82,0,1,0,0,0,0,0,0.017611506143138743,-0.9998449053985173,0.9999612255979022,0.008806094522619302,-0.7039864719855704,-0.7102133814997501,0.9247197903959204,-0.38064853769602863,0.8308575502744224,0.5564851580698138,0.47091126655145243,0.8821805818736359,-0.24271322391493633,-0.9700980831528419,0.9924963685457096,-0.12227411182903393,-0.749090819536935,-0.6624673154846834,0.9117201641635122,-0.4108118088098957,1,0,0,0,99,11
1701766920,12,5,1,1022,18.8,0.0,82,0,1,0,0,0,0,0,-0.8318249398218998,-0.5550380793155483,0.8817704007607503,-0.4716788741741842,-0.8578108399216532,-0.5139655269693756,0.8700475639208972,-0.49296778445990996,0.8639929931602194,0.5035038309387974,0.4982450045214717,0.8670362826718376,-0.25784076222366625,-0.9661874255732781,0.9915108233330784,-0.13002417934123234,-0.7516728608048957,-0.6595361326943231,0.9109160588919055,-0.41259172756229423,1,0,0,0,99,18
1701766980,12,5,1,1023,18.8,0.0,82,0,1,0,0,0,0,0,-0.9164853722719367,0.4000681972008891,0.5476914289995375,-0.8366804040973139,-0.9583006845706921,-0.2857617853236206,0.8017985362058291,-0.5975944338246381,0.8937545618973471,0.4485563321230467,0.5250922146999293,0.8510453372538523,-0.2729053524082549,-0.9620408871908336,0.9904647614102264,-0.1377663108476931,-0.7542434324698137,-0.6565948861940317,0.9101084787524044,-0.41437007240265816,1,0,0,0,99,24
1701767040,12,5,1,1024,18.8,0.0,82,0,1,0,0,0,0,0,-0.15853338004399595,0.9873536182198484,0.07951849401287635,-0.996833390848202,-0.9992080341070627,-0.03979075993115771,0.7210377105017316,-0.6928958219201651,0.9200260381967906,0.39185723042955,0.5514266812416906,0.8342233605065102,-0.2879033166650653,-0.9576594803233847,0.9893582466233818,-0.14550003380861354,-0.7568024953079283,-0.6536436208636119,0.9092974268256817,-0.4161468365471424,1,0,0,0,99,21
1701767100,12,5,1,1025,18.7,0.0,82,0,1,0,0,0,0,0,0.7451734706822545,0.6668706760619807,-0.4081233416125689,-0.9129267977395507,-0.9779894676681213,0.2086542621904108,0.6290253324825595,-0.7773848024596348,0.9427048325058154,0.3336279346370484,0.5772226889870805,0.8165867788046315,-0.3028309934562251,-0.9530442746285798,0.9881913465085038,-0.1532248761974051,-0.7593500102710887,-0.6506823817357417,0.9084829062056539,-0.4179220132179318,1,0,0,0,99,22
1701767160,12,5,1,1026,18.7,0.0,82,0,1,0,0,0,0,0,0.9637712690067693,-0.2667300902355814,-0.7958423494121124,-0.6055038851090959,-0.8959642529445848,0.4441261728894752,0.5271972245329658,-0.8497429531597998,0.9617023846179752,0.27409582889949297,0.6024550485723009,0.7981528139709504,-0.3176847384035387,-0.948196396842698,0.9869641322871612,-0.16094036652950375,-0.7618859384873512,-0.6477112139952867,0.9076649199994695,-0.41969559564326697,1,0,0,0,99,23
1701767220,12,5,1,1027,18.7,0.0,82,0,1,0,0,0,0,0,0.29628220726538684,-0.955100441659384,-0.9887113941033004,-0.14983250371767806,-0.7582323205052914,0.6519844692484331,0.41714238022021144,-0.9088411492797939,0.9769445094988235,0.2134933848157902,0.6270991210264171,0.7789394664592975,-0.33246092517820985,-0.9431170305055724,0.9856766788621846,-0.1686460338911467,-0.7644102412615711,-0.6447301629786113,0.9068434713274974,-0.42146757705746996,1,0,0,0,99,21
1701767280,12,5,1,1028,18.7,0.0,82,0,1,0,0,0,0,0,-0.6436073494603881,-0.7653558516929062,-0.9395094070026404,0.34252310017507853,-0.5733571748155426,0.8193055291449822,0.3005781685810014,-0.953757183235068,0.9883716869768853,0.1520572536331825,0.6511308418308941,0.7589654977774624,-0.3471559463861577,-0.9378074156716458,0.9843290648130953,-0.17634140796811468,-0.7669228800759939,-0.6417392741728861,0.9060185633233147,-0.4232379507009703,1,0,0,0,99,19
1701767340,12,5,1,1029,18.7,0.0,82,0,1,0,0,0,0,0,-0.9917672772396455,0.12805337870068162,-0.6602827505316636,0.7510171032342345,-0.3528334570061104,0.9356861394811389,0.17932353515205574,-0.9837901553383066,0.9959392941686522,0.09002734212919263,0.674526744418191,0.738250412166899,-0.3617662144487106,-0.9322688486072296,0.9829213723913093,-0.18402601907443744,-0.7694238165908427,-0.6387385932153945,0.9051901991336944,-0.4250067098203306,1,0,0,0,99,15
1701767460,12,5,1,1031,18.7,0.0,82,0,1,0,0,0,0,0,0.5291594227631156,0.8485224247484602,0.27520680882886944,0.9613850489654133,0.13895134226517336,0.9902992095739078,-0.06964477879242692,-0.9975718544480663,0.9993927792534991,-0.03484354712090696,0.7193203553080181,0.6946785058136941,-0.3907182451500736,-0.9205103219990785,0.9799260997644359,-0.19936107694447477,-0.7743904302561063,-0.6327080381406281,0.9035231148511443,-0.4285393575037022,1,0,0,0,99,13
1701767580,12,5,1,1033,18.7,0.0,82,0,1,0,0,0,0,0,0.5513512376156806,-0.8342732242974464,0.9576724973333646,0.28786001433209996,0.5967160068524642,0.8024524952706235,-0.3142829177106008,-0.9493293673090029,0.9872510742736629,-0.1591707144719108,0.7613050356039657,0.6483938947615443,-0.41928874611564265,-0.9078529326828064,0.9766915922344183,-0.21464746366681534,-0.7793097791208626,-0.6266388658283113,0.9018422439175022,-0.43206546620372743,1,0,0,0,99,18
1701767640,12,5,1,1034,18.7,0.0,82,0,1,0,0,0,0,0,-0.40412036662142653,-0.9147058157034773,0.9784441260755459,-0.20651172399711681,0.7766954757165503,0.6298762878545608,-0.43018816356650214,-0.9027392447031869,0.9753817828684281,-0.22052296399333682,0.7811923463505441,0.6242904115900961,-0.4334221893315477,-0.9011909929615631,0.9749848698727491,-0.22227123862348555,-0.7817516353112047,-0.6235899138763048,0.900996646463322,-0.43382605161729004,1,0,0,0,99,18
1701767700,12,5,1,1035,18.8,0.0,81,0,1,0,0,0,0,0,-0.9880455694833501,-0.15416209853372645,0.7596585083225641,-0.6503221899436746,0.908383781763984,0.41813742361592404,-0.5393804670101041,-0.8420621781127342,0.9597036464744557,-0.28101407605960405,0.8003168360279583,0.5995773194261087,-0.4474498187360742,-0.8943090403842815,0.9732186394598804,-0.22988144728937843,-0.7841815629334122,-0.6205314467094402,0.9001476119807906,-0.43558498211632585,1,0,0,0,99,17
1701767760,12,5,1,1036,18.8,0.0,81,0,1,0,0,0,0,0,-0.6635662323678801,0.7481175410729898,0.35488199371552387,-0.9349111030127383,0.9835931839466808,0.18040079959254857,-0.6401559186664806,-0.7682450128678183,0.9402778878788489,-0.34040783417261544,0.8186598298965864,0.5742787501846923,-0.46136820968468756,-0.8872087550809822,0.9713930087974131,-0.23747762517658147,-0.7865995249097795,-0.6174635109961635,0.8992951437087169,-0.4373422509910497,1,0,0,0,99,25
1701767820,12,5,1,1037,18.8,0.0,81,0,1,0,0,0,0,0,0.27099283859415124,0.9625813635380046,-0.13678200989529898,-0.9906011718996715,0.9976475259077405,-0.06855227239241818,-0.7309419513177562,-0.6824396411432962,0.9171803642532085,-0.398472306977978,0.8362034163342009,0.5484194074893877,-0.4751739642018554,-0.8798918704844896,0.9695080893124332,-0.2450593086535486,-0.7890054843451814,-0.6143861535493991,0.898439244899008,-0.4390978515380148,1,0,0,0,99,25
1701767880,12,5,1,1038,18.8,0.0,81,0,1,0,0,0,0,0,0.9564023435002251,0.29205231953757416,-0.5949570070443855,-0.8037575254818999,0.9496729767351233,-0.3132430961075599,-0.8103218792885825,-0.5859850270665796,0.8905012709330009,-0.45498075395197785,0.8529304643263652,0.5220245425494965,-0.4888637118106147,-0.8723601729072392,0.9675639960507106,-0.2526260349733978,-0.7913994045276372,-0.6112994213258353,0.8975799188166576,-0.44085177706013884,1,0,0,0,99,24
1701767940,12,5,1,1039,18.8,0.0,81,0,1,0,0,0,0,0,0.7624999444675773,-0.6469882801774245,-0.9074657790179816,-0.4201260048024732,0.8426523615354298,-0.5384579812750141,-0.8770570053522787,-0.4803863126302549,0.8603447892067038,-0.5097125108184736,0.8688246401945774,0.4951199295027046,-0.5024341103554253,-0.8646155011051747,0.9655608476696781,-0.26017734230215483,-0.7937812489288705,-0.6082033614252083,0.8967171687397337,-0.44260402086672895,1,0,0,0,99,20
1701768060,12,5,1,1041,18.8,0.0,81,0,1,0,0,0,0,0,-0.9056167181092594,-0.4240971113801818,-0.8438296959043874,0.5366110735997806,0.4813465105307295,-0.8765303969628722,-0.9686409027505684,-0.2484648899111581,0.790083821474392,-0.6129988214054094,0.8980531224280135,0.4398870187869782,-0.529203638126677,-0.8484948493617914,0.9613778781940511,-0.27523185738410494,-0.7985085651964244,-0.601983447702632,0.8949814097797317,-0.4461034366026381,1,0,0,0,99,16
1701768120,12,5,1,1042,18.8,0.0,81,0,1,0,0,0,0,0,-0.8461722149944356,0.5329095444551641,-0.483265173349392,0.8754740271576206,0.2495255225847443,-0.9683682221029407,-0.9920605379972889,-0.12576123786178975,0.7502537030437737,-0.6611500442933549,0.9113588876763519,0.41161265511804,-0.5423962319568417,-0.8401228050463933,0.9591983124063536,-0.2827341462872912,-0.8008539649297153,-0.5988596887889135,0.8941084075180463,-0.4478505951827498,1,0,0,0,99,18
1701768180,12,5,1,1043,18.8,0.0,81,0,1,0,0,0,0,0,-0.008760879736830363,0.999961622756712,-0.004380481896321661,0.9999904056431521,0.002190246201668042,-0.9999976014079114,-0.999999400351798,-0.001095123757523013,0.7074938599583473,-0.7067194904070769,0.9237747264368832,0.38293635867655806,-0.5554564075260281,-0.8315456567971954,0.9569602020975573,-0.2902191785554537,-0.803187144616824,-0.5957267920131452,0.8932319945045478,-0.4495960453489637,1,0,0,0,99,19
1701768240,12,5,1,1044,18.8,0.0,81,0,1,0,0,0,0,0,0.8367051679479498,0.5476535966550325,0.4755767042996153,0.8796742569426005,-0.24528120908194284,-0.9694519732670104,-0.992333606522275,0.12358807938670624,0.6619712684902925,-0.7495292120346966,0.935288514853758,0.3538861313793629,-0.5683809763796802,-0.8227654986019294,0.9546636838703799,-0.297686497340802,-0.8055080686562991,-0.5925848051794772,0.8923521740824856,-0.45133978044291795,1,0,0,0,99,20
1701768300,12,5,1,1045,18.8,0.0,81,0,1,0,0,0,0,0,0.9129083428849631,-0.4081646205773236,0.8390961269655949,0.5439831704302425,-0.4775022667850685,-0.8786305168926932,-0.9691827786575381,0.24634273188720912,0.6138636933850995,-0.7894120381293944,0.9458890099079792,0.32449034028042,-0.5811667831696767,-0.8137844740102934,0.9523088978924573,-0.30513564687668543,-0.8078167016336953,-0.5894337762307631,0.891468949608107,-0.45308179381279323,1,0,0,0,99,14
1701768360,12,5,1,1046,18.8,0.0,81,0,1,0,0,0,0,0,0.14978779746606605,-0.9887181679984771,0.9971755532498972,0.07510603172023837,-0.6800345462841435,-0.7331800705557395,-0.930908177683422,0.36525328844807164,0.5633589936940424,-0.8262122271087713,0.9555658603960198,0.2947776898708828,-0.593810706424664,-0.8046047756106357,0.9498959878877886,-0.3125661725054107,-0.8101130083221139,-0.5862737532478276,0.8905823244506449,-0.45482207881333797,1,0,0,0,99,12
1701768420,12,5,1,1047,18.8,0.0,81,0,1,0,0,0,0,0,-0.7510469581613124,-0.6602487914692763,0.9111116263853942,-0.41215968296930966,-0.8402855713890695,-0.5421440385315928,-0.8781070659468562,0.4784641896048268,0.5106543891886044,-0.8597860750223938,0.964309617037597,0.2647771940496445,-0.606309659312119,-0.795228644494665,0.9474251011279639,-0.3199776207059917,-0.8123969536827399,-0.5831047844487336,0.889692301992305,-0.4565606288058938,1,0,0,0,99,10
1701768480,12,5,1,1048,18.8,0.0,81,0,1,0,0,0,0,0,-0.9613726040856847,0.2752502790434721,0.6019757972528995,-0.7985143326964996,-0.9482917095220488,-0.31740011602352985,-0.8116033871367004,0.5842088171092894,0.45595569022148996,-0.8900024767126464,0.9721117417027341,0.23451814779175792,-0.618660590391954,-0.7856583697103207,0.9448963884231754,-0.3273695391218304,-0.8146685028653773,-0.5799269181880462,0.8887988856282523,-0.4582974371584211,1,0,0,0,99,9
1701768540,12,5,1,1049,18.8,0.0,81,0,1,0,0,0,0,0,-0.28781671141059484,0.95768551238535,0.14545529831300405,-0.9893648246186414,-0.9973376621332019,-0.07292179160360307,-0.7324349089180564,0.6808370614164585,0.39947649404160285,-0.9167434377775656,0.9789646157490999,0.2040300985423896,-0.6308604843614832,-0.7758962877029344,0.9423100041130134,-0.334741476588326,-0.8169276212089802,-0.5767402029560944,0.8879020787665987,-0.4600324972455237,1,0,0,0,99,11
1701768660,12,5,1,1051,18.8,0.0,81,0,1,0,0,0,0,0,0.9905949860791541,-0.13682680130310884,-0.7539319602268857,-0.6569525092032494,-0.9102067098201511,0.4141542531453411,-0.541223496743563,0.8408787823299329,0.2820649018134543,-0.9593953257989984,0.9897967785861395,0.14248626986661125,-0.6547952848537429,-0.7558062813534336,0.9369648556251813,-0.3494236101400179,-0.8214084276838222,-0.5703404202140955,0.8860983072475919,-0.463497346155242,1,0,0,0,99,15
1701768720,12,5,1,1052,18.8,0.0,81,0,1,0,0,0,0,0,0.42008497191934335,-0.9074847747304219,-0.9765973517090915,-0.21507582996419908,-0.7794471854988634,0.6264679441263539,-0.4321643529223842,0.9017948614087224,0.22159099552021236,-0.9751396980455473,0.9937654899536277,0.11149058694448753,-0.6665243480382065,-0.7454832616982381,0.9342064176878251,-0.35673291010345676,-0.8236300474434674,-0.5671274503568591,0.8851913494710788,-0.46522712176051223,1,0,0,0,99,18
1701768780,12,5,1,1053,18.8,0.0,81,0,1,0,0,0,0,0,-0.5366492281020062,-0.8438054313510437,-0.96015765146955,0.27945891348188945,-0.6002254103743486,0.7998308925897678,-0.3163614289149613,0.9486387332883283,0.16025178113155528,-0.9870761706394112,0.9967638061846475,0.0803860353562382,-0.6780906888623977,-0.7349782429964299,0.9313909606058107,-0.36402043692873215,-0.8258390996219337,-0.5639058268324897,0.8842810149586188,-0.4669551226657173,1,0,0,0,99,13
1701768840,12,5,1,1054,18.8,0.0,81,0,1,0,0,0,0,0,-0.9999906026910859,-0.0043352657956364895,-0.708637871481491,0.7055723684372722,-0.3836845263772881,0.9234642300699232,-0.19562179061913934,0.9806794150154073,0.09828678696699936,-0.995158131910554,0.9987887994742818,0.049202988168636434,-0.6894914835700886,-0.7242937898976618,0.9285186562201273,-0.371285745822768,-0.8280355505118026,-0.5606755987989989,0.8833673071828612,-0.4686813422790591,1,0,0,0,99,9
1701768900,12,5,1,1055,18.8,0.0,81,0,1,0,0,0,0,0,-0.5439452288589227,0.8391207231391763,-0.2836188259449852,0.9589370999025891,-0.14328799687589133,0.9896810344506428,-0.07182953970810732,0.9974169224678923,0.03593798500269404,-0.9993540219731675,0.9998384924509477,0.017971895098076136,-0.700723948820762,-0.7134325108579214,0.9255896798414299,-0.37852839334855626,-0.830219366597936,-0.557436815545692,0.8824502296293236,-0.47040577401553435,1,0,0,0,99,13
1701768960,12,5,1,1056,18.8,0.0,81,0,1,0,0,0,0,0,0.4122008798541881,0.9110929890233121,0.21083999973521134,0.9775205852112047,0.10601748626711377,0.9943642655514137,0.05308358714605824,0.9985900724399912,-0.026551154023966794,-0.99964745596635,0.9999118601072672,-0.013276747223059479,-0.711785342369123,-0.7023970575027135,0.9226042102393402,-0.3857479374522218,-0.8323905145579873,-0.5541895264924167,0.8815297857963782,-0.4721284112969602,1,0,0,0,99,13
1701769020,12,5,1,1057,18.8,0.0,81,0,1,0,0,0,0,0,0.9893714005911104,0.1454105625200062,0.6536778401781698,0.7567729390378617,0.3487313156013798,0.937222742745251,0.1771683623770749,0.9841805583187596,-0.088936611362364,-0.9960372880366376,0.9990088308009688,-0.044512425025841795,-0.7226729637345795,-0.6911901239797044,0.9195624296315352,-0.39294393749000356,-0.8345489612629098,-0.5509337811888088,0.8806059791952382,-0.473849247551999,1,0,0,0,99,21
1701769080,12,5,1,1058,18.8,0.0,81,0,1,0,0,0,0,0,0.6569184183445477,-0.7539616645690269,0.9364725475338364,0.3507408840091023,0.5697627207842304,0.8218092491597738,0.29848848456869004,0.9544132357526728,-0.15097477313665228,-0.9885376158125377,0.9971302863248458,-0.07570463720097437,-0.7333841548605254,-0.6798144463009835,0.9164645236726252,-0.4001159542551487,-0.8366946737774624,-0.5476696293135358,0.8796788133499452,-0.4755682762161834,1,0,0,0,99,21
1701769140,12,5,1,1059,18.8,0.0,81,0,1,0,0,0,0,0,-0.2795023281934896,-0.9601450143256585,0.9899861146313261,-0.14116477194105753,0.7553690395896093,0.6552996368299553,0.41515079379066877,0.9097526138544355,-0.21242338165273203,-0.9771777253535908,0.9942780610456994,-0.10682292508260853,-0.7439163007632675,-0.6682728016751062,0.9133106814428227,-0.40726355000471987,-0.8388276193607123,-0.5443971206735393,0.8787482917973551,-0.47728549073194165,1,0,0,0,99,19
1701769200,12,5,1,1060,18.8,0.0,81,0,1,0,0,0,0,0,-0.9589499231814597,-0.2835754658468757,0.8011165538942744,-0.5985083684265092,0.8940101700837942,0.44804666697426215,0.5253348137263215,0.8508956066916382,-0.2730424814093603,-0.9620019767889353,0.9904549401131116,-0.1378369021907137,-0.7542668301704357,-0.6565680078290772,0.9101010954364018,-0.41438628848631254,-0.8409477654665337,-0.5411163052032749,0.8778144180871248,-0.4790008845486223,1,0,0,0,99,19
1701769260,12,5,1,1061,18.8,0.0,81,0,1,0,0,0,0,0,-0.7567433812205466,0.6537120581562608,0.4161057208473222,-0.9093162426120686,0.9770660782700596,0.21293632544487498,0.6273211595965519,0.7787606581758207,-0.33259535611924834,-0.943069631091952,0.985664656739794,-0.16871628390295948,-0.7644332161487226,-0.6447029223204439,0.9068359615499497,-0.4214837349646817,-0.843055079744106,-0.5378272329639502,0.8768771957816984,-0.4807144511225192,1,0,0,0,99,21
1701769320,12,5,1,1062,18.8,0.0,81,0,1,0,0,0,0,0,0.14120953553363158,0.9899797306381459,-0.07078230485740782,-0.9974917870935445,0.9993727500521375,-0.03541336546034254,0.7195183685842713,0.6944734100524143,-0.3908494530810973,-0.9204546186674317,0.9799118885561681,-0.19943091702713533,-0.7744129767207983,-0.6326804418396639,0.9035154790704097,-0.42855545624827607,-0.8451495300384058,-0.5345299541427608,0.8759366284562944,-0.48242618391689684,1,0,0,0,99,24
1701769380,12,5,1,1063,18.8,0.0,81,0,1,0,0,0,0,0,0.909335056539327,0.4160646042967595,-0.5403403537138608,-0.8414465533522493,0.9595432646192275,-0.28156122482308416,0.8004877340793812,0.5993491366377847,-0.44757729129292034,-0.8942452506549265,0.9732022530427389,-0.22995080924523129,-0.7842036754712488,-0.6205035015029201,0.9001398506629178,-0.43560102071567736,-0.8472310843906984,-0.5312245190521249,0.8749927196988913,-0.4841360764020149,1,0,0,0,99,25
1701769440,12,5,1,1064,18.8,0.0,81,0,1,0,0,0,0,0,0.8414221201762355,-0.5403784004548374,-0.8776042389525125,-0.47938585687583785,0.8600540264645697,-0.510202970945957,0.8689657562142357,0.4948722204034305,-0.5025573497604873,-0.8645438740756395,0.9655423020447212,-0.2602461584004272,-0.7938029221413925,-0.6081750741355538,0.8967092823584335,-0.44261999834194465,-0.8492997110390256,-0.5279109781289149,0.8740454731102137,-0.48584412205515315,1,0,0,0,99,28
1701769500,12,5,1,1065,18.8,0.0,82,0,1,0,0,0,0,0,-9.043305996889882e-05,-0.9999999959109308,-0.9999999989777327,4.521653003067279e-05,0.7070907945483271,-0.7071227674633418,0.9238838583564879,0.38267298868397953,-0.5555749325320665,-0.8314664721694975,0.9569395153742731,-0.29028738159839335,-0.8032083732128275,-0.5956981695462924,0.8932239835411643,-0.44961196072486087,-0.8513553784186897,-0.5245893819336888,0.87309489230372,-0.48755031436063667,1,0,0,0,99,28
1701769560,12,5,1,1066,18.8,0.0,82,0,1,0,0,0,0,0,-0.8415198425578914,-0.540226206862775,-0.8775608830339849,0.4794652193523661,0.5101640817656776,-0.8600770951933222,0.9643850618900425,0.2645022729644093,-0.6064230070815217,-0.795142211483081,0.9474022935065866,-0.32004514409448476,-0.8124177324795677,-0.5830758337924473,0.8896841669357861,-0.45657648111107996,-0.8533980551627359,-0.5212597811499177,0.8721409809055867,-0.48925464680986036,1,0,0,0,99,21
1701769620,12,5,1,1067,18.8,0.0,82,0,1,0,0,0,0,0,-0.9092597896756762,0.4162290653942189,-0.5402642569177518,0.8414954145431272,0.28151783731841296,-0.9595559948598954,0.9898373590797367,0.1422040877403048,-0.6549030127658962,-0.7557129374770241,0.9369399493769662,-0.34949038793862125,-0.8214287516086289,-0.5703111484362632,0.8860900485944595,-0.4635131344221741,-0.85542771010243,-0.517922226583213,0.8711837425546958,-0.49095711290131394,1,0,0,0,99,17
1701769680,12,5,1,1068,18.8,0.0,82,0,1,0,0,0,0,0,-0.14103047943200392,0.9900052544664494,-0.07069209833337335,0.9974981840751515,0.035368177256176046,-0.9993743503000143,0.9998435753406666,0.01768685528840119,-0.7008256362004742,-0.713332620622526,0.9255626992869057,-0.3785943603498829,-0.8302392306889271,-0.5574072297925984,0.8824418478836433,-0.47042149728057797,-0.857444312267735,-0.5145767691605511,0.8702231809026209,-0.49265770614060683,1,0,0,0,99,21
1701769740,12,5,1,1069,18.8,0.0,82,0,1,0,0,0,0,0,0.7568616032060743,0.6535751782253751,0.41618795139613596,0.9092786091802048,-0.21298050476486718,-0.9770564490294829,0.9942475670147458,-0.10710637462475603,-0.7440115505234969,-0.6681667551499565,0.913281652928043,-0.40732864179311246,-0.8388470187683545,-0.5443672281681216,0.8787397874707056,-0.4773011480354297,-0.8594478308877828,-0.5112234599294961,0.8692592996136125,-0.4943564200404926,1,0,0,0,99,23
1701769800,12,5,1,1070,18.8,0.0,82,0,1,0,0,0,0,0,0.9588986183026019,-0.28374890275974823,0.8011706755616272,0.5984359185578068,-0.448087090553942,-0.8939899100543045,0.973136657940267,-0.23022824538454828,-0.7842921156637201,-0.6203917127974276,0.9001088025337347,-0.43566517373010916,-0.8472500143789049,-0.5311943270922096,0.8749840933103326,-0.4841516667883063,-0.8614382353913443,-0.5078623500574214,0.8682921023645849,-0.4960532481208941,1,0,0,0,99,22
1701769860,12,5,1,1071,18.8,0.0,82,0,1,0,0,0,0,0,0.2793286659192636,-0.9601955511226682,0.9899988765454909,0.1410752438901522,-0.6553337913269267,-0.7553394084417124,0.9368402767926112,-0.3497574813769446,-0.8215100368762833,-0.5701940540829303,0.8860570111688442,-0.46357628601831524,-0.8554461660497157,-0.5178917425397342,0.8711749946307384,-0.49097263541885194,-0.8634154954072958,-0.5044934908307281,0.8673215928451016,-0.4977481839089279,1,0,0,0,99,28
1701769920,12,5,1,1072,18.8,0.0,82,0,1,0,0,0,0,0,-0.6570547737201031,-0.7538428379520655,0.9364408251331382,-0.35082557065294895,-0.8218350110128397,-0.5697255608391865,0.8859248164599484,-0.4638288688518717,-0.8555199789753223,-0.5177697997895051,0.8711400001691764,-0.4910347239302405,-0.8634334728079056,-0.504462722145928,0.8673127239196736,-0.4977636376102979,-0.8653795807650819,-0.5011169336540635,0.8663477747573614,-0.4994412209389292,1,0,0,0,99,27
1701769980,12,5,1,1073,18.8,0.0,82,0,1,0,0,0,0,0,-0.9893450845645446,0.14558950390730144,0.653609400212657,-0.7568320500306859,-0.9372385102071633,-0.3486889372845904,0.8211847956716535,-0.5706623619599464,-0.8861891338647598,-0.4633236655082782,0.8553723357428267,-0.518013674767241,-0.8712099846670839,-0.49091054441352094,0.8633975169102355,-0.5045242588748726,-0.8673304614951768,-0.4977327300495354,0.8653706518161843,-0.5011323527524763,1,0,0,0,99,32
1701770040,12,5,1,1074,18.8,0.0,82,0,1,0,0,0,0,0,-0.41203608725896307,0.9111675272946924,0.21075159869536877,-0.9775396481203953,-0.9943690582777592,-0.10597252445706083,0.7436304607992672,-0.6685908597726038,-0.9133977391510787,-0.40706826222845977,0.8387694147465261,-0.5444867940416647,-0.8787738031034109,-0.47723851791234084,0.8594296125664803,-0.5112540865790997,-0.8692681078295407,-0.49434093165592724,0.8643902277489974,-0.5028215728984153,1,0,0,0,99,33
1701770100,12,5,1,1075,18.8,0.0,81,0,1,0,0,0,0,0,0.5440969884707371,0.8390223281516855,-0.28370554440151013,-0.958911447463134,-0.9896745544529105,0.14333274667162774,0.6544720212997543,-0.7560862208345116,-0.9370395458129053,-0.34922326609598076,0.8213474496508711,-0.570428231201796,-0.8861230815190957,-0.46344998047157365,0.8554092530688377,-0.5179527099689828,-0.8711924902020743,-0.4909415902279095,0.8634065062958205,-0.5045088749328849,1,0,0,0,99,33
1701770160,12,5,1,1076,18.8,0.0,81,0,1,0,0,0,0,0,0.9999898022322627,-0.004516130144271112,-0.708701675652129,-0.7055082812610101,-0.9234468802429867,0.3837262818331512,0.5551007648016929,-0.8317831092998796,-0.9570222331011646,-0.2900145605828441,0.8031234527091224,-0.5958126548744814,-0.8932560256932167,-0.44954829836488014,0.8513366837993298,-0.5246197201950761,-0.8731035792490706,-0.48753475763525,0.862419491209252,-0.5061942524193405,1,0,0,0,99,30
1701770220,12,5,1,1077,18.8,0.0,81,0,1,0,0,0,0,0,0.5364966035106962,-0.8439024792127862,-0.9601829198680807,-0.2793720823446877,-0.7998037516618335,0.6002615753383321,0.44706734652715796,-0.8945003005416857,-0.9732677690496294,-0.22967335441700054,0.7841152193450273,-0.6206152776007853,-0.9001708942197546,-0.43553686548856846,0.847212153326594,-0.5312547103374385,-0.8750013458096617,-0.4841204858620225,0.8614291862544543,-0.5078776989285795,1,0,0,0,99,30
1701770280,12,5,1,1078,18.8,0.0,81,0,1,0,0,0,0,0,-0.4202490982977543,-0.9074087807487452,-0.9765778977502884,0.21516414577161172,-0.6264326995888658,0.7794755114086689,0.3320575918356115,-0.943259113766909,-0.9857127151880788,-0.16843527871721392,0.7643413107758908,-0.6448118800405224,-0.9068659989327317,-0.4214191025330233,0.8430359133907117,-0.5378572754304699,-0.8768857609262651,-0.4806988270058135,0.8604355952091398,-0.5095592080387649,1,0,0,0,99,24
1701770340,12,5,1,1079,18.8,0.0,81,0,1,0,0,0,0,0,-0.9906197172092625,-0.13664763399430246,-0.7538725469183444,0.6570206868910968,-0.414113096332936,0.9102254355079012,0.21186618948300692,-0.9772986840029769,-0.9943084742681662,-0.10653946685858495,0.7438210358878623,-0.6683788346220334,-0.9133397053183534,-0.4071984561475931,0.8388082188878436,-0.5444270124876276,-0.8787567958450243,-0.4772698332769275,0.8594387218635565,-0.5112387733354506,1,0,0,0,99,14
1701770460,12,5,1,1081,18.8,0.0,81,0,1,0,0,0,0,0,0.28798991956502257,0.9576334404295476,0.14554476900674315,0.989351666605345,0.07296688767740807,0.9973343638432762,-0.03650778106598482,-0.9993333687622155,-0.9998333283008262,0.018256933447111743,0.7006222472034728,-0.7135323865975222,-0.9256166556943328,-0.37846242442445843,0.8301995014526503,-0.5574664005908974,-0.8824586110948482,-0.4703900506011488,0.8574351434951651,-0.5145920468676383,1,0,0,0,99,11
1701770520,12,5,1,1082,18.8,0.0,81,0,1,0,0,0,0,0,0.9614223718109872,0.2750763948093979,0.6020480068859135,0.7984598909179464,0.3174429941596235,0.9482773568207633,-0.16081455652277984,-0.9869846393994092,-0.9967408488166343,0.08067019462165342,0.677985916291167,-0.7350748923142639,-0.9314169024433323,-0.36395405457676666,0.8258190039520665,-0.5639352557799668,-0.8842893349407667,-0.46693936663127533,0.8564284461153995,-0.5162657423114207,1,0,0,0,99,13
1701770580,12,5,1,1083,18.8,0.0,81,0,1,0,0,0,0,0,0.7509275292403622,-0.6603846196187226,0.9111488955211224,0.412077286671613,0.5421820327751498,0.8402610566578738,-0.2826118746108577,-0.959234344844333,-0.9897561176482652,0.1427684404125557,0.6546875436372088,-0.7558996098730821,-0.9369897571139938,-0.34935683056648387,0.8213881027159098,-0.5703696912676532,-0.8861065656194105,-0.46348155774116123,0.8554184817214208,-0.5179374683583139,1,0,0,0,99,13
1701770640,12,5,1,1084,18.8,0.0,81,0,1,0,0,0,0,0,-0.14996662063412206,-0.9886910602890983,0.9971687571041068,-0.07519620904973118,0.7332108186087175,0.6800013937302882,-0.3999991289176214,-0.916515519162193,-0.9789064100214568,0.2043091784989199,0.630749879707115,-0.7759862042906819,-0.9423338591737755,-0.33467431609649856,0.8169070681835537,-0.5767693143291786,-0.8879102754020753,-0.46001667669271595,0.8544052541659362,-0.5196072186311907,1,0,0,0,99,13
1701770700,12,5,1,1085,18.9,0.0,81,0,1,0,0,0,0,0,-0.9129821511040995,-0.40799949971210886,0.8390469294717993,-0.5440590502362271,0.8786521069900838,0.47746253767378066,-0.5111445306007976,-0.8594947753400776,-0.964234093812306,0.26505209361550275,0.6061962992234847,-0.7953150613484894,-0.9474479039368047,-0.3199100956921418,0.8123761738542502,-0.5831337343645359,-0.8897004367663691,-0.45654477635576124,0.8533887673141008,-0.5212749867604616,1,0,0,0,99,11
1701770760,12,5,1,1086,18.9,0.0,81,0,1,0,0,0,0,0,-0.8366061022818767,0.5478049193140986,0.47549715072011806,-0.8797172612021713,0.9694630630411277,0.24523737357693737,-0.6143136928406621,-0.7890619030142494,-0.9457964641016188,0.32475998597868444,0.5810507783409793,-0.8138673067456035,-0.9523306428823981,-0.30506777382607664,0.8077956962704359,-0.5894625629223299,-0.8914770223966318,-0.4530659097072247,0.8523690250435033,-0.5229407663840979,1,0,0,0,99,13
1701770820,12,5,1,1087,18.9,0.0,81,0,1,0,0,0,0,0,0.008941738771590156,0.9999600218547443,-0.004470914070731418,-0.9999900054137402,0.9999975013503134,-0.0022354626210036865,-0.7078966953662814,-0.7063159836004691,-0.9236655194388468,0.3831996975465474,0.555337871234014,-0.8316248245292307,-0.9569808839598706,-0.29015097403831797,0.803165915000854,-0.5957554137234852,-0.8932400051843528,-0.44958012983033113,0.8513460312441502,-0.5246045511476568,1,0,0,0,99,15
1701770880,12,5,1,1088,18.9,0.0,81,0,1,0,0,0,0,0,0.846268586435398,0.5327564918540488,-0.48334434316848646,-0.8754303204293443,0.9683569384347241,-0.24956930858045798,-0.7904332067228887,-0.6125482394960996,-0.8979276806892913,0.4401430224960407,0.5290826861200238,-0.8485702747846052,-0.9613974918795568,-0.27516333805159693,0.7984871126234903,-0.6020119026848236,-0.8949893582285835,-0.4460874899137928,0.850319789818452,-0.5262663347043051,1,0,0,0,99,18
1701770940,12,5,1,1089,18.9,0.0,81,0,1,0,0,0,0,0,0.9055399984980432,-0.42426089982481757,-0.8438782198353082,-0.5365347613040475,0.8765086312478753,-0.4813861437016818,-0.860635272255815,-0.5092218849864557,-0.8686834535624746,0.4953675983618349,0.5023108607417149,-0.8646871105671216,-0.9655793883899764,-0.26010852488228686,0.7937595747083266,-0.6082316479425061,-0.8967250548363489,-0.4425880432509977,0.8492903046812078,-0.5279261107148435,1,0,0,0,99,18
1701771000,12,5,1,1090,18.9,0.0,81,0,1,0,0,0,0,0,0.13226211205325097,-0.9912147767841303,-0.9978012770046274,-0.06627678030754695,0.7301632626705986,-0.683272719963432,-0.9174074122121076,-0.39794929327526646,-0.8360470361394945,0.5486577743569909,0.4750485373322441,-0.8799595940601451,-0.9695255525410729,-0.24499020994710669,0.7889835897999105,-0.6144142698753396,-0.8984470685230543,-0.43908184323919636,0.8482575797595906,-0.5295838728477311,1,0,0,0,99,20
1701771060,12,5,1,1091,18.9,0.0,81,0,1,0,0,0,0,0,-0.7626169502553196,-0.6468503591892605,-0.9074277820271045,0.4202080679917626,0.5384198789087553,-0.8426767078754944,-0.9598637163356823,-0.2804668359401033,-0.800145872931962,0.5998054534846681,0.4473223370877716,-0.8943728119427233,-0.9732350209334648,-0.2298120841658208,0.7841594493997445,-0.620559391127948,-0.9001553730128894,-0.4355689433786872,0.8472216189931319,-0.5312396147791093,1,0,0,0,99,20
1701771120,12,5,1,1092,18.9,0.0,81,0,1,0,0,0,0,0,-0.9563495054874062,0.2922252955409466,-0.5948843183590627,0.8038113259779768,0.3132001548706699,-0.9496871395301657,-0.9873416682005692,-0.15860778743465642,-0.7611201572139107,0.6486109051524434,0.4191593341723149,-0.9079126899521901,-0.9767068879536455,-0.2145778530601538,0.7792874479484941,-0.6266666366338032,-0.9018499422392295,-0.4320493972719999,0.8461824263337073,-0.5328933301928258,1,0,0,0,99,19
1701771180,12,5,1,1093,18.9,0.0,81,0,1,0,0,0,0,0,-0.2708187358060818,0.9626303612168046,-0.13669242624080422,0.9906135374647382,0.0685071621630242,-0.9976506245837613,-0.9994124835581556,-0.034273717454039475,-0.7191222835700614,0.6948835451160001,0.39058702928028716,-0.9205660066274445,-0.9799403059950755,-0.19929123584914057,0.7743678828080167,-0.6327356336381172,-0.9035307503450332,-0.428523258623078,0.8451400057455208,-0.534545012780459,1,0,0,0,99,15
1701771240,12,5,1,1094,18.9,0.0,81,0,1,0,0,0,0,0,0.6637015306307652,0.7479975121872929,0.35496653913623116,0.9348790061252026,-0.18044527407887062,-0.9835850258430133,-0.9958878013719752,0.0905951824243062,-0.6743162527982304,0.7384426797065248,0.3616333227825357,-0.9323204062194833,-0.9829344856651138,-0.18395596454113236,0.7694010542432121,-0.6387660117205939,-0.9051977716832366,-0.4249905812364588,0.8440943612050903,-0.5361946562413418,1,0,0,0,99,17
1701771300,12,5,1,1095,18.8,0.0,82,0,1,0,0,0,0,0,0.9880176706221142,-0.15434079997995195,0.7597173158418702,0.6502534890410232,-0.41817849715102334,-0.9083648741120011,-0.9768226231286827,0.2140503747812637,-0.6268770314897238,0.7791182114356151,0.33232648748210314,-0.9431644107565804,-0.9856886959777362,-0.1685757830226803,0.7643872654036958,-0.6447574028180366,-0.9068509808171452,-0.4214514190164529,0.8430454967012317,-0.5378422542825857,1,0,0,0,99,22
1701771360,12,5,1,1096,18.8,0.0,82,0,1,0,0,0,0,0,0.4039549207204277,-0.9147788924246957,0.9784627975617406,0.20642323945634647,-0.6299114066849614,-0.7766669941024745,-0.9425144545582509,0.33416538263076073,-0.5769898687885426,0.8167513032223337,0.30269514100631545,-0.953087431252331,-0.9882022645319962,-0.1531544461445194,0.7593268223052967,-0.6507094412468135,-0.9084903525208217,-0.4179058259663213,0.8419934162350443,-0.5394878006191052,1,0,0,0,99,21
1701771420,12,5,1,1097,18.8,0.0,82,0,1,0,0,0,0,0,-0.5515021203580569,-0.8341734898931801,0.9576464613554367,-0.28794661840940233,-0.8024794758775462,-0.5966797221251103,-0.8934986631565573,0.44906585144881017,-0.5248495729974398,0.8511949986486088,0.2727682178621542,-0.9620797780456174,-0.9904745776761807,-0.13769571880487538,0.754220033811379,-0.6566217637251771,-0.9101158617794707,-0.41435385618745174,0.8409381238198955,-0.5411312889736409,1,0,0,0,99,21
1701771480,12,5,1,1098,18.8,0.0,82,0,1,0,0,0,0,0,-0.9999106553616806,0.013367172257978635,0.7023648723213674,-0.7118171015991323,-0.925153258006243,-0.37959379499727586,-0.8305401239546696,0.5569587978489631,-0.47065975085566697,0.8823147958209029,0.2425749411822016,-0.9701326702623984,-0.9925050806576252,-0.12220337503031901,0.7490672116139909,-0.6624940093954363,-0.9117274837898209,-0.41079556387853294,0.8398796234814049,-0.5427727130767847,1,0,0,0,99,24
1701771540,12,5,1,1099,18.8,0.0,82,0,1,0,0,0,0,0,-0.5290059451500208,0.848618117881025,0.27511986671174343,-0.96140993282809,-0.9903054914590976,-0.1389065642291789,-0.7546212838998045,0.656160588488375,-0.4146320124590147,0.9099891725972279,0.2121447941887475,-0.9772382443900842,-0.9942932777581482,-0.10668119705439141,0.7438686702148408,-0.6683258198459823,-0.9133251939605034,-0.40723100333472756,0.8388179192574297,-0.544412066667002,1,0,0,0,99,23
1701771660,12,5,1,1101,18.8,0.0,82,0,1,0,0,0,0,0,0.9917904215356813,0.127873999507623,-0.6603506646064563,-0.7509573887736983,-0.935670184620013,0.35287576512584545,-0.568825208158954,0.8224584381978962,-0.29794425804343316,0.9545832698612249,0.15069294963397442,-0.9885806163033,-0.9971410673278129,-0.07556250292539285,0.7333357017510442,-0.6798667138030098,-0.9164787814791485,-0.4000832952005059,0.8366849153655472,-0.5476845373020377,1,0,0,0,99,27
1701771720,12,5,1,1102,18.8,0.0,82,0,1,0,0,0,0,0,0.6434689119906669,-0.7654722459381185,-0.9395403785729803,-0.3424381360639331,-0.8192796030855196,0.5733942203824812,-0.4618472580937981,0.8869594749430442,-0.2377399052083556,0.9713288513534034,0.1197312587560086,-0.9928063384551399,-0.9981999645499743,-0.05997358395518874,0.7280019175645037,-0.6855750929128083,-0.9180346107072457,-0.39650025667532157,0.8356136238344016,-0.5493176418633751,1,0,0,0,99,24
1701771780,12,5,1,1103,18.8,0.0,82,0,1,0,0,0,0,0,-0.29645494772964054,-0.9550468386244814,-0.9886978402485972,0.14992191530179746,-0.6519501839474403,0.7582618002055086,-0.3476623360349028,0.9376198057329816,-0.17660718313112056,0.9842814144676769,0.08865265233573967,-0.9960626020656727,-0.9990151655669879,-0.044370023294603905,0.7226236998931754,-0.6912416280525198,-0.9195764318566781,-0.3929111680440506,0.8345391446912633,-0.5509486509448723,1,0,0,0,99,25
1701771840,12,5,1,1104,18.8,0.0,82,0,1,0,0,0,0,0,-0.9638194956793541,-0.2665557723036503,-0.7957875885887045,0.6055758530920589,-0.4440856600409099,0.8959843338731037,-0.2280522595008612,0.9736488930495181,-0.11478481378318722,0.9933903797222716,0.057487478104924564,-0.9983462274487422,-0.9995864713592172,-0.028755630329187164,0.7172013769957456,-0.6968659733660458,-0.9211042214011522,-0.38931608407176954,0.8334614820349437,-0.5525775583247253,1,0,0,0,99,24
1701771900,12,5,1,1105,18.9,0.0,82,0,1,0,0,0,0,0,-0.7450528441828046,0.6670054417882312,-0.40804078117987713,0.9129637018491565,-0.20861004068697586,0.9779989012900671,-0.10488350373136132,0.994484515035319,-0.05251421219384832,0.998620176802802,0.02626616832731819,-0.999654984682916,-0.9999137424505465,-0.013134217089039184,0.7117352798228563,-0.7024477855723373,-0.9226179560284792,-0.3857150596150367,0.8323806399763982,-0.5542043577891477,1,0,0,0,99,27
1701771960,12,5,1,1106,18.9,0.0,82,0,1,0,0,0,0,0,0.15871195626818388,0.9873249287532074,0.07960864038153331,0.9968261956713436,0.03983594061056201,0.9992062338855137,0.01992192403467051,0.9998015387779501,0.009961456270293016,0.9999503834635872,-0.004980789917915772,-0.9999875957889646,-0.9999968989424328,0.002490402681839968,0.7062257419969057,-0.7079867239863471,-0.9241176126409308,-0.3821081496210549,0.831296622638711,-0.5558290431323939,1,0,0,0,99,30
1701772020,12,5,1,1107,18.9,0.0,82,0,1,0,0,0,0,0,0.9165577160638908,0.39990242950467825,0.5477670903291479,0.8366308712642267,0.285805116063178,0.9582877624347049,0.1444164768392013,0.9895169939002323,0.07239822546087599,0.9973758052760836,-0.03622288450632025,-0.9993437359777875,-0.9998359205334112,0.018114414456621736,0.7006730997916855,-0.713482450539823,-0.9256031683555925,-0.37849540912683277,0.8302094341570785,-0.5574516081567831,1,0,0,0,99,29
1701772080,12,5,1,1108,18.9,0.0,82,0,1,0,0,0,0,0,0.831724538632928,-0.5551885191859097,0.8818130525190443,0.47159913104992585,0.5140043136735694,0.8577875993070563,0.2666574588239974,0.9637913672852274,0.13455228113037063,0.9909064959130168,-0.06742960806271654,-0.9977240339675638,-0.9994308465240513,0.033734003856911096,0.6950776921118563,-0.7189346298019421,-0.9270746005047118,-0.3748768932583455,0.8291190786787943,-0.5590720466727229,1,0,0,0,99,34
1701772140,12,5,1,1109,18.9,0.0,82,0,1,0,0,0,0,0,-0.01779234392291962,-0.9998417037200081,0.9999604251469175,-0.008896524040091641,0.710245212599174,0.7039543578812153,0.3847373403497409,0.923026098732104,0.19618091302149665,0.9805677178890053,-0.09857048775113843,-0.9951300713698198,-0.9987817758073632,0.04934535758397232,0.6894398604722632,-0.724342928999784,-0.9285318866360444,-0.3712526572296931,0.8280255603632333,-0.560690352498733,1,0,0,0,99,37
1701772260,12,5,1,1111,18.9,0.0,82,0,1,0,0,0,0,0,-0.9017492607873273,0.43225949459729496,0.5327947566383818,-0.8462444961703725,0.9607925104231331,0.2772683752518736,0.6011370994823587,0.7991459113490706,0.3169022630488218,0.9484581992236323,-0.1605331753507164,-0.9870304451291338,-0.9967523376268385,0.08052811580704633,0.6780383042988625,-0.7350265695221657,-0.931403932115966,-0.3639872459838629,0.8258290519180901,-0.5639205413957435,1,0,0,0,99,38
1701772320,12,5,1,1112,18.9,0.0,82,0,1,0,0,0,0,0,-0.12348338230693397,0.9923466401888201,0.061860164125145584,-0.9980848261016746,0.99952109184891,0.030944901828293042,0.6960801312247417,0.717964101410472,0.375523566896625,0.926812845565509,-0.1912944777489552,-0.9815326906337631,-0.9953724656212274,0.09609190747986249,0.6722752756572777,-0.7403012587723536,-0.9328186476406745,-0.3603461816279218,0.8247260701675199,-0.5655324121445553,1,0,0,0,99,37
1701772380,12,5,1,1113,18.9,0.0,82,0,1,0,0,0,0,0,0.7683125483936604,0.6400748612317464,-0.42421995401457346,-0.9055591811780571,0.9761042928852575,-0.21730257571177444,0.780161065329389,0.6255787017986728,0.43267845925197573,0.901548307579431,-0.2218689843359916,-0.9750764861228659,-0.9937495877037801,0.11163223969161885,0.6664712147979015,-0.7455307638493595,-0.9342191295005041,-0.3566996188325974,0.823619942337665,-0.5671421255591065,1,0,0,0,99,37
1701772440,12,5,1,1114,18.9,0.0,82,0,1,0,0,0,0,0,0.9537254653559767,-0.30067879328533587,-0.8064362322233966,-0.5913210662215004,0.8919980566743126,-0.45203923158200526,0.8520678469411944,0.5234313557755185,0.48814375148335226,0.8727632427455679,-0.2522268396250011,-0.9676681359705837,-0.9918841000768648,0.12714531849308558,0.6606264759706935,-0.7507147655711474,-0.9356053563258249,-0.3530476132399514,0.8225106726480671,-0.5687496754988299,1,0,0,0,99,41
1701772500,12,5,1,1115,18.9,0.0,82,0,1,0,0,0,0,0,0.2622875878003373,-0.9649897519071797,-0.9912087953370823,-0.13230693121076506,0.7524317016217369,-0.658670277448905,0.9106783947829511,0.413116038511636,0.5417028528115594,0.8405700561260899,-0.28233839968547497,-0.9593148743051183,-0.9897764581725306,0.14262735658856207,0.6547414159083866,-0.7558529475329715,-0.9369773069645208,-0.349390220575096,0.8213982653302526,-0.570355055831411,1,0,0,0,99,43
1701772560,12,5,1,1116,18.9,0.0,82,0,1,0,0,0,0,0,-0.6702962883777479,-0.7420935829038108,-0.9332988757369771,0.35910055492590737,0.5660827877060443,-0.8243483956816764,0.9550781108583937,0.2963541836370153,0.5931466160920859,0.8050944614258054,-0.3121742610900157,-0.9500248579447291,-0.9874271765413207,0.1580745742604909,0.6488163938047147,-0.7609449961266882,-0.9383349604823131,-0.3457274966453434,0.8202827246277175,-0.571958260432812,1,0,0,0,99,43
1701772620,12,5,1,1117,18.9,0.0,82,0,1,0,0,0,0,0,-0.9866128482510428,0.16308000388142288,-0.6468848414202396,0.7625877011470297,0.3445375878282153,-0.9387725233375308,0.9845741524480345,0.17496782084496165,0.642274154530228,0.7664749900828343,-0.3417052896262844,-0.9398071584327378,-0.984836828726652,0.17348320029222167,0.6428517712924879,-0.7659906005598964,-0.9396782961630795,-0.34205949733935437,0.8191640547959104,-0.5735592831872943,1,0,0,0,99,43
1701772680,12,5,1,1118,18.9,0.0,82,0,1,0,0,0,0,0,-0.39584210544059495,0.9183185871800467,-0.20209083702626568,0.9793667819514931,0.1015707094799159,-0.9948283223630832,0.9987062436880735,0.050851143728124895,0.6888936261397238,0.7248624503063064,-0.37090264874606493,-0.9286717531793207,-0.9820060471247926,0.1888494728886995,0.6368479124215218,-0.7709894528749078,-0.9410072935091703,-0.33838627862628545,0.8180422601022167,-0.5751581179874429,1,0,0,0,99,42
1701772740,12,5,1,1119,18.9,0.0,82,0,1,0,0,0,0,0,0.5588640435925373,0.8292592964684801,0.29218205243607953,0.9563627179236129,-0.14771134363410798,-0.989030514676775,0.9972538580213102,-0.07405904847898395,0.7328229828816042,0.6804193381735325,-0.39973782772366406,-0.916629515718737,-0.9789355228304715,0.20416964059485318,0.6308051836364167,-0.775941247967542,-0.9423219322417212,-0.3347078965549349,0.8169173448259422,-0.576754758734189,1,0,0,0,99,40
1701772800,12,5,1,1120,18.9,0.0,82,0,1,0,0,0,0,0,0.9997531682802758,-0.022217167091024455,0.7149185852567496,0.6992077062321952,-0.3878094208292295,-0.9217395798793158,0.9802396594403116,-0.19781357400426822,0.7738906815578891,0.6333192030862999,-0.428182669496151,-0.9036922050915067,-0.9756260054681576,0.2194399632114593,0.6247239537541924,-0.7808456836057491,-0.9436221923009624,-0.3310244072528874,0.815789313258297,-0.5783491993368335,1,0,0,0,99,40
1701772860,12,5,1,1121,18.9,0.0,82,0,1,0,0,0,0,0,0.5214738406490854,-0.8532672696867566,0.9626181147492386,0.270862262333869,-0.6037953865615946,-0.7971393423780654,0.9479291488233879,-0.3184812848676784,0.8119363536841046,0.5837459700641716,-0.4562093981582516,-0.8898724543619079,-0.9720783030090497,0.23465671270825827,0.618604593941777,-0.785702460448056,-0.9449080538465253,-0.3273358669256578,0.8146581697023783,-0.5799414337130699,1,0,0,0,99,40
1701772920,12,5,1,1122,18.9,0.0,82,0,1,0,0,0,0,0,-0.43624613117504446,-0.8998273795761085,0.9746351572706857,-0.22379971003543722,-0.7822402795929897,-0.6229768414494085,0.9008265208821864,-0.4341792017995516,0.8468114317247825,0.5318932215212224,-0.4837906460850486,-0.8751837582820029,-0.9682932815738222,0.24981617413409918,0.6124474776933533,-0.7905112820618372,-0.9461794972577448,-0.32364233185583335,0.8135239184731551,-0.5815314557890083,1,0,0,0,99,40
1701772980,12,5,1,1123,18.9,0.0,82,0,1,0,0,0,0,0,-0.9928834218489483,-0.11909034644975776,0.7480275217028307,-0.6636677081003122,-0.9120492607585163,-0.4100806578587241,0.8396667963718477,-0.5431018975023361,0.8783797292465076,0.4779634413308532,-0.5108994806560028,-0.8596404601142426,-0.9642718652211737,0.2649146465238922,0.6062529808075618,-0.7952718549414068,-0.9474365031339586,-0.31994385840221495,0.8123865638974511,-0.5831192594991976,1,0,0,0,99,39
1701773040,12,5,1,1124,18.9,0.0,82,0,1,0,0,0,0,0,-0.636668273391427,0.771137801989229,0.33827666045026744,-0.9410467050017307,-0.9851514363288851,-0.17168764515577298,0.7654043523379563,-0.6435496697397284,0.9065179727230256,0.4221672241305995,-0.5375094305542,-0.8432577376255137,-0.9600150357222312,0.27994844380214573,0.6000214813645651,-0.7999838885259333,-0.9486790522948035,-0.31624050299895706,0.8112461103139285,-0.5847048387866493,1,0,0,0,99,39
1701773100,12,5,1,1125,18.9,0.0,82,0,1,0,0,0,0,0,0.30489674947599804,0.9523854115634964,-0.1542961250914999,-0.9880246483675132,-0.997001667091764,0.07738007376736837,0.6791980293819437,-0.7339550646215912,0.9311162829157246,0.364722452954578,-0.5635945116151425,-0.8260515882663074,-0.9555238323208656,0.2949138956828693,0.5937533597029707,-0.8046470952171733,-0.9499071257805084,-0.3125323221547067,0.8101025620730707,-0.5862881876028603,1,0,0,0,99,39
1701773160,12,5,1,1126,18.9,0.0,82,0,1,0,0,0,0,0,0.9661411069785915,0.25801426589663984,-0.6090918379453792,-0.7930996992486631,-0.9468631630939771,0.32163667448795147,0.5823930483410875,-0.8129073361976602,0.9520786039497107,0.30585344840490175,-0.5891292521998455,-0.8080388135494797,-0.9507993514799744,0.3098073485656209,0.5874489983966179,-0.8092611903970253,-0.9511207048521826,-0.30881937245174135,0.8089559235371669,-0.5878692999078361,1,0,0,0,99,39
1701773220,12,5,1,1127,18.9,0.0,82,0,1,0,0,0,0,0,0.739119786313062,-0.6735740059418368,-0.9147606260497434,-0.40399628343473853,-0.8378532936722092,0.5458954646107904,0.4765000185672659,-0.8791744606762615,0.9693230784099441,0.24579009268452884,-0.6140887180674593,-0.7892370026438601,-0.9458427466137963,0.32462516642748135,0.5811087822312268,-0.8138258924449017,-0.9523197709921026,-0.3051017105451052,0.8078061990802946,-0.5894481696701139,1,0,0,0,99,44
1701773280,12,5,1,1128,18.9,0.0,82,0,1,0,0,0,0,0,-0.16744485726316327,-0.9858814430630688,-0.9964641095049708,0.08401951242696915,-0.6767497645263835,0.7362131187458456,0.363171365373259,-0.9317223617435201,0.9827823669926928,0.18476693191217952,-0.6384485367231334,-0.7696645151987259,-0.9406552278063217,0.33936373171073697,0.5747330981809134,-0.8183409227549167,-0.9535043059039945,-0.301379393161745,0.8066533930883032,-0.5910247908667855,1,0,0,0,99,47
1701773340,12,5,1,1129,18.9,0.0,82,0,1,0,0,0,0,0,-0.9200614712831593,-0.39177402805733347,-0.834198426052619,0.5514644013636177,-0.47356921280652436,0.8807566069475771,0.2441755444884099,-0.9697310469783819,0.9924039114640726,0.12302226022476213,-0.6621849212173432,-0.7493404634159169,-0.935238061515868,0.3540194462060546,0.5683223353845709,-0.8228060057528914,-0.9546742915133128,-0.29765247709964426,0.8054975099587969,-0.5925991574835201,1,0,0,0,99,46
1701773400,12,5,1,1130,18.9,0.0,82,0,1,0,0,0,0,0,-0.8267778116862851,0.5625286215858156,-0.46769187421537717,0.8838915718530796,-0.24094442112956296,0.9705389152046093,0.12136944589844409,-0.9926074035600907,0.9981501398988257,0.060797189243867816,-0.6852746933734428,-0.7282846933870942,-0.9295925702658919,0.36858873193093256,0.561876885122118,-0.8272208689131738,-0.9558297099675166,-0.2939210192269568,0.8043385541011188,-0.5941712635145877,1,0,0,0,99,48
1701773460,12,5,1,1131,18.9,0.0,82,0,1,0,0,0,0,0,0.02664155509373045,0.9996450507766182,0.01332195975413766,0.9999112587566504,0.0066611276578957485,0.9999778144430631,-0.003330582301704925,-0.9999944535953845,0.9999986133978848,-0.0016652934599518964,-0.7076953064207618,-0.7065177657143691,-0.9237201323221144,0.38306803200321415,0.5553971407906174,-0.8315852427752713,-0.9569705436363418,-0.29018507648113867,0.803176529936333,-0.5957411029628816,1,0,0,0,99,49
1701773520,12,5,1,1132,18.9,0.0,82,0,1,0,0,0,0,0,0.8555667989843964,0.5176924303827453,0.4910741133562503,0.8711177963922977,0.253852519790234,0.9672429364932829,-0.12797863787897792,-0.9917769246391254,0.9979421137117938,-0.06412127322844811,-0.7294248670111433,-0.6840609354332229,-0.9176221813560369,0.3974538115094489,0.5488834978802656,-0.8358988609602985,-0.9580967751120705,-0.2864447058680798,0.8020114418972087,-0.5973086698399414,1,0,0,0,99,49
1701773580,12,5,1,1133,18.9,0.0,82,0,1,0,0,0,0,0,0.8978878735372546,-0.44022422304406095,0.8485941972003052,0.529044316175847,0.48526059175671427,0.8743695775173811,-0.25062962961571295,-0.9680830484822521,0.9919886714278173,-0.12632686079719518,-0.7504421565974273,-0.6609361312573269,-0.9113002060949308,0.41174255836789153,0.5423363539502531,-0.8401614601872344,-0.9592083872097956,-0.28269996446123374,0.8008432944282027,-0.598873958165976,1,0,0,0,99,49
1701773640,12,5,1,1134,18.9,0.0,82,0,1,0,0,0,0,0,0.11469497798204223,-0.993400756002178,0.9983488258124457,0.05744233629398255,0.6864975104492431,0.7271321531516752,-0.3693696298075444,-0.9292825601375706,0.9821615346106695,-0.1880391446779491,-0.770726652153002,-0.6371659341655245,-0.9047557499583864,0.4259307841859259,0.5357561086045003,-0.8443727802889923,-0.9603053629676844,-0.2789509094007471,0.7996720919854422,-0.6004369619698862,1,0,0,0,99,50
1701773700,12,5,1,1135,18.9,0.0,83,0,1,0,0,0,0,0,-0.7739479513868687,-0.6332492151941991,0.9036728432331579,-0.42822353088416387,0.8450513389386954,0.5346851733103491,-0.4823457404650998,-0.8759809282485405,0.9684990780193187,-0.24901713972281062,-0.7902585462121908,-0.6127735553518892,-0.8979904106815086,0.4400150251117062,0.5291431634672671,-0.8485325642282995,-0.9613876856472365,-0.2751975978925875,0.7984978390367088,-0.6019976752892874,1,0,0,0,99,50
1701773760,12,5,1,1136,18.9,0.0,83,0,1,0,0,0,0,0,-0.9510267034945383,0.30910873368494685,0.587746231938178,-0.8090453428841139,0.9510639681125854,0.3089940590981371,-0.5877950071674065,-0.8090099069535975,0.9510546532543747,-0.3090227281660707,-0.8090187662119065,-0.587782813560387,-0.8910058399248534,0.45399184267980686,0.5224979221586403,-0.8526405581133842,-0.9624553387335394,-0.27144008720767066,0.7973205400614205,-0.6035560921705327,1,0,0,0,99,45
1701773880,12,5,1,1138,18.9,0.0,83,0,1,0,0,0,0,0,0.6768385302801764,0.7361315126580106,-0.36322753704942956,-0.9317004649183155,0.9827767968664898,-0.18479655716717844,-0.7696741379204508,-0.6384369361310566,0.9051068821225083,-0.42518411533648776,-0.8441516793019155,-0.5361044136469649,-0.8763858778092459,0.4816095858436764,0.5091121753387575,-0.8607001759740951,-0.964546571186196,-0.2639126977107249,0.794956822006933,-0.6066660128477922,1,0,0,0,99,50
1701773940,12,5,1,1139,18.9,0.0,83,0,1,0,0,0,0,0,0.9851307275152447,-0.17180643091946454,-0.7654431497242185,-0.6435035233316658,0.9065052463531763,-0.4221945503368881,-0.8432658389668374,-0.5374967207635373,0.8767829608185647,-0.48088630633262097,-0.8604900656987915,-0.509467218605564,-0.8687540557043645,0.4952437689635459,0.5023724868244946,-0.8646513080321876,-0.9655701186429154,-0.26014293375739844,0.7937704119445995,-0.608217504780404,1,0,0,0,99,52
1701774060,12,5,1,1141,18.9,0.0,83,0,1,0,0,0,0,0,-0.5661821813880273,-0.8242801328909335,-0.955060242312215,0.29641176352252496,0.5931223467706621,-0.8051123410812074,-0.9500295629824388,-0.3121599421120466,0.8099876363599776,-0.5864469532225202,-0.8906309429900019,-0.45472686679889496,-0.8528560449451288,0.5221461161404464,0.4888015363414653,-0.8723950126348862,-0.9675729979270004,-0.2525915550499599,0.7913885123787051,-0.6113135222412638,1,0,0,0,99,51
1701774120,12,5,1,1142,18.9,0.0,83,0,1,0,0,0,0,0,-0.9995173533267221,0.031065421270998466,-0.6960368448325855,0.718006065876535,0.3754956285520944,-0.9268241650595153,-0.9815355737464423,-0.1912796838930951,0.7717770675179119,-0.6358931970491998,-0.9044040018291604,-0.4266771630582074,-0.8445937375620919,0.535407712375248,0.481971102673569,-0.8761871125436759,-0.9685522991928923,-0.24881005552059607,0.790193031961367,-0.6128580359591461,1,0,0,0,99,49
1701774180,12,5,1,1143,18.9,0.0,83,0,1,0,0,0,0,0,-0.5139008801272689,0.8578495703819047,-0.26659935260432954,0.9638074419669898,0.134522410833679,-0.9909105514543152,-0.9977250501652034,-0.06741457018213824,0.730552725743371,-0.6828562915496429,-0.9172939255085152,-0.3982108163086213,-0.8361252347312038,0.5485385964958978,0.47511125197373627,-0.8799257345071508,-0.9695168215423472,-0.245024759455906,0.7889945371977889,-0.6144002118098976,1,0,0,0,99,49
1701774240,12,5,1,1144,18.9,0.0,83,0,1,0,0,0,0,0,0.4441936922858625,0.8959307806596738,0.22811095911894086,0.9736351423042602,-0.11481475884166603,-0.9933869191569467,-0.9983453608739179,0.05750252534912421,0.6864755912087755,-0.7271528468448447,-0.9292881272363391,-0.36935562345465606,-0.8274526039159754,0.5615355627853609,0.4682224029318968,-0.8836106503390961,-0.9704665502579407,-0.24123572461485038,0.7877930326598638,-0.6159400439105862,1,0,0,0,99,52
1701774300,12,5,1,1145,19.0,0.0,82,0,1,0,0,0,0,0,0.9938986325155377,0.11029736299542382,0.66697175240207,0.7450830030927507,-0.3570133029084836,-0.9340992996177523,-0.9833868261314447,0.18152231320453105,0.6397177841812235,-0.7686098858343324,-0.9403748948781896,-0.340139761102453,-0.8185779624148372,0.5743954382207205,0.4613049760078898,-0.8872416351312422,-0.9714014708479811,-0.2374430088134391,0.7865885229309665,-0.6174775263872204,1,0,0,0,99,53
1701774360,12,5,1,1146,19.0,0.0,82,0,1,0,0,0,0,0,0.6298177536088091,-0.7767429415444683,0.9425345992440989,0.3341085590459571,-0.5770144889662836,-0.8167339098647604,-0.9530828688694285,0.3027095060740904,0.5904618928965313,-0.8070655196680411,-0.9505434023936101,-0.31059175804579786,-0.8095034768442313,0.5871150832478255,0.4543593934058008,-0.8908184672669919,-0.9723215690467305,-0.233646669923849,0.7853810126059354,-0.619012653374772,1,0,0,0,99,52
1701774420,12,5,1,1147,19.0,0.0,82,0,1,0,0,0,0,0,-0.3133146634124747,-0.9496493677619796,0.9873321041478342,-0.15866731269864684,-0.7611397088244204,-0.6485879613827846,-0.9079063722055223,0.4191730183451789,0.5389002605560796,-0.8423695799188082,-0.959783720407574,-0.2807404674082379,-0.8002313626096637,0.5996913925477679,0.44738607904819305,-0.8943409284349475,-0.9732268308146225,-0.2298467658735407,0.7841705062910556,-0.6205454190171978,1,0,0,0,99,52
1701774480,12,5,1,1148,19.0,0.0,82,0,1,0,0,0,0,0,-0.9683870238169294,-0.2494525447915689,0.7903962755452384,-0.6125958925786359,-0.8979409481081247,-0.4401159548467677,-0.8485623002604958,0.529095475861036,0.48523423423072903,-0.8743842049868684,-0.9680868259063513,-0.2506150384684961,-0.7907638833648436,0.6121212957950017,0.4403854585502332,-0.8978088036422348,-0.9741172423384761,-0.22604335464437486,0.7829570086040404,-0.6220758174674632,1,0,0,0,99,52
1701774540,12,5,1,1149,19.0,0.0,82,0,1,0,0,0,0,0,-0.7331288204696695,0.6800897974508595,0.3999438726553643,-0.9165396329267108,-0.9789125683447707,-0.2042796699053643,-0.7759766974289126,0.6307615754366446,0.4296733786048162,-0.9029843784464503,-0.9754446110483287,-0.22024488819669533,-0.7811033504590462,0.6244017584069189,0.43335795919371384,-0.901221881227625,-0.9749927900317071,-0.22223649427172731,0.781740524174015,-0.623603842887563,1,0,0,0,99,49
1701774660,12,5,1,1151,19.0,0.0,82,0,1,0,0,0,0,0,0.9234931422524565,0.38361493220765563,-0.5551509109207803,-0.8317496414810336,-0.9570134903649565,0.2900434092674461,-0.5958005499882296,0.8031324328115028,0.3137415872884062,-0.9495084077593792,-0.9872964113576478,-0.15888925741002893,-0.7612126041422426,0.6485024065452537,0.4192240412087231,-0.907882813623337,-0.9766992407141866,-0.21461265849975275,0.7792986136583822,-0.6266527513305304,1,0,0,0,99,52
1701774720,12,5,1,1152,19.0,0.0,82,0,1,0,0,0,0,0,0.8217663090042067,-0.5698246514372669,-0.8859527784925297,-0.4637754567475154,-0.8555043707508208,0.5177955886508133,-0.49102159389846933,0.8711474010323434,0.25382336276203626,-0.9672505882738824,-0.9917788534431158,-0.12796368962740468,-0.7509872467716762,0.6603167082440802,0.4121184852417566,-0.9111302618846769,-0.977530117665097,-0.2107957994307797,0.7780731968879212,-0.6281736227227391,1,0,0,0,99,51
1701774780,12,5,1,1153,19.0,0.0,82,0,1,0,0,0,0,0,-0.03548867897301029,-0.9993700784317843,-0.999842507205956,0.017747134532308913,-0.7008041329314815,0.7133537462340508,-0.3785804100623468,0.9255684054228652,0.1929139634359509,-0.9812156759405307,-0.9952928403089542,-0.09691316747343799,-0.7405785466354794,0.6719698030888598,0.404987775686588,-0.9143220994509702,-0.9783460787091065,-0.20697572387725785,0.7768448120047072,-0.6296920978235085,1,0,0,0,99,50
1701774840,12,5,1,1154,19.0,0.0,82,0,1,0,0,0,0,0,-0.8601155391668699,-0.5100992641473664,-0.8689359194288628,0.4949246083256689,-0.5025312884161199,0.8645590229491764,-0.2602316055466972,0.96554622441113,0.1312512392110452,-0.9913491373908412,-0.9978349406066219,-0.06576801125607637,-0.7299890448685091,0.6834588461436152,0.3978323477649755,-0.917458131508903,-0.9791471113956531,-0.20315249012884015,0.7756134636946551,-0.6312081708403179,1,0,0,0,99,54
1701774900,12,5,1,1155,19.2,0.0,81,0,1,0,0,0,0,0,-0.8939561392767458,0.44815446115085755,-0.5252835133759399,0.8509272769017507,-0.2730134823577851,0.9620102070409,-0.13782197386320505,0.9904570175027536,0.06907598170582292,-0.9976114016747086,-0.9994026720183183,-0.03455863369182427,-0.7192213267457467,0.6947810325232604,0.39065263820735907,-0.9205381666512422,-0.9799332035019638,-0.1993261565233697,0.7743791566549844,-0.6327218359898094,1,0,0,0,99,54
1701774960,12,5,1,1156,19.2,0.0,81,0,1,0,0,0,0,0,-0.10589758762554134,0.9943770416371703,-0.053023383345603574,0.998593270966005,-0.026521020285755953,0.9996482558795381,-0.013261676373330016,0.9999120601031718,0.006630983970279104,-0.9999780147841181,-0.9999945036809248,-0.0033155102082415536,-0.7082780210511411,0.705933598078374,0.38344908522620447,-0.9235620168885179,-0.9807043430332401,-0.1954967814459897,0.7731418955942013,-0.6342330874978104,1,0,0,0,99,54
1701775020,12,5,1,1157,19.2,0.0,81,0,1,0,0,0,0,0,0.7795227177168391,0.6263739558469471,0.4322187201828797,0.901768805139917,0.22162039037516723,0.9751330178852311,0.11150556514086836,0.9937638094349258,-0.055839907615764274,-0.9984397351455234,-0.9996098576808663,0.027930850814794402,-0.6971617994358288,0.7169138200700257,0.3762221284892572,-0.926529497660497,-0.9814605182228414,-0.19166442332825234,0.7719016852320807,-0.6357419195993559,1,0,0,0,99,54
1701775080,12,5,1,1158,19.2,0.0,81,0,1,0,0,0,0,0,0.9482534313435556,-0.3175144562774626,0.811638606855743,0.5841598855290122,0.45598251856347943,0.8899887318188394,0.23453279960504517,0.972108206893358,-0.1180927455575532,-0.9930025697079937,-0.9982491096184343,0.05914993783600386,-0.685875375765888,0.7277190178344949,0.36897220909270734,-0.9294404278474482,-0.982201717532465,-0.1878291406472274,0.7706585302996481,-0.63724832653871,1,0,0,0,99,57
1701775140,12,5,1,1159,19.2,0.0,81,0,1,0,0,0,0,0,0.2451643132877585,-0.9694815415933105,0.9923410556843122,0.12352825265235788,0.6619938622629526,0.7495092569983235,0.35390022817291067,0.9352831809132257,-0.17988443385514805,-0.9836877504862063,-0.9959135882410196,0.09031126594670705,-0.6744215054597877,0.7383465534377157,0.3616997695342674,-0.9322946297811963,-0.982927929652321,-0.18399099192460988,0.7694124355391618,-0.6387523025693881,1,0,0,0,99,57
1701775260,12,5,1,1161,19.2,0.0,81,0,1,0,0,0,0,0,-0.9835714245347456,0.1805193974028589,0.6401096010048362,-0.7682836056440547,0.9402881488256817,0.3403794899490459,0.574291089105061,0.8186511741728115,-0.30112192366812857,-0.953585647483437,-0.98832829755184,0.15233901751777681,-0.651022650328782,0.7590583039259161,0.34708910676804877,-0.9378321555390166,-0.9843353482271722,-0.17630633065914494,0.7669114455591157,-0.6417529389651656,1,0,0,0,99,54
1701775320,12,5,1,1162,19.2,0.0,81,0,1,0,0,0,0,0,-0.3795240735526223,0.9251818619028498,0.19341424210376837,-0.9811171851269475,0.9952681008469395,0.09716690504758436,0.6718753957961311,0.7406641968691292,-0.3600942953803009,-0.9329159117704899,-0.9830859351477087,0.18314487193136209,-0.6390833779987701,0.7691374623340622,0.33975177531981915,-0.9405151413810577,-0.9850165332066914,-0.17245993537477364,0.7656565598800724,-0.6432495878837492,1,0,0,0,99,54
1701775380,12,5,1,1163,19.2,0.0,81,0,1,0,0,0,0,0,0.573455960388843,0.8192363892641181,-0.30063566882181647,-0.9537390600327005,0.988367102860243,-0.1520870473894794,0.7589753116503459,0.6511194024948576,-0.4176605065751025,-0.9086031593866647,-0.9768836060111421,0.21377188848552484,-0.6269880826277622,0.7790288468617593,0.3323937071743693,-0.9431407230264631,-0.9856826880458192,-0.1686109085639729,0.7643987534539721,-0.6447437830006688,1,0,0,0,99,54
1701775440,12,5,1,1164,19.2,0.0,81,0,1,0,0,0,0,0,0.9992032289764632,-0.03991124156186587,-0.7210794829843191,-0.6928523502298791,0.9200142254959646,-0.3918849638415085,0.8342316716121213,0.5514141076171752,-0.47359576242974594,-0.8807423311097222,-0.9697273666112869,0.2441901604183487,-0.6147397171086522,0.7887300426693371,0.3250153514302539,-0.9457087402232617,-0.9863338025798521,-0.16475930895815624,0.7631380310789642,-0.6462355186160244,1,0,0,0,99,54
1701775500,12,5,1,1165,19.3,0.0,81,0,1,0,0,0,0,0,0.5062876569049047,-0.8623646609559911,-0.9649778911861119,-0.26233122102030565,0.7944593196068335,-0.6073173713058496,0.8964701253543951,0.44310418001534946,-0.5276816369671445,-0.849442222877857,-0.9616242048944735,0.27436998480349767,-0.6023412717042151,0.798238681348974,0.3176171584242781,-0.9482190362329197,-0.9869698668735839,-0.16090519532799485,0.7618743975643212,-0.6477247890392976,1,0,0,0,99,57
1701775560,12,5,1,1166,19.3,0.0,81,0,1,0,0,0,0,0,-0.452106452059868,-0.8919639880655711,-0.9726160568450356,0.23241774021622025,0.6195087811257318,-0.7849897261162786,0.9447194626227086,0.32787975988441354,-0.579706926004678,-0.8148250609438855,-0.9525820334606059,0.3042818915546195,-0.5897957733170781,0.8075524415029093,0.31019957970401146,-0.9506714578399073,-0.9875908712214556,-0.15704862648252085,0.760607857730421,-0.6492115885893748,1,0,0,0,99,56
1701775620,12,5,1,1167,19.3,0.0,81,0,1,0,0,0,0,0,-0.9948359739965252,-0.10149573805034878,-0.7421238906174457,0.670262732795749,0.4060401871762517,-0.913855221792749,0.9782267686463986,0.2075388857627059,-0.6294684719020064,-0.7770260245843462,-0.9426096818366407,0.33389667220238495,-0.5771062847507447,0.8166690493101796,0.30276306800022723,-0.9530658553610499,-0.9881968061477051,-0.15318966126822994,0.7593384164087281,-0.6506959115945674,1,0,0,0,99,55
1701775680,12,5,1,1168,19.3,0.0,81,0,1,0,0,0,0,0,-0.6229178893619306,0.7822872254567869,-0.32993391349118173,0.9440040321568512,0.16732598101183924,-0.9859016259639831,0.9964691731217737,0.08395943674184847,-0.6767719568873076,-0.7361927182273159,-0.9317168878547055,0.36318540841606234,-0.5642759039618552,0.8255862790817391,0.29530807719927077,-0.9554020826546641,-0.9887876624065108,-0.14932835856818344,0.7580660784417752,-0.6521777523926344,1,0,0,0,99,55
1701775740,12,5,1,1169,19.3,0.0,81,0,1,0,0,0,0,0,0.32170803001899356,0.9468389215813312,0.16303539250522991,0.9866202211543537,-0.08179174422167067,-0.9966494421697013,0.9991620094283262,-0.04093017120840497,-0.721432661864018,-0.6924845950602783,-0.9199142881432699,0.3921195002417769,-0.551307763303866,0.8343019538038302,0.28783506231535605,-0.957679997129477,-0.9893634309821333,-0.14546477730110988,0.7567908486831451,-0.6536571053308035,1,0,0,0,99,58
1701775860,12,5,1,1171,19.3,0.0,81,0,1,0,0,0,0,0,0.7270804160280906,-0.6865523058212089,0.9183006876348315,0.39588362821591344,-0.5495982040473234,-0.8354291197390457,0.9579741958265487,-0.2868543883758398,-0.8021391364270415,-0.5971371750377631,-0.8936266488410479,0.4488111100241598,-0.5249708991819643,0.8511201765979232,0.2728367858281548,-0.9620603350616642,-0.9904696701721017,-0.1377310149137365,0.7542317332603212,-0.6566083250638327,1,0,0,0,99,61
1701775920,12,5,1,1172,19.3,0.0,81,0,1,0,0,0,0,0,-0.18487061956996106,-0.9827628676439799,0.9956813917222668,-0.09283623310976193,-0.739200998751274,-0.6734848798934681,0.9147362679738538,-0.40405143243560715,-0.8378697489573207,-0.5458702078170199,-0.8791672786839316,0.4765132695859477,-0.5116086054857034,0.859218618742037,0.2653124396423611,-0.9641624911657881,-0.9910001239065988,-0.13386095180113555,0.752947857358375,-0.6580801806006866,1,0,0,0,99,60
1701775980,12,5,1,1173,19.3,0.0,81,0,1,0,0,0,0,0,-0.9268524601099338,-0.3754257811980466,0.8292845655135657,-0.5588265467933469,-0.882843855614725,-0.46966661218712,0.8572241866008915,-0.5149433890307167,-0.8703284980485003,-0.49247162911648185,-0.863849416598889,0.5037501220265451,-0.4981214098859107,0.8671072949833097,0.2577719001527225,-0.9662057997609282,-0.991515456198472,-0.1299888461351046,0.7516611091892093,-0.659549525761673,1,0,0,0,99,63
1701776040,12,5,1,1174,19.3,0.0,81,0,1,0,0,0,0,0,-0.8166904232239494,0.5770760371166753,0.4598499553568124,-0.8879966320647492,-0.9715957575207781,-0.2366467493282453,0.7863354085020734,-0.6177998262672768,-0.8993886329800029,-0.4371499592432345,-0.8476880202182978,0.5304950710217605,-0.48451260508795824,0.8747842794145767,0.2502156275949039,-0.9681901361340594,-0.9920156591843848,-0.12611475699921215,0.7503714936613771,-0.6610163549416868,1,0,0,0,99,64
1701776100,12,5,1,1175,19.2,0.0,82,0,1,0,0,0,0,0,0.04433302241328026,0.9990168082288223,-0.022171961699155765,-0.9997541718414639,-0.999938541071766,0.01108666222395586,0.7031761293502661,-0.7110157038434368,-0.9249366745468137,-0.3801212281342382,-0.8306988708714603,0.5567220005827692,-0.4707855134863597,0.8822476978101924,0.24264408316483588,-0.970115379171517,-0.9925007252318552,-0.1222387435072919,0.7490790156943697,-0.6624806625452203,1,0,0,0,99,63
1701776160,12,5,1,1176,19.2,0.0,82,0,1,0,0,0,0,0,0.8645968916959479,0.5024661330574484,-0.49876540925697305,-0.8667370227056902,-0.9661099892625297,0.2581307588164473,0.6090440218832924,-0.7931364191664784,-0.9468728581933475,-0.32160813176404734,-0.8128985581744033,0.582405300557933,-0.4569434863536556,0.889495728083596,0.23505772899056523,-0.9719814113663893,-0.9929706469393719,-0.11836086480254095,0.7477836802185981,-0.6639424429863854,1,0,0,0,99,64
1701776220,12,5,1,1177,19.2,0.0,82,0,1,0,0,0,0,0,0.8899543660462135,-0.4560495876056486,-0.8532436895769135,-0.5215124219011238,-0.8722133975986393,0.4891255350617448,0.5054079861548763,-0.8628805059397694,-0.9651115235919032,-0.2618391625217956,-0.7943044638303991,0.6075198916406789,-0.4429899030222479,0.8965266007321475,0.22745702810404925,-0.9737881188256887,-0.9934254171365078,-0.11448118005661723,0.7464854921753729,-0.6654016906889337,1,0,0,0,99,64
1701776280,12,5,1,1178,19.2,0.0,82,0,1,0,0,0,0,0,0.0970919004884274,-0.9952754206045407,-0.9988181567744302,-0.04860339183359195,-0.7240868013690044,0.6897088545779327,0.39388522784059016,-0.9191596310157264,-0.9795814491444105,-0.20104771695330634,-0.7749347446570279,0.6320412498590158,-0.42892817005938433,0.9033385992691267,0.21984244441289458,-0.9755353912773044,-0.9938650288840292,-0.11059974846873663,0.745184456516887,-0.666858400086279,1,0,0,0,99,65
1701776340,12,5,1,1179,19.2,0.0,82,0,1,0,0,0,0,0,-0.7850364106161789,-0.6194496218473833,-0.8998471041925353,0.43620544365735325,-0.5309399948876741,0.8474094180670148,0.27621602228417635,-0.9610955774705798,-0.990226130101246,-0.13947118435257538,-0.7548083148563532,0.6559454305227779,-0.41476172043549425,0.9099300606427886,0.21221444267204273,-0.9772231220767315,-0.9942894754740018,-0.10671662926476969,0.7438805782061962,-0.6683125656215175,1,0,0,0,99,62
1701776460,12,5,1,1181,19.2,0.0,82,0,1,0,0,0,0,0,-0.23657352834172077,0.9716135886698729,-0.11913524107107658,0.9928780359817294,-0.05967396424853361,0.9982179210928167,0.029850283978409217,-0.9995543809850509,-0.9998885890400617,-0.014926804998878345,-0.7123646555658409,0.7018095165360476,-0.3861285300673549,0.9224449892909733,0.1969200481274402,-0.980419550317866,-0.9950928475066702,-0.09894556503990963,0.7412643135346223,-0.6712132429266017,1,0,0,0,99,63
1701776520,12,5,1,1182,19.2,0.0,82,0,1,0,0,0,0,0,0.6897634204403791,0.7240348222443372,0.37146007709824136,0.9284489275787703,0.18914422066406064,0.9819493183405064,-0.09500179382383689,-0.995477101278705,-0.9988686353266643,0.04755469861798596,-0.6900888715890201,0.7237246363838894,-0.3716687797058764,0.9283654012251559,0.1892545888147023,-0.9819280526660688,-0.9954717606908969,-0.09505773859589553,0.7399519371539937,-0.672659743631245,1,0,0,0,99,60
1701776580,12,5,1,1183,19.2,0.0,82,0,1,0,0,0,0,0,0.9819350614765846,-0.18921822069498487,0.7711090132708166,0.6367031409161632,0.4262023340409088,0.9046278629680171,-0.2183714004076345,-0.9758657343528404,-0.993948120968303,0.10985050215442702,-0.6671392275400889,0.7449330514061069,-0.3571182917423113,0.9340591660612584,0.1815775783773173,-0.9833766231869808,-0.9958354842008244,-0.0911684616877438,0.738636738081631,-0.6741036783434193,1,0,0,0,99,60
1701776640,12,5,1,1184,19.2,0.0,82,0,1,0,0,0,0,0,0.3713201354167654,-0.9285049041518709,0.9819635696276799,0.18907021955893671,0.6367612505645516,0.7710610285700272,-0.3383333943242765,-0.9410263090291437,-0.9851462604682474,0.17171734183077755,-0.6435381333569995,0.7654140519453434,-0.34248061846961253,0.939524893748256,0.17388948538043356,-0.9847651734673236,-0.9961840124864793,-0.08727779366103493,0.737318721334619,-0.6755450415549525,1,0,0,0,99,61
1701776700,12,5,1,1185,19.3,0.0,81,0,1,0,0,0,0,0,-0.5806848107146881,-0.814128460751279,0.952399196962933,-0.3048536856007493,0.8077294366310879,0.5895533539889544,-0.45301580878102127,-0.8915024828874439,-0.9724974249033886,0.23291362896206408,-0.6193086351077046,0.7851476386521404,-0.32775933346577607,0.9447612499071235,0.16619077906562166,-0.9860936187571451,-0.9965173402297486,-0.08338579388257615,0.7359978919407909,-0.6769838277674821,1,0,0,0,99,64
1701776760,12,5,1,1186,19.3,0.0,81,0,1,0,0,0,0,0,-0.9988108198402659,0.048753934918280305,0.6896542847984488,-0.7241387763813923,0.9284769185018528,0.37139010731211436,-0.5606290630567977,-0.8280670586710095,-0.9560510077059198,0.2932003933566516,-0.5944743924860635,0.8041145420139632,-0.31295803072140266,0.9497669561566046,0.15848192932223448,-0.9873618779749916,-0.9968354623444613,-0.0794925217394956,0.7346742549387094,-0.6784200314924761,1,0,0,0,99,58
1701776820,12,5,1,1187,19.3,0.0,81,0,1,0,0,0,0,0,-0.4986347674567973,0.866812187664263,0.25805795118125785,-0.9661294394811347,0.9914962025850463,0.13013562256135958,-0.6594938883108169,-0.7517099249582114,-0.9358712317830405,0.3523422164897279,-0.5690596557085522,0.8222962411715524,-0.29808032376227683,0.9545407904253104,0.15076340665872748,-0.9885698737128575,-0.9971383739764651,-0.07559803663833614,0.7333478153776475,-0.6798536472512536,1,0,0,0,99,57
1701776880,12,5,1,1188,19.3,0.0,81,0,1,0,0,0,0,0,0.45998379055440347,0.8879273125809357,-0.23671996897079078,-0.9715779208537356,0.992869055025318,-0.11921006489861569,-0.7480675320111867,-0.6636226092823331,-0.9120368987278785,0.4101081508076052,-0.5430892418343393,0.8396749820042292,-0.2831298447671764,0.9590815872500705,0.1430356821739413,-0.9897175322409093,-0.9974260705037014,-0.07170239800414888,0.7320185783175687,-0.6812846695750063,1,0,0,0,99,57
1701776940,12,5,1,1189,19.3,0.0,81,0,1,0,0,0,0,0,0.9956953728538205,0.09268616119729696,-0.67354058482125,-0.7391502422367515,0.9325101185072341,-0.36114384790776133,-0.8249678320721849,-0.5651796847429315,-0.8846410811009546,0.4662726215729745,-0.5165885105318475,0.8562337944664923,-0.26811024368112807,0.9633882380604645,0.13529922752834836,-0.9908047835119854,-0.997698547536275,-0.0678056652795864,0.7306865488291086,-0.6827130930048191,1,0,0,0,99,54
1701777060,12,5,1,1191,19.3,0.0,81,0,1,0,0,0,0,0,-0.3300761916986924,-0.9439542932121704,-0.9858890133306514,0.16740027895411294,0.6452130349915007,-0.7640027090770402,-0.9391492717020655,-0.3435093091336535,-0.819606402224157,0.5729269983454901,-0.4621000982766125,0.8868277731176133,-0.2378783584969287,0.9712949534301136,0.11980201703203151,-0.9927978025333541,-0.9981978267190713,-0.060009155412511284,0.7280141329028273,-0.6855621213965547,1,0,0,0,99,57
1701777120,12,5,1,1192,19.3,0.0,81,0,1,0,0,0,0,0,-0.9726510762098645,-0.232271143166327,-0.7849430371582153,0.6195679368857272,0.43613762914604876,-0.8998799744648526,-0.9746486480944947,-0.22374095013558368,-0.7822215000035424,0.6230004212937645,-0.4341656243337532,0.9008330648055067,-0.22267345507995925,0.9748930876782097,0.11204220705116075,-0.9937034486400381,-0.998424621250908,-0.05610949723514686,0.7266737566594609,-0.6869827154903001,1,0,0,0,99,55
1701777180,12,5,1,1193,19.3,0.0,81,0,1,0,0,0,0,0,-0.7209750468639425,0.6929610247333798,-0.39181562964398203,0.9200437556805056,0.1999452979185737,-0.9798070615382667,-0.9949389583130883,-0.10048118844274602,-0.741782039565109,0.6706410409292194,-0.40580719502664103,0.9139587082930004,-0.2074141891325177,0.9782532157608786,0.10427555859145843,-0.9945484442099537,-0.9986361810514262,-0.05220898289588839,0.7253306083765831,-0.6884006889537923,1,0,0,0,99,56
1701777240,12,5,1,1194,19.3,0.0,81,0,1,0,0,0,0,0,0.19356211562190795,0.9810880222467152,0.09724190905490493,0.9952607754369492,-0.04867866351416559,-0.998814491143613,-0.9997035788531551,0.024346548588937242,-0.6984459361364568,0.715662821651697,-0.37705250188024414,0.9261918866119744,-0.19210428598553647,0.9813745173510403,0.09650254568911575,-0.9953327376689265,-0.9988325028924836,-0.048307671911785734,0.7239846931778965,-0.6898160363778933,1,0,0,0,99,55
1701777300,12,5,1,1195,19.4,0.0,81,0,1,0,0,0,0,0,0.9301391616624073,0.36720721662564615,0.5624912369870102,0.8268032464334082,-0.2942760214208693,-0.9557204733690202,-0.9888681594047358,0.1487943658728041,-0.6523824162740731,0.7578899543709509,-0.347929623364445,0.9375206542714009,-0.17674748333229415,0.984256230427677,0.08872364276877669,-0.9960562811477264,-0.9990135837784505,-0.04440562381204457,0.7226360161976583,-0.6912287523634834,1,0,0,0,99,55
1701777360,12,5,1,1196,19.4,0.0,81,0,1,0,0,0,0,0,0.8115505520270061,-0.584282210498199,0.8900230925369855,0.45591544693166575,-0.5215767216183704,-0.8532043855172293,-0.9626017830643233,0.2709202968427898,-0.6037713570372523,0.7971575430373816,-0.3184669974758911,0.9479339489219124,-0.16134753031591095,0.9868976514618708,0.08093932461458155,-0.9967190304849884,-0.9991794209462554,-0.04050289813711804,0.7212845825806614,-0.6926388315214799,1,0,0,0,99,52
1701777420,12,5,1,1197,19.4,0.0,81,0,1,0,0,0,0,0,-0.0531738924849011,-0.9985852678454675,0.9996462543933898,-0.026596354586037207,-0.7164483074814391,-0.6976401814022622,-0.9213143278496927,0.3888186071921827,-0.5528025835720277,0.8333122485575808,-0.2886933939687737,0.9574216021579993,-0.14590818661404958,0.9892981355885594,0.0731500663411886,-0.9973209452299093,-0.9993300118654271,-0.03659955443779828,0.7199303974822143,-0.6940462684728598,1,0,0,0,99,56
1701777480,12,5,1,1198,19.4,0.0,81,0,1,0,0,0,0,0,-0.8690105054701593,-0.4947936351475211,0.864521149292347,-0.5025964409207844,-0.866774607646297,-0.4987000897730096,-0.8656500706905215,0.5006495332200912,-0.4996751278480393,0.8662128875802101,-0.2586378862616515,0.9659743494472848,-0.13043322152104356,0.9914570967639711,0.06535634336477557,-0.9978619886447151,-0.9994653542381334,-0.0326956522743077,0.7185734660681216,-0.6954510578486787,1,0,0,0,99,58
1701777540,12,5,1,1199,19.4,0.0,81,0,1,0,0,0,0,0,-0.8858828673734284,0.46390898384729823,0.5177311156153848,-0.8555433898544533,-0.9632090608622962,-0.2687532419763031,-0.7964776337023857,0.6046679907286713,-0.4445964514429511,0.8957309838139661,-0.22832982304775026,0.973583839177183,-0.11492641302767814,0.9933740079086988,0.057558631374022555,-0.9983421277069046,-0.9995854459992164,-0.028791251215390185,0.717213793514664,-0.6968531942900922,1,0,0,0,99,59
1701777660,12,5,1,1201,19.4,0.0,81,0,1,0,0,0,0,0,0.7904885981024289,0.6124767556977625,-0.4401836232200361,-0.8979077780311747,-0.9741426430536687,0.22593386418244757,-0.6221198179681919,0.7829220472634704,-0.32945254038823985,0.9441721366529173,-0.16707462905402884,0.9859442521392671,-0.08383241574931774,0.9964798673679431,0.04195314429251319,-0.9991195792716563,-0.9997798705894354,-0.020981190723403483,0.7144862457470414,-0.6996494869849461,1,0,0,0,99,59
1701777720,12,5,1,1202,19.4,0.0,81,0,1,0,0,0,0,0,0.9424842311061572,-0.334250615730526,-0.816777391867125,-0.576952937538875,-0.8879619748443272,0.4599168742616023,-0.519655234621185,0.8543760513560765,-0.26983694024718285,0.9629060315929266,-0.13618731293162617,0.9906831056379549,-0.06825281811780774,0.9976680574314172,0.034146321680254645,-0.9994168443225823,-0.9998542004518914,-0.017075650462248376,0.7131183809376422,-0.7010436325713798,1,0,0,0,99,62
1701777780,12,5,1,1203,19.4,0.0,81,0,1,0,0,0,0,0,0.22796420851960592,-0.9736695125318598,-0.9933955688777406,-0.11473989599990957,-0.7465721318130987,0.6653044806703509,-0.40908160514110703,0.9124978029207388,-0.20916763262902466,0.9778797990859456,-0.10516701220928161,0.9944545738961498,-0.0526565575396371,0.9986126811472378,0.026337414952517367,-0.9996531101205152,-0.9999132737694093,-0.013169849647676073,0.7117477957983699,-0.7024351038894354,1,0,0,0,99,62
1701777840,12,5,1,1204,19.4,0.0,81,0,1,0,0,0,0,0,-0.6961450560690602,-0.7179011498184169,-0.9267958647454188,0.3755654737736039,-0.5587640495890891,0.8293266768209027,-0.29212439403368673,0.9563803314636136,-0.1476815298816789,0.9890349668903556,-0.07404401768422757,0.9972549741391004,-0.0370474416181442,0.9993135078990728,0.01852690072471944,-0.9998283622450087,-0.9999570896406027,-0.00926384787740154,0.7103744955575902,-0.7038238956310728,1,0,0,0,99,64
1701777900,12,5,1,1205,19.4,0.0,81,0,1,0,0,0,0,0,-0.9802217665452432,0.1979022192673009,-0.6332842097876352,0.7739193172635314,-0.33621472509132366,0.9417853569852133,-0.1706086794609036,0.9853388648036809,-0.08561873392055926,0.9963279743146032,-0.04284872043245206,0.9990815718234931,-0.02142928109511514,0.9997703665901218,0.010715255710392443,-0.9999425899995764,-0.9999856473968954,-0.005357704752206081,0.7089984854540262,-0.7052100024984735,1,0,0,0,99,57
1701777960,12,5,1,1206,19.4,0.0,81,0,1,0,0,0,0,0,-0.36308710538401223,0.9317552006315066,-0.18472249371488758,0.9827907205075521,-0.09276119741693704,0.9956883851154316,-0.046430673506683055,0.9989215147136015,-0.02322159863573769,0.9997303423207684,-0.011611582132328728,0.9999325833076869,-0.0058058889204457365,0.9999831456848878,0.0029029566920853495,-0.9999957864123448,-0.9999989466025314,-0.001451479875027901,0.7076197707367382,-0.7065934192040612,1,0,0,0,99,52
1701778020,12,5,1,1207,19.4,0.0,81,0,1,0,0,0,0,0,0.587868166005303,0.8089567475443674,0.3090657312414566,0.9510406793466742,0.1564597722312763,0.9876843319974946,0.07847186757846851,0.9969163284843655,0.03926621649480961,0.9992287847345985,0.019636894680695103,0.9998071775934094,0.009818920678735457,0.9999517932364064,-0.004909519507735837,-0.9999879482364791,-0.9999969870545808,0.002454767149947358,0.7062383566651038,-0.7079741404705214,1,0,0,0,99,48
1701778080,12,5,1,1208,19.4,0.0,81,0,1,0,0,0,0,0,0.9983401566622914,-0.05759280853988199,0.7271838861456853,0.6864427111784778,0.39595283104274065,0.9182708508872743,0.20214988141565363,0.9793545963764285,0.1016006978902495,0.9948252601277343,0.050866196399306694,0.9987054771372125,0.025441333129256026,0.9996763168989281,-0.012721696055790868,-0.9999190759503811,-0.9999797687829443,0.006360976718196107,0.7048542485087977,-0.7093521610308227,1,0,0,0,99,48
1701778140,12,5,1,1209,19.4,0.0,81,0,1,0,0,0,0,0,0.49094281136548873,-0.8711918020554086,0.9672620642967986,0.2537796267872891,0.610827460586339,0.7917637358414722,0.3226734139641255,0.9465103633456615,0.16353843073470306,0.9865369641695291,0.0820458281403476,0.9966285577308953,0.041057534443173026,0.9991567839260501,-0.020533096137088695,-0.9997891737576603,-0.999947292050351,0.0102670892257663,0.7034674515477719,-0.7107274756282348,1,0,0,0,99,49
1701778260,12,5,1,1211,19.4,0.0,81,0,1,0,0,0,0,0,-0.9964767617559203,-0.08386932264204244,0.7361621161952178,-0.6768052442756178,0.9156432832374237,0.40199176342580833,0.5468126903127759,0.8372549681625688,0.28525868245982555,0.9584505642344233,0.14413437439690902,0.9895581246784909,0.0722560562219844,0.9973861149721533,-0.036151659905505625,-0.9993463150910582,-0.9998365654173331,0.01807878465137743,0.7006858123826336,-0.7134699659591066,1,0,0,0,99,50
1701778320,12,5,1,1212,19.4,0.0,81,0,1,0,0,0,0,0,-0.6089722936395112,0.7931914936378434,0.3215653171302501,-0.9468873992291383,0.9866325048439105,0.1629610394708834,0.6469308156708554,0.7625486999106625,0.3445658863623454,0.9387621370482149,0.17498266050066957,0.984571515190292,0.08783076001523608,0.9961354112745646,-0.043957870315993346,-0.9990333856469874,-0.9997583172064605,0.02198424837255722,0.699290980789629,-0.7148371312307991,1,0,0,0,99,49
1701778380,12,5,1,1213,19.4,0.0,81,0,1,0,0,0,0,0,0.3384184928294446,0.9409957086570837,-0.1717618865507076,-0.9851384949988209,0.996277695976082,-0.08620181262937314,0.7369538020220037,0.6759431142376653,0.40252756785239857,0.9154078638065289,0.2056600790059547,0.978623488325957,0.10338402118809999,0.9946415154029006,-0.05176139776464421,-0.9986594803542649,-0.99966481391371,0.02588937664115494,0.6978934816140803,-0.7162015696161085,1,0,0,0,99,49
1701778440,12,5,1,1214,19.4,0.0,81,0,1,0,0,0,0,0,0.9746688776878502,0.2236528087610497,-0.6230357899988372,-0.7821933292866443,0.9439791653650637,-0.33000505353202975,0.8154768707731783,0.5787896623420162,0.458917387804158,0.8884789424465883,0.23613667393419815,0.9717198522327791,0.11891204263492582,0.9929047920704127,-0.059561765964363605,-0.9982246220341424,-0.9995560569658268,0.029794109869717856,0.6964933201870217,-0.7175632759101171,1,0,0,0,99,49
1701778500,12,5,1,1215,19.5,0.0,80,0,1,0,0,0,0,0,0.71481319131587,-0.6993154520821212,-0.921768802922436,-0.38773995661904564,0.832988582340432,-0.5532901785595666,0.8812746956992373,0.47260439134673377,0.5135151451774652,0.8580805298300195,0.2663826854076486,0.9638673481942469,0.13441103341198044,0.9909256652731947,-0.06735849882088121,-0.9977288372281305,-0.9994320480223081,0.033698388476821044,0.6950905018496436,-0.7189222449183295,1,0,0,0,99,49
1701778560,12,5,1,1216,19.5,0.0,80,0,1,0,0,0,0,0,-0.2022384466219937,-0.979336311339431,-0.9948206650797496,0.10164568033263627,0.6702068037805061,-0.7421744001016999,0.933320523748862,0.35904428689111606,0.5661076368981803,0.8243313311075577,0.2963685787093853,0.9550736440472949,0.14987720966295234,0.9887046181866692,-0.0751511204618093,-0.9971721561963784,-0.999292788975378,0.03760215288797655,0.6936850319532718,-0.7202784714566918,1,0,0,0,99,49
1701778620,12,5,1,1217,19.5,0.0,80,0,1,0,0,0,0,0,-0.9333529894059777,-0.3589598823920647,-0.8243057328419064,0.5661449097218553,0.46575481225541016,-0.8849138121087995,0.9708021971825155,0.23988141642403288,0.6164894904116238,0.787363136177975,0.32606507312346794,0.9453473266947908,0.16530679554272595,0.9862421930476284,-0.08293915526568758,-0.9965546129158271,-0.9991382819499579,0.04150534353654243,0.6922769158593466,-0.7216319503516119,1,0,0,0,99,49
1701778680,12,5,1,1218,19.5,0.0,80,0,1,0,0,0,0,0,-0.8063470981079486,0.5914426069982534,-0.451972008536893,0.8920321202171627,0.23234444235104618,-0.9726335692893708,0.9931348270223361,0.11697527668406932,0.6644639656580071,0.7473203050513445,0.3554431705270587,0.9346978937205712,0.1806960241392001,0.9835389910218535,-0.09072212789101262,-0.9958762450781355,-0.9989685293036351,0.04540790086463162,0.6908661589394028,-0.7229826764399793,1,0,0,0,99,50
1701778740,12,5,1,1219,19.5,0.0,80,0,1,0,0,0,0,0,0.06201059653036232,0.9980754910917052,0.031020226532818423,0.999518756975502,-0.015511979636687254,-0.9998796820056656,0.9999699200490146,-0.007756223125155063,0.7098437233381567,0.7043592041262913,0.38447418370659736,0.9231357441152117,0.19604113839292545,0.98059567205735,-0.09849956330525031,-0.99513709408738,-0.9987835336266262,0.049309765324020774,0.6894527665750494,-0.7243306445691846,1,0,0,0,99,48
1701778860,12,5,1,1221,19.5,0.0,80,0,1,0,0,0,0,0,0.8817419622489547,-0.47173203411403275,0.8578263326903741,0.5139396685827857,-0.49298089791452077,-0.870040133724527,0.9669643565624658,-0.2549116182870771,0.7921210823753768,0.6103639822732511,0.44138193083017624,0.8973193362101507,0.2265840503983558,0.9739916160342836,-0.1140359240891141,-0.9934766268096809,-0.9983678247043223,0.05711117749757566,0.6866180970897957,-0.7270182863922942,1,0,0,0,99,47
1701778920,12,5,1,1222,19.5,0.0,80,0,1,0,0,0,0,0,0.07945839607244107,-0.9968381831037548,0.9992092331198094,0.03976063943301937,-0.6929066894492291,-0.7210272669715825,0.9276387408284494,-0.3734787363615347,0.8286973924061589,0.5596969106750838,0.46920309532489035,0.883090287194657,0.24177439153614155,0.9703324912612833,-0.12179390119935532,-0.9925554118691015,-0.998137117802234,0.06101060617179,0.6851968307822979,-0.7283579498336618,1,0,0,0,99,45
1701778980,12,5,1,1223,19.5,0.0,80,0,1,0,0,0,0,0,-0.795878853011907,-0.6054559037026985,0.8959508646412198,-0.4441531809507287,-0.8497508990729956,-0.5271844169971601,0.8738376328006137,-0.4862178436682676,0.8620376568538834,0.5068442346183551,0.4965660909595242,0.8679989155000009,0.2569057069237653,0.9664364737270631,-0.12954444463761627,-0.991573616462001,-0.9978911805557761,0.06490910389921796,0.6837729506571542,-0.7296948348108331,1,0,0,0,99,45
1701779040,12,5,1,1224,19.5,0.0,80,0,1,0,0,0,0,0,-0.9394887550204882,0.3425797413596621,0.5733324771196631,-0.8193228122540169,-0.9537617134939987,-0.3005637933500832,0.8064005807754863,-0.5913696841443247,0.8920116826993705,0.45201234267200896,0.523444198233198,0.8520599575945371,0.2719743024675887,0.9623045145884273,-0.13728708135067327,-0.9905313005121108,-0.9976300167176484,0.06880661119358068,0.6823464621460344,-0.7310289362239981,1,0,0,0,99,49
1701779100,12,5,1,1225,19.6,0.0,80,0,1,0,0,0,0,0,-0.21933702833760824,0.9756491521033712,0.11034230353003502,-0.9938936442354813,-0.9984722440397332,-0.05525556878957371,0.7263799173950136,-0.6872933984880206,0.9185024220131432,0.39541535220068236,0.549811171130288,0.8352889776001723,0.2869764993861237,0.9579376226039388,-0.14502133876788834,-0.9894285276370242,-0.9973536302728897,0.07270306858371212,0.6809173706905589,-0.7323602489839656,1,0,0,0,99,48
1701779160,12,5,1,1226,19.6,0.0,80,0,1,0,0,0,0,0,0.7024721506743378,0.7117112318398315,-0.37966351428611655,-0.9251246488554479,-0.9811026064728011,0.19348817941227325,0.6350243383476443,-0.7724921292195388,0.9414064290250888,0.33727427324097903,0.5756412627492147,0.8177023520942627,0.3019086351081543,0.9533368638876456,-0.15274674483005257,-0.9882653651443133,-0.9970620254388173,0.07659841661446647,0.6794856817422769,-0.7336887680121819,1,0,0,0,99,51
1701779220,12,5,1,1227,19.6,0.0,80,0,1,0,0,0,0,0,0.9784316739726002,-0.2065707127527409,-0.7767144625770596,-0.6298528745855095,-0.9027327607286415,0.43020176976303254,0.5337594168897479,-0.845636378641267,0.9606342640779755,0.27781614546200606,0.6009092504438561,0.7993172541181649,0.3167670641669009,0.9485033616488043,-0.16046282801819817,-0.9870418840274217,-0.9967552066649619,0.08049259584762539,0.6780514007626467,-0.7350144882407508,1,0,0,0,99,49
1701779280,12,5,1,1228,19.6,0.0,80,0,1,0,0,0,0,0,0.3548256284893018,-0.9349324966900936,-0.9835986215652434,-0.1803711497300862,-0.7682353642374472,0.6401674977183369,0.42416535825174545,-0.9055847552047066,0.9761108428874015,0.21727315158032454,0.6255904604530329,0.7801516364080526,0.3315481590900087,0.9434382959176643,-0.16816911738237747,-0.9857581589613307,-0.9964331786330006,0.08438554686280492,0.6766145332230143,-0.7363374046124525,1,0,0,0,99,48
1701779340,12,5,1,1229,19.6,0.0,80,0,1,0,0,0,0,0,-0.5950054634648368,-0.8037216548326881,-0.9496635337930714,0.3132717232430274,-0.5859728136854869,0.8103307112664024,0.307952341064001,-0.9514017845438388,0.9877757297443177,0.15588171069141035,0.649660791994018,0.7602242138643738,0.3462483112851427,0.9381429032573806,-0.1758651425704074,-0.9844142682980018,-0.9960959462566851,0.08827721025836226,0.6751750846045926,-0.7376575120807631,1,0,0,0,99,49
1701779460,12,5,1,1231,19.6,0.0,80,0,1,0,0,0,0,0,-0.48321239127428384,0.8755031609988558,-0.24949633163750545,0.9683757434484963,-0.12574628533579774,0.9920624333802022,0.0629982802138193,-0.998013635523133,0.999503285518145,0.031514793961462985,0.6958754220543132,0.7181625143243913,0.37539145280334285,0.926866364241467,-0.19122452217031827,-0.9815463219434595,-0.9953758892859168,0.09605643668318248,0.6722884661054426,-0.7402892801747106,1,0,0,0,99,48
1701779520,12,5,1,1232,19.6,0.0,80,0,1,0,0,0,0,0,0.47562973785858026,0.8796455834394772,0.24531043247334874,0.9694445789831095,0.12360303600011291,0.9923317436681922,-0.06192033725605731,-0.9980810948185003,0.9995201585807313,-0.03097503173121646,0.7179745927716441,0.6960693098638897,0.3898273272463786,0.9208879708911095,-0.1988869391248336,-0.9800224412969096,-0.9949930756786476,0.09994388101102124,0.6708413072362862,-0.7416009307609522,1,0,0,0,99,45
1701779580,12,5,1,1233,19.6,0.0,80,0,1,0,0,0,0,0,0.9971800794831833,0.07504591315929346,0.6800566472142988,0.7331595710209659,0.36526731921911254,0.9309026724155877,-0.18587270857284605,-0.9825738324460884,0.9956339268139893,-0.09334390058785733,0.7393726734833582,0.6732964055347922,0.40416803093837583,0.9146847559500465,-0.2065372170456859,-0.9784387451317651,-0.9945950797012232,0.10382980031820073,0.669391589311443,-0.7429097523650503,1,0,0,0,99,39
1701779640,12,5,1,1234,19.6,0.0,80,0,1,0,0,0,0,0,0.6019276547624973,-0.7985506235875843,0.9483012769124547,0.3173715302389422,0.584221049672578,0.811594581746004,-0.3069245984390922,-0.9517338340486808,0.9878597658698022,-0.15534826351028058,0.7600487693267718,0.6498660386917136,0.4184100628022027,0.9082582338442392,-0.2141748889993418,-0.9767953301086771,-0.9941819074265729,0.10771413531037331,0.6679393178611462,-0.7442157399942483,1,0,0,0,99,37
1701779700,12,5,1,1235,19.5,0.0,81,0,1,0,0,0,0,0,-0.34673427981522564,-0.9379633997129189,0.9843686808591887,-0.17612012986464826,0.7668507448860724,0.6418254708779294,-0.4231870326002857,-0.9060423474865646,0.9762280336802884,-0.21674599478817985,0.7799826904451725,0.6258010886902563,0.4325499458500392,0.9016099735168907,-0.22179948882167133,-0.9750922965332284,-0.9937535651591969,0.11159682671736608,0.6664844984253699,-0.7455188886666005,1,0,0,0,99,33
1701779760,12,5,1,1236,19.5,0.0,81,0,1,0,0,0,0,0,-0.9766103165778877,-0.21501695178203503,0.7794283006736524,-0.6264914397731085,0.9018013749637745,0.43215076086181514,-0.5328457746563188,-0.8462123731256284,0.9607841519107266,-0.27729733759483854,0.7991549717028728,0.6011250545457083,0.4465842280322334,0.8947415980454101,-0.2294105511463999,-0.9733297483498103,-0.9933100594350714,0.11547781529408518,0.6650271365538082,-0.7468191934109906,1,0,0,0,99,31
1701779820,12,5,1,1237,19.5,0.0,81,0,1,0,0,0,0,0,-0.7085953321480677,0.7056150900157746,0.38365668897089844,-0.9234757955722972,0.9806823633502076,0.1956070096235086,-0.6341896366137227,-0.7731775377051213,0.9415884285889248,-0.3367658402324074,0.8175468916925828,0.5758620319866524,0.46050948308007056,0.8876547842451626,-0.23700761143351218,-0.9715077931352797,-0.9928513970215481,0.11935704182141989,0.6635672378058535,-0.7481166492671514,1,0,0,0,99,30
1701779880,12,5,1,1238,19.5,0.0,81,0,1,0,0,0,0,0,0.21089893280388508,0.977507872163791,-0.10604746068673451,-0.9943610692710649,0.9985892722413617,-0.0530986380660329,-0.7256371814019844,-0.6880775254046476,0.9187158226036622,-0.39491927947072447,0.8351404910165487,0.5500366899258974,0.4743223113422468,0.8803512622600985,-0.24459020599760484,-0.969626542092392,-0.9923775849172511,0.12323444710714614,0.6621048077505758,-0.749411251285683,1,0,0,0,99,31
1701779940,12,5,1,1239,19.5,0.0,81,0,1,0,0,0,0,0,0.9364936915462055,0.3506844246529354,-0.5697874934337646,-0.8217920736576058,0.9544087367730887,-0.2985028696197025,-0.8057614006701062,-0.5922402934537203,0.8922556509918332,-0.4515305673740592,0.851918589823599,0.5236742463717023,0.48801934061484575,0.872832815140363,-0.25215787203618784,-0.9676861100430146,-0.9918886303519702,0.1271099719868298,0.6606398519667014,-0.7507029945280722,1,0,0,0,99,30
1701780000,12,5,1,1240,19.5,0.0,81,0,1,0,0,0,0,0,0.8010804691428774,-0.5985566656197452,-0.8940236757546595,-0.4480197174122222,0.8508876886558596,-0.5253476385155728,-0.8733119827746476,-0.48716134980334147,0.862311240157329,-0.506378638074642,0.8678648045849774,0.49680044380282007,0.5015972269646135,0.8651012784069909,-0.2597101476579314,-0.9656866154211187,-0.9913845407865504,0.13098355732472944,0.6591723760425913,-0.7519918740667114,1,0,0,0,99,31
1701780060,12,5,1,1241,19.5,0.0,81,0,1,0,0,0,0,0,-0.07084244221854993,-0.9974875179071222,-0.9993716820850794,0.03544349088956821,0.6944625652655555,-0.7195288357284815,-0.9272348234747446,-0.3744804162246128,0.8289995223836419,-0.5592493110301465,0.8829635640925809,0.46944152403140343,0.5150526555453319,0.8571585396037898,-0.26724657191085743,-0.9636281802655497,-0.9908653239127783,0.13485514401469864,0.65770238557622,-0.7532778849849167,1,0,0,0,99,30
1701780120,12,5,1,1242,19.5,0.0,81,0,1,0,0,0,0,0,-0.8776331389109034,-0.4793329463800657,-0.8600386463351707,0.5102288964866329,0.4948591231418125,-0.8689732149170747,-0.966688474876233,-0.25595584099891655,0.7924505792158009,-0.6099361273941245,0.8972001246639806,0.4416242025783208,0.528382341407091,0.8490065378365236,-0.27476668481047367,-0.9615109302125805,-0.9903309876532644,0.13872467298108784,0.6562298861751544,-0.7545610223769472,1,0,0,0,99,32
1701780180,12,5,1,1243,19.5,0.0,81,0,1,0,0,0,0,0,-0.877531975101159,0.47951812549168443,-0.5101381550660152,0.8600924733689059,0.264487737552324,-0.9643890484054933,-0.9910572759446079,-0.13343716048107937,0.7528071334947217,-0.6582411562333825,0.9105605845393766,0.4133756425859036,0.541583030298262,0.8406472632995077,-0.2822700273678489,-0.9593349944882412,-0.989781540161323,0.14259208517964586,0.6547548834565322,-0.7558412813480241,1,0,0,0,99,33
1701780240,12,5,1,1244,19.5,0.0,81,0,1,0,0,0,0,0,-0.07063196032945498,0.9975024441975159,-0.03533805174655298,0.9993754159967905,0.01767178546737087,-0.9998438418065069,-0.9999609596895538,-0.008836237703148543,0.7102239920275675,-0.7039757674440404,0.9230318974564314,0.3847234282935987,0.5546514994599768,0.8320827567897314,-0.28975614161762697,-0.9571005059004335,-0.9892169898208465,0.14645732159842081,0.6532773830470404,-0.7571186570143483,1,0,0,0,99,32
1701780300,12,5,1,1245,19.4,0.0,82,0,1,0,0,0,0,0,0.801206753033176,0.5983876159263619,0.44811403909810615,0.8939764023525347,-0.2302429126460414,-0.9731331877889415,-0.993260587104145,0.1159025716087837,0.66486744107048,-0.7469613683480504,0.9346018853897231,0.35569553810242655,0.5675845584129177,0.8233151092086269,-0.29722457064597896,-0.9548076008308236,-0.9886373452461786,0.15032032325866046,0.6517973905828941,-0.75839314450312,1,0,0,0,99,25
1701780360,12,5,1,1246,19.4,0.0,82,0,1,0,0,0,0,0,0.9364196726113553,-0.3508820268216116,0.8218521846480703,0.5697007868953616,-0.46384222161454775,-0.885917825448659,-0.9710607152615791,0.23883276005537946,0.6169145969843073,-0.7870301010937827,0.9452592504423807,0.32632031725454774,0.5803790497362272,0.8143464610516054,-0.3046748586184907,-0.9524564192265191,-0.9880426152819825,0.1541810312157123,0.6503149117098145,-0.7596647389525567,1,0,0,0,99,25
1701780420,12,5,1,1247,19.4,0.0,82,0,1,0,0,0,0,0,0.21069266371123146,-0.9775523522851683,0.9943722522992001,0.1059425497966507,-0.6686020678263527,-0.7436203835952356,-0.93370776573702,0.35803604316099547,0.5665527145990056,-0.8240254981373439,0.9549935858782884,0.2966264501546146,0.5930318498383478,0.805179001885486,-0.31210655080798455,-0.9500471045915265,-0.9874328090031054,0.1580393865599229,0.6488299520830081,-0.7609334355119122,1,0,0,0,99,24
1701780480,12,5,1,1248,19.4,0.0,82,0,1,0,0,0,0,0,-0.7087442085459975,-0.7054655532713894,0.923435312642794,-0.3837541183678754,-0.8317914757822045,-0.5550882279566577,-0.8817846188147811,0.47165229356133864,0.5139784559875352,-0.8578030932449878,0.9637953862840878,0.26664293235993725,0.605539869719601,0.7958149698139441,-0.31951919362227366,-0.9475798039779932,-0.9868079357144411,0.16189533041753676,0.6473425173671444,-0.7621992293414946,1,0,0,0,99,25
1701780540,12,5,1,1249,19.4,0.0,82,0,1,0,0,0,0,0,-0.9765649240074158,0.21522302199901908,0.6264092025190007,-0.7794943944631735,-0.9432641184904612,-0.33204337482987556,-0.8161015178364379,0.5779085676688503,0.4593971225046744,-0.8882309856306665,0.9716560568510512,0.2363990422668137,0.6179000557263231,0.786256650931111,-0.3269123346318467,-0.9450546679772316,-0.9861680049507872,0.16574880395159478,0.6458526132363348,-0.7634621156126854,1,0,0,0,99,26
1701780600,12,5,1,1250,19.4,0.0,82,0,1,0,0,0,0,0,-0.3465363519963052,0.9380365433953481,0.17601627283386595,-0.9843872569764778,-0.9960891669364942,-0.08835367288212255,-0.7376834256244756,0.6751467718644137,0.40302185308962235,-0.9151903550257765,0.9785679217677679,0.20592431252067284,0.6301093902963704,0.7765063787634564,-0.33428552259748223,-0.9424718507105282,-0.9855130264766997,0.16959974836283187,0.6443602453741106,-0.7647220895079571,1,0,0,0,99,25
1701780660,12,5,1,1251,19.4,0.0,82,0,1,0,0,0,0,0,0.6020961439059417,0.7984235927711527,-0.31747157922312297,-0.9482677872761346,-0.9869822154618934,0.1608294325113806,-0.647754030280252,0.7618495364937162,0.3450727919630029,-0.938575925669766,0.9845242317154429,0.1752485011779473,0.642164892695814,0.7665665337000915,-0.34163830749778956,-0.9398315098197366,-0.9848430102863442,0.1734481048905743,0.6428654194734018,-0.7659791462208924,1,0,0,0,99,25
1701780720,12,5,1,1252,19.4,0.0,82,0,1,0,0,0,0,0,0.9971642218096964,-0.07525632692779136,-0.7332313164778873,-0.6799792912553325,-0.9165094902005468,0.4000129427560235,-0.5477166499404489,0.8366638939132081,0.2857762289683941,-0.958296377409726,0.9895191704584925,0.14440156264783635,0.6540636197466435,0.7564395424116314,-0.348970240556676,-0.9371338064576561,-0.9841579666033436,0.17729381481363626,0.6413681412365148,-0.7672332809562018,1,0,0,0,99,23
1701780780,12,5,1,1253,19.4,0.0,82,0,1,0,0,0,0,0,0.4754441128400345,-0.8797459267116572,-0.969470455122707,-0.2452081496283747,-0.7890526438801072,0.6143255856512999,-0.4391323344669008,0.8984223910976674,0.22536371591533166,-0.9742747023036336,0.9935478605239995,0.11341361844233368,0.665802666545301,0.7461278772577572,-0.35628087427073796,-0.9343789052781952,-0.9834579058806217,0.18113681945121585,0.6398684163751107,-0.7684844889297427,1,0,0,0,99,22
1701780840,12,5,1,1254,19.4,0.0,82,0,1,0,0,0,0,0,-0.48339712085189107,-0.8754011786330324,-0.9683494148893343,0.2495984989607987,-0.6125363258775766,0.7904424390683988,-0.323695505785608,0.946161307354195,0.1640711623744481,-0.9864485053347172,0.9966063679644831,0.08231492776308211,0.6773791671718721,0.7356340556836266,-0.3635697624365738,-0.9315669744263229,-0.9827428388002435,0.18497706016379048,0.6383662506101844,-0.769732765368537,1,0,0,0,99,23
1701780900,12,5,1,1255,19.5,0.0,81,0,1,0,0,0,0,0,-0.9978052709326276,-0.06621662403857209,-0.730142665524544,0.6832947299523933,-0.3979354659034595,0.9174134100699621,-0.20320751699929535,0.9791356928613015,0.10213791445564772,-0.9947702480626623,0.9986917061993311,0.05113585795377667,0.6887902953897591,0.7249606396052742,-0.3708364601780182,-0.9286981855278049,-0.9820127762732532,0.1888144783540117,0.6368616496720415,-0.7709781055107894,1,0,0,0,99,23
1701780960,12,5,1,1256,19.5,0.0,81,0,1,0,0,0,0,0,-0.5948358565326741,0.803847189323344,-0.31317152702365525,0.9496965803148245,-0.15859290602857282,0.987344058653017,-0.0795485428747221,0.9968309933617175,0.039805820166669656,-0.9992074342602034,0.9998018389311463,0.01990685484696882,0.7000332653356665,0.7141102347841574,-0.378080523973295,-0.9257727136787294,-0.9812677294395066,0.19264901546759924,0.6353546193002774,-0.7722205046059057,1,0,0,0,99,23
1701781020,12,5,1,1257,19.5,0.0,81,0,1,0,0,0,0,0,0.3550229011373201,0.9348576039526237,0.18047492353146505,0.9835795859900265,0.0906101926109131,0.995886435792261,0.04535175965571227,0.9989710796094803,-0.022681714998206804,-0.9997427368101957,0.999935682134155,-0.011341586965772336,0.7111053321997285,0.7030854901909965,-0.3853015116820874,-0.9227907374348197,-0.9805077096675017,0.19648061299423458,0.6338451652437547,-0.773459957914511,1,0,0,0,99,24
1701781080,12,5,1,1258,19.5,0.0,81,0,1,0,0,0,0,0,0.9784752407736554,0.20636424882458945,0.6299348185230796,0.7766480054775746,0.3341795883371884,0.9425094178515073,0.16954436314500793,0.9855225562744638,-0.08508067855140847,-0.9963740653676368,0.999093105112741,-0.042578953911311244,0.722003792895616,0.6918890973590669,-0.3924989825725241,-0.9197524388005358,-0.9797327285542052,0.20030921246845357,0.6323332932605821,-0.7746964607084679,1,0,0,0,99,24
1701781140,12,5,1,1259,19.5,0.0,81,0,1,0,0,0,0,0,0.7023219565124583,-0.7118594449752793,0.9251647001953974,0.3795659066780898,0.55697131583319,0.830531729278927,0.2910912835530059,0.956695283065336,-0.1471474038756103,-0.98911457452242,0.9972749306290668,-0.07377474323093221,0.7327259867204562,0.6805237897270998,-0.39967249734807886,-0.9166580032179668,-0.9789427979248754,0.20413475547053872,0.6308190091180914,-0.7759300082708939,1,0,0,0,99,27
1701781260,12,5,1,1261,19.5,0.0,81,0,1,0,0,0,0,0,-0.9395610220178386,-0.3423814917672896,0.8192623181152938,-0.5734189167758204,0.8869664358857725,0.46183388963142347,0.5187321613166936,0.854936807498491,-0.2693169067302581,-0.9630516101171553,0.9907198418617534,-0.13591981070256942,0.7536311467497112,0.6572975693312089,-0.4139459087059511,-0.9103014800963494,-0.977318136559521,0.21177643861351833,0.6277832274704708,-0.7783882188900081,1,0,0,0,99,30
1701781320,12,5,1,1262,19.5,0.0,81,0,1,0,0,0,0,0,-0.7957510777574821,0.6056238289960243,0.4440586509707787,-0.8959977201410795,0.9736523301828737,0.22803758446681607,0.6212738589113436,0.7835935121179909,-0.3289426149665083,-0.9443499118753576,0.9859893285110538,-0.16680840525081836,0.763809009259127,0.645442326915884,-0.421044934112807,-0.9070397805267099,-0.9764834306138301,0.21559246215172986,0.6262617415459251,-0.7796128725693702,1,0,0,0,99,28
1701781380,12,5,1,1263,19.5,0.0,81,0,1,0,0,0,0,0,0.07966873759898874,0.9968213943577774,-0.039866061018256155,-0.9992050326028631,0.9998012383976285,-0.019936993217846526,0.714120785728103,0.7000225020605243,-0.38728380933075146,-0.9219605474369618,0.980296013313571,-0.19753411422212402,0.7738003987534913,0.633429509013385,-0.42811826110703044,-0.9037227199239225,-0.9756338247323948,0.219405196014221,0.6247378666231859,-0.7808345522625844,1,0,0,0,99,28
1701781440,12,5,1,1264,19.5,0.0,81,0,1,0,0,0,0,0,0.8818414830181569,0.4715459668243784,-0.514030170892537,-0.8577721045896685,0.9637873480674221,-0.2666719852274808,0.7958240965274552,0.6055278749869898,-0.4441126687075084,-0.8959709467909631,0.9736454556949781,-0.22806693448309956,0.7836028759783554,0.6212620483809149,-0.43516545796919887,-0.9003505007442698,-0.9747693318791554,0.22321458202336397,0.6232116085153726,-0.782053253309314,1,0,0,0,99,27
1701781500,12,5,1,1265,19.5,0.0,81,0,1,0,0,0,0,0,0.8732532357707915,-0.48726664796171143,-0.8623417675033813,-0.506326649524933,0.8678498284625437,-0.49682660480044094,0.8651088384707559,0.5015841879483239,-0.49920727761706163,-0.8664825987717018,0.9660441498119281,-0.25837705125291044,0.7932140477994922,0.6089429155294811,-0.44218609457473834,-0.8969233288106295,-0.9738899652452092,0.2270205620526151,0.6216829730446962,-0.783268971060585,1,0,0,0,99,27
1701781560,12,5,1,1266,19.5,0.0,81,0,1,0,0,0,0,0,0.06179999076938898,-0.9980885537570819,-0.9995220242088421,-0.030914771897250545,0.7179536098861996,-0.6960909524274645,0.9208938463328616,0.38981344741589885,-0.552352492790655,-0.8336106547471364,0.9574995182106194,-0.28843486721690187,0.8026315677871454,0.5964751179986882,-0.4491797424201762,-0.893441413299912,-0.9729957382486092,0.2308230780274018,0.6201519660424364,-0.7844817008788038,1,0,0,0,99,21
1701781620,12,5,1,1267,19.5,0.0,81,0,1,0,0,0,0,0,-0.8064718807401303,-0.5912724461493848,-0.8919844298387122,0.4520661200812417,0.5234185131989307,-0.8520757360942869,0.9623086137238632,0.2719597984130312,-0.6033407833003538,-0.7974834789552168,0.9480199045788059,-0.3182110314278744,0.8118531367888758,0.58386169962249,-0.4561459746492947,-0.8899049667302936,-0.9720866645341592,0.23462207192600865,0.6186185933489193,-0.7856914381377745,1,0,0,0,99,23
1701781680,12,5,1,1268,19.5,0.0,81,0,1,0,0,0,0,0,-0.9332772243328045,0.3591568216554658,-0.5660579379995188,0.8243654595067245,0.2963397884973224,-0.955082577452527,0.9887068770501516,0.1498623077152374,-0.651973040962877,-0.7582421472442815,0.9376145655983277,-0.34767646796678553,0.8208765034908678,0.5711057397860814,-0.46308436607918363,-0.8863142049482455,-0.9711627579732054,0.23841748578046287,0.6170828608134961,-0.7868981782227173,1,0,0,0,99,24
1701781740,12,5,1,1269,19.5,0.0,81,0,1,0,0,0,0,0,-0.2020317919023325,0.9793789639668256,-0.10154072097728682,0.9948313836944493,0.05083609104539121,-0.9987070100120579,0.9996767002416476,0.025426265828293697,-0.6980593578527926,-0.7160398961748897,0.9262936619061176,-0.3768024043348916,0.8296994649675543,0.5582103526741099,-0.469994493226192,-0.8826693471153595,-0.9702240326634255,0.24220926167741863,0.6155447742945193,-0.7881019165302856,1,0,0,0,99,23
1701781800,12,5,1,1270,19.5,0.0,81,0,1,0,0,0,0,0,0.7149607382857998,0.6991646034445853,0.38783720589663306,0.9217278891963141,-0.19782834832713678,-0.9802366778478334,0.9950469028764004,-0.09940654443286578,-0.7414197678889017,-0.6710415246343308,0.9140682481725122,-0.40556039954960427,0.8383198672194296,0.5451786865103935,-0.4768759343317749,-0.8789706156949713,-0.9692705029286126,0.24599734175904098,0.6140043396593216,-0.7893026484685837,1,0,0,0,99,23
1701781860,12,5,1,1271,19.5,0.0,81,0,1,0,0,0,0,0,0.9746216629043428,-0.22385846912183968,0.7822590584716292,0.6229532610389644,-0.43419277916671734,-0.9008199767542249,0.974889731393819,-0.22268814881552984,-0.7818849495979348,-0.6234227503004964,0.9009502623065538,-0.4339223719166273,0.846735605698918,0.5320139227893255,-0.48372826938823543,-0.8752182364385827,-0.9683021833184573,0.24978166822388845,0.6124615627841928,-0.7905003694571839,1,0,0,0,99,22
1701781920,12,5,1,1272,19.5,0.0,81,0,1,0,0,0,0,0,0.33821992534671463,-0.9410670975538687,0.9851566112943334,0.17165794832475895,-0.6435612059762619,-0.7653946525566921,0.9395197317131483,-0.34249477911590703,-0.8192968873112808,-0.5733695234681091,0.8869525137988248,-0.46186062645125475,0.8549446258241684,0.5187192754991592,-0.49055108016436005,-0.8714124383720832,-0.9673190886083255,0.25356218332779523,0.610916449554358,-0.791695074927145,1,0,0,0,99,23
1701781980,12,5,1,1273,19.5,0.0,81,0,1,0,0,0,0,0,-0.6091396517935828,-0.793062976448146,0.9468534671342093,-0.3216652169195901,-0.8129161140362485,-0.5823807959919394,0.8894888408496027,-0.45695689293852465,-0.8535094882127922,-0.5210773009168003,0.8720886712131973,-0.4893478819220533,0.862944923480651,0.5052979903373586,-0.497343950230945,-0.867553453781771,-0.966321233799033,0.2573388293847521,0.6093690058639543,-0.7928867603210284,1,0,0,0,99,21
1701782040,12,5,1,1274,19.5,0.0,81,0,1,0,0,0,0,0,-0.9964590422662916,0.08407958780670174,0.6767275715505089,-0.7362335185953917,-0.9317278354206747,-0.36315732224795383,0.8255777741218431,-0.5642883472800259,-0.8843891528281048,-0.46675028265656904,0.8563732488397127,-0.5163572974905221,0.8707345455104334,0.49175334391820763,-0.5041064649862133,-0.8636415182001753,-0.9653086341166165,0.26111154876778686,0.6078192376160092,-0.794075421092917,1,0,0,0,99,20
1701782100,12,5,1,1275,19.6,0.0,80,0,1,0,0,0,0,0,-0.46763858468568814,0.8839197667849534,0.24091516475208297,-0.9705461778774241,-0.9926092327490774,-0.12135448513049653,0.7487838423505466,-0.6628142706933458,-0.911815296727727,-0.4106006145311124,0.8398215925216237,-0.5428624989207155,0.8783115901890158,0.478088642972872,-0.5108382116811192,-0.8596768703916815,-0.9642813050121011,0.26488028390984336,0.6062671507224173,-0.7952610527084308,1,0,0,0,99,19
1701782160,12,5,1,1276,19.6,0.0,80,0,1,0,0,0,0,0,0.49112663102911036,0.8710881885859756,-0.2538816765877605,-0.967235283833767,-0.9917749956098326,0.12799358610147818,0.6603053891566091,-0.7509971990964674,-0.9356808214066555,-0.3528475597928464,0.8224498646704389,-0.5688376043332375,0.8856742076896101,0.46430722354210824,-0.5175387794445416,-0.8556597523379571,-0.9632392621612652,0.2686449773046603,0.6047127511039186,-0.796443650644746,1,0,0,0,99,19
1701782220,12,5,1,1277,19.6,0.0,80,0,1,0,0,0,0,0,0.9983522871222469,0.05738214703005362,-0.6865194290659029,-0.7271114587977738,-0.9292769928276966,0.36938363607652286,0.561523091209737,-0.8274610673852042,-0.9558925325017463,-0.29371664288459703,0.8042750284836018,-0.5942572494784574,0.8928206005347483,0.4504124501618171,-0.5242077593083599,-0.8515904092231831,-0.9621825214644005,0.27240557150764816,0.6031560446900751,-0.7976232103906105,1,0,0,0,99,19
1701782280,12,5,1,1278,19.6,0.0,80,0,1,0,0,0,0,0,0.5876974545726518,-0.8090807758739703,-0.9510732821065815,-0.30896538974942617,-0.8090010475115055,0.5878072006408963,0.4539784132307965,-0.8910126824689131,-0.9723715037137074,-0.23343876877147773,0.7853148313802172,-0.6190966125042691,0.8997490240351109,0.4364077150416402,-0.5308447442324167,-0.8474690894190892,-0.96111109904607,0.27616200913676636,0.6015970374192486,-0.7987997274463626,1,0,0,0,99,19
1701782340,12,5,1,1279,19.6,0.0,80,0,1,0,0,0,0,0,-0.36328370740536675,-0.9316785647066331,-0.9827712258472551,0.184826182254256,-0.6384253353939456,0.7696837604673286,0.3393495539504004,-0.9406603426496007,-0.9850533850126095,-0.17224932126194178,0.7655877876709966,-0.6433314381942088,0.9064577867154677,0.4222964372368012,-0.5374493291293603,-0.8432960444697939,-0.9600250112548615,0.2799142328733983,0.600035735238578,-0.7999731973239473,1,0,0,0,99,20
1701782460,12,5,1,1281,19.6,0.0,80,0,1,0,0,0,0,0,-0.6959935559105248,0.7180480277328413,-0.3754676898663577,0.9268354837113331,-0.1912648899937819,0.9815384566361455,0.09607690503928216,-0.995373913822375,-0.9988428089099843,-0.048094106591270766,0.7239109429312665,-0.6898934314112323,0.9192098322502954,0.3937680590073094,-0.550559688404759,-0.8347958010817105,-0.957808906066787,0.287405809717105,0.5969062699800091,-0.802310977650532,1,0,0,0,99,20
1701782520,12,5,1,1282,19.6,0.0,80,0,1,0,0,0,0,0,0.2281696579078992,0.9736213880201031,0.11484470379581474,0.9933834576889489,0.057517572580260974,0.9983444940722989,-0.028770696269825667,-0.999586037835738,-0.9998965041032342,0.014386837113521522,0.702001838632378,-0.7121751319421092,0.9252500018757388,0.3793579233770469,-0.5570646625944573,-0.8304691214539668,-0.9566789224849597,0.29114504851193435,0.5953381188400696,-0.8034752791816107,1,0,0,0,99,24
1701782580,12,5,1,1283,19.6,0.0,80,0,1,0,0,0,0,0,0.9425547405040898,0.3340517342467597,0.5770391086197019,0.8167165157650357,0.3027238710730988,0.9530783062700137,-0.15316934048625133,-0.9881999560488792,-0.9970456248459444,0.07681160052726667,0.6794072414512276,-0.7337614055424511,0.9310642849831721,0.36485517295054826,-0.5635356364283681,-0.8260917542714454,-0.9555343411598155,0.2948798447915308,0.593767696666158,-0.8046365156987131,1,0,0,0,99,26
1701782640,12,5,1,1284,19.6,0.0,80,0,1,0,0,0,0,0,0.7903593414947124,-0.6126435434345525,0.8979542147110153,0.44008888679756925,0.5291082654818533,0.8485543255436181,-0.27517782837320115,-0.9613933444599089,-0.9903013037606052,0.13893641628473632,0.6561492146285263,-0.7546311735824118,0.9366512620987631,0.3502633483663315,-0.5699722149516012,-0.8216639667060773,-0.9543751795562575,0.2986101415674982,0.5921950094489575,-0.8057946827720751,1,0,0,0,99,27
1701782700,12,5,1,1285,19.6,0.0,80,0,1,0,0,0,0,0,-0.08848879115605462,-0.9960771726325929,0.9990188117929995,-0.04428785029444963,0.7225952706371838,0.6912713467610061,-0.3928922582839944,-0.9195845112769696,-0.9796898772767252,0.20051868830988095,0.6322504692327713,-0.7747640570876662,0.9420095692421776,0.3355860120090927,-0.5763740053085789,-0.8171860290071938,-0.9532014553616653,0.30233588192009736,0.5906200631877919,-0.8069497759836411,1,0,0,0,99,28
1701782760,12,5,1,1286,19.6,0.0,80,0,1,0,0,0,0,0,-0.8859807373049136,-0.46372204295746144,0.8554887617489377,-0.51782137704161,0.8711548016976116,0.49100846375515256,-0.5044757359104833,-0.8634258693585549,-0.9652527827876372,0.2613179391483152,0.6077343419832735,-0.7941403966391318,0.9471378982595755,0.3208267471400009,-0.5827406167670137,-0.8126582144850321,-0.9520131864856264,0.3060570089991143,0.5890428638906025,-0.8081017909270819,1,0,0,0,99,29
1701782820,12,5,1,1287,19.6,0.0,80,0,1,0,0,0,0,0,-0.8689060794851441,0.49497699444899096,0.5025052266151114,-0.864574171037104,0.965550146558195,0.2602170526338503,-0.6081870384043668,-0.7937937555290575,-0.9470463968383644,0.321096749026631,0.5826247724622465,-0.8127412715700584,0.9520349971429776,0.30598915702189644,-0.5890716607417571,-0.8080807994940532,-0.9508103910596616,0.30977346602472816,0.5874634175739252,-0.8092507232078103,1,0,0,0,99,30
1701782880,12,5,1,1288,19.6,0.0,80,0,1,0,0,0,0,0,-0.052963179352423326,0.9985964658624038,0.026490886523445938,-0.9996490548843638,0.9999122598719259,0.01324660552058789,-0.702407785577371,-0.7117747556357236,-0.9251418149764185,0.37962168297153187,0.5569462797382114,-0.8305485184417379,0.9566996703359257,0.2910768640396056,-0.5953667508185162,-0.8034540634160753,-0.9495930874369493,0.3134851962883771,0.5858817302628675,-0.8103965684429991,1,0,0,0,99,29
1701782940,12,5,1,1289,19.6,0.0,80,0,1,0,0,0,0,0,0.8116738236246998,0.5841109518254728,-0.4560093464911258,-0.8899749861163158,0.9721046718631476,-0.2345474513650535,-0.7856676941828057,-0.6186487487399237,-0.899624574125208,0.4366642023684082,0.5307239384235423,-0.847544748779794,0.9611307790253608,0.2760935088155877,-0.6016255027774389,-0.7987782886432216,-0.9483612941920452,0.31719214315362415,0.5842978079910859,-0.811539322261597,1,0,0,0,99,29
1701783060,12,5,1,1291,19.6,0.0,80,0,1,0,0,0,0,0,0.1933550914660601,-0.9811288440384125,-0.995271029428269,-0.09713690329011809,0.7406540701603272,-0.6718865591414528,-0.9142993380565942,-0.40503915913066185,-0.8381644108200555,0.5454176568783495,0.47675063876289164,-0.8790385818831701,0.9692880330126773,0.24592825998330273,-0.6140324665751385,-0.7892807675293066,-0.9458543142390657,0.3245914605089707,0.5811232827425817,-0.8138155382237952,1,0,0,0,99,30
1701783120,12,5,1,1292,19.6,0.0,80,0,1,0,0,0,0,0,-0.7211212528459787,-0.6928088760212632,-0.920002411959138,0.39191269689736824,0.551401533867395,-0.8342399825282195,-0.9576638195442646,-0.2878888826194756,-0.8024614889885606,0.5967039120788988,0.4490523844280872,-0.8935054314549238,0.9730121868339892,0.2307537307879076,-0.6201799211567932,-0.784459600867982,-0.9445791657844201,0.32828371809459106,0.5795326918757081,-0.8149489916843234,1,0,0,0,99,29
1701783180,12,5,1,1293,19.6,0.0,80,0,1,0,0,0,0,0,-0.9726020429124683,0.23247637755800724,-0.619485117836576,0.7850084004512332,0.32786552086851617,-0.9447244043770736,-0.9860842774269027,-0.16624619638194185,-0.7636249722154004,0.6456600512723619,0.42091563806043014,-0.9070997881358924,0.9764987936848393,0.2155228663786137,-0.6262895231525857,-0.7795905548358746,-0.9432896042138582,0.3319709664745739,0.5779398902677623,-0.8160793363621499,1,0,0,0,99,26
1701783240,12,5,1,1294,19.6,0.0,80,0,1,0,0,0,0,0,-0.3298770001093613,0.9440239217301903,-0.1672962615688254,0.9859066694495454,0.08394441777287699,-0.9964704384600542,-0.9991172199647183,-0.04200929385234764,-0.7218065162674647,0.6920949017828597,0.39236787471526025,-0.9198083772674773,0.9797470023601699,0.20023938515252526,-0.6323608996639003,-0.774673926614458,-0.941985649204503,0.33565314938604557,0.5763448839947981,-0.817206567945353,1,0,0,0,99,24
1701783300,12,5,1,1295,19.5,0.0,81,0,1,0,0,0,0,0,0.6161354352885633,0.7876402258530049,0.3258525541920725,0.9454206010694407,-0.1651959426416995,-0.9862607670057246,-0.9965592724483889,0.08288314965744041,-0.6771694213203072,0.7358271365128635,0.36343697079902076,-0.9316187891280595,0.9827560198564188,0.18490701835238776,-0.6383936801252078,-0.7697100162893775,-0.9406673206531035,0.33933021064342506,0.5747476791412798,-0.8183306821338868,1,0,0,0,99,25
1701783360,12,5,1,1296,19.5,0.0,81,0,1,0,0,0,0,0,0.9956757929363228,-0.0928962612844285,0.7392213001816264,0.6734625968513661,-0.4040652194563607,-0.9147301779353751,-0.9784503507933796,0.20648222933781113,-0.6298879942744539,0.7766859820216312,0.33415117684842055,-0.9425194910508831,0.9855251115651197,0.16952950915565845,-0.6443874963266829,-0.7646991268321347,-0.9393346386757316,0.3430020941392817,0.5731482818000584,-0.8194516746395976,1,0,0,0,99,24
1701783420,12,5,1,1297,19.5,0.0,81,0,1,0,0,0,0,0,0.45979641835260393,-0.8880243542100167,0.9716028906425754,0.2366174610948897,-0.6178116779833116,-0.786326096824622,-0.9450730386654309,0.3268592228891346,-0.5801468680906867,0.8145118853918384,0.30453908994426443,-0.9524998386855082,0.9880536014522462,0.15411061176066326,-0.650341982436678,-0.7596415640815948,-0.9379876236074746,0.346668743845191,0.5715466980723487,-0.8205695411862395,1,0,0,0,99,24
1701783480,12,5,1,1298,19.5,0.0,81,0,1,0,0,0,0,0,-0.4988176628046754,-0.8667069512090468,0.9661022076387795,-0.25815988146006835,-0.7931455986954944,-0.6090320675218718,-0.8969481778569685,0.4421356875881703,-0.5281402808022835,0.8491571372803064,0.2746296257868892,-0.961550086391839,0.9903408722232561,0.13865409047006316,-0.6562567750240514,-0.7545376367253204,-0.936626296002125,0.3503301038125896,0.5699429340677058,-0.8216842775094914,1,0,0,0,99,23
1701783540,12,5,1,1299,19.5,0.0,81,0,1,0,0,0,0,0,-0.9988210851948485,-0.04854317429036989,0.7240660102125944,-0.6897306813929731,-0.9191655676190696,-0.39387137405949346,-0.834826740725132,0.5505127727585013,-0.4740713170196541,0.880486448719826,0.2444519904604727,-0.9696613967565755,0.9923863654737946,0.1231637187718536,-0.6621315130803496,-0.7493876562807309,-0.9352506766318672,0.3539861181736292,0.5683369959040019,-0.8227958793569731,1,0,0,0,99,23
1701783600,12,5,1,1300,19.5,0.0,81,0,1,0,0,0,0,0,-0.5805130081563131,0.8142509732025552,0.3047532008014393,-0.9524313553224073,-0.9880362734541701,-0.15422166624309427,-0.7596781115193113,0.6502992902336991,-0.4181511148892831,0.9083774794196792,0.2140356519137885,-0.9768258492227975,0.9941895818260211,0.10764327841812157,-0.6679658380418412,-0.7441919370760884,-0.9338607864869604,0.35763673114202876,0.5667288897074029,-0.8239043424882614,1,0,0,0,99,25
1701783660,12,5,1,1301,19.5,0.0,81,0,1,0,0,0,0,0,0.37151605140823607,0.9284265310438047,-0.18917382080535783,-0.981943616264143,-0.995475669281812,0.0950167978197989,-0.6726749594641535,0.7399381047830281,-0.3605980416037862,0.9327213155018567,0.1834103111852539,-0.9830364478242546,0.9957500810505251,0.09209655850178511,-0.6737593938114017,-0.7389507962313138,-0.9324566467754181,0.36128188701392594,0.5651186216123453,-0.8250096626749065,1,0,0,0,99,24
1701783720,12,5,1,1302,19.5,0.0,81,0,1,0,0,0,0,0,0.9819749666421057,0.1890110179016962,-0.6367844934113518,-0.7710418334635599,-0.9410212095015605,0.33834757760063844,-0.5751749396485218,0.8180304326859235,-0.3016368406826962,0.9534228948074206,0.15260587340036988,-0.9882871280168078,0.9970674821738015,0.0765273545315405,-0.679511826780248,-0.73366455363863,-0.9310382789226848,0.3649215301687268,0.5635061977615123,-0.8261118357004477,1,0,0,0,99,23
1701783780,12,5,1,1303,19.5,0.0,81,0,1,0,0,0,0,0,0.6896106261548025,-0.7241803534302633,-0.9284881133946367,-0.37136211880705916,-0.8280586086766621,0.5606415437661308,-0.46869950727191356,0.8833576692841159,-0.24149775435382845,0.9704013781122005,0.12165241856987369,-0.9925727626003548,0.9981414635712602,0.06093946750524334,-0.6852227858495209,-0.7283335319430388,-0.9296057045713088,0.3685556050699549,0.561891624305811,-0.8272108573604299,1,0,0,0,99,22
1701783840,12,5,1,1304,19.5,0.0,81,0,1,0,0,0,0,0,-0.23677854371688278,-0.9715636475472476,-0.9928654610638965,0.11923999424008805,-0.6636113342009432,0.7480775341634341,-0.35491017584493534,0.9349004048997503,-0.1804156244623088,0.9835904648022342,0.09058017221711874,-0.995889166725453,0.9989717630457462,0.04533670298194944,-0.690891922451714,-0.7229580565226276,-0.9281589455806122,0.3721840562660983,0.5602749074043482,-0.8283067234624195,1,0,0,0,99,19
1701783900,12,5,1,1305,19.6,0.0,80,0,1,0,0,0,0,0,-0.9454746124554664,-0.3256958047046135,-0.8141547164712041,0.5806479980570787,-0.4579039211138737,0.8890016867411104,-0.235582589826678,0.971854332382459,-0.118628975418194,0.9929386517762462,0.059419475863364,-0.9982331019797546,0.9995581778915509,0.029722870152842088,-0.6965188905719492,-0.7175384554687094,-0.926698024026357,0.37580682839145607,0.5586560532244075,-0.8293994298260206,1,0,0,0,99,19
1701783960,12,5,1,1306,19.6,0.0,80,0,1,0,0,0,0,0,-0.7849056827820657,0.6196152589602836,-0.43611050264796214,0.8998931211428065,-0.22372626003354357,0.9746520202469203,-0.11257881628681225,0.9936427980534354,-0.056379082763754744,0.998409434564156,0.0282007573997934,-0.9996022795502609,0.9999005649439,0.014101780911272722,-0.7021033467690947,-0.7120750595657992,-0.925222962200409,0.37942386616698276,0.5570350679414255,-0.8304889722828903,1,0,0,0,99,18
1701784020,12,5,1,1307,19.6,0.0,80,0,1,0,0,0,0,0,0.09730191186315293,0.995254911039265,0.048708772109010486,0.9988130233029766,0.02436161629514139,0.9997032117841216,0.012181712028249383,0.9999258001932247,0.006090969002353426,0.9999814498762526,-0.0030454986248035533,-0.9999953624583098,0.9999988406139053,-0.001522751077858202,-0.7076449501967276,-0.7065682022714233,-0.9237337826103967,0.38303511440113214,0.5554119577389687,-0.8315753466767555,1,0,0,0,99,17
1701784080,12,5,1,1308,19.6,0.0,80,0,1,0,0,0,0,0,0.8900505774721458,0.4558617877619267,0.5216024406758817,0.853188662536583,0.2709348053161655,0.9625976995964054,0.13675214880138925,0.9906052946548402,0.06853723566485535,0.9976485590263838,-0.034288780771676325,-0.9994119668651121,0.9998529809089715,-0.017146911309152784,-0.7131433626239372,-0.7010182196957677,-0.9222305079793683,0.38664051799069915,0.5537867288087088,-0.8326585488634279,1,0,0,0,99,14
1701784140,12,5,1,1309,19.6,0.0,80,0,1,0,0,0,0,0,0.8644908468317865,-0.5026485608693819,0.8667896402442123,0.49867396118637375,0.5006625803940346,0.8656425247139762,0.2591886140304236,0.9658267248098844,0.13071586588879644,0.991419871903394,-0.06549858050601552,-0.9978526624465643,0.9994630214386534,-0.03276688536797246,-0.7185982484559688,-0.6954254505811631,-0.9207131612454454,0.39024002192166096,0.5521593873504004,-0.8337385747108206,1,0,0,0,99,10
1701784200,12,5,1,1310,19.6,0.0,80,0,1,0,0,0,0,0,0.04412221841808424,-0.9990261407199847,0.999756505535219,0.022066482275333348,0.6992615811428033,0.7148658903162654,0.37758052762538924,0.9259767519533807,0.19238405345378726,0.9813197113972033,-0.09664442198801937,-0.9953189718369693,0.9988290574059631,-0.04837885986167266,-0.7240092747547067,-0.6897902362814101,-0.9191817655614721,0.39383357127001617,0.5505299395718565,-0.834815420098963,1,0,0,0,99,8
1701784260,12,5,1,1311,19.6,0.0,80,0,1,0,0,0,0,0,-0.8168121741291692,-0.5769036940377309,0.8879481105441159,-0.45994364109218266,0.8543838835945416,0.5196423572553615,0.4900804233718373,0.8716772215835864,0.2533009854070979,0.9673875184184428,-0.12769589183203411,-0.9918133691422099,0.9979512435841267,-0.06397902335058789,-0.729376111258995,-0.6841129207409447,-0.9176363442946625,0.397421111202623,0.548898391688925,-0.8358890809200175,1,0,0,0,99,8
1701784320,12,5,1,1312,19.6,0.0,80,0,1,0,0,0,0,0,-0.9267732207044014,0.3756213484151173,0.5587390498188232,-0.829343520025061,0.9563847343054627,0.2921099792671752,0.5949327780232085,0.803775459710974,0.31322878243308516,0.9496776978825432,-0.158622668804709,-0.9873392775238264,0.9968297942787993,-0.07956356727854007,-0.7346984304047954,-0.6783938504738453,-0.9160769210262436,0.40100258697803604,0.5472647499254653,-0.8369595530782943,1,0,0,0,99,9
1701784380,12,5,1,1313,19.6,0.0,80,0,1,0,0,0,0,0,-0.18466324219769167,0.9828018554017064,0.09273118299227497,-0.9956911808893625,0.9989222144114532,0.046415617579848543,0.6905014056539462,0.7233310506192336,0.37193342776682925,0.9282594062597033,-0.18939455343316602,-0.9819010658563578,0.9954649832757448,-0.09512868690264292,-0.7399759073451794,-0.6726333745426839,-0.9145035195510961,0.4045779439473413,0.5456290205133241,-0.8380268324902673,1,0,0,0,99,8
1701784440,12,5,1,1314,19.6,0.0,80,0,1,0,0,0,0,0,0.7272252695674022,0.6863988689549387,-0.3959805115438519,-0.9182589147280136,0.9793515494264594,-0.20216464239820275,0.7752949897936278,0.6315993024069126,0.42918568102459304,0.9032162815203545,-0.2199814974942728,-0.9755040444612094,0.9938571437739957,-0.1106705822221754,-0.7452082199701555,-0.6668318445372209,-0.9129161638773905,0.40814712755499033,0.5439912096923119,-0.8390909150845903,1,0,0,0,99,10
1701784500,12,5,1,1315,19.5,0.0,81,0,1,0,0,0,0,0,0.9705062222633856,-0.24107607211843352,-0.7877423665509027,-0.6160048408420045,0.8988895485102729,-0.4381752840804668,0.8479903549217016,0.5300116583243869,0.4847619733826144,0.8746461165306764,-0.2503536333562224,-0.9681544599212143,0.9920066683045065,-0.12618545890629732,-0.7503950489263297,-0.6609896145529455,-0.9113148782262214,0.41171008333963266,0.5423513237101792,-0.8401517968021114,1,0,0,0,99,10
1701784560,12,5,1,1316,19.5,0.0,81,0,1,0,0,0,0,0,0.3215082299291668,-0.9469067842653859,-0.9866374167508005,-0.16293129799798153,0.7625389491684939,-0.6469423088661069,0.9074531141789384,0.4201533595806971,0.5384452806085791,0.8426604771735462,-0.2804813031437691,-0.9598594889809514,0.9899140086343236,-0.14166952922038076,-0.7555360776363961,-0.6551070411694638,-0.9096996870312377,0.41526675693494663,0.5407093688225928,-0.8412094735958894,1,0,0,0,99,10
1701784620,12,5,1,1317,19.5,0.0,81,0,1,0,0,0,0,0,-0.6230829462907598,-0.7821557658431126,-0.9439692171472311,0.33003350902361966,0.5787773712647983,-0.8154855943006043,0.9527553710949638,0.3037387081846794,0.590025970536603,0.8073842666861547,-0.31033508769864016,-0.9506272315387758,0.9875796756562926,-0.15711901295073133,-0.7606309923184603,-0.6491844834287357,-0.90807061493827,0.41881709407046913,0.5390653512931113,-0.8422639414312088,1,0,0,0,99,10
1701784680,12,5,1,1318,19.5,0.0,81,0,1,0,0,0,0,0,-0.9948145351851904,0.10170565659919678,-0.6701844311086327,0.7421946027152168,0.3590302196784995,-0.933325935221779,0.9831901991023352,0.18258431583548054,0.6393026216763542,0.7689552379155371,-0.3398858353068445,-0.9404667027374061,0.9850042392643308,-0.17253013832747296,-0.7656794820051903,-0.6432223028131592,-0.9064276868049539,0.4223610405724235,0.5374192773931619,-0.8433151962855951,1,0,0,0,99,10
1701784740,12,5,1,1319,19.5,0.0,81,0,1,0,0,0,0,0,-0.4519182282526401,0.8920593674038712,-0.23231512283548061,0.9726405727204349,0.11696030796720128,-0.9931365899815682,0.9982826728891893,0.05858075630457427,0.6860828097596623,0.727523455396654,-0.3691046901648271,-0.9293878241607897,0.9821883282142966,-0.18789914294537147,-0.7706812385627962,-0.6372208632235092,-0.9047709277003515,0.42589854236454644,0.5357711534020162,-0.8443632341488307,1,0,0,0,99,11
1701784860,12,5,1,1321,19.5,0.0,81,0,1,0,0,0,0,0,0.999211628421411,0.03970039832838073,0.6929284240351306,0.7210063794198983,-0.37349271785411137,-0.9276331115855821,0.9817415931867158,-0.19021946327126704,0.7714335562027579,0.6363098839122071,-0.426432946714834,-0.9045191772185395,0.9758378905378032,-0.21849579261562516,-0.7805433340358577,-0.6251016746835569,-0.9014160179083676,0.43295399600676,0.5324687803023009,-0.8464496429223537,1,0,0,0,99,12
1701784920,12,5,1,1322,19.5,0.0,81,0,1,0,0,0,0,0,0.5732830801649955,-0.8193573762385589,0.9537707733618594,0.30053504268341247,-0.5913818382891833,-0.8063916674555276,0.9503661577138381,-0.3111336791031087,0.809670821724208,0.5868842819913016,-0.45448636833721334,-0.8907536926646169,0.9723049142796247,-0.23371596793478092,-0.7854030710198365,-0.6189846654260585,-0.8997179184127819,0.43647184019930857,0.5308145437912809,-0.8474880058736255,1,0,0,0,99,12
1701784980,12,5,1,1323,19.5,0.0,81,0,1,0,0,0,0,0,-0.3797192881647377,-0.9251017577519053,0.9810967734509948,-0.19351775402801508,-0.7725017003308197,-0.6350126951376582,0.9041605762080257,-0.4271927579338991,0.8447463400139414,0.5351669095086602,-0.48209599173366907,-0.8761184022461406,0.9685345637214349,-0.2488790848523229,-0.7902148710484772,-0.6128298765349471,-0.8980060903287201,0.4399830243685845,0.5291582823841159,-0.8485231359157464,1,0,0,0,99,8
1701785040,12,5,1,1324,19.5,0.0,81,0,1,0,0,0,0,0,-0.9836094941210283,-0.18031184951348836,0.7682160664531458,-0.6401906553857654,-0.9055911481970673,-0.424151709070136,0.8438458713148201,-0.5365856366554476,0.8765231419236595,0.48135972169706537,-0.5092348565754973,-0.860627597075839,0.964527759340248,-0.26398144151072533,-0.7949784404343068,-0.6066376836668139,-0.896280559776573,0.4434874949382373,0.5275000023989397,-0.8495550291000099,1,0,0,0,99,6
1701785100,12,5,1,1325,19.5,0.0,81,0,1,0,0,0,0,0,-0.6831736673300343,0.7302559416169317,0.36724927391559825,-0.9301225568754183,-0.982375324627868,-0.18691902407805047,0.7703632338313046,-0.6376052759826998,0.9048771397219348,0.425672834473437,-0.535876462221734,-0.8442964036620779,0.9602854793398883,-0.2790193508862083,-0.7996934884336023,-0.6004084647611956,-0.8945413530858134,0.4469851984343578,0.5258397101615864,-0.850583681490057,1,0,0,0,99,4
1701785160,12,5,1,1326,19.5,0.0,81,0,1,0,0,0,0,0,0.24536887858740644,0.9694297877725641,-0.12363294914268595,-0.9923280172837418,-0.9980801614308696,0.0619353805036276,0.6848593357385049,-0.728675298230847,0.9296976116541461,0.368323703940673,-0.5619947935965809,-0.8271407691380811,0.9558087594121748,-0.2939891416888716,-0.8043597272641364,-0.5941426000175077,-0.8927884967945957,0.4504760814862939,0.5241774120055661,-0.8516090891618918,1,0,0,0,99,4
1701785220,12,5,1,1327,19.5,0.0,81,0,1,0,0,0,0,0,0.9483204091081449,0.3173143578046236,-0.5842455144009993,-0.8115769704115019,-0.9517292079188023,0.30693894310473063,0.5886684367686403,-0.8083745861618643,0.9508876343085613,0.3095362772262209,-0.5875643465926856,-0.8091774456898254,0.9510986924840727,-0.30888715925898774,-0.8089768721227412,-0.5878404718718389,-0.8910220176493504,0.45396009082746536,0.5225131142720414,-0.8526312482038954,1,0,0,0,99,3
1701785280,12,5,1,1328,19.5,0.0,81,0,1,0,0,0,0,0,0.7793905288984901,-0.6265384293587519,-0.9018144014592891,-0.43212357644616434,-0.8462043418838514,0.5328585288581931,0.48329156372825655,-0.875459459043705,0.9683644611001854,0.24954011797333814,-0.6125601529754697,-0.7904239741978156,0.9461564284508708,-0.3237097664592346,-0.8135446412026923,-0.5815024649736085,-0.889241942604376,0.45743717329617606,0.5208468233098019,-0.8536501547168418,1,0,0,0,99,4
1701785340,12,5,1,1329,19.5,0.0,81,0,1,0,0,0,0,0,-0.10610740923685848,-0.994354673999696,-0.9985876711635528,0.05312873986979144,-0.6880665883946875,0.7256475521455962,0.37037308747694114,-0.9288830798721646,0.9820598453944048,0.18856950989997748,-0.6369578047641863,-0.770898667108712,0.9409831738954507,-0.3384533445626502,-0.8180627557109083,-0.5751289661620904,-0.8874482988214272,0.4609072758364255,0.5191785454752413,-0.8546658048139125,1,0,0,0,99,5
1701785400,12,5,1,1330,19.5,0.0,81,0,1,0,0,0,0,0,-0.8940506846592281,-0.44796581706684435,-0.8508718520044145,0.5253732877360419,-0.4871481870355047,0.8733193252573889,0.25167506307003396,-0.9678117909122075,0.9919203070086345,0.12686254192588234,-0.6607334780658982,-0.7506205905535374,0.9355801917937172,-0.3531142941360932,-0.8225309398849666,-0.5687203644428019,-0.8856411136693016,0.46437034549871836,0.5175082871323327,-0.8556781946207109,1,0,0,0,99,4
1701785520,12,5,1,1332,19.5,0.0,81,0,1,0,0,0,0,0,-0.03527780063100106,0.9993775446659983,-0.01764164581327013,0.9998443740567825,-0.008821166113885877,0.9999610927573088,0.004410625958475234,-0.9999902731420214,0.9999975682825487,0.0022053183419487145,-0.7063266530643069,-0.707886049566577,0.9240903769563281,-0.38217401169717374,-0.8313164294350177,-0.5557994189916117,-0.8819862297654119,0.47127517492882454,0.5141618544151129,-0.8576931779281052,1,0,0,0,99,4
1701785580,12,5,1,1333,19.5,0.0,81,0,1,0,0,0,0,0,0.8218865296781087,0.5696512374547038,0.463868926823783,0.8859038428223189,0.23884739602692043,0.971057115421724,-0.12029730790478227,-0.992737909878968,0.9981828264098136,-0.06025815347748382,-0.7280996337993461,-0.6854713146888483,0.9180063492941779,-0.3965656851715436,-0.8356331985900104,-0.5492878638876233,-0.8801385867826792,0.47471682933743603,0.5124856928064255,-0.8586957637421522,1,0,0,0,99,4
1701785640,12,5,1,1334,19.5,0.0,81,0,1,0,0,0,0,0,0.9234121749250919,-0.38380979039116697,0.8318082081799767,0.5550631538882909,0.4716655839213357,0.8817775098879226,-0.24312804251266182,-0.9699942035620426,0.9924702019612586,-0.12248631849712321,-0.7491616375980297,-0.662387228704961,0.9116982035479069,-0.4108605428214292,-0.8398989650015737,-0.5427427830835574,-0.8782775139679819,0.47815124015129495,0.5108075762205887,-0.8596950738928585,1,0,0,0,99,7
1701785700,12,5,1,1335,19.5,0.0,82,0,1,0,0,0,0,0,0.1759569250793735,-0.9843978669809336,0.9960918298482659,0.08832364637815417,0.675157890282653,0.7376732496092542,-0.36216484533341015,-0.9321140621214912,0.9828820026131039,-0.18423617706426285,-0.7694920977710762,-0.6386563328331354,0.9051674797608273,-0.4250550947623523,-0.8441134683093121,-0.5361645760574115,-0.8764030397190016,0.48157835496551776,0.509127511059107,-0.8606911045681598,1,0,0,0,99,7
1701785760,12,5,1,1336,19.5,0.0,82,0,1,0,0,0,0,0,-0.7332723102173858,-0.6799350844517864,0.9164974316526442,-0.40004057016021116,0.8366721491002945,0.5477040395322044,-0.47555018687189876,-0.8796885924951523,0.9694556700786149,-0.24526659730265726,-0.78907116196914,-0.6143017998904703,0.8984157723154882,-0.43914587559803503,-0.8482764512816665,-0.5295536443090374,-0.8745151926379088,0.48499812148654897,0.5074455037309183,-0.8616838519685015,1,0,0,0,99,7
1701785820,12,5,1,1337,19.5,0.0,82,0,1,0,0,0,0,0,-0.9683343651587963,0.2496568790410366,0.6125124982230825,-0.7904609032207212,0.9461661860425792,0.32368124503844736,-0.5815147267961288,-0.8135358766023928,0.9522436338990125,-0.3053392567273386,-0.8078797115682936,-0.5893474116650812,0.8914447295444292,-0.4531294452664265,-0.8523876598316128,-0.5229103913356348,-0.8726140015309274,0.4884104875329589,0.5057615606523697,-0.8626733123068543,1,0,0,0,99,7
1701785880,12,5,1,1338,19.5,0.0,82,0,1,0,0,0,0,0,-0.31311427047593193,0.949715459295217,0.15856314310832614,-0.9873488388850257,0.9968321922181852,0.07953351845283306,-0.6784049239013403,-0.7346882054493705,0.9313131067072369,-0.36421957288882034,-0.82589938033904,-0.5638175356935875,0.8842560533277641,-0.4670023898795447,-0.8564468430321711,-0.5162352226071247,-0.8706994954078947,0.49181540103624005,0.5040756882471917,-0.8636594818087276,1,0,0,0,99,3
1701785940,12,5,1,1339,19.5,0.0,82,0,1,0,0,0,0,0,0.6299816404820636,0.7766100261106137,-0.33420799952229324,-0.9424993437956903,0.9855200007599263,-0.1695592170958419,-0.7647088390674721,-0.6443759705731422,0.9067458217640548,-0.42167761941254234,-0.8431125723806229,-0.5377371014666263,0.8768514986776913,-0.48076132255692827,-0.8604537531317207,-0.5095285455414014,-0.8687717034818184,0.49521281004160156,0.5023878929464755,-0.8646423567121847,1,0,0,0,99,3
1701786060,12,5,1,1341,19.5,0.0,82,0,1,0,0,0,0,0,0.4440046316200165,-0.8960244902344876,-0.9736592037860289,-0.22800823424331892,0.7835841480796172,-0.621285669300637,-0.9003570595326714,-0.435151887677948,0.84709854434946,-0.5314358438805441,-0.8750530966405822,-0.484026939394625,0.8614020372029035,-0.507923744574604,-0.8683097789886407,-0.49602230566043903,-0.8648763800857435,0.5019849073127403,0.4990065594194428,-0.8665982077389557,1,0,0,0,99,1
1701786120,12,5,1,1342,19.5,0.0,82,0,1,0,0,0,0,0,-0.5140818839291789,-0.8577411128165807,-0.9637793089749802,0.2667010378527043,0.6055158801168206,-0.7958332230601788,-0.9475846197201016,-0.31950491149575566,0.8122514732198877,-0.5833074183071241,-0.8897492394790579,-0.45644965861137193,0.8533609021426315,-0.5213206025991243,-0.8721584152546842,-0.48922356719646887,-0.8629089080535873,0.5053594922446452,0.49731303409188604,-0.8675711764012926,1,0,0,0,99,1
1701786180,12,5,1,1343,19.5,0.0,82,0,1,0,0,0,0,0,-0.9995238862039619,-0.030854511950917846,-0.7179326263483635,0.696112594358514,0.38979956749686495,-0.920899721565414,-0.9800254388446796,-0.19887216803085594,0.7742325774697342,-0.6329011897481092,-0.9035765572844697,-0.42842666248256006,0.8451114312570148,-0.534590187675307,-0.8759538194663309,-0.48239496904750834,-0.8609282690931656,0.5087263660124623,0.4956176116662611,-0.8685408355432871,1,0,0,0,99,3
1701786240,12,5,1,1344,19.5,0.0,82,0,1,0,0,0,0,0,-0.5660082370433905,0.8243995849095468,-0.2963109980159809,0.9550915099898928,0.14984740573347818,-0.9887091356890289,-0.9971732887740798,-0.07513609089835323,0.7331903200732922,-0.6800234955873388,-0.9165215479156338,-0.39998531498835127,0.836655638536056,-0.5477292602242684,-0.8796957599716702,-0.47553692799599256,-0.858934493426592,0.5120854772418407,0.4939202986100892,-0.8695071814659844,1,0,0,0,99,0
1701786300,12,5,1,1345,19.4,0.0,82,0,1,0,0,0,0,0,0.38789277497415287,0.9217045053176486,0.19785789683804822,0.9802307139948351,-0.09942154194430115,-0.9950454044903768,-0.9987605830454005,0.04977245980270217,0.6892849701673822,-0.7244903242289376,-0.9285715708088789,-0.37115338862191627,0.827995588340275,-0.5607346125298864,-0.8833840083819399,-0.4686498626213997,-0.8569276114764303,0.5154367746768755,0.49222110139810366,-0.8704702104830686,1,0,0,0,99,2
1701786360,12,5,1,1346,19.4,0.0,82,0,1,0,0,0,0,0,0.985166958539643,0.17159855419481035,0.6435842780107317,0.7653752524725406,-0.3425089396843968,-0.9395145694646093,-0.9847625524624222,0.1739043279153665,0.6426879772038036,-0.766128033658659,-0.9397148593213419,-0.3419590372700662,0.8191333948967244,-0.5736030695219185,-0.8870183395854673,-0.46173419327470294,-0.8549076538652297,0.5187802071808914,0.4905200265122254,-0.8714299189208766,1,0,0,0,99,3
1701786420,12,5,1,1347,19.4,0.0,82,0,1,0,0,0,0,0,0.6766831837539894,-0.7362743162874585,0.9317387821399994,0.3631292357498508,-0.5643007904700069,-0.8255692689744001,-0.9553976316106295,0.2953224771547197,0.5935813014428943,-0.8047740295122351,-0.9499405322208951,-0.31243076872146003,0.8100712217828319,-0.5863314895511497,-0.8905985317614076,-0.4547903420527146,-0.8528746514150584,0.5221157237372216,0.48881708044153815,-0.8723863031184126,1,0,0,0,99,3
1701786480,12,5,1,1348,19.4,0.0,82,0,1,0,0,0,0,0,-0.2539399894906939,-0.9672199758780141,0.9917711368753414,-0.12802348245924622,-0.7510071512506543,-0.660294069919136,-0.9111240502585628,0.41213221791123295,0.542156703402608,-0.8402774000028898,-0.9592386043114846,-0.28259741682923273,0.8008112813981934,-0.598916765156381,-0.8941243663932834,-0.4478187327723233,-0.8508286351470322,0.5254432734499875,0.48711226968226357,-0.8733393594273613,1,0,0,0,99,2
1701786540,12,5,1,1349,19.4,0.0,82,0,1,0,0,0,0,0,-0.9510919075018955,-0.30890805020977646,0.8089833280759797,-0.5878315871872758,-0.891019524810561,-0.4539649836786557,-0.8526326828355384,0.52251077324843,0.4886149950377956,-0.8724995052286362,-0.9675999961835046,-0.25248811335522686,0.7913558344244475,-0.6113558238230716,-0.8975956282823216,-0.4408197909446265,-0.8487696362808422,0.5287628055448745,0.4854056007377364,-0.8742890842121027,1,0,0,0,99,2
1701786660,12,5,1,1351,19.4,0.0,82,0,1,0,0,0,0,0,0.11490459339101299,0.9933765320449471,-0.05754766700333219,-0.9983427597886778,-0.9995856040851824,0.028785762203928318,-0.6968551635010218,0.717211880201356,0.37602401505664773,-0.9266099179809582,-0.9814810028678492,-0.19155949730963728,0.7718677015232719,-0.6357831795079053,-0.9043735897039191,-0.4267416200068226,-0.8446128166227477,0.535377614396221,0.4819867143416813,-0.8761785247300407,1,0,0,0,99,2
1701786720,12,5,1,1352,19.4,0.0,82,0,1,0,0,0,0,0,0.89798074546892,0.44003474949949434,-0.5291338443628917,-0.848538375531565,-0.9613891968218607,0.2751923186322931,-0.6019998676776046,0.7984961861625556,0.31741440880766936,-0.9482869255037094,-0.9869870631127111,-0.16079968049764676,0.7618397733439909,-0.6477655129374955,-0.907679875544648,-0.4196632501557079,-0.8425150592587969,0.538672790218836,0.4802745099321658,-0.8771182332555959,1,0,0,0,99,2
1701786780,12,5,1,1353,19.4,0.0,82,0,1,0,0,0,0,0,0.855457541413084,-0.5178729524115752,-0.8711696024344442,-0.49098220313389407,-0.8634182657130592,0.5044887495604367,-0.4977505652631463,0.8673202262026514,0.2575653060850283,-0.966260892875897,-0.991529347239883,-0.12988284552646476,0.7516258529103641,-0.6595897037073636,-0.9109307612841284,-0.41255926622282796,-0.8404044461516217,0.5419597465574229,0.4785604734213729,-0.8780545958416888,1,0,0,0,99,0
1701786840,12,5,1,1354,19.4,0.0,82,0,1,0,0,0,0,0,0.026430618926637908,-0.9996506501689252,-0.9999126587279824,-0.01321646380607935,-0.7117641687406298,0.7024185134924622,-0.38573403175474275,0.9226100241956138,0.19671041635407388,-0.9804616321395789,-0.9951034197859987,-0.09883918216077345,0.7412284338045774,-0.6712528651109158,-0.9141260485050504,-0.4054301017987467,-0.8382810095065815,0.5452384332570721,0.47684461134783096,-0.8789876089163806,1,0,0,0,99,1
1701786900,12,5,1,1355,19.6,0.0,81,0,1,0,0,0,0,0,-0.8268964927099149,-0.5623541502861356,-0.8838422229917893,0.4677851268017531,-0.515856023129636,0.856675296364309,-0.2676982476928931,0.9635028013359144,0.13508737665689868,-0.9908336897118291,-0.9977057907298696,-0.06769900401103005,0.7306500544073853,-0.6827521497545687,-0.9172655421835513,-0.3982761920109155,-0.8361447817247069,0.5485088002890585,0.47512693025703223,-0.87991726892051,1,0,0,0,99,1
1701786960,12,5,1,1356,19.6,0.0,81,0,1,0,0,0,0,0,-0.9199787823775267,0.39196816194069034,-0.5513763859920506,0.83425660379187,-0.2878744485084861,0.9576681585475916,-0.1454851220097925,0.989360439513222,0.07293682364477497,-0.997336562929792,-0.9993339189004324,-0.03649271893274041,0.7198932972784023,-0.6940847502528994,-0.9203490507011184,-0.3910979734971153,-0.8339957954022056,0.5517707977516048,0.473407436701408,-0.8808435723077068,1,0,0,0,99,0
1701787020,12,5,1,1357,19.6,0.0,81,0,1,0,0,0,0,0,-0.16723682222676747,0.9859167537330383,-0.08391437977772838,0.9964729684575088,-0.041994234976311204,0.9991178530227325,-0.0210017496564878,0.9997794389320908,0.01050145389718089,-0.9999448582127144,-0.999986214458158,-0.005250799333704363,0.7089607885256082,-0.7052478999140287,-0.9233763858562847,-0.3838958843788061,-0.8318340833299649,0.5550243758706431,0.4716861372403035,-0.8817665155444051,1,0,0,0,99,1
1701787080,12,5,1,1358,19.6,0.0,81,0,1,0,0,0,0,0,0.7392619010271615,0.6734180289312927,0.40409279322248953,0.9147179972350201,0.20649697669091896,0.9784472385455999,0.10380934797598938,0.9945972145913138,-0.051974923803148484,-0.9986483902233343,-0.999662040447504,0.025996247581773553,0.6978551971642206,-0.7162388734150686,-0.9263473628761159,-0.3766703642343869,-0.8296596784930514,0.5582694850005744,0.4699630384399531,-0.8826860951098568,1,0,0,0,99,1
1701787140,12,5,1,1359,19.6,0.0,81,0,1,0,0,0,0,0,0.9660866417576471,-0.2582181260435283,0.7931639572129864,0.6090081583839709,0.44214920649936096,0.8969415138078879,0.22700053545323648,0.9738946333684891,-0.11424834053830024,-0.9934522216414057,-0.9983617134188905,0.05721790960265128,0.6865792344650938,-0.7270549874674718,-0.9292618004274876,-0.36942185407236544,-0.8274726140702076,0.5615060756250259,0.46823814687345483,-0.8836023074961455,1,0,0,0,99,1
1701787260,12,5,1,1361,19.6,0.0,81,0,1,0,0,0,0,0,-0.6368309773690272,-0.7710034411487472,0.9410110098050786,-0.3383759439227712,0.8180391017313204,0.5751626100839783,0.4608890267277047,0.8874577764840359,-0.23721532783102786,-0.9714570954200797,-0.9928386312538608,0.11946318382648319,0.6635272474335613,-0.7481521181639744,-0.9349203490576014,-0.3548576347185062,-0.8230606401470387,0.5679535039426616,0.46478301176857706,-0.8854246167638049,1,0,0,0,99,2
1701787320,12,5,1,1362,19.6,0.0,81,0,1,0,0,0,0,0,-0.9928582704344598,0.11929985259795185,0.6635887835859072,-0.7480975379581034,0.9349057540624358,0.3548960848205405,0.5679365788446187,0.8230723190645342,-0.29742871493474354,-0.9547440282778767,-0.9886212693134506,0.15042601457547708,0.6517568509131771,-0.7584279842461896,-0.9376641147677002,-0.34754281445155094,-0.8208357979680074,0.5711642432560222,0.46305278141048767,-0.8863307066936196,1,0,0,0,99,2
1701787380,12,5,1,1363,19.6,0.0,81,0,1,0,0,0,0,0,-0.43605624846295626,0.8999194120455523,0.2236968796769947,-0.9746587638875343,0.9936444947483819,0.11256383991421444,0.6661216705999684,0.7458430933896936,-0.3564806492716725,-0.9343027061369601,-0.9834385354807285,0.1812419568740085,0.6398273373051481,-0.7685186910134354,-0.9403506502931328,-0.3402067819625033,-0.8185984308446063,0.574366267305757,0.4613207846467808,-0.8872334155411858,1,0,0,0,99,2
1701787440,12,5,1,1364,19.6,0.0,81,0,1,0,0,0,0,0,0.5216538773689684,0.8531572142494731,-0.27096382207826836,-0.9625895320045489,0.9906032333897737,-0.13676707936387883,0.7539121564757657,0.6569752356961871,-0.4141405343019522,-0.9102129519228418,-0.9772954906073296,0.2118809194773779,0.6277416190291282,-0.7784217749643756,-0.9429797916616176,-0.3328499850049752,-0.8163485729163049,0.5775595272329186,0.45958702808449753,-0.8881327398629437,1,0,0,0,99,2
1701787500,12,5,1,1365,19.5,0.0,82,0,1,0,0,0,0,0,0.999757834077975,0.0220062082085053,-0.6992831299951024,-0.7148448112032798,0.9259710608877795,-0.37759448406771,0.8299380953022069,0.5578554991806973,-0.47018320940847236,-0.8825688356102025,-0.9701981332723235,0.2423129839585546,0.6155026466399008,-0.7881348184030936,-0.9455513784039167,-0.3254728725999345,-0.8140862585131672,0.5807439743122892,0.45785151833739224,-0.8890286762282443,1,0,0,0,99,0
1701787560,12,5,1,1366,19.5,0.0,82,0,1,0,0,0,0,0,0.5586890487551656,-0.8293772041725335,-0.9563935393373727,-0.29208114953507913,0.803766492687733,-0.594944892601374,0.8930131277314388,0.45003061418009443,-0.5243898291442662,-0.8514783068816535,-0.962153393924704,0.2725084339230132,0.6031134081070436,-0.7976554500293386,-0.9480652535636296,-0.3180758950082994,-0.8118115221553275,0.5839195599531243,0.45611426202590716,-0.8899212212193629,1,0,0,0,99,0
1701787620,12,5,1,1367,19.5,0.0,82,0,1,0,0,0,0,0,-0.39603587146658814,-0.9182350399062867,-0.9793454548590826,0.20219416422552014,0.6315876169521059,-0.7753045092818435,0.942152988978394,0.3351831519618465,-0.5765487178192982,-0.8170627735865361,-0.9531691281159226,0.3024377840262885,0.5905769280854576,-0.8069813455174439,-0.9505212637067737,-0.3106595037034567,-0.8095243985524638,0.5870862356998942,0.454375265777147,-0.8908103714315113,1,0,0,0,99,1
1701787680,12,5,1,1368,19.5,0.0,82,0,1,0,0,0,0,0,-0.986647237874957,-0.16287181460804662,-0.7625194471644794,0.6469652948157085,0.42013968223930687,-0.907459446701534,0.9765908679435658,0.21510526876214117,-0.6264561960895026,-0.7794566276458689,-0.943254108829076,0.33207180876591375,0.5778962671769416,-0.8161102280837784,-0.9529192589311485,-0.3032241513437061,-0.8072249226032686,0.5902439532330229,0.45263453622485383,-0.8916961234728519,1,0,0,0,99,1
1701787740,12,5,1,1369,19.5,0.0,82,0,1,0,0,0,0,0,-0.6701396839379524,0.7422350059189753,-0.3590020850085865,0.9333367575315394,0.18256949699834932,-0.9831929509337268,0.9957893730437494,0.09167073978722218,-0.6739173763202645,-0.7388067202547708,-0.9324180179122373,0.36138157101962826,0.5650745211829904,-0.8250398690425901,-0.9552590928754853,-0.29577029174463243,-0.8049131293949157,0.5933926643696261,0.45089208000938197,-0.8925784739645097,1,0,0,0,99,1
1701787860,12,5,1,1371,19.5,0.0,82,0,1,0,0,0,0,0,0.9537888904975496,0.30047754053082465,0.5914061461758642,0.8063738402660471,-0.3111480031544096,-0.9503614681441075,0.9875123969206937,-0.1575413149873589,-0.7607697795612544,-0.6490218351537339,-0.9080258353025353,0.41891417071177367,0.5390203286000568,-0.8422927551367677,-0.9597637092370099,-0.28080887171102015,-0.8002527324886245,0.5996628754095837,0.44740201418322667,-0.8943329568481706,1,0,0,0,99,0
1701787920,12,5,1,1372,19.5,0.0,82,0,1,0,0,0,0,0,0.7681774687903683,-0.640236968975412,0.9056039335646163,0.42412441041785603,-0.5365983551885637,-0.8438377837054513,0.9601660751415484,-0.2794299700233931,-0.799821845795485,-0.6002374654987004,-0.8944935621620483,0.44708082854294906,0.5257942427685239,-0.8506117882274349,-0.9619282167156328,-0.2733022244444464,-0.7979041999026094,0.6027842796372321,0.4456544178860835,-0.8952050825473546,1,0,0,0,99,1
1701787980,12,5,1,1373,19.5,0.0,82,0,1,0,0,0,0,0,-0.12369277509077573,-0.9923205618097122,0.9980782939754056,-0.06196546695655508,-0.7286856204689904,-0.6848483529378766,0.9178366828956763,-0.396958213834985,-0.8357506248382304,-0.5491091813860951,-0.8800878312379098,0.47481091953213594,0.5124397918135671,-0.858723156649492,-0.9640340130538684,-0.26577889621874423,-0.7955434922801972,0.6058964861184029,0.4439051215527915,-0.8960737933112437,1,0,0,0,99,1
1701788040,12,5,1,1374,19.5,0.0,82,0,1,0,0,0,0,0,-0.901840451991919,-0.43206920643689867,0.8461882788236016,-0.5328840368987897,-0.8754667432001029,-0.4832783685937176,0.8611847561916425,-0.5082920574857935,-0.8684158155762116,-0.49583663767122255,-0.864822709481898,0.5020773657160704,0.49896023603285744,-0.866624880128672,-0.9660809697247618,-0.25823934621909184,-0.7931706456428818,0.6089994473646541,0.4421541318563844,-0.8969390858259702,1,0,0,0,99,2
1701788100,12,5,1,1375,19.6,0.0,81,0,1,0,0,0,0,0,-0.8508401763820226,0.5254245847447649,0.48712186116783707,-0.8733340096276925,-0.9678155840932953,-0.2516604760111404,0.7910943293979361,-0.6116941735822157,-0.8976898611386384,-0.4406278624972463,-0.8487131030263543,0.528853541872773,0.4853588662666146,-0.8743150295725143,-0.9680689617926282,-0.25068403462076094,-0.7907856961973835,0.612093116028615,0.4404014554763557,-0.8978009567907062,1,0,0,0,99,2
1701788160,12,5,1,1376,19.6,0.0,81,0,1,0,0,0,0,0,-0.017581366457004095,0.9998454358317113,0.008791022929352243,-0.9999613582113339,-0.9999903395061709,-0.004395553927897717,0.7086591401823227,-0.7055510066862999,-0.9234584470040598,-0.38369844494974187,-0.8317747426285983,0.5551133015206257,0.47163900309419615,-0.8817917275413242,-0.9699978679206785,-0.24311342256103,-0.7883886803350966,0.6151774449047079,0.4386470990986331,-0.898659402917676,1,0,0,0,99,2
1701788220,12,5,1,1377,19.6,0.0,81,0,1,0,0,0,0,0,0.8318416707079584,0.5550130042384525,-0.47169216431988115,-0.8817632914332657,-0.9699905389830525,0.24314266240906215,0.6151655621013492,-0.7883979523086873,-0.9456209473961242,-0.3252706931859315,-0.8140241683101097,0.5808310024499675,0.4578039960234251,-0.8890531487065235,-0.9718675703784244,-0.23552797211103876,-0.7859796346315338,0.6182523869298692,0.4368910694155529,-0.8995144209321686,1,0,0,0,99,1
1701788280,12,5,1,1378,19.6,0.0,81,0,1,0,0,0,0,0,0.9164733120584355,-0.4000958238780323,-0.8366886589042642,-0.5476788183424514,-0.8796814248187952,0.47556344563977404,0.5120725311712326,-0.8589422115718187,-0.9640908182250827,-0.2655727663260874,-0.7954787132054784,0.6059815317622776,0.4438572226728559,-0.8960975202962782,-0.9736779550488648,-0.22792814624758584,-0.7835585958457688,0.6213178951842664,0.4351333731258346,-0.90036600757255,1,0,0,0,99,2
1701788340,12,5,1,1379,19.6,0.0,81,0,1,0,0,0,0,0,0.15850361683560935,-0.9873583966574804,-0.9968345892517676,-0.07950346955485539,-0.7346779803270462,0.6784159971747219,0.40098877965928054,-0.9160829649040315,-0.9787959350406068,-0.20483778349704984,-0.7761564866368926,0.6305403303924937,0.42980208794717734,-0.9029231225282952,-0.9754289114354503,-0.22031440882487097,-0.7811256009198748,0.6243739228920155,0.43337401693455535,-0.9012141595902762,1,0,0,0,99,3
1701788460,12,5,1,1381,19.6,0.0,81,0,1,0,0,0,0,0,-0.9637632281627969,0.26675914237608567,-0.6054918899638188,0.7958514755832541,-0.31949062929665556,0.9475894352469465,0.1618804570555901,-0.9868103757173783,-0.9966971394855556,-0.08120844870646692,-0.7352579304932613,0.6777874118385252,0.4013804854259078,-0.9159114072437697,-0.9787521155133637,-0.2050470589355408,-0.7762238913276056,0.6304573502880505,0.4298503516992568,-0.9029001468291082,1,0,0,0,99,1
1701788520,12,5,1,1382,19.6,0.0,81,0,1,0,0,0,0,0,-0.2962534162455665,0.9551093724609926,-0.1498176016678404,0.9887136522929661,-0.07512106131782845,0.9971744211252528,0.03758709136623356,-0.9992933556081649,-0.9998233232947121,-0.01879686665158652,-0.7137215376642303,0.7004295586811045,0.38702095635694944,-0.9220709188237921,-0.980324160373443,-0.19739437830927187,-0.773755251455288,0.6334846571507191,0.4280860560969494,-0.9037379756186854,1,0,0,0,99,0
1701788580,12,5,1,1383,19.6,0.0,81,0,1,0,0,0,0,0,0.6436304203252101,0.7653364502178067,0.3425372605879492,0.9395042443272427,0.17391917041079355,0.9847599312338116,-0.08729280831256489,-0.996182696907001,-0.9990452184228202,0.043688116765311646,-0.6914882078657193,0.7223877479461123,0.37256694167215626,-0.928005320013337,-0.9818363712995504,-0.18972964974755915,-0.7712748050298153,0.636502297816921,0.4263201274764534,-0.904572356922574,1,0,0,0,99,2
1701788640,12,5,1,1384,19.6,0.0,81,0,1,0,0,0,0,0,0.9917634167027485,-0.1280832748257572,0.7510270550472058,0.6602714309941945,0.412145950487085,0.911117838425468,-0.2108105329134813,-0.9775269404025313,-0.9943658633527529,0.10600249902117563,-0.6685796515669709,0.7436405378343678,0.3580219701119138,-0.9337131620134654,-0.983288655994125,-0.18205334106592852,-0.7687825898997481,0.6395102262411726,0.4245525725742499,-0.9054032875578629,1,0,0,0,99,2
1701788700,12,5,1,1385,19.5,0.0,82,0,1,0,0,0,0,0,0.4280737015151094,-0.9037438276808053,0.9756392334466684,0.21938114358257266,0.6247474915585606,0.7808268513513648,-0.3310386296556908,-0.943617202935429,-0.9858035308659198,0.16790294378683643,-0.6450182385844464,0.7641671753572108,0.3433895926224244,-0.9391930513364147,-0.9846809258171946,-0.1743659207866968,-0.766278644093223,0.6425083965261867,0.42278339813302346,-0.9062307643548045,1,0,0,0,99,2
1701788760,12,5,1,1386,19.5,0.0,82,0,1,0,0,0,0,0,-0.5291850006825017,-0.8485064731943184,0.9613809008905675,-0.2752212989629269,0.798505259520226,0.601987832533629,-0.44610097930085907,-0.8949826346174625,-0.9733916566874463,0.22914773115016593,-0.6208269762380796,0.783947616601443,0.3286733814887943,-0.9444436501457996,-0.986013095791785,-0.16666785811037535,-0.7637630058173724,0.6454967629235737,0.42101261090163694,-0.9070547841568264,1,0,0,0,99,0
1701788820,12,5,1,1387,19.5,0.0,82,0,1,0,0,0,0,0,-0.999913453714287,-0.01315618034106097,0.7117429944653691,-0.7024399688439358,0.9226158379422976,0.3857201259696363,-0.5542020723663724,-0.8323821616209818,-0.9571787089203828,0.2894977015271609,-0.5960294868850194,0.8029625463018686,0.3138769294629118,-0.9494636765832247,-0.9872850846091074,-0.15895962288703272,-0.7612357134577412,0.648475279834539,0.4192402176351054,-0.9078753438205431,1,0,0,0,99,1
1701788880,12,5,1,1388,19.5,0.0,82,0,1,0,0,0,0,0,-0.5513260887383075,0.8342898440449338,0.2878455800903205,-0.9576768359015827,0.9893626321783087,0.14547021017792156,-0.6536550274502899,-0.7567926433898262,-0.9372279987787994,0.34871718957500053,-0.570649984852799,0.8211933967023238,0.29900384888632797,-0.9542519050812327,-0.9884968146335203,-0.1512416855876172,-0.7586968055777015,0.6514439018105791,0.4174662250945703,-0.9086924402157693,1,0,0,0,99,0
1701788940,12,5,1,1389,19.5,0.0,82,0,1,0,0,0,0,0,0.40414793965314666,0.9146936333407577,-0.20652647125640125,-0.9784410133832181,0.9945956498455084,-0.10382433870914339,-0.742907914451429,-0.6693936290744246,-0.9136174333588498,0.4065749444601668,-0.5447132527944557,0.8386223656867753,0.28405777080835576,-0.9588071666625086,-0.9896482119072687,-0.1435145172752418,-0.7561463209178637,0.6544025835541751,0.4156906400472742,-0.9095060702255304,1,0,0,0,99,0
1701789060,12,5,1,1391,19.5,0.0,82,0,1,0,0,0,0,0,0.6635436805468822,-0.7481375435080753,-0.9349164517506565,-0.3548679025298884,0.823063758930585,-0.567948984271524,-0.8854233406319048,-0.4647854428273739,-0.8557994633170126,0.5173077213673821,-0.49126992510870127,0.87100738268036,0.2539612345611432,-0.9672143978147658,-0.9917697307880408,-0.12803437465234527,-0.7510107771038793,0.6602899459130265,0.4121347195317167,-0.9111229186868879,1,0,0,0,99,0
1701789120,12,5,1,1392,19.5,0.0,82,0,1,0,0,0,0,0,-0.2710218548637878,-0.96257319419678,-0.9905991101845337,0.1367969403956463,0.6569638725243397,-0.7539220584369601,-0.9364619742512132,-0.3507691132091307,-0.8218178366308225,0.5697503342653119,-0.4638155159838274,0.8859318072699817,0.23881812402958275,-0.9710643148808378,-0.9927397229084867,-0.1202823451699422,-0.7484257963118128,0.6632185366943757,0.41035439762821135,-0.9119261309706986,1,0,0,0,99,0
1701789180,12,5,1,1393,19.5,0.0,82,0,1,0,0,0,0,0,-0.956411146794012,-0.2920234892746865,-0.8037485580934769,0.5949691213522402,0.4500171544773376,-0.8930199105709347,-0.9728874319701469,-0.23127914889702592,-0.7846270288796537,0.6199680843007058,-0.4359081988786711,0.8999911344843087,0.22361670947817314,-0.9746771605214489,-0.9936491233130156,-0.11252297427314804,-0.7458293954629128,0.6661370075768392,0.40857251034740505,-0.912725864533497,1,0,0,0,99,0
1701789240,12,5,1,1394,19.5,0.0,82,0,1,0,0,0,0,0,-0.7624804410778052,0.6470112649512338,-0.42011232727019937,0.9074721111282797,0.21509054938760125,-0.9765941099372553,-0.9941313067038114,-0.10818015081969684,-0.7443722693718838,0.6677648722343453,-0.40757522481479086,0.9131716356289067,0.20836070211425825,-0.9780520527121516,-0.9944978764965141,-0.10475673555396908,-0.7432216141750619,0.6690453140281423,0.40678906448665614,-0.9135221163245426,1,0,0,0,99,1
1701789300,12,5,1,1395,19.6,0.0,81,0,1,0,0,0,0,0,0.1324712658066232,0.9911868460263136,0.06638205319846043,0.9977942789038012,-0.03320934428891003,-0.9994484176043807,-0.9998620948921858,0.016606962329385515,-0.701210752081931,0.7129540526322105,-0.3788442604605417,0.9254604401680848,0.19305382647323416,-0.9811881675214201,-0.9952859306554624,-0.09698410302358805,-0.7406024922397939,0.6719434116711064,0.40500406684926854,-0.9143148833063767,1,0,0,0,99,0
1701789360,12,5,1,1396,19.6,0.0,81,0,1,0,0,0,0,0,0.9056295018309847,0.4240698119571381,0.5366237918890951,0.8438216079116303,-0.27944444178438205,-0.9601618634146094,-0.9899903695023021,0.14113492938566014,-0.6553110218111473,0.755359162711905,-0.3497433611150432,0.9368455482927549,0.17769981950925717,-0.9840847393118021,-0.9960132376910966,-0.08920555108343296,-0.7379720696216873,0.6748312562843274,0.4032175242444657,-0.9151041624548343,1,0,0,0,99,0
1701789420,12,5,1,1397,19.6,0.0,81,0,1,0,0,0,0,0,0.8461561503963683,-0.5329350515272933,0.8754813109162563,0.4832519779952829,-0.5083050373568597,-0.8611770950261284,-0.9646701755071856,0.26346053307267064,-0.6068523160239768,0.7948146114260453,-0.32030094331265613,0.9473158426380415,0.16230242968292016,-0.9867410609268374,-0.9966797532123439,-0.08142155449622213,-0.7353303864577548,0.6777088038028494,0.4014294434873647,-0.9158899507590552,1,0,0,0,99,0
1701789480,12,5,1,1398,19.6,0.0,81,0,1,0,0,0,0,0,0.00873073653634763,-0.999961886393443,0.999990471552965,0.0043654098637504885,-0.7055616876419274,-0.7086485059123989,-0.9242966260655718,0.3816749232577385,-0.5560238649294927,0.8311663260917572,-0.29054575707471864,0.9568610991392004,0.1468654160461197,-0.989156483863701,-0.9972854365385321,-0.07363258835698702,-0.7326774830568314,0.6805760103188376,0.39963983139895004,-0.9166722452214962,1,0,0,0,99,0
1701789540,12,5,1,1399,19.6,0.0,81,0,1,0,0,0,0,0,-0.8367216762313365,-0.5476283744699707,0.8796670888665696,-0.4755899628514196,-0.8589499295219191,-0.5120595849842967,-0.869499736913214,0.49393340391985197,-0.5030241525414799,0.864272354041205,-0.2605068578356384,0.9654719970152436,0.13139254732433728,-0.9913304184315247,-0.9978302507018728,-0.06583912806407498,-0.7300133998989591,0.6834328320822483,0.39784869480604795,-0.9174510428579413,1,0,0,0,99,0
1701789660,12,5,1,1401,19.6,0.0,81,0,1,0,0,0,0,0,-0.14975799312818222,0.9887226828055576,0.07509100210558642,-0.9971766851480127,-0.999293922013942,-0.03757202983595189,-0.7202680160315159,0.6936958880388611,-0.39134646539935614,0.9202434156349235,-0.19969549865367087,0.9798580039053933,0.10035436237305956,-0.994951758605761,-0.9987371422465876,-0.050240627953076634,-0.7246518570848614,0.6891151471441197,0.3942618754431376,-0.9189981357826902,1,0,0,0,99,0
1701789720,12,5,1,1402,19.6,0.0,81,0,1,0,0,0,0,0,0.7510668605929561,0.6602261513444018,-0.41217341535790386,-0.9111054141383427,-0.9775237629179003,0.21082526634829296,-0.6281618953946932,0.7780826647433718,-0.3331045896236106,0.9428898834814625,-0.16898241997103944,0.985619065227906,0.08479662367127003,-0.9963982801139075,-0.999099164275976,-0.042436540187039476,-0.7219544792391829,0.6919405537374438,0.3924662063557551,-0.9197664251693045,1,0,0,0,99,0
1701789780,12,5,1,1403,19.6,0.0,81,0,1,0,0,0,0,0,0.9613643064072199,-0.2752792588739023,-0.7985234056913743,-0.6019637618354188,-0.894975910803028,0.4461144685865844,-0.526253518474421,0.8503277217010464,-0.2735619475538892,0.9618543865110369,-0.13810433282298404,0.990417686259448,0.06921818308996544,-0.9976015452723217,-0.9994002064419243,-0.0346298623133153,-0.7192460852564008,0.6947554021692399,0.3906690401290842,-0.9205312059265671,1,0,0,0,99,0
1701789840,12,5,1,1404,19.6,0.0,81,0,1,0,0,0,0,0,0.2877878424693353,-0.9576941879988857,-0.9893670168342196,-0.14544038641504342,-0.7567827912998033,0.6536664338884767,-0.41613313140840114,0.9093036989610448,-0.2129510519332497,0.9770628687451604,-0.10709138913759518,0.994249181228016,0.053622843881987556,-0.9985612603210722,-0.9996402503703701,-0.026821070811284417,-0.7165267164632748,0.6975596494883844,0.38887038361876797,-0.9212924751370719,1,0,0,0,99,1
1701789900,12,5,1,1405,19.6,0.0,81,0,1,0,0,0,0,0,-0.6503794366332223,-0.759609497310725,-0.9379790768750454,0.3466918680105397,-0.57153658325144,0.8205765863131057,-0.2995191260060818,0.954090296123251,-0.15150858701200562,0.988455941386173,-0.07597387252808355,0.9971098087437945,0.03801441342573542,-0.9992771909594941,-0.9998192814102692,-0.019010642289332115,-0.7137964143540272,0.7003532529055134,0.38707024368613424,-0.9220502298968081,1,0,0,0,99,1
1701789960,12,5,1,1406,19.6,0.0,81,0,1,0,0,0,0,0,-0.9905908610736387,0.1368566620862393,-0.6569411457329191,0.7539418618455402,-0.3507549986489571,0.9364672609988937,-0.17823122481920262,0.9839886333182142,-0.08947448430079347,0.9959891147292259,-0.04478216872134558,0.9989967754525602,0.022396702295648618,-0.9997491624033901,-0.9999372886344898,-0.011199053455758941,-0.7110552205897088,0.7031361697936755,0.3852686271981697,-0.9228044673151717,1,0,0,0,99,0
1701790020,12,5,1,1407,19.6,0.0,81,0,1,0,0,0,0,0,-0.42005761618676374,0.9074974375079489,-0.21506111049193805,0.9766005932590736,-0.10816516708470997,0.9941329371012394,-0.05416208497999601,0.9985321569937644,-0.027090985643158427,0.9996329718936257,-0.013546735886816838,0.9999082387633441,0.006773523331910133,-0.9999770594277011,-0.9999942648404793,-0.0033867810896848777,-0.708303176997564,0.7059083576889833,0.3834655410274936,-0.9235551845149761,1,0,0,0,99,0
1701790080,12,5,1,1408,19.6,0.0,81,0,1,0,0,0,0,0,0.5366746638272738,0.8437892540237063,0.279473385115912,0.960153439306371,0.14114985067939137,0.9899882421792622,0.07075223608034517,0.9974939203271522,0.03539830273366068,0.9993732836951247,0.017701925105413577,0.9998433086476912,-0.008851309290403876,-0.9999608263946371,-0.9999902065507035,0.004425697988050785,-0.7055403255703919,0.70866977429126,0.3816609920523317,-0.9243023786324636,1,0,0,0,99,0
1701790140,12,5,1,1409,19.6,0.0,81,0,1,0,0,0,0,0,0.9999907329205332,0.004305121723583112,0.7055830490723317,0.7086272368896016,0.38168885437643996,0.9242908732887071,0.19456249216035051,0.9808901246543129,0.09774936149583555,0.9952110642105806,0.04893330046818505,0.9988020485087574,-0.024473980992500227,-0.9997004672672604,-0.9999251140128596,0.012237906943992148,-0.7027667084659062,0.7114203774646858,0.37985498715648985,-0.9250460468173154,1,0,0,0,99,0
1701790260,12,5,1,1411,19.6,0.0,81,0,1,0,0,0,0,0,-0.4122283439759128,-0.9110805630803879,0.9775174072824452,-0.2108547330742331,0.7780921324220651,0.6281501679239475,0.4311901158862831,0.9022610952279688,0.22106436254180728,0.9752592207274866,0.11122225333204101,0.993795557629306,-0.055697586889801545,-0.9984476845657227,-0.999611845809593,0.027859607268205022,-0.6971873466765569,0.7168889758073439,0.37623863716573297,-0.9265227940551014,1,0,0,0,99,1
1701790320,12,5,1,1412,19.6,0.0,81,0,1,0,0,0,0,0,-0.9893757834489771,-0.14538073849283703,0.7567630866040035,-0.6536892463193665,0.9093099708898409,0.4161194261751267,0.5403149886061247,0.8414628411805024,0.2815467623854851,0.9595475082507646,0.14221900672771448,0.9898352156421706,-0.07129089828943605,-0.9974555668404911,-0.9993636892644466,0.03566814516840596,-0.6943816871258898,0.7196068875324937,0.3744283058660939,-0.9272558674746938,1,0,0,0,99,1
1701792000,12,6,2,0,19.5,0.0,82,0,0,1,0,0,0,0,0.0,1.0,0.0,1.0,0.0,1.0,0.0,1.0,0.0,1.0,0.0,1.0,0.0,1.0,0.0,1.0,0.0,1.0,0.0,1.0,1,0,0,0,99,0
1701792060,12,6,2,1,19.5,0.0,82,0,0,1,0,0,0,0,0.8414709848078965,0.5403023058681398,0.479425538604203,0.8775825618903728,0.24740395925452294,0.9689124217106447,0.12467473338522769,0.992197667229329,0.0624593178423802,0.9980475107000991,0.03124491398532608,0.9995117584851364,0.015624364224883372,0.9998779321710066,0.0078124205273828315,0.9999694825770951,0.0039062400659001166,0.99999237061517,0.001953123758236804,0.9999980926519735,1,0,0,0,99,0
1701792120,12,6,2,2,19.5,0.0,82,0,0,1,0,0,0,0,0.9092974268256817,-0.4161468365471424,0.8414709848078965,0.5403023058681398,0.479425538604203,0.8775825618903728,0.24740395925452294,0.9689124217106447,0.12467473338522769,0.992197667229329,0.0624593178423802,0.9980475107000991,0.03124491398532608,0.9995117584851364,0.015624364224883372,0.9998779321710066,0.0078124205273828315,0.9999694825770951,0.0039062400659001166,0.99999237061517,1,0,0,0,99,0
1701792180,12,6,2,3,19.5,0.0,82,0,0,1,0,0,0,0,0.1411200080598672,-0.9899924966004454,0.9974949866040544,0.0707372016677029,0.6816387600233341,0.7316888688738209,0.36627252908604757,0.9305076219123143,0.18640329676226988,0.9824733131012553,0.09361273123551289,0.9956086864580017,0.04685783574813424,0.9989015683384429,0.02343535429172257,0.9997253543694995,0.011718481780940232,0.9999313362350186,0.005859341472444868,0.9999828339114173,1,0,0,0,99,0
1701792240,12,6,2,4,19.5,0.0,82,0,0,1,0,0,0,0,-0.7568024953079283,-0.6536436208636119,0.9092974268256817,-0.4161468365471424,0.8414709848078965,0.5403023058681398,0.479425538604203,0.8775825618903728,0.24740395925452294,0.9689124217106447,0.12467473338522769,0.992197667229329,0.0624593178423802,0.9980475107000991,0.03124491398532608,0.9995117584851364,0.015624364224883372,0.9998779321710066,0.0078124205273828315,0.9999694825770951,1,0,0,0,99,1
1701792300,12,6,2,5,19.5,0.0,82,0,0,1,0,0,0,0,-0.9589242746631385,0.28366218546322625,0.5984721441039564,-0.8011436155469337,0.9489846193555862,0.3153223623952687,0.5850972729404622,0.8109631195052179,0.30743851458038085,0.9515679480481722,0.15561499277355603,0.9878177838164719,0.07804555138996731,0.9969497940760287,0.03905256665042215,0.999237157554709,0.01953000826025172,0.9998092711999397,0.009765469780311044,0.9999523166631346,1,0,0,0,99,0
1701792360,12,6,2,6,19.5,0.0,82,0,0,1,0,0,0,0,-0.27941549819892586,0.960170286650366,0.1411200080598672,-0.9899924966004454,0.9974949866040544,0.0707372016677029,0.6816387600233341,0.7316888688738209,0.36627252908604757,0.9305076219123143,0.18640329676226988,0.9824733131012553,0.09361273123551289,0.9956086864580017,0.04685783574813424,0.9989015683384429,0.02343535429172257,0.9997253543694995,0.011718481780940232,0.9999313362350186,1,0,0,0,99,1
1701792420,12,6,2,7,19.5,0.0,82,0,0,1,0,0,0,0,0.6569865987187891,0.7539022543433046,-0.35078322768961984,-0.9364566872907963,0.9839859468739369,-0.17824605564949209,0.7675435022360271,0.6409968581633251,0.42367625720393803,0.9058136834259364,0.21700958109501015,0.9761694738686353,0.10915705687532236,0.9940245152582091,0.05466024488506646,0.9985050113189741,0.027340342728520383,0.9996261829601539,0.013671449079123222,0.999906541372781,1,0,0,0,99,2
1701792480,12,6,2,8,19.5,0.0,82,0,0,1,0,0,0,0,0.9893582466233818,-0.14550003380861354,-0.7568024953079283,-0.6536436208636119,0.9092974268256817,-0.4161468365471424,0.8414709848078965,0.5403023058681398,0.479425538604203,0.8775825618903728,0.24740395925452294,0.9689124217106447,0.12467473338522769,0.992197667229329,0.0624593178423802,0.9980475107000991,0.03124491398532608,0.9995117584851364,0.015624364224883372,0.9998779321710066,1,0,0,0,99,2
1701792540,12,6,2,9,19.5,0.0,82,0,0,1,0,0,0,0,0.4121184852417566,-0.9111302618846769,-0.977530117665097,-0.2107957994307797,0.7780731968879212,-0.6281736227227391,0.9022675940990952,0.4311765167986662,0.5333026735360201,0.8459244992310679,0.2775567516463363,0.9607092430155619,0.1401619723470637,0.9901285883701071,0.07025457860486005,0.9975290944052978,0.03514900848318622,0.9993820826904237,0.017577219768442984,0.999845508738831,1,0,0,0,99,2
1701792600,12,6,2,10,19.5,0.0,82,0,0,1,0,0,0,0,-0.5440211108893698,-0.8390715290764524,-0.9589242746631385,0.28366218546322625,0.5984721441039564,-0.8011436155469337,0.9489846193555862,0.3153223623952687,0.5850972729404622,0.8109631195052179,0.30743851458038085,0.9515679480481722,0.15561499277355603,0.9878177838164719,0.07804555138996731,0.9969497940760287,0.03905256665042215,0.999237157554709,0.01953000826025172,0.9998092711999397,1,0,0,0,99,1
1701792660,12,6,2,11,19.5,0.0,82,0,0,1,0,0,0,0,-0.9999902065507035,0.004425697988050785,-0.7055403255703919,0.70866977429126,0.3816609920523317,-0.9243023786324636,0.9808930570231557,0.19454770798898718,0.6346070800152693,0.7728349461524715,0.33702006902225307,0.9414974631278811,0.17103002203139503,0.9852658177182139,0.08583176067687935,0.996309645069798,0.042955528923538926,0.9990769852893715,0.021482722251015034,0.9997692196925677,1,0,0,0,99,2
1701792720,12,6,2,12,19.5,0.0,82,0,0,1,0,0,0,0,-0.5365729180004349,0.8438539587324921,-0.27941549819892586,0.960170286650366,0.1411200080598672,-0.9899924966004454,0.9974949866040544,0.0707372016677029,0.6816387600233341,0.7316888688738209,0.36627252908604757,0.9305076219123143,0.18640329676226988,0.9824733131012553,0.09361273123551289,0.9956086864580017,0.04685783574813424,0.9989015683384429,0.02343535429172257,0.9997253543694995,1,0,0,0,99,2
1701792780,12,6,2,13,19.5,0.0,82,0,0,1,0,0,0,0,0.4201670368266409,0.9074467814501962,0.21511998808781552,0.9765876257280235,-0.10819513453010837,-0.9941296760805463,0.9985313405398316,-0.05417713502693632,0.7260086552607126,0.6876855622205048,0.39516733024093426,0.9186091557949183,0.2017310638016388,0.9794409517155483,0.10138798815552964,0.9948469610235406,0.05075942757980711,0.99871090937857,0.02538789693367659,0.999677675398068,1,0,0,0,99,2
1701792840,12,6,2,14,19.5,0.0,82,0,0,1,0,0,0,0,0.9906073556948704,0.1367372182078336,0.6569865987187891,0.7539022543433046,-0.35078322768961984,-0.9364566872907963,0.9839859468739369,-0.17824605564949209,0.7675435022360271,0.6409968581633251,0.42367625720393803,0.9058136834259364,0.21700958109501015,0.9761694738686353,0.10915705687532236,0.9940245152582091,0.05466024488506646,0.9985050113189741,0.027340342728520383,0.9996261829601539,1,0,0,0,99,2
1701792900,12,6,2,15,19.5,0.0,82,0,0,1,0,0,0,0,0.6502878401571168,-0.7596879128588213,0.9379999767747389,0.3466353178350258,-0.5715613187423437,-0.8205593573395608,0.9540857816096938,-0.29953350618957414,0.806081108260693,0.5918050750924775,0.4517714714916838,0.8921336993669944,0.23223511861151147,0.9726596782449127,0.11691946321097965,0.9931413993598577,0.05856022814223956,0.9982838773014061,0.029292684228266686,0.9995708772521852,1,0,0,0,99,1
1701792960,12,6,2,16,19.5,0.0,82,0,0,1,0,0,0,0,-0.2879033166650653,-0.9576594803233847,0.9893582466233818,-0.14550003380861354,-0.7568024953079283,-0.6536436208636119,0.9092974268256817,-0.4161468365471424,0.8414709848078965,0.5403023058681398,0.479425538604203,0.8775825618903728,0.24740395925452294,0.9689124217106447,0.12467473338522769,0.992197667229329,0.0624593178423802,0.9980475107000991,0.03124491398532608,0.9995117584851364,1,0,0,0,99,0
1701793020,12,6,2,17,19.5,0.0,82,0,0,1,0,0,0,0,-0.9613974918795568,-0.27516333805159693,0.7984871126234903,-0.6020119026848236,-0.8949893582285835,-0.4460874899137928,0.850319789818452,-0.5262663347043051,0.8735749351670712,0.4866896677019633,0.5066114548142574,0.8621744799348805,0.2625123997691533,0.964928619104771,0.13242239405634718,0.9911933764671682,0.06635745449017677,0.9977959151217167,0.03319702455253542,0.9994488268845275,1,0,0,0,99,0
1701793080,12,6,2,18,19.5,0.0,82,0,0,1,0,0,0,0,-0.7509872467716762,0.6603167082440802,0.4121184852417566,-0.9111302618846769,-0.977530117665097,-0.2107957994307797,0.7780731968879212,-0.6281736227227391,0.9022675940990952,0.4311765167986662,0.5333026735360201,0.8459244992310679,0.2775567516463363,0.9607092430155619,0.1401619723470637,0.9901285883701071,0.07025457860486005,0.9975290944052978,0.03514900848318622,0.9993820826904237,1,0,0,0,99,1
1701793140,12,6,2,19,19.5,0.0,82,0,0,1,0,0,0,0,0.14987720966295234,0.9887046181866692,-0.0751511204618093,-0.9971721561963784,-0.999292788975378,0.03760215288797655,0.6936850319532718,-0.7202784714566918,0.9274369173848677,0.37397963082453317,0.5594731312473669,0.8288484876093257,0.29253334202332754,0.9562553235431753,0.14789299587340962,0.9890033679273229,0.07415063072111083,0.9972470526221983,0.03710085833105311,0.9993115261574336,1,0,0,0,99,0
1701793260,12,6,2,21,19.5,0.0,82,0,0,1,0,0,0,0,0.836655638536056,-0.5477292602242684,-0.8796957599716702,-0.47553692799599256,-0.858934493426592,0.5120854772418407,0.4939202986100892,-0.8695071814659844,0.9668265566961802,0.2554337668888117,0.6101500770757914,0.7922858596771786,0.3222686304333866,0.9466482608860534,0.16332749173661285,0.9865719083994976,0.08193928117973213,0.9966373233025887,0.041004125996119335,0.9991589771659435,1,0,0,0,99,0
1701793320,12,6,2,22,19.5,0.0,82,0,0,1,0,0,0,0,-0.008851309290403876,-0.9999608263946371,-0.9999902065507035,0.004425697988050785,-0.7055403255703919,0.70866977429126,0.3816609920523317,-0.9243023786324636,0.9808930570231557,0.19454770798898718,0.6346070800152693,0.7728349461524715,0.33702006902225307,0.9414974631278811,0.17103002203139503,0.9852658177182139,0.08583176067687935,0.996309645069798,0.042955528923538926,0.9990769852893715,1,0,0,0,99,0
1701793380,12,6,2,23,19.5,0.0,82,0,0,1,0,0,0,0,-0.8462204041751706,-0.5328330203333975,-0.8754521746884285,0.4833047587530059,-0.5082790774992584,0.8611924171615208,0.26344599336342084,-0.9646741463213163,0.9911291909537616,0.13290194445282522,0.6584443999105676,0.7526293724180665,0.3516892289948141,0.9361168122670553,0.17872211353515366,0.983899591489664,0.08972293048696088,0.9959667643776232,0.04490676798867188,0.9989911822377671,1,0,0,0,99,0
1701793440,12,6,2,24,19.5,0.0,82,0,0,1,0,0,0,0,-0.9055783620066239,0.424179007336997,-0.5365729180004349,0.8438539587324921,-0.27941549819892586,0.960170286650366,0.1411200080598672,-0.9899924966004454,0.9974949866040544,0.0707372016677029,0.6816387600233341,0.7316888688738209,0.36627252908604757,0.9305076219123143,0.18640329676226988,0.9824733131012553,0.09361273123551289,0.9956086864580017,0.04685783574813424,0.9989015683384429,1,0,0,0,99,0
1701793500,12,6,2,25,19.5,0.0,83,0,0,1,0,0,0,0,-0.13235175009777303,0.9912028118634736,-0.06632189735120068,0.9977982791785807,-0.03317921654755682,0.9994494182244994,0.016591892229347906,-0.9998623450816866,0.9999655856782489,0.008296231623858378,0.7041675114545337,0.7100338835660797,0.38076640899239017,0.9246712614670362,0.1940731028929098,0.9809870696056692,0.09750110356896174,0.9952354167747622,0.04880872475919552,0.9988081439332486,1,0,0,0,99,1
1701793560,12,6,2,26,19.5,0.0,83,0,0,1,0,0,0,0,0.7625584504796027,0.6469193223286404,0.4201670368266409,0.9074467814501962,0.21511998808781552,0.9765876257280235,-0.10819513453010837,-0.9941296760805463,0.9985313405398316,-0.05417713502693632,0.7260086552607126,0.6876855622205048,0.39516733024093426,0.9186091557949183,0.2017310638016388,0.9794409517155483,0.10138798815552964,0.9948469610235406,0.05075942757980711,0.99871090937857,1,0,0,0,99,0
1701793620,12,6,2,27,19.5,0.0,83,0,0,1,0,0,0,0,0.956375928404503,-0.2921388087338362,0.8037844265516209,0.594920663309892,0.4500440737806176,0.8930063446890767,-0.23129381240202182,-0.9728839459794464,0.9931978518853749,-0.11643894112485227,0.7471408639355942,0.6646657275936332,0.40947177705329507,0.9123227848721178,0.20937671208599365,0.9778350537979598,0.10527332568613999,0.9944433251316939,0.05270993676863066,0.9986098650453273,1,0,0,0,99,1
1701793680,12,6,2,28,19.5,0.0,83,0,0,1,0,0,0,0,0.27090578830786904,-0.9626058663135666,0.9906073556948704,0.1367372182078336,0.6569865987187891,0.7539022543433046,-0.35078322768961984,-0.9364566872907963,0.9839859468739369,-0.17824605564949209,0.7675435022360271,0.6409968581633251,0.42367625720393803,0.9058136834259364,0.21700958109501015,0.9761694738686353,0.10915705687532236,0.9940245152582091,0.05466024488506646,0.9985050113189741,1,0,0,0,99,0
1701793740,12,6,2,29,19.5,0.0,83,0,0,1,0,0,0,0,-0.6636338842129675,-0.7480575296890004,0.934895055524683,-0.354924266788705,0.8230808790115055,0.5679241732886948,-0.46479878803160896,-0.8854163352030204,0.9709315977974505,-0.2393571231413216,0.7871966473319489,0.616702066178912,0.4377773028727551,0.8990834405601384,0.2246292049577053,0.9744443135859889,0.11303912246211711,0.9935905377936096,0.05661034448928185,0.9983963485994952,1,0,0,0,99,0
1701793800,12,6,2,30,19.5,0.0,83,0,0,1,0,0,0,0,-0.9880316240928618,0.15425144988758405,0.6502878401571168,-0.7596879128588213,0.9379999767747389,0.3466353178350258,-0.5715613187423437,-0.8205593573395608,0.9540857816096938,-0.29953350618957414,0.806081108260693,0.5918050750924775,0.4517714714916838,0.8921336993669944,0.23223511861151147,0.9726596782449127,0.11691946321097965,0.9931413993598577,0.05856022814223956,0.9982838773014061,1,0,0,0,99,1
1701793860,12,6,2,31,19.5,0.0,83,0,0,1,0,0,0,0,-0.404037645323065,0.9147423578045313,0.2064674819377966,-0.9784534628188842,0.9945987791111761,0.10379435721925297,-0.669404826237736,-0.7428978251479987,0.9335142808623762,-0.3585402173062328,0.8241784446666367,0.5663301963933087,0.46565534658516017,0.8849661565261433,0.23982685783066157,0.9708156767703494,0.12079801991268428,0.9926771068102531,0.06050988840572611,0.9981675978537505,1,0,0,0,99,1
1701793920,12,6,2,32,19.5,0.0,83,0,0,1,0,0,0,0,0.5514266812416906,0.8342233605065102,-0.2879033166650653,-0.9576594803233847,0.9893582466233818,-0.14550003380861354,-0.7568024953079283,-0.6536436208636119,0.9092974268256817,-0.4161468365471424,0.8414709848078965,0.5403023058681398,0.479425538604203,0.8775825618903728,0.24740395925452294,0.9689124217106447,0.12467473338522769,0.992197667229329,0.0624593178423802,0.9980475107000991,1,0,0,0,99,1
1701793980,12,6,2,33,19.5,0.0,83,0,0,1,0,0,0,0,0.9999118601072672,-0.013276747223059479,-0.711785342369123,-0.7023970575027135,0.9226042102393402,-0.3857479374522218,-0.8323905145579873,-0.5541895264924167,0.8815297857963782,-0.4721284112969602,0.8579418428124834,0.513746819310368,0.49307868575392305,0.8699847180584174,0.2549659604158785,0.9669500292306779,0.12854954447473196,0.9917030879327435,0.06440850901572104,0.9979236162985481,1,0,0,0,99,1
1701794040,12,6,2,34,19.5,0.0,83,0,0,1,0,0,0,0,0.5290826861200238,-0.8485702747846052,-0.9613974918795568,-0.27516333805159693,0.7984871126234903,-0.6020119026848236,-0.8949893582285835,-0.4460874899137928,0.850319789818452,-0.5262663347043051,0.8735749351670712,0.4866896677019633,0.5066114548142574,0.8621744799348805,0.2625123997691533,0.964928619104771,0.13242239405634718,0.9911933764671682,0.06635745449017677,0.9977959151217167,1,0,0,0,99,1
1701794100,12,6,2,35,19.4,0.0,84,0,0,1,0,0,0,0,-0.428182669496151,-0.9036922050915067,-0.9756260054681576,0.2194399632114593,0.6247239537541924,-0.7808456836057491,-0.9436221923009624,-0.3310244072528874,0.815789313258297,-0.5783491993368335,0.888354996422273,0.4591572718923041,0.520020541953727,0.8541537542773854,0.27004281671858504,0.9628483147093797,0.1362932230351537,0.990668540610173,0.06830614683111276,0.9976644076567464,1,0,0,0,99,0
1701794160,12,6,2,36,19.4,0.0,84,0,0,1,0,0,0,0,-0.9917788534431158,-0.12796368962740468,-0.7509872467716762,0.6603167082440802,0.4121184852417566,-0.9111302618846769,-0.977530117665097,-0.2107957994307797,0.7780731968879212,-0.6281736227227391,0.9022675940990952,0.4311765167986662,0.5333026735360201,0.8459244992310679,0.2775567516463363,0.9607092430155619,0.1401619723470637,0.9901285883701071,0.07025457860486005,0.9975290944052978,1,0,0,0,99,0
1701794220,12,6,2,37,19.4,0.0,84,0,0,1,0,0,0,0,-0.6435381333569995,0.7654140519453434,-0.34248061846961253,0.939524893748256,0.17388948538043356,-0.9847651734673236,-0.9961840124864793,-0.08727779366103493,0.737318721334619,-0.6755450415549525,0.9152991427820066,0.40277472515355744,0.5464546069192036,0.8374887238505236,0.28505374594054744,0.9585115345812286,0.14402858295972257,0.9895735279859775,0.07220274237874362,0.9973899758835502,1,0,0,0,99,0
1701794280,12,6,2,38,19.4,0.0,84,0,0,1,0,0,0,0,0.2963685787093853,0.9550736440472949,0.14987720966295234,0.9887046181866692,-0.0751511204618093,-0.9971721561963784,-0.999292788975378,0.03760215288797655,0.6936850319532718,-0.7202784714566918,0.9274369173848677,0.37397963082453317,0.5594731312473669,0.8288484876093257,0.29253334202332754,0.9562553235431753,0.14789299587340962,0.9890033679273229,0.07415063072111083,0.9972470526221983,1,0,0,0,99,0
1701794340,12,6,2,39,19.4,0.0,84,0,0,1,0,0,0,0,0.9637953862840878,0.26664293235993725,0.605539869719601,0.7958149698139441,-0.31951919362227366,-0.9475798039779932,-0.9868079357144411,0.16189533041753676,0.6473425173671444,-0.7621992293414946,0.9386690655767598,0.34481935173254513,0.5723550682345072,0.820005899897234,0.299995083378683,0.9539407476088947,0.1517551521219383,0.9884181168940841,0.0760982362013597,0.9971003251664509,1,0,0,0,99,0
1701794400,12,6,2,40,19.4,0.0,84,0,0,1,0,0,0,0,0.7451131604793488,-0.6669380616522619,0.9129452507276277,0.408082061813392,-0.5440211108893698,-0.8390715290764524,-0.9589242746631385,0.28366218546322625,0.5984721441039564,-0.8011436155469337,0.9489846193555862,0.3153223623952687,0.5850972729404622,0.8109631195052179,0.30743851458038085,0.9515679480481722,0.15561499277355603,0.9878177838164719,0.07804555138996731,0.9969497940760287,1,0,0,0,99,0
1701794460,12,6,2,41,19.4,0.0,84,0,0,1,0,0,0,0,-0.158622668804709,-0.9873392775238264,0.9968297942787993,-0.07956356727854007,-0.7346984304047954,-0.6783938504738453,-0.9160769210262436,0.40100258697803604,0.5472647499254653,-0.8369595530782943,0.9583735057581397,0.28551746612221973,0.5976966345387016,0.8017223540984184,0.3148631813197452,0.949137069684463,0.15947245893184342,0.9872023778548304,0.07999256885851808,0.996795459925162,1,0,0,0,99,0
1701794520,12,6,2,42,19.4,0.0,84,0,0,1,0,0,0,0,-0.9165215479156338,-0.39998531498835127,0.836655638536056,-0.5477292602242684,-0.8796957599716702,-0.47553692799599256,-0.858934493426592,0.5120854772418407,0.4939202986100892,-0.8695071814659844,0.9668265566961802,0.2554337668888117,0.6101500770757914,0.7922858596771786,0.3222686304333866,0.9466482608860534,0.16332749173661285,0.9865719083994976,0.08193928117973213,0.9966373233025887,1,0,0,0,99,0
1701794580,12,6,2,43,19.4,0.0,84,0,0,1,0,0,0,0,-0.8317747426285983,0.5551133015206257,0.47163900309419615,-0.8817917275413242,-0.9699978679206785,-0.24311342256103,-0.7883886803350966,0.6151774449047079,0.4386470990986331,-0.898659402917676,0.9743355179089173,0.22510064091681745,0.6224545602223437,0.7826559400262728,0.32965440993086015,0.9441016735570044,0.16718003236480675,0.9859263850706614,0.08388568092749371,0.9964753848115521,1,0,0,0,99,0
1701794640,12,6,2,44,19.4,0.0,84,0,0,1,0,0,0,0,0.017701925105413577,0.9998433086476912,-0.008851309290403876,-0.9999608263946371,-0.9999902065507035,0.004425697988050785,-0.7055403255703919,0.70866977429126,0.3816609920523317,-0.9243023786324636,0.9808930570231557,0.19454770798898718,0.6346070800152693,0.7728349461524715,0.33702006902225307,0.9414974631278811,0.17103002203139503,0.9852658177182139,0.08583176067687935,0.996309645069798,1,0,0,0,99,0
1701794700,12,6,2,45,19.3,0.0,84,0,0,1,0,0,0,0,0.8509035245341184,0.5253219888177297,-0.4871745124605095,-0.8733046400935156,-0.9678079975112615,0.2516896500717544,-0.6116822499992318,0.7911035488707386,0.32318450699968687,-0.9463359733389455,0.9864927707132337,0.16380480252583335,0.6466046695911524,0.7628252757105762,0.3443651581456984,0.9388357885462655,0.17487740199027219,0.9845902164215998,0.0877775130041863,0.9961401047095734,1,0,0,0,99,0
1701794760,12,6,2,46,19.3,0.0,84,0,0,1,0,0,0,0,0.9017883476488092,-0.4321779448847783,-0.8462204041751706,-0.5328330203333975,-0.8754521746884285,0.4833047587530059,-0.5082790774992584,0.8611924171615208,0.26344599336342084,-0.9646741463213163,0.9911291909537616,0.13290194445282522,0.6584443999105676,0.7526293724180665,0.3516892289948141,0.9361168122670553,0.17872211353515366,0.983899591489664,0.08972293048696088,0.9959667643776232,1,0,0,0,99,0
1701794820,12,6,2,47,19.3,0.0,84,0,0,1,0,0,0,0,0.123573122745224,-0.9923354691509287,-0.9980820279793963,-0.061905293994420546,-0.72866497582717,0.6848703183835534,-0.39694437999324705,0.9178426658157577,0.20267872876086712,-0.9792452874065205,0.9947977903590559,0.10186930988644112,0.6701233804731629,0.7422497254585013,0.35899183454606504,0.9333407002425484,0.18256409800047155,0.9831939534604931,0.09166800570402665,0.995789624735188,1,0,0,0,99,0
1701794880,12,6,2,48,19.3,0.0,84,0,0,1,0,0,0,0,-0.7682546613236668,-0.6401443394691997,-0.9055783620066239,0.424179007336997,-0.5365729180004349,0.8438539587324921,-0.27941549819892586,0.960170286650366,0.1411200080598672,-0.9899924966004454,0.9974949866040544,0.0707372016677029,0.6816387600233341,0.7316888688738209,0.36627252908604757,0.9305076219123143,0.18640329676226988,0.9824733131012553,0.09361273123551289,0.9956086864580017,1,0,0,0,99,0
1701794940,12,6,2,49,19.3,0.0,84,0,0,1,0,0,0,0,-0.9537526527594719,0.3005925437436371,-0.5913575298651244,0.8064094939122546,-0.3111193549811273,0.9503708470676735,-0.157526431008143,0.987514771299061,0.07901021674738969,-0.9968738062811815,0.999218145922396,0.03953601977196579,0.692987727246318,0.7209493809456964,0.37353086823869297,0.9276177501928519,0.19023965123909906,0.9817376814080357,0.09555709966288278,0.9954239502362889,1,0,0,0,99,0
1701795000,12,6,2,50,19.3,0.0,84,0,0,1,0,0,0,0,-0.26237485370392877,0.9649660284921133,-0.13235175009777303,0.9912028118634736,-0.06632189735120068,0.9977982791785807,-0.03317921654755682,0.9994494182244994,0.016591892229347906,-0.9998623450816866,0.9999655856782489,0.008296231623858378,0.7041675114545337,0.7100338835660797,0.38076640899239017,0.9246712614670362,0.1940731028929098,0.9809870696056692,0.09750110356896174,0.9952354167747622,1,0,0,0,99,0
1701795060,12,6,2,51,19.3,0.0,84,0,0,1,0,0,0,0,0.6702291758433747,0.7421541968137826,0.3590583540221683,0.933315112063922,0.182599134631134,0.9831874470475918,0.09168574849017776,0.9957879912530557,-0.045891223272779696,-0.9989464428219001,0.9997365760093756,-0.022951657653640416,0.7151753832640076,0.6989450415971057,0.38797870972702503,0.9216683355733519,0.19790359322994627,0.9802214891475681,0.09944473553796578,0.9950430867926193,1,0,0,0,99,0
1701795120,12,6,2,52,19.3,0.0,84,0,0,1,0,0,0,0,0.9866275920404853,-0.16299078079570548,0.7625584504796027,0.6469193223286404,0.4201670368266409,0.9074467814501962,0.21511998808781552,0.9765876257280235,-0.10819513453010837,-0.9941296760805463,0.9985313405398316,-0.05417713502693632,0.7260086552607126,0.6876855622205048,0.39516733024093426,0.9186091557949183,0.2017310638016388,0.9794409517155483,0.10138798815552964,0.9948469610235406,1,0,0,0,99,0
1701795180,12,6,2,53,19.3,0.0,84,0,0,1,0,0,0,0,0.39592515018183416,-0.9182827862121189,0.979357643103917,0.20213512038718198,0.6316109877182386,0.775285470129288,0.33519735222008545,0.9421479369316923,-0.1700765461024943,-0.9854308542286699,0.9963510561615996,-0.08534970934727917,0.7366646826566614,0.6762581942766833,0.4023318317777731,0.9154939088483012,0.2055554562054955,0.9786454692196509,0.10333085400873529,0.9946470402156865,1,0,0,0,99,0
1701795240,12,6,2,54,19.3,0.0,84,0,0,1,0,0,0,0,-0.5587890488516163,-0.8293098328631502,0.956375928404503,-0.2921388087338362,0.8037844265516209,0.594920663309892,0.4500440737806176,0.8930063446890767,-0.23129381240202182,-0.9728839459794464,0.9931978518853749,-0.11643894112485227,0.7471408639355942,0.6646657275936332,0.40947177705329507,0.9123227848721178,0.20937671208599365,0.9778350537979598,0.10527332568613999,0.9944433251316939,1,0,0,0,99,1
1701795300,12,6,2,55,19.4,0.0,83,0,0,1,0,0,0,0,-0.9997551733586199,0.022126756261955736,0.6992400316550977,-0.7148869687796651,0.9259824428086272,0.3775665710972933,0.5578680080909402,0.8299296871112918,-0.2916078813138529,-0.9565379467410825,0.9890748067616226,-0.14741447225241752,0.7574346414881015,0.6529109923058358,0.41658673028204113,0.909095977415431,0.2131947731354699,0.9770097178164174,0.10721539577780473,0.9942358165486741,1,0,0,0,99,1
1701795360,12,6,2,56,19.4,0.0,83,0,0,1,0,0,0,0,-0.5215510020869119,0.8532201077225842,0.27090578830786904,-0.9626058663135666,0.9906073556948704,0.1367372182078336,0.6569865987187891,0.7539022543433046,-0.35078322768961984,-0.9364566872907963,0.9839859468739369,-0.17824605564949209,0.7675435022360271,0.6409968581633251,0.42367625720393803,0.9058136834259364,0.21700958109501015,0.9761694738686353,0.10915705687532236,0.9940245152582091,1,0,0,0,99,1
1701795420,12,6,2,57,19.4,0.0,83,0,0,1,0,0,0,0,0.43616475524782494,0.8998668269691937,-0.22375564018679642,-0.9746452757206577,0.9936411011327626,-0.11259379263383548,0.7458531332084875,0.6661104290454266,-0.4085887730680895,-0.9127185845169985,0.9779362414076386,-0.2089035847981091,0.7774649782460008,0.6289262338310793,0.4307399251108032,0.9024761032379415,0.2208210777553385,0.9753143347757023,0.11109830157184598,0.9938094220663493,1,0,0,0,99,1
1701795480,12,6,2,58,19.4,0.0,83,0,0,1,0,0,0,0,0.9928726480845371,0.11918013544881928,-0.6636338842129675,-0.7480575296890004,0.934895055524683,-0.354924266788705,0.8230808790115055,0.5679241732886948,-0.46479878803160896,-0.8854163352030204,0.9709315977974505,-0.2393571231413216,0.7871966473319489,0.616702066178912,0.4377773028727551,0.8990834405601384,0.2246292049577053,0.9744443135859889,0.11303912246211711,0.9935905377936096,1,0,0,0,99,1
1701795540,12,6,2,59,19.4,0.0,83,0,0,1,0,0,0,0,0.6367380071391379,-0.7710802229758452,-0.9410314083429535,-0.3383192109710552,0.8180217634546941,-0.5751872690824027,0.8874647229840752,0.46087565075494996,-0.5191937736746512,-0.8546565540481598,0.9629788559589872,-0.26957693331574223,0.7967361336464357,0.6043273395620364,0.4447879609645272,0.8956359024631707,0.22843390459477475,0.9735594235749482,0.11497951214249395,0.9933678632749673,1,0,0,0,99,1
1701795600,12,6,2,60,19.4,0.0,83,0,0,1,0,0,0,0,-0.3048106211022167,-0.9524129804151563,-0.9880316240928618,0.15425144988758405,0.6502878401571168,-0.7596879128588213,0.9379999767747389,0.3466353178350258,-0.5715613187423437,-0.8205593573395608,0.9540857816096938,-0.29953350618957414,0.806081108260693,0.5918050750924775,0.4517714714916838,0.8921336993669944,0.23223511861151147,0.9726596782449127,0.11691946321097965,0.9931413993598577,1,0,0,0,99,1
1701795660,12,6,2,61,19.4,0.0,83,0,0,1,0,0,0,0,-0.9661177700083929,-0.25810163593826746,-0.7931272394572851,0.6090559761063561,0.4421221685765394,-0.8969548417022889,0.9738980546500462,0.2269858567154693,-0.621696929091873,-0.7832578939006837,0.9442610586857545,-0.3291975896777772,0.8152292897331944,0.579138329901511,0.4587274082167366,0.8885770450280356,0.23603278900606633,0.9717450913248895,0.11885896826725052,0.992911146912172,1,0,0,0,99,1
1701795720,12,6,2,62,19.4,0.0,83,0,0,1,0,0,0,0,-0.7391806966492228,0.6735071623235863,-0.404037645323065,0.9147423578045313,0.2064674819377966,-0.9784534628188842,0.9945987791111761,0.10379435721925297,-0.669404826237736,-0.7428978251479987,0.9335142808623762,-0.3585402173062328,0.8241784446666367,0.5663301963933087,0.46565534658516017,0.8849661565261433,0.23982685783066157,0.9708156767703494,0.12079801991268428,0.9926771068102531,1,0,0,0,99,1
1701795780,12,6,2,63,19.4,0.0,83,0,0,1,0,0,0,0,0.16735570030280691,0.9858965815825497,0.08397445569174683,0.9964679075571249,-0.04202435271884079,-0.999116586679734,0.9997791222764492,-0.021016818506448383,-0.7144987118625367,-0.6996367562862716,0.9218559421857278,-0.38753273649701414,0.832926388253192,0.5533838014899721,0.47255486375130445,0.8813012542513405,0.2436172671924749,0.9698714487630153,0.12273661075038828,0.9924392799468931,1,0,0,0,99,1
1701795840,12,6,2,64,19.4,0.0,83,0,0,1,0,0,0,0,0.9200260381967906,0.39185723042955,0.5514266812416906,0.8342233605065102,-0.2879033166650653,-0.9576594803233847,0.9893582466233818,-0.14550003380861354,-0.7568024953079283,-0.6536436208636119,0.9092974268256817,-0.4161468365471424,0.8414709848078965,0.5403023058681398,0.479425538604203,0.8775825618903728,0.24740395925452294,0.9689124217106447,0.12467473338522769,0.992197667229329,1,0,0,0,99,1
1701795900,12,6,2,65,19.3,0.0,84,0,0,1,0,0,0,0,0.8268286794901035,-0.562453851238172,0.8838704235458307,0.4677318402470736,-0.5158818468181093,-0.8566597458288424,0.9634987664311881,-0.2677127697469413,-0.7961509812048658,-0.6050980210895829,0.8958509979593657,-0.44435457627350766,0.8498101482900483,0.5270889031873525,0.48626695179327556,0.8738103064130545,0.25118687623654373,0.9679386102468107,0.12661238042385375,0.9919522695792401,1,0,0,0,99,1
1701795960,12,6,2,66,19.3,0.0,84,0,0,1,0,0,0,0,-0.026551154023966794,-0.99964745596635,0.9999118601072672,-0.013276747223059479,-0.711785342369123,-0.7023970575027135,0.9226042102393402,-0.3857479374522218,-0.8323905145579873,-0.5541895264924167,0.8815297857963782,-0.4721284112969602,0.8579418428124834,0.513746819310368,0.49307868575392305,0.8699847180584174,0.2549659604158785,0.9669500292306779,0.12854954447473196,0.9917030879327435,1,0,0,0,99,1
1701796020,12,6,2,67,19.3,0.0,84,0,0,1,0,0,0,0,-0.8555199789753223,-0.5177697997895051,0.8711400001691764,-0.4910347239302405,-0.8634334728079056,-0.504462722145928,0.8673127239196736,-0.4977636376102979,-0.8653795807650819,-0.5011169336540635,0.8663477747573614,-0.4994412209389292,0.8658640831386093,0.5002793115156127,0.49986032473301345,0.8661060303206567,0.2587411541283521,0.9659466937467762,0.13048621814817024,0.9914501232403918,1,0,0,0,99,1
1701796080,12,6,2,68,19.3,0.0,84,0,0,1,0,0,0,0,-0.8979276806892913,0.4401430224960407,0.5290826861200238,-0.8485702747846052,-0.9613974918795568,-0.27516333805159693,0.7984871126234903,-0.6020119026848236,-0.8949893582285835,-0.4460874899137928,0.850319789818452,-0.5262663347043051,0.8735749351670712,0.4866896677019633,0.5066114548142574,0.8621744799348805,0.2625123997691533,0.964928619104771,0.13242239405634718,0.9911933764671682,1,0,0,0,99,1
1701796140,12,6,2,69,19.3,0.0,84,0,0,1,0,0,0,0,-0.11478481378318722,0.9933903797222716,0.057487478104924564,-0.9983462274487422,-0.9995864713592172,-0.028755630329187164,0.7172013769957456,-0.6968659733660458,-0.9211042214011522,-0.38931608407176954,0.8334614820349437,-0.5525775583247253,0.8810725164039352,0.4729812055860543,0.5133316639434712,0.8581903068626603,0.26627963979371355,0.9638958208392285,0.1343580648133402,0.9909328485924838,1,0,0,0,99,1
1701796200,12,6,2,70,19.3,0.0,84,0,0,1,0,0,0,0,0.7738906815578891,0.6333192030862999,-0.428182669496151,-0.9036922050915067,-0.9756260054681576,0.2194399632114593,0.6247239537541924,-0.7808456836057491,-0.9436221923009624,-0.3310244072528874,0.815789313258297,-0.5783491993368335,0.888354996422273,0.4591572718923041,0.520020541953727,0.8541537542773854,0.27004281671858504,0.9628483147093797,0.1362932230351537,0.990668540610173,1,0,0,0,99,1
1701796260,12,6,2,71,19.3,0.0,84,0,0,1,0,0,0,0,0.9510546532543747,-0.3090227281660707,-0.8090187662119065,-0.587782813560387,-0.8910058399248534,0.45399184267980686,0.5224979221586403,-0.8526405581133842,-0.9624553387335394,-0.27144008720767066,0.7973205400614205,-0.6035560921705327,0.8954205973090336,0.4452212415358611,0.5266776805903868,0.8500650685494203,0.2738018731223179,0.9617861166988793,0.13822786133974724,0.9904004535284905,1,0,0,0,99,1
1701796320,12,6,2,72,19.3,0.0,84,0,0,1,0,0,0,0,0.25382336276203626,-0.9672505882738824,-0.9917788534431158,-0.12796368962740468,-0.7509872467716762,0.6603167082440802,0.4121184852417566,-0.9111302618846769,-0.977530117665097,-0.2107957994307797,0.7780731968879212,-0.6281736227227391,0.9022675940990952,0.4311765167986662,0.5333026735360201,0.8459244992310679,0.2775567516463363,0.9607092430155619,0.1401619723470637,0.9901285883701071,1,0,0,0,99,1
1701796440,12,6,2,74,19.3,0.0,84,0,0,1,0,0,0,0,-0.9851462604682474,0.17171734183077755,-0.6435381333569995,0.7654140519453434,-0.34248061846961253,0.939524893748256,0.17388948538043356,-0.9847651734673236,-0.9961840124864793,-0.08727779366103493,0.737318721334619,-0.6755450415549525,0.9152991427820066,0.40277472515355744,0.5464546069192036,0.8374887238505236,0.28505374594054744,0.9585115345812286,0.14402858295972257,0.9895735279859775,1,0,0,0,99,1
1701796560,12,6,2,76,19.3,0.0,84,0,0,1,0,0,0,0,0.5661076368981803,0.8243313311075577,0.2963685787093853,0.9550736440472949,0.14987720966295234,0.9887046181866692,-0.0751511204618093,-0.9971721561963784,-0.999292788975378,0.03760215288797655,0.6936850319532718,-0.7202784714566918,0.9274369173848677,0.37397963082453317,0.5594731312473669,0.8288484876093257,0.29253334202332754,0.9562553235431753,0.14789299587340962,0.9890033679273229,1,0,0,0,99,1
1701796680,12,6,2,78,19.3,0.0,84,0,0,1,0,0,0,0,0.5139784559875352,-0.8578030932449878,0.9637953862840878,0.26664293235993725,0.605539869719601,0.7958149698139441,-0.31951919362227366,-0.9475798039779932,-0.9868079357144411,0.16189533041753676,0.6473425173671444,-0.7621992293414946,0.9386690655767598,0.34481935173254513,0.5723550682345072,0.820005899897234,0.299995083378683,0.9539407476088947,0.1517551521219383,0.9884181168940841,1,0,0,0,99,1
1701796740,12,6,2,79,19.3,0.0,84,0,0,1,0,0,0,0,-0.4441126687075084,-0.8959709467909631,0.9736454556949781,-0.22806693448309956,0.7836028759783554,0.6212620483809149,-0.43516545796919887,-0.9003505007442698,-0.9747693318791554,0.22321458202336397,0.6232116085153726,-0.782053253309314,0.943942067425039,0.330111153015682,0.5787438323577704,0.8155093969463755,0.30371911616954944,0.9527616168135594,0.1536853655792259,0.9881198350436954,1,0,0,0,99,1
1701796860,12,6,2,81,19.2,0.0,85,0,0,1,0,0,0,0,-0.6298879942744539,0.7766859820216312,0.33415117684842055,-0.9425194910508831,0.9855251115651197,0.16952950915565845,-0.6443874963266829,-0.7646991268321347,-0.9393346386757316,0.3430020941392817,0.5731482818000584,-0.8194516746395976,0.9537954903016678,0.30045659034243405,0.5914150022013163,0.8063673450551039,0.3111532218577337,0.95035975952665,0.15754402634398745,0.9875119643646476,1,0,0,0,99,1
1701796920,12,6,2,82,19.2,0.0,85,0,0,1,0,0,0,0,0.31322878243308516,0.9496776978825432,-0.158622668804709,-0.9873392775238264,0.9968297942787993,-0.07956356727854007,-0.7346984304047954,-0.6783938504738453,-0.9160769210262436,0.40100258697803604,0.5472647499254653,-0.8369595530782943,0.9583735057581397,0.28551746612221973,0.5976966345387016,0.8017223540984184,0.3148631813197452,0.949137069684463,0.15947245893184342,0.9872023778548304,1,0,0,0,99,1
1701796980,12,6,2,83,19.2,0.0,85,0,0,1,0,0,0,0,0.9683644611001854,0.24954011797333814,-0.6125601529754697,-0.7904239741978156,0.9461564284508708,-0.3237097664592346,-0.8135446412026923,-0.5815024649736085,-0.889241942604376,0.45743717329617606,0.5208468233098019,-0.8536501547168418,0.9627175480681864,0.27050863690754695,0.6039417865541566,0.7970284301414683,0.31856833635699866,0.9478998971783541,0.16140028318073973,0.9868890254679992,1,0,0,0,99,1
1701797040,12,6,2,84,19.2,0.0,85,0,0,1,0,0,0,0,0.7331903200732922,-0.6800234955873388,-0.9165215479156338,-0.39998531498835127,0.836655638536056,-0.5477292602242684,-0.8796957599716702,-0.47553692799599256,-0.858934493426592,0.5120854772418407,0.4939202986100892,-0.8695071814659844,0.9668265566961802,0.2554337668888117,0.6101500770757914,0.7922858596771786,0.3222686304333866,0.9466482608860534,0.16332749173661285,0.9865719083994976,1,0,0,0,99,1
1701797100,12,6,2,85,19.2,0.0,85,0,0,1,0,0,0,0,-0.1760756199485871,-0.9843766433940419,-0.996086503119594,0.08838369930580556,0.675135653292801,-0.7376936014721172,-0.9321195206281534,-0.36215079630444197,-0.8252729234333458,0.5647340983576067,0.4665114691207459,-0.8845151492081995,0.970699528486596,0.24029653637932502,0.616321127181551,0.7874949321676061,0.3259640070869742,0.9453821799059907,0.1652540772477479,0.9862510278590311,1,0,0,0,99,1
1701797160,12,6,2,86,19.2,0.0,85,0,0,1,0,0,0,0,-0.9234584470040598,-0.38369844494974187,-0.8317747426285983,0.5551133015206257,0.47163900309419615,-0.8817917275413242,-0.9699978679206785,-0.24311342256103,-0.7883886803350966,0.6151774449047079,0.4386470990986331,-0.898659402917676,0.9743355179089173,0.22510064091681745,0.6224545602223437,0.7826559400262728,0.32965440993086015,0.9441016735570044,0.16718003236480675,0.9859263850706614,1,0,0,0,99,1
1701797220,12,6,2,87,19.2,0.0,85,0,0,1,0,0,0,0,-0.8218178366308225,0.5697503342653119,-0.4638155159838274,0.8859318072699817,0.23881812402958275,-0.9710643148808378,-0.9927397229084867,-0.1202823451699422,-0.7484257963118128,0.6632185366943757,0.41035439762821135,-0.9119261309706986,0.9777336372884741,0.20984979036122642,0.6285500018450296,0.7777691786003179,0.33333978265403763,0.9428067613780455,0.16910534974085598,0.9855979812728021,1,0,0,0,99,1
1701797280,12,6,2,88,19.2,0.0,85,0,0,1,0,0,0,0,0.03539830273366068,0.9993732836951247,0.017701925105413577,0.9998433086476912,-0.008851309290403876,-0.9999608263946371,-0.9999902065507035,0.004425697988050785,-0.7055403255703919,0.70866977429126,0.3816609920523317,-0.9243023786324636,0.9808930570231557,0.19454770798898718,0.6346070800152693,0.7728349461524715,0.33702006902225307,0.9414974631278811,0.17103002203139503,0.9852658177182139,1,0,0,0,99,1
1701797340,12,6,2,89,19.2,0.0,85,0,0,1,0,0,0,0,0.8600694058124533,0.5101770449416689,0.4948853175526281,0.8689582973139933,-0.25597041106933305,-0.9666846169547733,-0.9916361774750792,0.12906467960915324,-0.6598997349563215,0.7513536715852107,0.3525949009946041,-0.9357760607071574,0.9838130057859464,0.17919812958404827,0.6406254250402305,0.7678535438428503,0.3406952128788645,0.9401737987847912,0.1729540418943841,0.9849298956739996,1,0,0,0,99,1
1701797460,12,6,2,91,19.2,0.0,85,0,0,1,0,0,0,0,0.10598751175115685,-0.9943674609282015,0.9985908724117705,0.05306853621402457,-0.688088462258297,-0.7256268104935293,-0.9288774974380447,0.37038708772476847,-0.5610761589460167,0.8277641837276992,0.2934585288182137,-0.9559718049523478,0.9889316975788438,0.1483714848743724,0.652544448725766,0.7577504486552193,0.34802984882390525,0.9374834528286937,0.17680009498202517,0.9842467812567877,1,0,0,0,99,1
1701797520,12,6,2,92,19.2,0.0,85,0,0,1,0,0,0,0,-0.7794660696158047,-0.626444447910339,0.9017883476488092,-0.4321779448847783,-0.8462204041751706,-0.5328330203333975,-0.8754521746884285,0.4833047587530059,-0.5082790774992584,0.8611924171615208,0.26344599336342084,-0.9646741463213163,0.9911291909537616,0.13290194445282522,0.6584443999105676,0.7526293724180665,0.3516892289948141,0.9361168122670553,0.17872211353515366,0.983899591489664,1,0,0,0,99,1
1701797580,12,6,2,93,19.2,0.0,85,0,0,1,0,0,0,0,-0.9482821412699473,0.31742870151970165,0.5841965844132856,-0.8116121923430246,-0.9517384599623535,-0.3069102537037296,-0.808365713555359,0.5886806206663637,-0.45349717713213844,0.8912577126360152,0.23317620736685893,-0.9724344997571855,0.9930847143514961,0.1173999579276213,0.6643041630429463,0.7474623595632162,0.3553432428207858,0.9347358877146036,0.18064345031774107,0.9835486484446521,1,0,0,0,99,1
1701797700,12,6,2,95,19.2,0.0,84,0,0,1,0,0,0,0,0.683261714736121,0.7301735609948197,-0.36730534913419133,-0.9301004142012893,-0.9823696896284233,0.18694863706204273,-0.6375936648595081,0.7703728438431753,-0.3388415235451705,0.9408434630275048,0.17198333781575365,-0.9850998586507625,0.9962680007535027,0.08631379191426318,0.6759016970261789,0.7369917882562408,0.36263494849763117,0.931931271139734,0.18448404925665798,0.9828355078902405,1,0,0,0,99,2
1701797760,12,6,2,96,19.2,0.0,84,0,0,1,0,0,0,0,0.9835877454343449,-0.18043044929108396,-0.7682546613236668,-0.6401443394691997,-0.9055783620066239,0.424179007336997,-0.5365729180004349,0.8438539587324921,-0.27941549819892586,0.960170286650366,0.1411200080598672,-0.9899924966004454,0.9974949866040544,0.0707372016677029,0.6816387600233341,0.7316888688738209,0.36627252908604757,0.9305076219123143,0.18640329676226988,0.9824733131012553,1,0,0,0,99,2
1701797820,12,6,2,97,19.2,0.0,84,0,0,1,0,0,0,0,0.3796077390275217,-0.9251475365964139,-0.981108438603097,-0.1934586046207122,-0.7724825579327705,0.6350359814133715,-0.42717913021742326,0.904167014830051,-0.2188983613117615,0.9757476658516921,0.11011887701095537,-0.9939184236776407,0.9984784483597131,0.055143341947869365,0.6873342193038735,0.7263412909741086,0.3699045208063098,0.929069774283425,0.18832183319596135,0.9821073704752004,1,0,0,0,99,2
1701797880,12,6,2,98,19.2,0.0,84,0,0,1,0,0,0,0,-0.5733818719904229,-0.8192882452914593,-0.9537526527594719,0.3005925437436371,-0.5913575298651244,0.8064094939122546,-0.3111193549811273,0.9503708470676735,-0.157526431008143,0.987514771299061,0.07901021674738969,-0.9968738062811815,0.999218145922396,0.03953601977196579,0.692987727246318,0.7209493809456964,0.37353086823869297,0.9276177501928519,0.19023965123909906,0.9817376814080357,1,0,0,0,99,2
1701797940,12,6,2,99,19.2,0.0,84,0,0,1,0,0,0,0,-0.9992068341863537,0.0398208803931389,-0.6928849542336957,0.7210481538680822,-0.3734647547841147,0.9276443698605846,-0.19020466626691288,0.9817444600965631,-0.0955393633625346,0.9954256526975189,0.04782440434799511,-0.998855758530109,0.9997138987055519,0.023919045443861007,0.6985989387896817,0.7155134678829815,0.37715151604959674,0.9261515717966962,0.19215674357579007,0.9813642473100128,1,0,0,0,99,2
1701798060,12,6,2,101,19.2,0.0,84,0,0,1,0,0,0,0,0.45202578717835057,0.8920048697881602,0.23237376165548454,0.9726265649744922,0.11699024537436405,0.9931330638374931,0.05859580259074419,0.9982817898362899,0.029310494397997367,0.999570355161729,-0.014656821590492326,-0.9998925830212285,0.9999731453947223,-0.007328607602110553,0.7096931053638997,0.7045109624405745,0.3843754919082546,0.9231768417915862,0.19598872188012992,0.9806061497338231,1,0,0,0,99,2
1701798120,12,6,2,102,19.2,0.0,84,0,0,1,0,0,0,0,0.9948267913584063,0.10158570369662134,0.6702291758433747,0.7421541968137826,0.3590583540221683,0.933315112063922,0.182599134631134,0.9831874470475918,0.09168574849017776,0.9957879912530557,-0.045891223272779696,-0.9989464428219001,0.9997365760093756,-0.022951657653640416,0.7151753832640076,0.6989450415971057,0.38797870972702503,0.9216683355733519,0.19790359322994627,0.9802214891475681,1,0,0,0,99,2
1701798180,12,6,2,103,19.2,0.0,84,0,0,1,0,0,0,0,0.6229886314423488,-0.7822308898871159,0.9439891127251193,0.32997659774057014,0.5788019532877502,0.8154681470604999,0.3037530682474665,0.95275079298327,0.15370297169659722,0.9881170965485999,-0.07708081295432778,-0.9970248483735498,0.9992559352772317,-0.03856910438712712,0.7206140105448711,0.6933364607507934,0.3915760074680308,0.9201457658302823,0.19981770963770668,0.9798330893142674,1,0,0,0,99,2
1701798240,12,6,2,104,19.2,0.0,84,0,0,1,0,0,0,0,-0.32162240316253093,-0.9468680107512125,0.9866275920404853,-0.16299078079570548,0.7625584504796027,0.6469193223286404,0.4201670368266409,0.9074467814501962,0.21511998808781552,0.9765876257280235,-0.10819513453010837,-0.9941296760805463,0.9985313405398316,-0.05417713502693632,0.7260086552607126,0.6876855622205048,0.39516733024093426,0.9186091557949183,0.2017310638016388,0.9794409517155483,1,0,0,0,99,2
1701798300,12,6,2,105,19.1,0.0,85,0,0,1,0,0,0,0,-0.9705352835374847,-0.24095904923620143,0.7877052269841179,-0.616052331690985,0.8989027566124672,0.43814818743720435,0.5300244393246389,0.8479823663960249,0.27569696552916134,0.961244601128148,-0.13920380539312127,-0.9902637530295018,0.9975629686965886,-0.06977193909623788,0.7313589881502236,0.6819926909079606,0.3987526232465684,0.9170585289140385,0.20364364842287808,0.9790450778472967,1,0,0,0,99,2
1701798360,12,6,2,106,19.1,0.0,85,0,0,1,0,0,0,0,-0.7271425000808527,0.6864865509069841,0.39592515018183416,-0.9182827862121189,0.979357643103917,0.20213512038718198,0.6316109877182386,0.775285470129288,0.33519735222008545,0.9421479369316923,-0.1700765461024943,-0.9854308542286699,0.9963510561615996,-0.08534970934727917,0.7366646826566614,0.6762581942766833,0.4023318317777731,0.9154939088483012,0.2055554562054955,0.9786454692196509,1,0,0,0,99,2
1701798420,12,6,2,107,19.1,0.0,85,0,0,1,0,0,0,0,0.18478174456066745,0.9827795820412206,-0.09279121175730869,-0.9956855884367365,0.9989208147888241,-0.046445729422969886,0.7233414578962587,0.6904905034021214,0.39338880042387997,0.9193722052036709,-0.20078320995084364,-0.9796356989217142,0.9948958988059289,-0.10090664269087,0.7419254149477796,0.6704824223307908,0.4059049012202299,0.9139153194718838,0.2074664798565255,0.9782421273569963,1,0,0,0,99,2
1701798480,12,6,2,108,19.1,0.0,85,0,0,1,0,0,0,0,0.926818505417785,0.3755095977670121,-0.5587890488516163,-0.8293098328631502,0.956375928404503,-0.2921388087338362,0.8037844265516209,0.594920663309892,0.4500440737806176,0.8930063446890767,-0.23129381240202182,-0.9728839459794464,0.9931978518853749,-0.11643894112485227,0.7471408639355942,0.6646657275936332,0.40947177705329507,0.9123227848721178,0.20937671208599365,0.9778350537979598,1,0,0,0,99,2
1701798540,12,6,2,109,19.1,0.0,85,0,0,1,0,0,0,0,0.8167426066363169,-0.577002178942952,-0.8879758383376634,-0.4598901070131037,0.8543682189235223,-0.5196681118689583,0.8716846080633058,0.49006728524307847,0.5049419346602744,0.8631533135089845,-0.26157856037050853,-0.9651821883740356,0.99125732995374,-0.13194281266132774,0.7523107112959804,0.6588084650862769,0.413032404850832,0.9107163293491221,0.21128614560694461,0.977424250095403,1,0,0,0,99,2
1701798660,12,6,2,111,19.1,0.0,85,0,0,1,0,0,0,0,-0.8645514486106083,-0.5025443191453852,-0.8667595742607592,0.49872621790648564,0.500636485932415,-0.8656576164704166,0.9658306312367652,0.2591740568899436,0.608615618888497,0.7934652030460894,-0.3213524521097596,-0.9469596620358465,0.9866508151407586,-0.1628501427143272,0.7625123417736683,0.6469736692036518,0.4201346991122895,0.9074617537956219,0.21510258739073557,0.9765914585423174,1,0,0,0,99,2
1701798720,12,6,2,112,19.1,0.0,85,0,0,1,0,0,0,0,-0.8899956043668333,0.4559691044442761,-0.5215510020869119,0.8532201077225842,0.27090578830786904,-0.9626058663135666,0.9906073556948704,0.1367372182078336,0.6569865987187891,0.7539022543433046,-0.35078322768961984,-0.9364566872907963,0.9839859468739369,-0.17824605564949209,0.7675435022360271,0.6409968581633251,0.42367625720393803,0.9058136834259364,0.21700958109501015,0.9761694738686353,1,0,0,0,99,2
1701798780,12,6,2,113,19.1,0.0,85,0,0,1,0,0,0,0,-0.09718190589320902,0.9952666362171313,-0.04864855487508726,0.9988159580766447,0.02433148087720227,-0.9997039456950855,0.9999259836845639,0.012166640968536861,0.7027920599407278,0.7113953334709671,-0.37987146940052824,-0.9250392784825321,0.9810808525505256,-0.19359845236657747,0.7725278157990745,0.6349809239785958,0.4272113505171674,0.9041517914539007,0.2189157469736923,0.9757437654051141,1,0,0,0,99,2
1701798840,12,6,2,114,19.1,0.0,85,0,0,1,0,0,0,0,0.7849803886813105,0.6195206125592099,0.43616475524782494,0.8998668269691937,-0.22375564018679642,-0.9746452757206577,0.9936411011327626,-0.11259379263383548,0.7458531332084875,0.6661104290454266,-0.4085887730680895,-0.9127185845169985,0.9779362414076386,-0.2089035847981091,0.7774649782460008,0.6289262338310793,0.4307399251108032,0.9024761032379415,0.2208210777553385,0.9753143347757023,1,0,0,0,99,2
1701798900,12,6,2,115,19.2,0.0,83,0,0,1,0,0,0,0,0.9454353340247703,-0.3258098052199642,0.8141897215084345,0.580598912666927,-0.45793071928681145,-0.8889878831195976,0.9718507815296538,-0.23559723776012562,0.7860016659524729,0.618224377649359,-0.43690709673261263,-0.8995066363427673,0.9745528811569866,-0.2241577164155103,0.7823546882378575,0.6228331572678552,0.4342619271431383,0.9007866443469994,0.22272556617169098,0.9748811836185473,1,0,0,0,99,2
1701798960,12,6,2,116,19.2,0.0,83,0,0,1,0,0,0,0,0.23666139336428604,-0.9715921906288022,0.9928726480845371,0.11918013544881928,-0.6636338842129675,-0.7480575296890004,0.934895055524683,-0.354924266788705,0.8230808790115055,0.5679241732886948,-0.46479878803160896,-0.8854163352030204,0.9709315977974505,-0.2393571231413216,0.7871966473319489,0.616702066178912,0.4377773028727551,0.8990834405601384,0.2246292049577053,0.9744443135859889,1,0,0,0,99,2
1701799020,12,6,2,117,19.2,0.0,83,0,0,1,0,0,0,0,-0.689697940935389,-0.7240971967004738,0.9284657227653786,-0.37141809547969407,-0.8280755084772445,-0.5606165822201061,0.8833506048619953,-0.4687128213415406,0.8569459788520921,0.5154062371850283,-0.49223661120185463,-0.8704614400377044,0.967073275413426,-0.254498094258381,0.7919905600000485,0.610533334774449,0.44128599865934504,0.897366517866153,0.22653198685157808,0.9740037263445538,1,0,0,0,99,2
1701799080,12,6,2,118,19.2,0.0,83,0,0,1,0,0,0,0,-0.9819521690440836,0.1891294205289584,0.6367380071391379,-0.7710802229758452,-0.9410314083429535,-0.3383192109710552,0.8180217634546941,-0.5751872690824027,0.8874647229840752,0.46087565075494996,-0.5191937736746512,-0.8546565540481598,0.9629788559589872,-0.26957693331574223,0.7967361336464357,0.6043273395620364,0.4447879609645272,0.8956359024631707,0.22843390459477475,0.9735594235749482,1,0,0,0,99,2
1701799140,12,6,2,119,19.2,0.0,83,0,0,1,0,0,0,0,-0.3714041014380902,0.9284713207390763,0.18911462035089152,-0.9819550195245901,-0.9954785330494551,-0.09498678980629327,0.7399279660231438,-0.6726861118655962,0.9145179363647266,0.40454535477150383,-0.5456439522383145,-0.8380171104373418,0.9586493390279216,-0.2845899590311104,0.8014330786257547,0.598084459323635,0.44828313635266553,0.8938916207582536,0.2303349509320572,0.9731114069720521,1,0,0,0,99,2
1701799260,12,6,2,121,19.2,0.0,83,0,0,1,0,0,0,0,0.9988152247235795,-0.04866360920015389,-0.7241075918674496,-0.6896870271361664,-0.9191536942035773,0.3938990815322077,0.5505001900398365,-0.8348350380560844,0.9578191473488313,0.28737167740046654,-0.5969205653181726,-0.8023003419544537,0.949289297831397,-0.3144039265384152,0.8106799388594784,0.5854895701298123,0.4552529131538796,0.8903621651131107,0.2341344003845754,0.9722042391167379,1,0,0,0,99,2
1701799320,12,6,2,122,19.2,0.0,83,0,0,1,0,0,0,0,0.4987131538963941,-0.8667670910519801,-0.9661177700083929,-0.25810163593826746,-0.7931272394572851,0.6090559761063561,0.4421221685765394,-0.8969548417022889,0.9738980546500462,0.2269858567154693,-0.621696929091873,-0.7832578939006837,0.9442610586857545,-0.3291975896777772,0.8152292897331944,0.579138329901511,0.4587274082167366,0.8885770450280356,0.23603278900606633,0.9717450913248895,1,0,0,0,99,2
1701799380,12,6,2,123,19.2,0.0,83,0,0,1,0,0,0,0,-0.45990349068959124,-0.8879689066918555,-0.9715886235161092,0.23667603734656428,-0.617787974410896,0.7863447200008926,0.3268449785441926,-0.9450779650380419,0.9861739108894643,0.16571366111754054,-0.6458662163646817,-0.7634506078056198,0.9390022917452384,-0.3439108839469756,0.8197288832129119,0.5727517420545416,0.4621949036637349,0.8867783663505052,0.23793027723420868,0.9712822366208766,1,0,0,0,99,2
1701799440,12,6,2,124,19.2,0.0,83,0,0,1,0,0,0,0,-0.9956869868891794,-0.09277620459766088,-0.7391806966492228,0.6735071623235863,-0.404037645323065,0.9147423578045313,0.2064674819377966,-0.9784534628188842,0.9945987791111761,0.10379435721925297,-0.669404826237736,-0.7428978251479987,0.9335142808623762,-0.3585402173062328,0.8241784446666367,0.5663301963933087,0.46565534658516017,0.8849661565261433,0.23982685783066157,0.9708156767703494,1,0,0,0,99,2
1701799500,12,6,2,125,19.3,0.0,83,0,0,1,0,0,0,0,-0.6160404591886565,0.7877145121442345,-0.32579555541456173,0.9454402445803316,-0.165166212373579,0.9862657462824945,0.08286812933059823,-0.9965605215646701,0.99913976038507,0.04146973857724405,-0.6922897736579516,-0.7216196153712994,0.9277983658563156,-0.37308201821362325,0.8285777025160715,0.5598740848558614,0.469108684178911,0.8831404432070421,0.2417225235605465,0.9703454135530919,1,0,0,0,99,2
1701799560,12,6,2,126,19.3,0.0,83,0,0,1,0,0,0,0,0.329990825673782,0.9439841391523142,0.16735570030280691,0.9858965815825497,0.08397445569174683,0.9964679075571249,-0.04202435271884079,-0.999116586679734,0.9997791222764492,-0.021016818506448383,-0.7144987118625367,-0.6996367562862716,0.9218559421857278,-0.38753273649701414,0.832926388253192,0.5533838014899721,0.47255486375130445,0.8813012542513405,0.2436172671924749,0.9698714487630153,1,0,0,0,99,2
1701799620,12,6,2,127,19.3,0.0,83,0,0,1,0,0,0,0,0.972630067242408,0.23235910202965793,0.6195324438519512,0.784971051068018,0.3278939988258263,0.9447145206537312,-0.16626105879951092,-0.9860817716228536,0.9965143680908102,-0.08342130536363722,-0.7360099542002259,-0.6769707137817569,0.9156884606081254,-0.40188884422078897,0.8372242364566345,0.5468597424290853,0.4759938327178802,0.8794486177227995,0.24551108149857567,0.9693937842081513,1,0,0,0,99,2
1701799680,12,6,2,128,19.3,0.0,83,0,0,1,0,0,0,0,0.7210377105017316,-0.6928958219201651,0.9200260381967906,0.39185723042955,0.5514266812416906,0.8342233605065102,-0.2879033166650653,-0.9576594803233847,0.9893582466233818,-0.14550003380861354,-0.7568024953079283,-0.6536436208636119,0.9092974268256817,-0.4161468365471424,0.8414709848078965,0.5403023058681398,0.479425538604203,0.8775825618903728,0.24740395925452294,0.9689124217106447,1,0,0,0,99,2
1701799740,12,6,2,129,19.3,0.0,83,0,0,1,0,0,0,0,-0.19347339203846847,-0.9811055226493881,0.9952651713612277,-0.0971969067167568,0.740674323409674,0.6718642322981792,-0.4050529395658183,-0.914293233130974,0.9783387023753517,-0.20701058773529676,-0.7768560316221071,-0.6296782560422042,0.9026844011176343,-0.4303032325917363,0.8456663741073475,0.5337118920392648,0.48284992904666313,0.8757031152277766,0.24929589323956333,0.9684273631067475,1,0,0,0,99,2
1701799860,12,6,2,131,19.3,0.0,83,0,0,1,0,0,0,0,-0.8116033871367004,0.5842088171092894,0.45595569022148996,-0.8900024767126464,0.9721117417027341,0.23451814779175792,-0.618660590391954,-0.7856583697103207,0.9448963884231754,-0.3273695391218304,-0.8146685028653773,-0.5799269181880462,0.8887988856282523,-0.4582974371584211,0.8539020544413806,0.520433743545506,0.48967655470447735,0.8719041643281404,0.25307690103193886,0.9674461649952778,1,0,0,0,99,2
1701799920,12,6,2,132,19.3,0.0,83,0,0,1,0,0,0,0,0.05308358714605824,0.9985900724399912,-0.026551154023966794,-0.99964745596635,0.9999118601072672,-0.013276747223059479,-0.711785342369123,-0.7023970575027135,0.9226042102393402,-0.3857479374522218,-0.8323905145579873,-0.5541895264924167,0.8815297857963782,-0.4721284112969602,0.8579418428124834,0.513746819310368,0.49307868575392305,0.8699847180584174,0.2549659604158785,0.9669500292306779,1,0,0,0,99,2
1701799980,12,6,2,133,19.3,0.0,83,0,0,1,0,0,0,0,0.8689657562142357,0.4948722204034305,-0.5025573497604873,-0.8645438740756395,0.9655423020447212,-0.2602461584004272,-0.7938029221413925,-0.6081750741355538,0.8967092823584335,-0.44261999834194465,-0.8492997110390256,-0.5279109781289149,0.8740454731102137,-0.48584412205515315,0.8619292668354965,0.5070285386173281,0.49647329302927856,0.8680519968922737,0.25685404718217525,0.9664502048456179,1,0,0,0,99,2
1701800040,12,6,2,134,19.3,0.0,83,0,0,1,0,0,0,0,0.8859248164599484,-0.4638288688518717,-0.8555199789753223,-0.5177697997895051,0.8711400001691764,-0.4910347239302405,-0.8634334728079056,-0.504462722145928,0.8673127239196736,-0.4977636376102979,-0.8653795807650819,-0.5011169336540635,0.8663477747573614,-0.4994412209389292,0.8658640831386093,0.5002793115156127,0.49986032473301345,0.8661060303206567,0.2587411541283521,0.9659466937467762,1,0,0,0,99,2
1701800100,12,6,2,135,19.2,0.0,84,0,0,1,0,0,0,0,0.08836868610400143,-0.9960878351411849,-0.999021480034635,-0.04422762066183892,0.7225744323811351,-0.6912931286141072,-0.919590432914052,-0.3928783980991401,0.8345293278546717,-0.5509635205260235,-0.8806144220162487,-0.4738335569975899,0.8584385700204732,-0.5129163884116056,0.8697460515609156,0.49349954994325695,0.503239729183191,0.8641468480366219,0.2606272740556695,0.9654394978548946,1,0,0,0,99,1
1701800160,12,6,2,136,19.2,0.0,84,0,0,1,0,0,0,0,-0.7904332067228887,-0.6125482394960996,-0.8979276806892913,0.4401430224960407,0.5290826861200238,-0.8485702747846052,-0.9613974918795568,-0.27516333805159693,0.7984871126234903,-0.6020119026848236,-0.8949893582285835,-0.4460874899137928,0.850319789818452,-0.5262663347043051,0.8735749351670712,0.4866896677019633,0.5066114548142574,0.8621744799348805,0.2625123997691533,0.964928619104771,1,0,0,0,99,1
1701800220,12,6,2,137,19.2,0.0,84,0,0,1,0,0,0,0,-0.9425144545582509,0.33416538263076073,-0.5769898687885426,0.8167513032223337,0.30269514100631545,-0.953087431252331,-0.9882022645319962,-0.1531544461445194,0.7593268223052967,-0.6507094412468135,-0.9084903525208217,-0.4179058259663213,0.8419934162350443,-0.5394878006191052,0.8773505002617554,0.4798500804318443,0.5099754501778275,0.860188956111343,0.2643965240776218,0.9644140594452528,1,0,0,0,99,1
1701800280,12,6,2,138,19.2,0.0,84,0,0,1,0,0,0,0,-0.2280522595008612,0.9736488930495181,-0.11478481378318722,0.9933903797222716,0.057487478104924564,-0.9983462274487422,-0.9995864713592172,-0.028755630329187164,0.7172013769957456,-0.6968659733660458,-0.9211042214011522,-0.38931608407176954,0.8334614820349437,-0.5525775583247253,0.8810725164039352,0.4729812055860543,0.5133316639434712,0.8581903068626603,0.26627963979371355,0.9638958208392285,1,0,0,0,99,1
1701800340,12,6,2,139,19.2,0.0,84,0,0,1,0,0,0,0,0.6960801312247417,0.717964101410472,0.375523566896625,0.926812845565509,-0.1912944777489552,-0.9815326906337631,-0.9953724656212274,0.09609190747986249,0.6722752756572777,-0.7403012587723536,-0.9328186476406745,-0.3603461816279218,0.8247260701675199,-0.5655324121445553,0.884740756420929,0.4660834624053104,0.5166800448994956,0.8561785626857608,0.26816173973391433,0.9633739052636211,1,0,0,0,99,1
1701800460,12,6,2,141,19.2,0.0,84,0,0,1,0,0,0,0,0.363171365373259,-0.9317223617435201,0.9827823669926928,0.18476693191217952,-0.6384485367231334,-0.7696645151987259,-0.9406552278063217,0.33936373171073697,0.5747330981809134,-0.8183409227549167,-0.9535043059039945,-0.301379393161745,0.8066533930883032,-0.5910247908667855,0.8919150158133861,0.4522030567860055,0.5233531041342903,0.8521159125336193,0.27192286357198864,0.9623190511814725,1,0,0,0,99,1
1701800520,12,6,2,142,19.2,0.0,84,0,0,1,0,0,0,0,-0.5877950071674065,-0.8090099069535975,0.9510546532543747,-0.3090227281660707,-0.8090187662119065,-0.587782813560387,-0.8910058399248534,0.45399184267980686,0.5224979221586403,-0.8526405581133842,-0.9624553387335394,-0.27144008720767066,0.7973205400614205,-0.6035560921705327,0.8954205973090336,0.4452212415358611,0.5266776805903868,0.8500650685494203,0.2738018731223179,0.9617861166988793,1,0,0,0,99,1
1701800580,12,6,2,143,19.2,0.0,84,0,0,1,0,0,0,0,-0.9983453608739179,0.05750252534912421,0.6864755912087755,-0.7271528468448447,-0.9292881272363391,-0.36935562345465606,-0.8274526039159754,0.5615355627853609,0.4682224029318968,-0.8836106503390961,-0.9704665502579407,-0.24123572461485038,0.7877930326598638,-0.6159400439105862,0.8988715269465893,0.43821225227588845,0.52999422059307,0.8480012536181443,0.2756798382017224,0.9612495132945827,1,0,0,0,99,1
1701800640,12,6,2,144,19.2,0.0,84,0,0,1,0,0,0,0,-0.49102159389846933,0.8711474010323434,0.25382336276203626,-0.9672505882738824,-0.9917788534431158,-0.12796368962740468,-0.7509872467716762,0.6603167082440802,0.4121184852417566,-0.9111302618846769,-0.977530117665097,-0.2107957994307797,0.7780731968879212,-0.6281736227227391,0.9022675940990952,0.4311765167986662,0.5333026735360201,0.8459244992310679,0.2775567516463363,0.9607092430155619,1,0,0,0,99,1
1701800700,12,6,2,145,19.1,0.0,85,0,0,1,0,0,0,0,0.4677451620451334,0.8838633737085002,-0.2409736772881011,-0.9705316516498831,-0.9926055741456128,0.1213844066388201,-0.6628029848156917,0.7487938323192908,0.35440525368616455,-0.9350919292559664,-0.9836391435013062,-0.1801500357258271,0.7681634057040947,-0.6402538419541788,0.905608591488116,0.4241144645292243,0.5366029889363158,0.8438348370769082,0.27943260629630523,0.9601653079227838,1,0,0,0,99,1
1701800760,12,6,2,146,19.1,0.0,85,0,0,1,0,0,0,0,0.9964691731217737,0.08395943674184847,-0.6767719568873076,-0.7361927182273159,-0.9317168878547055,0.36318540841606234,-0.5642759039618552,0.8255862790817391,0.29530807719927077,-0.9554020826546641,-0.9887876624065108,-0.14932835856818344,0.7580660784417752,-0.6521777523926344,0.9088943151963913,0.41702652649883415,0.5398951164352044,0.8417322990413384,0.2813073949958138,0.9596177100911952,1,0,0,0,99,1
1701800820,12,6,2,147,19.1,0.0,85,0,0,1,0,0,0,0,0.6090440218832924,-0.7931364191664784,-0.9468728581933475,-0.32160813176404734,-0.8128985581744033,0.582405300557933,-0.4569434863536556,0.889495728083596,0.23505772899056523,-0.9719814113663893,-0.9929706469393719,-0.11836086480254095,0.7477836802185981,-0.6639424429863854,0.9121245646802812,0.4099131353187006,0.5431790057988708,0.8396169172065021,0.2831811105931131,0.9590664516097157,1,0,0,0,99,1
1701800880,12,6,2,148,19.1,0.0,85,0,0,1,0,0,0,0,-0.3383333943242765,-0.9410263090291437,-0.9851462604682474,0.17171734183077755,-0.6435381333569995,0.7654140519453434,-0.34248061846961253,0.939524893748256,0.17388948538043356,-0.9847651734673236,-0.9961840124864793,-0.08727779366103493,0.737318721334619,-0.6755450415549525,0.9152991427820066,0.40277472515355744,0.5464546069192036,0.8374887238505236,0.28505374594054744,0.9585115345812286,1,0,0,0,99,1
1701800940,12,6,2,149,19.1,0.0,85,0,0,1,0,0,0,0,-0.9746486480944947,-0.22374095013558368,-0.7822215000035424,0.6230004212937645,-0.4341656243337532,0.9008330648055067,-0.22267345507995925,0.9748930876782097,0.11204220705116075,-0.9937034486400381,-0.998424621250908,-0.05610949723514686,0.7266737566594609,-0.6869827154903001,0.9184178557416826,0.3956117316951685,0.5497218698145597,0.8353477514470151,0.28692529389458227,0.9579529611225739,1,0,0,0,99,1
1701801000,12,6,2,150,19.1,0.0,85,0,0,1,0,0,0,0,-0.7148764296291646,0.6992508064783751,-0.38778163540943045,0.9217512697247493,-0.19779879963646227,0.9802426408101081,-0.09939154689884817,0.9950484010363788,0.04975740630107862,-0.998761333111264,-0.9996902853162234,-0.02488641083740215,0.7158513850085791,-0.698252672448376,0.9214805132091443,0.38842459213573494,0.5529807446305274,0.8331940326645814,0.288795747315831,0.9573907333645395,1,0,0,0,99,1
1701801060,12,6,2,151,19.1,0.0,85,0,0,1,0,0,0,0,0.20214988141565363,0.9793545963764285,0.1016006978902495,0.9948252601277343,0.050866196399306694,0.9987054771372125,0.025441333129256026,0.9996763168989281,-0.012721696055790868,-0.9999190759503811,-0.9999797687829443,0.006360976718196107,0.7048542485087977,-0.7093521610308227,0.9244869282555656,0.3812137451412117,0.5562311816406863,0.8310276003663211,0.29066509906908233,0.9568248534518533,1,0,0,0,99,1
1701801120,12,6,2,152,19.1,0.0,85,0,0,1,0,0,0,0,0.933320523748862,0.35904428689111606,0.5661076368981803,0.8243313311075577,0.2963685787093853,0.9550736440472949,0.14987720966295234,0.9887046181866692,-0.0751511204618093,-0.9971721561963784,-0.999292788975378,0.03760215288797655,0.6936850319532718,-0.7202784714566918,0.9274369173848677,0.37397963082453317,0.5594731312473669,0.8288484876093257,0.29253334202332754,0.9562553235431753,1,0,0,0,99,1
1701801180,12,6,2,153,19.1,0.0,85,0,0,1,0,0,0,0,0.8064005807754863,-0.5913696841443247,0.8920116826993705,0.45201234267200896,0.523444198233198,0.8520599575945371,0.2719743024675887,0.9623045145884273,-0.13728708135067327,-0.9905313005121108,-0.9976300167176484,0.06880661119358068,0.6823464621460344,-0.7310289362239981,0.9303303005449188,0.3667226907187513,0.5627065439824068,0.826656727644175,0.29440046905178757,0.9556821458110889,1,0,0,0,99,1
1701801240,12,6,2,154,19.1,0.0,85,0,0,1,0,0,0,0,-0.06192033725605731,-0.9980810948185003,0.9995201585807313,-0.03097503173121646,0.7179745927716441,0.6960693098638897,0.3898273272463786,0.9208879708911095,-0.1988869391248336,-0.9800224412969096,-0.9949930756786476,0.09994388101102124,0.6708413072362862,-0.7416009307609522,0.9331669011385242,0.35944336775008645,0.565931370507906,0.8244523539144292,0.29626647303194026,0.9551053224420931,1,0,0,0,99,1
1701801300,12,6,2,155,19.1,0.0,85,0,0,1,0,0,0,0,-0.8733119827746476,-0.48716134980334147,0.862311240157329,-0.506378638074642,0.8678648045849774,0.49680044380282007,0.5015972269646135,0.8651012784069909,-0.2597101476579314,-0.9656866154211187,-0.9913845407865504,0.13098355732472944,0.6591723760425913,-0.7519918740667114,0.9359465460342037,0.35214210621089365,0.5691475616169792,0.8222354000561195,0.2981313468455477,0.9545248556365935,1,0,0,0,99,1
1701801360,12,6,2,156,19.1,0.0,85,0,0,1,0,0,0,0,-0.8817846188147811,0.47165229356133864,0.5139784559875352,-0.8578030932449878,0.9637953862840878,0.26664293235993725,0.605539869719601,0.7958149698139441,-0.31951919362227366,-0.9475798039779932,-0.9868079357144411,0.16189533041753676,0.6473425173671444,-0.7621992293414946,0.9386690655767598,0.34481935173254513,0.5723550682345072,0.820005899897234,0.299995083378683,0.9539407476088947,1,0,0,0,99,1
1701801420,12,6,2,157,19.1,0.0,85,0,0,1,0,0,0,0,-0.0795485428747221,0.9968309933617175,0.039805820166669656,-0.9992074342602034,0.9998018389311463,0.01990685484696882,0.7000332653356665,0.7141102347841574,-0.378080523973295,-0.9257727136787294,-0.9812677294395066,0.19264901546759924,0.6353546193002774,-0.7722205046059057,0.941334293597632,0.33747555125823137,0.5755538414178853,0.8177638874572022,0.3018576755217579,0.9533530005871913,1,0,0,0,99,1
1701801480,12,6,2,158,19.1,0.0,85,0,0,1,0,0,0,0,0.7958240965274552,0.6055278749869898,-0.4441126687075084,-0.8959709467909631,0.9736454556949781,-0.22806693448309956,0.7836028759783554,0.6212620483809149,-0.43516545796919887,-0.9003505007442698,-0.9747693318791554,0.22321458202336397,0.6232116085153726,-0.782053253309314,0.943942067425039,0.330111153015682,0.5787438323577704,0.8155093969463755,0.30371911616954944,0.9527616168135594,1,0,0,0,99,1
1701801540,12,6,2,159,19.1,0.0,85,0,0,1,0,0,0,0,0.9395197317131483,-0.34249477911590703,-0.8192968873112808,-0.5733695234681091,0.8869525137988248,-0.46186062645125475,0.8549446258241684,0.5187192754991592,-0.49055108016436005,-0.8714124383720832,-0.9673190886083255,0.25356218332779523,0.610916449554358,-0.791695074927145,0.9464922278939074,0.3227266064898082,0.5819249923788253,0.8132424627655053,0.30557939822122726,0.9521665985439484,1,0,0,0,99,1
1701801600,12,6,2,160,19.1,0.0,85,0,0,1,0,0,0,0,0.21942525837900473,-0.9756293127952373,-0.9938886539233752,-0.11038724383904756,0.7451131604793488,-0.6669380616522619,0.9129452507276277,0.408082061813392,-0.5440211108893698,-0.8390715290764524,-0.9589242746631385,0.28366218546322625,0.5984721441039564,-0.8011436155469337,0.9489846193555862,0.3153223623952687,0.5850972729404622,0.8109631195052179,0.30743851458038085,0.9515679480481722,1,0,0,0,99,1
1701801660,12,6,2,161,19.1,0.0,85,0,0,1,0,0,0,0,-0.702407785577371,-0.7117747556357236,-0.9251418149764185,0.37962168297153187,0.5569462797382114,-0.8305485184417379,0.9566996703359257,0.2910768640396056,-0.5953667508185162,-0.8034540634160753,-0.9495930874369493,0.3134851962883771,0.5858817302628675,-0.8103965684429991,0.9514190896873468,0.30789887264895993,0.5882606256375825,0.8086714019454874,0.3092964581550463,0.9509656676099004,1,0,0,0,99,1
1701801720,12,6,2,162,19.1,0.0,85,0,0,1,0,0,0,0,-0.9784503507933796,0.20648222933781113,-0.6298879942744539,0.7766859820216312,0.33415117684842055,-0.9425194910508831,0.9855251115651197,0.16952950915565845,-0.6443874963266829,-0.7646991268321347,-0.9393346386757316,0.3430020941392817,0.5731482818000584,-0.8194516746395976,0.9537954903016678,0.30045659034243405,0.5914150022013163,0.8063673450551039,0.3111532218577337,0.95035975952665,1,0,0,0,99,1
1701801780,12,6,2,163,19.1,0.0,85,0,0,1,0,0,0,0,-0.35491017584493534,0.9349004048997503,-0.1804156244623088,0.9835904648022342,0.09058017221711874,-0.995889166725453,0.9989717630457462,0.04533670298194944,-0.690891922451714,-0.7229580565226276,-0.9281589455806122,0.3721840562660983,0.5602749074043482,-0.8283067234624195,0.9561136761553041,0.2929959697142441,0.5945603544997581,0.8040509839911409,0.3130087986054538,0.9497502261097759,1,0,0,0,99,1
1701801840,12,6,2,164,19.1,0.0,85,0,0,1,0,0,0,0,0.5949327780232085,0.803775459710974,0.31322878243308516,0.9496776978825432,-0.158622668804709,-0.9873392775238264,0.9968297942787993,-0.07956356727854007,-0.7346984304047954,-0.6783938504738453,-0.9160769210262436,0.40100258697803604,0.5472647499254653,-0.8369595530782943,0.9583735057581397,0.28551746612221973,0.5976966345387016,0.8017223540984184,0.3148631813197452,0.949137069684463,1,0,0,0,99,1
1701801900,12,6,2,165,19.2,0.0,84,0,0,1,0,0,0,0,0.9977972794498907,-0.06633693633562374,0.7301838591531669,0.6832507093535931,-0.397963120556671,-0.9174014141458452,0.979132629970487,-0.2032222746823719,-0.7756359567098382,-0.6311805309567257,-0.9031003629045682,0.429429545468913,0.5341209856067664,-0.8454080510229699,0.9605748411818232,0.2780215360156746,0.6008237944623721,0.7993814909089635,0.31671636292670174,0.9485202925897167,1,0,0,0,99,1
1701801960,12,6,2,166,19.2,0.0,84,0,0,1,0,0,0,0,0.48329156372825655,-0.875459459043705,0.9683644611001854,0.24954011797333814,-0.6125601529754697,-0.7904239741978156,0.9461564284508708,-0.3237097664592346,-0.8135446412026923,-0.5815024649736085,-0.889241942604376,0.45743717329617606,0.5208468233098019,-0.8536501547168418,0.9627175480681864,0.27050863690754695,0.6039417865541566,0.7970284301414683,0.31856833635699866,0.9478998971783541,1,0,0,0,99,1
1701802020,12,6,2,167,19.2,0.0,84,0,0,1,0,0,0,0,-0.47555018687189876,-0.8796885924951523,0.9694556700786149,-0.24526659730265726,-0.78907116196914,-0.6143017998904703,0.8984157723154882,-0.43914587559803503,-0.8482764512816665,-0.5295536443090374,-0.8745151926379088,0.48499812148654897,0.5074455037309183,-0.8616838519685015,0.964801495637445,0.26297922734647544,0.6070505632373322,0.7946632077007452,0.32041909454592027,0.9472758858169951,1,0,0,0,99,1
1701802080,12,6,2,168,19.2,0.0,84,0,0,1,0,0,0,0,-0.9971732887740798,-0.07513609089835323,0.7331903200732922,-0.6800234955873388,-0.9165215479156338,-0.39998531498835127,0.836655638536056,-0.5477292602242684,-0.8796957599716702,-0.47553692799599256,-0.858934493426592,0.5120854772418407,0.4939202986100892,-0.8695071814659844,0.9668265566961802,0.2554337668888117,0.6101500770757914,0.7922858596771786,0.3222686304333866,0.9466482608860534,1,0,0,0,99,1
1701802140,12,6,2,169,19.2,0.0,84,0,0,1,0,0,0,0,-0.6019998676776046,0.7984961861625556,0.31741440880766936,-0.9482869255037094,-0.9869870631127111,-0.16079968049764676,0.7618397733439909,-0.6477655129374955,-0.907679875544648,-0.4196632501557079,-0.8425150592587969,0.538672790218836,0.4802745099321658,-0.8771182332555959,0.9687926076451028,0.24787271607057126,0.6132402807747664,0.7898964223461742,0.3241169369639805,0.9460170247797273,1,0,0,0,99,1
1701802200,12,6,2,170,19.2,0.0,84,0,0,1,0,0,0,0,0.3466494554970303,0.9379947521194415,-0.1760756199485871,-0.9843766433940419,-0.996086503119594,0.08838369930580556,0.675135653292801,-0.7376936014721172,-0.9321195206281534,-0.36215079630444197,-0.8252729234333458,0.5647340983576067,0.4665114691207459,-0.8845151492081995,0.970699528486596,0.24029653637932502,0.616321127181551,0.7874949321676061,0.3259640070869742,0.9453821799059907,1,0,0,0,99,1
1701802260,12,6,2,171,19.2,0.0,84,0,0,1,0,0,0,0,0.9765908679435658,0.21510526876214117,-0.6264561960895026,-0.7794566276458689,-0.943254108829076,0.33207180876591375,0.5778962671769416,-0.8161102280837784,-0.9529192589311485,-0.3032241513437061,-0.8072249226032686,0.5902439532330229,0.45263453622485383,-0.8916961234728519,0.9725472028320404,0.23270569022603224,0.6193925692862192,0.7850814257852596,0.32780983375635664,0.944743728686584,1,0,0,0,99,1
1701802320,12,6,2,172,19.2,0.0,84,0,0,1,0,0,0,0,0.7086591401823227,-0.7055510066862999,-0.9234584470040598,-0.38369844494974187,-0.8317747426285983,0.5551133015206257,0.47163900309419615,-0.8817917275413242,-0.9699978679206785,-0.24311342256103,-0.7883886803350966,0.6151774449047079,0.4386470990986331,-0.898659402917676,0.9743355179089173,0.22510064091681745,0.6224545602223437,0.7826559400262728,0.32965440993086015,0.9441016735570044,1,0,0,0,99,1
1701802380,12,6,2,173,19.2,0.0,84,0,0,1,0,0,0,0,-0.2108105329134813,-0.9775269404025313,-0.9943658633527529,0.10600249902117563,-0.6685796515669709,0.7436405378343678,0.3580219701119138,-0.9337131620134654,-0.983288655994125,-0.18205334106592852,-0.7687825898997481,0.6395102262411726,0.4245525725742499,-0.9054032875578629,0.9760643645676915,0.2174818526246926,0.62550705326771,0.7802185119005741,0.3314977285739873,0.943456016966497,1,0,0,0,99,1
1701802440,12,6,2,174,19.2,0.0,84,0,0,1,0,0,0,0,-0.9364619742512132,-0.3507691132091307,-0.8218178366308225,0.5697503342653119,-0.4638155159838274,0.8859318072699817,0.23881812402958275,-0.9710643148808378,-0.9927397229084867,-0.1202823451699422,-0.7484257963118128,0.6632185366943757,0.41035439762821135,-0.9119261309706986,0.9777336372884741,0.20984979036122642,0.6285500018450296,0.7777691786003179,0.33333978265403763,0.9428067613780455,1,0,0,0,99,1
1701802500,12,6,2,175,19.2,0.0,84,0,0,1,0,0,0,0,-0.8011345951780408,0.5984842190140996,-0.44806014160260915,0.8940034169437217,-0.23021357807075407,0.9731401278705245,0.11588760099655933,-0.9932623338953623,-0.9983141624497176,-0.058041649290133286,-0.7273381776347689,0.6862792255014961,0.3960560405413001,-0.9182263406975145,0.9793432341874616,0.2022049199481623,0.6315833595226515,0.7753079774993168,0.3351805651441348,0.9421539092683628,1,0,0,0,99,1
1701802560,12,6,2,176,19.2,0.0,84,0,0,1,0,0,0,0,0.07075223608034517,0.9974939203271522,0.03539830273366068,0.9993732836951247,0.017701925105413577,0.9998433086476912,-0.008851309290403876,-0.9999608263946371,-0.9999902065507035,0.004425697988050785,-0.7055403255703919,0.70866977429126,0.3816609920523317,-0.9243023786324636,0.9808930570231557,0.19454770798898718,0.6346070800152693,0.7728349461524715,0.33702006902225307,0.9414974631278811,1,0,0,0,99,1
1701802620,12,6,2,177,19.2,0.0,84,0,0,1,0,0,0,0,0.8775897877771157,0.47941231147032193,0.5101900080017631,0.8600617162362019,0.2645168083164075,0.9643810751555119,-0.13345209785628734,-0.9910552646435797,-0.9977613102950975,0.06687576301030233,-0.6830535253513071,0.7303683190727478,0.3671727665059408,-0.9301527613980265,0.9823830112023585,0.1868786218404523,0.6376211171846285,0.7703501222951977,0.3388582872712443,0.9408374254607429,1,0,0,0,99,1
1701802680,12,6,2,178,19.2,0.0,84,0,0,1,0,0,0,0,0.8775753358042688,-0.4794387656291727,0.8600694058124533,0.5101770449416689,0.4948853175526281,0.8689582973139933,-0.25597041106933305,-0.9666846169547733,-0.9916361774750792,0.12906467960915324,-0.6598997349563215,0.7513536715852107,0.3525949009946041,-0.9357760607071574,0.9838130057859464,0.17919812958404827,0.6406254250402305,0.7678535438428503,0.3406952128788645,0.9401737987847912,1,0,0,0,99,1
1701802740,12,6,2,179,19.2,0.0,84,0,0,1,0,0,0,0,0.07072216723899125,-0.9974960526543551,0.9993738171110836,0.03538323999893738,0.6944842546815092,0.7195079012766077,-0.374494391629162,-0.9272291791344273,-0.9816387266032314,0.19074960139614014,-0.6361015636688295,0.7716053399880473,0.33793095449511035,-0.9411709037119792,0.9851829534944205,0.17150669999743565,0.6436199577400332,0.7653452488901449,0.34253083883780094,0.9395065856315603,1,0,0,0,99,1
1701802800,12,6,2,180,19.2,0.0,84,0,0,1,0,0,0,0,-0.8011526357338304,-0.5984600690578581,0.8939966636005579,-0.4480736161291702,0.8509035245341184,0.5253219888177297,-0.4871745124605095,-0.8733046400935156,-0.9678079975112615,0.2516896500717544,-0.6116822499992318,0.7911035488707386,0.32318450699968687,-0.9463359733389455,0.9864927707132337,0.16380480252583335,0.6466046695911524,0.7628252757105762,0.3443651581456984,0.9388357885462655,1,0,0,0,99,1
1701802860,12,6,2,181,19.2,0.0,84,0,0,1,0,0,0,0,-0.936451400117644,0.3507973420904214,0.5697379476169631,-0.8218264239151785,0.9544177345154423,0.29847409944986975,-0.5922524379646446,-0.8057524742282427,-0.9501979989002931,0.31164685605004694,-0.5866656389929246,0.8098292585632008,0.3083591586419959,-0.9512700086103841,0.987742377497894,0.15609290725336597,0.6495795150505572,0.7602936627558348,0.3461981638051863,0.9381614100877936,1,0,0,0,99,1
1701802920,12,6,2,182,19.2,0.0,84,0,0,1,0,0,0,0,-0.21078106590019152,0.9775332947055968,0.10598751175115685,-0.9943674609282015,0.9985908724117705,0.05306853621402457,-0.688088462258297,-0.7256268104935293,-0.9288774974380447,0.37038708772476847,-0.5610761589460167,0.8277641837276992,0.2934585288182137,-0.9559718049523478,0.9889316975788438,0.1483714848743724,0.652544448725766,0.7577504486552193,0.34802984882390525,0.9374834528286937,1,0,0,0,99,1
1701802980,12,6,2,183,19.2,0.0,84,0,0,1,0,0,0,0,0.7086804082392084,0.705529644294206,-0.38371236343503057,-0.9234526637284138,0.9806764664578257,-0.19563657157033057,-0.7731870962355524,-0.6341779830732337,-0.9039297492264633,0.42768096574828196,-0.5349387975515134,0.8448908112141716,0.27848625530340665,-0.9604402144886925,0.9900606583661156,0.14064100666467697,0.6554994253755387,0.7551956722150481,0.3498602062145335,0.9368019193551667,1,0,0,0,99,1
1701803040,12,6,2,184,19.2,0.0,84,0,0,1,0,0,0,0,0.9765843832906294,-0.21513470736462095,-0.7794660696158047,-0.626444447910339,0.9017883476488092,-0.4321779448847783,-0.8462204041751706,-0.5328330203333975,-0.8754521746884285,0.4833047587530059,-0.5082790774992584,0.8611924171615208,0.26344599336342084,-0.9646741463213163,0.9911291909537616,0.13290194445282522,0.6584443999105676,0.7526293724180665,0.3516892289948141,0.9361168122670553,1,0,0,0,99,1
1701803100,12,6,2,185,19.1,0.0,84,0,0,1,0,0,0,0,0.346621180094276,-0.9380052012169503,-0.9843792971250844,-0.17606078322989716,0.7668313971238714,-0.6418485868061496,-0.9060487257333762,-0.4231733765218757,-0.8435559781430856,0.537041257017617,-0.4811230315534598,0.876653083328182,0.2483414148625013,-0.9686725667964852,0.9921372301240603,0.12515477059128596,0.6613793273941642,0.7500515884228517,0.3535169101875809,0.9354281341778351,1,0,0,0,99,1
1701803160,12,6,2,186,19.1,0.0,84,0,0,1,0,0,0,0,-0.6020239375552833,-0.7984780389030324,-0.9482821412699473,0.31742870151970165,0.5841965844132856,-0.8116121923430246,-0.9517384599623535,-0.3069102537037296,-0.808365713555359,0.5886806206663637,-0.45349717713213844,0.8912577126360152,0.23317620736685893,-0.9724344997571855,0.9930847143514961,0.1173999579276213,0.6643041630429463,0.7474623595632162,0.3553432428207858,0.9347358877146036,1,0,0,0,99,1
1701803220,12,6,2,187,19.1,0.0,84,0,0,1,0,0,0,0,-0.997171023392149,0.07516615000819327,-0.6800124447360528,0.7332005694242856,0.365239257594056,-0.9309136827397816,-0.9825766338407864,-0.18585789902532845,-0.7700187981553854,0.6380211990892903,-0.4254284904133183,0.9049920439123458,0.21795407324440425,-0.9759590267814386,0.9939715858065156,0.10963797977562646,0.6672188622275204,0.7448617253476065,0.3571682199275248,0.9340400755180708,1,0,0,0,99,1
1701803280,12,6,2,188,19.1,0.0,84,0,0,1,0,0,0,0,-0.47552366901205834,0.879702927248347,-0.24525198546765434,0.9694593666699876,0.123573122745224,-0.9923354691509287,-0.9980820279793963,-0.061905293994420546,-0.72866497582717,0.6848703183835534,-0.39694437999324705,0.9178426658157577,0.20267872876086712,-0.9792452874065205,0.9947977903590559,0.10186930988644112,0.6701233804731629,0.7422497254585013,0.35899183454606504,0.9333407002425484,1,0,0,0,99,1
1701803340,12,6,2,189,19.1,0.0,84,0,0,1,0,0,0,0,0.48331795366796265,0.8754448901342752,0.24955471330524379,0.9683606998774462,-0.1257761903592125,-0.9920586423890088,-0.9980126858885634,0.06301332244450873,-0.6844657323619245,0.7290450337408892,-0.36807266012236683,0.9297970299320409,0.1873539031725241,-0.982292479339031,0.9955632775818498,0.09409442241963412,0.673017673460499,0.7396263997518051,0.360814079719871,0.9326377645559408,1,0,0,0,99,1
1701803400,12,6,2,190,19.1,0.0,84,0,0,1,0,0,0,0,0.9977992786806003,0.06630685835171127,0.683261714736121,0.7301735609948197,-0.36730534913419133,-0.9301004142012893,-0.9823696896284233,0.18694863706204273,-0.6375936648595081,0.7703728438431753,-0.3388415235451705,0.9408434630275048,0.17198333781575365,-0.9850998586507625,0.9962680007535027,0.08631379191426318,0.6759016970261789,0.7369917882562408,0.36263494849763117,0.931931271139734,1,0,0,0,99,1
1701803460,12,6,2,191,19.1,0.0,84,0,0,1,0,0,0,0,0.594908548461427,-0.8037933932096717,0.9496824188142243,0.31321446868745406,-0.5859972403145539,-0.8103130471266812,-0.9513971429236797,0.3079666807248138,-0.588231807740446,0.8086923644763854,-0.30927951397046544,0.9509711784476923,0.15657078519364281,-0.98766673996032,0.9969119168613444,0.07852789325991148,0.6787754071635509,0.734345931172738,0.3644544339332847,0.9312212226889854,1,0,0,0,99,1
1701803520,12,6,2,192,19.1,0.0,84,0,0,1,0,0,0,0,-0.3549383576518463,-0.9348897059372352,0.9835877454343449,-0.18043044929108396,-0.7682546613236668,-0.6401443394691997,-0.9055783620066239,0.424179007336997,-0.5365729180004349,0.8438539587324921,-0.27941549819892586,0.960170286650366,0.1411200080598672,-0.9899924966004454,0.9974949866040544,0.0707372016677029,0.6816387600233341,0.7316888688738209,0.36627252908604757,0.9305076219123143,1,0,0,0,99,1
1701803580,12,6,2,193,19.1,0.0,84,0,0,1,0,0,0,0,-0.9784565746221131,-0.20645273449087873,0.7766764881502719,-0.629899700551255,-0.9027457284726566,-0.43017455727224563,-0.8456283336289784,0.5337721624100279,-0.482818722498399,0.8757203213383905,-0.2492786379351523,0.9684318048624773,0.12563477850006885,-0.9920765607710116,0.9980171743940611,0.06294219264129754,0.6844917119142869,0.7290206419029908,0.36808922702043945,0.9297904715318905,1,0,0,0,99,1
1701803640,12,6,2,194,19.1,0.0,84,0,0,1,0,0,0,0,-0.7023863292684922,0.711795928940826,0.3796077390275217,-0.9251475365964139,-0.981108438603097,-0.1934586046207122,-0.7724825579327705,0.6350359814133715,-0.42717913021742326,0.904167014830051,-0.2188983613117615,0.9757476658516921,0.11011887701095537,-0.9939184236776407,0.9984784483597131,0.055143341947869365,0.6873342193038735,0.7263412909741086,0.3699045208063098,0.929069774283425,1,0,0,0,99,1
1701803700,12,6,2,195,19.4,0.0,81,0,0,1,0,0,0,0,0.21945466799406363,0.9756226979194443,-0.11040222389190282,-0.9938869900344416,-0.9984705779426957,0.05528566706461281,-0.6872824502835014,0.7263902763200416,-0.36987141257466655,0.9290829554781537,-0.18830433415331466,0.9821107258039069,0.09457609157734605,-0.9955176356559202,0.9988787803472252,0.04734112558906797,0.6901662388189284,0.7236508569707729,0.37171840351886476,0.9283455329161585,1,0,0,0,99,1
1701803760,12,6,2,196,19.4,0.0,81,0,0,1,0,0,0,0,0.9395300555699313,0.3424664577455166,-0.5733818719904229,-0.8192882452914593,-0.9537526527594719,0.3005925437436371,-0.5913575298651244,0.8064094939122546,-0.3111193549811273,0.9503708470676735,-0.157526431008143,0.987514771299061,0.07901021674738969,-0.9968738062811815,0.999218145922396,0.03953601977196579,0.692987727246318,0.7209493809456964,0.37353086823869297,0.9276177501928519,1,0,0,0,99,1
1701803820,12,6,2,197,19.4,0.0,81,0,0,1,0,0,0,0,0.7958058429196471,-0.6055518643146514,-0.8959776404338033,-0.44409916442465225,-0.8497350070535673,0.5272100319490078,-0.486204672977848,0.873844961062604,-0.2511523829644027,0.9679475608375188,-0.1265947059763584,0.9919545253784365,0.06342505270618003,-0.9979866044638166,0.9994965243721002,0.03172850087999289,0.6957986415336003,0.7182369041200796,0.3753419080517924,0.9268864288897749,1,0,0,0,99,1
1701803880,12,6,2,198,19.4,0.0,81,0,0,1,0,0,0,0,-0.07957859166428352,-0.9968285949694307,-0.9992068341863537,0.0398208803931389,-0.6928849542336957,0.7210481538680822,-0.3734647547841147,0.9276443698605846,-0.19020466626691288,0.9817444600965631,-0.0955393633625346,0.9954256526975189,0.04782440434799511,-0.998855758530109,0.9997138987055519,0.023919045443861007,0.6985989387896817,0.7155134678829815,0.37715151604959674,0.9261515717966962,1,0,0,0,99,1
1701803940,12,6,2,199,19.4,0.0,81,0,0,1,0,0,0,0,-0.8817988360675502,-0.47162571251991114,-0.857795346373455,0.5139913848889341,-0.49295467089331135,0.8700549939196184,-0.2548970440004961,0.9669681985255819,-0.12851420441806832,0.9917076682484567,-0.06439072818171633,0.997924763759387,0.03221208034738687,-0.9994810562885589,0.9998702556553423,0.016108130112478542,0.7013885762854716,0.7127791137906885,0.3789596853290014,0.9254131817168719,1,0,0,0,99,1
1701804060,12,6,2,201,19.4,0.0,81,0,0,1,0,0,0,0,-0.06189025071872073,0.9980829609135574,-0.030959966783271346,0.9995206253283515,-0.015481838903188173,0.9998801491499747,-0.00774115140096295,0.9999700368385982,-0.003870604694478365,0.9999925091815933,-0.0019353059714989746,0.9999981272936448,0.0009676534387822795,-0.9999995318233016,0.9999998829558185,0.0004838267760202487,0.7069357018937364,0.7072778190979907,0.3825716801476615,0.9239258138773888,1,0,0,0,99,1
1701804120,12,6,2,202,19.4,0.0,81,0,0,1,0,0,0,0,0.8064184068658303,0.591345375451585,0.45202578717835057,0.8920048697881602,0.23237376165548454,0.9726265649744922,0.11699024537436405,0.9931330638374931,0.05859580259074419,0.9982817898362899,0.029310494397997367,0.999570355161729,-0.014656821590492326,-0.9998925830212285,0.9999731453947223,-0.007328607602110553,0.7096931053638997,0.7045109624405745,0.3843754919082546,0.9231768417915862,1,0,0,0,99,1
1701804180,12,6,2,203,19.4,0.0,81,0,0,1,0,0,0,0,0.9333097001669604,-0.35907242107165305,0.82433986348825,0.5660952123664124,0.46578148719844353,0.8848997718291073,0.23989604849902457,0.9707985815371557,0.12083339452081168,0.9926728014651041,0.060527673567121146,0.9981665195409792,-0.030277718366983942,-0.9995415247854836,0.9998853746268829,-0.015140594679806359,0.712439679790439,0.7017333558126596,0.38617783739317585,0.9224243480667289,1,0,0,0,99,1
1701804240,12,6,2,204,19.4,0.0,81,0,0,1,0,0,0,0,0.2021203593127912,-0.9793606896089245,0.9948267913584063,0.10158570369662134,0.6702291758433747,0.7421541968137826,0.3590583540221683,0.933315112063922,0.182599134631134,0.9831874470475918,0.09168574849017776,0.9957879912530557,-0.045891223272779696,-0.9989464428219001,0.9997365760093756,-0.022951657653640416,0.7151753832640076,0.6989450415971057,0.38797870972702503,0.9216683355733519,1,0,0,0,99,1
1701804300,12,6,2,205,19.3,0.0,83,0,0,1,0,0,0,0,-0.7148975077677644,-0.6992292566729738,0.9217454249067293,-0.3877955281633778,0.833005260536624,0.5532650684060137,0.4726176740209713,0.8812675724222507,0.24365182902837945,0.9698627666897649,0.12275429383576587,0.9924370928904676,-0.06149352449458594,-0.998107482411205,0.9995267586241013,-0.030761319776588504,0.7179001740411366,0.696146062340157,0.3897781020400216,0.9209088071954131,1,0,0,0,99,1
1701804360,12,6,2,206,19.3,0.0,83,0,0,1,0,0,0,0,-0.97464190312541,0.22377033018717848,0.6229886314423488,-0.7822308898871159,0.9439891127251193,0.32997659774057014,0.5788019532877502,0.8154681470604999,0.3037530682474665,0.95275079298327,0.15370297169659722,0.9881170965485999,-0.07708081295432778,-0.9970248483735498,0.9992559352772317,-0.03856910438712712,0.7206140105448711,0.6933364607507934,0.3915760074680308,0.9201457658302823,1,0,0,0,99,1
1701804420,12,6,2,207,19.3,0.0,83,0,0,1,0,0,0,0,-0.3383050275409778,0.9410365074429887,0.17170249351277814,-0.9851488485104646,0.9962802940213323,0.08617178044329644,0.6759542216587983,0.7369436140042521,0.36266815823542314,0.9319183478192314,0.18450156121394817,0.9828322206305692,-0.09264928323908087,-0.9956988050185078,0.9989241224984278,-0.04637453493832645,0.7233168513654049,0.6905162797000783,0.39337241915258986,0.9193792143887304,1,0,0,0,99,1
1701804480,12,6,2,208,19.3,0.0,83,0,0,1,0,0,0,0,0.6090679301910603,0.7931180595679168,-0.32162240316253093,-0.9468680107512125,0.9866275920404853,-0.16299078079570548,0.7625584504796027,0.6469193223286404,0.4201670368266409,0.9074467814501962,0.21511998808781552,0.9765876257280235,-0.10819513453010837,-0.9941296760805463,0.9985313405398316,-0.05417713502693632,0.7260086552607126,0.6876855622205048,0.39516733024093426,0.9186091557949183,1,0,0,0,99,1
1701804540,12,6,2,209,19.3,0.0,83,0,0,1,0,0,0,0,0.9964666417661079,-0.08398947462256867,-0.7362029185702026,-0.6767608607837156,0.9156311650396451,-0.40201936471784816,0.837263209724949,0.5468000709958585,0.4760251721307086,0.879431654819139,0.24552835394396,0.9693894095819128,-0.12371457153077643,-0.9923178446399905,0.9980776133748294,-0.061976428422463405,0.7286893811571785,0.684844351505339,0.39696073388602365,0.9178355929863853,1,0,0,0,99,1
1701804600,12,6,2,210,19.3,0.0,83,0,0,1,0,0,0,0,0.46771851834275896,-0.8838774731823718,-0.9705352835374847,-0.24095904923620143,0.7877052269841179,-0.616052331690985,0.8989027566124672,0.43814818743720435,0.5300244393246389,0.8479823663960249,0.27569696552916134,0.961244601128148,-0.13920380539312127,-0.9902637530295018,0.9975629686965886,-0.06977193909623788,0.7313589881502236,0.6819926909079606,0.3987526232465684,0.9170585289140385,1,0,0,0,99,1
1701804660,12,6,2,211,19.3,0.0,83,0,0,1,0,0,0,0,-0.491047853850463,-0.8711325991081119,-0.9672467624934477,0.2538379413049674,0.6108035931029845,-0.7917821484805551,0.9465152266288576,0.3226591479560474,0.5819539724256346,0.813221724979125,0.3055963637061761,0.9521611536339647,-0.15465905464284221,-0.9879679027260867,0.9969874379163678,-0.07756319125046778,0.7340174355049299,0.6791306239412018,0.4005429914870551,0.916277966542141,1,0,0,0,99,1
1701804720,12,6,2,212,19.3,0.0,83,0,0,1,0,0,0,0,-0.9983470937967718,-0.057472430847665464,-0.7271425000808527,0.6864865509069841,0.39592515018183416,-0.9182827862121189,0.979357643103917,0.20213512038718198,0.6316109877182386,0.775285470129288,0.33519735222008545,0.9421479369316923,-0.1700765461024943,-0.9854308542286699,0.9963510561615996,-0.08534970934727917,0.7366646826566614,0.6762581942766833,0.4023318317777731,0.9154939088483012,1,0,0,0,99,1
1701804780,12,6,2,213,19.3,0.0,83,0,0,1,0,0,0,0,-0.5877706198198406,0.8090276252864301,-0.30900839366720273,0.9510593107915064,0.15642999905467883,-0.9876890479274097,0.9969175111129831,0.07845684187051573,0.6788015756204033,0.7343217421098587,0.3644710262079424,0.9312147287575134,-0.1854525158126556,-0.9826532269212557,0.9956538622737461,-0.09313101813774066,0.7393006892116836,0.6733754457441478,0.4041191372948405,0.9147063588234609,1,0,0,0,99,1
1701804840,12,6,2,214,19.3,0.0,83,0,0,1,0,0,0,0,0.36319945137636067,0.9317114137542325,0.18478174456066745,0.9827795820412206,-0.09279121175730869,-0.9956855884367365,0.9989208147888241,-0.046445729422969886,0.7233414578962587,0.6904905034021214,0.39338880042387997,0.9193722052036709,-0.20078320995084364,-0.9796356989217142,0.9948958988059289,-0.10090664269087,0.7419254149477796,0.6704824223307908,0.4059049012202299,0.9139153194718838,1,0,0,0,99,1
1701804900,12,6,2,215,19.1,0.0,84,0,0,1,0,0,0,0,0.9802456219572225,0.19778402522372224,0.6333308672314487,0.7738811359710619,-0.3362431144491573,-0.9417752215818438,0.9853362932476007,-0.17062353064298638,0.7650567072586797,0.6439629140552325,0.4219224371521189,0.906631930293444,-0.21606488574795768,-0.9763790069162293,0.9940772120203313,-0.10867610842262153,0.7445388198148641,0.6675791681805906,0.4076891167417947,0.9131207938111449,1,0,0,0,99,1
1701804960,12,6,2,216,19.1,0.0,84,0,0,1,0,0,0,0,0.6960584883449115,-0.7179850839697136,0.926818505417785,0.3755095977670121,-0.5587890488516163,-0.8293098328631502,0.956375928404503,-0.2921388087338362,0.8037844265516209,0.594920663309892,0.4500440737806176,0.8930063446890767,-0.23129381240202182,-0.9728839459794464,0.9931978518853749,-0.11643894112485227,0.7471408639355942,0.6646657275936332,0.40947177705329507,0.9123227848721178,1,0,0,0,99,1
1701805020,12,6,2,217,19.1,0.0,84,0,0,1,0,0,0,0,-0.22808160941352784,-0.9736420181192547,0.9933886495524434,-0.1147997863254662,-0.7465921866472573,-0.665281975433926,0.9124916370668626,-0.4090953584227484,0.8393733848600241,0.5435552601057465,0.4777262500084402,0.8785087535436817,-0.24646627198900695,-0.9691513693803672,0.9922578720726702,-0.1241946669942652,0.749731507605978,0.6617421450254377,0.4112528753544237,0.9115212956989643,1,0,0,0,99,1
1701805080,12,6,2,218,19.1,0.0,84,0,0,1,0,0,0,0,-0.9425245273294025,-0.33413697099017103,0.8167426066363169,-0.577002178942952,-0.8879758383376634,-0.4598901070131037,0.8543682189235223,-0.5196681118689583,0.8716846080633058,0.49006728524307847,0.5049419346602744,0.8631533135089845,-0.26157856037050853,-0.9651821883740356,0.99125732995374,-0.13194281266132774,0.7523107112959804,0.6588084650862769,0.413032404850832,0.9107163293491221,1,0,0,0,99,1
1701805140,12,6,2,219,19.1,0.0,84,0,0,1,0,0,0,0,-0.7904147414931815,0.6125720663156844,0.44012948872139646,-0.8979343145007,-0.9741494532413135,-0.22590449917974179,0.7829126704747286,-0.6221316182369524,0.9005919215263238,0.4346656081190733,0.531664552081915,0.8469550189115929,-0.2766269880980588,-0.9609773719790682,0.9901962865965183,-0.1396829052191638,0.7548784356501264,0.6558647325404974,0.4148103587541557,0.9099078888932927,1,0,0,0,99,1
1701805200,12,6,2,220,19.1,0.0,84,0,0,1,0,0,0,0,0.08839871248753149,0.9960851708717215,-0.044242678085070965,-0.999020813314648,-0.9997551733586199,0.022126756261955736,0.6992400316550977,-0.7148869687796651,0.9259824428086272,0.3775665710972933,0.5578680080909402,0.8299296871112918,-0.2916078813138529,-0.9565379467410825,0.9890748067616226,-0.14741447225241752,0.7574346414881015,0.6529109923058358,0.41658673028204113,0.909095977415431,1,0,0,0,99,1
1701805260,12,6,2,221,19.1,0.0,84,0,0,1,0,0,0,0,0.8859387978787574,0.4638021630104179,-0.5177826942789717,-0.855512174960245,-0.9632009590319782,0.2687822771684872,0.6046559860083719,-0.7964867472747074,0.9477570224679708,0.31899314469537793,0.5835267154572368,0.8120939430556596,-0.3065175826476683,-0.9518649964820798,0.9878929588984021,-0.1551370418660872,0.7599792898053496,0.6499472894527343,0.41836151265817084,0.9082805980127326,1,0,0,0,99,1
1701805320,12,6,2,222,19.1,0.0,84,0,0,1,0,0,0,0,0.8689508382163492,-0.49489841458940237,-0.8645514486106083,-0.5025443191453852,-0.8667595742607592,0.49872621790648564,0.500636485932415,-0.8656576164704166,0.9658306312367652,0.2591740568899436,0.608615618888497,0.7934652030460894,-0.3213524521097596,-0.9469596620358465,0.9866508151407586,-0.1628501427143272,0.7625123417736683,0.6469736692036518,0.4201346991122895,0.9074617537956219,1,0,0,0,99,1
1701805380,12,6,2,223,19.1,0.0,84,0,0,1,0,0,0,0,0.05305348526993529,-0.9985916721566993,-0.9996478560364893,-0.026536087157875483,-0.7164272772437812,0.6976617779562402,0.38880472093569013,-0.9213201880877897,0.980132692059547,0.19834289993873028,0.6331102194962855,0.7740616577310655,-0.3361088679795094,-0.9418231409694353,0.9853484513027448,-0.17055330402921653,0.765033758741801,0.643990176932375,0.4219062828802298,0.9066394478877409,1,0,0,0,99,1
1701805440,12,6,2,224,19.1,0.0,84,0,0,1,0,0,0,0,-0.8116209973649744,-0.5841843515845697,-0.8899956043668333,0.4559691044442761,-0.5215510020869119,0.8532201077225842,0.27090578830786904,-0.9626058663135666,0.9906073556948704,0.1367372182078336,0.6569865987187891,0.7539022543433046,-0.35078322768961984,-0.9364566872907963,0.9839859468739369,-0.17824605564949209,0.7675435022360271,0.6409968581633251,0.42367625720393803,0.9058136834259364,1,0,0,0,99,1
1701805500,12,6,2,225,19.0,0.0,85,0,0,1,0,0,0,0,-0.9300948780045254,0.36731936773024515,-0.562441389066343,0.8268371568000089,-0.2942472117115055,0.9557293436951722,0.14877946146029003,-0.9888704019473866,0.997213718805399,0.0745975805660389,0.6802214416768855,0.7330066781981044,-0.3653719487056276,-0.9308616111426297,0.9825633850145825,-0.18592792804924488,0.7700415339607484,0.6379937585708637,0.42544461533150013,0.9049844635602491,1,0,0,0,99,1
1701805560,12,6,2,226,19.0,0.0,85,0,0,1,0,0,0,0,-0.19344381715900788,0.9811113543339269,-0.09718190589320902,0.9952666362171313,-0.04864855487508726,0.9988159580766447,0.02433148087720227,-0.9997039456950855,0.9999259836845639,0.012166640968536861,0.7027920599407278,0.7113953334709671,-0.37987146940052824,-0.9250392784825321,0.9810808525505256,-0.19359845236657747,0.7725278157990745,0.6349809239785958,0.4272113505171674,0.9041517914539007,1,0,0,0,99,1
1701805620,12,6,2,227,19.0,0.0,85,0,0,1,0,0,0,0,0.7210585970706318,0.6928740863898232,0.39187109718004004,0.9200201319508784,0.19997483347801748,0.9798010338713872,-0.1004961843270998,-0.9949374437298526,0.9987335589960549,-0.05031180910157879,0.724676413684611,0.6890893232732681,-0.3942782499242964,-0.9189911107495187,0.9795384399679061,-0.20125716043222083,0.7750023098134033,0.6319584003586705,0.4289764560213821,0.9033156702832821,1,0,0,0,99,3
1701805680,12,6,2,228,19.0,0.0,85,0,0,1,0,0,0,0,0.9726230624856244,-0.23238842122852268,0.7849803886813105,0.6195206125592099,0.43616475524782494,0.8998668269691937,-0.22375564018679642,-0.9746452757206577,0.9936411011327626,-0.11259379263383548,0.7458531332084875,0.6661104290454266,-0.4085887730680895,-0.9127185845169985,0.9779362414076386,-0.2089035847981091,0.7774649782460008,0.6289262338310793,0.4307399251108032,0.9024761032379415,1,0,0,0,99,7
1701805740,12,6,2,229,19.0,0.0,85,0,0,1,0,0,0,0,0.3299623697323973,-0.9439940860834779,0.98589910388525,0.16734084067633054,0.645236065065984,0.7639832592002035,-0.34352346411838924,-0.939144094162393,0.9846684960336634,-0.17443609981538652,0.766301539805117,0.6424810892876979,-0.42279954512292356,-0.9062232311322905,0.976274354659665,-0.21653725876591012,0.7799157835195766,0.625884470662953,0.4325017510583321,0.901633093520572,1,0,0,0,99,7
1701805800,12,6,2,230,19.0,0.0,85,0,0,1,0,0,0,0,-0.6160642040533645,-0.787695941645058,0.9454353340247703,-0.3258098052199642,0.8141897215084345,0.580598912666927,-0.45793071928681145,-0.8889878831195976,0.9718507815296538,-0.23559723776012562,0.7860016659524729,0.618224377649359,-0.43690709673261263,-0.8995066363427673,0.9745528811569866,-0.2241577164155103,0.7823546882378575,0.6228331572678552,0.4342619271431383,0.9007866443469994,1,0,0,0,99,13
1701805860,12,6,2,231,19.0,0.0,85,0,0,1,0,0,0,0,-0.9956841897581032,0.09280621889587708,0.6734960211850264,-0.7391908477842096,0.9325210045313215,0.36111573782915524,-0.5651921187396569,-0.8249593134904155,0.9552380105215703,-0.295838373533239,0.8049342748116889,0.5933639803976818,-0.4509079837407618,-0.8925704399087172,0.9727719259694734,-0.23176449263345197,0.7847816551861582,0.619772340205074,0.4360204466506852,0.8999367589461701,1,0,0,0,99,17
1701805920,12,6,2,232,19.0,0.0,85,0,0,1,0,0,0,0,-0.4598767232321427,0.8879827697817494,0.23666139336428604,-0.9715921906288022,0.9928726480845371,0.11918013544881928,-0.6636338842129675,-0.7480575296890004,0.934895055524683,-0.354924266788705,0.8230808790115055,0.5679241732886948,-0.46479878803160896,-0.8854163352030204,0.9709315977974505,-0.2393571231413216,0.7871966473319489,0.616702066178912,0.4377773028727551,0.8990834405601384,1,0,0,0,99,18
1701805980,12,6,2,233,19.0,0.0,85,0,0,1,0,0,0,0,0.4987392818032813,0.8667520572726362,-0.2581161974066756,-0.9661138797451976,0.9914922792803779,-0.13016551051411895,-0.7517198648812332,-0.6594825583311059,0.9109013553429114,-0.41262418837781073,0.8404237587008743,0.5419297978623197,-0.47857611836450864,-0.8780460687977367,0.9690320089650643,-0.2469351445240868,0.789599627825421,0.6136223820379734,0.4395324891074758,0.8982266924440548,1,0,0,0,99,18
1701806040,12,6,2,234,19.0,0.0,85,0,0,1,0,0,0,0,0.9988166912028082,0.048633500538969116,-0.689697940935389,-0.7240971967004738,0.9284657227653786,-0.37141809547969407,-0.8280755084772445,-0.5606165822201061,0.8833506048619953,-0.4687128213415406,0.8569459788520921,0.5154062371850283,-0.49223661120185463,-0.8704614400377044,0.967073275413426,-0.254498094258381,0.7919905600000485,0.610533334774449,0.44128599865934504,0.897366517866153,1,0,0,0,99,18
1701806160,12,6,2,236,19.0,0.0,84,0,0,1,0,0,0,0,-0.37143208943692263,-0.9284601245807608,-0.9819521690440836,0.1891294205289584,0.6367380071391379,-0.7710802229758452,-0.9410314083429535,-0.3383192109710552,0.8180217634546941,-0.5751872690824027,0.8874647229840752,0.46087565075494996,-0.5191937736746512,-0.8546565540481598,0.9629788559589872,-0.26957693331574223,0.7967361336464357,0.6043273395620364,0.4447879609645272,0.8956359024631707,1,0,0,0,99,18
1701806220,12,6,2,237,19.0,0.0,84,0,0,1,0,0,0,0,-0.9819578697820255,-0.18909982012986337,-0.7710706258605184,0.6367496289241701,0.42617506442530745,-0.9046407101507675,-0.9758690255743256,-0.21835669196206517,0.7804987802559544,-0.6251573034196812,0.9014314459291071,0.43292187319441294,-0.5324838621055041,-0.8464401553548877,0.9608434199584467,-0.27709190230419245,0.7990907027065802,0.6012104863089995,0.44653640035891834,0.8947654682398621,1,0,0,0,99,18
1701806280,12,6,2,238,19.0,0.0,84,0,0,1,0,0,0,0,-0.6896761131802671,0.7241179868699296,-0.3714041014380902,0.9284713207390763,0.18911462035089152,-0.9819550195245901,-0.9954785330494551,-0.09498678980629327,0.7399279660231438,-0.6726861118655962,0.9145179363647266,0.40454535477150383,-0.5456439522383145,-0.8380171104373418,0.9586493390279216,-0.2845899590311104,0.8014330786257547,0.598084459323635,0.44828313635266553,0.8938916207582536,1,0,0,0,99,18
1701806340,12,6,2,239,19.0,0.0,84,0,0,1,0,0,0,0,0.2366906812750767,0.9715850561826999,0.11919510018725629,0.9928708516677031,-0.05970405485516448,-0.9982161218062207,-0.9995539309627621,0.029865349435251595,0.696467748917618,-0.7175880954402921,0.9267114155551047,0.3757738046749054,-0.5586708312258188,-0.8293894756611352,0.9563967470828033,-0.29207064585375986,0.8037632256621846,0.5949493063052683,0.45002816228250186,0.8930143633518076,1,0,0,0,99,18
1701806460,12,6,2,241,19.0,0.0,84,0,0,1,0,0,0,0,0.7849617132764033,-0.6195442750039529,0.8998734008192355,0.4361511922464772,-0.5309655392553846,-0.8473934128391833,-0.9610914141847234,0.2762305080551537,0.6015685712970908,-0.7988211652351087,0.9483725969351678,0.3171583474897762,-0.5843122677602378,-0.8115289112193651,0.9517165836580145,-0.3069780845440232,0.8083866910532431,0.5886518136623622,0.45351305733001657,0.8912496321632796,1,0,0,0,99,18
1701806520,12,6,2,242,19.0,0.0,84,0,0,1,0,0,0,0,-0.09721190751822432,-0.9952637062792294,0.9988152247235795,-0.04866360920015389,-0.7241075918674496,-0.6896870271361664,-0.9191536942035773,0.3938990815322077,0.5505001900398365,-0.8348350380560844,0.9578191473488313,0.28737167740046654,-0.5969205653181726,-0.8023003419544537,0.949289297831397,-0.3144039265384152,0.8106799388594784,0.5854895701298123,0.4552529131538796,0.8903621651131107,1,0,0,0,99,18
1701806580,12,6,2,243,19.0,0.0,84,0,0,1,0,0,0,0,-0.8900093488562771,-0.4559422758951242,0.8532122467168191,-0.5215638619118831,-0.8722281415753229,-0.4890992425306529,-0.8628728882432953,0.5054209915849098,0.4972821173212898,-0.8675888979190864,0.9663304036195608,0.257304393744951,-0.6093831332811276,-0.7928759025676563,0.9468040722788575,-0.3218105789376289,0.8129608166872586,0.5823183927467734,0.4569910323262517,0.8894713016019048,1,0,0,0,99,18
1701806640,12,6,2,244,19.0,0.0,84,0,0,1,0,0,0,0,-0.8645362993442719,0.5025703802614231,0.4987131538963941,-0.8667670910519801,-0.9661177700083929,-0.25810163593826746,-0.7931272394572851,0.6090559761063561,0.4421221685765394,-0.8969548417022889,0.9738980546500462,0.2269858567154693,-0.621696929091873,-0.7832578939006837,0.9442610586857545,-0.3291975896777772,0.8152292897331944,0.579138329901511,0.4587274082167366,0.8885770450280356,1,0,0,0,99,18
1701806700,12,6,2,245,19.1,0.0,84,0,0,1,0,0,0,0,-0.04421256322855966,0.9990221465276736,0.0221116877728314,-0.9997555067434422,-0.9999388748177166,-0.011056519718198895,-0.7110051053678162,0.7031868458247073,0.3852357422249997,-0.9228181960236553,0.9805147107574815,0.19644567184891684,-0.6338589465137663,-0.7734486640524104,0.9416604122645303,-0.33656450789379855,0.8174853233831781,0.5759494301178713,0.46046203420158793,0.8876793988028199,1,0,0,0,99,18
1701806760,12,6,2,246,19.1,0.0,84,0,0,1,0,0,0,0,0.8167599996228085,0.5769775585030581,-0.45990349068959124,-0.8879689066918555,-0.9715886235161092,0.23667603734656428,-0.617787974410896,0.7863447200008926,0.3268449785441926,-0.9450779650380419,0.9861739108894643,0.16571366111754054,-0.6458662163646817,-0.7634506078056198,0.9390022917452384,-0.3439108839469756,0.8197288832129119,0.5727517420545416,0.4621949036637349,0.8867783663505052,1,0,0,0,99,18
1701806820,12,6,2,247,19.1,0.0,84,0,0,1,0,0,0,0,0.9268071855026884,-0.3755375359409301,-0.8293182549362247,-0.5587765492838215,-0.8828296974172939,0.4696932247308761,-0.5149304687378307,0.8572319478212639,0.2671778922167178,-0.9636472248238107,0.9908701289331036,0.13481983380828896,-0.6577158072418934,-0.7532661660423522,0.9362868593658549,-0.3512362694523786,0.8219599349884332,0.5695453145043077,0.46392600999280714,0.8858739511082566,1,0,0,0,99,18
1701806880,12,6,2,248,19.1,0.0,84,0,0,1,0,0,0,0,0.184752119221718,-0.982785151720906,-0.9956869868891794,-0.09277620459766088,-0.7391806966492228,0.6735071623235863,-0.404037645323065,0.9147423578045313,0.2064674819377966,-0.9784534628188842,0.9945987791111761,0.10379435721925297,-0.669404826237736,-0.7428978251479987,0.9335142808623762,-0.3585402173062328,0.8241784446666367,0.5663301963933087,0.46565534658516017,0.8849661565261433,1,0,0,0,99,18
1701806940,12,6,2,249,19.1,0.0,84,0,0,1,0,0,0,0,-0.727163193443649,-0.68646463135462,-0.9182768186539993,0.39593899065726024,-0.5495730203270262,0.8354456866419445,-0.28683994958692166,0.9579785192377605,0.14495082056035336,-0.9894388609807482,0.9973562204600591,0.07266752720181091,-0.6809304196458655,-0.7323481164042859,0.9306847254587038,-0.36582228171320713,0.8263843783957945,0.5631064367802915,0.46738290684390055,0.8840549860671256,1,0,0,0,99,18
1701807060,12,6,2,251,19.1,0.0,84,0,0,1,0,0,0,0,-0.3215938602925038,0.9468777054203809,-0.1629759101518061,0.9866300485542645,-0.08176170083154903,0.9966519072761223,-0.0409151116574164,0.9991626262216082,0.020461839829201516,-0.9997906346384747,0.999947657289739,0.010231455456709277,-0.7034801150506284,-0.710714941258698,0.9248553782237248,-0.38031898371058337,0.8307583835600407,0.556633189941732,0.4708326720068755,0.8822225314345956,1,0,0,0,99,18
1701807120,12,6,2,252,19.1,0.0,84,0,0,1,0,0,0,0,0.623012211003653,0.7822121099422712,0.329990825673782,0.9439841391523142,0.16735570030280691,0.9858965815825497,0.08397445569174683,0.9964679075571249,-0.04202435271884079,-0.999116586679734,0.9997791222764492,-0.021016818506448383,-0.7144987118625367,-0.6996367562862716,0.9218559421857278,-0.38753273649701414,0.832926388253192,0.5533838014899721,0.47255486375130445,0.8813012542513405,1,0,0,0,99,18
1701807180,12,6,2,253,19.1,0.0,84,0,0,1,0,0,0,0,0.9948237286710673,-0.10161569206079699,0.7421642985420401,0.6702179898880674,0.4060677345664961,0.9138429815586667,0.20755362974582411,0.9782236404725319,-0.10434644106884551,-0.994541009831302,0.9986343199167806,-0.05224456990299564,-0.7253428740612937,-0.6883877650339976,0.9188002408124406,-0.3947228362826266,0.8350816835144412,0.5501259690822519,0.47427525284255984,0.8803766151716695,1,0,0,0,99,18
1701807240,12,6,2,254,19.1,0.0,84,0,0,1,0,0,0,0,0.45199889806298343,-0.892018495407942,0.972630067242408,0.23235910202965793,0.6195324438519512,0.784971051068018,0.3278939988258263,0.9447145206537312,-0.16626105879951092,-0.9860817716228536,0.9965143680908102,-0.08342130536363722,-0.7360099542002259,-0.6769707137817569,0.9156884606081254,-0.40188884422078897,0.8372242364566345,0.5468597424290853,0.4759938327178802,0.8794486177227995,1,0,0,0,99,18
1701807300,12,6,2,255,19.1,0.0,84,0,0,1,0,0,0,0,-0.5063916349244909,-0.8623036078310824,0.9649620738223555,-0.2623893978125999,0.79447762643532,0.6072934225674604,0.44311769172113835,0.8964634467080798,-0.22752643065358386,-0.9737719051985634,0.9934213368955197,-0.11451658133527351,-0.7464973480647046,-0.6653883898388694,0.9125207914998072,-0.4090303229353116,0.8393540143870498,0.5435851713690728,0.4777105968214057,0.8785172654447586,1,0,0,0,99,18
1701807360,12,6,2,256,19.1,0.0,84,0,0,1,0,0,0,0,-0.9992080341070627,-0.03979075993115771,0.7210377105017316,-0.6928958219201651,0.9200260381967906,0.39185723042955,0.5514266812416906,0.8342233605065102,-0.2879033166650653,-0.9576594803233847,0.9893582466233818,-0.14550003380861354,-0.7568024953079283,-0.6536436208636119,0.9092974268256817,-0.4161468365471424,0.8414709848078965,0.5403023058681398,0.479425538604203,0.8775825618903728,1,0,0,0,99,18
1701807420,12,6,2,257,19.1,0.0,84,0,0,1,0,0,0,0,-0.5733571748155426,0.8193055291449822,0.3005781685810014,-0.953757183235068,0.9883716869768853,0.1520572536331825,0.6511308418308941,0.7589654977774624,-0.3471559463861577,-0.9378074156716458,0.9843290648130953,-0.17634140796811468,-0.7669228800759939,-0.6417392741728861,0.9060185633233147,-0.4232379507009703,0.8435751154168105,0.5370111960187747,0.48113865152429053,0.8766445106252518,1,0,0,0,99,18
1701807480,12,6,2,258,19.1,0.0,84,0,0,1,0,0,0,0,0.37963562682930313,0.9251360931462582,-0.19347339203846847,-0.9811055226493881,0.9952651713612277,-0.0971969067167568,0.740674323409674,0.6718642322981792,-0.4050529395658183,-0.914293233130974,0.9783387023753517,-0.20701058773529676,-0.7768560316221071,-0.6296782560422042,0.9026844011176343,-0.4303032325917363,0.8456663741073475,0.5337118920392648,0.48284992904666313,0.8757031152277766,1,0,0,0,99,18
1701807540,12,6,2,259,19.1,0.0,84,0,0,1,0,0,0,0,0.9835931839466808,0.18040079959254857,-0.6401559186664806,-0.7682450128678183,0.9402778878788489,-0.34040783417261544,0.8186598298965864,0.5742787501846923,-0.46136820968468756,-0.8872087550809822,0.9713930087974131,-0.23747762517658147,-0.7865995249097795,-0.6174635109961635,0.8992951437087169,-0.4373422509910497,0.8477447289694727,0.5304044442729295,0.4845593646433172,0.8747583792890838,1,0,0,0,99,18
1701807660,12,6,2,261,19.1,0.0,84,0,0,1,0,0,0,0,-0.24528120908194284,-0.9694519732670104,-0.992333606522275,0.12358807938670624,0.6619712684902925,-0.7495292120346966,0.935288514853758,0.3538861313793629,-0.5683809763796802,-0.8227654986019294,0.9546636838703799,-0.297686497340802,-0.8055080686562991,-0.5925848051794772,0.8923521740824856,-0.45133978044291795,0.8518626005533163,0.5237653193736113,0.48797268398261223,0.8728589002162982,1,0,0,0,99,18
1701807720,12,6,2,262,19.1,0.0,84,0,0,1,0,0,0,0,-0.9482917095220488,-0.31740011602352985,-0.8116033871367004,0.5842088171092894,0.45595569022148996,-0.8900024767126464,0.9721117417027341,0.23451814779175792,-0.618660590391954,-0.7856583697103207,0.9448963884231754,-0.3273695391218304,-0.8146685028653773,-0.5799269181880462,0.8887988856282523,-0.4582974371584211,0.8539020544413806,0.520433743545506,0.48967655470447735,0.8719041643281404,1,0,0,0,99,18
1701807780,12,6,2,263,19.1,0.0,84,0,0,1,0,0,0,0,-0.7794471854988634,0.6264679441263539,-0.4321643529223842,0.9017948614087224,0.22159099552021236,-0.9751396980455473,0.9937654899536277,0.11149058694448753,-0.6665243480382065,-0.7454832616982381,0.9342064176878251,-0.35673291010345676,-0.8236300474434674,-0.5671274503568591,0.8851913494710788,-0.46522712176051223,0.855928478834684,0.5170942265387846,0.49137855745912207,0.8709461023906085,1,0,0,0,99,18
1701807840,12,6,2,264,19.1,0.0,84,0,0,1,0,0,0,0,0.10601748626711377,0.9943642655514137,0.05308358714605824,0.9985900724399912,-0.026551154023966794,-0.99964745596635,0.9999118601072672,-0.013276747223059479,-0.711785342369123,-0.7023970575027135,0.9226042102393402,-0.3857479374522218,-0.8323905145579873,-0.5541895264924167,0.8815297857963782,-0.4721284112969602,0.8579418428124834,0.513746819310368,0.49307868575392305,0.8699847180584174,1,0,0,0,99,18
1701807900,12,6,2,265,19.1,0.0,84,0,0,1,0,0,0,0,0.8940101700837942,0.44804666697426215,0.5253348137263215,0.8508956066916382,-0.2730424814093603,-0.9620019767889353,0.9904549401131116,-0.1378369021907137,-0.7542668301704357,-0.6565680078290772,0.9101010954364018,-0.41438628848631254,-0.8409477654665337,-0.5411163052032749,0.8778144180871248,-0.4790008845486223,0.8599421156533218,0.510391572937572,0.4947769331034077,0.8690200149989562,1,0,0,0,99,18
1701807960,12,6,2,266,19.1,0.0,84,0,0,1,0,0,0,0,0.8600540264645697,-0.510202970945957,0.8689657562142357,0.4948722204034305,-0.5025573497604873,-0.8645438740756395,0.9655423020447212,-0.2602461584004272,-0.7938029221413925,-0.6081750741355538,0.8967092823584335,-0.44261999834194465,-0.8492997110390256,-0.5279109781289149,0.8740454731102137,-0.48584412205515315,0.8619292668354965,0.5070285386173281,0.49647329302927856,0.8680519968922737,1,0,0,0,99,18
1701808020,12,6,2,267,19.1,0.0,84,0,0,1,0,0,0,0,0.035368177256176046,-0.9993743503000143,0.9998435753406666,0.01768685528840119,-0.7008256362004742,-0.713332620622526,0.9255626992869057,-0.3785943603498829,-0.8302392306889271,-0.5574072297925984,0.8824418478836433,-0.47042149728057797,-0.857444312267735,-0.5145767691605511,0.8702231809026209,-0.49265770614060683,0.8639032660375254,0.5036577676654025,0.49816775906043814,0.867080667431065,1,0,0,0,99,18
1701808080,12,6,2,268,19.1,0.0,84,0,0,1,0,0,0,0,-0.8218350110128397,-0.5697255608391865,0.8859248164599484,-0.4638288688518717,-0.8555199789753223,-0.5177697997895051,0.8711400001691764,-0.4910347239302405,-0.8634334728079056,-0.504462722145928,0.8673127239196736,-0.4977636376102979,-0.8653795807650819,-0.5011169336540635,0.8663477747573614,-0.4994412209389292,0.8658640831386093,0.5002793115156127,0.49986032473301345,0.8661060303206567,1,0,0,0,99,18
1701808140,12,6,2,269,19.1,0.0,84,0,0,1,0,0,0,0,-0.9234468802429867,0.3837262818331512,0.5551007648016929,-0.8317831092998796,-0.9570222331011646,-0.2900145605828441,0.8031234527091224,-0.5958126548744814,-0.8932560256932167,-0.44954829836488014,0.8513366837993298,-0.5246197201950761,-0.8731035792490706,-0.48753475763525,0.862419491209252,-0.5061942524193405,0.8678116882190918,0.4968932217190427,0.501550983590381,0.8651280892789931,1,0,0,0,99,18
1701808260,12,6,2,271,19.1,0.0,84,0,0,1,0,0,0,0,0.7332108186087175,0.6800013937302882,-0.3999991289176214,-0.916515519162193,-0.9789064100214568,0.2043091784989199,0.630749879707115,-0.7759862042906819,-0.9423338591737755,-0.33467431609649856,0.8169070681835537,-0.5767693143291786,-0.8879102754020753,-0.46001667669271595,0.8544052541659362,-0.5196072186311907,0.8716671436480758,0.49009834797151136,0.5049265550693925,0.8631623103366803,1,0,0,0,99,18
1701808320,12,6,2,272,19.1,0.0,84,0,0,1,0,0,0,0,0.9683569384347241,-0.24956930858045798,-0.7904332067228887,-0.6125482394960996,-0.8979276806892913,0.4401430224960407,0.5290826861200238,-0.8485702747846052,-0.9613974918795568,-0.27516333805159693,0.7984871126234903,-0.6020119026848236,-0.8949893582285835,-0.4460874899137928,0.850319789818452,-0.5262663347043051,0.8735749351670712,0.4866896677019633,0.5066114548142574,0.8621744799348805,1,0,0,0,99,18
1701808380,12,6,2,273,19.1,0.0,84,0,0,1,0,0,0,0,0.3132001548706699,-0.9496871395301657,-0.9873416682005692,-0.15860778743465642,-0.7611201572139107,0.6486109051524434,0.4191593341723149,-0.9079126899521901,-0.9767068879536455,-0.2145778530601538,0.7792874479484941,-0.6266666366338032,-0.9018499422392295,-0.4320493972719999,0.8461824263337073,-0.5328933301928258,0.8754693970073499,0.4832735611468799,0.5082944219904051,0.8611833605994951,1,0,0,0,99,18
1701808440,12,6,2,274,19.1,0.0,84,0,0,1,0,0,0,0,-0.6299114066849614,-0.7766669941024745,-0.9425144545582509,0.33416538263076073,-0.5769898687885426,0.8167513032223337,0.30269514100631545,-0.953087431252331,-0.9882022645319962,-0.1531544461445194,0.7593268223052967,-0.6507094412468135,-0.9084903525208217,-0.4179058259663213,0.8419934162350443,-0.5394878006191052,0.8773505002617554,0.4798500804318443,0.5099754501778275,0.860188956111343,1,0,0,0,99,18
1701808500,12,6,2,275,19.1,0.0,84,0,0,1,0,0,0,0,-0.9938853259197261,0.11041720391967796,-0.6669268310993051,0.7451232126030157,-0.3569851449269173,0.9341100611285096,0.1815074914039231,-0.9833895619561226,-0.995838732415074,-0.09113297439422614,0.7386247269061015,-0.6741168391331631,-0.9149089679124266,-0.4036602289468439,0.8377530151980487,-0.5460493434906575,0.8792182162269665,0.47641927779496,0.5116545329639131,0.8591912702637754,1,0,0,0,99,18
1701808560,12,6,2,276,19.1,0.0,84,0,0,1,0,0,0,0,-0.4440856600409099,0.8959843338731037,-0.2280522595008612,0.9736488930495181,-0.11478481378318722,0.9933903797222716,0.057487478104924564,-0.9983462274487422,-0.9995864713592172,-0.028755630329187164,0.7172013769957456,-0.6968659733660458,-0.9211042214011522,-0.38931608407176954,0.8334614820349437,-0.5525775583247253,0.8810725164039352,0.4729812055860543,0.5133316639434712,0.8581903068626603,1,0,0,0,99,18
1701808620,12,6,2,277,19.1,0.0,84,0,0,1,0,0,0,0,0.5140043136735694,0.8577875993070563,0.2666574588239974,0.9637913672852274,0.13455228113037063,0.9909064959130168,-0.06742960806271654,-0.9977240339675638,-0.9994308465240513,0.033734003856911096,0.6950776921118563,-0.7189346298019421,-0.9270746005047118,-0.3748768932583455,0.8291190786787943,-0.5590720466727229,0.8829133724983225,0.46953591626587904,0.515006836718757,0.857186069726369,1,0,0,0,99,18
1701808680,12,6,2,278,19.1,0.0,84,0,0,1,0,0,0,0,0.99952109184891,0.030944901828293042,0.6960801312247417,0.717964101410472,0.375523566896625,0.926812845565509,-0.1912944777489552,-0.9815326906337631,-0.9953724656212274,0.09609190747986249,0.6722752756572777,-0.7403012587723536,-0.9328186476406745,-0.3603461816279218,0.8247260701675199,-0.5655324121445553,0.884740756420929,0.4660834624053104,0.5166800448994956,0.8561785626857608,1,0,0,0,99,18
1701808740,12,6,2,279,19.1,0.0,84,0,0,1,0,0,0,0,0.5660827877060443,-0.8243483956816764,0.9550781108583937,0.2963541836370153,0.5931466160920859,0.8050944614258054,-0.3121742610900157,-0.9500248579447291,-0.9874271765413207,0.1580745742604909,0.6488163938047147,-0.7609449961266882,-0.9383349604823131,-0.3457274966453434,0.8202827246277175,-0.571958260432812,0.8865546402881246,0.4626238966845466,0.5183512821029063,0.8551677895841688,1,0,0,0,99,18
1701808860,12,6,2,281,19.1,0.0,84,0,0,1,0,0,0,0,-0.9851514363288851,-0.17168764515577298,0.7654043523379563,-0.6435496697397284,0.9065179727230256,0.4221672241305995,-0.5375094305542,-0.8432577376255137,-0.9600150357222312,0.27994844380214573,0.6000214813645651,-0.7999838885259333,-0.9486790522948035,-0.31624050299895706,0.8112461103139285,-0.5847048387866493,0.8901417973521548,0.4556836409250121,0.5216878180842389,0.8531364606336469,1,0,0,0,99,18
1701808920,12,6,2,282,19.1,0.0,84,0,0,1,0,0,0,0,-0.6767497645263835,0.7362131187458456,0.363171365373259,-0.9317223617435201,0.9827823669926928,0.18476693191217952,-0.6384485367231334,-0.7696645151987259,-0.9406552278063217,0.33936373171073697,0.5747330981809134,-0.8183409227549167,-0.9535043059039945,-0.301379393161745,0.8066533930883032,-0.5910247908667855,0.8919150158133861,0.4522030567860055,0.5233531041342903,0.8521159125336193,1,0,0,0,99,18
1701808980,12,6,2,283,19.1,0.0,84,0,0,1,0,0,0,0,0.253852519790234,0.9672429364932829,-0.12797863787897792,-0.9917769246391254,0.9979421137117938,-0.06412127322844811,-0.7294248670111433,-0.6840609354332229,-0.9176221813560369,0.3974538115094489,0.5488834978802656,-0.8358988609602985,-0.9580967751120705,-0.2864447058680798,0.8020114418972087,-0.5973086698399414,0.8936746247488349,0.4487155725847157,0.525016393751321,0.8510921138703835,1,0,0,0,99,18
1701809040,12,6,2,284,19.1,0.0,84,0,0,1,0,0,0,0,0.9510639681125854,0.3089940590981371,-0.5877950071674065,-0.8090099069535975,0.9510546532543747,-0.3090227281660707,-0.8090187662119065,-0.587782813560387,-0.8910058399248534,0.45399184267980686,0.5224979221586403,-0.8526405581133842,-0.9624553387335394,-0.27144008720767066,0.7973205400614205,-0.6035560921705327,0.8954205973090336,0.4452212415358611,0.5266776805903868,0.8500650685494203,1,0,0,0,99,18
1701809100,12,6,2,285,19.1,0.0,84,0,0,1,0,0,0,0,0.7738715902084317,-0.6333425312327234,-0.9036986586337072,-0.428169048838935,0.8450352208159536,-0.5347106465935876,-0.8759881981492638,-0.4823325374709923,-0.860910139756465,0.5087570454200157,0.4956021360829594,-0.8685496662310151,-0.966578932687604,-0.2563692003429672,0.7925809738894087,-0.609766676548101,0.8971529068525892,0.4417201169586342,0.5283369583141831,0.8490347804885953,1,0,0,0,99,18
1701809160,12,6,2,286,19.1,0.0,84,0,0,1,0,0,0,0,-0.11481475884166603,-0.9933869191569467,-0.9983453608739179,0.05750252534912421,0.6864755912087755,-0.7271528468448447,-0.9292881272363391,-0.36935562345465606,-0.8274526039159754,0.5615355627853609,0.4682224029318968,-0.8836106503390961,-0.9704665502579407,-0.24123572461485038,0.7877930326598638,-0.6159400439105862,0.8988715269465893,0.43821225227588845,0.52999422059307,0.8480012536181443,1,0,0,0,99,18
1701809220,12,6,2,287,19.1,0.0,84,0,0,1,0,0,0,0,-0.8979409481081247,-0.4401159548467677,-0.8485623002604958,0.529095475861036,0.48523423423072903,-0.8743842049868684,-0.9680868259063513,-0.2506150384684961,-0.7907638833648436,0.6121212957950017,0.4403854585502332,-0.8978088036422348,-0.9741172423384761,-0.22604335464437486,0.7829570086040404,-0.6220758174674632,0.9005764313670059,0.43469770101332306,0.5316494611050955,0.8469644918806583,1,0,0,0,99,18
1701809280,12,6,2,288,19.1,0.0,84,0,0,1,0,0,0,0,-0.8555043707508208,0.5177955886508133,-0.49102159389846933,0.8711474010323434,0.25382336276203626,-0.9672505882738824,-0.9917788534431158,-0.12796368962740468,-0.7509872467716762,0.6603167082440802,0.4121184852417566,-0.9111302618846769,-0.977530117665097,-0.2107957994307797,0.7780731968879212,-0.6281736227227391,0.9022675940990952,0.4311765167986662,0.5333026735360201,0.8459244992310679,1,0,0,0,99,18
1701809340,12,6,2,289,19.1,0.0,84,0,0,1,0,0,0,0,-0.026521020285755953,0.9996482558795381,-0.013261676373330016,0.9999120601031718,0.006630983970279104,-0.9999780147841181,-0.9999945036809248,-0.0033155102082415536,-0.7082780210511411,0.705933598078374,0.38344908522620447,-0.9235620168885179,-0.9807043430332401,-0.1954967814459897,0.7731418955942013,-0.6342330874978104,0.9039449893377943,0.42764875336085667,0.534953851579341,0.8448812796366294,1,0,0,0,99,18
1701809460,12,6,2,291,19.1,0.0,84,0,0,1,0,0,0,0,0.9200142254959646,-0.3918849638415085,0.8342316716121213,0.5514141076171752,-0.47359576242974594,-0.8807423311097222,-0.9697273666112869,0.2441901604183487,-0.6147397171086522,0.7887300426693371,0.3250153514302539,-0.9457087402232617,-0.9863338025798521,-0.16475930895815624,0.7631380310789642,-0.6462355186160244,0.907258375165538,0.42057370423266816,0.5382500793159867,0.8427851755437645,1,0,0,0,99,18
1701809520,12,6,2,292,19.1,0.0,84,0,0,1,0,0,0,0,0.16732598101183924,-0.9859016259639831,0.9964691731217737,0.08395943674184847,-0.6767719568873076,-0.7361927182273159,-0.9317168878547055,0.36318540841606234,-0.5642759039618552,0.8255862790817391,0.29530807719927077,-0.9554020826546641,-0.9887876624065108,-0.14932835856818344,0.7580660784417752,-0.6521777523926344,0.9088943151963913,0.41702652649883415,0.5398951164352044,0.8417322990413384,1,0,0,0,99,18
1701809580,12,6,2,293,19.1,0.0,84,0,0,1,0,0,0,0,-0.739200998751274,-0.6734848798934681,0.9147362679738538,-0.40405143243560715,-0.8378697489573207,-0.5458702078170199,-0.8791672786839316,0.4765132695859477,-0.5116086054857034,0.859218618742037,0.2653124396423611,-0.9641624911657881,-0.9910001239065988,-0.13386095180113555,0.752947857358375,-0.6580801806006866,0.9105163866182439,0.4134729854532902,0.5415380940186525,0.8406762115860333,1,0,0,0,99,18
1701809640,12,6,2,294,19.1,0.0,84,0,0,1,0,0,0,0,-0.9661099892625297,0.2581307588164473,0.6090440218832924,-0.7931364191664784,-0.9468728581933475,-0.32160813176404734,-0.8128985581744033,0.582405300557933,-0.4569434863536556,0.889495728083596,0.23505772899056523,-0.9719814113663893,-0.9929706469393719,-0.11836086480254095,0.7477836802185981,-0.6639424429863854,0.9121245646802812,0.4099131353187006,0.5431790057988708,0.8396169172065021,1,0,0,0,99,18
1701809700,12,6,2,295,19.1,0.0,85,0,0,1,0,0,0,0,-0.30478191109030295,0.9524221683015063,0.15423655808285816,-0.988033948885742,-0.9970039992110719,-0.07735001976165862,-0.7339448275455243,0.6792090916052071,-0.40049401268607804,0.9162993756423735,0.2045734884554038,-0.9788512082135807,-0.9946987504298929,-0.1028318816963379,0.7425738622171999,-0.6697641817474499,0.9137188248436852,0.40634703041399856,0.5448178455162797,0.8385544199436309,1,0,0,0,99,18
1701809760,12,6,2,296,19.1,0.0,85,0,0,1,0,0,0,0,0.6367612505645516,0.7710610285700272,-0.3383333943242765,-0.9410263090291437,-0.9851462604682474,0.17171734183077755,-0.6435381333569995,0.7654140519453434,-0.34248061846961253,0.939524893748256,0.17388948538043356,-0.9847651734673236,-0.9961840124864793,-0.08727779366103493,0.737318721334619,-0.6755450415549525,0.9152991427820066,0.40277472515355744,0.5464546069192036,0.8374887238505236,1,0,0,0,99,18
1701809820,12,6,2,297,19.1,0.0,85,0,0,1,0,0,0,0,0.992869055025318,-0.11921006489861569,-0.7480675320111867,-0.6636226092823331,-0.9120368987278785,0.4101081508076052,-0.5430892418343393,0.8396749820042292,-0.2831298447671764,0.9590815872500705,0.1430356821739413,-0.9897175322409093,-0.9974260705037014,-0.07170239800414888,0.7320185783175687,-0.6812846695750063,0.9168654943815386,0.3991962740463603,0.5480892837638954,0.8364198329924872,1,0,0,0,99,18
1701809880,12,6,2,298,19.1,0.0,85,0,0,1,0,0,0,0,0.43613762914604876,-0.8998799744648526,-0.9746486480944947,-0.22374095013558368,-0.7822215000035424,0.6230004212937645,-0.4341656243337532,0.9008330648055067,-0.22267345507995925,0.9748930876782097,0.11204220705116075,-0.9937034486400381,-0.998424621250908,-0.05610949723514686,0.7266737566594609,-0.6869827154903001,0.9184178557416826,0.3956117316951685,0.5497218698145597,0.8353477514470151,1,0,0,0,99,18
1701809940,12,6,2,299,19.1,0.0,85,0,0,1,0,0,0,0,-0.5215767216183704,-0.8532043855172293,-0.9626017830643233,0.2709202968427898,-0.6037713570372523,0.7971575430373816,-0.3184669974758911,0.9479339489219124,-0.16134753031591095,0.9868976514618708,0.08093932461458155,-0.9967190304849884,-0.9991794209462554,-0.04050289813711804,0.7212845825806614,-0.6926388315214799,0.9199562031753141,0.3920211527956879,0.5513523588433771,0.8342724833037728,1,0,0,0,99,18
1701810060,12,6,2,301,19.1,0.0,85,0,0,1,0,0,0,0,-0.5587640495890891,0.8293266768209027,-0.29212439403368673,0.9563803314636136,-0.1476815298816789,0.9890349668903556,-0.07404401768422757,0.9972549741391004,-0.0370474416181442,0.9993135078990728,0.01852690072471944,-0.9998283622450087,-0.9999570896406027,-0.00926384787740154,0.7103744955575902,-0.7038238956310728,0.9229907625840772,0.38482210459440036,0.5546070209642138,0.8321124036434021,1,0,0,0,99,18
1701810120,12,6,2,302,19.1,0.0,85,0,0,1,0,0,0,0,0.39595283104274065,0.9182708508872743,0.20214988141565363,0.9793545963764285,0.1016006978902495,0.9948252601277343,0.050866196399306694,0.9987054771372125,0.025441333129256026,0.9996763168989281,-0.012721696055790868,-0.9999190759503811,-0.9999797687829443,0.006360976718196107,0.7048542485087977,-0.7093521610308227,0.9244869282555656,0.3812137451412117,0.5562311816406863,0.8310276003663211,1,0,0,0,99,18
1701810180,12,6,2,303,19.1,0.0,85,0,0,1,0,0,0,0,0.9866325048439105,0.1629610394708834,0.6469308156708554,0.7625486999106625,0.3445658863623454,0.9387621370482149,0.17498266050066957,0.984571515190292,0.08783076001523608,0.9961354112745646,-0.043957870315993346,-0.9990333856469874,-0.9997583172064605,0.02198424837255722,0.699290980789629,-0.7148371312307991,0.925968987393962,0.3775995688352947,0.5578532204642657,0.829939626971533,1,0,0,0,99,18
1701810240,12,6,2,304,19.1,0.0,85,0,0,1,0,0,0,0,0.6702068037805061,-0.7421744001016999,0.933320523748862,0.35904428689111606,0.5661076368981803,0.8243313311075577,0.2963685787093853,0.9550736440472949,0.14987720966295234,0.9887046181866692,-0.0751511204618093,-0.9971721561963784,-0.999292788975378,0.03760215288797655,0.6936850319532718,-0.7202784714566918,0.9274369173848677,0.37397963082453317,0.5594731312473669,0.8288484876093257,1,0,0,0,99,18
1701810300,12,6,2,305,19.0,0.0,87,0,0,1,0,0,0,0,-0.2624039418616639,-0.9649581189333869,0.991200816921926,-0.13236668966664739,0.7524515564694672,0.6586475955825515,0.41312976437037824,0.910672168121589,0.21133839201433674,0.9774129547232299,-0.10627098681382932,-0.9943372050575272,-0.9985832977417375,0.05321087737705887,0.6880367441579487,-0.7256758495971389,0.9288906958294767,0.3703539863447274,0.5610909078105225,0.8277541864420642,1,0,0,0,99,18
1701810360,12,6,2,306,19.0,0.0,87,0,0,1,0,0,0,0,-0.9537617134939987,-0.3005637933500832,0.8064005807754863,-0.5913696841443247,0.8920116826993705,0.45201234267200896,0.523444198233198,0.8520599575945371,0.2719743024675887,0.9623045145884273,-0.13728708135067327,-0.9905313005121108,-0.9976300167176484,0.06880661119358068,0.6823464621460344,-0.7310289362239981,0.9303303005449188,0.3667226907187513,0.5627065439824068,0.826656727644175,1,0,0,0,99,18
1701810420,12,6,2,307,19.0,0.0,87,0,0,1,0,0,0,0,-0.7682353642374472,0.6401674977183369,0.42416535825174545,-0.9055847552047066,0.9761108428874015,0.21727315158032454,0.6255904604530329,0.7801516364080526,0.3315481590900087,0.9434382959176643,-0.16816911738237747,-0.9857581589613307,-0.9964331786330006,0.08438554686280492,0.6766145332230143,-0.7363374046124525,0.9317557095645973,0.36308579935570845,0.5643200335998588,0.8255561154021296,1,0,0,0,99,18
1701810480,12,6,2,308,19.0,0.0,87,0,0,1,0,0,0,0,0.12360303600011291,0.9923317436681922,-0.06192033725605731,-0.9980810948185003,0.9995201585807313,-0.03097503173121646,0.7179745927716441,0.6960693098638897,0.3898273272463786,0.9208879708911095,-0.1988869391248336,-0.9800224412969096,-0.9949930756786476,0.09994388101102124,0.6708413072362862,-0.7416009307609522,0.9331669011385242,0.35944336775008645,0.565931370507906,0.8244523539144292,1,0,0,0,99,18
1701810540,12,6,2,309,19.0,0.0,87,0,0,1,0,0,0,0,0.9018013749637745,0.43215076086181514,-0.5328457746563188,-0.8462123731256284,0.9607841519107266,-0.27729733759483854,0.7991549717028728,0.6011250545457083,0.4465842280322334,0.8947415980454101,-0.2294105511463999,-0.9733297483498103,-0.9933100594350714,0.11547781529408518,0.6650271365538082,-0.7468191934109906,0.9345638537336522,0.3557954514809102,0.5675405485597879,0.8233454473915885,1,0,0,0,99,18
1701810660,12,6,2,311,19.0,0.0,87,0,0,1,0,0,0,0,0.01767178546737087,-0.9998438418065069,-0.9999609596895538,-0.008836237703148543,0.7102239920275675,-0.7039757674440404,0.9230318974564314,0.3847234282935987,0.5546514994599768,0.8320827567897314,-0.28975614161762697,-0.9571005059004335,-0.9892169898208465,0.14645732159842081,0.6532773830470404,-0.7571186570143483,0.9373149569419951,0.3484833876855909,0.5707524035492137,0.8211222161425152,1,0,0,0,99,18
1701810720,12,6,2,312,19.0,0.0,87,0,0,1,0,0,0,0,-0.8317914757822045,-0.5550882279566577,-0.8817846188147811,0.47165229356133864,0.5139784559875352,-0.8578030932449878,0.9637953862840878,0.26664293235993725,0.605539869719601,0.7958149698139441,-0.31951919362227366,-0.9475798039779932,-0.9868079357144411,0.16189533041753676,0.6473425173671444,-0.7621992293414946,0.9386690655767598,0.34481935173254513,0.5723550682345072,0.820005899897234,1,0,0,0,99,18
1701810780,12,6,2,313,19.0,0.0,87,0,0,1,0,0,0,0,-0.9165094902005468,0.4000129427560235,-0.5477166499404489,0.8366638939132081,0.2857762289683941,-0.958296377409726,0.9895191704584925,0.14440156264783635,0.6540636197466435,0.7564395424116314,-0.348970240556676,-0.9371338064576561,-0.9841579666033436,0.17729381481363626,0.6413681412365148,-0.7672332809562018,0.9400088512764658,0.341150054260437,0.573955549559181,0.8188864555786831,1,0,0,0,99,18
1701810840,12,6,2,314,19.0,0.0,87,0,0,1,0,0,0,0,-0.15859290602857282,0.987344058653017,-0.0795485428747221,0.9968309933617175,0.039805820166669656,-0.9992074342602034,0.9998018389311463,0.01990685484696882,0.7000332653356665,0.7141102347841574,-0.378080523973295,-0.9257727136787294,-0.9812677294395066,0.19264901546759924,0.6353546193002774,-0.7722205046059057,0.941334293597632,0.33747555125823137,0.5755538414178853,0.8177638874572022,1,0,0,0,99,18
1701810900,12,6,2,315,19.1,0.0,86,0,0,1,0,0,0,0,0.7451332645574127,0.6669156003948422,0.4080958218391593,0.9129390999389944,-0.20863952173666145,-0.9779926124309412,0.9944829340996609,-0.1048984927657657,0.7432692960044044,0.668992341971952,-0.40682161817438367,-0.9135076195555109,-0.9781379298328817,0.20795718362741059,0.6293023185928165,-0.7771605958961798,0.9426453723156392,0.33379589879432325,0.5771499377136226,0.8166381998150476,1,0,0,0,99,18
1701810960,12,6,2,316,19.1,0.0,86,0,0,1,0,0,0,0,0.9637873480674221,-0.2666719852274808,0.7958240965274552,0.6055278749869898,-0.4441126687075084,-0.8959709467909631,0.9736454556949781,-0.22806693448309956,0.7836028759783554,0.6212620483809149,-0.43516545796919887,-0.9003505007442698,-0.9747693318791554,0.22321458202336397,0.6232116085153726,-0.782053253309314,0.943942067425039,0.330111153015682,0.5787438323577704,0.8155093969463755,1,0,0,0,99,18
1701811020,12,6,2,317,19.1,0.0,86,0,0,1,0,0,0,0,0.2963397884973224,-0.955082577452527,0.9887068770501516,0.1498623077152374,-0.651973040962877,-0.7582421472442815,0.9376145655983277,-0.34767646796678553,0.8208765034908678,0.5711057397860814,-0.46308436607918363,-0.8863142049482455,-0.9711627579732054,0.23841748578046287,0.6170828608134961,-0.7868981782227173,0.9452243591398598,0.3264213701469947,0.5803355192701052,0.8143774831572257,1,0,0,0,99,18
1701811080,12,6,2,318,19.1,0.0,86,0,0,1,0,0,0,0,-0.6435612059762619,-0.7653946525566921,0.9395197317131483,-0.34249477911590703,-0.8192968873112808,-0.5733695234681091,0.8869525137988248,-0.46186062645125475,0.8549446258241684,0.5187192754991592,-0.49055108016436005,-0.8714124383720832,-0.9673190886083255,0.25356218332779523,0.610916449554358,-0.791695074927145,0.9464922278939074,0.3227266064898082,0.5819249923788253,0.8132424627655053,1,0,0,0,99,18
1701811140,12,6,2,319,19.1,0.0,86,0,0,1,0,0,0,0,-0.9917749956098326,0.12799358610147818,0.6603053891566091,-0.7509971990964674,-0.9356808214066555,-0.3528475597928464,0.8224498646704389,-0.5688376043332375,0.8856742076896101,0.46430722354210824,-0.5175387794445416,-0.8556597523379571,-0.9632392621612652,0.2686449773046603,0.6047127511039186,-0.796443650644746,0.9477456543410647,0.3190269184216702,0.5835122456205738,0.812104340100972,1,0,0,0,99,18
1701811260,12,6,2,321,19.1,0.0,86,0,0,1,0,0,0,0,0.5291082654818533,0.8485543255436181,-0.27517782837320115,-0.9613933444599089,-0.9903013037606052,0.13893641628473632,0.6561492146285263,-0.7546311735824118,0.9366512620987631,0.3502633483663315,-0.5699722149516012,-0.8216639667060773,-0.9543751795562575,0.2986101415674982,0.5921950094489575,-0.8057946827720751,0.9502091040323901,0.31161299493757066,0.5866800682920927,0.8098188053316527,1,0,0,0,99,18
1701811320,12,6,2,322,19.1,0.0,86,0,0,1,0,0,0,0,0.9999122598719259,0.01324660552058789,-0.702407785577371,-0.7117747556357236,-0.9251418149764185,0.37962168297153187,0.5569462797382114,-0.8305485184417379,0.9566996703359257,0.2910768640396056,-0.5953667508185162,-0.8034540634160753,-0.9495930874369493,0.3134851962883771,0.5858817302628675,-0.8103965684429991,0.9514190896873468,0.30789887264895993,0.5882606256375825,0.8086714019454874,1,0,0,0,99,18
1701811380,12,6,2,323,19.1,0.0,86,0,0,1,0,0,0,0,0.551401533867395,-0.8342399825282195,-0.9576638195442646,-0.2878888826194756,-0.8024614889885606,0.5967039120788988,0.4490523844280872,-0.8935054314549238,0.9730121868339892,0.2307537307879076,-0.6201799211567932,-0.784459600867982,-0.9445791657844201,0.32828371809459106,0.5795326918757081,-0.8149489916843234,0.9526145578575638,0.3041800522023728,0.5898389389475855,0.8075209137237168,1,0,0,0,99,18
1701811440,12,6,2,324,19.1,0.0,86,0,0,1,0,0,0,0,-0.4040652194563607,-0.9147301779353751,-0.9784503507933796,0.20648222933781113,-0.6298879942744539,0.7766859820216312,0.33415117684842055,-0.9425194910508831,0.9855251115651197,0.16952950915565845,-0.6443874963266829,-0.7646991268321347,-0.9393346386757316,0.3430020941392817,0.5731482818000584,-0.8194516746395976,0.9537954903016678,0.30045659034243405,0.5914150022013163,0.8063673450551039,1,0,0,0,99,18
1701811500,12,6,2,325,19.0,0.0,87,0,0,1,0,0,0,0,-0.9880362734541701,-0.15422166624309427,-0.7596781115193113,0.6502992902336991,-0.4181511148892831,0.9083774794196792,0.2140356519137885,-0.9768258492227975,0.9941895818260211,0.10764327841812157,-0.6679658380418412,-0.7441919370760884,-0.9338607864869604,0.35763673114202876,0.5667288897074029,-0.8239043424882614,0.9549618690000825,0.2967285438845904,0.5929888093865725,0.8052107003401626,1,0,0,0,99,18
1701811560,12,6,2,326,19.0,0.0,87,0,0,1,0,0,0,0,-0.6636113342009432,0.7480775341634341,-0.35491017584493534,0.9349004048997503,-0.1804156244623088,0.9835904648022342,0.09058017221711874,-0.995889166725453,0.9989717630457462,0.04533670298194944,-0.690891922451714,-0.7229580565226276,-0.9281589455806122,0.3721840562660983,0.5602749074043482,-0.8283067234624195,0.9561136761553041,0.2929959697142441,0.5945603544997581,0.8040509839911409,1,0,0,0,99,18
1701811620,12,6,2,327,19.0,0.0,87,0,0,1,0,0,0,0,0.2709348053161655,0.9625976995964054,0.13675214880138925,0.9906052946548402,0.06853723566485535,0.9976485590263838,-0.034288780771676325,-0.9994119668651121,0.9998529809089715,-0.017146911309152784,-0.7131433626239372,-0.7010182196957677,-0.9222305079793683,0.38664051799069915,0.5537867288087088,-0.8326585488634279,0.9572508941921726,0.2892589247858846,0.596129631545906,0.8028882004320043,1,0,0,0,99,18
1701811680,12,6,2,328,19.0,0.0,87,0,0,1,0,0,0,0,0.9563847343054627,0.2921099792671752,0.5949327780232085,0.803775459710974,0.31322878243308516,0.9496776978825432,-0.158622668804709,-0.9873392775238264,0.9968297942787993,-0.07956356727854007,-0.7346984304047954,-0.6783938504738453,-0.9160769210262436,0.40100258697803604,0.5472647499254653,-0.8369595530782943,0.9583735057581397,0.28551746612221973,0.5976966345387016,0.8017223540984184,1,0,0,0,99,18
1701811740,12,6,2,329,19.0,0.0,87,0,0,1,0,0,0,0,0.7625389491684939,-0.6469423088661069,0.9074531141789384,0.4201533595806971,0.5384452806085791,0.8426604771735462,-0.2804813031437691,-0.9598594889809514,0.9899140086343236,-0.14166952922038076,-0.7555360776363961,-0.6551070411694638,-0.9096996870312377,0.41526675693494663,0.5407093688225928,-0.8412094735958894,0.9594814937235343,0.2817716508133054,0.5992613575005044,0.8005534494377329,1,0,0,0,99,18
1701811800,12,6,2,330,19.0,0.0,87,0,0,1,0,0,0,0,-0.13238162920545193,-0.9911988217552068,0.9977972794498907,-0.06633693633562374,0.7301838591531669,0.6832507093535931,-0.397963120556671,-0.9174014141458452,0.979132629970487,-0.2032222746823719,-0.7756359567098382,-0.6311805309567257,-0.9031003629045682,0.429429545468913,0.5341209856067664,-0.8454080510229699,0.9605748411818232,0.2780215360156746,0.6008237944623721,0.7993814909089635,1,0,0,0,99,18
1701811860,12,6,2,331,19.0,0.0,87,0,0,1,0,0,0,0,-0.9055911481970673,-0.424151709070136,0.8438458713148201,-0.5365856366554476,0.8765231419236595,0.48135972169706537,-0.5092348565754973,-0.860627597075839,0.964527759340248,-0.26398144151072533,-0.7949784404343068,-0.6066376836668139,-0.896280559776573,0.4434874949382373,0.5275000023989397,-0.8495550291000099,0.9616535314498694,0.27426717895146524,0.6023839394640825,0.798206482982776,1,0,0,0,99,18
1701811920,12,6,2,332,19.0,0.0,87,0,0,1,0,0,0,0,-0.8462043418838514,0.5328585288581931,0.48329156372825655,-0.875459459043705,0.9683644611001854,0.24954011797333814,-0.6125601529754697,-0.7904239741978156,0.9461564284508708,-0.3237097664592346,-0.8135446412026923,-0.5815024649736085,-0.889241942604376,0.45743717329617606,0.5208468233098019,-0.8536501547168418,0.9627175480681864,0.27050863690754695,0.6039417865541566,0.7970284301414683,1,0,0,0,99,18
1701811980,12,6,2,333,19.0,0.0,87,0,0,1,0,0,0,0,-0.008821166113885877,0.9999610927573088,0.004410625958475234,-0.9999902731420214,0.9999975682825487,0.0022053183419487145,-0.7063266530643069,-0.707886049566577,0.9240903769563281,-0.38217401169717374,-0.8313164294350177,-0.5557994189916117,-0.8819862297654119,0.47127517492882454,0.5141618544151129,-0.8576931779281052,0.9637668748011899,0.2667459672346471,0.6054973297898815,0.7958473368789541,1,0,0,0,99,18
1701812040,12,6,2,334,19.0,0.0,87,0,0,1,0,0,0,0,0.8366721491002945,0.5477040395322044,-0.47555018687189876,-0.8796885924951523,0.9694556700786149,-0.24526659730265726,-0.78907116196914,-0.6143017998904703,0.8984157723154882,-0.43914587559803503,-0.8482764512816665,-0.5295536443090374,-0.8745151926379088,0.48499812148654897,0.5074455037309183,-0.8616838519685015,0.964801495637445,0.26297922734647544,0.6070505632373322,0.7946632077007452,1,0,0,0,99,18
1701812100,12,6,2,335,18.9,0.0,88,0,0,1,0,0,0,0,0.9129329489429682,-0.40810958177221934,-0.839079728563448,-0.5440084641932424,0.8786377137914245,-0.477489023856443,-0.8595024793031265,-0.5111315760856283,0.8692328733100321,-0.49440288425249485,-0.8644081455691214,-0.5027907694794651,-0.8668306551684317,0.49860266270876197,0.5006981811886468,-0.8656219332678563,0.9658213947899105,0.2592084747188484,0.6086014809713954,0.7934760471239344,1,0,0,0,99,18
1701812160,12,6,2,336,18.9,0.0,88,0,0,1,0,0,0,0,0.14984740573347818,-0.9887091356890289,-0.9971732887740798,-0.07513609089835323,0.7331903200732922,-0.6800234955873388,-0.9165215479156338,-0.39998531498835127,0.836655638536056,-0.5477292602242684,-0.8796957599716702,-0.47553692799599256,-0.858934493426592,0.5120854772418407,0.4939202986100892,-0.8695071814659844,0.9668265566961802,0.2554337668888117,0.6101500770757914,0.7922858596771786,1,0,0,0,99,18
1701812220,12,6,2,337,18.9,0.0,88,0,0,1,0,0,0,0,-0.7510071512506543,-0.660294069919136,-0.9111240502585628,0.41213221791123295,0.542156703402608,-0.8402774000028898,-0.9592386043114846,-0.28259741682923273,0.8008112813981934,-0.598916765156381,-0.8941243663932834,-0.4478187327723233,-0.8508286351470322,0.5254432734499875,0.48711226968226357,-0.8733393594273613,0.9678169660187202,0.25165516145376265,0.6116963456430966,0.791092649900681,1,0,0,0,99,18
1701812280,12,6,2,338,18.9,0.0,88,0,0,1,0,0,0,0,-0.9613891968218607,0.2751923186322931,-0.6019998676776046,0.7984961861625556,0.31741440880766936,-0.9482869255037094,-0.9869870631127111,-0.16079968049764676,0.7618397733439909,-0.6477655129374955,-0.907679875544648,-0.4196632501557079,-0.8425150592587969,0.538672790218836,0.4802745099321658,-0.8771182332555959,0.9687926076451028,0.24787271607057126,0.6132402807747664,0.7898964223461742,1,0,0,0,99,18
1701812340,12,6,2,339,18.9,0.0,88,0,0,1,0,0,0,0,-0.2878744485084861,0.9576681585475916,-0.1454851220097925,0.989360439513222,0.07293682364477497,-0.997336562929792,-0.9993339189004324,-0.03649271893274041,0.7198932972784023,-0.6940847502528994,-0.9203490507011184,-0.3910979734971153,-0.8339957954022056,0.5517707977516048,0.473407436701408,-0.8808435723077068,0.9697534666882369,0.24408648845470035,0.6147818765811577,0.7886971815769029,1,0,0,0,99,18
1701812400,12,6,2,340,18.9,0.0,88,0,0,1,0,0,0,0,0.6503107401625525,0.7596683100072248,0.3466494554970303,0.9379947521194415,-0.1760756199485871,-0.9843766433940419,-0.996086503119594,0.08838369930580556,0.675135653292801,-0.7376936014721172,-0.9321195206281534,-0.36215079630444197,-0.8252729234333458,0.5647340983576067,0.4665114691207459,-0.8845151492081995,0.970699528486596,0.24029653637932502,0.616321127181551,0.7874949321676061,1,0,0,0,99,20
1701812460,12,6,2,341,18.9,0.0,88,0,0,1,0,0,0,0,0.9906032333897737,-0.13676707936387883,0.7539121564757657,0.6569752356961871,-0.4141405343019522,-0.9102129519228418,-0.9772954906073296,0.2118809194773779,0.6277416190291282,-0.7784217749643756,-0.9429797916616176,-0.3328499850049752,-0.8163485729163049,0.5775595272329186,0.45958702808449753,-0.8881327398629437,0.9716307786044408,0.23650291767445097,0.617858026704173,0.7862896787044997,1,0,0,0,99,20
1701812520,12,6,2,342,18.9,0.0,88,0,0,1,0,0,0,0,0.42013968223930687,-0.907459446701534,0.9765908679435658,0.21510526876214117,-0.6264561960895026,-0.7794566276458689,-0.943254108829076,0.33207180876591375,0.5778962671769416,-0.8161102280837784,-0.9529192589311485,-0.3032241513437061,-0.8072249226032686,0.5902439532330229,0.45263453622485383,-0.8916961234728519,0.9725472028320404,0.23270569022603224,0.6193925692862192,0.7850814257852596,1,0,0,0,99,20
1701812580,12,6,2,343,18.9,0.0,88,0,0,1,0,0,0,0,-0.5365983551885637,-0.8438377837054513,0.9601660751415484,-0.2794299700233931,-0.799821845795485,-0.6002374654987004,-0.8944935621620483,0.44708082854294906,0.5257942427685239,-0.8506117882274349,-0.9619282167156328,-0.2733022244444464,-0.7979041999026094,0.6027842796372321,0.4456544178860835,-0.8952050825473546,0.9734487871858886,0.22890491197508778,0.6209247490738762,0.7838701780190033,1,0,0,0,99,20
1701812640,12,6,2,344,18.9,0.0,88,0,0,1,0,0,0,0,-0.9999903395061709,-0.004395553927897717,0.7086591401823227,-0.7055510066862999,-0.9234584470040598,-0.38369844494974187,-0.8317747426285983,0.5551133015206257,0.47163900309419615,-0.8817917275413242,-0.9699978679206785,-0.24311342256103,-0.7883886803350966,0.6151774449047079,0.4386470990986331,-0.898659402917676,0.9743355179089173,0.22510064091681745,0.6224545602223437,0.7826559400262728,1,0,0,0,99,20
1701812700,12,6,2,345,18.8,0.0,88,0,0,1,0,0,0,0,-0.5439958173735323,0.8390879278598296,0.2836477323549146,-0.958928549960796,-0.9896788746762244,-0.14330291350702545,-0.7560763564306933,0.6544834170905228,0.4156420232059537,-0.9095282890296824,-0.977120332668828,-0.21268722454618383,-0.7786806869783608,0.6274204234218935,0.4316130075531242,-0.9020588737499048,0.9752073814707066,0.22129293509971706,0.6239819968958571,0.7814387164390171,1,0,0,0,99,20
1701812760,12,6,2,346,18.8,0.0,88,0,0,1,0,0,0,0,0.412145950487085,0.911117838425468,-0.2108105329134813,-0.9775269404025313,-0.9943658633527529,0.10600249902117563,-0.6685796515669709,0.7436405378343678,0.3580219701119138,-0.9337131620134654,-0.983288655994125,-0.18205334106592852,-0.7687825898997481,0.6395102262411726,0.4245525725742499,-0.9054032875578629,0.9760643645676915,0.2174818526246926,0.62550705326771,0.7802185119005741,1,0,0,0,99,20
1701812820,12,6,2,347,18.8,0.0,88,0,0,1,0,0,0,0,0.9893626321783087,0.14547021017792156,-0.6536550274502899,-0.7567926433898262,-0.9372279987787994,0.34871718957500053,-0.570649984852799,0.8211933967023238,0.29900384888632797,-0.9542519050812327,-0.9884968146335203,-0.1512416855876172,-0.7586968055777015,0.6514439018105791,0.4174662250945703,-0.9086924402157693,0.9769064541233642,0.21366745164417375,0.6270297235202755,0.7789953310656533,1,0,0,0,99,20
1701812880,12,6,2,348,18.8,0.0,88,0,0,1,0,0,0,0,0.6569638725243397,-0.7539220584369601,-0.9364619742512132,-0.3507691132091307,-0.8218178366308225,0.5697503342653119,-0.4638155159838274,0.8859318072699817,0.23881812402958275,-0.9710643148808378,-0.9927397229084867,-0.1202823451699422,-0.7484257963118128,0.6632185366943757,0.41035439762821135,-0.9119261309706986,0.9777336372884741,0.20984979036122642,0.6285500018450296,0.7777691786003179,1,0,0,0,99,20
1701812940,12,6,2,349,18.8,0.0,88,0,0,1,0,0,0,0,-0.27944444178438205,-0.9601618634146094,-0.9899903695023021,0.14113492938566014,-0.6553110218111473,0.755359162711905,-0.3497433611150432,0.9368455482927549,0.17769981950925717,-0.9840847393118021,-0.9960132376910966,-0.08920555108343296,-0.7379720696216873,0.6748312562843274,0.4032175242444657,-0.9151041624548343,0.9785459014412237,0.20602892702866477,0.6300678824425727,0.7765400591819668,1,0,0,0,99,20
1701813000,12,6,2,350,18.8,0.0,88,0,0,1,0,0,0,0,-0.9589328250406132,-0.28363327918216646,-0.8011345951780408,0.5984842190140996,-0.44806014160260915,0.8940034169437217,-0.23021357807075407,0.9731401278705245,0.11588760099655933,-0.9932623338953623,-0.9983141624497176,-0.058041649290133286,-0.7273381776347689,0.6862792255014961,0.3960560405413001,-0.9182263406975145,0.9793432341874616,0.2022049199481623,0.6315833595226515,0.7753079774993168,1,0,0,0,99,20
1701813060,12,6,2,351,18.8,0.0,88,0,0,1,0,0,0,0,-0.7567827912998033,0.6536664338884767,-0.41613313140840114,0.9093036989610448,-0.2129510519332497,0.9770628687451604,-0.10709138913759518,0.994249181228016,0.053622843881987556,-0.9985612603210722,-0.9996402503703701,-0.026821070811284417,-0.7165267164632748,0.6975596494883844,0.38887038361876797,-0.9212924751370719,0.980125623360871,0.19837782746936225,0.6330964273041816,0.7740729382523853,1,0,0,0,99,19
1701813120,12,6,2,352,18.8,0.0,88,0,0,1,0,0,0,0,0.14114985067939137,0.9899882421792622,0.07075223608034517,0.9974939203271522,0.03539830273366068,0.9993732836951247,0.017701925105413577,0.9998433086476912,-0.008851309290403876,-0.9999608263946371,-0.9999902065507035,0.004425697988050785,-0.7055403255703919,0.70866977429126,0.3816609920523317,-0.9243023786324636,0.9808930570231557,0.19454770798898718,0.6346070800152693,0.7728349461524715,1,0,0,0,99,19
1701813180,12,6,2,353,18.8,0.0,88,0,0,1,0,0,0,0,0.9093099708898409,0.4161194261751267,0.5403149886061247,0.8414628411805024,0.2815467623854851,0.9595475082507646,0.14221900672771448,0.9898352156421706,-0.07129089828943605,-0.9974555668404911,-0.9993636892644466,0.03566814516840596,-0.6943816871258898,0.7196068875324937,0.3744283058660939,-0.9272558674746938,0.9816455234642222,0.19071461994994804,0.6361153118932337,0.7715940059221391,1,0,0,0,99,19
1701813240,12,6,2,354,18.8,0.0,88,0,0,1,0,0,0,0,0.8414546973619527,-0.540327671221366,0.8775897877771157,0.47941231147032193,0.5101900080017631,0.8600617162362019,0.2645168083164075,0.9643810751555119,-0.13345209785628734,-0.9910552646435797,-0.9977613102950975,0.06687576301030233,-0.6830535253513071,0.7303683190727478,0.3671727665059408,-0.9301527613980265,0.9823830112023585,0.1868786218404523,0.6376211171846285,0.7703501222951977,1,0,0,0,99,19
1701813300,12,6,2,355,18.9,0.0,88,0,0,1,0,0,0,0,-3.014435335948845e-05,-0.999999999545659,0.9999999998864147,-1.50721766814562e-05,0.7071121099856378,0.7071014523472988,0.3826869135812598,0.9238780905366516,-0.1950921698369112,-0.9807849128470145,-0.9951846343385268,0.09801807780451909,-0.6715586058548728,0.7409514416628525,0.3598948168125984,-0.9329928835909876,0.983105508984409,0.18303977219311154,0.6391244901452644,0.7691033000166855,1,0,0,0,99,19
1701813360,12,6,2,356,18.9,0.0,88,0,0,1,0,0,0,0,-0.8414872714892108,-0.5402769400239504,0.8775753358042688,-0.4794387656291727,0.8600694058124533,0.5101770449416689,0.4948853175526281,0.8689582973139933,-0.25597041106933305,-0.9666846169547733,-0.9916361774750792,0.12906467960915324,-0.6598997349563215,0.7513536715852107,0.3525949009946041,-0.9357760607071574,0.9838130057859464,0.17919812958404827,0.6406254250402305,0.7678535438428503,1,0,0,0,99,19
1701813420,12,6,2,357,18.9,0.0,88,0,0,1,0,0,0,0,-0.9092848819352602,0.4161742465410129,0.540289623007414,-0.8414791282441333,0.9595517516643209,0.281532299883927,0.5993612016622668,0.8004787004923762,-0.3158490933243467,-0.9488094383205661,-0.9871194047126635,0.15998525194441188,-0.6480797590017714,0.7615724692845757,0.3452734646011943,-0.9385021228757492,0.9845054908114401,0.17535375263200217,0.6421239161439161,0.7666008585411322,1,0,0,0,99,19
1701813480,12,6,2,358,18.9,0.0,88,0,0,1,0,0,0,0,-0.14109016531210986,0.9899967501220404,0.07072216723899125,-0.9974960526543551,0.9993738171110836,0.03538323999893738,0.6944842546815092,0.7195079012766077,-0.374494391629162,-0.9272291791344273,-0.9816387266032314,0.19074960139614014,-0.6361015636688295,0.7716053399880473,0.33793095449511035,-0.9411709037119792,0.9851829534944205,0.17150669999743565,0.6436199577400332,0.7653452488901449,1,0,0,0,99,19
1701813540,12,6,2,359,18.9,0.0,88,0,0,1,0,0,0,0,0.7568221986283603,0.6536208072447929,-0.41616054159134735,-0.9092911544837531,0.9770596589983012,-0.2129657783732482,0.7787701131827185,0.6273094219070648,-0.43167729734891963,-0.9020281098466568,-0.9751994949359482,0.22132768709917786,-0.6239680732620949,0.781449834314135,0.3305678188253245,-0.9437822403272206,0.9858453834976407,0.16765703038163873,0.645113544121638,0.7640867196796574,1,0,0,0,99,19
1701813600,12,6,2,360,18.9,0.0,88,0,0,1,0,0,0,0,0.9589157234143065,-0.2836910914865273,-0.8011526357338304,-0.5984600690578581,0.8939966636005579,-0.4480736161291702,0.8509035245341184,0.5253219888177297,-0.4871745124605095,-0.8733046400935156,-0.9678079975112615,0.2516896500717544,-0.6116822499992318,0.7911035488707386,0.32318450699968687,-0.9463359733389455,0.9864927707132337,0.16380480252583335,0.6466046695911524,0.7628252757105762,1,0,0,0,99,19
1701813660,12,6,2,361,18.9,0.0,88,0,0,1,0,0,0,0,0.2793865543595699,-0.9601787090136331,-0.9899946234736917,-0.141105086702016,0.7553492856626053,-0.655322406643472,0.9097588709772145,0.4151370817913813,-0.5407693215265723,-0.8411709344097017,-0.9594714520009706,0.2818058423722779,-0.5992470932877865,0.8005641268419033,0.3157814696574965,-0.9488319468804535,0.9871251052628672,0.15995007521027702,0.6480933284603858,0.7615609217949267,1,0,0,0,99,20
1701813720,12,6,2,362,18.9,0.0,88,0,0,1,0,0,0,0,-0.6570093243162466,-0.7538824495645917,-0.936451400117644,0.3507973420904214,0.5697379476169631,-0.8218264239151785,0.9544177345154423,0.29847409944986975,-0.5922524379646446,-0.8057524742282427,-0.9501979989002931,0.31164685605004694,-0.5866656389929246,0.8098292585632008,0.3083591586419959,-0.9512700086103841,0.987742377497894,0.15609290725336597,0.6495795150505572,0.7602936627558348,1,0,0,0,99,20
1701813780,12,6,2,363,18.9,0.0,88,0,0,1,0,0,0,0,-0.9893538601694428,0.14552985730709223,-0.6536322141284454,0.756812347054107,0.348703063469403,-0.9372332545994372,0.9841832285198314,0.17715352861368974,-0.6414228213067844,-0.7671875678781851,-0.9399966935788086,0.3411835518616152,-0.573940958696269,0.8188966820856021,0.3009180269727937,-0.9536500097220159,0.988344577999499,0.1522333575107376,0.6510632236923164,0.7590235034275084,1,0,0,0,99,19
1701813840,12,6,2,364,18.9,0.0,88,0,0,1,0,0,0,0,-0.41209101962194344,0.9111426845159583,-0.21078106590019152,0.9775332947055968,0.10598751175115685,-0.9943674609282015,0.9985908724117705,0.05306853621402457,-0.688088462258297,-0.7256268104935293,-0.9288774974380447,0.37038708772476847,-0.5610761589460167,0.8277641837276992,0.2934585288182137,-0.9559718049523478,0.9889316975788438,0.1483714848743724,0.652544448725766,0.7577504486552193,1,0,0,0,99,19
1701813900,12,6,2,365,18.7,0.0,89,0,0,1,0,0,0,0,0.5440464039108651,0.8390551295306261,0.2836766385070983,0.9589199991476417,-0.1433178301056054,-0.9896767146769802,0.997415839727087,-0.07184457294402906,-0.7320671324899203,-0.6812324959424539,-0.9168512681843369,0.39922894688232846,-0.5480743804985193,0.8364295986161443,0.2859811194675758,-0.9582352525909659,0.9895037272772058,0.14450734827169542,0.6540231845004826,0.7564745032952847,1,0,0,0,99,19
1701813960,12,6,2,366,18.7,0.0,89,0,0,1,0,0,0,0,0.9999900726865629,-0.004455842044182302,0.7086804082392084,0.705529644294206,-0.38371236343503057,-0.9234526637284138,0.9806764664578257,-0.19563657157033057,-0.7731870962355524,-0.6341779830732337,-0.9039297492264633,0.42768096574828196,-0.5349387975515134,0.8448908112141716,0.27848625530340665,-0.9604402144886925,0.9900606583661156,0.14064100666467697,0.6554994253755387,0.7551956722150481,1,0,0,0,99,18
1701814020,12,6,2,367,18.7,0.0,89,0,0,1,0,0,0,0,0.5365474803247321,-0.8438701329927379,0.9601744979410612,0.27940102631098374,-0.6002495204866958,-0.7998127988195062,0.948633964925225,-0.31637572692962224,-0.8112877809167417,-0.5846470187516472,-0.8901255582084044,0.4557153614090449,-0.5216726169691845,0.8531457558380763,0.27097439377358495,-0.9625865560660185,0.99060248234749,0.13677251904893306,0.6569731657195242,0.7539139602928616,1,0,0,0,99,18
1701814080,12,6,2,368,18.7,0.0,89,0,0,1,0,0,0,0,-0.42019439103217676,-0.9074341153742778,0.9765843832906294,-0.21513470736462095,-0.7794660696158047,-0.626444447910339,0.9017883476488092,-0.4321779448847783,-0.8462204041751706,-0.5328330203333975,-0.8754521746884285,0.4833047587530059,-0.5082790774992584,0.8611924171615208,0.26344599336342084,-0.9646741463213163,0.9911291909537616,0.13290194445282522,0.6584443999105676,0.7526293724180665,1,0,0,0,99,18
1701814140,12,6,2,369,18.7,0.0,89,0,0,1,0,0,0,0,-0.9906114770998198,-0.1367073569275377,0.7538923520395793,-0.6569979615921431,-0.910219193818759,-0.4141268153644828,0.8408706248182544,-0.5412361705556629,-0.8778485548645799,-0.47893832037347833,-0.8599239269765315,0.5104222172018581,-0.49476144898230595,0.8690288307075485,0.2559015135676726,-0.9667028578388368,0.9916407761480053,0.12902934193655957,0.6599131223363575,0.751341913490975,1,0,0,0,99,17
1701814200,12,6,2,370,18.7,0.0,89,0,0,1,0,0,0,0,-0.6502649395607762,0.759707515020103,0.346621180094276,-0.9380052012169503,-0.9843792971250844,-0.17606078322989716,0.7668313971238714,-0.6418485868061496,-0.9060487257333762,-0.4231733765218757,-0.8435559781430856,0.537041257017617,-0.4811230315534598,0.876653083328182,0.2483414148625013,-0.9686725667964852,0.9921372301240603,0.12515477059128596,0.6613793273941642,0.7500515884228517,1,0,0,0,99,17
1701814260,12,6,2,371,18.7,0.0,89,0,0,1,0,0,0,0,0.28793218456003195,0.9576508012289697,-0.14551494557438124,-0.9893560535087885,-0.9973354634998167,0.07295185566937777,0.6808260219507706,-0.7324451705313435,-0.9307107957178061,-0.3657559496909493,-0.8263643112123579,0.5631358851596348,-0.46736715483673286,0.8840633136714912,0.24076615867736564,-0.9705831529733789,0.9926185453066497,0.12127828953819604,0.6628430094908613,0.7487584021358946,1,0,0,0,99,17
1701814320,12,6,2,372,18.7,0.0,89,0,0,1,0,0,0,0,0.9614057860636483,0.27513435722086477,-0.6020239375552833,-0.7984780389030324,-0.9482821412699473,0.31742870151970165,0.5841965844132856,-0.8116121923430246,-0.9517384599623535,-0.3069102537037296,-0.808365713555359,0.5886806206663637,-0.45349717713213844,0.8912577126360152,0.23317620736685893,-0.9724344997571855,0.9930847143514961,0.1173999579276213,0.6643041630429463,0.7474623595632162,1,0,0,0,99,17
1701814380,12,6,2,373,18.7,0.0,89,0,0,1,0,0,0,0,0.7509673416102893,-0.6603393459690063,-0.9111364733038093,-0.412104752478659,-0.840269228425824,0.5421693681504614,0.4784509545656371,-0.8781142773439177,-0.9690496058881397,-0.24686607974373714,-0.78957776049726,0.6136505195370826,-0.4395164845958098,0.8982345238124292,0.22557202418248906,-0.9742264941512392,0.9935357301454335,0.11351983493813046,0.6657627824765626,0.746163465648825,1,0,0,0,99,17
1701814440,12,6,2,374,18.7,0.0,89,0,0,1,0,0,0,0,-0.14990701345623575,-0.9887000997858916,-0.997171023392149,0.07516615000819327,-0.6800124447360528,0.7332005694242856,0.365239257594056,-0.9309136827397816,-0.9825766338407864,-0.18585789902532845,-0.7700187981553854,0.6380211990892903,-0.4254284904133183,0.9049920439123458,0.21795407324440425,-0.9759590267814386,0.9939715858065156,0.10963797977562646,0.6672188622275204,0.7448617253476065,1,0,0,0,99,17
1701814500,12,6,2,375,18.7,0.0,89,0,0,1,0,0,0,0,-0.9129575516827102,-0.40805454148374776,-0.8390633293988445,0.5440337574619116,-0.47747578081934605,0.8786449104905553,0.24632812416515168,-0.9691864914686324,-0.9922667210656196,-0.12412394718862174,-0.7497079255245411,0.661768861767981,-0.4112366339663935,0.9115286231841491,0.2103228195130653,-0.9776319919029218,0.9943922746841213,0.10575445167244309,0.668672396741318,0.7435571436253043,1,0,0,0,99,16
1701814560,12,6,2,376,18.7,0.0,89,0,0,1,0,0,0,0,-0.8366391272115635,0.5477544804186207,-0.47552366901205834,0.879702927248347,-0.24525198546765434,0.9694593666699876,0.123573122745224,-0.9923354691509287,-0.9980820279793963,-0.061905293994420546,-0.72866497582717,0.6848703183835534,-0.39694437999324705,0.9178426658157577,0.20267872876086712,-0.9792452874065205,0.9947977903590559,0.10186930988644112,0.6701233804731629,0.7422497254585013,1,0,0,0,99,16
1701814620,12,6,2,377,18.7,0.0,89,0,0,1,0,0,0,0,0.00888145245887885,0.9999605591233189,0.0044407700166209495,0.9999901397322173,0.002220390481728404,0.9999975349300161,-0.0011101959250420757,-0.9999993837323141,-0.9999998459330667,0.0005550980480432917,-0.7069104971465471,0.7073030107556603,-0.3825552177427069,0.9239326303242191,0.1950222675437101,-0.9807988148249923,0.9951881266436493,0.09798261370010419,0.6715718078879934,0.7409394758346002,1,0,0,0,99,16
1701814680,12,6,2,378,18.7,0.0,89,0,0,1,0,0,0,0,0.8462364656975445,0.5328075113244262,0.48331795366796265,0.8754448901342752,0.24955471330524379,0.9683606998774462,-0.1257761903592125,-0.9920586423890088,-0.9980126858885634,0.06301332244450873,-0.6844657323619245,0.7290450337408892,-0.36807266012236683,0.9297970299320409,0.1873539031725241,-0.982292479339031,0.9955632775818498,0.09409442241963412,0.673017673460499,0.7396263997518051,1,0,0,0,99,18
1701814740,12,6,2,379,18.7,0.0,89,0,0,1,0,0,0,0,0.9055655749932976,-0.42420630521841407,0.8438620459584654,0.5365601992235288,0.48137293275405046,0.8765158866853267,-0.24847948940976328,-0.9686371577338252,-0.9921283076633347,0.12522548116532597,-0.6613525984052206,0.7500751566227634,-0.3535002428409609,0.9354344329301663,0.17967410368474607,-0.9837261897830529,0.9959232374493159,0.09020479537404606,0.6744609716751422,0.7383105022191023,1,0,0,0,99,18
1701814860,12,6,2,381,18.7,0.0,89,0,0,1,0,0,0,0,-0.7625779510977885,-0.6468963352033299,0.9074404485153088,-0.4201807139771352,0.842668592620235,0.5384325798198252,-0.48039953173383443,-0.8770497647852786,-0.9687749389784189,0.2479417625317701,-0.6132121319201985,0.7899182750550117,-0.32410008095107623,0.9460227996869345,0.1642820749702558,-0.9864134021004922,0.9965975622337464,0.08242147141221098,0.6773398440176795,0.7356702628937135,1,0,0,0,99,17
1701814920,12,6,2,382,18.7,0.0,89,0,0,1,0,0,0,0,-0.9563671216345017,0.29216763793503586,0.594908548461427,-0.8037933932096717,0.9496824188142243,0.31321446868745406,-0.5859972403145539,-0.8103130471266812,-0.9513971429236797,0.3079666807248138,-0.588231807740446,0.8086923644763854,-0.30927951397046544,0.9509711784476923,0.15657078519364281,-0.98766673996032,0.9969119168613444,0.07852789325991148,0.6787754071635509,0.734345931172738,1,0,0,0,99,17
1701814980,12,6,2,383,18.7,0.0,89,0,0,1,0,0,0,0,-0.27087677105340535,0.9626140321560251,0.13672228758321528,-0.9906094165098637,0.9976495919183909,0.06852219892172288,-0.6824506579520153,-0.7309316653838863,-0.930304161385911,0.3667889956201752,-0.5626770851828893,0.8266767795275779,-0.29438344083220963,0.9556873912340734,0.14884993914329722,-0.9888597957329627,0.9972110598396317,0.07463311686857685,0.6802083809875555,0.7330187981452375,1,0,0,0,99,17
1701815040,12,6,2,384,18.7,0.0,89,0,0,1,0,0,0,0,0.6636564336219596,0.7480375245348201,-0.3549383576518463,-0.9348897059372352,0.9835877454343449,-0.18043044929108396,-0.7682546613236668,-0.6401443394691997,-0.9055783620066239,0.424179007336997,-0.5365729180004349,0.8438539587324921,-0.27941549819892586,0.960170286650366,0.1411200080598672,-0.9899924966004454,0.9974949866040544,0.0707372016677029,0.6816387600233341,0.7316888688738209,1,0,0,0,99,17
1701815100,12,6,2,385,18.8,0.0,88,0,0,1,0,0,0,0,0.9880269738337468,-0.1542812333919083,-0.7596977140257526,-0.6502763899328083,0.9083711768690177,-0.41816480606765055,-0.8420703076547856,-0.5393677752389131,-0.8773162985032573,0.4799126091076827,-0.509944796469342,0.8602071288671359,-0.2643793402791376,0.964418770261948,0.13338146373850462,-0.9910647734285454,0.9977636928222396,0.06684020710416233,0.6830665388144254,0.7303561484317642,1,0,0,0,99,17
1701815160,12,6,2,386,18.8,0.0,88,0,0,1,0,0,0,0,0.4040100708226276,-0.9147545368424774,-0.9784565746221131,-0.20645273449087873,0.7766764881502719,-0.629899700551255,-0.9027457284726566,-0.43017455727224563,-0.8456283336289784,0.5337721624100279,-0.482818722498399,0.8757203213383905,-0.2492786379351523,0.9684318048624773,0.12563477850006885,-0.9920765607710116,0.9980171743940611,0.06294219264129754,0.6844917119142869,0.7290206419029908,1,0,0,0,99,18
1701815220,12,6,2,387,18.8,0.0,88,0,0,1,0,0,0,0,-0.5514518281149147,-0.8342067377267571,-0.9576551408849527,0.2879177506452518,0.5966918171697799,-0.8024704825242022,-0.9493341041288368,-0.3142686092149499,-0.8106382082084923,0.5855473468409921,-0.4552211842385018,0.8903783877770709,-0.2341170777868726,0.9722084107271113,0.117880425162299,-0.9930277968735597,0.9982554274517018,0.05904321775801332,0.6859142738863169,0.7276823543820522,1,0,0,0,99,18
1701815280,12,6,2,388,18.8,0.0,88,0,0,1,0,0,0,0,-0.9999114594340064,0.013306888913466725,-0.7023863292684922,0.711795928940826,0.3796077390275217,-0.9251475365964139,-0.981108438603097,-0.1934586046207122,-0.7724825579327705,0.6350359814133715,-0.42717913021742326,0.904167014830051,-0.2188983613117615,0.9757476658516921,0.11011887701095537,-0.9939184236776407,0.9984784483597131,0.055143341947869365,0.6873342193038735,0.7263412909741086,1,0,0,0,99,19
1701815340,12,6,2,389,18.8,0.0,88,0,0,1,0,0,0,0,-0.5290571062774264,0.8485862232545117,-0.2751488476674837,0.9614016390808037,0.13892149027273704,-0.9903033977223353,-0.9975729040331677,-0.06962974320527361,-0.7313103797996011,0.6820448140682276,-0.3987199430250338,0.9170727381370105,-0.20362620394117933,0.9790487061778415,0.10235060777093262,-0.9947483868239851,0.9986862337150706,0.05124262471817234,0.6887515427502967,0.7249974567949091,1,0,0,0,99,18
1701815400,12,6,2,390,18.8,0.0,88,0,0,1,0,0,0,0,0.42820991051876856,0.9036792973912307,0.21945466799406363,0.9756226979194443,-0.11040222389190282,-0.9938869900344416,-0.9984705779426957,0.05528566706461281,-0.6872824502835014,0.7263902763200416,-0.36987141257466655,0.9290829554781537,-0.18830433415331466,0.9821107258039069,0.09457609157734605,-0.9955176356559202,0.9988787803472252,0.04734112558906797,0.6901662388189284,0.7236508569707729,1,0,0,0,99,18
1701815460,12,6,2,391,18.8,0.0,88,0,0,1,0,0,0,0,0.9917827103751873,0.12793379303705288,0.6603280271815468,0.7509772942762827,-0.3528616624994258,-0.9356755031196132,-0.9837874524305575,0.17933836299072597,-0.6405706975070254,0.7678992000877217,-0.34066170896673886,0.9401859390800635,-0.17293649256292973,0.9849329771817125,0.08679580294659275,-0.9962261232224621,0.9990560853181523,0.04343890409263279,0.6915783021131328,0.7223014966385688,1,0,0,0,99,18
1701815520,12,6,2,392,18.8,0.0,88,0,0,1,0,0,0,0,0.6435150601529656,-0.7654334506384766,0.9395300555699313,0.3424664577455166,-0.5733818719904229,-0.8192882452914593,-0.9537526527594719,0.3005925437436371,-0.5913575298651244,0.8064094939122546,-0.3111193549811273,0.9503708470676735,-0.157526431008143,0.987514771299061,0.07901021674738969,-0.9968738062811815,0.999218145922396,0.03953601977196579,0.692987727246318,0.7209493809456964,1,0,0,0,99,18
1701815580,12,6,2,393,18.8,0.0,88,0,0,1,0,0,0,0,-0.2963973686521434,-0.9550647097742044,0.9887023590985824,-0.14989211157661958,-0.7582519738110213,-0.6519616125292119,-0.9088348619329069,0.4171560783872076,-0.5398351237242685,0.8417707759203831,-0.281273198225157,0.9596277340511744,-0.14207791163447184,0.9898554778479468,0.07121980817179005,-0.9974606453008427,0.9993649596871111,0.035632532180279806,0.6943945088419551,0.7195945150500662,1,0,0,0,99,18
1701815640,12,6,2,394,18.8,0.0,88,0,0,1,0,0,0,0,-0.9638034236249698,-0.26661387925010005,0.7958058429196471,-0.6055518643146514,-0.8959776404338033,-0.44409916442465225,-0.8497350070535673,0.5272100319490078,-0.486204672977848,0.873844961062604,-0.2511523829644027,0.9679475608375188,-0.1265947059763584,0.9919545253784365,0.06342505270618003,-0.9979866044638166,0.9994965243721002,0.03172850087999289,0.6957986415336003,0.7182369041200796,1,0,0,0,99,18
1701815700,12,6,2,395,18.7,0.0,89,0,0,1,0,0,0,0,-0.745093055724214,0.6669605223036468,0.4080683016949204,-0.9129514013088668,-0.97799575697159,-0.20862478123551537,-0.777375321590387,0.6290370492922037,-0.4306756033883254,0.9025068003323309,-0.2207863216638081,0.9753222032570393,-0.11108059403640383,0.9938114014381801,0.055626426102257626,-0.9984516516682669,0.9996128379698479,0.02782398544181939,0.6972001199649138,0.7168765533346099,1,0,0,0,99,18
1701815760,12,6,2,396,18.7,0.0,89,0,0,1,0,0,0,0,0.15865243143670757,0.9873344954974584,-0.07957859166428352,-0.9968285949694307,-0.9992068341863537,0.0398208803931389,-0.6928849542336957,0.7210481538680822,-0.3734647547841147,0.9276443698605846,-0.19020466626691288,0.9817444600965631,-0.0955393633625346,0.9954256526975189,0.04782440434799511,-0.998855758530109,0.9997138987055519,0.023919045443861007,0.6985989387896817,0.7155134678829815,1,0,0,0,99,18
1701815820,12,6,2,397,18.7,0.0,89,0,0,1,0,0,0,0,0.916533604797894,0.3999576868572196,-0.54774187038366,-0.8366473829688406,-0.9582920700310633,0.28579067254824764,-0.5975823489075595,0.8018075431636471,-0.31479553430469187,0.9491595079763061,-0.15943727924123308,0.9872080601312739,-0.07997480812332723,0.9967968850601596,0.04001946363858728,-0.9991989003847431,0.9997997050371497,0.020013740470697712,0.6999950926718352,0.7141476529649515,1,0,0,0,99,17
1701815880,12,6,2,398,18.7,0.0,89,0,0,1,0,0,0,0,0.8317580087191734,-0.5551383745801722,-0.8817988360675502,-0.47162571251991114,-0.857795346373455,0.5139913848889341,-0.49295467089331135,0.8700549939196184,-0.2548970440004961,0.9669681985255819,-0.12851420441806832,0.9917076682484567,-0.06439072818171633,0.997924763759387,0.03221208034738687,-0.9994810562885589,0.9998702556553423,0.016108130112478542,0.7013885762854716,0.7127791137906885,1,0,0,0,99,18
1701815940,12,6,2,399,18.7,0.0,89,0,0,1,0,0,0,0,-0.017732064727370864,-0.9998427745803359,-0.9999606928725588,0.008866380875648453,-0.703965062742588,0.7102346023940429,-0.38063460011273087,0.9247255274928996,-0.19400318619432566,0.9810008989529264,-0.09746563765521044,0.9952388906571443,-0.04879092816731252,0.9988090134397928,0.024402730996829252,-0.9997022090202143,0.9999255494836139,0.012202273964012331,0.7027793843148743,0.7114078555807535,1,0,0,0,99,18
1701816000,12,6,2,400,18.7,0.0,89,0,0,1,0,0,0,0,-0.8509193596391765,-0.525296338642536,-0.8732972972139945,0.4871876750070059,-0.5063656411097588,0.8623188722876839,-0.26237485370392877,0.9649660284921133,-0.13235175009777303,0.9912028118634736,-0.06632189735120068,0.9977982791785807,-0.03317921654755682,0.9994494182244994,0.016591892229347906,-0.9998623450816866,0.9999655856782489,0.008296231623858378,0.7041675114545337,0.7100338835660797,1,0,0,0,99,18
1701816060,12,6,2,401,18.7,0.0,89,0,0,1,0,0,0,0,-0.9017753195144049,0.4322051285150291,-0.5328202658894324,0.8462284350324767,-0.2772828564548513,0.9607883312760612,-0.14002083545661836,0.9901485573579505,-0.07018348324944229,0.9975340990056306,-0.03511339483992818,0.9993833346133081,-0.017559404697937788,0.9998458217678634,0.008780040778282644,-0.9999614546990957,0.9999903636283441,0.004390062693417029,0.7055529524091665,0.7086572029879528,1,0,0,0,99,19
1701816120,12,6,2,402,18.7,0.0,89,0,0,1,0,0,0,0,-0.12354320937804643,0.9923391937319478,-0.06189025071872073,0.9980829609135574,-0.030959966783271346,0.9995206253283515,-0.015481838903188173,0.9998801491499747,-0.00774115140096295,0.9999700368385982,-0.003870604694478365,0.9999925091815933,-0.0019353059714989746,0.9999981272936448,0.0009676534387822795,-0.9999995318233016,0.9999998829558185,0.0004838267760202487,0.7069357018937364,0.7072778190979907,1,0,0,0,99,17
1701816180,12,6,2,403,18.7,0.0,89,0,0,1,0,0,0,0,0.7682739577117872,0.6401211806383749,0.42419265632588754,0.9055719686028203,0.2172878636707302,0.9761075679972009,0.10929874656829122,0.9940089456330866,0.054731409478074984,0.9985011130772681,0.02737596503077039,0.9996252080348085,0.013689265232136597,0.9999062976186339,-0.0068447929612965195,-0.9999765741302729,0.999994143515419,-0.003422416523977862,0.7083157546334748,0.7058957371581238,1,0,0,0,99,17
1701816240,12,6,2,404,18.7,0.0,89,0,0,1,0,0,0,0,0.953743591158287,-0.3006212938640479,0.8064184068658303,0.591345375451585,0.45202578717835057,0.8920048697881602,0.23237376165548454,0.9726265649744922,0.11699024537436405,0.9931330638374931,0.05859580259074419,0.9982817898362899,0.029310494397997367,0.999570355161729,-0.014656821590492326,-0.9998925830212285,0.9999731453947223,-0.007328607602110553,0.7096931053638997,0.7045109624405745,1,0,0,0,99,18
1701816300,12,6,2,405,18.9,0.0,88,0,0,1,0,0,0,0,0.26234576530777837,-0.9649739371739923,0.9912048065798491,0.13233681049883225,0.6586589365905422,0.7524416291310683,0.3518226619114605,0.9360666720728467,0.17879223686608067,0.9838868512366772,0.08975842234387488,0.9959635664111105,0.044924567827022366,0.9989903819384626,-0.022467955642842295,-0.9997475636225533,0.9999368889141338,-0.011234686854707914,0.7110677488308368,0.7031235002278377,1,0,0,0,99,18
1701816360,12,6,2,406,18.9,0.0,88,0,0,1,0,0,0,0,-0.6702515472972181,-0.742133992851483,0.9333097001669604,-0.35907242107165305,0.82433986348825,0.5660952123664124,0.46578148719844353,0.8848997718291073,0.23989604849902457,0.9707985815371557,0.12083339452081168,0.9926728014651041,0.060527673567121146,0.9981665195409792,-0.030277718366983942,-0.9995415247854836,0.9998853746268829,-0.015140594679806359,0.712439679790439,0.7017333558126596,1,0,0,0,99,18
1701816480,12,6,2,408,18.9,0.0,88,0,0,1,0,0,0,0,-0.39589746896115763,0.9182947207025364,0.2021203593127912,-0.9793606896089245,0.9948267913584063,0.10158570369662134,0.6702291758433747,0.7421541968137826,0.3590583540221683,0.933315112063922,0.182599134631134,0.9831874470475918,0.09168574849017776,0.9957879912530557,-0.045891223272779696,-0.9989464428219001,0.9997365760093756,-0.022951657653640416,0.7151753832640076,0.6989450415971057,1,0,0,0,99,15
1701816540,12,6,2,409,18.9,0.0,88,0,0,1,0,0,0,0,0.5588140476063818,0.8292929881518187,-0.29215322336762034,-0.9563715251281321,0.9890327408959049,-0.1476964367746696,0.7575277013993184,0.6528030189978178,0.4166515216593972,0.909066284436349,0.21322958936748326,0.9770021198637056,0.10723311087601266,0.9942339060461842,-0.05369401248656933,-0.9985574360161222,0.9996392939496032,-0.026856693615165312,0.7165391453420968,0.6975468824333009,1,0,0,0,99,15
1701816660,12,6,2,411,18.9,0.0,88,0,0,1,0,0,0,0,0.5215252820815293,-0.8532358291526332,-0.9626099493441341,-0.2708912797114064,0.7971484427982678,-0.6037833718680043,0.8954840511890774,0.4450936014660263,0.5267382644796055,0.8500275293971443,0.2738361468130674,0.9617763589829874,0.13824550809522282,0.9903979904520676,-0.06928928325481673,-0.9975966094699971,0.9993989717500206,-0.03466547655811879,0.719258464169216,0.6947425866613768,1,0,0,0,99,11
1701816720,12,6,2,412,18.9,0.0,88,0,0,1,0,0,0,0,-0.43619188095326605,-0.8998536786558422,-0.97464190312541,0.22377033018717848,0.6229886314423488,-0.7822308898871159,0.9439891127251193,0.32997659774057014,0.5788019532877502,0.8154681470604999,0.3037530682474665,0.95275079298327,0.15370297169659722,0.9881170965485999,-0.07708081295432778,-0.9970248483735498,0.9992559352772317,-0.03856910438712712,0.7206140105448711,0.6933364607507934,1,0,0,0,99,11
1701816780,12,6,2,413,18.9,0.0,88,0,0,1,0,0,0,0,-0.9928762402415507,-0.11915020589072603,-0.7480475271968774,0.6636451589928438,0.4100944043797453,-0.9120430798467921,0.9777635398824176,0.2097104195709025,0.6286054328547828,0.7777243790607642,0.3333733799654944,0.9427948820026454,0.16912291092184195,0.9855949680275984,-0.08486763803830527,-0.9963922340192135,0.9990976513882949,-0.04247214369905562,0.7219668079971044,0.6919276899723498,1,0,0,0,99,12
1701816840,12,6,2,414,18.9,0.0,88,0,0,1,0,0,0,0,-0.6367147631351318,0.7710994166809965,-0.3383050275409778,0.9410365074429887,0.17170249351277814,-0.9851488485104646,0.9962802940213323,0.08617178044329644,0.6759542216587983,0.7369436140042521,0.36266815823542314,0.9319183478192314,0.18450156121394817,0.9828322206305692,-0.09264928323908087,-0.9956988050185078,0.9989241224984278,-0.04637453493832645,0.7233168513654049,0.6905162797000783,1,0,0,0,99,10
1701816900,12,6,2,415,18.9,0.0,88,0,0,1,0,0,0,0,0.30483933083715453,0.9524037916633658,0.15426634165726855,0.9880292990755299,-0.07736504677330103,-0.9970028332646628,0.9992504273866143,-0.038711540497229205,0.7206634236927906,0.693285099905793,0.3916087972034126,0.9201318111840806,0.19983516809600785,0.9798295288426657,-0.10042527360513957,-0.9949446036947649,0.9987353512554678,-0.050276218559250574,0.7246641354997674,0.6891022353180801,1,0,0,0,99,10
1701816960,12,6,2,416,18.9,0.0,88,0,0,1,0,0,0,0,0.9661255498763625,0.25807251282555527,0.6090679301910603,0.7931180595679168,-0.32162240316253093,-0.9468680107512125,0.9866275920404853,-0.16299078079570548,0.7625584504796027,0.6469193223286404,0.4201670368266409,0.9074467814501962,0.21511998808781552,0.9765876257280235,-0.10819513453010837,-0.9941296760805463,0.9985313405398316,-0.05417713502693632,0.7260086552607126,0.6876855622205048,1,0,0,0,99,9
1701817020,12,6,2,417,18.9,0.0,88,0,0,1,0,0,0,0,0.7391603938754915,-0.6735294441417006,0.9147484474274064,0.4040238581187374,-0.5458828362759094,-0.8378615214099336,0.958608763106705,-0.2847266044735426,0.8014757028361941,0.5980273386419961,0.4483149904687573,0.8938756453338451,0.2303522896197853,0.9731073027507925,-0.11595839178172378,-0.9932540719148331,0.9983120934644719,-0.05807722481819786,0.7273504055193061,0.6862662658115296,1,0,0,0,99,9
1701817080,12,6,2,418,18.9,0.0,88,0,0,1,0,0,0,0,-0.1673854194417015,-0.9858915363052498,0.9964666417661079,-0.08398947462256867,-0.7362029185702026,-0.6767608607837156,0.9156311650396451,-0.40201936471784816,0.837263209724949,0.5468000709958585,0.4760251721307086,0.879431654819139,0.24552835394396,0.9693894095819128,-0.12371457153077643,-0.9923178446399905,0.9980776133748294,-0.061976428422463405,0.7286893811571785,0.684844351505339,1,0,0,0,99,8
1701817140,12,6,2,419,18.9,0.0,88,0,0,1,0,0,0,0,-0.9200378500616057,-0.39182949666151784,0.8342150492113882,-0.5514392547409379,-0.8807494691286899,-0.4735824876719271,0.8583654488829123,-0.513038747234589,0.8697812216973269,0.49343756077411205,0.5032705232903513,0.8641289142176971,0.26064447604189017,0.9654348538916795,-0.1314632003800313,-0.9913210513985062,0.9978279038487815,-0.0658746863426833,0.7300255770665447,0.6834198247261037,1,0,0,0,99,9
1701817260,12,6,2,421,18.9,0.0,88,0,0,1,0,0,0,0,0.02658128773805108,0.9996466551448001,-0.013291818069772856,-0.999911659884212,-0.9999779147271733,0.00664605581484232,0.7047531284730695,-0.7094526255553792,0.9245140954997331,0.38114785480481245,0.5562607954885853,0.831007778184059,0.290682147556348,0.956819674281434,-0.14693591412341295,-0.9891460140650201,0.9972828119608349,-0.07366812721584506,0.732689609321657,0.6805629554949912,1,0,0,0,99,7
1701817320,12,6,2,422,18.9,0.0,88,0,0,1,0,0,0,0,0.8555355864224282,0.5177440104577087,-0.491047853850463,-0.8711325991081119,-0.9672467624934477,0.2538379413049674,0.6108035931029845,-0.7917821484805551,0.9465152266288576,0.3226591479560474,0.5819539724256346,0.813221724979125,0.3055963637061761,0.9521611536339647,-0.15465905464284221,-0.9879679027260867,0.9969874379163678,-0.07756319125046778,0.7340174355049299,0.6791306239412018,1,0,0,0,99,7
1701817380,12,6,2,423,18.9,0.0,88,0,0,1,0,0,0,0,0.8979144124545271,-0.44017008974536365,-0.8485782491159444,-0.5290698962588196,-0.8743768913514411,0.4852474130488386,0.5073226719510776,-0.8617561757970866,0.9648202360536098,0.26291046403948376,0.6070788811845279,0.7946415745603435,0.3204359728866724,0.9472701764967436,-0.16237275557071826,-0.9867294909185454,0.9966768510702316,-0.0814570717662211,0.7353424616347886,0.6776957017105018,1,0,0,0,99,7
1701817440,12,6,2,424,18.9,0.0,88,0,0,1,0,0,0,0,0.1147548686204055,-0.9933938393849207,-0.9983470937967718,-0.057472430847665464,-0.7271425000808527,0.6864865509069841,0.39592515018183416,-0.9182827862121189,0.979357643103917,0.20213512038718198,0.6316109877182386,0.775285470129288,0.33519735222008545,0.9421479369316923,-0.1700765461024943,-0.9854308542286699,0.9963510561615996,-0.08534970934727917,0.7366646826566614,0.6762581942766833,1,0,0,0,99,6
1701817500,12,6,2,425,19.0,0.0,87,0,0,1,0,0,0,0,-0.773909772204126,-0.6332958743643905,-0.9036857513440141,0.42819629005609655,-0.5346979100127022,0.845043279973309,0.27834934886459767,-0.9604799008759395,0.9900706795163514,0.14057044341549993,0.6555263368410532,0.7551723125934571,0.3498768979273589,0.9367956854601374,-0.17776995603850315,-0.9840720719185504,0.9960100581617011,-0.08924104459678178,0.7379840935266768,0.6748181071234004,1,0,0,0,99,6
1701817560,12,6,2,426,19.0,0.0,87,0,0,1,0,0,0,0,-0.9510453375319575,0.3090513969532009,-0.5877706198198406,0.8090276252864301,-0.30900839366720273,0.9510593107915064,0.15642999905467883,-0.9876890479274097,0.9969175111129831,0.07845684187051573,0.6788015756204033,0.7343217421098587,0.3644710262079424,0.9312147287575134,-0.1854525158126556,-0.9826532269212557,0.9956538622737461,-0.09313101813774066,0.7393006892116836,0.6733754457441478,1,0,0,0,99,6
1701817620,12,6,2,427,19.0,0.0,87,0,0,1,0,0,0,0,-0.2537942055031938,0.9672582391755589,-0.12794874134676187,0.9917807820218032,-0.06410623206130915,0.9979430800456014,0.032069611428879305,-0.9994856377271265,0.9998714011629511,0.016036868037019116,0.701413976180608,0.7127541189067303,0.3789761741147256,0.9254064293343575,-0.19312375652110036,-0.9811744058357712,0.9952824739328456,-0.09701957061394559,0.7406144646892693,0.67193021564224,1,0,0,0,99,6
1701817680,12,6,2,428,19.0,0.0,87,0,0,1,0,0,0,0,0.6767941486332613,0.7361723170398212,0.36319945137636067,0.9317114137542325,0.18478174456066745,0.9827795820412206,-0.09279121175730869,-0.9956855884367365,0.9989208147888241,-0.046445729422969886,0.7233414578962587,0.6904905034021214,0.39338880042387997,0.9193722052036709,-0.20078320995084364,-0.9796356989217142,0.9948958988059289,-0.10090664269087,0.7419254149477796,0.6704824223307908,1,0,0,0,99,3
1701817740,12,6,2,429,19.0,0.0,87,0,0,1,0,0,0,0,0.9851410837124249,-0.17174703834974567,0.7654237513788508,0.6435265968280777,0.4221808872816973,0.9065116096410674,-0.21620405911884805,-0.9763481985544571,0.9940694640100503,-0.10874695730351001,0.7445626089535755,0.6675526356387524,0.4077053864993983,0.9131135295347322,-0.2084304086083264,-0.9780372000938237,0.9944941427916566,-0.10479217505657644,0.743233534986338,0.6690320713326916,1,0,0,0,99,4
1701817860,12,6,2,431,19.0,0.0,87,0,0,1,0,0,0,0,-0.5661324855759046,-0.824314265784384,0.9550691770192314,-0.2963829737144291,0.8051034013449543,0.5931344814987454,-0.45103520843790823,-0.8925061572613225,0.9727554053464115,-0.2318338227466793,0.7848037406723669,0.619744373614364,0.43603648149302604,0.8999289898693018,-0.22368617540060243,-0.9746612205964957,0.9936451128538035,-0.11255838352496064,0.745841264454093,0.6661237184168716,1,0,0,0,99,2
1701817920,12,6,2,432,19.0,0.0,87,0,0,1,0,0,0,0,-0.9995192244043064,0.03100516160599342,0.6960584883449115,-0.7179850839697136,0.926818505417785,0.3755095977670121,-0.5587890488516163,-0.8293098328631502,0.956375928404503,-0.2921388087338362,0.8037844265516209,0.594920663309892,0.4500440737806176,0.8930063446890767,-0.23129381240202182,-0.9728839459794464,0.9931978518853749,-0.11643894112485227,0.7471408639355942,0.6646657275936332,1,0,0,0,99,2
1701817980,12,6,2,433,19.0,0.0,87,0,0,1,0,0,0,0,-0.5139525978344581,0.8578185864034492,0.2666284058353037,-0.9637994050640022,0.9909085237962186,0.13453734599730627,-0.6578231730498302,-0.7531724058930022,0.9362618239288095,-0.3513029989247159,0.8219802305787883,0.5695160230736639,0.4639417942621338,0.8858656848173045,-0.2388873324212645,-0.9710472915407634,0.9927354359396977,-0.1203177220097618,0.7484376133017908,0.6632052012726672,1,0,0,0,99,2
1701818040,12,6,2,434,19.0,0.0,87,0,0,1,0,0,0,0,0.4441396769705497,0.8959575588946699,-0.22808160941352784,-0.9736420181192547,0.9933886495524434,-0.1147997863254662,-0.7465921866472573,-0.665281975433926,0.9124916370668626,-0.4090953584227484,0.8393733848600241,0.5435552601057465,0.4777262500084402,0.8785087535436817,-0.24646627198900695,-0.9691513693803672,0.9922578720726702,-0.1241946669942652,0.749731507605978,0.6617421450254377,1,0,0,0,99,2
1701818100,12,6,2,435,19.0,0.0,87,0,0,1,0,0,0,0,0.9938919810238954,0.11035728365811025,-0.6669492920537099,-0.7451031081864141,0.9341046804792315,-0.3569992239582503,-0.8237108788762748,-0.5670100422575202,0.8851581898896717,-0.46529020930086196,0.8559469052753395,0.517063724650617,0.4913940757423633,0.8709373469574654,-0.2540301685258412,-0.9671962952155745,0.9917651675713295,-0.12806971692095193,0.7510225419123423,0.6602765644330594,1,0,0,0,99,0
1701818160,12,6,2,436,19.0,0.0,87,0,0,1,0,0,0,0,0.6298645812915785,-0.7767049692350272,-0.9425245273294025,-0.33413697099017103,0.8167426066363169,-0.577002178942952,-0.8879758383376634,-0.4598901070131037,0.8543682189235223,-0.5196681118689583,0.8716846080633058,0.49006728524307847,0.5049419346602744,0.8631533135089845,-0.26157856037050853,-0.9651821883740356,0.99125732995374,-0.13194281266132774,0.7523107112959804,0.6588084650862769,1,0,0,0,99,0
1701818220,12,6,2,437,19.0,0.0,87,0,0,1,0,0,0,0,-0.31325740971087507,-0.9496682553719656,-0.9873368866227894,0.15863755013872718,0.6485994333412853,-0.7611299331056187,-0.9383842318329999,-0.34559374046297575,0.820241958346126,-0.572016721581207,0.8865711256242239,0.4625923034480756,0.518366519246722,0.8551585535583667,-0.26911098680807644,-0.9631091717864508,0.9907343669688791,-0.13581389511671688,0.7535960108429174,0.657337852585443,1,0,0,0,99,0
1701818280,12,6,2,438,19.0,0.0,87,0,0,1,0,0,0,0,-0.9683719828857112,-0.24951092713946563,-0.7904147414931815,0.6125720663156844,0.44012948872139646,-0.8979343145007,-0.9741494532413135,-0.22590449917974179,0.7829126704747286,-0.6221316182369524,0.9005919215263238,0.4346656081190733,0.531664552081915,0.8469550189115929,-0.2766269880980588,-0.9609773719790682,0.9901962865965183,-0.1396829052191638,0.7548784356501264,0.6558647325404974,1,0,0,0,99,0
1701818340,12,6,2,439,19.0,0.0,87,0,0,1,0,0,0,0,-0.73316982087163,0.6800455968264643,-0.3999715009682163,0.9165275764608679,0.20429442422534697,-0.9789094892943034,-0.9947133982445153,-0.1026900937425236,0.7425261253796137,-0.6698171042372225,0.9137333047003438,0.4063144692001366,0.5448327866418574,0.838544712343992,-0.2841261055024758,-0.9587869190659601,0.9896430970471022,-0.14354978393233453,0.7561579808255463,0.6543891105709452,1,0,0,0,99,0
1701818460,12,6,2,441,19.0,0.0,87,0,0,1,0,0,0,0,0.9234700129260028,0.3836706077176726,0.5551258381134531,0.8317663757683622,-0.2900289849580881,-0.9570178618417637,-0.9891961033692368,0.14659832563545244,0.653223420570844,-0.757165215007746,0.9373273747756826,0.3484499856451812,0.5707670340667981,0.8211120464483459,-0.29907185888315707,-0.9542305922701142,0.9884914244114903,-0.15127691120902387,0.7587084127677193,0.6514303833837413,1,0,0,0,99,0
1701818520,12,6,2,442,19.0,0.0,87,0,0,1,0,0,0,0,0.8218006615020342,-0.5697751071737155,0.8859387978787574,0.4638021630104179,-0.5177826942789717,-0.855512174960245,-0.9632009590319782,0.2687822771684872,0.6046559860083719,-0.7964867472747074,0.9477570224679708,0.31899314469537793,0.5835267154572368,0.8120939430556596,-0.3065175826476683,-0.9518649964820798,0.9878929588984021,-0.1551370418660872,0.7599792898053496,0.6499472894527343,1,0,0,0,99,0
1701818580,12,6,2,443,19.0,0.0,87,0,0,1,0,0,0,0,-0.035428428178979524,-0.9993722161821225,0.999843041727581,-0.01771699491840461,-0.7133431835093137,-0.7008148846455801,-0.9221753858799258,0.38677197116286743,0.553727382760295,-0.8326980158385354,0.9572612015115142,0.2892248123531802,0.5961439371690447,0.8028775785738385,-0.31394459815878467,-0.9494413037607534,0.9872794193542053,-0.15899480532276297,0.7612472677529828,0.6484617161703677,1,0,0,0,99,0
1701818640,12,6,2,444,19.0,0.0,87,0,0,1,0,0,0,0,-0.8600847843788071,-0.510151118473792,0.8689508382163492,-0.49489841458940237,-0.8645514486106083,-0.5025443191453852,-0.8667595742607592,0.49872621790648564,0.500636485932415,-0.8656576164704166,0.9658306312367652,0.2591740568899436,0.608615618888497,0.7934652030460894,-0.3213524521097596,-0.9469596620358465,0.9866508151407586,-0.1628501427143272,0.7625123417736683,0.6469736692036518,1,0,0,0,99,1
1701818700,12,6,2,445,19.2,0.0,87,0,0,1,0,0,0,0,-0.8939831563049628,0.44810056487692174,0.5253091637898002,-0.8509114421832984,-0.9620060920241873,-0.27302798191458466,-0.7978182693804977,0.6028980088229747,0.44559061434068903,-0.8952368426352254,0.9734569437410228,0.22887022235840837,0.620938715833371,0.7838591143689051,-0.3287406923633694,-0.9444202227739792,0.9860071558497887,-0.16670299521307466,0.7637745070415334,0.6454831542290338,1,0,0,0,99,1
1701818760,12,6,2,446,19.2,0.0,87,0,0,1,0,0,0,0,-0.10595753713889097,0.9943706554014256,0.05305348526993529,-0.9985916721566993,-0.9996478560364893,-0.026536087157875483,-0.7164272772437812,0.6976617779562402,0.38880472093569013,-0.9213201880877897,0.980132692059547,0.19834289993873028,0.6331102194962855,0.7740616577310655,-0.3361088679795094,-0.9418231409694353,0.9853484513027448,-0.17055330402921653,0.765033758741801,0.643990176932375,1,0,0,0,99,2
1701818820,12,6,2,447,19.2,0.0,87,0,0,1,0,0,0,0,0.7794849530244592,0.6264209511250854,-0.4321915367489943,-0.9017818336840362,-0.9751363580761503,0.22160569297286092,-0.6238566770609814,0.7815387683835208,0.3305005534159355,-0.9438057979223058,0.9858513574373943,0.1676218990431951,0.6451271583791853,0.7640752250410934,-0.34345652924271697,-0.9391685751347022,0.9846747115506476,-0.17440101041177747,0.7662900920708089,0.6424947430089302,1,0,0,0,99,2
1701818880,12,6,2,448,19.2,0.0,87,0,0,1,0,0,0,0,0.9482725721561587,-0.3174572867274317,-0.8116209973649744,-0.5841843515845697,-0.8899956043668333,0.4559691044442761,-0.5215510020869119,0.8532201077225842,0.27090578830786904,-0.9626058663135666,0.9906073556948704,0.1367372182078336,0.6569865987187891,0.7539022543433046,-0.35078322768961984,-0.9364566872907963,0.9839859468739369,-0.17824605564949209,0.7675435022360271,0.6409968581633251,1,0,0,0,99,2
1701818940,12,6,2,449,19.2,0.0,87,0,0,1,0,0,0,0,0.2452227616305097,-0.9694667591920345,-0.9923373315541532,-0.1235581660756696,-0.7495192346016444,0.661982565451814,-0.4111066981625245,0.9115872326474889,0.2102531418938979,-0.9776469793968293,0.9943960426803873,0.10571901579936002,0.6686856452028263,0.7435452292225941,-0.35808851613630804,-0.9336876429573742,0.9832821677823141,-0.18208838107170075,0.7687939844560767,0.6394965281095353,1,0,0,0,99,2
1701819060,12,6,2,451,19.2,0.0,87,0,0,1,0,0,0,0,-0.9835823060282404,0.18046009882566544,-0.640132760126497,0.7682643096049905,-0.34039366209949434,0.9402830184590676,-0.17279609593525602,0.9849576179864461,0.08672480041358972,-0.9962323067403621,0.999057632656986,0.04340330206123635,0.6915911718417044,0.7222891741059243,-0.3726330808543947,-0.9279787643329788,0.9818296095384826,-0.18976463799536156,0.7712861459910199,0.6364885552799195,1,0,0,0,99,2
1701819120,12,6,2,452,19.2,0.0,87,0,0,1,0,0,0,0,-0.3795798508807975,0.9251589792059046,-0.19344381715900788,0.9811113543339269,-0.09718190589320902,0.9952666362171313,-0.04864855487508726,0.9988159580766447,0.02433148087720227,-0.9997039456950855,0.9999259836845639,0.012166640968536861,0.7027920599407278,0.7113953334709671,-0.37987146940052824,-0.9250392784825321,0.9810808525505256,-0.19359845236657747,0.7725278157990745,0.6349809239785958,1,0,0,0,99,3
1701819180,12,6,2,453,19.2,0.0,87,0,0,1,0,0,0,0,0.5734065686442813,0.8192709606934638,0.300606918837987,0.9537481220672112,0.1520721505286041,0.9883693950308283,0.07625813061297684,0.9970881092037023,-0.03815685257131214,-0.9992717621357321,0.9998179239580905,-0.019081900642597186,0.7138213714377698,0.7003278158681843,-0.3870866725500994,-0.9220433330023552,0.9803171254758215,-0.19742931266360217,0.7737665386483193,0.6334708704180476,1,0,0,0,99,1
1701819240,12,6,2,454,19.2,0.0,87,0,0,1,0,0,0,0,0.9992056333576834,-0.03985100081893557,0.7210585970706318,0.6928740863898232,0.39187109718004004,0.9200201319508784,0.19997483347801748,0.9798010338713872,-0.1004961843270998,-0.9949374437298526,0.9987335589960549,-0.05031180910157879,0.724676413684611,0.6890893232732681,-0.3942782499242964,-0.9189911107495187,0.9795384399679061,-0.20125716043222083,0.7750023098134033,0.6319584003586705,1,0,0,0,99,1
1701819300,12,6,2,455,19.2,0.0,88,0,0,1,0,0,0,0,0.5063396468349013,-0.8623341359607118,0.9649699829426591,0.2623603095356538,0.6073053970056359,0.7944684731113166,0.32057099594994815,0.9472244911084481,-0.1624430806337284,-0.9867179158980666,0.9966739476624406,-0.08149258893277783,0.7353545365783697,0.677682599403003,-0.40144576258630316,-0.915882798015937,0.9787448079085622,-0.20508193726418603,0.776235124580235,0.6304435195700777,1,0,0,0,99,0
1701819360,12,6,2,456,19.2,0.0,88,0,0,1,0,0,0,0,-0.45205267588297,-0.8919912433578294,0.9726230624856244,-0.23238842122852268,0.7849803886813105,0.6195206125592099,0.43616475524782494,0.8998668269691937,-0.22375564018679642,-0.9746452757206577,0.9936411011327626,-0.11259379263383548,0.7458531332084875,0.6661104290454266,-0.4085887730680895,-0.9127185845169985,0.9779362414076386,-0.2089035847981091,0.7774649782460008,0.6289262338310793,1,0,0,0,99,0
1701819420,12,6,2,457,19.2,0.0,88,0,0,1,0,0,0,0,-0.9948298531417643,-0.1015557152401366,0.7421440949169293,-0.6702403616464259,0.9138491017795076,0.4060539609174956,0.5449523094191382,0.8384670419633367,-0.2841944387533501,-0.9587666665991619,0.9896379809301888,-0.14358505040713354,0.7561696404931679,0.6543756373799633,-0.41570684539711195,-0.9094986633799863,0.9771127528028652,-0.2127220447203506,0.7786918661191828,0.6274065489296591,1,0,0,0,99,0
1701819480,12,6,2,458,19.2,0.0,88,0,0,1,0,0,0,0,-0.6229650513149461,0.7822496691211615,0.3299623697323973,-0.9439940860834779,0.98589910388525,0.16734084067633054,0.645236065065984,0.7639832592002035,-0.34352346411838924,-0.939144094162393,0.9846684960336634,-0.17443609981538652,0.766301539805117,0.6424810892876979,-0.42279954512292356,-0.9062232311322905,0.976274354659665,-0.21653725876591012,0.7799157835195766,0.625884470662953,1,0,0,0,99,1
1701819540,12,6,2,459,19.2,0.0,88,0,0,1,0,0,0,0,0.32165094574030556,0.9468583152216423,-0.16300565140257817,-0.9866251353025733,0.9966506748361166,-0.08177672253589847,0.7354511277222635,0.6775777731980668,-0.4015110377075164,-0.9158541841357899,0.9787374990608538,-0.20511681533239795,0.7762463575864296,0.630429688651955,-0.4298664393436902,-0.9028924876894134,0.975421059770962,-0.22034916871931534,0.7811367257783094,0.6243600048372272,1,0,0,0,99,1
1701819660,12,6,2,461,19.2,0.0,88,0,0,1,0,0,0,0,0.7271218060573149,-0.6865084698355503,-0.9182887535616316,-0.3959113096164656,0.8354374032853884,-0.5495856122495996,0.880223157003268,0.47456000028995304,-0.5125621912070998,-0.8586501034443405,0.9640150682028628,-0.26584760348332986,0.7955650832846204,0.605868136031542,-0.4439210875642528,-0.8960658837472673,0.9736698320650762,-0.22796284374074297,0.7835696662520644,0.6213039337792966,1,0,0,0,99,1
1701819720,12,6,2,462,19.2,0.0,88,0,0,1,0,0,0,0,-0.18481136973170906,-0.9827740114685011,-0.9956841897581032,0.09280621889587708,0.6734960211850264,-0.7391908477842096,0.9325210045313215,0.36111573782915524,-0.5651921187396569,-0.8249593134904155,0.9552380105215703,-0.295838373533239,0.8049342748116889,0.5933639803976818,-0.4509079837407618,-0.8925704399087172,0.9727719259694734,-0.23176449263345197,0.7847816551861582,0.619772340205074,1,0,0,0,99,2
1701819780,12,6,2,463,19.2,0.0,88,0,0,1,0,0,0,0,-0.9268298244906983,-0.3754816592518752,-0.8293014106016808,0.5588015482924706,0.46967991851234675,-0.8828367766162867,0.9702671736733874,0.24203638505781863,-0.6156149831437591,-0.7880470750716034,0.9455281791336532,-0.3255402624318508,0.8141069531799402,0.5807149634580416,-0.4578673588180088,-0.8890205181709929,0.9718591765711205,-0.23556260508515253,0.7859906504167694,0.6182383823877515,1,0,0,0,99,1
1701819840,12,6,2,464,19.2,0.0,88,0,0,1,0,0,0,0,-0.816725212907666,0.5770267988585345,-0.4598767232321427,0.8879827697817494,0.23666139336428604,-0.9715921906288022,0.9928726480845371,0.11918013544881928,-0.6636338842129675,-0.7480575296890004,0.934895055524683,-0.354924266788705,0.8230808790115055,0.5679241732886948,-0.46479878803160896,-0.8854163352030204,0.9709315977974505,-0.2393571231413216,0.7871966473319489,0.616702066178912,1,0,0,0,99,1
1701819900,12,6,2,465,19.0,0.0,89,0,0,1,0,0,0,0,0.04427279290137974,0.99901947919383,0.022141824746053522,0.9997548397466827,-0.011071590972334946,-0.9999387080583196,0.9999846768971812,-0.005535880313030703,-0.7090613091662211,-0.7051468356615412,0.9233490227594171,-0.38396169362220156,0.831853861451097,0.5549947325776158,-0.4717018483228491,-0.8817581109855513,0.9699892038021741,-0.24314798890228217,0.788399641331185,0.6151633974391348,1,0,0,0,99,1
1701819960,12,6,2,466,19.0,0.0,89,0,0,1,0,0,0,0,0.8645665970913422,0.5025182575726944,0.4987392818032813,0.8667520572726362,-0.2581161974066756,-0.9661138797451976,0.9914922792803779,-0.13016551051411895,-0.7517198648812332,-0.6594825583311059,0.9109013553429114,-0.41262418837781073,0.8404237587008743,0.5419297978623197,-0.47857611836450864,-0.8780460687977367,0.9690320089650643,-0.2469351445240868,0.789599627825421,0.6136223820379734,1,0,0,0,99,0
1701820020,12,6,2,467,19.0,0.0,89,0,0,1,0,0,0,0,0.8899818590686664,-0.45599593257909704,0.8532279685345228,0.5215381421434596,-0.4891123888517548,-0.8722207696860524,0.9675279762585814,-0.25276395145861635,-0.7914429706108382,-0.6112430157234452,0.8975642082111578,-0.44088376261581397,0.8487884785433335,0.5287325587592399,-0.4854211785865756,-0.8742804352034992,0.9680600278917365,-0.2507185322194002,0.7907966022370734,0.6120790258539333,1,0,0,0,99,0
1701820080,12,6,2,468,19.0,0.0,89,0,0,1,0,0,0,0,0.09715190417988626,-0.9952695652506521,0.9988166912028082,0.048633500538969116,-0.689697940935389,-0.7240971967004738,0.9284657227653786,-0.37141809547969407,-0.8280755084772445,-0.5606165822201061,0.8833506048619953,-0.4687128213415406,0.8569459788520921,0.5154062371850283,-0.49223661120185463,-0.8704614400377044,0.967073275413426,-0.254498094258381,0.7919905600000485,0.610533334774449,1,0,0,0,99,0
1701820140,12,6,2,469,19.0,0.0,89,0,0,1,0,0,0,0,-0.7849990633729201,-0.6194969495515196,0.8998602529147288,-0.43617831815008895,-0.8474014155493513,-0.5309527671318378,0.8749150722018217,-0.48427638434480896,-0.8614744292040272,-0.5078009529605035,0.8682744246378858,-0.4960841899514116,0.8648942680904446,0.5019540865699712,-0.49902200023146714,-0.8665893163921337,0.9660717665867619,-0.25827377296956255,0.7931814965597604,0.6089853146958625,1,0,0,0,99,0
1701820260,12,6,2,471,19.0,0.0,89,0,0,1,0,0,0,0,-0.2366321052384454,0.9715993241920361,0.11916517068330806,-0.9928744442758198,-0.9982170215629014,-0.05968900955862884,0.7279041865378398,-0.6856788572069913,-0.9180628674570689,-0.39643482616503856,0.8355940480176479,-0.549347419141549,0.8801555030622569,0.47468546473346485,-0.5125009928119824,-0.8586866322278066,0.9640245412404724,-0.26581325001981504,0.795554287908693,0.6058823111711485,1,0,0,0,99,1
1701820320,12,6,2,472,19.0,0.0,89,0,0,1,0,0,0,0,0.689719768063795,0.7240764058730438,-0.37143208943692263,-0.9284601245807608,-0.9819521690440836,0.1891294205289584,0.6367380071391379,-0.7710802229758452,-0.9410314083429535,-0.3383192109710552,0.8180217634546941,-0.5751872690824027,0.8874647229840752,0.46087565075494996,-0.5191937736746512,-0.8546565540481598,0.9629788559589872,-0.26957693331574223,0.7967361336464357,0.6043273395620364,1,0,0,0,99,0
1701820380,12,6,2,473,19.0,0.0,89,0,0,1,0,0,0,0,0.9819464674138593,-0.18915902075619492,-0.7710898199160053,-0.6367263852094576,-0.9046342866621455,0.42618869928151687,0.535635744101569,-0.8444491397596178,-0.9603252417175178,-0.27888246649832815,0.7996506945217794,-0.6004654584160823,0.8945572811218079,0.44695332059618803,-0.5258548656253986,-0.8505743120375162,0.9619184768049516,-0.27333650319933833,0.7979149400779942,0.6027700626278074,1,0,0,0,99,0
1701820440,12,6,2,474,19.0,0.0,89,0,0,1,0,0,0,0,0.3713761131017696,-0.9284825160537067,-0.9819578697820255,-0.18909982012986337,-0.7710706258605184,0.6367496289241701,0.42617506442530745,-0.9046407101507675,-0.9758690255743256,-0.21835669196206517,0.7804987802559544,-0.6251573034196812,0.9014314459291071,0.43292187319441294,-0.5324838621055041,-0.8464401553548877,0.9608434199584467,-0.27709190230419245,0.7990907027065802,0.6012104863089995,1,0,0,0,99,0
1701820500,12,6,2,475,18.9,0.0,90,0,0,1,0,0,0,0,-0.580635726907393,-0.8141634680079446,-0.9524083861474406,0.30482497600430924,-0.5895655281627695,0.8077205506870273,0.31006406540662906,-0.9507156648249326,-0.9876020617700564,-0.15697823921656684,0.7605847221764866,-0.6492386929255808,0.9080855391772245,0.41878473412626877,-0.5390803585151899,-0.8422543363278899,0.9597537018235173,-0.28084307332753466,0.8002634170470166,0.5996486165549226,1,0,0,0,99,0
1701820560,12,6,2,476,18.9,0.0,90,0,0,1,0,0,0,0,-0.9988137573367454,0.048693717817118926,-0.6896761131802671,0.7241179868699296,-0.3714041014380902,0.9284713207390763,0.18911462035089152,-0.9819550195245901,-0.9954785330494551,-0.09498678980629327,0.7399279660231438,-0.6726861118655962,0.9145179363647266,0.40454535477150383,-0.5456439522383145,-0.8380171104373418,0.9586493390279216,-0.2845899590311104,0.8014330786257547,0.598084459323635,1,0,0,0,99,0
1701820620,12,6,2,477,18.9,0.0,90,0,0,1,0,0,0,0,-0.49868702553633515,0.8667821240437084,-0.25808707441122625,0.9661216600521149,-0.13015056655252244,0.9914942410453312,0.06521410489560044,-0.9978712945679246,-0.9994676819607337,-0.03262441901456225,0.7185486827677587,-0.6954766642330416,0.9207270671140937,0.39020721147036636,-0.5521742426669474,-0.8337287363016721,0.9575303484228769,-0.28833250224205376,0.8025996829808911,0.5965180205819209,1,0,0,0,99,1
1701820680,12,6,2,478,18.9,0.0,90,0,0,1,0,0,0,0,0.45993025772913376,0.8879550427950801,0.2366906812750767,0.9715850561826999,0.11919510018725629,0.9928708516677031,-0.05970405485516448,-0.9982161218062207,-0.9995539309627621,0.029865349435251595,0.696467748917618,-0.7175880954402921,0.9267114155551047,0.3757738046749054,-0.5586708312258188,-0.8293894756611352,0.9563967470828033,-0.29207064585375986,0.8037632256621846,0.5949493063052683,1,0,0,0,99,1
1701820740,12,6,2,479,18.9,0.0,90,0,0,1,0,0,0,0,0.9956897831154927,0.0927461902151406,0.6735183033091452,0.7391705453463161,0.36112979290947733,0.9325155616251978,-0.18369055279845262,-0.9829841203257552,-0.9957369432550334,0.09223849433464518,0.6737067261299069,-0.7389988140500109,0.9324695206949155,0.36124865809438594,-0.565133321396648,-0.8249995933618349,0.9552485523050623,-0.2958043328267565,0.8049237022310738,0.5933783224778453,1,0,0,0,99,1
1701820860,12,6,2,481,18.9,0.0,90,0,0,1,0,0,0,0,-0.33001928131531005,-0.9439741913633689,0.9858940590558828,-0.16737055989126504,0.7639929842254002,0.6452245501020304,-0.421174221610232,-0.9069797544879462,-0.9764680625826803,0.21566205682972353,0.6262339591439754,-0.779635189312836,0.9433014336130409,0.3319373515342646,-0.5779544309310792,-0.8160690386034335,0.9529084527391478,-0.30325810903961536,0.8072354393358901,0.5902295701506256,1,0,0,0,99,1
1701820920,12,6,2,482,18.9,0.0,90,0,0,1,0,0,0,0,-0.9726370711153801,-0.23232978261965265,0.7849617132764033,-0.6195442750039529,0.8998734008192355,0.4361511922464772,-0.5309655392553846,-0.8473934128391833,-0.9610914141847234,0.2762305080551537,0.6015685712970908,-0.7988211652351087,0.9483725969351678,0.3171583474897762,-0.5843122677602378,-0.8115289112193651,0.9517165836580145,-0.3069780845440232,0.8083866910532431,0.5886518136623622,1,0,0,0,99,1
1701820980,12,6,2,483,18.9,0.0,90,0,0,1,0,0,0,0,-0.7210168232776373,0.692917556820885,0.39184336359004157,-0.9200319442337003,0.9798040478161182,0.1999600657210081,-0.6324713172464788,-0.7745837804011287,-0.9419617243819222,0.33572028505801615,0.5763157619491175,-0.8172271058457423,0.9532122286893256,0.30230191378343746,-0.5906344411802289,-0.8069392522933302,0.9505101925527496,-0.31069337594054836,0.8095348590210765,0.5870718116463486,1,0,0,0,99,0
1701821040,12,6,2,484,18.9,0.0,90,0,0,1,0,0,0,0,0.19350296674212325,0.9810996900733364,-0.09721190751822432,-0.9952637062792294,0.9988152247235795,-0.04866360920015389,-0.7241075918674496,-0.6896870271361664,-0.9191536942035773,0.3938990815322077,0.5505001900398365,-0.8348350380560844,0.9578191473488313,0.28737167740046654,-0.5969205653181726,-0.8023003419544537,0.949289297831397,-0.3144039265384152,0.8106799388594784,0.5854895701298123,1,0,0,0,99,1
1701821100,12,6,2,485,19.0,0.0,90,0,0,1,0,0,0,0,0.9301170215238276,0.36726329284539677,-0.5624663132822282,-0.8268202019923669,0.9557249086406524,-0.29426161659961114,-0.8044444097013824,-0.5940279384845417,-0.8927563885194386,0.4505397105225345,0.52414706403712,-0.851627768019143,0.9621922282005667,0.2723712833439467,-0.6031702565014514,-0.7976124633379128,0.9480539181233082,-0.31810967971918674,0.8118219262003172,0.5839050951485237,1,0,0,0,99,4
1701821160,12,6,2,486,19.0,0.0,90,0,0,1,0,0,0,0,0.8115857761709371,-0.584233282103149,-0.8900093488562771,-0.4559422758951242,0.8532122467168191,-0.5215638619118831,-0.8722281415753229,-0.4890992425306529,-0.8628728882432953,0.5054209915849098,0.4972821173212898,-0.8675888979190864,0.9663304036195608,0.257304393744951,-0.6093831332811276,-0.7928759025676563,0.9468040722788575,-0.3218105789376289,0.8129608166872586,0.5823183927467734,1,0,0,0,99,6
1701821220,12,6,2,487,19.0,0.0,90,0,0,1,0,0,0,0,-0.053113688973945104,-0.9985884718158823,-0.9996470556691202,0.026566220884026468,0.6976509797584941,-0.7164377924439869,-0.9264010450242344,-0.37653831648054964,-0.8296198878042129,0.5583286144912557,0.4699315830569086,-0.8827028419834321,0.9702326633296345,0.24217468696848557,-0.6155588164552248,-0.7880909487389401,0.9455397793691549,-0.32550656772257286,0.8140966059757813,0.5807294689773488,1,0,0,0,99,5
1701821280,12,6,2,488,19.0,0.0,90,0,0,1,0,0,0,0,-0.8689806734225085,-0.49484602576777714,-0.8645362993442719,0.5025703802614231,0.4987131538963941,-0.8667670910519801,-0.9661177700083929,-0.25810163593826746,-0.7931272394572851,0.6090559761063561,0.4421221685765394,-0.8969548417022889,0.9738980546500462,0.2269858567154693,-0.621696929091873,-0.7832578939006837,0.9442610586857545,-0.3291975896777772,0.8152292897331944,0.579138329901511,1,0,0,0,99,1
1701821340,12,6,2,489,19.0,0.0,90,0,0,1,0,0,0,0,-0.8859108342361154,0.46385557427185253,-0.5177569051824165,0.8555277827960506,0.2687677596029232,-0.9632050100565431,-0.9907585503180235,-0.1356373656914954,-0.7535374462133568,0.65740498716868,0.413881029301489,-0.9103309802397916,0.977325682728074,0.21174161112097017,-0.6277970965523135,-0.7783770330376437,0.9429679297403607,-0.332883588482788,0.8163588636386537,0.5775449815889719,1,0,0,0,99,1
1701821400,12,6,2,490,19.0,0.0,90,0,0,1,0,0,0,0,-0.08833865964017233,0.9960904985055212,-0.04421256322855966,0.9990221465276736,0.0221116877728314,-0.9997555067434422,-0.9999388748177166,-0.011056519718198895,-0.7110051053678162,0.7031868458247073,0.3852357422249997,-0.9228181960236553,0.9805147107574815,0.19644567184891684,-0.6338589465137663,-0.7734486640524104,0.9416604122645303,-0.33656450789379855,0.8174853233831781,0.5759494301178713,1,0,0,0,99,3
1701821460,12,6,2,491,19.0,0.0,90,0,0,1,0,0,0,0,0.7904516712343437,0.6125244121199033,0.4401565561706975,0.8979210466738997,-0.22591918170675576,-0.9741460482581397,-0.9935154876140935,0.11369685954735136,-0.6656963048014645,0.7462227748961269,0.3562142789837832,-0.9344042954995784,0.9834643601828127,0.18110177318350804,-0.6398821089921534,-0.7684730877472249,0.9403385262093713,-0.34024029174450743,0.818608664669666,0.5743516815747528,1,0,0,0,99,4
1701821520,12,6,2,492,19.0,0.0,90,0,0,1,0,0,0,0,0.9425043809306535,-0.3341937939677003,0.8167599996228085,0.5769775585030581,-0.45990349068959124,-0.8879689066918555,-0.9715886235161092,0.23667603734656428,-0.617787974410896,0.7863447200008926,0.3268449785441926,-0.9450779650380419,0.9861739108894643,0.16571366111754054,-0.6458662163646817,-0.7634506078056198,0.9390022917452384,-0.3439108839469756,0.8197288832129119,0.5727517420545416,1,0,0,0,99,4
1701821580,12,6,2,493,19.0,0.0,90,0,0,1,0,0,0,0,0.22802290938096753,-0.9736557670950443,0.9933921096664309,0.11476984121483252,-0.665293228127706,-0.7465821593149787,-0.9345004439043832,0.3559619647413339,-0.567467195201038,0.8233960058019877,0.29715651952970196,-0.9548287819818765,0.9886427013794914,0.15028509243787871,-0.6518109033922803,-0.7583815307738838,0.9376517292614257,-0.34757622849248204,0.8208459747396225,0.5711496176605207,1,0,0,0,99,2
1701821640,12,6,2,494,19.0,0.5,90,0,0,1,0,0,0,0,-0.6961017734720562,-0.7179431181988293,0.9268071855026884,-0.3755375359409301,-0.8293182549362247,-0.5587765492838215,-0.8828296974172939,0.4696932247308761,-0.5149304687378307,0.8572319478212639,0.2671778922167178,-0.9636472248238107,0.9908701289331036,0.13481983380828896,-0.6577158072418934,-0.7532661660423522,0.9362868593658549,-0.3512362694523786,0.8219599349884332,0.5695453145043077,0,1,0,0,99,1
1701821700,12,6,2,495,19.0,0.5,90,0,0,1,0,0,0,0,-0.9802336960326743,0.19784312260506456,0.6333075387972795,-0.7739002269689111,-0.9417802893905008,-0.3362289198084311,-0.8173826887720437,0.5760950790414586,-0.46038294981381606,0.8877204174292317,0.23693837022606568,-0.9715246825040607,0.9928556497558093,0.1193216608498628,-0.6635805675086248,-0.7481048258265224,0.9349077028847613,-0.3548909509789434,0.8230707597099242,0.5679388387058313,0,1,0,0,99,0
1701821760,12,6,2,496,19.0,0.5,90,0,0,1,0,0,0,0,-0.36314327904015004,0.9317333088861682,0.184752119221718,-0.982785151720906,-0.9956869868891794,-0.09277620459766088,-0.7391806966492228,0.6735071623235863,-0.404037645323065,0.9147423578045313,0.2064674819377966,-0.9784534628188842,0.9945987791111761,0.10379435721925297,-0.669404826237736,-0.7428978251479987,0.9335142808623762,-0.3585402173062328,0.8241784446666367,0.5663301963933087,0,1,0,0,99,1
1701821820,12,6,2,497,19.0,0.5,90,0,0,1,0,0,0,0,0.5878193939808536,0.8089921878856321,-0.30903706259473784,-0.9510499955011913,-0.9876866900746388,0.1564448856607474,-0.6494440369805748,0.7604093915979561,-0.3461145824738131,0.938192248848272,0.1757949816572247,-0.9844267999318873,0.9960990914391719,0.08824171368494811,-0.6751882279464934,-0.7376454818152647,0.9321066145606051,-0.3621840127509325,0.8252829856330895,0.5647193937032212,0,1,0,0,99,1
1701821880,12,6,2,498,19.0,0.5,90,0,0,1,0,0,0,0,0.9983436270438855,-0.05753261979833144,-0.727163193443649,-0.68646463135462,-0.9182768186539993,0.39593899065726024,-0.5495730203270262,0.8354456866419445,-0.28683994958692166,0.9579785192377605,0.14495082056035336,-0.9894388609807482,0.9973562204600591,0.07266752720181091,-0.6809304196458655,-0.7323481164042859,0.9306847254587038,-0.36582228171320713,0.8263843783957945,0.5631064367802915,0,1,0,0,99,0
1701821940,12,6,2,499,19.0,0.5,90,0,0,1,0,0,0,0,0.4909953335002932,-0.8711622021649791,-0.9672544138345865,-0.253808784161444,-0.7917729422509473,0.6108155269140414,-0.44112610050072903,0.8974451311679287,-0.22644521283532507,0.9740239040105557,0.11396511744705974,-0.9934847517729086,0.9983698592638173,0.05707559998410604,-0.6866310508620674,-0.7270060522389432,0.9292486352529508,-0.36945496867754857,0.8274826187532728,0.56149133177746,0,1,0,0,99,1
1701822060,12,6,2,501,19.0,0.5,90,0,0,1,0,0,0,0,-0.9964717035719659,-0.08392939878483582,-0.7361825177171881,0.676783052837157,-0.40200556411749017,0.9156372242425372,-0.20538107965129446,0.978682079186734,-0.1032422413871038,0.9946562419214826,0.05169022189214013,-0.9986631669190275,0.9996657358635004,0.02585375292846797,-0.6979062426542451,-0.716189134561698,0.9263339393981249,-0.37670337497711776,0.829669625506779,0.5582547021848012,0,1,0,0,99,0
1701822120,12,6,2,502,19.0,0.5,90,0,0,1,0,0,0,0,-0.6090201130220971,0.7931547780443311,-0.3215938602925038,0.9468777054203809,-0.1629759101518061,0.9866300485542645,-0.08176170083154903,0.9966519072761223,-0.0409151116574164,0.9991626262216082,0.020461839829201516,-0.9997906346384747,0.999947657289739,0.010231455456709277,-0.7034801150506284,-0.710714941258698,0.9248553782237248,-0.38031898371058337,0.8307583835600407,0.556633189941732,0,1,0,0,99,0
1701822180,12,6,2,503,19.0,0.5,90,0,0,1,0,0,0,0,0.33836176080013775,0.9410161097602051,0.17173219010976784,0.985143672202234,0.08618679654612434,0.9962789951118698,0.043133541983763984,0.9990693156913262,0.0215717907077017,0.9997673018486167,-0.010786522873087307,-0.9999418237699174,0.9999854558367129,-0.005393339878159504,-0.7090110506466594,-0.7051973695788437,0.9233627048941395,-0.3839287892442792,0.8318439725225757,0.5550095543122302,0,1,0,0,99,0
1701822240,12,6,2,504,19.0,0.5,90,0,0,1,0,0,0,0,0.9746553921779337,0.22371156988067947,0.623012211003653,0.7822121099422712,0.329990825673782,0.9439841391523142,0.16735570030280691,0.9858965815825497,0.08397445569174683,0.9964679075571249,-0.04202435271884079,-0.999116586679734,0.9997791222764492,-0.021016818506448383,-0.7144987118625367,-0.6996367562862716,0.9218559421857278,-0.38753273649701414,0.832926388253192,0.5533838014899721,0,1,0,0,99,0
1701822300,12,6,2,505,18.9,0.5,92,0,0,1,0,0,0,0,0.7148553508409695,-0.69927235564838,0.9217571143333747,0.3877677425673905,0.5532776235456344,0.8329969215331442,0.2889663288921875,0.9573392610598251,0.1460492022233857,0.9892773274112333,-0.07322114649732905,-0.997315729197939,0.9993287069823269,-0.03663516617992241,-0.7199427637597042,-0.6940334407721567,0.9203351130898344,-0.3911307704769872,0.8340056266228025,0.5517559376767108,0,1,0,0,99,0
1701822360,12,6,2,506,18.9,0.5,92,0,0,1,0,0,0,0,-0.20217940333482604,-0.9793485022540106,0.9948237286710673,-0.10161569206079699,0.7421642985420401,0.6702179898880674,0.4060677345664961,0.9138429815586667,0.20755362974582411,0.9782236404725319,-0.10434644106884551,-0.994541009831302,0.9986343199167806,-0.05224456990299564,-0.7253428740612937,-0.6883877650339976,0.9188002408124406,-0.3947228362826266,0.8350816835144412,0.5501259690822519,0,1,0,0,99,0
1701822420,12,6,2,507,18.9,0.5,92,0,0,1,0,0,0,0,-0.9333313464826719,-0.35901615238432194,0.8243227985396018,-0.5661200613013454,0.8849067920694658,0.4657681497798313,0.5168325890557641,0.8560864879729826,0.2682475647857939,0.9633500111519651,-0.1353698431114458,-0.990795138046197,0.9976961306044534,-0.06784121886361938,-0.7306987131724058,-0.6827000736547422,0.9172513487738087,-0.39830887910342766,0.8361545548232777,0.5484939019244299,0,1,0,0,99,0
1701822480,12,6,2,508,18.9,0.5,92,0,0,1,0,0,0,0,-0.8063827539523806,0.5913939922996974,0.45199889806298343,-0.892018495407942,0.972630067242408,0.23235910202965793,0.6195324438519512,0.784971051068018,0.3278939988258263,0.9447145206537312,-0.16626105879951092,-0.9860817716228536,0.9965143680908102,-0.08342130536363722,-0.7360099542002259,-0.6769707137817569,0.9156884606081254,-0.40188884422078897,0.8372242364566345,0.5468597424290853,0,1,0,0,99,0
1701822540,12,6,2,509,18.9,0.5,92,0,0,1,0,0,0,0,0.061950423737127995,0.9980792278165047,-0.030990096672124958,-0.9995196916060495,0.9998799156913918,-0.015496909271697935,0.7125647020698184,0.7016064034515015,0.3862600138174404,0.9223899401694224,-0.19698992338515384,-0.980405513083597,0.99508932088622,-0.09898102574838,-0.7412762729739769,-0.6712000351056382,0.9141116001631415,-0.40546267700884736,0.8382907243340008,0.5452234968300397,0,1,0,0,99,1
1701822660,12,6,2,511,18.9,0.5,92,0,0,1,0,0,0,0,0.8817704007607503,-0.4716788741741842,-0.8578108399216532,-0.5139655269693756,0.8700475639208972,-0.49296778445990996,0.8639929931602194,0.5035038309387974,0.4982450045214717,0.8670362826718376,-0.25784076222366625,-0.9661874255732781,0.9915108233330784,-0.13002417934123234,-0.7516728608048957,-0.6595361326943231,0.9109160588919055,-0.41259172756229423,0.8404141025596531,0.5419447722958981,0,1,0,0,99,1
1701822720,12,6,2,512,18.9,0.5,92,0,0,1,0,0,0,0,0.07951849401287635,-0.996833390848202,-0.9992080341070627,-0.03979075993115771,0.7210377105017316,-0.6928958219201651,0.9200260381967906,0.39185723042955,0.5514266812416906,0.8342233605065102,-0.2879033166650653,-0.9576594803233847,0.9893582466233818,-0.14550003380861354,-0.7568024953079283,-0.6536436208636119,0.9092974268256817,-0.4161468365471424,0.8414709848078965,0.5403023058681398,0,1,0,0,99,1
1701822780,12,6,2,513,18.9,0.5,92,0,0,1,0,0,0,0,-0.7958423494121124,-0.6055038851090959,-0.8959642529445848,0.4441261728894752,0.5271972245329658,-0.8497429531597998,0.9617023846179752,0.27409582889949297,0.6024550485723009,0.7981528139709504,-0.3176847384035387,-0.948196396842698,0.9869641322871612,-0.16094036652950375,-0.7618859384873512,-0.6477112139952867,0.9076649199994695,-0.41969559564326697,0.8425246571000955,0.5386577783513077,0,1,0,0,99,1
1701822840,12,6,2,514,18.9,0.5,92,0,0,1,0,0,0,0,-0.9395094070026404,0.34252310017507853,-0.5733571748155426,0.8193055291449822,0.3005781685810014,-0.953757183235068,0.9883716869768853,0.1520572536331825,0.6511308418308941,0.7589654977774624,-0.3471559463861577,-0.9378074156716458,0.9843290648130953,-0.17634140796811468,-0.7669228800759939,-0.6417392741728861,0.9060185633233147,-0.4232379507009703,0.8435751154168105,0.5370111960187747,0,1,0,0,99,1
1701822900,12,6,2,515,19.0,0.5,91,0,0,1,0,0,0,0,-0.21939584856455807,0.9756359267844935,-0.11037226376111557,0.9938903175865266,0.05527061793337119,-0.9984714111046261,0.9996177797299891,0.027645875780791213,0.6972639830864666,0.7168144375571656,-0.37628816247846175,-0.926502681474038,0.9814536875151161,-0.19169939818106102,-0.7719130126449032,-0.6357281658928362,0.9043583819185943,-0.42677384766827253,0.8446223557508624,0.5353625651517518,0,1,0,0,99,2
1701822960,12,6,2,516,19.0,0.5,91,0,0,1,0,0,0,0,0.7024292412479847,0.7117535816838442,0.37963562682930313,0.9251360931462582,-0.19347339203846847,-0.9811055226493881,0.9952651713612277,-0.0971969067167568,0.740674323409674,0.6718642322981792,-0.4050529395658183,-0.914293233130974,0.9783387023753517,-0.20701058773529676,-0.7768560316221071,-0.6296782560422042,0.9026844011176343,-0.4303032325917363,0.8456663741073475,0.5337118920392648,0,1,0,0,99,3
1701823020,12,6,2,517,19.0,0.5,91,0,0,1,0,0,0,0,0.9784441260755459,-0.20651172399711681,0.7766954757165503,0.6298762878545608,-0.43018816356650214,-0.9027392447031869,0.9753817828684281,-0.22052296399333682,0.7811923463505441,0.6242904115900961,-0.4334221893315477,-0.9011909929615631,0.9749848698727491,-0.22227123862348555,-0.7817516353112047,-0.6235899138763048,0.900996646463322,-0.43382605161729004,0.8467071665036532,0.5320591829781298,0,1,0,0,99,3
1701823080,12,6,2,518,19.0,0.5,91,0,0,1,0,0,0,0,0.35488199371552387,-0.9349111030127383,0.9835931839466808,0.18040079959254857,-0.6401559186664806,-0.7682450128678183,0.9402778878788489,-0.34040783417261544,0.8186598298965864,0.5742787501846923,-0.46136820968468756,-0.8872087550809822,0.9713930087974131,-0.23747762517658147,-0.7865995249097795,-0.6174635109961635,0.8992951437087169,-0.4373422509910497,0.8477447289694727,0.5304044442729295,0,1,0,0,99,2
1701823140,12,6,2,519,19.0,0.5,91,0,0,1,0,0,0,0,-0.5949570070443855,-0.8037575254818999,0.9496729767351233,-0.3132430961075599,-0.8103218792885825,-0.5859850270665796,0.8905012709330009,-0.45498075395197785,0.8529304643263652,0.5220245425494965,-0.4888637118106147,-0.8723601729072392,0.9675639960507106,-0.2526260349733978,-0.7913994045276372,-0.6112994213258353,0.8975799188166576,-0.44085177706013884,0.8487790575468208,0.5287476822359892,0,1,0,0,99,3
1701823200,12,6,2,520,19.0,0.5,91,0,0,1,0,0,0,0,-0.9977952793125009,0.06636701425925702,0.6832397038158508,-0.730194157145638,-0.9301059501867618,-0.3672913304546965,0.8268286794901035,-0.562453851238172,0.8838704235458307,0.4677318402470736,-0.5158818468181093,-0.8566597458288424,0.9634987664311881,-0.2677127697469413,-0.7961509812048658,-0.6050980210895829,0.8958509979593657,-0.44435457627350766,0.8498101482900483,0.5270889031873525,0,1,0,0,99,0
1701823260,12,6,2,521,19.0,0.5,91,0,0,1,0,0,0,0,-0.483265173349392,0.8754740271576206,0.2495255225847443,-0.9683682221029407,-0.9920605379972889,-0.12576123786178975,0.7502537030437737,-0.6611500442933549,0.9113588876763519,0.41161265511804,-0.5423962319568417,-0.8401228050463933,0.9591983124063536,-0.2827341462872912,-0.8008539649297153,-0.5988596887889135,0.8941084075180463,-0.4478505951827498,0.8508379972658573,0.5254281134547572,0,1,0,0,99,1
1701823320,12,6,2,522,19.0,0.5,91,0,0,1,0,0,0,0,0.4755767042996153,0.8796742569426005,-0.24528120908194284,-0.9694519732670104,-0.992333606522275,0.12358807938670624,0.6619712684902925,-0.7495292120346966,0.935288514853758,0.3538861313793629,-0.5683809763796802,-0.8227654986019294,0.9546636838703799,-0.297686497340802,-0.8055080686562991,-0.5925848051794772,0.8923521740824856,-0.45133978044291795,0.8518626005533163,0.5237653193736113,0,1,0,0,99,1
1701823380,12,6,2,523,19.0,0.5,91,0,0,1,0,0,0,0,0.9971755532498972,0.07510603172023837,-0.6800345462841435,-0.7331800705557395,-0.930908177683422,0.36525328844807164,0.5633589936940424,-0.8262122271087713,0.9555658603960198,0.2947776898708828,-0.593810706424664,-0.8046047756106357,0.9498959878877886,-0.3125661725054107,-0.8101130083221139,-0.5862737532478276,0.8905823244506449,-0.45482207881333797,0.8528839542438754,0.522100527286969,0,1,0,0,99,1
1701823440,12,6,2,524,19.0,0.5,91,0,0,1,0,0,0,0,0.6019757972528995,-0.7985143326964996,-0.9482917095220488,-0.31740011602352985,-0.8116033871367004,0.5842088171092894,0.45595569022148996,-0.8900024767126464,0.9721117417027341,0.23451814779175792,-0.618660590391954,-0.7856583697103207,0.9448963884231754,-0.3273695391218304,-0.8146685028653773,-0.5799269181880462,0.8887988856282523,-0.4582974371584211,0.8539020544413806,0.520433743545506,0,1,0,0,99,0
1701823500,12,6,2,525,19.0,0.5,91,0,0,1,0,0,0,0,-0.34667773058479046,-0.9379843021695936,-0.984373989439378,0.17609045662727782,-0.6418370289149428,0.7668410710920738,0.34143735070135944,-0.9399045353364547,0.9848615474614832,0.17334281736424106,-0.6429063627915651,-0.7659447817448204,0.9396661060570453,-0.3420929831604118,-0.8191742742421821,-0.5735446873782322,0.8870018848283898,-0.46176580244847487,0.8549168972620891,0.5187649745074956,0,1,0,0,99,0
1701823560,12,6,2,526,19.0,0.5,91,0,0,1,0,0,0,0,-0.9765973517090915,-0.21507582996419908,-0.7794471854988634,0.6264679441263539,-0.4321643529223842,0.9017948614087224,0.22159099552021236,-0.9751396980455473,0.9937654899536277,0.11149058694448753,-0.6665243480382065,-0.7454832616982381,0.9342064176878251,-0.35673291010345676,-0.8236300474434674,-0.5671274503568591,0.8851913494710788,-0.46522712176051223,0.855928478834684,0.5170942265387846,0,1,0,0,99,0
1701823620,12,6,2,527,19.0,0.5,91,0,0,1,0,0,0,0,-0.708637871481491,0.7055723684372722,-0.3836845263772881,0.9234642300699232,-0.19562179061913934,0.9806794150154073,0.09828678696699936,-0.995158131910554,0.9987887994742818,0.049202988168636434,-0.6894914835700886,-0.7242937898976618,0.9285186562201273,-0.371285745822768,-0.8280355505118026,-0.5606755987989989,0.8833673071828612,-0.4686813422790591,0.8569367953002891,0.5154215060127686,0,1,0,0,99,0
1701823680,12,6,2,528,19.0,0.5,91,0,0,1,0,0,0,0,0.21083999973521134,0.9775205852112047,0.10601748626711377,0.9943642655514137,0.05308358714605824,0.9985900724399912,-0.026551154023966794,-0.99964745596635,0.9999118601072672,-0.013276747223059479,-0.711785342369123,-0.7023970575027135,0.9226042102393402,-0.3857479374522218,-0.8323905145579873,-0.5541895264924167,0.8815297857963782,-0.4721284112969602,0.8579418428124834,0.513746819310368,0,1,0,0,99,0
1701823740,12,6,2,529,19.0,0.5,91,0,0,1,0,0,0,0,0.9364725475338364,0.3507408840091023,0.5697627207842304,0.8218092491597738,0.29848848456869004,0.9544132357526728,-0.15097477313665228,-0.9885376158125377,0.9971302863248458,-0.07570463720097437,-0.7333841548605254,-0.6798144463009835,0.9164645236726252,-0.4001159542551487,-0.8366946737774624,-0.5476696293135358,0.8796788133499452,-0.4755682762161834,0.8589436175373164,0.5120701728200036,0,1,0,0,99,0
1701823800,12,6,2,530,19.0,0.5,91,0,0,1,0,0,0,0,0.8011165538942744,-0.5985083684265092,0.8940101700837942,0.44804666697426215,0.5253348137263215,0.8508956066916382,-0.2730424814093603,-0.9620019767889353,0.9904549401131116,-0.1378369021907137,-0.7542668301704357,-0.6565680078290772,0.9101010954364018,-0.41438628848631254,-0.8409477654665337,-0.5411163052032749,0.8778144180871248,-0.4790008845486223,0.8599421156533218,0.510391572937572,0,1,0,0,99,1
1701823860,12,6,2,531,19.0,0.5,91,0,0,1,0,0,0,0,-0.07078230485740782,-0.9974917870935445,0.9993727500521375,-0.03541336546034254,0.7195183685842713,0.6944734100524143,-0.3908494530810973,-0.9204546186674317,0.9799118885561681,-0.19943091702713533,-0.7744129767207983,-0.6326804418396639,0.9035154790704097,-0.42855545624827607,-0.8451495300384058,-0.5345299541427608,0.8759366284562944,-0.48242618391689684,0.8609373333515329,0.5087110260664217,0,1,0,0,99,0
1701823920,12,6,2,532,19.0,0.5,91,0,0,1,0,0,0,0,-0.8776042389525125,-0.47938585687583785,0.8600540264645697,-0.510202970945957,0.8689657562142357,0.4948722204034305,-0.5025573497604873,-0.8645438740756395,0.9655423020447212,-0.2602461584004272,-0.7938029221413925,-0.6081750741355538,0.8967092823584335,-0.44261999834194465,-0.8492997110390256,-0.5279109781289149,0.8740454731102137,-0.48584412205515315,0.8619292668354965,0.5070285386173281,0,1,0,0,99,0
1701823980,12,6,2,533,19.0,0.5,91,0,0,1,0,0,0,0,-0.8775608830339849,0.4794652193523661,0.5101640817656776,-0.8600770951933222,0.9643850618900425,0.2645022729644093,-0.6064230070815217,-0.795142211483081,0.9474022935065866,-0.32004514409448476,-0.8124177324795677,-0.5830758337924473,0.8896841669357861,-0.45657648111107996,-0.8533980551627359,-0.5212597811499177,0.8721409809055867,-0.48925464680986036,0.862917912321288,0.5053441170084696,0,1,0,0,99,2
1701824040,12,6,2,534,19.0,0.5,91,0,0,1,0,0,0,0,-0.07069209833337335,0.9974981840751515,0.035368177256176046,-0.9993743503000143,0.9998435753406666,0.01768685528840119,-0.7008256362004742,-0.713332620622526,0.9255626992869057,-0.3785943603498829,-0.8302392306889271,-0.5574072297925984,0.8824418478836433,-0.47042149728057797,-0.857444312267735,-0.5145767691605511,0.8702231809026209,-0.49265770614060683,0.8639032660375254,0.5036577676654025,0,1,0,0,99,0
1701824100,12,6,2,535,19.0,0.5,92,0,0,1,0,0,0,0,0.8011706755616272,0.5984359185578068,-0.448087090553942,-0.8939899100543045,0.973136657940267,-0.23022824538454828,-0.7842921156637201,-0.6203917127974276,0.9001088025337347,-0.43566517373010916,-0.8472500143789049,-0.5311943270922096,0.8749840933103326,-0.4841516667883063,-0.8614382353913443,-0.5078623500574214,0.8682921023645849,-0.4960532481208941,0.8648853242253837,0.5019694970210371,0,1,0,0,99,0
1701824160,12,6,2,536,19.0,0.5,92,0,0,1,0,0,0,0,0.9364408251331382,-0.35082557065294895,-0.8218350110128397,-0.5697255608391865,0.8859248164599484,-0.4638288688518717,-0.8555199789753223,-0.5177697997895051,0.8711400001691764,-0.4910347239302405,-0.8634334728079056,-0.504462722145928,0.8673127239196736,-0.4977636376102979,-0.8653795807650819,-0.5011169336540635,0.8663477747573614,-0.4994412209389292,0.8658640831386093,0.5002793115156127,0,1,0,0,99,1
1701824220,12,6,2,537,19.0,0.5,92,0,0,1,0,0,0,0,0.21075159869536877,-0.9775396481203953,-0.9943690582777592,-0.10597252445706083,0.7436304607992672,-0.6685908597726038,-0.9133977391510787,-0.40706826222845977,0.8387694147465261,-0.5444867940416647,-0.8787738031034109,-0.47723851791234084,0.8594296125664803,-0.5112540865790997,-0.8692681078295407,-0.49434093165592724,0.8643902277489974,-0.5028215728984153,0.8668395390435346,0.4985872175966732,0,1,0,0,99,0
1701824280,12,6,2,538,19.0,0.5,92,0,0,1,0,0,0,0,-0.708701675652129,-0.7055082812610101,-0.9234468802429867,0.3837262818331512,0.5551007648016929,-0.8317831092998796,-0.9570222331011646,-0.2900145605828441,0.8031234527091224,-0.5958126548744814,-0.8932560256932167,-0.44954829836488014,0.8513366837993298,-0.5246197201950761,-0.8731035792490706,-0.48753475763525,0.862419491209252,-0.5061942524193405,0.8678116882190918,0.4968932217190427,0,1,0,0,99,0
1701824340,12,6,2,539,19.0,0.5,92,0,0,1,0,0,0,0,-0.9765778977502884,0.21516414577161172,-0.6264326995888658,0.7794755114086689,0.3320575918356115,-0.943259113766909,-0.9857127151880788,-0.16843527871721392,0.7643413107758908,-0.6448118800405224,-0.9068659989327317,-0.4214191025330233,0.8430359133907117,-0.5378572754304699,-0.8768857609262651,-0.4806988270058135,0.8604355952091398,-0.5095592080387649,0.8687805269568273,0.4951973303448006,0,1,0,0,99,0
1701824460,12,6,2,541,19.0,0.5,92,0,0,1,0,0,0,0,0.6020480068859135,0.7984598909179464,0.3174429941596235,0.9482773568207633,-0.16081455652277984,-0.9869846393994092,-0.9967408488166343,0.08067019462165342,0.677985916291167,-0.7350748923142639,-0.9314169024433323,-0.36395405457676666,0.8258190039520665,-0.5639352557799668,-0.8842893349407667,-0.46693936663127533,0.8564284461153995,-0.5162657423114207,0.8707082583481739,0.491799886990928,0,1,0,0,99,0
1701824520,12,6,2,542,19.0,0.5,92,0,0,1,0,0,0,0,0.9971687571041068,-0.07519620904973118,0.7332108186087175,0.6800013937302882,-0.3999991289176214,-0.916515519162193,-0.9789064100214568,0.2043091784989199,0.630749879707115,-0.7759862042906819,-0.9423338591737755,-0.33467431609649856,0.8169070681835537,-0.5767693143291786,-0.8879102754020753,-0.46001667669271595,0.8544052541659362,-0.5196072186311907,0.8716671436480758,0.49009834797151136,0,1,0,0,99,1
1701824580,12,6,2,543,19.0,0.5,92,0,0,1,0,0,0,0,0.47549715072011806,-0.8797172612021713,0.9694630630411277,0.24523737357693737,-0.6143136928406621,-0.7890619030142494,-0.9457964641016188,0.32475998597868444,0.5810507783409793,-0.8138673067456035,-0.9523306428823981,-0.30506777382607664,0.8077956962704359,-0.5894625629223299,-0.8914770223966318,-0.4530659097072247,0.8523690250435033,-0.5229407663840979,0.8726227038027654,0.4883949393758611,0,1,0,0,99,0
1701824640,12,6,2,544,19.0,0.5,92,0,0,1,0,0,0,0,-0.48334434316848646,-0.8754303204293443,0.9683569384347241,-0.24956930858045798,-0.7904332067228887,-0.6125482394960996,-0.8979276806892913,0.4401430224960407,0.5290826861200238,-0.8485702747846052,-0.9613974918795568,-0.27516333805159693,0.7984871126234903,-0.6020119026848236,-0.8949893582285835,-0.4460874899137928,0.850319789818452,-0.5262663347043051,0.8735749351670712,0.4866896677019633,0,1,0,0,99,0
1701824700,12,6,2,545,18.9,0.5,92,0,0,1,0,0,0,0,-0.9978012770046274,-0.06627678030754695,0.7301632626705986,-0.683272719963432,-0.9174074122121076,-0.39794929327526646,-0.8360470361394945,0.5486577743569909,0.4750485373322441,-0.8799595940601451,-0.9695255525410729,-0.24499020994710669,0.7889835897999105,-0.6144142698753396,-0.8984470685230543,-0.43908184323919636,0.8482575797595906,-0.5295838728477311,0.8745238341085196,0.48498253945491115,0,1,0,0,99,0
1701824760,12,6,2,546,18.9,0.5,92,0,0,1,0,0,0,0,-0.5948843183590627,0.8038113259779768,0.3132001548706699,-0.9496871395301657,-0.9873416682005692,-0.15860778743465642,-0.7611201572139107,0.6486109051524434,0.4191593341723149,-0.9079126899521901,-0.9767068879536455,-0.2145778530601538,0.7792874479484941,-0.6266666366338032,-0.9018499422392295,-0.4320493972719999,0.8461824263337073,-0.5328933301928258,0.8754693970073499,0.4832735611468799,0,1,0,0,99,0
1701824820,12,6,2,547,18.9,0.5,92,0,0,1,0,0,0,0,0.35496653913623116,0.9348790061252026,-0.18044527407887062,-0.9835850258430133,-0.9958878013719752,0.0905951824243062,-0.6743162527982304,0.7384426797065248,0.3616333227825357,-0.9323204062194833,-0.9829344856651138,-0.18395596454113236,0.7694010542432121,-0.6387660117205939,-0.9051977716832366,-0.4249905812364588,0.8440943612050903,-0.5361946562413418,0.876411620256527,0.4815627392971025,0,1,0,0,99,0
1701824880,12,6,2,548,18.9,0.5,92,0,0,1,0,0,0,0,0.9784627975617406,0.20642323945634647,-0.6299114066849614,-0.7766669941024745,-0.9425144545582509,0.33416538263076073,-0.5769898687885426,0.8167513032223337,0.30269514100631545,-0.953087431252331,-0.9882022645319962,-0.1531544461445194,0.7593268223052967,-0.6507094412468135,-0.9084903525208217,-0.4179058259663213,0.8419934162350443,-0.5394878006191052,0.8773505002617554,0.4798500804318443,0,1,0,0,99,0
1701824940,12,6,2,549,18.9,0.5,92,0,0,1,0,0,0,0,0.7023648723213674,-0.7118171015991323,-0.925153258006243,-0.37959379499727586,-0.8305401239546696,0.5569587978489631,-0.47065975085566697,0.8823147958209029,0.2425749411822016,-0.9701326702623984,-0.9925050806576252,-0.12220337503031901,0.7490672116139909,-0.6624940093954363,-0.9117274837898209,-0.41079556387853294,0.8398796234814049,-0.5427727130767847,0.8782860334414936,0.4781355910843782,0,1,0,0,99,0
1701825000,12,6,2,550,18.9,0.5,92,0,0,1,0,0,0,0,-0.219484077409708,-0.9756160821571205,-0.9938853259197261,0.11041720391967796,-0.6669268310993051,0.7451232126030157,-0.3569851449269173,0.9341100611285096,0.1815074914039231,-0.9833895619561226,-0.995838732415074,-0.09113297439422614,0.7386247269061015,-0.6741168391331631,-0.9149089679124266,-0.4036602289468439,0.8377530151980487,-0.5460493434906575,0.8792182162269665,0.47641927779496,0,1,0,0,99,1
1701825060,12,6,2,551,18.9,0.5,92,0,0,1,0,0,0,0,-0.9395403785729803,-0.3424381360639331,-0.8192796030855196,0.5733942203824812,-0.4618472580937981,0.8869594749430442,-0.2377399052083556,0.9713288513534034,0.1197312587560086,-0.9928063384551399,-0.9981999645499743,-0.05997358395518874,0.7280019175645037,-0.6855750929128083,-0.9180346107072457,-0.39650025667532157,0.8356136238344016,-0.5493176418633751,0.8801470450621802,0.47470114711080325,0,1,0,0,99,0
1701825120,12,6,2,552,18.9,0.5,92,0,0,1,0,0,0,0,-0.7957875885887045,0.6055758530920589,-0.4440856600409099,0.8959843338731037,-0.2280522595008612,0.9736488930495181,-0.11478481378318722,0.9933903797222716,0.057487478104924564,-0.9983462274487422,-0.9995864713592172,-0.028755630329187164,0.7172013769957456,-0.6968659733660458,-0.9211042214011522,-0.38931608407176954,0.8334614820349437,-0.5525775583247253,0.8810725164039352,0.4729812055860543,0,1,0,0,99,1
1701825180,12,6,2,553,18.9,0.5,92,0,0,1,0,0,0,0,0.07960864038153331,0.9968261956713436,0.03983594061056201,0.9992062338855137,0.01992192403467051,0.9998015387779501,0.009961456270293016,0.9999503834635872,-0.004980789917915772,-0.9999875957889646,-0.9999968989424328,0.002490402681839968,0.7062257419969057,-0.7079867239863471,-0.9241176126409308,-0.3821081496210549,0.831296622638711,-0.5558290431323939,0.8819946267218395,0.4712594597817672,0,1,0,0,99,1
1701825240,12,6,2,554,18.9,0.0,92,0,0,1,0,0,0,0,0.8818130525190443,0.47159913104992585,0.5140043136735694,0.8577875993070563,0.2666574588239974,0.9637913672852274,0.13455228113037063,0.9909064959130168,-0.06742960806271654,-0.9977240339675638,-0.9994308465240513,0.033734003856911096,0.6950776921118563,-0.7189346298019421,-0.9270746005047118,-0.3748768932583455,0.8291190786787943,-0.5590720466727229,0.8829133724983225,0.46953591626587904,1,0,0,0,99,1
1701825300,12,6,2,555,19.0,0.0,92,0,0,1,0,0,0,0,0.873282610859792,-0.4872139997679717,0.8623265042221454,0.5063526440298443,0.4968135243580612,0.8678573166223363,0.2570434626455842,0.9663998439109809,-0.1296151150310394,-0.9915643811450119,-0.9978888668446532,0.06494466434969119,0.6837599489770912,-0.729707018038641,-0.9299750045131969,-0.3676227563422584,0.8269288833818355,-0.5623065194614685,0.8838287502286483,0.4678105816131843,1,0,0,0,99,2
1701825360,12,6,2,556,19.0,0.0,92,0,0,1,0,0,0,0,0.061860164125145584,-0.9980848261016746,0.99952109184891,0.030944901828293042,0.6960801312247417,0.717964101410472,0.375523566896625,0.926812845565509,-0.1912944777489552,-0.9815326906337631,-0.9953724656212274,0.09609190747986249,0.6722752756572777,-0.7403012587723536,-0.9328186476406745,-0.3603461816279218,0.8247260701675199,-0.5655324121445553,0.884740756420929,0.4660834624053104,1,0,0,0,99,2
1701825420,12,6,2,557,19.0,0.0,92,0,0,1,0,0,0,0,-0.8064362322233966,-0.5913210662215004,0.8919980566743126,-0.45203923158200526,0.8520678469411944,0.5234313557755185,0.48814375148335226,0.8727632427455679,-0.2522268396250011,-0.9676681359705837,-0.9918841000768648,0.12714531849308558,0.6606264759706935,-0.7507147655711474,-0.9356053563258249,-0.3530476132399514,0.8225106726480671,-0.5687496754988299,0.8856493875961384,0.4643545652306921,1,0,0,0,99,2
1701825480,12,6,2,558,19.0,0.0,92,0,0,1,0,0,0,0,-0.9332988757369771,0.35910055492590737,0.5660827877060443,-0.8243483956816764,0.9550781108583937,0.2963541836370153,0.5931466160920859,0.8050944614258054,-0.3121742610900157,-0.9500248579447291,-0.9874271765413207,0.1580745742604909,0.6488163938047147,-0.7609449961266882,-0.9383349604823131,-0.3457274966453434,0.8202827246277175,-0.571958260432812,0.8865546402881246,0.4626238966845466,1,0,0,0,99,0
1701825540,12,6,2,559,19.0,0.0,92,0,0,1,0,0,0,0,-0.20209083702626568,0.9793667819514931,0.1015707094799159,-0.9948283223630832,0.9987062436880735,0.050851143728124895,0.6888936261397238,0.7248624503063064,-0.37090264874606493,-0.9286717531793207,-0.9820060471247926,0.1888494728886995,0.6368479124215218,-0.7709894528749078,-0.9410072935091703,-0.33838627862628545,0.8180422601022167,-0.5751581179874429,0.8874565110436237,0.46089146336884845,1,0,0,0,99,0
1701825660,12,6,2,561,19.0,0.0,92,0,0,1,0,0,0,0,0.9746351572706857,-0.22379971003543722,-0.7822402795929897,-0.6229768414494085,0.9008265208821864,-0.4341792017995516,0.8468114317247825,0.5318932215212224,-0.4837906460850486,-0.8751837582820029,-0.9682932815738222,0.24981617413409918,0.6124474776933533,-0.7905112820618372,-0.9461794972577448,-0.32364233185583335,0.8135239184731551,-0.5815314557890083,0.8892500929966238,0.457421328870327,1,0,0,0,99,0
1701825720,12,6,2,562,19.0,0.0,92,0,0,1,0,0,0,0,0.33827666045026744,-0.9410467050017307,-0.9851514363288851,-0.17168764515577298,0.7654043523379563,-0.6435496697397284,0.9065179727230256,0.4221672241305995,-0.5375094305542,-0.8432577376255137,-0.9600150357222312,0.27994844380214573,0.6000214813645651,-0.7999838885259333,-0.9486790522948035,-0.31624050299895706,0.8112461103139285,-0.5847048387866493,0.8901417973521548,0.4556836409250121,1,0,0,0,99,1
1701825780,12,6,2,563,19.0,0.0,92,0,0,1,0,0,0,0,-0.6090918379453792,-0.7930996992486631,-0.9468631630939771,0.32163667448795147,0.5823930483410875,-0.8129073361976602,0.9520786039497107,0.30585344840490175,-0.5891292521998455,-0.8080388135494797,-0.9507993514799744,0.3098073485656209,0.5874489983966179,-0.8092611903970253,-0.9511207048521826,-0.30881937245174135,0.8089559235371669,-0.5878692999078361,0.8910301060872848,0.4539442146851108,1,0,0,0,99,2
1701825840,12,6,2,564,19.0,0.0,92,0,0,1,0,0,0,0,-0.9964641095049708,0.08401951242696915,-0.6767497645263835,0.7362131187458456,0.363171365373259,-0.9317223617435201,0.9827823669926928,0.18476693191217952,-0.6384485367231334,-0.7696645151987259,-0.9406552278063217,0.33936373171073697,0.5747330981809134,-0.8183409227549167,-0.9535043059039945,-0.301379393161745,0.8066533930883032,-0.5910247908667855,0.8919150158133861,0.4522030567860055,1,0,0,0,99,0
1701825900,12,6,2,565,19.0,0.0,91,0,0,1,0,0,0,0,-0.46769187421537717,0.8838915718530796,-0.24094442112956296,0.9705389152046093,0.12136944589844409,-0.9926074035600907,0.9981501398988257,0.060797189243867816,-0.6852746933734428,-0.7282846933870942,-0.9295925702658919,0.36858873193093256,0.561876885122118,-0.8272208689131738,-0.9558297099675166,-0.2939210192269568,0.8043385541011188,-0.5941712635145877,0.892796523154797,0.45046017386968423,1,0,0,0,99,0
1701825960,12,6,2,566,19.0,0.0,91,0,0,1,0,0,0,0,0.4910741133562503,0.8711177963922977,0.253852519790234,0.9672429364932829,-0.12797863787897792,-0.9917769246391254,0.9979421137117938,-0.06412127322844811,-0.7294248670111433,-0.6840609354332229,-0.9176221813560369,0.3974538115094489,0.5488834978802656,-0.8358988609602985,-0.9580967751120705,-0.2864447058680798,0.8020114418972087,-0.5973086698399414,0.8936746247488349,0.4487155725847157,1,0,0,0,99,0
1701826020,12,6,2,567,19.0,0.0,91,0,0,1,0,0,0,0,0.9983488258124457,0.05744233629398255,0.6864975104492431,0.7271321531516752,-0.3693696298075444,-0.9292825601375706,0.9821615346106695,-0.1880391446779491,-0.770726652153002,-0.6371659341655245,-0.9047557499583864,0.4259307841859259,0.5357561086045003,-0.8443727802889923,-0.9603053629676844,-0.2789509094007471,0.7996720919854422,-0.6004369619698862,0.894549317245809,0.44696925958622363,1,0,0,0,99,0
1701826080,12,6,2,568,19.0,0.0,91,0,0,1,0,0,0,0,0.587746231938178,-0.8090453428841139,0.9510639681125854,0.3089940590981371,-0.5877950071674065,-0.8090099069535975,0.9510546532543747,-0.3090227281660707,-0.8090187662119065,-0.587782813560387,-0.8910058399248534,0.45399184267980686,0.5224979221586403,-0.8526405581133842,-0.9624553387335394,-0.27144008720767066,0.7973205400614205,-0.6035560921705327,0.8954205973090336,0.4452212415358611,1,0,0,0,99,0
1701826140,12,6,2,569,19.0,0.0,91,0,0,1,0,0,0,0,-0.36322753704942956,-0.9317004649183155,0.9827767968664898,-0.18479655716717844,-0.7696741379204508,-0.6384369361310566,0.9051068821225083,-0.42518411533648776,-0.8441516793019155,-0.5361044136469649,-0.8763858778092459,0.4816095858436764,0.5091121753387575,-0.8607001759740951,-0.964546571186196,-0.2639126977107249,0.794956822006933,-0.6066660128477922,0.8962884616148398,0.4434715251017859,1,0,0,0,99,1
1701826260,12,6,2,571,19.0,0.0,91,0,0,1,0,0,0,0,-0.6960368448325855,0.718006065876535,0.3754956285520944,-0.9268241650595153,-0.9815355737464423,-0.1912796838930951,0.7717770675179119,-0.6358931970491998,-0.9044040018291604,-0.4266771630582074,-0.8445937375620919,0.535407712375248,0.481971102673569,-0.8761871125436759,-0.9685522991928923,-0.24881005552059607,0.790193031961367,-0.6128580359591461,0.8980139297246859,0.4399670237874959,1,0,0,0,99,0
1701826320,12,6,2,572,19.0,0.0,91,0,0,1,0,0,0,0,0.22811095911894086,0.9736351423042602,-0.11481475884166603,-0.9933869191569467,-0.9983453608739179,0.05750252534912421,0.6864755912087755,-0.7271528468448447,-0.9292881272363391,-0.36935562345465606,-0.8274526039159754,0.5615355627853609,0.4682224029318968,-0.8836106503390961,-0.9704665502579407,-0.24123572461485038,0.7877930326598638,-0.6159400439105862,0.8988715269465893,0.43821225227588845,1,0,0,0,99,0
1701826380,12,6,2,573,19.0,0.0,91,0,0,1,0,0,0,0,0.9425345992440989,0.3341085590459571,-0.5770144889662836,-0.8167339098647604,-0.9530828688694285,0.3027095060740904,0.5904618928965313,-0.8070655196680411,-0.9505434023936101,-0.31059175804579786,-0.8095034768442313,0.5871150832478255,0.4543593934058008,-0.8908184672669919,-0.9723215690467305,-0.233646669923849,0.7853810126059354,-0.619012653374772,0.8997256952468269,0.4364558091177319,1,0,0,0,99,1
1701826440,12,6,2,574,19.0,0.5,91,0,0,1,0,0,0,0,0.7903962755452384,-0.6125958925786359,-0.8979409481081247,-0.4401159548467677,-0.8485623002604958,0.529095475861036,0.48523423423072903,-0.8743842049868684,-0.9680868259063513,-0.2506150384684961,-0.7907638833648436,0.6121212957950017,0.4403854585502332,-0.8978088036422348,-0.9741172423384761,-0.22604335464437486,0.7829570086040404,-0.6220758174674632,0.9005764313670059,0.43469770101332306,0,1,0,0,99,1
1701826500,12,6,2,575,19.1,0.5,91,0,0,1,0,0,0,0,-0.08842873879073523,-0.9960825056971334,-0.999020146367713,0.044257735498252376,-0.6912822377660761,0.7225848515912344,0.37243465763054706,-0.9280584172322436,-0.9818498910811784,-0.1896596725291863,-0.771252122372829,0.6365297822846995,0.42630400990097467,-0.9045799528744541,-0.9758534605345349,-0.21842624284360365,0.7805210576414975,-0.6251294894485447,0.9014237320618269,0.4329379346693099,0,1,0,0,99,1
1701826560,12,6,2,576,19.1,0.5,91,0,0,1,0,0,0,0,-0.8859527784925297,-0.4637754567475154,-0.8555043707508208,0.5177955886508133,-0.49102159389846933,0.8711474010323434,0.25382336276203626,-0.9672505882738824,-0.9917788534431158,-0.12796368962740468,-0.7509872467716762,0.6603167082440802,0.4121184852417566,-0.9111302618846769,-0.977530117665097,-0.2107957994307797,0.7780731968879212,-0.6281736227227391,0.9022675940990952,0.4311765167986662,0,1,0,0,99,1
1701826620,12,6,2,577,19.1,0.5,91,0,0,1,0,0,0,0,-0.8689359194288628,0.4949246083256689,-0.5025312884161199,0.8645590229491764,-0.2602316055466972,0.96554622441113,0.1312512392110452,-0.9913491373908412,-0.9978349406066219,-0.06576801125607637,-0.7299890448685091,0.6834588461436152,0.3978323477649755,-0.917458131508903,-0.9791471113956531,-0.20315249012884015,0.7756134636946551,-0.6312081708403179,0.9031080142597334,0.42941345412066567,0,1,0,0,99,1
1701826680,12,6,2,578,19.1,0.5,91,0,0,1,0,0,0,0,-0.053023383345603574,0.998593270966005,-0.026521020285755953,0.9996482558795381,-0.013261676373330016,0.9999120601031718,0.006630983970279104,-0.9999780147841181,-0.9999945036809248,-0.0033155102082415536,-0.7082780210511411,0.705933598078374,0.38344908522620447,-0.9235620168885179,-0.9807043430332401,-0.1954967814459897,0.7731418955942013,-0.6342330874978104,0.9039449893377943,0.42764875336085667,0,1,0,0,99,1
1701826740,12,6,2,579,19.1,0.5,91,0,0,1,0,0,0,0,0.811638606855743,0.5841598855290122,0.45598251856347943,0.8899887318188394,0.23453279960504517,0.972108206893358,-0.1180927455575532,-0.9930025697079937,-0.9982491096184343,0.05914993783600386,-0.685875375765888,0.7277190178344949,0.36897220909270734,-0.9294404278474482,-0.982201717532465,-0.1878291406472274,0.7706585302996481,-0.63724832653871,0.9047785161404723,0.42588242125103615,0,1,0,0,99,0
1701826800,12,6,2,580,19.1,0.5,91,0,0,1,0,0,0,0,0.9300838049771285,-0.3673474046720173,0.8268456339220814,0.5624289267667438,0.4677451620451334,0.8838633737085002,-0.2409736772881011,-0.9705316516498831,-0.9926055741456128,0.1213844066388201,-0.6628029848156917,0.7487938323192908,0.35440525368616455,-0.9350919292559664,-0.9836391435013062,-0.1801500357258271,0.7681634057040947,-0.6402538419541788,0.905608591488116,0.4241144645292243,0,1,0,0,99,1
1701826860,12,6,2,581,19.1,0.5,91,0,0,1,0,0,0,0,0.19341424210376837,-0.9811171851269475,0.9952681008469395,0.09716690504758436,0.6718753957961311,0.7406641968691292,-0.3600942953803009,-0.9329159117704899,-0.9830859351477087,0.18314487193136209,-0.6390833779987701,0.7691374623340622,0.33975177531981915,-0.9405151413810577,-0.9850165332066914,-0.17245993537477364,0.7656565598800724,-0.6432495878837492,0.9064352122142402,0.42234488993963853,0,1,0,0,99,1
1701826920,12,6,2,582,19.1,0.5,91,0,0,1,0,0,0,0,-0.7210794829843191,-0.6928523502298791,0.9200142254959646,-0.3918849638415085,0.8342316716121213,0.5514141076171752,-0.47359576242974594,-0.8807423311097222,-0.9697273666112869,0.2441901604183487,-0.6147397171086522,0.7887300426693371,0.3250153514302539,-0.9457087402232617,-0.9863338025798521,-0.16475930895815624,0.7631380310789642,-0.6462355186160244,0.907258375165538,0.42057370423266816,0,1,0,0,99,0
1701826980,12,6,2,583,19.1,0.5,91,0,0,1,0,0,0,0,-0.9726160568450356,0.23241774021622025,0.6195087811257318,-0.7849897261162786,0.9447194626227086,0.32787975988441354,-0.579706926004678,-0.8148250609438855,-0.9525820334606059,0.3042818915546195,-0.5897957733170781,0.8075524415029093,0.31019957970401146,-0.9506714578399073,-0.9875908712214556,-0.15704862648252085,0.760607857730421,-0.6492115885893748,0.9080780772018932,0.41880091416484827,0,1,0,0,99,1
1701827040,12,6,2,584,19.1,1.0,91,0,0,1,0,0,0,0,-0.32993391349118173,0.9440040321568512,0.16732598101183924,-0.9859016259639831,0.9964691731217737,0.08395943674184847,-0.6767719568873076,-0.7361927182273159,-0.9317168878547055,0.36318540841606234,-0.5642759039618552,0.8255862790817391,0.29530807719927077,-0.9554020826546641,-0.9887876624065108,-0.14932835856818344,0.7580660784417752,-0.6521777523926344,0.9088943151963913,0.41702652649883415,0,0,1,0,99,2
1701827100,12,6,2,585,19.2,1.0,92,0,0,1,0,0,0,0,0.616087948358266,0.7876773704301162,-0.32582405495135236,-0.9454304232544339,0.9862632567561346,-0.16518107752640138,-0.7632761877349513,-0.6460723343688377,-0.9072134077406588,0.4206706940298802,-0.5382050287623295,0.8428139456694699,0.2803444794627942,-0.95989945975333,-0.9899241030890525,-0.1415989764205058,0.7555127319974514,-0.6551339647657929,0.9097070860353328,0.4152505480033754,0,0,1,0,99,1
1701827160,12,6,2,586,19.2,1.0,92,0,0,1,0,0,0,0,0.9956813917222668,-0.09283623310976193,-0.739200998751274,-0.6734848798934681,0.9147362679738538,-0.40405143243560715,-0.8378697489573207,-0.5458702078170199,-0.8791672786839316,0.4765132695859477,-0.5116086054857034,0.859218618742037,0.2653124396423611,-0.9641624911657881,-0.9910001239065988,-0.13386095180113555,0.752947857358375,-0.6580801806006866,0.9105163866182439,0.4134729854532902,0,0,1,0,99,0
1701827220,12,6,2,587,19.2,1.0,92,0,0,1,0,0,0,0,0.4598499553568124,-0.8879966320647492,-0.9715957575207781,-0.2366467493282453,0.7863354085020734,-0.6177998262672768,-0.8993886329800029,-0.4371499592432345,-0.8476880202182978,0.5304950710217605,-0.48451260508795824,0.8747842794145767,0.2502156275949039,-0.9681901361340594,-0.9920156591843848,-0.12611475699921215,0.7503714936613771,-0.6610163549416868,0.9113222138578887,0.4116938456294394,0,0,1,0,99,0
1701827280,12,6,2,588,19.2,1.0,92,0,0,1,0,0,0,0,-0.49876540925697305,-0.8667370227056902,-0.9661099892625297,0.2581307588164473,0.6090440218832924,-0.7931364191664784,-0.9468728581933475,-0.32160813176404734,-0.8128985581744033,0.582405300557933,-0.4569434863536556,0.889495728083596,0.23505772899056523,-0.9719814113663893,-0.9929706469393719,-0.11836086480254095,0.7477836802185981,-0.6639424429863854,0.9121245646802812,0.4099131353187006,0,0,1,0,99,0
1701827340,12,6,2,589,19.2,1.0,92,0,0,1,0,0,0,0,-0.9988181567744302,-0.04860339183359195,-0.7240868013690044,0.6897088545779327,0.39388522784059016,-0.9191596310157264,-0.9795814491444105,-0.20104771695330634,-0.7749347446570279,0.6320412498590158,-0.42892817005938433,0.9033385992691267,0.21984244441289458,-0.9755353912773044,-0.9938650288840292,-0.11059974846873663,0.745184456516887,-0.666858400086279,0.9129234360246973,0.40813086131394244,0,0,1,0,99,1
1701827400,12,6,2,590,19.2,1.0,92,0,0,1,0,0,0,0,-0.5805620972394064,0.8142159733442853,-0.30478191109030295,0.9524221683015063,0.15423655808285816,-0.988033948885742,-0.9970039992110719,-0.07735001976165862,-0.7339448275455243,0.6792090916052071,-0.40049401268607804,0.9162993756423735,0.2045734884554038,-0.9788512082135807,-0.9946987504298929,-0.1028318816963379,0.7425738622171999,-0.6697641817474499,0.9137188248436852,0.40634703041399856,0,0,1,0,99,1
1701827460,12,6,2,591,19.2,1.0,92,0,0,1,0,0,0,0,0.37146007709824136,0.9284489275787703,0.18914422066406064,0.9819493183405064,-0.09500179382383689,-0.995477101278705,-0.9988686353266643,0.04755469861798596,-0.6900888715890201,0.7237246363838894,-0.3716687797058764,0.9283654012251559,0.1892545888147023,-0.9819280526660688,-0.9954717606908969,-0.09505773859589553,0.7399519371539937,-0.672659743631245,0.9145107281030783,0.40456164942364164,0,0,1,0,99,1
1701827520,12,6,2,592,19.2,1.0,92,0,0,1,0,0,0,0,0.9819635696276799,0.18907021955893671,0.6367612505645516,0.7710610285700272,-0.3383333943242765,-0.9410263090291437,-0.9851462604682474,0.17171734183077755,-0.6435381333569995,0.7654140519453434,-0.34248061846961253,0.939524893748256,0.17388948538043356,-0.9847651734673236,-0.9961840124864793,-0.08727779366103493,0.737318721334619,-0.6755450415549525,0.9152991427820066,0.40277472515355744,0,0,1,0,99,1
1701827580,12,6,2,593,19.2,1.0,92,0,0,1,0,0,0,0,0.6896542847984488,-0.7241387763813923,0.9284769185018528,0.37139010731211436,-0.5606290630567977,-0.8280670586710095,-0.9560510077059198,0.2932003933566516,-0.5944743924860635,0.8041145420139632,-0.31295803072140266,0.9497669561566046,0.15848192932223448,-0.9873618779749916,-0.9968354623444613,-0.0794925217394956,0.7346742549387094,-0.6784200314924761,0.9160840658729078,0.400986264420319,0,0,1,0,99,0
1701827640,12,6,2,594,19.2,1.0,92,0,0,1,0,0,0,0,-0.23671996897079078,-0.9715779208537356,0.992869055025318,-0.11921006489861569,-0.7480675320111867,-0.6636226092823331,-0.9120368987278785,0.4101081508076052,-0.5430892418343393,0.8396749820042292,-0.2831298447671764,0.9590815872500705,0.1430356821739413,-0.9897175322409093,-0.9974260705037014,-0.07170239800414888,0.7320185783175687,-0.6812846695750063,0.9168654943815386,0.3991962740463603,0,0,1,0,99,0
1701827700,12,6,2,595,19.1,1.0,92,0,0,1,0,0,0,0,-0.9454549749583542,-0.3257528055543003,0.8141722193597312,-0.5806234556258039,-0.8889947850313308,-0.4579173202523552,-0.853790758983826,0.5206163077294279,-0.4895833393154694,0.8719565091589797,-0.2530251873243257,0.9674596914494629,0.12755451491526504,-0.9918315611658722,-0.9979558009165216,-0.06390789792399577,0.7293517319935546,-0.6841389120916908,0.9176434253269868,0.39740476085995075,0,0,1,0,99,0
1701827760,12,6,2,596,19.1,1.0,92,0,0,1,0,0,0,0,-0.7849430371582153,0.6195679368857272,0.43613762914604876,-0.8998799744648526,-0.9746486480944947,-0.22374095013558368,-0.7822215000035424,0.6230004212937645,-0.4341656243337532,0.9008330648055067,-0.22267345507995925,0.9748930876782097,0.11204220705116075,-0.9937034486400381,-0.998424621250908,-0.05610949723514686,0.7266737566594609,-0.6869827154903001,0.9184178557416826,0.3956117316951685,0,0,1,0,99,0
1701827820,12,6,2,597,19.1,1.0,92,0,0,1,0,0,0,0,0.09724190905490493,0.9952607754369492,-0.04867866351416559,-0.998814491143613,-0.9997035788531551,0.024346548588937242,-0.6984459361364568,0.715662821651697,-0.37705250188024414,0.9261918866119744,-0.19210428598553647,0.9813745173510403,0.09650254568911575,-0.9953327376689265,-0.9988325028924836,-0.048307671911785734,0.7239846931778965,-0.6898160363778933,0.9191887826714089,0.39381719339187476,0,0,1,0,99,0
1701827880,12,6,2,598,19.1,1.0,92,0,0,1,0,0,0,0,0.8900230925369855,0.45591544693166575,-0.5215767216183704,-0.8532043855172293,-0.9626017830643233,0.2709202968427898,-0.6037713570372523,0.7971575430373816,-0.3184669974758911,0.9479339489219124,-0.16134753031591095,0.9868976514618708,0.08093932461458155,-0.9967190304849884,-0.9991794209462554,-0.04050289813711804,0.7212845825806614,-0.6926388315214799,0.9199562031753141,0.3920211527956879,0,0,1,0,99,0
1701827940,12,6,2,599,19.1,1.0,92,0,0,1,0,0,0,0,0.864521149292347,-0.5025964409207844,-0.866774607646297,-0.4987000897730096,-0.8656500706905215,0.5006495332200912,-0.4996751278480393,0.8662128875802101,-0.2586378862616515,0.9659743494472848,-0.13043322152104356,0.9914570967639711,0.06535634336477557,-0.9978619886447151,-0.9994653542381334,-0.0326956522743077,0.7185734660681216,-0.6954510578486787,0.9207201143259223,0.39022361675795675,0,0,1,0,99,0
1701828060,12,6,2,601,19.1,1.0,92,0,0,1,0,0,0,0,-0.816777391867125,-0.576952937538875,-0.8879619748443272,0.4599168742616023,-0.519655234621185,0.8543760513560765,-0.26983694024718285,0.9629060315929266,-0.13618731293162617,0.9906831056379549,-0.06825281811780774,0.9976680574314172,0.034146321680254645,-0.9994168443225823,-0.9998542004518914,-0.017075650462248376,0.7131183809376422,-0.7010436325713798,0.9222373969242897,0.38662408579175467,0,0,1,0,99,0
1701828120,12,6,2,602,19.1,1.0,92,0,0,1,0,0,0,0,-0.9267958647454188,0.3755654737736039,-0.5587640495890891,0.8293266768209027,-0.29212439403368673,0.9563803314636136,-0.1476815298816789,0.9890349668903556,-0.07404401768422757,0.9972549741391004,-0.0370474416181442,0.9993135078990728,0.01852690072471944,-0.9998283622450087,-0.9999570896406027,-0.00926384787740154,0.7103744955575902,-0.7038238956310728,0.9229907625840772,0.38482210459440036,0,0,1,0,99,0
1701828180,12,6,2,603,19.1,1.0,92,0,0,1,0,0,0,0,-0.18472249371488758,0.9827907205075521,-0.09276119741693704,0.9956883851154316,-0.046430673506683055,0.9989215147136015,-0.02322159863573769,0.9997303423207684,-0.011611582132328728,0.9999325833076869,-0.0058058889204457365,0.9999831456848878,0.0029029566920853495,-0.9999957864123448,-0.9999989466025314,-0.001451479875027901,0.7076197707367382,-0.7065934192040612,0.9237406073146458,0.38301865541768254,0,0,1,0,99,0
1701828240,12,6,2,604,19.1,1.0,92,0,0,1,0,0,0,0,0.7271838861456853,0.6864427111784778,0.39595283104274065,0.9182708508872743,0.20214988141565363,0.9793545963764285,0.1016006978902495,0.9948252601277343,0.050866196399306694,0.9987054771372125,0.025441333129256026,0.9996763168989281,-0.012721696055790868,-0.9999190759503811,-0.9999797687829443,0.006360976718196107,0.7048542485087977,-0.7093521610308227,0.9244869282555656,0.3812137451412117,0,0,1,0,99,0
1701828300,12,6,2,605,18.9,1.0,92,0,0,1,0,0,0,0,0.9705207546642247,-0.24101756111533412,0.7877237971254055,0.6160285865463817,0.4381617358086043,0.8988961526634714,0.22483754950689241,0.9743962624783286,0.11314534352254951,0.9935784474510124,0.056663712148903436,0.9983933211542965,-0.0283432429840298,-0.9995982495868769,-0.9998995573523565,0.01417304507018692,0.7020779710722354,-0.7121000790163511,0.9252297225598493,0.37940738065017193,0,0,1,0,99,0
1701828360,12,6,2,606,18.9,1.0,92,0,0,1,0,0,0,0,0.3215653171302501,-0.9468873992291383,0.9866325048439105,0.1629610394708834,0.6469308156708554,0.7625486999106625,0.3445658863623454,0.9387621370482149,0.17498266050066957,0.984571515190292,0.08783076001523608,0.9961354112745646,-0.043957870315993346,-0.9990333856469874,-0.9997583172064605,0.02198424837255722,0.699290980789629,-0.7148371312307991,0.925968987393962,0.3775995688352947,0,0,1,0,99,0
1701828420,12,6,2,607,18.9,1.0,92,0,0,1,0,0,0,0,-0.6230357899988372,-0.7821933292866443,0.9439791653650637,-0.33000505353202975,0.8154768707731783,0.5787896623420162,0.458917387804158,0.8884789424465883,0.23613667393419815,0.9717198522327791,0.11891204263492582,0.9929047920704127,-0.059561765964363605,-0.9982246220341424,-0.9995560569658268,0.029794109869717856,0.6964933201870217,-0.7175632759101171,0.9267047199378335,0.3757903165928327,0,0,1,0,99,0
1701828540,12,6,2,609,18.9,1.0,92,0,0,1,0,0,0,0,-0.451972008536893,0.8920321202171627,0.23234444235104618,-0.9726335692893708,0.9931348270223361,0.11697527668406932,0.6644639656580071,0.7473203050513445,0.3554431705270587,0.9346978937205712,0.1806960241392001,0.9835389910218535,-0.09072212789101262,-0.9958762450781355,-0.9989685293036351,0.04540790086463162,0.6908661589394028,-0.7229826764399793,0.9281655769419537,0.3721675184376121,0,0,1,0,99,0
1701828660,12,6,2,611,18.9,1.0,92,0,0,1,0,0,0,0,0.9992092331198094,0.03976063943301937,-0.6929066894492291,-0.7210272669715825,0.9276387408284494,-0.3734787363615347,0.8286973924061589,0.5596969106750838,0.46920309532489035,0.883090287194657,0.24177439153614155,0.9703324912612833,-0.12179390119935532,-0.9925554118691015,-0.998137117802234,0.06101060617179,0.6851968307822979,-0.7283579498336618,0.9296122712813288,0.3685390414639528,0,0,1,0,99,2
1701828720,12,6,2,612,18.9,1.0,92,0,0,1,0,0,0,0,0.5733324771196631,-0.8193228122540169,-0.9537617134939987,-0.3005637933500832,0.8064005807754863,-0.5913696841443247,0.8920116826993705,0.45201234267200896,0.523444198233198,0.8520599575945371,0.2719743024675887,0.9623045145884273,-0.13728708135067327,-0.9905313005121108,-0.9976300167176484,0.06880661119358068,0.6823464621460344,-0.7310289362239981,0.9303303005449188,0.3667226907187513,0,0,1,0,99,0
1701828780,12,6,2,613,18.9,1.0,92,0,0,1,0,0,0,0,-0.37966351428611655,-0.9251246488554479,-0.9811026064728011,0.19348817941227325,0.6350243383476443,-0.7724921292195388,0.9414064290250888,0.33727427324097903,0.5756412627492147,0.8177023520942627,0.3019086351081543,0.9533368638876456,-0.15274674483005257,-0.9882653651443133,-0.9970620254388173,0.07659841661446647,0.6794856817422769,-0.7336887680121819,0.9310447808811835,0.364904941037949,0,0,1,0,99,0
1701828840,12,6,2,614,18.9,1.0,92,0,0,1,0,0,0,0,-0.9835986215652434,-0.1803711497300862,-0.7682353642374472,0.6401674977183369,0.42416535825174545,-0.9055847552047066,0.9761108428874015,0.21727315158032454,0.6255904604530329,0.7801516364080526,0.3315481590900087,0.9434382959176643,-0.16816911738237747,-0.9857581589613307,-0.9964331786330006,0.08438554686280492,0.6766145332230143,-0.7363374046124525,0.9317557095645973,0.36308579935570845,0,0,1,0,99,0
1701828900,12,6,2,615,19.1,1.0,91,0,0,1,0,0,0,0,-0.683217692274733,0.7302147526329418,-0.3672773116917639,0.9301114859609416,0.18693383059127952,-0.9823725072397287,0.995583373515179,0.09388155505814576,0.6730967407965419,0.7395544452770687,0.3608639319209744,0.9326184764621246,-0.1835504338565772,-0.9830102940615943,-0.9957435146817665,0.09216752665230203,0.6737330603984407,-0.7389748056098739,0.9324630838831836,0.3612652726115022,0,0,1,0,99,1
1701828960,12,6,2,616,19.1,1.0,91,0,0,1,0,0,0,0,0.24531043247334874,0.9694445789831095,0.12360303600011291,0.9923317436681922,-0.06192033725605731,-0.9980810948185003,0.9995201585807313,-0.03097503173121646,0.7179745927716441,0.6960693098638897,0.3898273272463786,0.9208879708911095,-0.1988869391248336,-0.9800224412969096,-0.9949930756786476,0.09994388101102124,0.6708413072362862,-0.7416009307609522,0.9331669011385242,0.35944336775008645,0,0,1,0,99,1
1701829020,12,6,2,617,19.1,1.0,91,0,0,1,0,0,0,0,0.9483012769124547,0.3173715302389422,0.584221049672578,0.811594581746004,-0.3069245984390922,-0.9517338340486808,0.9878597658698022,-0.15534826351028058,0.7600487693267718,0.6498660386917136,0.4184100628022027,0.9082582338442392,-0.2141748889993418,-0.9767953301086771,-0.9941819074265729,0.10771413531037331,0.6679393178611462,-0.7442157399942483,0.9338671586457702,0.35762009172147446,0,0,1,0,99,1
1701829080,12,6,2,618,19.1,1.0,91,0,0,1,0,0,0,0,0.7794283006736524,-0.6264914397731085,0.9018013749637745,0.43215076086181514,-0.5328457746563188,-0.8462123731256284,0.9607841519107266,-0.27729733759483854,0.7991549717028728,0.6011250545457083,0.4465842280322334,0.8947415980454101,-0.2294105511463999,-0.9733297483498103,-0.9933100594350714,0.11547781529408518,0.6650271365538082,-0.7468191934109906,0.9345638537336522,0.3557954514809102,0,0,1,0,99,1
1701829140,12,6,2,619,19.1,1.0,91,0,0,1,0,0,0,0,-0.10604746068673451,-0.9943610692710649,0.9985892722413617,-0.0530986380660329,-0.7256371814019844,-0.6880775254046476,0.9187158226036622,-0.39491927947072447,0.8351404910165487,0.5500366899258974,0.4743223113422468,0.8803512622600985,-0.24459020599760484,-0.969626542092392,-0.9923775849172511,0.12323444710714614,0.6621048077505758,-0.749411251285683,0.9352569837444902,0.3539694539888414,0,0,1,0,99,1
1701829260,12,6,2,621,19.1,1.0,91,0,0,1,0,0,0,0,-0.8600386463351707,0.5102288964866329,0.4948591231418125,-0.8689732149170747,-0.966688474876233,-0.25595584099891655,0.7924505792158009,-0.6099361273941245,0.8972001246639806,0.4416242025783208,0.528382341407091,0.8490065378365236,-0.27476668481047367,-0.9615109302125805,-0.9903309876532644,0.13872467298108784,0.6562298861751544,-0.7545610223769472,0.9366325379723223,0.35031341511784325,0,0,1,0,99,2
1701829320,12,6,2,622,19.1,1.0,91,0,0,1,0,0,0,0,-0.03533805174655298,0.9993754159967905,0.01767178546737087,-0.9998438418065069,-0.9999609596895538,-0.008836237703148543,0.7102239920275675,-0.7039757674440404,0.9230318974564314,0.3847234282935987,0.5546514994599768,0.8320827567897314,-0.28975614161762697,-0.9571005059004335,-0.9892169898208465,0.14645732159842081,0.6532773830470404,-0.7571186570143483,0.9373149569419951,0.3484833876855909,0,0,1,0,99,1
1701829380,12,6,2,623,19.1,1.0,91,0,0,1,0,0,0,0,0.8218521846480703,0.5697007868953616,-0.46384222161454775,-0.885917825448659,-0.9710607152615791,0.23883276005537946,0.6169145969843073,-0.7870301010937827,0.9452592504423807,0.32632031725454774,0.5803790497362272,0.8143464610516054,-0.3046748586184907,-0.9524564192265191,-0.9880426152819825,0.1541810312157123,0.6503149117098145,-0.7596647389525567,0.9379938003400013,0.346652030895135,0,0,1,0,99,1
1701829440,12,6,2,624,19.1,1.0,91,0,0,1,0,0,0,0,0.923435312642794,-0.3837541183678754,-0.8317914757822045,-0.5550882279566577,-0.8817846188147811,0.47165229356133864,0.5139784559875352,-0.8578030932449878,0.9637953862840878,0.26664293235993725,0.605539869719601,0.7958149698139441,-0.31951919362227366,-0.9475798039779932,-0.9868079357144411,0.16189533041753676,0.6473425173671444,-0.7621992293414946,0.9386690655767598,0.34481935173254513,0,0,1,0,99,2
1701829500,12,6,2,625,19.1,1.0,92,0,0,1,0,0,0,0,0.17601627283386595,-0.9843872569764778,-0.9960891669364942,-0.08835367288212255,-0.7376834256244756,0.6751467718644137,0.40302185308962235,-0.9151903550257765,0.9785679217677679,0.20592431252067284,0.6301093902963704,0.7765063787634564,-0.33428552259748223,-0.9424718507105282,-0.9855130264766997,0.16959974836283187,0.6443602453741106,-0.7647220895079571,0.9393407500763387,0.3429853571889352,0,0,1,0,99,2
1701829560,12,6,2,626,19.1,1.0,92,0,0,1,0,0,0,0,-0.7332313164778873,-0.6799792912553325,-0.9165094902005468,0.4000129427560235,-0.5477166499404489,0.8366638939132081,0.2857762289683941,-0.958296377409726,0.9895191704584925,0.14440156264783635,0.6540636197466435,0.7564395424116314,-0.348970240556676,-0.9371338064576561,-0.9841579666033436,0.17729381481363626,0.6413681412365148,-0.7672332809562018,0.9400088512764658,0.341150054260437,0,0,1,0,99,1
1701829620,12,6,2,627,19.1,1.0,92,0,0,1,0,0,0,0,-0.9683494148893343,0.2495984989607987,-0.6125363258775766,0.7904424390683988,-0.323695505785608,0.946161307354195,0.1640711623744481,-0.9864485053347172,0.9966063679644831,0.08231492776308211,0.6773791671718721,0.7356340556836266,-0.3635697624365738,-0.9315669744263229,-0.9827428388002435,0.18497706016379048,0.6383662506101844,-0.769732765368537,0.9406733666285383,0.3393134499481733,0,0,1,0,99,1
1701829680,12,6,2,628,19.1,1.0,92,0,0,1,0,0,0,0,-0.31317152702365525,0.9496965803148245,-0.15859290602857282,0.987344058653017,-0.0795485428747221,0.9968309933617175,0.039805820166669656,-0.9992074342602034,0.9998018389311463,0.01990685484696882,0.7000332653356665,0.7141102347841574,-0.378080523973295,-0.9257727136787294,-0.9812677294395066,0.19264901546759924,0.6353546193002774,-0.7722205046059057,0.941334293597632,0.33747555125823137,0,0,1,0,99,1
1701829740,12,6,2,629,19.1,1.0,92,0,0,1,0,0,0,0,0.6299348185230796,0.7766480054775746,0.3341795883371884,0.9425094178515073,0.16954436314500793,0.9855225562744638,-0.08508067855140847,-0.9963740653676368,0.999093105112741,-0.042578953911311244,0.722003792895616,0.6918890973590669,-0.3924989825725241,-0.9197524388005358,-0.9797327285542052,0.20030921246845357,0.6323332932605821,-0.7746964607084679,0.9419916296625114,0.3356363652016361,0,0,1,0,99,3
1701829860,12,6,2,631,19.1,1.0,92,0,0,1,0,0,0,0,0.4440586509707787,-0.8959977201410795,0.9736523301828737,0.22803758446681607,0.6212738589113436,0.7835935121179909,-0.3289426149665083,-0.9443499118753576,0.9859893285110538,-0.16680840525081836,0.763809009259127,0.645442326915884,-0.421044934112807,-0.9070397805267099,-0.9764834306138301,0.21559246215172986,0.6262617415459251,-0.7796128725693702,0.9432955190631858,0.3319541590571128,0,0,1,0,99,1
1701829920,12,6,2,632,19.1,1.0,92,0,0,1,0,0,0,0,-0.514030170892537,-0.8577721045896685,0.9637873480674221,-0.2666719852274808,0.7958240965274552,0.6055278749869898,-0.4441126687075084,-0.8959709467909631,0.9736454556949781,-0.22806693448309956,0.7836028759783554,0.6212620483809149,-0.43516545796919887,-0.9003505007442698,-0.9747693318791554,0.22321458202336397,0.6232116085153726,-0.782053253309314,0.943942067425039,0.330111153015682,0,0,1,0,99,1
1701829980,12,6,2,633,19.1,1.0,92,0,0,1,0,0,0,0,-0.9995220242088421,-0.030914771897250545,0.7179536098861996,-0.6960909524274645,0.9208938463328616,0.38981344741589885,-0.552352492790655,-0.8336106547471364,0.9574995182106194,-0.28843486721690187,0.8026315677871454,0.5964751179986882,-0.4491797424201762,-0.893441413299912,-0.9729957382486092,0.2308230780274018,0.6201519660424364,-0.7844817008788038,0.9445850149348135,0.32826688770053875,0,0,1,0,99,1
1701830040,12,6,2,634,19.1,0.5,92,0,0,1,0,0,0,0,-0.5660579379995188,0.8243654595067245,0.2963397884973224,-0.955082577452527,0.9887068770501516,0.1498623077152374,-0.651973040962877,-0.7582421472442815,0.9376145655983277,-0.34767646796678553,0.8208765034908678,0.5711057397860814,-0.46308436607918363,-0.8863142049482455,-0.9711627579732054,0.23841748578046287,0.6170828608134961,-0.7868981782227173,0.9452243591398598,0.3264213701469947,0,1,0,0,99,1
1701830100,12,6,2,635,19.0,0.5,92,0,0,1,0,0,0,0,0.38783720589663306,0.9217278891963141,-0.19782834832713678,-0.9802366778478334,0.9950469028764004,-0.09940654443286578,-0.7414197678889017,-0.6710415246343308,0.9140682481725122,-0.40556039954960427,0.8383198672194296,0.5451786865103935,-0.4768759343317749,-0.8789706156949713,-0.9692705029286126,0.24599734175904098,0.6140043396593216,-0.7893026484685837,0.9458600976012741,0.3245746073951383,0,1,0,0,99,1
1701830160,12,6,2,636,19.0,0.5,92,0,0,1,0,0,0,0,0.9851566112943334,0.17165794832475895,-0.6435612059762619,-0.7653946525566921,0.9395197317131483,-0.34249477911590703,-0.8192968873112808,-0.5733695234681091,0.8869525137988248,-0.46186062645125475,0.8549446258241684,0.5187192754991592,-0.49055108016436005,-0.8714124383720832,-0.9673190886083255,0.25356218332779523,0.610916449554358,-0.791695074927145,0.9464922278939074,0.3227266064898082,0,1,0,0,99,1
1701830220,12,6,2,637,19.0,0.5,92,0,0,1,0,0,0,0,0.6767275715505089,-0.7362335185953917,-0.9317278354206747,-0.36315732224795383,0.8255777741218431,-0.5642883472800259,-0.8843891528281048,-0.46675028265656904,0.8563732488397127,-0.5163572974905221,0.8707345455104334,0.49175334391820763,-0.5041064649862133,-0.8636415182001753,-0.9653086341166165,0.26111154876778686,0.6078192376160092,-0.794075421092917,0.9471207476063749,0.3208773744805662,0,1,0,0,99,1
1701830280,12,6,2,638,19.0,0.5,92,0,0,1,0,0,0,0,-0.2538816765877605,-0.967235283833767,-0.9917749956098326,0.12799358610147818,0.6603053891566091,-0.7509971990964674,-0.9356808214066555,-0.3528475597928464,0.8224498646704389,-0.5688376043332375,0.8856742076896101,0.46430722354210824,-0.5175387794445416,-0.8556597523379571,-0.9632392621612652,0.2686449773046603,0.6047127511039186,-0.796443650644746,0.9477456543410647,0.3190269184216702,0,1,0,0,99,1
1701830340,12,6,2,639,19.0,0.5,92,0,0,1,0,0,0,0,-0.9510732821065815,-0.30896538974942617,-0.8090010475115055,0.5878072006408963,0.4539784132307965,-0.8910126824689131,-0.9723715037137074,-0.23343876877147773,0.7853148313802172,-0.6190966125042691,0.8997490240351109,0.4364077150416402,-0.5308447442324167,-0.8474690894190892,-0.96111109904607,0.27616200913676636,0.6015970374192486,-0.7987997274463626,0.9483669457141478,0.3171752453720478,0,1,0,0,99,1
1701830460,12,6,2,641,19.0,0.5,92,0,0,1,0,0,0,0,0.11484470379581474,0.9933834576889489,0.057517572580260974,0.9983444940722989,-0.028770696269825667,-0.999586037835738,-0.9998965041032342,0.014386837113521522,0.702001838632378,-0.7121751319421092,0.9252500018757388,0.3793579233770469,-0.5570646625944573,-0.8304691214539668,-0.9566789224849597,0.29114504851193435,0.5953381188400696,-0.8034752791816107,0.9495986729091429,0.31346827655951837,0,1,0,0,99,1
1701830520,12,6,2,642,19.0,0.5,92,0,0,1,0,0,0,0,0.8979542147110153,0.44008888679756925,0.5291082654818533,0.8485543255436181,-0.27517782837320115,-0.9613933444599089,-0.9903013037606052,0.13893641628473632,0.6561492146285263,-0.7546311735824118,0.9366512620987631,0.3502633483663315,-0.5699722149516012,-0.8216639667060773,-0.9543751795562575,0.2986101415674982,0.5921950094489575,-0.8057946827720751,0.9502091040323901,0.31161299493757066,0,1,0,0,99,1
1701830580,12,6,2,643,19.0,0.5,92,0,0,1,0,0,0,0,0.8554887617489377,-0.51782137704161,0.8711548016976116,0.49100846375515256,-0.5044757359104833,-0.8634258693585549,-0.9652527827876372,0.2613179391483152,0.6077343419832735,-0.7941403966391318,0.9471378982595755,0.3208267471400009,-0.5827406167670137,-0.8126582144850321,-0.9520131864856264,0.3060570089991143,0.5890428638906025,-0.8081017909270819,0.9508159103967186,0.3097565246067612,0,1,0,0,99,1
1701830640,12,6,2,644,19.0,0.5,92,0,0,1,0,0,0,0,0.026490886523445938,-0.9996490548843638,0.9999122598719259,0.01324660552058789,-0.702407785577371,-0.7117747556357236,-0.9251418149764185,0.37962168297153187,0.5569462797382114,-0.8305485184417379,0.9566996703359257,0.2910768640396056,-0.5953667508185162,-0.8034540634160753,-0.9495930874369493,0.3134851962883771,0.5858817302628675,-0.8103965684429991,0.9514190896873468,0.30789887264895993,0,1,0,0,99,1
1701830700,12,6,2,645,19.2,0.5,92,0,0,1,0,0,0,0,-0.8268625876027196,-0.5624040017842467,0.8838563236703821,-0.46775848373693524,-0.8566675211938805,-0.5158689350324677,-0.8705943185641828,0.49200155739973644,0.5039833541895326,-0.8637133660537321,0.9653272414196473,0.2610427493211293,-0.6078475346165643,-0.7940537605606843,-0.9471150301205985,0.3208942500570208,0.5827116568007624,-0.8126789803043453,0.9520186396033287,0.3060400461505444,0,1,0,0,99,1
1701830760,12,6,2,646,19.2,0.5,92,0,0,1,0,0,0,0,-0.920002411959138,0.39191269689736824,0.551401533867395,-0.8342399825282195,-0.9576638195442646,-0.2878888826194756,-0.8024614889885606,0.5967039120788988,0.4490523844280872,-0.8935054314549238,0.9730121868339892,0.2307537307879076,-0.6201799211567932,-0.784459600867982,-0.9445791657844201,0.32828371809459106,0.5795326918757081,-0.8149489916843234,0.9526145578575638,0.3041800522023728,0,1,0,0,99,1
1701830820,12,6,2,647,19.2,0.5,92,0,0,1,0,0,0,0,-0.1672962615688254,0.9859066694495454,0.08394441777287699,-0.9964704384600542,-0.9991172199647183,-0.04200929385234764,-0.7218065162674647,0.6920949017828597,0.39236787471526025,-0.9198083772674773,0.9797470023601699,0.20023938515252526,-0.6323608996639003,-0.774673926614458,-0.941985649204503,0.33565314938604557,0.5763448839947981,-0.817206567945353,0.9532068421768051,0.3023188978997567,0,1,0,0,99,1
1701830880,12,6,2,648,19.2,0.5,92,0,0,1,0,0,0,0,0.7392213001816264,0.6734625968513661,-0.4040652194563607,-0.9147301779353751,-0.9784503507933796,0.20648222933781113,-0.6298879942744539,0.7766859820216312,0.33415117684842055,-0.9425194910508831,0.9855251115651197,0.16952950915565845,-0.6443874963266829,-0.7646991268321347,-0.9393346386757316,0.3430020941392817,0.5731482818000584,-0.8194516746395976,0.9537954903016678,0.30045659034243405,0,1,0,0,99,2
1701830940,12,6,2,649,19.2,0.5,92,0,0,1,0,0,0,0,0.9661022076387795,-0.25815988146006835,-0.7931455986954944,-0.6090320675218718,-0.8969481778569685,0.4421356875881703,-0.5281402808022835,0.8491571372803064,0.2746296257868892,-0.961550086391839,0.9903408722232561,0.13865409047006316,-0.6562567750240514,-0.7545376367253204,-0.936626296002125,0.3503301038125896,0.5699429340677058,-0.8216842775094914,0.9543804999866383,0.2985931366345421,0,1,0,0,99,2
1701831060,12,6,2,651,19.2,0.5,92,0,0,1,0,0,0,0,-0.6367844934113518,-0.7710418334635599,-0.9410212095015605,0.33834757760063844,-0.5751749396485218,0.8180304326859235,-0.3016368406826962,0.9534228948074206,0.15260587340036988,-0.9882871280168078,0.9970674821738015,0.0765273545315405,-0.679511826780248,-0.73366455363863,-0.9310382789226848,0.3649215301687268,0.5635061977615123,-0.8261118357004477,0.9555395951242542,0.2948628192054335,0,1,0,0,99,2
1701831120,12,6,2,652,19.2,0.5,92,0,0,1,0,0,0,0,-0.9928654610638965,0.11923999424008805,-0.6636113342009432,0.7480775341634341,-0.35491017584493534,0.9349004048997503,-0.1804156244623088,0.9835904648022342,0.09058017221711874,-0.995889166725453,0.9989717630457462,0.04533670298194944,-0.690891922451714,-0.7229580565226276,-0.9281589455806122,0.3721840562660983,0.5602749074043482,-0.8283067234624195,0.9561136761553041,0.2929959697142441,0,1,0,0,99,2
1701831180,12,6,2,653,19.2,0.5,92,0,0,1,0,0,0,0,-0.43611050264796214,0.8998931211428065,-0.22372626003354357,0.9746520202469203,-0.11257881628681225,0.9936427980534354,-0.056379082763754744,0.998409434564156,0.0282007573997934,-0.9996022795502609,0.9999005649439,0.014101780911272722,-0.7021033467690947,-0.7120750595657992,-0.925222962200409,0.37942386616698276,0.5570350679414255,-0.8304889722828903,0.9566841099032873,0.29112800253248544,0,1,0,0,99,2
1701831240,12,6,2,654,19.2,0.5,92,0,0,1,0,0,0,0,0.5216024406758817,0.853188662536583,0.2709348053161655,0.9625976995964054,0.13675214880138925,0.9906052946548402,0.06853723566485535,0.9976485590263838,-0.034288780771676325,-0.9994119668651121,0.9998529809089715,-0.017146911309152784,-0.7131433626239372,-0.7010182196957677,-0.9222305079793683,0.38664051799069915,0.5537867288087088,-0.8326585488634279,0.9572508941921726,0.2892589247858846,0,1,0,0,99,1
1701831300,12,6,2,655,19.3,0.5,92,0,0,1,0,0,0,0,0.999756505535219,0.022066482275333348,0.6992615811428033,0.7148658903162654,0.37758052762538924,0.9259767519533807,0.19238405345378726,0.9813197113972033,-0.09664442198801937,-0.9953189718369693,0.9988290574059631,-0.04837885986167266,-0.7240092747547067,-0.6897902362814101,-0.9191817655614721,0.39383357127001617,0.5505299395718565,-0.834815420098963,0.9578140268598501,0.2873887436044051,0,1,0,0,99,1
1701831360,12,6,2,656,19.3,0.5,92,0,0,1,0,0,0,0,0.5587390498188232,-0.829343520025061,0.9563847343054627,0.2921099792671752,0.5949327780232085,0.803775459710974,0.31322878243308516,0.9496776978825432,-0.158622668804709,-0.9873392775238264,0.9968297942787993,-0.07956356727854007,-0.7346984304047954,-0.6783938504738453,-0.9160769210262436,0.40100258697803604,0.5472647499254653,-0.8369595530782943,0.9583735057581397,0.28551746612221973,0,1,0,0,99,1
1701831420,12,6,2,657,19.3,0.5,92,0,0,1,0,0,0,0,-0.3959805115438519,-0.9182589147280136,0.9793515494264594,-0.20216464239820275,0.7752949897936278,0.6315993024069126,0.42918568102459304,0.9032162815203545,-0.2199814974942728,-0.9755040444612094,0.9938571437739957,-0.1106705822221754,-0.7452082199701555,-0.6668318445372209,-0.9129161638773905,0.40814712755499033,0.5439912096923119,-0.8390909150845903,0.9589293287527998,0.28364509947768324,0,1,0,0,99,1
1701831480,12,6,2,658,19.3,0.5,92,0,0,1,0,0,0,0,-0.9866374167508005,-0.16293129799798153,0.7625389491684939,-0.6469423088661069,0.9074531141789384,0.4201533595806971,0.5384452806085791,0.8426604771735462,-0.2804813031437691,-0.9598594889809514,0.9899140086343236,-0.14166952922038076,-0.7555360776363961,-0.6551070411694638,-0.9096996870312377,0.41526675693494663,0.5407093688225928,-0.8412094735958894,0.9594814937235343,0.2817716508133054,0,1,0,0,99,1
1701831540,12,6,2,659,19.3,0.5,92,0,0,1,0,0,0,0,-0.6701844311086327,0.7421946027152168,0.3590302196784995,-0.933325935221779,0.9831901991023352,0.18258431583548054,0.6393026216763542,0.7689552379155371,-0.3398858353068445,-0.9404667027374061,0.9850042392643308,-0.17253013832747296,-0.7656794820051903,-0.6432223028131592,-0.9064276868049539,0.4223610405724235,0.5374192773931619,-0.8433151962855951,0.960029998564002,0.2798971272757233,0,1,0,0,99,1
1701831660,12,6,2,661,19.3,0.5,92,0,0,1,0,0,0,0,0.9537707733618594,0.30053504268341247,-0.5913818382891833,-0.8063916674555276,0.9503661577138381,-0.3111336791031087,0.809670821724208,0.5868842819913016,-0.45448636833721334,-0.8907536926646169,0.9723049142796247,-0.23371596793478092,-0.7854030710198365,-0.6189846654260585,-0.8997179184127819,0.43647184019930857,0.5308145437912809,-0.8474880058736255,0.9611160194985894,0.2761448841879698,0,1,0,0,99,1
1701831720,12,6,2,662,19.3,0.5,92,0,0,1,0,0,0,0,0.7682160664531458,-0.6401906553857654,-0.9055911481970673,-0.424151709070136,0.8438458713148201,-0.5365856366554476,0.8765231419236595,0.48135972169706537,-0.5092348565754973,-0.860627597075839,0.964527759340248,-0.26398144151072533,-0.7949784404343068,-0.6066376836668139,-0.896280559776573,0.4434874949382373,0.5275000023989397,-0.8495550291000099,0.9616535314498694,0.27426717895146524,0,1,0,0,99,2
1701831780,12,6,2,663,19.3,0.5,92,0,0,1,0,0,0,0,-0.12363294914268595,-0.9923280172837418,-0.9980801614308696,0.0619353805036276,0.6848593357385049,-0.728675298230847,0.9296976116541461,0.368323703940673,-0.5619947935965809,-0.8271407691380811,0.9558087594121748,-0.2939891416888716,-0.8043597272641364,-0.5941426000175077,-0.8927884967945957,0.4504760814862939,0.5241774120055661,-0.8516090891618918,0.9621873749852187,0.2723884274690357,0,1,0,0,99,1
1701831840,12,6,2,664,19.3,0.5,92,0,0,1,0,0,0,0,-0.9018144014592891,-0.43212357644616434,-0.8462043418838514,0.5328585288581931,0.48329156372825655,-0.875459459043705,0.9683644611001854,0.24954011797333814,-0.6125601529754697,-0.7904239741978156,0.9461564284508708,-0.3237097664592346,-0.8135446412026923,-0.5815024649736085,-0.889241942604376,0.45743717329617606,0.5208468233098019,-0.8536501547168418,0.9627175480681864,0.27050863690754695,0,1,0,0,99,1
1701831900,12,6,2,665,19.3,0.5,92,0,0,1,0,0,0,0,-0.8508718520044145,0.5253732877360419,-0.4871481870355047,0.8733193252573889,0.25167506307003396,-0.9678117909122075,0.9919203070086345,0.12686254192588234,-0.6607334780658982,-0.7506205905535374,0.9355801917937172,-0.3531142941360932,-0.8225309398849666,-0.5687203644428019,-0.8856411136693016,0.46437034549871836,0.5175082871323327,-0.8556781946207109,0.9632440486763235,0.26862781443782874,0,1,0,0,99,1
1701831960,12,6,2,666,19.3,0.5,92,0,0,1,0,0,0,0,-0.01764164581327013,0.9998443740567825,-0.008821166113885877,0.9999610927573088,0.004410625958475234,-0.9999902731420214,0.9999975682825487,0.0022053183419487145,-0.7063266530643069,-0.707886049566577,0.9240903769563281,-0.38217401169717374,-0.8313164294350177,-0.5557994189916117,-0.8819862297654119,0.47127517492882454,0.5141618544151129,-0.8576931779281052,0.9637668748011899,0.2667459672346471,0,1,0,0,99,1
1701832020,12,6,2,667,19.3,0.5,92,0,0,1,0,0,0,0,0.8318082081799767,0.5550631538882909,0.4716655839213357,0.8817775098879226,-0.24312804251266182,-0.9699942035620426,0.9924702019612586,-0.12248631849712321,-0.7491616375980297,-0.662387228704961,0.9116982035479069,-0.4108605428214292,-0.8398989650015737,-0.5427427830835574,-0.8782775139679819,0.47815124015129495,0.5108075762205887,-0.8596950738928585,0.9642860244483632,0.26486310247667705,0,1,0,0,99,1
1701832080,12,6,2,668,19.3,0.5,92,0,0,1,0,0,0,0,0.9164974316526442,-0.40004057016021116,0.8366721491002945,0.5477040395322044,-0.47555018687189876,-0.8796885924951523,0.9694556700786149,-0.24526659730265726,-0.78907116196914,-0.6143017998904703,0.8984157723154882,-0.43914587559803503,-0.8482764512816665,-0.5295536443090374,-0.8745151926379088,0.48499812148654897,0.5074455037309183,-0.8616838519685015,0.964801495637445,0.26297922734647544,0,1,0,0,99,1
1701832140,12,6,2,669,19.3,0.5,92,0,0,1,0,0,0,0,0.15856314310832614,-0.9873488388850257,0.9968321922181852,0.07953351845283306,-0.6784049239013403,-0.7346882054493705,0.9313131067072369,-0.36421957288882034,-0.82589938033904,-0.5638175356935875,0.8842560533277641,-0.4670023898795447,-0.8564468430321711,-0.5162352226071247,-0.8706994954078947,0.49181540103624005,0.5040756882471917,-0.8636594818087276,0.9653132864020695,0.26109434903045325,0,1,0,0,99,2
1701832260,12,6,2,671,19.3,0.5,92,0,0,1,0,0,0,0,-0.9637793089749802,0.2667010378527043,0.6055158801168206,-0.7958332230601788,-0.9475846197201016,-0.31950491149575566,0.8122514732198877,-0.5833074183071241,-0.8897492394790579,-0.45644965861137193,0.8533609021426315,-0.5213206025991243,-0.8721584152546842,-0.48922356719646887,-0.8629089080535873,0.5053594922446452,0.49731303409188604,-0.8675711764012926,0.9663258188626889,0.2573216116056981,0,1,0,0,99,2
1701832320,12,6,2,672,19.3,0.5,92,0,0,1,0,0,0,0,-0.2963109980159809,0.9550915099898928,0.14984740573347818,-0.9887091356890289,-0.9971732887740798,-0.07513609089835323,0.7331903200732922,-0.6800234955873388,-0.9165215479156338,-0.39998531498835127,0.836655638536056,-0.5477292602242684,-0.8796957599716702,-0.47553692799599256,-0.858934493426592,0.5120854772418407,0.4939202986100892,-0.8695071814659844,0.9668265566961802,0.2554337668888117,0,1,0,0,99,2
1701832380,12,6,2,673,19.3,0.5,92,0,0,1,0,0,0,0,0.6435842780107317,0.7653752524725406,-0.3425089396843968,-0.9395145694646093,-0.9847625524624222,0.1739043279153665,0.6426879772038036,-0.766128033658659,-0.9397148593213419,-0.3419590372700662,0.8191333948967244,-0.5736030695219185,-0.8870183395854673,-0.46173419327470294,-0.8549076538652297,0.5187802071808914,0.4905200265122254,-0.8714299189208766,0.9673236063802219,0.25354494776974296,0,1,0,0,99,1
1701832440,12,6,2,674,19.3,0.5,92,0,0,1,0,0,0,0,0.9917711368753414,-0.12802348245924622,-0.7510071512506543,-0.660294069919136,-0.9111240502585628,0.41213221791123295,0.542156703402608,-0.8402774000028898,-0.9592386043114846,-0.28259741682923273,0.8008112813981934,-0.598916765156381,-0.8941243663932834,-0.4478187327723233,-0.8508286351470322,0.5254432734499875,0.48711226968226357,-0.8733393594273613,0.9678169660187202,0.25165516145376265,0,1,0,0,99,1
1701832500,12,6,2,675,19.0,0.5,92,0,0,1,0,0,0,0,0.428128186283695,-0.9037180180285407,-0.9756326199006828,-0.21941055349670321,-0.7808362675672484,0.6247357227273372,0.43316525557381835,-0.9013145185581272,-0.9750165430796872,-0.22213225952332183,0.7817071892733627,-0.6236456287334492,-0.9010121055605882,-0.43379394374895947,-0.8466976862342779,0.5320742693699069,0.48369708011838003,-0.8752354738497254,0.9683066337296583,0.24976441514983128,0,1,0,0,99,1
1701832560,12,6,2,676,19.0,0.5,92,0,0,1,0,0,0,0,-0.5291338443628917,-0.848538375531565,-0.9613891968218607,0.2751923186322931,-0.6019998676776046,0.7984961861625556,0.31741440880766936,-0.9482869255037094,-0.9869870631127111,-0.16079968049764676,0.7618397733439909,-0.6477655129374955,-0.907679875544648,-0.4196632501557079,-0.8425150592587969,0.538672790218836,0.4802745099321658,-0.8771182332555959,0.9687926076451028,0.24787271607057126,0,1,0,0,99,1
1701832620,12,6,2,677,19.0,0.5,92,0,0,1,0,0,0,0,-0.9999126587279824,-0.01321646380607935,-0.7117641687406298,0.7024185134924622,-0.38573403175474275,0.9226100241956138,0.19671041635407388,-0.9804616321395789,-0.9951034197859987,-0.09883918216077345,0.7412284338045774,-0.6712528651109158,-0.9141260485050504,-0.4054301017987467,-0.8382810095065815,0.5452384332570721,0.47684461134783096,-0.8789876089163806,0.9692748859112106,0.2459800714322396,0,1,0,0,99,1
1701832680,12,6,2,678,19.0,0.5,92,0,0,1,0,0,0,0,-0.5513763859920506,0.83425660379187,-0.2878744485084861,0.9576681585475916,-0.1454851220097925,0.989360439513222,0.07293682364477497,-0.997336562929792,-0.9993339189004324,-0.03649271893274041,0.7198932972784023,-0.6940847502528994,-0.9203490507011184,-0.3910979734971153,-0.8339957954022056,0.5517707977516048,0.473407436701408,-0.8808435723077068,0.9697534666882369,0.24408648845470035,0,1,0,0,99,1
1701832740,12,6,2,679,19.0,0.5,92,0,0,1,0,0,0,0,0.40409279322248953,0.9147179972350201,0.20649697669091896,0.9784472385455999,0.10380934797598938,0.9945972145913138,-0.051974923803148484,-0.9986483902233343,-0.999662040447504,0.025996247581773553,0.6978551971642206,-0.7162388734150686,-0.9263473628761159,-0.3766703642343869,-0.8296596784930514,0.5582694850005744,0.4699630384399531,-0.8826860951098568,0.9702283481505415,0.24219197436139703,0,1,0,0,99,1
1701832860,12,6,2,681,19.0,0.5,92,0,0,1,0,0,0,0,0.6635887835859072,-0.7480975379581034,0.9349057540624358,0.3548960848205405,0.5679365788446187,0.8230723190645342,-0.29742871493474354,-0.9547440282778767,-0.9886212693134506,0.15042601457547708,0.6517568509131771,-0.7584279842461896,-0.9376641147677002,-0.34754281445155094,-0.8208357979680074,0.5711642432560222,0.46305278141048767,-0.8863307066936196,0.9711670058989905,0.23840018173900415,0,1,0,0,99,2
1701832920,12,6,2,682,19.0,0.5,92,0,0,1,0,0,0,0,-0.27096382207826836,-0.9625895320045489,0.9906032333897737,-0.13676707936387883,0.7539121564757657,0.6569752356961871,-0.4141405343019522,-0.9102129519228418,-0.9772954906073296,0.2118809194773779,0.6277416190291282,-0.7784217749643756,-0.9429797916616176,-0.3328499850049752,-0.8163485729163049,0.5775595272329186,0.45958702808449753,-0.8881327398629437,0.9716307786044408,0.23650291767445097,0,1,0,0,99,2
1701832980,12,6,2,683,19.0,0.5,92,0,0,1,0,0,0,0,-0.9563935393373727,-0.29208114953507913,0.803766492687733,-0.594944892601374,0.8930131277314388,0.45003061418009443,-0.5243898291442662,-0.8514783068816535,-0.962153393924704,0.2725084339230132,0.6031134081070436,-0.7976554500293386,-0.9480652535636296,-0.3180758950082994,-0.8118115221553275,0.5839195599531243,0.45611426202590716,-0.8899212212193629,0.972090844833795,0.23460475142315124,0,1,0,0,99,2
1701833040,12,6,2,684,19.0,1.0,92,0,0,1,0,0,0,0,-0.7625194471644794,0.6469652948157085,0.42013968223930687,-0.907459446701534,0.9765908679435658,0.21510526876214117,-0.6264561960895026,-0.7794566276458689,-0.943254108829076,0.33207180876591375,0.5778962671769416,-0.8161102280837784,-0.9529192589311485,-0.3032241513437061,-0.8072249226032686,0.5902439532330229,0.45263453622485383,-0.8916961234728519,0.9725472028320404,0.23270569022603224,0,0,1,0,99,2
1701833100,12,6,2,685,19.0,1.0,92,0,0,1,0,0,0,0,0.13241150819283803,0.9911948307462555,-0.06635197530497698,-0.9977962794945308,0.9994489180279628,-0.033194280422003807,-0.718746923618461,-0.6952717884316881,-0.9206714366242954,0.39033845030198594,0.5521148203489986,-0.8337680883501076,-0.95754062272838,-0.288298379851407,-0.8025890542025249,0.5965323210642458,0.4491479037776722,-0.8934574195405861,0.9729998508583098,0.23080574132743523,0,0,1,0,99,2
1701833160,12,6,2,686,19.0,1.0,92,0,0,1,0,0,0,0,0.9056039335646163,0.42412441041785603,-0.5365983551885637,-0.8438377837054513,0.9601660751415484,-0.2794299700233931,-0.799821845795485,-0.6002374654987004,-0.8944935621620483,0.44708082854294906,0.5257942427685239,-0.8506117882274349,-0.9619282167156328,-0.2733022244444464,-0.7979041999026094,0.6027842796372321,0.4456544178860835,-0.8952050825473546,0.9734487871858886,0.22890491197508778,0,0,1,0,99,4
1701833220,12,6,2,687,19.0,1.0,92,0,0,1,0,0,0,0,0.8461882788236016,-0.5328840368987897,-0.8754667432001029,-0.4832783685937176,0.8611847561916425,-0.5082920574857935,-0.8684158155762116,-0.49583663767122255,-0.864822709481898,0.5020773657160704,0.49896023603285744,-0.866624880128672,-0.9660809697247618,-0.25823934621909184,-0.7931706456428818,0.6089994473646541,0.4421541318563844,-0.8969390858259702,0.9738940101022211,0.2270032094200761,0,0,1,0,99,4
1701833340,12,6,2,689,19.0,1.0,92,0,0,1,0,0,0,0,-0.8366886589042642,-0.5476788183424514,-0.8796814248187952,0.47556344563977404,0.5120725311712326,-0.8589422115718187,-0.9640908182250827,-0.2655727663260874,-0.7954787132054784,0.6059815317622776,0.4438572226728559,-0.8960975202962782,-0.9736779550488648,-0.22792814624758584,-0.7835585958457688,0.6213178951842664,0.4351333731258346,-0.90036600757255,0.974773308921759,0.22319721372303236,0,0,1,0,99,5
1701833460,12,6,2,691,19.0,1.0,92,0,0,1,0,0,0,0,-0.1498176016678404,0.9887136522929661,-0.07512106131782845,0.9971744211252528,0.03758709136623356,-0.9992933556081649,-0.9998233232947121,-0.01879686665158652,-0.7137215376642303,0.7004295586811045,0.38702095635694944,-0.9220709188237921,-0.980324160373443,-0.19739437830927187,-0.773755251455288,0.6334846571507191,0.4280860560969494,-0.9037379756186854,0.9756377338999054,0.21938781231111568,0,0,1,0,99,6
1701833520,12,6,2,692,19.0,1.0,92,0,0,1,0,0,0,0,0.7510270550472058,0.6602714309941945,0.412145950487085,0.911117838425468,-0.2108105329134813,-0.9775269404025313,-0.9943658633527529,0.10600249902117563,-0.6685796515669709,0.7436405378343678,0.3580219701119138,-0.9337131620134654,-0.983288655994125,-0.18205334106592852,-0.7687825898997481,0.6395102262411726,0.4245525725742499,-0.9054032875578629,0.9760643645676915,0.2174818526246926,0,0,1,0,99,5
1701833580,12,6,2,693,19.0,1.0,92,0,0,1,0,0,0,0,0.9613809008905675,-0.2752212989629269,0.798505259520226,0.601987832533629,-0.44610097930085907,-0.8949826346174625,-0.9733916566874463,0.22914773115016593,-0.6208269762380796,0.783947616601443,0.3286733814887943,-0.9444436501457996,-0.986013095791785,-0.16666785811037535,-0.7637630058173724,0.6454967629235737,0.42101261090163694,-0.9070547841568264,0.9764872718465987,0.21557506331110474,0,0,1,0,99,5
1701833640,12,6,2,694,19.0,1.0,92,0,0,1,0,0,0,0,0.2878455800903205,-0.9576768359015827,0.9893626321783087,0.14547021017792156,-0.6536550274502899,-0.7567926433898262,-0.9372279987787994,0.34871718957500053,-0.570649984852799,0.8211933967023238,0.29900384888632797,-0.9542519050812327,-0.9884968146335203,-0.1512416855876172,-0.7586968055777015,0.6514439018105791,0.4174662250945703,-0.9086924402157693,0.9769064541233642,0.21366745164417375,0,0,1,0,99,4
1701833700,12,6,2,695,19.1,1.0,92,0,0,1,0,0,0,0,-0.6503336395770626,-0.7596487064653314,0.9379895272510593,-0.34666359308028627,-0.8205679719195377,-0.5715489510618114,-0.8864392114132281,0.46284503288800055,-0.5182446174886911,0.8552324341627837,0.26904234409960104,-0.9631283492252691,-0.9907392061549974,-0.13577858957643307,-0.7535842983954858,0.6573512799194837,0.41391346926653416,-0.9103162307460754,0.977321909798935,0.21175902490085832,0,0,1,0,99,4
1701833760,12,6,2,696,19.1,1.0,92,0,0,1,0,0,0,0,-0.9905991101845337,0.1367969403956463,0.6569638725243397,-0.7539220584369601,-0.9364619742512132,-0.3507691132091307,-0.8218178366308225,0.5697503342653119,-0.4638155159838274,0.8859318072699817,0.23881812402958275,-0.9710643148808378,-0.9927397229084867,-0.1202823451699422,-0.7484257963118128,0.6632185366943757,0.41035439762821135,-0.9119261309706986,0.9777336372884741,0.20984979036122642,0,0,1,0,99,4
1701833820,12,6,2,697,19.1,1.0,92,0,0,1,0,0,0,0,-0.42011232727019937,0.9074721111282797,0.21509054938760125,-0.9765941099372553,-0.9941313067038114,-0.10818015081969684,-0.7443722693718838,0.6677648722343453,-0.40757522481479086,0.9131716356289067,0.20836070211425825,-0.9780520527121516,-0.9944978764965141,-0.10475673555396908,-0.7432216141750619,0.6690453140281423,0.40678906448665614,-0.9135221163245426,0.9781416350213661,0.2079397553084275,0,0,1,0,99,4
1701833880,12,6,2,698,19.1,1.0,92,0,0,1,0,0,0,0,0.5366237918890951,0.8438216079116303,-0.27944444178438205,-0.9601618634146094,-0.9899903695023021,0.14113492938566014,-0.6553110218111473,0.755359162711905,-0.3497433611150432,0.9368455482927549,0.17769981950925717,-0.9840847393118021,-0.9960132376910966,-0.08920555108343296,-0.7379720696216873,0.6748312562843274,0.4032175242444657,-0.9151041624548343,0.9785459014412237,0.20602892702866477,0,0,1,0,99,4
1701833940,12,6,2,699,19.1,1.0,92,0,0,1,0,0,0,0,0.999990471552965,0.0043654098637504885,-0.7055616876419274,-0.7086485059123989,-0.9242966260655718,0.3816749232577385,-0.5560238649294927,0.8311663260917572,-0.29054575707471864,0.9568610991392004,0.1468654160461197,-0.989156483863701,-0.9972854365385321,-0.07363258835698702,-0.7326774830568314,0.6805760103188376,0.39963983139895004,-0.9166722452214962,0.9789464350058935,0.2041173128111673,0,0,1,0,99,4
1701834000,12,6,2,700,19.1,1.0,92,0,0,1,0,0,0,0,0.5439705233633756,-0.8391043258807425,-0.9589328250406132,-0.28363327918216646,-0.8011345951780408,0.5984842190140996,-0.44806014160260915,0.8940034169437217,-0.23021357807075407,0.9731401278705245,0.11588760099655933,-0.9932623338953623,-0.9983141624497176,-0.058041649290133286,-0.7273381776347689,0.6862792255014961,0.3960560405413001,-0.9182263406975145,0.9793432341874616,0.2022049199481623,0,0,1,0,99,5
1701834060,12,6,2,701,19.1,1.0,92,0,0,1,0,0,0,0,-0.41217341535790386,-0.9111054141383427,-0.9775237629179003,0.21082526634829296,-0.6281618953946932,0.7780826647433718,-0.3331045896236106,0.9428898834814625,-0.16898241997103944,0.985619065227906,0.08479662367127003,-0.9963982801139075,-0.999099164275976,-0.042436540187039476,-0.7219544792391829,0.6919405537374438,0.3924662063557551,-0.9197664251693045,0.9797362974722598,0.2002917557348473,0,0,1,0,99,5
1701834120,12,6,2,702,19.1,1.0,92,0,0,1,0,0,0,0,-0.9893670168342196,-0.14544038641504342,-0.7567827912998033,0.6536664338884767,-0.41613313140840114,0.9093036989610448,-0.2129510519332497,0.9770628687451604,-0.10709138913759518,0.994249181228016,0.053622843881987556,-0.9985612603210722,-0.9996402503703701,-0.026821070811284417,-0.7165267164632748,0.6975596494883844,0.38887038361876797,-0.9212924751370719,0.980125623360871,0.19837782746936225,0,0,1,0,99,3
1701834180,12,6,2,703,19.1,1.0,92,0,0,1,0,0,0,0,-0.6569411457329191,0.7539418618455402,-0.3507549986489571,0.9364672609988937,-0.17823122481920262,0.9839886333182142,-0.08947448430079347,0.9959891147292259,-0.04478216872134558,0.9989967754525602,0.022396702295648618,-0.9997491624033901,-0.9999372886344898,-0.011199053455758941,-0.7110552205897088,0.7031361697936755,0.3852686271981697,-0.9228044673151717,0.9805112103681354,0.19646314245276175,0,0,1,0,99,3
1701834240,12,6,2,704,19.1,0.5,92,0,0,1,0,0,0,0,0.279473385115912,0.960153439306371,0.14114985067939137,0.9899882421792622,0.07075223608034517,0.9974939203271522,0.03539830273366068,0.9993732836951247,0.017701925105413577,0.9998433086476912,-0.008851309290403876,-0.9999608263946371,-0.9999902065507035,0.004425697988050785,-0.7055403255703919,0.70866977429126,0.3816609920523317,-0.9243023786324636,0.9808930570231557,0.19454770798898718,0,1,0,0,99,4
1701834300,12,6,2,705,19.1,0.5,91,0,0,1,0,0,0,0,0.9589413745467228,0.2836043726433742,0.5984962937882848,0.8011255746271536,0.3153366656233036,0.9489798666534379,0.15971871109322489,0.9871625668180084,0.0801168932934608,0.9967854751193981,-0.040090677723143425,-0.9991960456085177,-0.9997989911998606,0.02004936896117015,-0.6999823680060913,0.7141601252384405,0.3780475332293278,-0.9257861862326637,0.981271161869303,0.19263153138483885,0,1,0,0,99,3
1701834360,12,6,2,706,19.1,0.5,91,0,0,1,0,0,0,0,0.7567630866040035,-0.6536892463193665,0.9093099708898409,0.4161194261751267,0.5403149886061247,0.8414628411805024,0.2815467623854851,0.9595475082507646,0.14221900672771448,0.9898352156421706,-0.07129089828943605,-0.9974555668404911,-0.9993636892644466,0.03566814516840596,-0.6943816871258898,0.7196068875324937,0.3744283058660939,-0.9272558674746938,0.9816455234642222,0.19071461994994804,0,1,0,0,99,3
1701834420,12,6,2,707,19.1,0.5,91,0,0,1,0,0,0,0,-0.1411796931706552,-0.9899839868584944,0.9974928538236488,-0.07076727047691461,0.7316991425705358,0.6816277318020025,0.3989813706164722,0.9169590317462396,0.20376575798421134,0.9790196708305302,-0.10242150450337505,-0.9947410896385376,-0.9986844070171862,0.05127821350955192,-0.6887386247664814,0.7250097287311226,0.3708033651875866,-0.9287113999330262,0.9820161403798376,0.1887969809967493,0,1,0,0,99,2
1701834480,12,6,2,708,19.1,0.5,91,0,0,1,0,0,0,0,-0.9093225141277265,-0.41609201542499075,0.8414546973619527,-0.540327671221366,0.8775897877771157,0.47941231147032193,0.5101900080017631,0.8600617162362019,0.2645168083164075,0.9643810751555119,-0.13345209785628734,-0.9910552646435797,-0.9977613102950975,0.06687576301030233,-0.6830535253513071,0.7303683190727478,0.3671727665059408,-0.9301527613980265,0.9823830112023585,0.1868786218404523,0,1,0,0,99,1
1701834540,12,6,2,709,19.1,0.5,91,0,0,1,0,0,0,0,-0.8414384091513941,0.5403530360836063,0.4793990842275326,-0.8775970134644963,0.9689161505167762,0.24738935560721262,0.6134373009496519,0.7897434252993856,0.3242349261728403,0.9459765920199573,-0.1643523775003615,-0.9864016910011756,-0.9965946244590063,0.08245698575264687,-0.6773267358695333,0.7356823314966341,0.3635365652196254,-0.931579929876292,0.982746134532284,0.18495954979901422,0,1,0,0,99,4
1701834600,12,6,2,710,19.1,0.5,91,0,0,1,0,0,0,0,6.0288706691585265e-05,0.999999998182636,-3.014435335948845e-05,-0.999999999545659,0.9999999998864147,-1.50721766814562e-05,0.7071121099856378,0.7071014523472988,0.3826869135812598,0.9238780905366516,-0.1950921698369112,-0.9807849128470145,-0.9951846343385268,0.09801807780451909,-0.6715586058548728,0.7409514416628525,0.3598948168125984,-0.9329928835909876,0.983105508984409,0.18303977219311154,0,1,0,0,99,4
1701834660,12,6,2,711,19.1,0.5,91,0,0,1,0,0,0,0,0.8415035574058807,0.5402515736888212,-0.4794519925452281,-0.8775681095188057,0.968908692684405,-0.24741856284563038,0.7897526710450653,0.6134253977275352,0.43964451678172034,0.8981718648809746,-0.2256414579803825,-0.9742104148696458,-0.9935316841625248,0.11355524014847192,-0.6657494873642518,0.7461753279720765,0.3562475768534598,-0.9343916009821783,0.9834611331878292,0.18111929634611235,0,1,0,0,99,1
1701834720,12,6,2,712,19.1,0.5,91,0,0,1,0,0,0,0,0.9092723362185879,-0.4162016561567134,-0.8414872714892108,-0.5402769400239504,0.8775753358042688,-0.4794387656291727,0.8600694058124533,0.5101770449416689,0.4948853175526281,0.8689582973139933,-0.25597041106933305,-0.9666846169547733,-0.9916361774750792,0.12906467960915324,-0.6598997349563215,0.7513536715852107,0.3525949009946041,-0.9357760607071574,0.9838130057859464,0.17919812958404827,0,1,0,0,99,1
1701834780,12,6,2,713,19.1,0.5,91,0,0,1,0,0,0,0,0.14106032243614638,-0.9900010027440429,-0.9974971184780542,-0.07070713279421359,0.7316785950108878,-0.6816497880898176,0.9169650451597972,0.39896755000261763,0.5481936017491368,0.8363514661918808,-0.28604941339576206,-0.958214867916346,-0.9894985770369622,0.14454260977935537,-0.6540097056698183,0.756486156442851,0.34893684497137084,-0.9371462416407726,0.9841611254364736,0.17727627923558656,0,1,0,0,99,2
1701834840,12,6,2,714,19.1,0.5,91,0,0,1,0,0,0,0,-0.7568419012610816,-0.6535979930320404,-0.9092848819352602,0.4161742465410129,0.540289623007414,-0.8414791282441333,0.9595517516643209,0.281532299883927,0.5993612016622668,0.8004787004923762,-0.3158490933243467,-0.9488094383205661,-0.9871194047126635,0.15998525194441188,-0.6480797590017714,0.7615724692845757,0.3452734646011943,-0.9385021228757492,0.9845054908114401,0.17535375263200217,0,1,0,0,99,2
1701834900,12,6,2,715,18.9,0.5,92,0,0,1,0,0,0,0,-0.9589071712941251,0.2837199972520434,-0.5984479938758073,0.801161655738729,0.3153080590956018,-0.9489893718421532,0.9871649740145142,0.1597038323864628,0.6481883089093543,0.7614800825978519,-0.34534035197334534,-0.9384775124098211,-0.9844992413429837,0.17538883600471677,-0.6421102568855613,0.7666122996680645,0.3416048157827517,-0.9398436837230073,0.9848461005971967,0.17343055710714975,0,1,0,0,99,2
1701834960,12,6,2,716,18.9,0.5,92,0,0,1,0,0,0,0,-0.2793576102663403,0.9601871305044031,-0.14109016531210986,0.9899967501220404,0.07072216723899125,-0.9974960526543551,0.9993738171110836,0.03538323999893738,0.6944842546815092,0.7195079012766077,-0.374494391629162,-0.9272291791344273,-0.9816387266032314,0.19074960139614014,-0.6361015636688295,0.7716053399880473,0.33793095449511035,-0.9411709037119792,0.9851829534944205,0.17150669999743565,0,1,0,0,99,1
1701835020,12,6,2,717,18.9,0.5,92,0,0,1,0,0,0,0,0.6570320493166915,0.7538626441008393,0.35081145641153216,0.9364461127317576,-0.17826088643928933,-0.983983260206127,0.9959877660408604,-0.0894894960145405,0.7380682543012335,0.6747260569984901,-0.4032827438668247,-0.9150754223009407,-0.9785385588470545,0.20606379800811597,-0.6300540460912397,0.7765512854950779,0.3342519367968734,-0.9424837625909207,0.9855160482181202,0.16958218864179003,0,1,0,0,99,1
1701835080,12,6,2,718,18.9,0.5,92,0,0,1,0,0,0,0,0.9893494728164958,-0.14555968067333058,0.7568221986283603,0.6536208072447929,-0.41616054159134735,-0.9092911544837531,0.9770596589983012,-0.2129657783732482,0.7787701131827185,0.6273094219070648,-0.43167729734891963,-0.9020281098466568,-0.9751994949359482,0.22132768709917786,-0.6239680732620949,0.781449834314135,0.3305678188253245,-0.9437822403272206,0.9858453834976407,0.16765703038163873,0,1,0,0,99,2
1701835140,12,6,2,719,18.9,0.5,92,0,0,1,0,0,0,0,0.41206355362767066,-0.9111551063193005,0.9775364715240298,0.2107663323217201,-0.6281853499080824,-0.7780637288557153,0.9428848627631359,-0.33311880098868984,0.8164308914380598,0.5774431569476385,-0.4596503252758348,-0.8880999822507707,-0.9716223500544774,0.2365375422097191,-0.6178440166378084,0.7863006874630465,0.3268786567955711,-0.945066317107706,0.9861709580766679,0.16573123256087538,0,1,0,0,99,1
1701835260,12,6,2,721,18.9,0.5,92,0,0,1,0,0,0,0,-0.9999899379137492,0.0044859860962648745,0.7055189628577446,-0.7086910420261656,-0.924308130989381,-0.3816470607602228,0.8311579455074176,-0.5560363923520552,0.8820533975763755,0.47114944956348237,-0.5142229820012509,-0.8576565307754271,-0.9637573685257683,0.26678031151546105,-0.6054831494288421,0.795858125395306,0.3194854258058527,-0.9475911896475467,0.9868108201797209,0.16187774762525764,0,1,0,0,99,2
1701835320,12,6,2,722,18.9,0.5,92,0,0,1,0,0,0,0,-0.536522042161478,0.8438863064861742,0.2793865543595699,-0.9601787090136331,-0.9899946234736917,-0.141105086702016,0.7553492856626053,-0.655322406643472,0.9097588709772145,0.4151370817913813,-0.5407693215265723,-0.8411709344097017,-0.9594714520009706,0.2818058423722779,-0.5992470932877865,0.8005641268419033,0.3157814696574965,-0.9488319468804535,0.9871251052628672,0.15995007521027702,0,1,0,0,99,1
1701835380,12,6,2,723,18.9,0.5,92,0,0,1,0,0,0,0,0.42022174485588953,0.9074214484737904,-0.21514942659255415,-0.9765811406313841,-0.994128045231444,0.10821011821594118,0.6677536528481364,-0.7443823339574701,0.9339117554559077,0.3575036125989008,-0.5667876089864259,-0.8238639489014253,-0.9549512942819192,0.2967625743743428,-0.59297446219279,0.805221265980458,0.31207269507243185,-0.9500582261052366,0.9874356247637708,0.15802179263437582,0,1,0,0,99,1
1701835440,12,6,2,724,18.9,0.5,92,0,0,1,0,0,0,0,0.9906155976046185,0.13667749552301828,-0.6570093243162466,-0.7538824495645917,-0.936451400117644,0.3507973420904214,0.5697379476169631,-0.8218264239151785,0.9544177345154423,0.29847409944986975,-0.5922524379646446,-0.8057524742282427,-0.9501979989002931,0.31164685605004694,-0.5866656389929246,0.8098292585632008,0.3083591586419959,-0.9512700086103841,0.987742377497894,0.15609290725336597,0,1,0,0,99,1
1701835500,12,6,2,725,19.1,0.5,91,0,0,1,0,0,0,0,0.6502420383735517,-0.7597271164910521,-0.9380104254460747,-0.34660704227478406,-0.820550742573177,0.5715736862930343,0.4628316722670164,-0.8864461873946535,0.9711967327464229,0.23827905132989188,-0.6171389424878762,-0.7868541959378154,-0.9452127263049878,0.32645505361548977,-0.5803210087462414,0.8143878233420149,0.3046409170301858,-0.9524672759055859,0.9880453622950683,0.15416342642535893,0,1,0,0,99,5
1701835560,12,6,2,726,19.1,0.5,91,0,0,1,0,0,0,0,-0.28796105219335977,-0.9576421212643548,-0.9893538601694428,0.14552985730709223,-0.6536322141284454,0.756812347054107,0.348703063469403,-0.9372332545994372,0.9841832285198314,0.17715352861368974,-0.6414228213067844,-0.7671875678781851,-0.9399966935788086,0.3411835518616152,-0.573940958696269,0.8188966820856021,0.3009180269727937,-0.9536500097220159,0.988344577999499,0.1522333575107376,0,1,0,0,99,5
1701835620,12,6,2,727,19.1,0.5,91,0,0,1,0,0,0,0,-0.9614140793741277,-0.275105376140123,-0.7984689650011837,0.6020359722889809,-0.4460740004253886,0.8949960816363893,0.22913305999310826,-0.9733951103319733,0.9933265098475862,0.11533622515937178,-0.665080361625807,-0.7467717941779041,-0.9345511741413373,0.3558287550368126,-0.5675258782483789,0.823355559596464,0.29719054527654143,-0.9548181920126113,0.9886400234697691,0.15030270787212824,0,1,0,0,99,1
1701835680,12,6,2,728,19.1,0.5,91,0,0,1,0,0,0,0,-0.750947435766512,0.660361983093894,-0.41209101962194344,0.9111426845159583,-0.21078106590019152,0.9775332947055968,0.10598751175115685,-0.9943674609282015,0.9985908724117705,0.05306853621402457,-0.688088462258297,-0.7256268104935293,-0.9288774974380447,0.37038708772476847,-0.5610761589460167,0.8277641837276992,0.2934585288182137,-0.9559718049523478,0.9889316975788438,0.1483714848743724,0,1,0,0,99,4
1701835740,12,6,2,729,19.1,0.5,91,0,0,1,0,0,0,0,0.14993681711330134,0.9886955804866999,0.0751811795375017,0.9971698903613917,0.03761721440117745,0.9992922221155811,-0.01881193616323041,-0.9998230398714517,0.9999557589892294,-0.009406384229561218,-0.7104246561844406,-0.7037732645427925,-0.922977048615726,0.38485499571735293,-0.5545921944468057,0.8321222853996139,0.28972203454379003,-0.957110830938511,0.9892195992140752,0.14643969588449884,0,1,0,0,99,4
1701835800,12,6,2,730,19.1,0.5,91,0,0,1,0,0,0,0,0.9129698518082046,0.4080270207833117,0.5440464039108651,0.8390551295306261,0.2836766385070983,0.9589199991476417,-0.1433178301056054,-0.9896767146769802,0.997415839727087,-0.07184457294402906,-0.7320671324899203,-0.6812324959424539,-0.9168512681843369,0.39922894688232846,-0.5480743804985193,0.8364295986161443,0.2859811194675758,-0.9582352525909659,0.9895037272772058,0.14450734827169542,0,1,0,0,99,5
1701835860,12,6,2,731,19.1,0.5,91,0,0,1,0,0,0,0,0.8366226151268321,-0.5477797001152385,0.8797100943251812,0.4755104099200992,0.5120984231961181,0.8589267750862407,-0.2655872972430715,-0.9640868153559203,0.990981032955707,-0.13400221013863856,-0.7529947576639026,-0.6580265153705288,-0.9105016516653137,0.41350543202566953,-0.541523114914927,0.8406858604810924,0.2822358406713325,-0.9593450527524214,0.9897840806843736,0.1425744494072809,0,1,0,0,99,6
1701835920,12,6,2,732,19.1,0.5,91,0,0,1,0,0,0,0,-0.008911595619283405,-0.9999602909433546,0.9999900726865629,-0.004455842044182302,0.7086804082392084,0.705529644294206,-0.38371236343503057,-0.9234526637284138,0.9806764664578257,-0.19563657157033057,-0.7731870962355524,-0.6341779830732337,-0.9039297492264633,0.42768096574828196,-0.5349387975515134,0.8448908112141716,0.27848625530340665,-0.9604402144886925,0.9900606583661156,0.14064100666467697,0,1,0,0,99,6
1701835980,12,6,2,733,19.1,0.5,91,0,0,1,0,0,0,0,-0.8462525264509585,-0.5327820018313022,0.8754376053812465,-0.48333114847312386,0.8612000779357617,0.5082660973972571,-0.49584972653150816,-0.8684083421401643,0.9665423793450973,-0.25650697637670183,-0.7926244307289241,-0.609710186737641,-0.8971371653035117,0.44175208729691307,-0.5283218302810735,0.8490441941668623,0.27473242057785763,-0.9615207210889587,0.9903334592673719,0.13870702741938,0,1,0,0,99,6
1701836040,12,6,2,734,19.1,0.5,91,0,0,1,0,0,0,0,-0.9055527871571002,0.42423360271436256,0.5365474803247321,-0.8438701329927379,0.9601744979410612,0.27940102631098374,-0.6002495204866958,-0.7998127988195062,0.948633964925225,-0.31637572692962224,-0.8112877809167417,-0.5846470187516472,-0.8901255582084044,0.4557153614090449,-0.5216726169691845,0.8531457558380763,0.27097439377358495,-0.9625865560660185,0.99060248234749,0.13677251904893306,0,1,0,0,99,7
1701836100,12,6,2,735,18.8,0.5,90,0,0,1,0,0,0,0,-0.1322919915216454,0.9912107893779389,0.06629181933715889,-0.9978002779559492,0.9994499181939906,0.03316415266557249,-0.6952826214333375,-0.7187364442775852,0.9270211551732747,-0.3750090370393858,-0.8291589223542691,-0.5590129528734616,-0.8828966397244532,0.46956737915156455,-0.5149915634495557,0.8571952458896295,0.26721223223345386,-0.9636377031565415,0.9908677265802286,0.13483748893289754,0,1,0,0,99,4
1701836160,12,6,2,736,18.8,0.5,90,0,0,1,0,0,0,0,0.7625974510230334,0.6468733474901962,-0.42019439103217676,-0.9074341153742778,0.9765843832906294,-0.21513470736462095,-0.7794660696158047,-0.626444447910339,0.9017883476488092,-0.4321779448847783,-0.8462204041751706,-0.5328330203333975,-0.8754521746884285,0.4833047587530059,-0.5082790774992584,0.8611924171615208,0.26344599336342084,-0.9646741463213163,0.9911291909537616,0.13290194445282522,0,1,0,0,99,4
1701836220,12,6,2,737,18.8,0.5,90,0,0,1,0,0,0,0,0.9563583139954668,-0.2921964668707481,-0.8038023596851244,-0.5948964334778163,0.8929995614438498,-0.4500575332789041,-0.8514862104810929,-0.5243769954532216,0.8730340759252245,-0.48765920710408944,-0.8624555661319862,-0.5061327853912996,-0.8677939805597005,0.496924146429161,-0.5015355688138374,0.8651370256870182,0.2596757346316572,-0.9656958697454956,0.991386874470682,0.13096589299222994,0,1,0,0,99,4
1701836280,12,6,2,738,18.8,0.5,90,0,0,1,0,0,0,0,0.2708477535528008,-0.9626221971237736,-0.9906114770998198,-0.1367073569275377,0.7538923520395793,-0.6569979615921431,-0.910219193818759,-0.4141268153644828,0.8408706248182544,-0.5412361705556629,-0.8778485548645799,-0.47893832037347833,-0.8599239269765315,0.5104222172018581,-0.49476144898230595,0.8690288307075485,0.2559015135676726,-0.9667028578388368,0.9916407761480053,0.12902934193655957,0,1,0,0,99,5
1701836340,12,6,2,739,18.8,0.5,90,0,0,1,0,0,0,0,-0.663678982427899,-0.7480175187009116,-0.934884356137408,0.3549524484343561,0.5679117676037555,-0.8230894387714971,-0.9547485110675735,-0.29741432483028024,0.8054235919161669,-0.5926996183437778,-0.8923843393806778,-0.45127618021352633,-0.8518439352996318,0.5237956757107076,-0.4879571314620232,0.8728675946873924,0.25212338776143683,-0.9676950952359407,0.9918908950171739,0.12709229867316782,0,1,0,0,99,6
1701836460,12,6,2,741,18.8,0.5,90,0,0,1,0,0,0,0,-0.40398249595507346,0.9147667150492026,-0.20643798699706092,0.9784596862030654,0.10377936643893754,-0.994600343405095,-0.9986491734851372,-0.0519598719922648,0.7252447421361512,-0.6884911502727306,-0.9188283708812899,-0.394657351209419,-0.8350620788927668,0.5501557274038783,-0.4742595663748501,0.8803850655832022,0.24455565257911935,-0.9696352576054571,0.9923797805289709,0.12321676508199471,0,1,0,0,99,8
1701836520,12,6,2,742,18.8,0.5,90,0,0,1,0,0,0,0,0.5514769744870444,0.8341901141889754,0.28793218456003195,0.9576508012289697,-0.14551494557438124,-0.9893560535087885,-0.9973354634998167,0.07295185566937777,0.6808260219507706,-0.7324451705313435,-0.9307107957178061,-0.3657559496909493,-0.8263643112123579,0.5631358851596348,-0.46736715483673286,0.8840633136714912,0.24076615867736564,-0.9705831529733789,0.9926185453066497,0.12127828953819604,0,1,0,0,99,5
1701836580,12,6,2,743,18.8,0.5,90,0,0,1,0,0,0,0,0.9999110578521441,-0.01333703059178224,0.7118065153508298,0.7023756008747093,-0.38576184306207034,-0.9225983960734783,-0.9804586671740625,0.19672519402267946,0.633748690719484,-0.7735390080735035,-0.9416843972567198,-0.3364973936945846,-0.8174647985370944,0.5759785613655318,-0.4604462176163836,0.8876876030917441,0.2369729909802548,-0.9715162384365339,0.9928535235462816,0.11933935135458495,0,1,0,0,99,5
1701836640,12,6,2,744,18.8,0.0,90,0,0,1,0,0,0,0,0.5290315259540843,-0.8486021709533231,0.9614057860636483,0.27513435722086477,-0.6020239375552833,-0.7984780389030324,-0.9482821412699473,0.31742870151970165,0.5841965844132856,-0.8116121923430246,-0.9517384599623535,-0.3069102537037296,-0.808365713555359,0.5886806206663637,-0.45349717713213844,0.8912577126360152,0.23317620736685893,-0.9724344997571855,0.9930847143514961,0.1173999579276213,1,0,0,0,99,6
1701836700,12,6,2,745,19.1,0.0,91,0,0,1,0,0,0,0,-0.42823715115227945,-0.9036663888697973,0.9756193901490984,-0.21946937272681427,-0.7808550994668647,-0.6247121846391287,-0.9013079897124868,0.43317884029628645,0.5323632029468761,-0.8465160483701081,-0.9608631662130951,-0.2770234210584837,-0.7990692776782511,0.6012389620365252,-0.4465204575176119,0.8947734244032187,0.2293758657714247,-0.973337922923796,0.9933121168403706,0.11546011665550152,1,0,0,0,99,5
1701836760,12,6,2,746,19.1,0.0,91,0,0,1,0,0,0,0,-0.9917865664060436,-0.1279038963304499,0.7509673416102893,-0.6603393459690063,-0.9111364733038093,-0.412104752478659,-0.840269228425824,0.5421693681504614,0.4784509545656371,-0.8781142773439177,-0.9690496058881397,-0.24686607974373714,-0.78957776049726,0.6136505195370826,-0.4395164845958098,0.8982345238124292,0.22557202418248906,-0.9742264941512392,0.9935357301454335,0.11351983493813046,1,0,0,0,99,6
1701836820,12,6,2,747,19.1,0.0,91,0,0,1,0,0,0,0,-0.643491986364181,0.7654528486360742,0.3424522969436224,-0.9395352171781732,-0.9847677942485156,-0.17387464280599801,-0.7661183468648947,0.6426995243478877,0.4226703654457646,-0.9062834888565188,-0.9762897850680705,-0.21646767789150556,-0.7798934792301785,0.625912263064279,-0.4324856858531395,0.9016407996159777,0.22176474064199472,-0.9751001998810116,0.9937555534136682,0.11157912017709314,1,0,0,0,99,3
1701836880,12,6,2,748,19.1,0.0,91,0,0,1,0,0,0,0,0.2964261583255705,0.955055774633264,-0.14990701345623575,-0.9887000997858916,-0.997171023392149,0.07516615000819327,-0.6800124447360528,0.7332005694242856,0.365239257594056,-0.9309136827397816,-0.9825766338407864,-0.18585789902532845,-0.7700187981553854,0.6380211990892903,-0.4254284904133183,0.9049920439123458,0.21795407324440425,-0.9759590267814386,0.9939715858065156,0.10963797977562646,1,0,0,0,99,4
1701836940,12,6,2,749,19.1,0.0,91,0,0,1,0,0,0,0,0.963811460090061,0.2665848258979956,-0.6055638587721383,-0.7957967158445666,-0.9475749880206227,0.3195334756762063,-0.5832951758431548,0.8122602648400962,0.3063818982576352,-0.951908678613683,-0.9879040132051502,-0.15506663307481236,-0.7599561280346426,0.6499743713890525,-0.4183453290111816,0.9082880521588547,0.21414008013581365,-0.9768029617478785,0.9941838264998778,0.1076964211385911,1,0,0,0,99,4
1701837000,12,6,2,750,19.1,0.0,91,0,0,1,0,0,0,0,0.7450729502920265,-0.6669829823489768,-0.9129575516827102,-0.40805454148374776,-0.8390633293988445,0.5440337574619116,-0.47747578081934605,0.8786449104905553,0.24632812416515168,-0.9691864914686324,-0.9922667210656196,-0.12412394718862174,-0.7497079255245411,0.661768861767981,-0.4112366339663935,0.9115286231841491,0.2103228195130653,-0.9776319919029218,0.9943922746841213,0.10575445167244309,1,0,0,0,99,4
1701837060,12,6,2,751,19.1,0.0,91,0,0,1,0,0,0,0,-0.15868219392454155,-0.9873297125739173,-0.996827395433612,0.07959361603194907,-0.6783827768922391,0.7347086551933184,-0.3642055359317603,0.9313185961832069,0.18531244401927394,-0.98267965181518,-0.9956604973120055,-0.09306005637441869,-0.7392766925767438,0.6734017907704067,-0.4041028391570599,0.9147135592004764,0.2065023496228598,-0.9784461045965885,0.9945969295640794,0.10381207878520571,1,0,0,0,99,1
1701837120,12,6,2,752,19.1,0.0,91,0,0,1,0,0,0,0,-0.9165456608473167,-0.39993005836265355,-0.8366391272115635,0.5477544804186207,-0.47552366901205834,0.879702927248347,-0.24525198546765434,0.9694593666699876,0.123573122745224,-0.9923354691509287,-0.9980820279793963,-0.061905293994420546,-0.72866497582717,0.6848703183835534,-0.39694437999324705,0.9178426658157577,0.20267872876086712,-0.9792452874065205,0.9947977903590559,0.10186930988644112,1,0,0,0,99,2
1701837180,12,6,2,753,19.1,0.0,91,0,0,1,0,0,0,0,-0.8317412740539448,0.5551634471352745,-0.47161242183848673,0.8818059443934574,-0.24309880255416996,0.9700015320589596,-0.12247135979697553,0.992472047983962,0.061351251071343295,-0.9981162377158188,-0.9995289484841894,-0.03069008214538658,-0.7178753659742708,0.6961716447308859,-0.3897616933904063,0.9209157520454534,0.19885201527083735,-0.9800295281381713,0.9949948563028281,0.0999261523872222,1,0,0,0,99,3
1701837240,12,6,2,754,19.1,0.5,91,0,0,1,0,0,0,0,0.01776220433321534,0.9998422396044413,0.00888145245887885,0.9999605591233189,0.0044407700166209495,0.9999901397322173,0.002220390481728404,0.9999975349300161,-0.0011101959250420757,-0.9999993837323141,-0.9999998459330667,0.0005550980480432917,-0.7069104971465471,0.7073030107556603,-0.3825552177427069,0.9239326303242191,0.1950222675437101,-0.9807988148249923,0.9951881266436493,0.09798261370010419,0,1,0,0,99,4
1701837300,12,6,2,755,18.9,0.5,91,0,0,1,0,0,0,0,0.8509351939710194,0.525270687990015,0.4872008374428276,0.8732899541360861,0.2517042370162984,0.967804203890458,0.1268774923095938,0.9919183948013208,-0.06356730763009857,-0.9979775535555198,-0.9994942605026603,0.03179973619764941,-0.6957730462594648,0.7182616988945079,-0.3753253928962788,0.9268931165173544,0.19118954401672386,-0.9815531357286151,0.9953776006442517,0.09603870123909643,0,1,0,0,99,3
1701837360,12,6,2,756,18.9,0.5,91,0,0,1,0,0,0,0,0.9017622905605737,-0.4322323117525429,0.8462364656975445,0.5328075113244262,0.48331795366796265,0.8754448901342752,0.24955471330524379,0.9683606998774462,-0.1257761903592125,-0.9920586423890088,-0.9980126858885634,0.06301332244450873,-0.6844657323619245,0.7290450337408892,-0.36807266012236683,0.9297970299320409,0.1873539031725241,-0.982292479339031,0.9955632775818498,0.09409442241963412,0,1,0,0,99,4
1701837420,12,6,2,757,18.9,0.5,91,0,0,1,0,0,0,0,0.12351329589860735,-0.992342917411246,0.9980838936209837,0.06187520742896127,0.6848813008730195,0.7286546532579619,0.3683377164655,0.9296920601086044,-0.18749391975660915,-0.9822657634542202,-0.9955565688232438,0.09416537725135425,-0.6729913159724447,0.7396503826982563,-0.3607974620903975,0.9326441933283712,0.1835154035382709,-0.9830168343747657,0.9957451567481425,0.09214978465855,0,1,0,0,99,4
1701837480,12,6,2,758,18.9,0.5,91,0,0,1,0,0,0,0,-0.7682932534017909,-0.6400980212258834,0.9055655749932976,-0.42420630521841407,0.8438620459584654,0.5365601992235288,0.48137293275405046,0.8765158866853267,-0.24847948940976328,-0.9686371577338252,-0.9921283076633347,0.12522548116532597,-0.6613525984052206,0.7500751566227634,-0.3535002428409609,0.9354344329301663,0.17967410368474607,-0.9837261897830529,0.9959232374493159,0.09020479537404606,0,1,0,0,99,1
1701837540,12,6,2,759,18.9,0.5,91,0,0,1,0,0,0,0,-0.9537345286904526,0.3006500437112895,0.5913332209037094,-0.8064273196362117,0.9503755362056127,0.31110503078846885,0.5868964854263191,0.8096619760086516,-0.30849475197428267,-0.9512260446415067,-0.9877312500476805,0.1561633045220503,-0.6495524210862237,0.7603168104553688,-0.3461814477587088,0.9381675784355823,0.17583006222545924,-0.9844205347400018,0.9960975190060464,0.08825946198566526,0,1,0,0,99,1
1701837600,12,6,2,760,18.9,0.5,91,0,0,1,0,0,0,0,-0.26231667667323905,0.9649818449790168,0.13232187086982847,-0.9912068010710522,0.9977992786806003,0.06630685835171127,0.683261714736121,0.7301735609948197,-0.36730534913419133,-0.9301004142012893,-0.9823696896284233,0.18694863706204273,-0.6375936648595081,0.7703728438431753,-0.3388415235451705,0.9408434630275048,0.17198333781575365,-0.9850998586507625,0.9962680007535027,0.08631379191426318,0,1,0,0,99,2
1701837660,12,6,2,761,18.9,0.5,91,0,0,1,0,0,0,0,0.670273918142016,0.7421137882148197,-0.35908648803956716,-0.9333042880579784,0.9831846947694971,-0.18261395338530634,0.768964873510262,0.6392910317745328,-0.42468162676613824,-0.905342761547949,-0.9760488618783255,0.21755141743051343,-0.6254792492838938,0.7802408017498551,-0.3314809181914887,0.9434619233837301,0.16813398915191097,-0.9857641511496881,0.9964346820413489,0.08436779258197977,0,1,0,0,99,2
1701837720,12,6,2,762,18.9,0.5,91,0,0,1,0,0,0,0,0.986617763744047,-0.16305026300100225,-0.7625779510977885,-0.6468963352033299,0.9074404485153088,-0.4201807139771352,0.842668592620235,0.5384325798198252,-0.48039953173383443,-0.8770497647852786,-0.9687749389784189,0.2479417625317701,-0.6132121319201985,0.7899182750550117,-0.32410008095107623,0.9460227996869345,0.1642820749702558,-0.9864134021004922,0.9965975622337464,0.08242147141221098,0,1,0,0,99,3
1701837780,12,6,2,763,18.9,0.5,91,0,0,1,0,0,0,0,0.39586978738073614,-0.9183066543585159,-0.9793637358914501,-0.20210559819248466,0.7752759502888261,-0.6316226728860813,0.9032227501801761,0.4291720675404672,-0.5342414868107552,-0.8453319074601606,-0.9605550237909749,0.27808999670955387,-0.6007953076091915,0.7994029011423319,-0.316699462312196,0.9485259356344274,0.1604276540462594,-0.9870476015964041,0.9967566407093569,0.08047483582958054,0,1,0,0,99,2
1701837840,12,6,2,764,18.9,0.5,91,0,0,1,0,0,0,0,-0.5588390458533631,-0.8292761426869235,-0.9563671216345017,0.29216763793503586,0.594908548461427,-0.8037933932096717,0.9496824188142243,0.31321446868745406,-0.5859972403145539,-0.8103130471266812,-0.9513971429236797,0.3079666807248138,-0.588231807740446,0.8086923644763854,-0.30927951397046544,0.9509711784476923,0.15657078519364281,-0.98766673996032,0.9969119168613444,0.07852789325991148,0,1,0,0,99,1
1701837900,12,6,2,765,19.0,0.5,91,0,0,1,0,0,0,0,-0.9997538375481824,0.022187030168153377,-0.6992184815320054,0.71490804659346,0.37755261448342536,-0.9259881334535178,0.9813226109321842,0.1923692628078641,-0.6354646871353813,-0.7721299316850319,-0.9413102388917886,0.33754264050262456,-0.5755246995122691,0.8177843971679285,-0.30184068880128756,0.9533583788817112,0.15271152726347947,-0.9882708077449498,0.9970633900973773,0.07658065113019796,0,1,0,0,99,2
1701837960,12,6,2,766,19.0,0.5,91,0,0,1,0,0,0,0,-0.521499561602246,0.8532515498073621,-0.27087677105340535,0.9626140321560251,0.13672228758321528,-0.9906094165098637,0.9976495919183909,0.06852219892172288,-0.6824506579520153,-0.7309316653838863,-0.930304161385911,0.3667889956201752,-0.5626770851828893,0.8266767795275779,-0.29438344083220963,0.9556873912340734,0.14884993914329722,-0.9888597957329627,0.9972110598396317,0.07463311686857685,0,1,0,0,99,1
1701838020,12,6,2,767,19.0,0.5,91,0,0,1,0,0,0,0,0.43621900626234744,0.8998405295248098,0.22378502013672655,0.9746385303087524,-0.11260876895528071,-0.9936394039863637,0.9984085846952548,-0.05639413096074909,-0.7267716735539261,-0.6868791265714991,-0.9183896576539555,0.39567718750801195,-0.5496921013130842,0.8353673406077149,-0.28690822521521153,0.9579580733538694,0.14498607975617966,-0.9894336949371265,0.9973549255247919,0.0726852979042994,0,1,0,0,99,2
1701838080,12,6,2,768,19.0,0.5,91,0,0,1,0,0,0,0,0.9928798314963556,0.11912027622436312,0.6636564336219596,0.7480375245348201,-0.3549383576518463,-0.9348897059372352,0.9835877454343449,-0.18043044929108396,-0.7682546613236668,-0.6401443394691997,-0.9055783620066239,0.424179007336997,-0.5365729180004349,0.8438539587324921,-0.27941549819892586,0.960170286650366,0.1411200080598672,-0.9899924966004454,0.9974949866040544,0.0707372016677029,0,1,0,0,99,2
1701838140,12,6,2,769,19.0,0.5,91,0,0,1,0,0,0,0,0.6366915185525545,-0.7711186096854635,0.9410416063292482,0.33829084403404747,-0.575199598385618,-0.8180130940376344,0.9534183483753694,-0.3016512108067574,-0.8067376310817407,-0.590909802420489,-0.8918827844567045,0.45226662356375086,-0.5233227381053919,0.8521345620158094,-0.27190571710079076,0.9623238961014657,0.1372517830458574,-0.9905361921962937,0.9976312425431287,0.06878883559018242,0,1,0,0,99,1
1701838200,12,6,2,770,19.0,0.5,91,0,0,1,0,0,0,0,-0.30486804029509035,-0.952394602046143,0.9880269738337468,-0.1542812333919083,-0.7596977140257526,-0.6502763899328083,0.9083711768690177,-0.41816480606765055,-0.8420703076547856,-0.5393677752389131,-0.8773162985032573,0.4799126091076827,-0.509944796469342,0.8602071288671359,-0.2643793402791376,0.964418770261948,0.13338146373850462,-0.9910647734285454,0.9977636928222396,0.06684020710416233,0,1,0,0,99,2
1701838260,12,6,2,771,19.0,0.5,91,0,0,1,0,0,0,0,-0.9661333288664309,-0.2580433894783372,0.7931088794983754,-0.6090798841374023,-0.8969615053438476,-0.4421086494644714,0.8491491769602298,-0.5281530793886979,-0.8741147176969102,-0.4857195284376067,-0.8618931280726186,0.5070899681330687,-0.4964423591248692,0.8680696884850515,-0.25683682710521527,0.9664547812714911,0.12950910919411976,-0.9915782322317012,0.9978923369361299,0.06489132364306802,0,1,0,0,99,2
1701838320,12,6,2,772,19.0,0.5,91,0,0,1,0,0,0,0,-0.7391400904300984,0.673551725347791,0.4040100708226276,-0.9147545368424774,-0.9784565746221131,-0.20645273449087873,0.7766764881502719,-0.629899700551255,-0.9027457284726566,-0.43017455727224563,-0.8456283336289784,0.5337721624100279,-0.482818722498399,0.8757203213383905,-0.2492786379351523,0.9684318048624773,0.12563477850006885,-0.9920765607710116,0.9980171743940611,0.06294219264129754,0,1,0,0,99,2
1701838380,12,6,2,773,19.0,0.5,91,0,0,1,0,0,0,0,0.16741513842849595,0.985886490132088,-0.08400449353431058,-0.9964653757487232,-0.99911595316778,0.04203941157578726,0.6920840225089049,-0.7218169475621181,-0.927851536497655,-0.3729497636665573,-0.828537797468093,0.5599331372286528,-0.4690772126054234,0.8831571596348673,-0.24170523408185923,0.9703497203675764,0.12175853077387154,-0.9925597514425961,0.9981382047198164,0.06099282153419321,0,1,0,0,99,2
1701838440,12,6,2,774,19.0,0.5,91,0,0,1,0,0,0,0,0.9200496610903988,0.39180176253743726,-0.5514518281149147,-0.8342067377267571,-0.9576551408849527,0.2879177506452518,0.5966918171697799,-0.8024704825242022,-0.9493341041288368,-0.3142686092149499,-0.8106382082084923,0.5855473468409921,-0.4552211842385018,0.8903783877770709,-0.2341170777868726,0.9722084107271113,0.117880425162299,-0.9930277968735597,0.9982554274517018,0.05904321775801332,0,1,0,0,99,1
1701838500,12,6,2,775,18.9,0.5,92,0,0,1,0,0,0,0,0.8267947683721899,-0.5625036986477305,-0.8838845226181219,-0.4677051963321925,-0.8566519702691965,0.5158947584865577,0.491988435592465,-0.8706017339996969,-0.9671095423993336,-0.25436024256976875,-0.7919470444953276,0.6105897794060392,-0.4412540201482366,0.8973822428057174,-0.2265146321921418,0.9740077624962025,0.11400052084047149,-0.9934806899221047,0.9983688421425482,0.057093388749903703,0,1,0,0,99,1
1701838560,12,6,2,776,18.9,0.5,92,0,0,1,0,0,0,0,-0.026611421427981424,-0.9996458534148893,-0.9999114594340064,0.013306888913466725,-0.7023863292684922,0.711795928940826,0.3796077390275217,-0.9251475365964139,-0.981108438603097,-0.1934586046207122,-0.7724825579327705,0.6350359814133715,-0.42717913021742326,0.904167014830051,-0.2188983613117615,0.9757476658516921,0.11011887701095537,-0.9939184236776407,0.9984784483597131,0.055143341947869365,0,1,0,0,99,1
1701838620,12,6,2,777,18.9,0.5,92,0,0,1,0,0,0,0,-0.8555511930921242,-0.5177182206554476,-0.8711251978491518,0.4910609836591339,-0.5044497082667736,0.8634410760611096,0.2613033906581489,-0.9652567213081475,-0.9912761273500305,-0.13180151496066433,-0.7522637552616317,0.6588620815615874,-0.4129999506285761,0.9107310474452892,-0.2112687300036505,0.9774280145988474,0.10623555290285971,-0.994340991460889,0.9985842456850822,0.05319308479074615,0,1,0,0,99,3
1701838680,12,6,2,778,18.9,0.5,92,0,0,1,0,0,0,0,-0.8979011434038442,0.4401971565947119,-0.5290571062774264,0.8485862232545117,-0.2751488476674837,0.9614016390808037,0.13892149027273704,-0.9903033977223353,-0.9975729040331677,-0.06962974320527361,-0.7313103797996011,0.6820448140682276,-0.3987199430250338,0.9170727381370105,-0.20362620394117933,0.9790487061778415,0.10235060777093262,-0.9947483868239851,0.9986862337150706,0.05124262471817234,0,1,0,0,99,1
1701838740,12,6,2,779,18.9,0.5,92,0,0,1,0,0,0,0,-0.11472492335334811,0.9933972981448904,-0.05745738357735032,0.9983479599180064,-0.028740564382016227,0.9995869046556198,0.014371766495114374,-0.9998967208306115,-0.9999741798743135,-0.007186068792756609,-0.7096428921622328,0.7045615413884168,-0.3843425936658486,0.923190538672385,-0.19597124958474776,0.9806096416700136,0.098464100894657,-0.9951406035505771,0.9987844120606251,0.04929196917056027,0,1,0,0,99,1
1701838860,12,6,2,781,18.9,0.5,92,0,0,1,0,0,0,0,0.9510360209453427,-0.3090800654595016,0.8090364841771667,0.58775842594577,0.45400527202568364,0.8909989971783835,-0.23345342450006654,-0.9723679851728931,-0.9930679697716801,0.11754151357521916,-0.6642508887554389,0.747509703473881,-0.3553099326828051,0.9347485500052624,-0.18062592559588117,0.9835518669610827,0.09068663914523838,-0.9958794773869684,0.9989693382148844,0.04539010141557074,0,1,0,0,99,1
1701838920,12,6,2,782,18.9,0.5,92,0,0,1,0,0,0,0,0.2537650480137331,-0.967265889198305,0.9917827103751873,0.12793379303705288,0.6603280271815468,0.7509772942762827,-0.3528616624994258,-0.9356755031196132,-0.9837874524305575,0.17933836299072597,-0.6405706975070254,0.7678992000877217,-0.34066170896673886,0.9401859390800635,-0.17293649256292973,0.9849329771817125,0.08679580294659275,-0.9962261232224621,0.9990560853181523,0.04343890409263279,0,1,0,0,99,1
1701838980,12,6,2,783,18.9,0.5,92,0,0,1,0,0,0,0,-0.6768163397642243,-0.7361519151833799,0.931705939442102,-0.36321349425415084,0.8255947838540862,0.5642634605154977,-0.46676361227311963,-0.8843821177849249,-0.9706652661409403,0.24043489993663053,-0.6162649998431557,0.7875388561641358,-0.32593031758020324,0.9453937952419975,-0.16523650437781978,0.986253972169947,0.08290364235078253,-0.9965575678730123,0.9991390213261147,0.041487541063478864,0,1,0,0,99,2
1701839040,12,6,2,784,18.9,0.5,92,0,0,1,0,0,0,0,-0.9851359060614224,0.17177673471265031,0.6435150601529656,-0.7654334506384766,0.9395300555699313,0.3424664577455166,-0.5733818719904229,-0.8192882452914593,-0.9537526527594719,0.3005925437436371,-0.5913575298651244,0.8064094939122546,-0.3111193549811273,0.9503708470676735,-0.157526431008143,0.987514771299061,0.07901021674738969,-0.9968738062811815,0.999218145922396,0.03953601977196579,0,1,0,0,99,2
1701839100,12,6,2,785,18.9,0.5,92,0,0,1,0,0,0,0,-0.38772606351274697,0.9217746469028693,0.19776925076605154,-0.980248602881654,0.9950498989703115,0.09937654934225174,-0.6710526993678471,-0.7414096537482675,-0.9331156556794735,0.35957638010006476,-0.5658726092946783,0.8244926864745572,-0.2962324370536107,0.9551158794812693,-0.1498067430370387,0.9887152976163738,0.07511558554529872,-0.9971748336215606,0.9992934588051601,0.03758434766255414,0,1,0,0,99,2
1701839160,12,6,2,786,18.9,0.5,92,0,0,1,0,0,0,0,0.5661573337391945,0.8242971997121707,-0.2963973686521434,-0.9550647097742044,0.9887023590985824,-0.14989211157661958,-0.7582519738110213,-0.6519616125292119,-0.9088348619329069,0.4171560783872076,-0.5398351237242685,0.8417707759203831,-0.281273198225157,0.9596277340511744,-0.14207791163447184,0.9898554778479468,0.07121980817179005,-0.9974606453008427,0.9993649596871111,0.035632532180279806,0,1,0,0,99,3
1701839220,12,6,2,787,18.9,0.5,92,0,0,1,0,0,0,0,0.9995182893196364,-0.031035291452596547,-0.717995575004678,-0.6960476666678093,0.9208820952401586,-0.38984120698830105,-0.8336189798068123,-0.552339928400844,-0.8810050874997386,0.4731067911154711,-0.5132704983166911,0.8582268904886025,-0.26624529057938057,0.9639053092728047,-0.13434040852847542,0.9909352424030555,0.06732294407163325,-0.9977312369578932,0.999432648295495,0.03368058077072561,0,1,0,0,99,3
1701839280,12,6,2,788,18.9,0.5,92,0,0,1,0,0,0,0,0.5139267392143615,-0.8578340787824261,-0.9638034236249698,-0.26661387925010005,0.7958058429196471,-0.6055518643146514,-0.8959776404338033,-0.44409916442465225,-0.8497350070535673,0.5272100319490078,-0.486204672977848,0.873844961062604,-0.2511523829644027,0.9679475608375188,-0.1265947059763584,0.9919545253784365,0.06342505270618003,-0.9979866044638166,0.9994965243721002,0.03172850087999289,0,1,0,0,99,1
1701839340,12,6,2,789,18.9,0.5,92,0,0,1,0,0,0,0,-0.4441666848300092,-0.895944170184236,-0.9736385803223484,0.22809628429214274,0.6212502377093538,-0.7836122396607084,-0.9443548696493042,-0.32892838152042436,-0.8151467295893495,0.5792545288901829,-0.4586640770268678,0.8886097368615153,-0.23599816009715488,0.9717535018875711,-0.11884127673588184,0.9929132645623109,0.059526193552456905,-0.9982267439220187,0.999556587673259,0.029776299954673093,0,1,0,0,99,2
1701839400,12,6,2,790,18.9,0.5,92,0,0,1,0,0,0,0,-0.9938953072212839,-0.11032732337689327,-0.745093055724214,0.6669605223036468,0.4080683016949204,-0.9129514013088668,-0.97799575697159,-0.20862478123551537,-0.777375321590387,0.6290370492922037,-0.4306756033883254,0.9025068003323309,-0.2207863216638081,0.9753222032570393,-0.11108059403640383,0.9938114014381801,0.055626426102257626,-0.9984516516682669,0.9996128379698479,0.02782398544181939,0,1,0,0,99,1
1701839460,12,6,2,791,18.9,0.5,92,0,0,1,0,0,0,0,-0.6298411677363565,0.7767239557426453,-0.3341227650560155,0.9425295633938082,0.16951465512779687,-0.9855276666318933,-0.9963753476054827,-0.08506566101579052,-0.7365682795966001,0.676363193478256,-0.4022665823317567,0.9155225812284086,-0.20552058141654744,0.9786527936986663,-0.10331313154999636,0.9946488811883987,0.05172580986123544,-0.9986613242707456,0.9996652750472894,0.02587156478891824,0,1,0,0,99,1
1701839520,12,6,2,792,18.9,0.5,92,0,0,1,0,0,0,0,0.3132860367040136,0.9496588119984416,0.15865243143670757,0.9873344954974584,-0.07957859166428352,-0.9968285949694307,-0.9992068341863537,0.0398208803931389,-0.6928849542336957,0.7210481538680822,-0.3734647547841147,0.9276443698605846,-0.19020466626691288,0.9817444600965631,-0.0955393633625346,0.9954256526975189,0.04782440434799511,-0.998855758530109,0.9997138987055519,0.023919045443861007,0,1,0,0,99,2
1701839580,12,6,2,793,18.9,0.5,92,0,0,1,0,0,0,0,0.9683795037912949,0.24948173607886706,0.6125839795167406,0.7904055086089884,-0.32372402705932385,-0.9461515493326078,-0.9864460323131236,0.1640860302819716,-0.6464959279523841,0.7629174366476269,-0.34429824524122477,0.9388603295079697,-0.1748423153759271,0.9845964476647195,-0.08775976394476126,0.9961416685554118,0.04392226909318471,-0.9990349514795295,0.999758708759151,0.02196643485491553,0,1,0,0,99,1
1701839640,12,6,2,794,18.9,0.5,92,0,0,1,0,0,0,0,0.7331493210037495,-0.6800676974476445,0.916533604797894,0.3999576868572196,-0.54774187038366,-0.8366473829688406,-0.9582920700310633,0.28579067254824764,-0.5975823489075595,0.8018075431636471,-0.31479553430469187,0.9491595079763061,-0.15943727924123308,0.9872080601312739,-0.07997480812332723,0.9967968850601596,0.04001946363858728,-0.9991989003847431,0.9997997050371497,0.020013740470697712,0,1,0,0,99,1
1701839760,12,6,2,796,18.9,0.5,92,0,0,1,0,0,0,0,-0.9234815780088051,-0.3836427701369688,0.8317580087191734,-0.5551383745801722,-0.8817988360675502,-0.47162571251991114,-0.857795346373455,0.5139913848889341,-0.49295467089331135,0.8700549939196184,-0.2548970440004961,0.9669681985255819,-0.12851420441806832,0.9917076682484567,-0.06439072818171633,0.997924763759387,0.03221208034738687,-0.9994810562885589,0.9998702556553423,0.016108130112478542,0,1,0,0,99,0
1701839820,12,6,2,797,18.9,0.5,92,0,0,1,0,0,0,0,-0.8217834856264904,0.5697998795643747,0.46378880993164623,-0.8859457882862739,-0.9710679142794992,-0.23880348794953357,-0.7870208027585845,0.6169264591709722,-0.43764914076748046,0.8991458333248762,-0.2245597544921215,0.9744603207224182,-0.11300371515481651,0.9935945653842965,-0.05659255523345575,0.998397357113964,0.02830762164184719,-0.9995992589818092,0.9998998097264068,0.014155229037193606,0,1,0,0,99,0
1701839880,12,6,2,798,18.9,0.5,92,0,0,1,0,0,0,0,0.03545855359210518,0.9993711477610087,-0.017732064727370864,-0.9998427745803359,-0.9999606928725588,0.008866380875648453,-0.703965062742588,0.7102346023940429,-0.38063460011273087,0.9247255274928996,-0.19400318619432566,0.9810008989529264,-0.09746563765521044,0.9952388906571443,-0.04879092816731252,0.9988090134397928,0.024402730996829252,-0.9997022090202143,0.9999255494836139,0.012202273964012331,0,1,0,0,99,0
1701839940,12,6,2,799,18.9,0.5,92,0,0,1,0,0,0,0,0.8601001621636173,0.51012519154235,-0.4949115115137503,-0.8689433789213052,-0.9666807588137113,0.25598498108160056,-0.6099241833697036,0.7924597721908666,-0.32213368949019705,0.9466941882653729,-0.163257177077498,0.98658354645346,-0.08190376531802432,0.9966402426285675,-0.04098632315439169,0.9991597076114928,0.020497467996159962,-0.9997899048328835,0.9999474748287741,0.01024927234286473,0,1,0,0,99,0
1701840060,12,6,2,801,18.9,0.5,92,0,0,1,0,0,0,0,0.1059275624303434,-0.9943738489710827,-0.9985924716747775,-0.05303843431379381,-0.7256164394202331,0.6880993989556328,-0.3949054323786691,0.9187217747924648,-0.2015914497288206,0.9794696970280563,-0.10131708388012287,0.9948541845486846,-0.0507238378443283,0.9987127175891686,-0.025370084852355874,0.99967812759637,0.012686063290674097,-0.9999195286612743,0.9999798819629508,0.006343159257249994,0,1,0,0,99,1
1701840120,12,6,2,802,18.9,0.5,92,0,0,1,0,0,0,0,-0.7795038357248097,-0.6263974537706143,-0.9017753195144049,0.4322051285150291,-0.5328202658894324,0.8462284350324767,-0.2772828564548513,0.9607883312760612,-0.14002083545661836,0.9901485573579505,-0.07018348324944229,0.9975340990056306,-0.03511339483992818,0.9993833346133081,-0.017559404697937788,0.9998458217678634,0.008780040778282644,-0.9999614546990957,0.9999903636283441,0.004390062693417029,0,1,0,0,99,1
1701840180,12,6,2,803,18.9,0.5,92,0,0,1,0,0,0,0,-0.9482630021806919,0.317485871646694,-0.5841721186231443,0.8116298022025479,-0.30689590889864604,0.9517430856598192,-0.15533337429570762,0.9878621071940706,-0.0779034428184317,0.9969609087607374,-0.038981349638401504,0.9992399383433234,-0.019494379403774662,0.9998099665294709,-0.009747652807961452,0.9999524905037916,0.004873884293271353,-0.999988122555411,0.9999970306344442,0.0024369493828292348,0,1,0,0,99,1
1701840240,12,6,2,804,18.9,0.5,92,0,0,1,0,0,0,0,-0.2451935375705356,0.9694741508331444,-0.12354320937804643,0.9923391937319478,-0.06189025071872073,0.9980829609135574,-0.030959966783271346,0.9995206253283515,-0.015481838903188173,0.9998801491499747,-0.00774115140096295,0.9999700368385982,-0.003870604694478365,0.9999925091815933,-0.0019353059714989746,0.9999981272936448,0.0009676534387822795,-0.9999995318233016,0.9999998829558185,0.0004838267760202487,0,1,0,0,99,1
1701840300,12,6,2,805,18.9,0.5,93,0,0,1,0,0,0,0,0.6833057347140384,0.7301323667027151,0.3673333862428549,0.9300893415964714,0.1869634434903367,0.9823668717939524,0.09389656065598893,0.9955819584027104,0.047000221261657885,0.9988948789544149,0.023506605939449195,0.9997236815626643,0.011754114967441826,0.9999309180045051,0.005877158986065068,0.9999827293519886,-0.0029385921809077266,-0.999995682328676,0.9999989205815865,-0.0014692976764408303,0,1,0,0,99,0
1701840360,12,6,2,806,18.9,0.5,93,0,0,1,0,0,0,0,0.9835768657283723,-0.18048974819626606,0.7682739577117872,0.6401211806383749,0.42419265632588754,0.9055719686028203,0.2172878636707302,0.9761075679972009,0.10929874656829122,0.9940089456330866,0.054731409478074984,0.9985011130772681,0.02737596503077039,0.9996252080348085,0.013689265232136597,0.9999062976186339,-0.0068447929612965195,-0.9999765741302729,0.999994143515419,-0.003422416523977862,0,1,0,0,99,0
1701840420,12,6,2,807,18.9,0.5,93,0,0,1,0,0,0,0,0.3795519623891559,-0.9251704209747201,0.9811142698418773,0.1934290296533588,0.6350476243348373,0.7724729864705169,0.337288462246697,0.9414013454607224,0.17117046260859023,0.9852414286510496,0.08590276872415237,0.996303525199788,0.042991131644863144,0.9990754539072082,0.021500535956015435,0.99976883675858,-0.010750889298566145,-0.9999422075196596,0.9999855517755393,-0.0053755223160360886,0,1,0,0,99,2
1701840480,12,6,2,808,18.9,0.5,93,0,0,1,0,0,0,0,-0.5734312647770955,-0.8192536753510116,0.953743591158287,-0.3006212938640479,0.8064184068658303,0.591345375451585,0.45202578717835057,0.8920048697881602,0.23237376165548454,0.9726265649744922,0.11699024537436405,0.9931330638374931,0.05859580259074419,0.9982817898362899,0.029310494397997367,0.999570355161729,-0.014656821590492326,-0.9998925830212285,0.9999731453947223,-0.007328607602110553,0,1,0,0,99,4
1701840540,12,6,2,809,18.9,0.5,93,0,0,1,0,0,0,0,-0.9992044316210529,0.03988112120852035,0.6928632183885503,-0.7210690401093782,0.9276499986819863,0.37345077312185454,0.5597094008850242,0.8286889564613054,0.29266964613595875,0.9562136153761107,0.14796348303532403,0.9889928248920997,0.07418616821180449,0.9972444095837538,0.03711866387847311,0.9993108649423746,-0.018562530237353908,-0.9998277013921886,0.9999569244202944,-0.009281664931774524,0,1,0,0,99,5
1701840660,12,6,2,811,18.9,0.5,93,0,0,1,0,0,0,0,0.4520795641768173,0.8919776161169622,-0.23240308074876903,-0.9726195597758053,0.9931313004270396,-0.11700521403808203,0.7473303198847489,0.6644527018388585,0.40960181772127274,0.9122644084471504,0.2094464031116906,0.9778201287678502,0.1053087632444465,0.9944395730178507,0.05272772981150123,0.9986089257106234,-0.026373038214970796,-0.9996521709351267,0.9999130389526698,-0.013187665920725705,0,1,0,0,99,7
1701840720,12,6,2,812,18.9,0.5,93,0,0,1,0,0,0,0,0.9948329140211382,0.10152572669136999,-0.6702515472972181,-0.742133992851483,0.9333097001669604,-0.35907242107165305,0.82433986348825,0.5660952123664124,0.46578148719844353,0.8848997718291073,0.23989604849902457,0.9707985815371557,0.12083339452081168,0.9926728014651041,0.060527673567121146,0.9981665195409792,-0.030277718366983942,-0.9995415247854836,0.9998853746268829,-0.015140594679806359,0,1,0,0,99,6
1701840780,12,6,2,813,18.9,0.5,93,0,0,1,0,0,0,0,0.6229414706214662,-0.7822684476443909,-0.9439990592273889,-0.3299481416492668,0.8154594231625713,-0.5788142441019974,0.8884858592296214,0.4589039964404334,0.5201422899359206,0.8540796205391021,0.2701114394661006,0.9628290659663069,0.13632852605689877,0.9906636830848062,0.06832392302551767,0.9976631904317224,-0.034181936518266696,-0.9994156268619484,0.9998538960423039,-0.01709346568212025,0,1,0,0,99,6
1701840840,12,6,2,814,18.9,0.5,93,0,0,1,0,0,0,0,-0.32167948802580176,-0.9468486188316789,-0.9866226783405293,0.16302052197242078,0.6469078288394643,-0.7625682008753121,0.938767330299503,0.34455173713441634,0.572471948162346,0.819924306608365,0.3000630711964028,0.953919364152014,0.15179037493857458,0.9884127083743951,0.07611600234380722,0.9970989691034674,-0.03808563309525359,-0.9992744790855682,0.9998186033190141,-0.01904627147805807,0,1,0,0,99,6
1701840900,12,6,2,815,18.9,0.5,92,0,0,1,0,0,0,0,-0.9705498088831128,-0.24090053648124807,-0.7876866561270567,0.6160760762757924,0.43813463896627003,-0.8989093603572588,0.9743996511589222,0.22482286320872838,0.6225661156822108,0.782567205806865,0.32972169642983384,0.9440781762668982,0.16721516637718872,0.9859204268770625,0.08390343593363005,0.9964738899933762,-0.04198874853233773,-0.9991180836100847,0.9997794965916447,-0.02099900461825926,0,1,0,0,99,5
1701840960,12,6,2,816,18.9,0.5,92,0,0,1,0,0,0,0,-0.7271011113730546,0.6865303881402984,-0.39589746896115763,0.9182947207025364,0.2021203593127912,-0.9793606896089245,0.9948267913584063,0.10158570369662134,0.6702291758433747,0.7421541968137826,0.3590583540221683,0.933315112063922,0.182599134631134,0.9831874470475918,0.09168574849017776,0.9957879912530557,-0.045891223272779696,-0.9989464428219001,0.9997365760093756,-0.022951657653640416,0,1,0,0,99,4
1701841020,12,6,2,817,18.9,0.5,92,0,0,1,0,0,0,0,0.1848409947348159,0.9827684400027525,0.09282122601336262,0.9956827908532798,-0.04646078532870562,-0.9989201146371215,0.9997299922071763,-0.02323666674545333,0.7152750054159076,0.6988430915643893,0.3880443972251183,0.9216406814926273,0.19793852392519834,0.9802144361038118,0.09946246502120343,0.9950413147462299,-0.04979299776961634,-0.998759559340042,0.9996898417359361,-0.024904223135423714,0,1,0,0,99,3
1701841080,12,6,2,818,18.9,0.5,92,0,0,1,0,0,0,0,0.926841142721418,0.3754537203955449,0.5588140476063818,0.8292929881518187,-0.29215322336762034,-0.9563715251281321,0.9890327408959049,-0.1476964367746696,0.7575277013993184,0.6528030189978178,0.4166515216593972,0.909066284436349,0.21322958936748326,0.9770021198637056,0.10723311087601266,0.9942339060461842,-0.05369401248656933,-0.9985574360161222,0.9996392939496032,-0.026856693615165312,0,1,0,0,99,3
1701841140,12,6,2,819,18.9,0.5,92,0,0,1,0,0,0,0,0.8167078184368716,-0.577051418249783,0.8879897010241118,0.4598633393467112,-0.5196809889986783,-0.8543603862968809,0.9629019644535162,-0.26985145330636917,0.7968222679200078,0.6042137646121738,0.44485179295346566,0.8956041995804211,0.22846859786366572,0.973551282568212,0.11499721177443387,0.9933658144329842,-0.05759420789895368,-0.9983400759342941,0.9995849328432012,-0.02880906164478378,0,1,0,0,99,1
1701841260,12,6,2,821,18.9,0.5,92,0,0,1,0,0,0,0,-0.86458174478646,-0.5024921955433742,0.8667445400876126,-0.49875234558677806,-0.8656651620536597,-0.500623438531009,0.8662053562900108,-0.4996881835049689,0.8659353854373226,0.5001558839477104,0.49992205195024636,0.8660704024349609,0.25877557609349366,0.9659374727266152,0.13050388360770113,0.9914477981030103,-0.06539190277469237,-0.9978596589959458,0.9994647715142204,-0.032713460563308094,0,1,0,0,99,0
1701841320,12,6,2,822,18.9,0.5,92,0,0,1,0,0,0,0,-0.889968112961789,0.4560227602995627,0.5215252820815293,-0.8532358291526332,-0.9626099493441341,-0.2708912797114064,0.7971484427982678,-0.6037833718680043,0.8954840511890774,0.4450936014660263,0.5267382644796055,0.8500275293971443,0.2738361468130674,0.9617763589829874,0.13824550809522282,0.9903979904520676,-0.06928928325481673,-0.9975966094699971,0.9993989717500206,-0.03466547655811879,0,1,0,0,99,0
1701841380,12,6,2,823,18.9,0.5,92,0,0,1,0,0,0,0,-0.09712190237828329,0.9952724933797895,0.04861844619180287,-0.9988174241020702,-0.9997043123099125,-0.02431641315993991,0.7156522944698563,-0.6984567226536158,0.9215358708844751,0.3882932379957087,0.5530401260325923,0.8331546189020705,0.28882986436475844,0.9573804413351232,0.145978694789474,0.9892877340124872,-0.073185606465728,-0.9973183378471708,0.9993293595825079,-0.03661736031467289,0,1,0,0,99,0
1701841440,12,6,2,824,18.9,1.0,92,0,0,1,0,0,0,0,0.7850177373512154,0.6194732859809036,-0.43619188095326605,-0.8998536786558422,-0.97464190312541,0.22377033018717848,0.6229886314423488,-0.7822308898871159,0.9439891127251193,0.32997659774057014,0.5788019532877502,0.8154681470604999,0.3037530682474665,0.95275079298327,0.15370297169659722,0.9881170965485999,-0.07708081295432778,-0.9970248483735498,0.9992559352772317,-0.03856910438712712,0,0,1,0,99,0
1701841500,12,6,2,825,18.5,1.0,92,0,0,1,0,0,0,0,0.945415689654786,-0.3258668037013981,-0.8142072229172983,-0.5805743691804702,-0.8889809810059128,0.45794411821723935,0.5206034391851252,-0.8537986057078213,0.9627560972821261,0.27037140593281933,0.6039985902579494,0.7969853844120416,0.31860211517499254,0.9478885441896746,0.16141786736654243,0.9868861495100827,-0.0809748432845575,-0.9967161455274222,0.9991786991142831,-0.040520701330171084,0,0,1,0,99,0
1701841560,12,6,2,826,18.5,1.0,92,0,0,1,0,0,0,0,0.23660281689758147,-0.9716064568723952,-0.9928762402415507,-0.11915020589072603,-0.7480475271968774,0.6636451589928438,0.4100944043797453,-0.9120430798467921,0.9777635398824176,0.2097104195709025,0.6286054328547828,0.7777243790607642,0.3333733799654944,0.9427948820026454,0.16912291092184195,0.9855949680275984,-0.08486763803830527,-0.9963922340192135,0.9990976513882949,-0.04247214369905562,0,0,1,0,99,1
1701841620,12,6,2,827,18.5,1.0,92,0,0,1,0,0,0,0,-0.6897415945654649,-0.7240556143876586,-0.9284545261852243,0.3714460833097728,-0.560604101256059,0.8280839580953651,0.2931859835536437,-0.9560554267654583,0.9889528367838019,0.1482305185084059,0.652598452914039,0.7577039390515289,0.3480632564265231,0.937471049966752,0.17681763208635048,0.9842436309082097,-0.08875913781631264,-0.9960531187914151,0.9990127924084393,-0.04442342404962123,0,0,1,0,99,1
1701841680,12,6,2,828,18.5,1.0,92,0,0,1,0,0,0,0,-0.981940764891358,0.18918862081154605,-0.6367147631351318,0.7710994166809965,-0.3383050275409778,0.9410365074429887,0.17170249351277814,-0.9851488485104646,0.9962802940213323,0.08617178044329644,0.6759542216587983,0.7369436140042521,0.36266815823542314,0.9319183478192314,0.18450156121394817,0.9828322206305692,-0.09264928323908087,-0.9956988050185078,0.9989241224984278,-0.04637453493832645,0,0,1,0,99,1
1701841740,12,6,2,829,18.5,1.0,92,0,0,1,0,0,0,0,-0.3713481244279862,0.9284937105246416,-0.1890850198658773,0.981960719816389,-0.09497178576717145,0.9954799645940617,0.04753964348803124,-0.9988693519660271,0.9997172980313053,0.02377654341964911,0.6986499325772353,0.7154636760240345,0.37718451981488155,0.9261381311726762,0.1921742293172055,0.9813608233398856,-0.09653801494777697,-0.9953292981068842,0.9988316419965089,-0.048325468922276286,0,0,1,0,99,1
1701841860,12,6,2,831,18.5,1.0,92,0,0,1,0,0,0,0,0.998812289042307,-0.04872382638983685,0.7241283817079113,0.6896651990676937,0.39391293513434306,0.9191477571826234,-0.20106248135514565,-0.9795784188064331,0.994881505207136,-0.10104845667690049,0.7419731992049647,0.6704295426527308,0.4059374689205649,0.913900854210327,0.20748390996613808,0.978238430601233,-0.10431099989638418,-0.9945447276521134,0.9986352506426242,-0.05222677640773236,0,0,1,0,99,1
1701841920,12,6,2,832,18.5,1.0,92,0,0,1,0,0,0,0,0.49866089672312836,-0.8667971562478072,0.9661255498763625,0.25807251282555527,0.6090679301910603,0.7931180595679168,-0.32162240316253093,-0.9468680107512125,0.9866275920404853,-0.16299078079570548,0.7625584504796027,0.6469193223286404,0.4201670368266409,0.9074467814501962,0.21511998808781552,0.9765876257280235,-0.10819513453010837,-0.9941296760805463,0.9985313405398316,-0.05417713502693632,0,0,1,0,99,1
1701841980,12,6,2,833,18.5,1.0,92,0,0,1,0,0,0,0,-0.459957024350746,-0.887941178091436,0.9715814886285751,-0.23670532514981996,0.7863540313210774,0.617776122414172,-0.43716351493796235,-0.8993820440764236,0.9745209192409426,-0.22429662940353828,0.7823990763681723,0.6227773962646933,0.43429402697671693,0.9007711685729881,0.22274293639418943,0.9748772149796578,-0.11207761823919644,-0.9936994553132396,0.9984236213434755,-0.05612728697683714,0,0,1,0,99,1
1701842040,12,6,2,834,18.5,1.5,92,0,0,1,0,0,0,0,-0.9956925784370406,-0.09271617574834355,0.7391603938754915,-0.6735294441417006,0.9147484474274064,0.4040238581187374,-0.5458828362759094,-0.8378615214099336,0.958608763106705,-0.2847266044735426,0.8014757028361941,0.5980273386419961,0.4483149904687573,0.8938756453338451,0.2303522896197853,0.9731073027507925,-0.11595839178172378,-0.9932540719148331,0.9983120934644719,-0.05807722481819786,0,0,1,0,99,2
1701842100,12,6,2,835,18.6,1.5,92,0,0,1,0,0,0,0,-0.6159929677799073,0.7877516509952246,0.32576705558172653,-0.9454500650471247,0.9862682355848039,0.1651513471832357,-0.6460838385290117,-0.7632664499318819,0.9389532602669532,-0.3440447282462835,0.8197697018816575,0.5726933174718021,0.4622265042856143,0.8867618951758702,0.23794758332890228,0.9712779970677474,-0.11983739594186077,-0.9927935326813293,0.9981967573282657,-0.0600269411125983,0,0,1,0,99,2
1701842160,12,6,2,836,18.6,1.5,92,0,0,1,0,0,0,0,0.3300477366569554,0.9439642427166514,-0.1673854194417015,-0.9858915363052498,0.9964666417661079,-0.08398947462256867,-0.7362029185702026,-0.6767608607837156,0.9156311650396451,-0.40201936471784816,0.837263209724949,0.5468000709958585,0.4760251721307086,0.879431654819139,0.24552835394396,0.9693894095819128,-0.12371457153077643,-0.9923178446399905,0.9980776133748294,-0.061976428422463405,0,0,1,0,99,2
1701842220,12,6,2,837,18.6,1.5,92,0,0,1,0,0,0,0,0.9726440741045344,0.23230046299853344,-0.6195561060152125,-0.7849523753064683,0.9447095784701424,-0.32790823769275124,-0.8148337982965457,-0.5796946447515489,0.8887335497075456,-0.45842412417348366,0.8539391442525291,0.5203728835299339,0.48970762525718653,0.8718867138367042,0.2530941387737928,0.9674416555629348,-0.12758985938754153,-0.991827015049231,0.9979546620586606,-0.06392567931109164,0,0,1,0,99,2
1701842280,12,6,2,838,18.6,1.5,92,0,0,1,0,0,0,0,0.7209959353983679,-0.6929392910919632,-0.9200378500616057,-0.39182949666151784,0.8342150492113882,-0.5514392547409379,-0.8807494691286899,-0.4735824876719271,0.8583654488829123,-0.513038747234589,0.8697812216973269,0.49343756077411205,0.5032705232903513,0.8641289142176971,0.26064447604189017,0.9654348538916795,-0.1314632003800313,-0.9913210513985062,0.9978279038487815,-0.0658746863426833,0,0,1,0,99,3
1701842340,12,6,2,839,18.6,1.5,92,0,0,1,0,0,0,0,-0.19353254126994537,-0.981093856605777,-0.9952622409711365,0.09722690829760817,0.6718530686475994,-0.7406844497819596,-0.9329213390693665,-0.3600802342659484,0.8246454493495821,-0.565649964966874,0.8847739725395617,0.46602040461396427,0.5167105550431671,0.856160149917632,0.2681789049145812,0.9633691270529775,-0.13533453540582766,-0.990799961408199,0.997697339228736,-0.067823442082369,0,0,1,0,99,3
1701842460,12,6,2,841,18.6,1.5,92,0,0,1,0,0,0,0,-0.8115681644677003,0.5842577465661262,-0.45592886146518175,0.890016220797724,0.23450349592519504,-0.972115276291275,-0.9930043495099291,-0.11807777883396382,0.7476890325643288,-0.6640490272434846,0.9121537773981656,0.4098481259909062,0.5432089257408671,0.8395975601414365,0.28319819902196014,0.9590614057873031,-0.14307095130161257,-0.9897124344442944,0.9974247927649218,-0.07172016995136608,0,0,1,0,99,2
1701842520,12,6,2,842,18.6,1.5,92,0,0,1,0,0,0,0,0.0531437907535685,0.9985868702843739,0.02658128773805108,0.9996466551448001,-0.013291818069772856,-0.999911659884212,-0.9999779147271733,0.00664605581484232,0.7047531284730695,-0.7094526255553792,0.9245140954997331,0.38114785480481245,0.5562607954885853,0.831007778184059,0.290682147556348,0.956819674281434,-0.14693591412341295,-0.9891460140650201,0.9972828119608349,-0.07366812721584506,0,0,1,0,99,2
1701842580,12,6,2,843,18.6,1.5,92,0,0,1,0,0,0,0,0.8689955898411542,0.49481983068246604,0.5025834106481898,0.8645287244165072,-0.2602607111950369,-0.9655383794589698,-0.9913471590363715,0.13126618098548876,0.6590651784969797,-0.752085826546907,0.9359716412763015,0.3520753992066848,0.5691768621409847,0.8222151175959624,0.2981483543506802,0.9545195434342774,-0.15079863488394496,-0.9885645005345572,0.9971370268259416,-0.07561580345880992,0,0,1,0,99,2
1701842640,12,6,2,844,18.6,1.5,92,0,0,1,0,0,0,0,0.8858968512072711,-0.4638822792703361,0.8555355864224282,0.5177440104577087,-0.491047853850463,-0.8711325991081119,-0.9672467624934477,0.2538379413049674,0.6108035931029845,-0.7917821484805551,0.9465152266288576,0.3226591479560474,0.5819539724256346,0.813221724979125,0.3055963637061761,0.9521611536339647,-0.15465905464284221,-0.9879679027260867,0.9969874379163678,-0.07756319125046778,0,0,1,0,99,0
1701842700,12,6,2,845,18.5,1.5,92,0,0,1,0,0,0,0,0.08830863309607147,-0.996093160964728,0.9990228127937639,0.04419750578523661,-0.6913040193050968,-0.722564013006888,-0.9280528037258677,0.3724486454486792,0.5601568327492403,-0.8283865780686814,0.9561345559252321,0.29292782552304464,0.5945890069943084,0.8040297959413708,0.3130257210347332,0.949744648824454,-0.15851711449484884,-0.987356229742957,0.9968340458027497,-0.07951028316212612,0,0,1,0,99,0
1701842760,12,6,2,846,18.5,1.5,92,0,0,1,0,0,0,0,-0.7904701350275293,-0.6125005841871171,0.8979144124545271,-0.44017008974536365,-0.8485782491159444,-0.5290698962588196,-0.8743768913514411,0.4852474130488386,0.5073226719510776,-0.8617561757970866,0.9648202360536098,0.26291046403948376,0.6070788811845279,0.7946415745603435,0.3204359728866724,0.9472701764967436,-0.16237275557071826,-0.9867294909185454,0.9966768510702316,-0.0814570717662211,0,0,1,0,99,0
1701842820,12,6,2,847,18.5,1.5,92,0,0,1,0,0,0,0,-0.9424943064466191,0.334222205000964,0.5769652480865013,-0.8167686958377396,-0.9530919934187202,-0.30268077586977704,-0.8070566200303969,0.5904740570635695,0.4525074269757517,-0.8917606341007573,0.9725637855947438,0.23263637494945058,0.6194205457726396,0.7850593528356472,0.3278266669784146,0.9447378876798705,-0.16622591903811135,-0.9860876958161151,0.9965158543184637,-0.08340354963634594,0,0,1,0,99,0
1701842880,12,6,2,848,18.5,1.5,92,0,0,1,0,0,0,0,-0.22799355905387356,0.9736626402558269,0.1147548686204055,-0.9933938393849207,-0.9983470937967718,-0.057472430847665464,-0.7271425000808527,0.6864865509069841,0.39592515018183416,-0.9182827862121189,0.979357643103917,0.20213512038718198,0.6316109877182386,0.775285470129288,0.33519735222008545,0.9421479369316923,-0.1700765461024943,-0.9854308542286699,0.9963510561615996,-0.08534970934727917,0,0,1,0,99,0
1701842940,12,6,2,849,18.5,1.5,92,0,0,1,0,0,0,0,0.6961234150868356,0.7179221343348046,-0.3755515048999241,-0.9268015252293246,-0.9815298072981087,0.1913092715613588,-0.6358815646166514,0.7717866517248658,0.33779679414933333,-0.9412190636947558,0.9851951744945658,0.17143648431014344,0.6436472308997595,0.7653223125945511,0.3425475787430477,0.9395004823294534,-0.17392457800803576,-0.9847589761788043,0.9961824572282941,-0.08729554347501305,0,0,1,0,99,1
1701843060,12,6,2,851,18.5,1.5,92,0,0,1,0,0,0,0,0.36311519237705925,-0.9317442551821671,-0.9827879362258592,-0.1847373064892862,-0.7696548923021558,0.6384601371701736,-0.42517047335735014,0.90511329046981,0.21781495532927705,-0.9759900845986629,0.9939793973213586,0.10956713786837996,0.6672454054287748,0.7448379481029347,0.3571848624291526,0.9340337114106039,-0.1816126215181589,-0.9833701519292224,0.9958338596194705,-0.09118620529108992,0,0,1,0,99,0
1701843120,12,6,2,852,18.5,1.5,92,0,0,1,0,0,0,0,-0.5878437802601598,-0.8089744680825501,-0.9510453375319575,0.3090513969532009,-0.5877706198198406,0.8090276252864301,-0.30900839366720273,0.9510593107915064,0.15642999905467883,-0.9876890479274097,0.9969175111129831,0.07845684187051573,0.6788015756204033,0.7343217421098587,0.3644710262079424,0.9312147287575134,-0.1854525158126556,-0.9826532269212557,0.9956538622737461,-0.09313101813774066,0,0,1,0,99,0
1701843180,12,6,2,853,18.5,1.5,92,0,0,1,0,0,0,0,-0.9983418923066761,0.057562714195259816,-0.6864536713445198,0.7271735398772633,-0.369341617017861,0.9292936941240006,-0.18802434134441126,0.982164368658322,0.0944341869814051,-0.9955311066607416,0.9988821518729679,0.04726993409799893,0.6901920261427253,0.7236262619950988,0.3717349445538455,0.9283389095570375,-0.18928958032993062,-0.9819213078340436,0.9954700668111632,-0.09507547571786411,0,0,1,0,99,1
1701843240,12,6,2,854,18.5,1.5,92,0,0,1,0,0,0,0,-0.49096907265595835,0.8711770025060053,-0.2537942055031938,0.9672582391755589,-0.12794874134676187,0.9917807820218032,-0.06410623206130915,0.9979430800456014,0.032069611428879305,-0.9994856377271265,0.9998714011629511,0.016036868037019116,0.701413976180608,0.7127541189067303,0.3789761741147256,0.9254064293343575,-0.19312375652110036,-0.9811744058357712,0.9952824739328456,-0.09701957061394559,0,0,1,0,99,0
1701843300,12,6,2,855,18.6,1.5,92,0,0,1,0,0,0,0,0.46779844817476307,0.8838351723513177,0.24100293322767077,0.9705243872132523,0.12139936735162113,0.9926037445056441,0.06081223353222533,0.9981492234394725,-0.030420195269980223,-0.9995371987673777,0.9998842929977892,-0.01521185775344882,0.7124646860558945,0.7017079671225599,0.38619427292325303,0.9224174670729517,-0.1969549858813535,-0.980412532323244,0.9950910843544032,-0.09896329540985399,0,0,1,0,99,0
1701843360,12,6,2,856,18.6,1.5,92,0,0,1,0,0,0,0,0.9964742331166823,0.08389936075155806,0.6767941486332613,0.7361723170398212,0.36319945137636067,0.9317114137542325,0.18478174456066745,0.9827795820412206,-0.09279121175730869,-0.9956855884367365,0.9989208147888241,-0.046445729422969886,0.7233414578962587,0.6904905034021214,0.39338880042387997,0.9193722052036709,-0.20078320995084364,-0.9796356989217142,0.9948958988059289,-0.10090664269087,0,0,1,0,99,0
1701843420,12,6,2,857,18.6,1.5,92,0,0,1,0,0,0,0,0.6089962036074962,-0.7931731362014582,0.9468825524323115,0.32157958874790366,0.5824175526424733,0.8128897799664797,0.3058677982670947,0.9520739939643557,-0.15479988054847518,-0.987945847191119,0.9969819073561764,-0.07763424762590612,0.7340416362938502,0.6791044663283013,0.4005593174997298,0.9162708295936036,-0.2046083703155816,-0.9788439174847039,0.9946969180319963,-0.10284960504371443,0,0,1,0,99,0
1701843480,12,6,2,858,18.6,1.5,92,0,0,1,0,0,0,0,-0.33839012696853565,-0.941005909636182,0.9851410837124249,-0.17174703834974567,0.7654237513788508,0.6435265968280777,0.4221808872816973,0.9065116096410674,-0.21620405911884805,-0.9763481985544571,0.9940694640100503,-0.10874695730351001,0.7445626089535755,0.6675526356387524,0.4077053864993983,0.9131135295347322,-0.2084304086083264,-0.9780372000938237,0.9944941427916566,-0.10479217505657644,0,0,1,0,99,1
1701843540,12,6,2,859,18.6,1.5,92,0,0,1,0,0,0,0,-0.9746621353757209,-0.2236821894224926,0.7822027197033045,-0.6230240005720115,0.9008396085241843,0.4341520467693251,0.531905984752322,0.8468034148399867,-0.2767639654651715,-0.9609379310964852,0.9901863287019482,-0.13975347742277255,0.7549018073308517,0.6558378315472612,0.41482657126366607,0.9099004977323788,-0.21224926650947612,-0.9772155590585884,0.9942875738584357,-0.10673434531914189,0,0,1,0,99,0
1701843660,12,6,2,861,18.6,1.5,92,0,0,1,0,0,0,0,0.20220892507028168,0.9793424072416762,-0.10163068620826037,-0.9948221969884056,0.998704710359475,-0.050881249058933195,0.7248728333504206,0.6888827008065549,-0.39440924126688837,-0.9189348999811017,0.9795240936243227,-0.2013269728810552,0.7750248295638841,0.631930782253462,0.4289925510696765,0.9033080267144376,-0.219877208102116,-0.9755275564315028,0.9938630580798098,-0.11061745695977931,0,0,1,0,99,0
1701843720,12,6,2,862,18.6,1.5,92,0,0,1,0,0,0,0,0.9333421683683805,0.35898801755129633,-0.5661324855759046,-0.824314265784384,0.9550691770192314,-0.2963829737144291,0.8051034013449543,0.5931344814987454,-0.45103520843790823,-0.8925061572613225,0.9727554053464115,-0.2318338227466793,0.7848037406723669,0.619744373614364,0.43603648149302604,0.8999289898693018,-0.22368617540060243,-0.9746612205964957,0.9936451128538035,-0.11255838352496064,0,0,1,0,99,0
1701843780,12,6,2,863,18.6,1.5,92,0,0,1,0,0,0,0,0.8063649263965292,-0.591418299917681,-0.8920253079138734,-0.4519854533512771,0.8520520680543171,-0.5234570405719665,0.8727706000353033,0.4881305969861106,-0.505899892772221,-0.8625921970972467,0.965036837923104,-0.26211429081867443,0.7943910532032301,0.6074066632748301,0.44305379849696014,0.8964950259970297,-0.2274917295232623,-0.9737800126304271,0.9934233771737071,-0.11449888071412062,0,0,1,0,99,0
1701843840,12,6,2,864,18.6,2.0,92,0,0,1,0,0,0,0,-0.06198051016190544,-0.9980773599075725,-0.9995192244043064,0.03100516160599342,0.6960584883449115,-0.7179850839697136,0.926818505417785,0.3755095977670121,-0.5587890488516163,-0.8293098328631502,0.956375928404503,-0.2921388087338362,0.8037844265516209,0.594920663309892,0.4500440737806176,0.8930063446890767,-0.23129381240202182,-0.9728839459794464,0.9931978518853749,-0.11643894112485227,0,0,0,1,99,1
1701843900,12,6,2,865,18.3,2.0,92,0,0,1,0,0,0,0,-0.8733413515152515,-0.48710869806801216,-0.8622959753089459,0.5064046316593026,0.49678736313472055,-0.8678722923504651,0.9664037180056959,0.2570288968671955,-0.6094961456534423,-0.7927890314791178,0.9467811340217753,-0.32187805805994457,0.812981567460156,0.582289421997367,0.4570068806936243,0.8894631588765683,-0.23509236602177414,-0.971973034316428,0.9929685378491173,-0.11837855735641478,0,0,0,1,99,0
1701843960,12,6,2,866,18.3,2.0,92,0,0,1,0,0,0,0,-0.8817561819054704,0.4717054543584236,-0.5139525978344581,0.8578185864034492,0.2666284058353037,-0.9637994050640022,0.9909085237962186,0.13453734599730627,-0.6578231730498302,-0.7531724058930022,0.9362618239288095,-0.3513029989247159,0.8219802305787883,0.5695160230736639,0.4639417942621338,0.8858656848173045,-0.2388873324212645,-0.9710472915407634,0.9927354359396977,-0.1203177220097618,0,0,0,1,99,0
1701844020,12,6,2,867,18.3,2.0,92,0,0,1,0,0,0,0,-0.07948844507877358,0.9968357874288818,-0.03977569968660647,0.9992086337269314,0.019891785654744882,-0.9998021388572169,0.9999505334908365,0.009946384840309288,-0.7035814150330049,-0.710614658179913,0.9248282700533956,-0.3803848983727449,0.8307782190129761,0.5566035849809338,0.4708483912147658,0.8822141420825597,-0.2426786536939748,-0.9701067317781481,0.992498547046329,-0.12225642768756957,0,0,0,1,99,0
1701844080,12,6,2,868,18.3,2.0,92,0,0,1,0,0,0,0,0.7958606015736018,0.6054798946809916,0.4441396769705497,0.8959575588946699,-0.22808160941352784,-0.9736420181192547,0.9933886495524434,-0.1147997863254662,-0.7465921866472573,-0.665281975433926,0.9124916370668626,-0.4090953584227484,0.8393733848600241,0.5435552601057465,0.4777262500084402,0.8785087535436817,-0.24646627198900695,-0.9691513693803672,0.9922578720726702,-0.1241946669942652,0,0,0,1,99,0
1701844140,12,6,2,869,18.3,2.0,92,0,0,1,0,0,0,0,0.9394990814384173,-0.3425514209230055,0.8193141707925615,0.5733448260327263,-0.4618739947037902,-0.886945552453116,0.9713252679852192,-0.23775454522141526,-0.7866875317498732,-0.6173513808110357,0.8992639714819658,-0.4374063437977119,0.8477636297334629,0.5303742340094812,0.4845749508541061,0.8747497453584886,-0.2502501295119659,-0.9681812189250751,0.9920134119368234,-0.12613243253605483,0,0,0,1,99,0
1701844260,12,6,2,871,18.3,2.0,92,0,0,1,0,0,0,0,-0.7024506962803134,-0.7117324070852071,0.9251303711059342,-0.37964957060083243,-0.8305569127401302,-0.5569337615009381,0.8823077018537632,-0.4706730492066982,-0.8575176526482409,-0.5144545416231165,0.8701880663463262,-0.4927197268107314,0.863921213656295,0.503626981599114,0.4981832084689758,0.8670717910297607,-0.25780633135188835,-0.9661966132805891,0.9915131399231654,-0.13000651275880537,0,0,0,1,99,0
1701844320,12,6,2,872,18.3,2.0,92,0,0,1,0,0,0,0,-0.9784379004686174,0.206541218468769,0.6298645812915785,-0.7767049692350272,-0.9425245273294025,-0.33413697099017103,0.8167426066363169,-0.577002178942952,-0.8879758383376634,-0.4598901070131037,0.8543682189235223,-0.5196681118689583,0.8716846080633058,0.49006728524307847,0.5049419346602744,0.8631533135089845,-0.26157856037050853,-0.9651821883740356,0.99125732995374,-0.13194281266132774,0,0,0,1,99,0
1701844380,12,6,2,873,18.3,2.0,92,0,0,1,0,0,0,0,-0.35485381126363746,0.9349218002761893,0.18038597468180656,-0.9835959028676841,-0.9958905318526942,-0.09056516198935413,0.7384325162089472,-0.6743273826601757,-0.9149664973812363,-0.4035298113769442,0.8377140954338014,-0.5461090498348548,0.8792351931749703,0.4763879459879024,0.511669841798448,0.859182153558808,-0.26534679802212796,-0.9641530359747896,0.9909977386388905,-0.13387860924212341,0,0,0,1,99,0
1701844440,12,6,2,874,18.3,1.5,92,0,0,1,0,0,0,0,0.5949812355249355,0.8037395905224659,-0.31325740971087507,-0.9496682553719656,-0.9873368866227894,0.15863755013872718,0.6485994333412853,-0.7611299331056187,-0.9383842318329999,-0.34559374046297575,0.820241958346126,-0.572016721581207,0.8865711256242239,0.4625923034480756,0.518366519246722,0.8551585535583667,-0.26911098680807644,-0.9631091717864508,0.9907343669688791,-0.13581389511671688,0,0,1,0,99,1
1701844500,12,6,2,875,18.3,1.5,92,0,0,1,0,0,0,0,0.9977932782684322,-0.06639709212258378,-0.7302044549722303,-0.6832286981228965,-0.9173954158711761,0.39797694774767006,0.5486451732460288,-0.8360553055114447,-0.9581375959410644,-0.286308133388274,0.8019688689058553,-0.597365828706215,0.8936906144483714,0.448683725631867,0.5250315582744208,0.8510827590874659,-0.2728710692914642,-0.9620506117371024,0.9904672159483883,-0.13774866290258067,0,0,1,0,99,1
1701844560,12,6,2,876,18.3,1.5,92,0,0,1,0,0,0,0,0.48323878253139313,-0.8754885944760086,-0.9683719828857112,-0.24951092713946563,-0.7904147414931815,0.6125720663156844,0.44012948872139646,-0.8979343145007,-0.9741494532413135,-0.22590449917974179,0.7829126704747286,-0.6221316182369524,0.9005919215263238,0.4346656081190733,0.531664552081915,0.8469550189115929,-0.2766269880980588,-0.9609773719790682,0.9901962865965183,-0.1396829052191638,0,0,1,0,99,1
1701844620,12,6,2,877,18.3,1.5,92,0,0,1,0,0,0,0,-0.47560322129518384,-0.8796599205907044,-0.969448276235175,0.2452958208055078,-0.6142899068007273,0.7890804207447767,0.3247457307303849,-0.945801358834078,-0.9863572777736468,-0.1646187127363138,0.7630919711071247,-0.6462899068002247,0.907273362002937,0.4205413732320373,0.5382650958254505,0.8427755849667328,-0.28037868591716025,-0.9598894688886666,0.9899215799467821,-0.1416166146879197,0,0,1,0,99,1
1701844680,12,6,2,878,18.3,1.5,92,0,0,1,0,0,0,0,-0.997177816819599,-0.07507597247387601,-0.73316982087163,0.6800455968264643,-0.3999715009682163,0.9165275764608679,0.20429442422534697,-0.9789094892943034,-0.9947133982445153,-0.1026900937425236,0.7425261253796137,-0.6698171042372225,0.9137333047003438,0.4063144692001366,0.5448327866418574,0.838544712343992,-0.2841261055024758,-0.9587869190659601,0.9896430970471022,-0.14354978393233453,0,0,1,0,99,0
1701844740,12,6,2,879,18.3,1.5,92,0,0,1,0,0,0,0,-0.6019517262811898,0.798532478504848,-0.31738582316728636,0.9482964933249642,-0.16078480443598475,0.9869894866017986,0.08065517155831149,-0.9967420645788455,-0.999185184182303,-0.0403604721302572,0.7212352154915403,-0.6926902366389116,0.9199701725161832,0.3919883693179482,0.5513672236731395,0.8342626592740287,-0.287869189672993,-0.9576697393345027,0.9893608389598061,-0.1454824055779552,0,0,1,0,99,0
1701844800,12,6,2,880,18.3,1.5,92,0,0,1,0,0,0,0,0.3467060053575308,0.9379738513674162,0.176105293265966,0.9843713352610934,0.08839871248753149,0.9960851708717215,-0.044242678085070965,-0.999020813314648,-0.9997551733586199,0.022126756261955736,0.6992400316550977,-0.7148869687796651,0.9259824428086272,0.3775665710972933,0.5578680080909402,0.8299296871112918,-0.2916078813138529,-0.9565379467410825,0.9890748067616226,-0.14741447225241752,0,0,1,0,99,1
1701844860,12,6,2,881,18.3,1.5,92,0,0,1,0,0,0,0,0.9766038345872008,0.21504639097082145,0.62647969202089,0.7794377431747905,0.33208602562077905,0.9432491036769636,-0.16845013553428265,-0.9857101763898362,-0.9964211399779302,0.08452758014448271,0.676562051794038,-0.7363856259272321,0.9317686477681121,0.36305259541336976,0.5643347431208848,0.8255460603180691,-0.29534212337722077,-0.9553915585554619,0.9887850015436778,-0.14934597658547438,0,0,1,0,99,0
1701844920,12,6,2,882,18.3,1.5,92,0,0,1,0,0,0,0,0.7086166021367329,-0.7055937295471035,0.9234700129260028,0.3836706077176726,0.5551258381134531,0.8317663757683622,-0.2900289849580881,-0.9570178618417637,-0.9891961033692368,0.14659832563545244,0.653223420570844,-0.757165215007746,0.9373273747756826,0.3484499856451812,0.5707670340667981,0.8211120464483459,-0.29907185888315707,-0.9542305922701142,0.9884914244114903,-0.15127691120902387,0,0,1,0,99,0
1701844980,12,6,2,883,18.3,1.5,92,0,0,1,0,0,0,0,-0.21086946636535486,-0.9775142291316227,0.9943626675241842,-0.10603247348896787,0.7436506147005353,0.6685684432094563,-0.4070820290743278,-0.9133916036425604,-0.9781082771458793,0.20809660780204897,0.6292469277628422,-0.777205445105105,0.9426572667478634,0.33376230681047175,0.5771644883347936,0.8166279161314753,-0.302797030920487,-0.9530550655999567,0.9881940764849677,-0.15320726875713725,0,0,1,0,99,1
1701845040,12,6,2,884,18.3,1.0,92,0,0,1,0,0,0,0,-0.9364831199655037,-0.35071265449036204,0.8218006615020342,-0.5697751071737155,0.8859387978787574,0.4638021630104179,-0.5177826942789717,-0.855512174960245,-0.9632009590319782,0.2687822771684872,0.6046559860083719,-0.7964867472747074,0.9477570224679708,0.31899314469537793,0.5835267154572368,0.8120939430556596,-0.3065175826476683,-0.9518649964820798,0.9878929588984021,-0.1551370418660872,0,0,1,0,99,4
1701845100,12,6,2,885,18.2,1.0,92,0,0,1,0,0,0,0,-0.8010985118825479,0.5985325172950651,0.44803319224413213,-0.894016923020774,0.9731435975797134,0.2301989107046621,-0.6204035337162974,-0.7842827649211291,-0.9445323617857487,0.3284183574945765,0.5794746079447414,-0.8149902936521933,0.9526253969037864,0.3041461049790106,0.5898533271165762,0.8075104039512465,-0.3102334572936593,-0.9506604030754743,0.9875880728004653,-0.15706622317437588,0,0,1,0,99,3
1701845160,12,6,2,886,18.2,1.0,92,0,0,1,0,0,0,0,0.07081237357015184,0.9974896529535338,-0.035428428178979524,-0.9993722161821225,0.999843041727581,-0.01771699491840461,-0.7133431835093137,-0.7008148846455801,-0.9221753858799258,0.38677197116286743,0.553727382760295,-0.8326980158385354,0.9572612015115142,0.2892248123531802,0.5961439371690447,0.8028775785738385,-0.31394459815878467,-0.9494413037607534,0.9872794193542053,-0.15899480532276297,0,0,1,0,99,3
1701845220,12,6,2,887,18.2,1.0,92,0,0,1,0,0,0,0,0.8776186893304462,0.47935940184574444,-0.510215933774248,-0.8600463364975588,0.9643770882019022,-0.2645313436083153,-0.795151351507471,-0.6064110224887427,-0.8962173348269779,0.4436152485607643,0.527439452183488,-0.8495926225435236,0.9616633045259457,0.27423290963747987,0.6023981616682276,0.798195749687218,-0.3176509486156007,-0.9482077171398727,0.986966999737041,-0.16092278095429377,0,0,1,0,99,4
1701845280,12,6,2,888,18.2,1.0,92,0,0,1,0,0,0,0,0.8775464294662774,-0.479491672639878,-0.8600847843788071,-0.510151118473792,0.8689508382163492,-0.49489841458940237,-0.8645514486106083,-0.5025443191453852,-0.8667595742607592,0.49872621790648564,0.500636485932415,-0.8656576164704166,0.9658306312367652,0.2591740568899436,0.608615618888497,0.7934652030460894,-0.3213524521097596,-0.9469596620358465,0.9866508151407586,-0.1628501427143272,0,0,1,0,99,4
1701845340,12,6,2,889,18.2,1.0,92,0,0,1,0,0,0,0,0.07066202936351883,-0.9975003145895389,-0.9993748832619166,-0.035353114505380104,0.7194974338054931,-0.6944950991528378,-0.9204605095148943,-0.39083557978206274,-0.8339171361058791,0.5518896720441221,0.47334465664876685,-0.8808773104252721,0.969762164250924,0.2440519305134954,0.6147959293483101,0.7886862273786374,-0.32504905216087204,-0.94569715749246,0.9863308667715058,-0.164776883250564,0,0,1,0,99,4
1701845400,12,6,2,890,18.2,1.0,92,0,0,1,0,0,0,0,-0.8011887146614145,-0.5984117675139673,-0.8939831563049628,0.44810056487692174,0.5253091637898002,-0.8509114421832984,-0.9620060920241873,-0.27302798191458466,-0.7978182693804977,0.6028980088229747,0.44559061434068903,-0.8952368426352254,0.9734569437410228,0.22887022235840837,0.620938715833371,0.7838591143689051,-0.3287406923633694,-0.9444202227739792,0.9860071558497887,-0.16670299521307466,0,0,1,0,99,4
1701845460,12,6,2,891,18.2,1.0,92,0,0,1,0,0,0,0,-0.9364302492977055,0.35085379889668755,-0.5697131739319851,0.8218435979238043,0.29845971426324497,-0.9544222330613963,-0.9885398912187096,-0.150959873705902,-0.7586039393866545,0.6515520417795105,0.4174014603595018,-0.9087221912607589,0.9769140676796396,0.21363263882099232,0.6270436034196536,0.7789841586389906,-0.3324273163873641,-0.943128877364857,0.9856796836104661,-0.16862847125432745,0,0,1,0,99,4
1701845520,12,6,2,892,18.2,1.0,92,0,0,1,0,0,0,0,-0.21072213129903983,0.9775460006469211,-0.10595753713889097,0.9943706554014256,0.05305348526993529,-0.9985916721566993,-0.9996478560364893,-0.026536087157875483,-0.7164272772437812,0.6976617779562402,0.38880472093569013,-0.9213201880877897,0.980132692059547,0.19834289993873028,0.6331102194962855,0.7740616577310655,-0.3361088679795094,-0.9418231409694353,0.9853484513027448,-0.17055330402921653,0,0,1,0,99,3
1701845580,12,6,2,893,18.2,1.0,92,0,0,1,0,0,0,0,0.7087229424210651,0.7054869175867313,0.3837402001441005,0.9234410965477796,-0.19565135247707893,-0.9806735176774632,-0.9951566504017001,0.09830178615502556,-0.6714529819149567,0.7410471598201512,0.35982832030000694,-0.9330185313862076,0.9831120310997642,0.18300473848208468,0.63913819378829,0.7690919120892133,-0.3397852909638575,-0.9405030335116451,0.9850134601901755,-0.1724774861950899,0,0,1,0,99,3
1701845640,12,6,2,894,18.2,0.5,92,0,0,1,0,0,0,0,0.9765714113225485,-0.21519358398308666,0.7794849530244592,0.6264209511250854,-0.4321915367489943,-0.9017818336840362,-0.9751363580761503,0.22160569297286092,-0.6238566770609814,0.7815387683835208,0.3305005534159355,-0.9438057979223058,0.9858513574373943,0.1676218990431951,0.6451271583791853,0.7640752250410934,-0.34345652924271697,-0.9391685751347022,0.9846747115506476,-0.17440101041177747,0,1,0,0,99,4
1701845700,12,6,2,895,18.1,0.5,92,0,0,1,0,0,0,0,0.3465646283438878,-0.9380260968549131,0.9843846039163029,0.17603110967253321,-0.6418601445515475,-0.7668217229814676,-0.93989938902562,0.3414515170697975,-0.5738242252337393,0.8189784847814372,0.30085005835013795,-0.9536714541133747,0.9883500023051992,0.15219813712168961,0.6510767477334414,0.759011902779426,-0.3471225267975085,-0.9378197862007993,0.9843322066763841,-0.176323869341619,0,1,0,0,99,4
1701845760,12,6,2,896,18.1,0.5,92,0,0,1,0,0,0,0,-0.6020720756694736,-0.7984417422073145,0.9482725721561587,-0.3174572867274317,-0.8116209973649744,-0.5841843515845697,-0.8899956043668333,0.4559691044442761,-0.5215510020869119,0.8532201077225842,0.27090578830786904,-0.9626058663135666,0.9906073556948704,0.1367372182078336,0.6569865987187891,0.7539022543433046,-0.35078322768961984,-0.9364566872907963,0.9839859468739369,-0.17824605564949209,0,1,0,0,99,4
1701845820,12,6,2,897,18.1,0.5,92,0,0,1,0,0,0,0,-0.9971664899099553,0.07522626802293965,0.6799903425700472,-0.7332210676265855,-0.9309191875846651,-0.3652252266570688,-0.8262037359686377,0.5633714464467166,-0.46724113343822987,0.8841299244021539,0.2406969833606626,-0.9706003102209874,0.9926228665059523,0.12124291686323913,0.662856350628385,0.7487465915993338,-0.3544385760612593,-0.9350792992039054,0.983635933464182,-0.18016756200284023,0,1,0,0,99,3
1701845880,12,6,2,898,18.1,0.5,92,0,0,1,0,0,0,0,-0.47547063199610207,0.8797315943566124,0.2452227616305097,-0.9694667591920345,-0.9923373315541532,-0.1235581660756696,-0.7495192346016444,0.661982565451814,-0.4111066981625245,0.9115872326474889,0.2102531418938979,-0.9776469793968293,0.9943960426803873,0.10571901579936002,0.6686856452028263,0.7435452292225941,-0.35808851613630804,-0.9336876429573742,0.9832821677823141,-0.18208838107170075,0,1,0,0,99,3
1701845940,12,6,2,899,18.1,0.5,92,0,0,1,0,0,0,0,0.4833707322298039,0.8754157499289256,-0.2495839037989774,-0.9683531767720199,-0.9920567465553621,0.12579114282806264,-0.6611387362618898,0.7502636679288364,-0.35336690002825927,0.935484812257483,0.179603991802127,-0.9837389928882262,0.9959264513226431,0.09016930495399704,0.6744741266520173,0.7382984846774362,-0.36173299222117117,-0.9322817397861647,0.982924651177842,-0.18400850552873269,0,1,0,0,99,3
1701846060,12,6,2,901,18.1,0.5,92,0,0,1,0,0,0,0,0.5948600877161377,-0.803829258015873,-0.9496918600303661,-0.31318584098273583,-0.8103042147807007,0.5860094534294068,-0.45496733210780815,0.8905081283821633,-0.23397849432996692,0.9722417724985292,0.11780965049916516,-0.993036195840446,0.9982575308607609,0.05900764424866507,0.6859272394909445,0.7276701327691913,-0.3690053300636785,-0.9294272786961848,0.9821983706706565,-0.1878466413112238,0,1,0,0,99,2
1701846120,12,6,2,902,18.1,0.5,92,0,0,1,0,0,0,0,-0.35499472029806434,-0.9348683054636622,-0.9835823060282404,0.18046009882566544,-0.640132760126497,0.7682643096049905,-0.34039366209949434,0.9402830184590676,-0.17279609593525602,0.9849576179864461,0.08672480041358972,-0.9962323067403621,0.999057632656986,0.04340330206123635,0.6915911718417044,0.7222891741059243,-0.3726330808543947,-0.9279787643329788,0.9818296095384826,-0.18976463799536156,0,1,0,0,99,4
1701846180,12,6,2,903,18.1,0.5,92,0,0,1,0,0,0,0,-0.9784690196122566,-0.20639374423424112,-0.7766574998782414,0.6299231126755704,-0.4301609508802662,0.9027522120370491,-0.2205082628417254,0.9753851065187148,-0.11093893248378867,0.9938272250544142,0.05555526503215395,-0.9984556136990803,0.9996138288606957,0.027788363580100107,0.6972128930319275,0.7168641306342856,-0.3762551457227625,-0.9265160901555584,0.9814571030247726,-0.19168191078508376,0,1,0,0,99,3
1701846240,12,6,2,904,18.1,1.0,92,0,0,1,0,0,0,0,-0.7023434147360162,0.7118382736106231,-0.3795798508807975,0.9251589792059046,-0.19344381715900788,0.9811113543339269,-0.09718190589320902,0.9952666362171313,-0.04864855487508726,0.9988159580766447,0.02433148087720227,-0.9997039456950855,0.9999259836845639,0.012166640968536861,0.7027920599407278,0.7113953334709671,-0.37987146940052824,-0.9250392784825321,0.9810808525505256,-0.19359845236657747,0,0,1,0,99,4
1701846300,12,6,2,905,18.0,1.0,92,0,0,1,0,0,0,0,0.2195134866259111,0.9756094655082719,0.11043218392236956,0.9938836615792292,0.055300716183295164,0.9984697445539422,0.027660942193441066,0.999617362932923,0.01383179429931263,0.9999043361574453,-0.006916062555914125,-0.9999760837533679,0.9999940209204673,-0.0034580519539247237,0.7083283320445133,0.7058831164031604,-0.3834819967070421,-0.923548351848229,0.9807008595510226,-0.19551425542881906,0,0,1,0,99,4
1701846360,12,6,2,906,18.0,1.0,92,0,0,1,0,0,0,0,0.9395507007222859,0.3424098140711822,0.5734065686442813,0.8192709606934638,0.300606918837987,0.9537481220672112,0.1520721505286041,0.9883693950308283,0.07625813061297684,0.9970881092037023,-0.03815685257131214,-0.9992717621357321,0.9998179239580905,-0.019081900642597186,0.7138213714377698,0.7003278158681843,-0.3870866725500994,-0.9220433330023552,0.9803171254758215,-0.19742931266360217,0,0,1,0,99,4
1701846420,12,6,2,907,18.0,1.0,92,0,0,1,0,0,0,0,0.795769333534644,-0.6055998413191904,0.895991027108863,0.4440721555562843,0.5272228392452833,0.8497270607543002,0.27411032381661565,0.9616982532879792,0.1383866805585365,0.990378274521402,-0.06936038306770646,-0.997591668600285,0.9993977357889813,-0.03470109075890063,0.7192708428536849,0.6947297709329504,-0.39068544192678184,-0.9205242449096467,0.9799296517887512,-0.19934361676556553,0,0,1,0,99,2
1701846480,12,6,2,908,18.0,1.0,92,0,0,1,0,0,0,0,-0.07963868902644415,-0.9968237954674584,0.9992056333576834,-0.03985100081893557,0.7210585970706318,0.6928740863898232,0.39187109718004004,0.9200201319508784,0.19997483347801748,0.9798010338713872,-0.1004961843270998,-0.9949374437298526,0.9987335589960549,-0.05031180910157879,0.724676413684611,0.6890893232732681,-0.3942782499242964,-0.9189911107495187,0.9795384399679061,-0.20125716043222083,0,0,1,0,99,2
1701846540,12,6,2,909,18.0,1.0,92,0,0,1,0,0,0,0,-0.8818272681692509,-0.4715725491514069,0.8577798520457935,-0.514017242341438,0.8700624237206885,0.49294155721472804,0.5035168531366512,0.8639854041633829,0.2607820889522679,0.965397691152041,-0.13153385276794535,-0.9913116793299777,0.9978255557285496,-0.06591024453763744,0.7300377540023658,0.6834068171529907,-0.3978650417208135,-0.9174439539157121,0.9791434915056404,-0.2031699363639806,0,0,1,0,99,2
1701846600,12,6,2,910,18.0,1.0,92,0,0,1,0,0,0,0,-0.8732679237120532,0.4872403240862148,0.5063396468349013,-0.8623341359607118,0.9649699829426591,0.2623603095356538,0.6073053970056359,0.7944684731113166,0.32057099594994815,0.9472244911084481,-0.1624430806337284,-0.9867179158980666,0.9966739476624406,-0.08149258893277783,0.7353545365783697,0.677682599403003,-0.40144576258630316,-0.915882798015937,0.9787448079085622,-0.20508193726418603,0,0,1,0,99,4
1701846660,12,6,2,911,18.0,1.0,92,0,0,1,0,0,0,0,-0.06183007747535922,0.99808669038285,0.030929836866284966,-0.999521558142407,0.9998803823814144,0.015466768531161397,0.7016171432728959,0.7125541272532078,0.3791080800687267,0.9253523996978685,-0.19319368558797598,-0.9811606391661531,0.9952790159463207,-0.09705503808109808,0.7406264369036181,0.6719170194000528,-0.4050203578833706,-0.9143076668715112,0.9783423906975286,-0.20699315583913486,0,0,1,0,99,4
1701846720,12,6,2,912,18.0,1.0,92,0,0,1,0,0,0,0,0.8064540568481686,0.591296756454093,-0.45205267588297,-0.8919912433578294,0.9726230624856244,-0.23238842122852268,0.7849803886813105,0.6195206125592099,0.43616475524782494,0.8998668269691937,-0.22375564018679642,-0.9746452757206577,0.9936411011327626,-0.11259379263383548,0.7458531332084875,0.6661104290454266,-0.4085887730680895,-0.9127185845169985,0.9779362414076386,-0.2089035847981091,0,0,1,0,99,4
1701846780,12,6,2,913,18.0,1.0,92,0,0,1,0,0,0,0,0.9332880504589218,-0.3591286884538535,-0.8243569276878352,-0.5660703629170788,0.8848927513877257,-0.46579482451124404,0.8560942776678407,0.5168196859102583,0.49151821639169274,0.8708672935385329,-0.2540991012001687,-0.9671781877034171,0.9917606030951767,-0.12810505902692298,0.7510343064823747,0.6602631827434713,-0.4121509536908345,-0.9111155751998402,0.9775263615882285,-0.21081321685340298,0,0,1,0,99,7
1701846840,12,6,2,914,18.0,1.0,92,0,0,1,0,0,0,0,0.20206131455610385,-0.9793728734041286,-0.9948298531417643,-0.1015557152401366,0.7421440949169293,-0.6702403616464259,0.9138491017795076,0.4060539609174956,0.5449523094191382,0.8384670419633367,-0.2841944387533501,-0.9587666665991619,0.9896379809301888,-0.14358505040713354,0.7561696404931679,0.6543756373799633,-0.41570684539711195,-0.9094986633799863,0.9771127528028652,-0.2127220447203506,0,0,1,0,99,7
1701846900,12,6,2,915,18.0,1.0,92,0,0,1,0,0,0,0,-0.714939662096101,-0.6991861551560592,-0.9217337346425103,0.3878233134069823,0.5532525131407077,-0.8330135993508696,0.9573436163026496,0.28895189967287843,0.5962583753403895,0.8027925945326347,-0.31401226525994597,-0.9494189261155043,0.9872737528455581,-0.1590299875565859,0.7612588218065476,0.6484481523003262,-0.4192563939283895,-0.9078678737295219,0.9766954166293405,-0.21463006111735386,0,0,1,0,99,7
1701846960,12,6,2,916,18.0,1.0,92,0,0,1,0,0,0,0,-0.9746284105303279,0.2238290896803332,-0.6229650513149461,0.7822496691211615,0.3299623697323973,-0.9439940860834779,0.98589910388525,0.16734084067633054,0.645236065065984,0.7639832592002035,-0.34352346411838924,-0.939144094162393,0.9846684960336634,-0.17443609981538652,0.766301539805117,0.6424810892876979,-0.42279954512292356,-0.9062232311322905,0.976274354659665,-0.21653725876591012,0,0,1,0,99,8
1701847020,12,6,2,917,18.0,1.0,92,0,0,1,0,0,0,0,-0.33824829305217113,0.9410569017053605,-0.17167279675976546,0.9851540239235083,0.08615676432089285,-0.9962815927044694,0.9990699656942124,0.04311848382962152,0.6916941217656756,0.7221905855899886,-0.37269921814380785,-0.9279522039388636,0.9818228465305907,-0.1897996260021821,0.7712974867073605,0.636474812540849,-0.4263362449165863,-0.9045647606835149,0.9758495685000621,-0.21844363039064005,0,0,1,0,99,8
1701847080,12,6,2,918,18.0,1.0,92,0,0,1,0,0,0,0,0.6091157451462272,0.7930813382087339,0.32165094574030556,0.9468583152216423,-0.16300565140257817,-0.9866251353025733,0.9966506748361166,-0.08177672253589847,0.7354511277222635,0.6775777731980668,-0.4015110377075164,-0.9158541841357899,0.9787374990608538,-0.20511681533239795,0.7762463575864296,0.630429688651955,-0.4298664393436902,-0.9028924876894134,0.975421059770962,-0.22034916871931534,0,0,1,0,99,9
1701847140,12,6,2,919,18.0,1.0,92,0,0,1,0,0,0,0,0.9964615763383645,-0.0840495501550226,0.7362233187542427,0.6767386681153137,-0.4020331652268792,-0.9156251056287484,0.9786789835356506,-0.20539583049717866,0.7763362127638961,0.6303190341021051,-0.42993078855665534,-0.9028618482642029,0.9754132068677877,-0.22038392833393852,0.7811478503887528,0.6243460865842203,-0.43339007453781153,-0.9012064376668146,0.9749888301069952,-0.22225386648288642,0,0,1,0,99,9
1701847260,12,6,2,921,18.0,1.0,92,0,0,1,0,0,0,0,-0.4911003724158074,-0.8711029928849144,0.967239110273389,-0.2538670982178328,-0.7917913545302931,-0.6107916591531711,0.8974384823354666,-0.4411396269022025,0.848863836814304,0.5286115649027164,-0.4854834884407932,-0.8742458363934931,0.9680510927615064,-0.2507530294996523,0.7908075080257054,0.6120649354849319,-0.4404174522626619,-0.8977931096541485,0.9741132145839488,-0.2260607112545781,0,0,1,0,99,9
1701847320,12,6,2,922,18.0,1.0,92,0,0,1,0,0,0,0,-0.9983505569209379,-0.05741224168810282,0.7271218060573149,-0.6865084698355503,-0.9182887535616316,-0.3959113096164656,0.8354374032853884,-0.5495856122495996,0.880223157003268,0.47456000028995304,-0.5125621912070998,-0.8586501034443405,0.9640150682028628,-0.26584760348332986,0.7955650832846204,0.605868136031542,-0.4439210875642528,-0.8960658837472673,0.9736698320650762,-0.22796284374074297,0,0,1,0,99,8
1701847380,12,6,2,923,18.0,1.0,92,0,0,1,0,0,0,0,-0.5877218435224411,0.8090630597466326,0.30897972445887717,-0.9510686252176108,-0.9876914055558069,-0.156415112413074,0.7603996029763147,-0.649455497931508,0.9081452246010844,0.4186552890317355,-0.5391403856920127,-0.8422159132407009,0.9597436931912344,-0.2808772745874069,0.8002741013513455,0.5996343575098884,-0.4474179491762214,-0.8943249849774656,0.9732227352917383,-0.2298641066179476,0,0,1,0,99,9
1701847440,12,6,2,924,18.0,0.5,92,0,0,1,0,0,0,0,0.3632556223924401,0.931689515235779,-0.18481136973170906,-0.9827740114685011,-0.9956841897581032,0.09280621889587708,0.6734960211850264,-0.7391908477842096,0.9325210045313215,0.36111573782915524,-0.5651921187396569,-0.8249593134904155,0.9552380105215703,-0.295838373533239,0.8049342748116889,0.5933639803976818,-0.4509079837407618,-0.8925704399087172,0.9727719259694734,-0.23176449263345197,0,1,0,0,99,12
1701847500,12,6,2,925,18.1,0.5,92,0,0,1,0,0,0,0,0.9802575443188444,0.19772492712348877,-0.6333541950901215,-0.7738620442700006,-0.9417701535592431,0.33625730901349893,0.5760827592397212,-0.8173913716860176,0.9532553098949981,0.30216603739830056,-0.5906919512748161,-0.8068971549702914,0.9504991201916736,-0.31072724778309085,0.8095453192326822,0.5870573874064227,-0.45439113800424047,-0.8908022753132209,0.9723174058179821,-0.2336639945378611,0,1,0,0,99,12
1701847560,12,6,2,926,18.1,0.5,92,0,0,1,0,0,0,0,0.6960152006877834,-0.7180270471309174,-0.9268298244906983,-0.3754816592518752,-0.8293014106016808,0.5588015482924706,0.46967991851234675,-0.8828367766162867,0.9702671736733874,0.24203638505781863,-0.6156149831437591,-0.7880470750716034,0.9455281791336532,-0.3255402624318508,0.8141069531799402,0.5807149634580416,-0.4578673588180088,-0.8890205181709929,0.9718591765711205,-0.23556260508515253,0,1,0,0,99,12
1701847620,12,6,2,927,18.1,0.5,92,0,0,1,0,0,0,0,-0.22814030861707352,-0.9736282656045409,-0.9933851885357816,0.11482973133178336,-0.6652707225890137,0.7466022138099322,0.35594787974510245,-0.9345058089198622,0.9834901649024921,0.18096158581331254,-0.6399368774288162,-0.7684274805774819,0.9403264009314749,-0.34027380109444083,0.8186188982348382,0.5743370956614064,-0.4613365931392141,-0.8872251956694553,0.9713972399768941,-0.23746031703270412,0,1,0,0,99,13
1701847680,12,6,2,928,18.1,0.5,92,0,0,1,0,0,0,0,-0.9425446703023311,-0.33408014679814474,-0.816725212907666,0.5770267988585345,-0.4598767232321427,0.8879827697817494,0.23666139336428604,-0.9715921906288022,0.9928726480845371,0.11918013544881928,-0.6636338842129675,-0.7480575296890004,0.934895055524683,-0.354924266788705,0.8230808790115055,0.5679241732886948,-0.46479878803160896,-0.8854163352030204,0.9709315977974505,-0.2393571231413216,0,1,0,0,99,14
1701847740,12,6,2,929,18.1,0.5,92,0,0,1,0,0,0,0,-0.7903778088790765,0.6126197182849324,-0.4401024208721576,0.8979475815115636,-0.22588981660140897,0.9741528580031893,0.11368188509347199,-0.9935172011604,0.9983779848234836,0.056933289205876925,-0.6866828637712329,-0.7269571133175178,0.9292354688983622,-0.3694880828135612,0.8274926231736333,0.5614765877516349,-0.46825389066635903,-0.8835939643726736,0.9704622518090731,-0.24125301617526615,0,1,0,0,99,15
1701847800,12,6,2,930,18.1,0.5,92,0,0,1,0,0,0,0,0.08845876501358538,0.9960798396174231,0.04427279290137974,0.99901947919383,0.022141824746053522,0.9997548397466827,-0.011071590972334946,-0.9999387080583196,0.9999846768971812,-0.005535880313030703,-0.7090613091662211,-0.7051468356615412,0.9233490227594171,-0.38396169362220156,0.831853861451097,0.5549947325776158,-0.4717018483228491,-0.8817581109855513,0.9699892038021741,-0.24314798890228217,0,1,0,0,99,15
1701847860,12,6,2,931,18.1,0.5,92,0,0,1,0,0,0,0,0.8859667583012527,0.4637487500631885,0.5178084829050271,0.855496566347051,0.2687967946729918,0.9631969077886025,-0.13565229856400807,-0.9907565058551476,0.9976864502074656,-0.06798343233778488,-0.7307473682257722,-0.6826479940870753,0.9172371541992494,-0.39834156569012774,0.8361643276563907,0.5484790033856685,-0.4751426083894874,-0.8799088030545178,0.969512455581288,-0.24504203409362463,0,1,0,0,99,16
1701847920,12,6,2,932,18.1,0.5,92,0,0,1,0,0,0,0,0.8689209998517899,-0.4949508016122064,0.8645665970913422,0.5025182575726944,0.4987392818032813,0.8667520572726362,-0.2581161974066756,-0.9661138797451976,0.9914922792803779,-0.13016551051411895,-0.7517198648812332,-0.6594825583311059,0.9109013553429114,-0.41262418837781073,0.8404237587008743,0.5419297978623197,-0.47857611836450864,-0.8780460687977367,0.9690320089650643,-0.2469351445240868,0,1,0,0,99,14
1701847980,12,6,2,933,18.1,0.5,92,0,0,1,0,0,0,0,0.05299328137309047,-0.998594868867907,0.9996486554954963,0.02650595340761163,0.6976725759954981,0.7164167618808244,-0.37655227931800894,-0.9263953696669754,0.9814263522208315,-0.19183929515746312,-0.7719583198455287,-0.6356731490485251,0.9043431729848258,-0.4268060747877629,0.8446318946108307,0.5353475157373185,-0.482002325856775,-0.876169936638241,0.9685478657862607,-0.24882731297202784,0,1,0,0,99,13
1701848040,12,6,2,934,18.1,0.5,92,0,0,1,0,0,0,0,-0.8116562156089902,-0.5841354189426392,0.8899818590686664,-0.45599593257909704,0.8532279685345228,0.5215381421434596,-0.4891123888517548,-0.8722207696860524,0.9675279762585814,-0.25276395145861635,-0.7914429706108382,-0.6112430157234452,0.8975642082111578,-0.44088376261581397,0.8487884785433335,0.5287325587592399,-0.4854211785865756,-0.8742804352034992,0.9680600278917365,-0.2507185322194002,0,1,0,0,99,12
1701848100,12,6,2,935,17.9,0.5,92,0,0,1,0,0,0,0,-0.9300727311045811,0.3673754412799875,0.5624164643393774,-0.8268541108563189,0.9557337785325783,0.2942328067565555,-0.5940400631453423,-0.8044354563159668,0.9498514242543322,-0.3127015699385224,-0.8101547907463494,-0.5862160139664719,0.8905661160089328,-0.4548538149963832,0.8528932568019234,0.5220853306709626,-0.488832624386424,-0.8723775933249783,0.9675684971424448,-0.2526087950517773,0,1,0,0,99,12
1701848160,12,6,2,936,17.9,0.5,92,0,0,1,0,0,0,0,-0.1933846668727768,0.9811230150284443,0.09715190417988626,-0.9952695652506521,0.9988166912028082,0.048633500538969116,-0.689697940935389,-0.7240971967004738,0.9284657227653786,-0.37141809547969407,-0.8280755084772445,-0.5606165822201061,0.8833506048619953,-0.4687128213415406,0.8569459788520921,0.5154062371850283,-0.49223661120185463,-0.8704614400377044,0.967073275413426,-0.254498094258381,0,1,0,0,99,15
1701848220,12,6,2,937,17.9,0.5,92,0,0,1,0,0,0,0,0.7211003682427743,0.6928306134403526,-0.3918988304139523,-0.9200083188320507,0.9797980197040742,-0.1999896011895985,-0.7745933130325869,-0.6324596425110466,0.9034543824983767,-0.42868424130643845,-0.8451876245267788,-0.5344697178950186,0.875919436333907,-0.48245739817365296,0.8609463973365743,0.5086956859588782,-0.49563308709221676,-0.8685320045798192,0.9665743645938008,-0.256386422632109,0,1,0,0,99,16
1701848280,12,6,2,938,17.9,0.5,92,0,0,1,0,0,0,0,0.9726090503206481,-0.23244705899272397,-0.7849990633729201,-0.6194969495515196,0.8998602529147288,-0.43617831815008895,-0.8474014155493513,-0.5309527671318378,0.8749150722018217,-0.48427638434480896,-0.8614744292040272,-0.5078009529605035,0.8682744246378858,-0.4960841899514116,0.8648942680904446,0.5019540865699712,-0.49902200023146714,-0.8665893163921337,0.9660717665867619,-0.25827377296956255,0,1,0,0,99,18
1701848340,12,6,2,939,17.9,0.5,92,0,0,1,0,0,0,0,0.3299054569501611,-0.9440139773724251,-0.9859041478187485,-0.1673111213093364,0.7639735340014523,-0.645247579883359,-0.9069861023972084,-0.4211605514032867,0.8429592372716745,-0.5379774384659236,-0.8769200187206139,-0.4806363290129432,0.8604174361938928,-0.5095898698890396,0.8687893501560202,0.495181850490787,-0.5024032989089606,-0.8646334051176796,0.965565483309568,-0.2601601380710738,0,1,0,0,99,17
1701848400,12,6,2,940,17.9,0.5,92,0,0,1,0,0,0,0,-0.6161116921033395,-0.7876587984994262,-0.9454255122693237,0.3258383046087229,0.5805866409896446,-0.8141984723053474,-0.9524175744665119,-0.3047962661308802,0.8077116645594764,-0.5895777022026527,-0.8915093107204918,-0.4530023718466313,0.8523503891729713,-0.5229711407684791,0.8726314057975678,0.4883793910637103,-0.5057769315302397,-0.8626643006012565,0.9650555166935363,-0.2620455107407332,0,1,0,0,99,19
1701848460,12,6,2,941,17.9,0.5,92,0,0,1,0,0,0,0,-0.9956785927816724,0.09286624723928816,-0.6734737384489138,0.7392111495504137,0.3611016826667984,-0.9325264472256038,-0.9829868888305693,-0.18367573706725146,0.7693099950823632,-0.6388756776293603,-0.9052280590076073,-0.42492606555178497,0.8440752530289538,-0.5362247357443589,0.8764202005158139,0.4815471234758033,-0.5091428466178214,-0.8606820328889767,0.964541868684034,-0.2639298837864171,0,1,0,0,99,21
1701848520,12,6,2,942,17.9,0.5,92,0,0,1,0,0,0,0,-0.4598231870636247,0.8880104935408426,-0.2366321052384454,0.9715993241920361,0.11916517068330806,-0.9928744442758198,-0.9982170215629014,-0.05968900955862884,0.7279041865378398,-0.6856788572069913,-0.9180628674570689,-0.39643482616503856,0.8355940480176479,-0.549347419141549,0.8801555030622569,0.47468546473346485,-0.5125009928119824,-0.8586866322278066,0.9640245412404724,-0.26581325001981504,0,1,0,0,99,22
1701848580,12,6,2,943,17.9,0.5,92,0,0,1,0,0,0,0,0.49879153625744566,0.8667219873511559,0.25814532016757935,0.96610609856039,-0.13018045444614568,-0.9914903172901867,-0.99787031153607,0.06522914498065015,0.6836559277221802,-0.7298044755208926,-0.9300012030962359,-0.36755647489814913,0.8269088447036194,-0.5623359872451037,0.8838370854532819,0.4677948336369782,-0.5158513188715436,-0.8566781290651052,0.9635035363362984,-0.2676956022564573,0,1,0,0,99,25
1701848640,12,6,2,944,17.9,1.0,92,0,0,1,0,0,0,0,0.998819621438444,0.048573283084049755,0.689719768063795,0.7240764058730438,-0.37143208943692263,-0.9284601245807608,-0.9819521690440836,0.1891294205289584,0.6367380071391379,-0.7710802229758452,-0.9410314083429535,-0.3383192109710552,0.8180217634546941,-0.5751872690824027,0.8874647229840752,0.46087565075494996,-0.5191937736746512,-0.8546565540481598,0.9629788559589872,-0.26957693331574223,0,0,1,0,99,22
1701848700,12,6,2,945,17.9,1.0,93,0,0,1,0,0,0,0,0.5805375529616218,-0.81423347364336,0.9524267619201384,0.3047675559804882,-0.5895898761086014,-0.8077027782484372,-0.950710991376569,0.31007839472588444,0.5873336382645368,-0.8093449186613468,-0.951142712388984,-0.30875158407581743,0.8089349739243005,-0.5878981271972987,0.8910381942423397,0.45392833839864044,-0.5225283062195576,-0.8526219380237177,0.9624505021100351,-0.27145723602096367,0,0,1,0,99,20
1701848760,12,6,2,946,17.9,1.0,93,0,0,1,0,0,0,0,-0.371488064422021,-0.9284377297331149,0.9819464674138593,-0.18915902075619492,-0.7710898199160053,-0.6367263852094576,-0.9046342866621455,0.42618869928151687,0.535635744101569,-0.8444491397596178,-0.9603252417175178,-0.27888246649832815,0.7996506945217794,-0.6004654584160823,0.8945572811218079,0.44695332059618803,-0.5258548656253986,-0.8505743120375162,0.9619184768049516,-0.27333650319933833,0,0,1,0,99,20
1701848820,12,6,2,947,17.9,1.0,93,0,0,1,0,0,0,0,-0.9819692685810417,-0.18904061881620535,0.7710514311043737,-0.6367728720602797,-0.9046471334338819,-0.4261614294722836,-0.8444410664671288,0.5356484717273617,0.4818462038205958,-0.8762558050385063,-0.9685700297444957,-0.2487410249250148,0.7901711918707917,-0.6128861946050772,0.8980217688355548,0.43995102306672884,-0.5291734011329704,-0.8485137073338087,0.9613827820732512,-0.2752147276820331,0,0,1,0,99,20
1701848880,12,6,2,948,17.9,1.0,93,0,0,1,0,0,0,0,-0.689632455789954,0.7241595652348433,0.3713761131017696,-0.9284825160537067,-0.9819578697820255,-0.18909982012986337,-0.7710706258605184,0.6367496289241701,0.42617506442530745,-0.9046407101507675,-0.9758690255743256,-0.21835669196206517,0.7804987802559544,-0.6251573034196812,0.9014314459291071,0.43292187319441294,-0.5324838621055041,-0.8464401553548877,0.9608434199584467,-0.27709190230419245,0,0,1,0,99,20
1701848940,12,6,2,949,17.9,1.0,93,0,0,1,0,0,0,0,0.23674925645140169,0.971570784641916,-0.11922502958289408,-0.9928672581573823,-0.9982152218227747,0.059719100138137124,-0.6856678860286016,0.7279145211280432,0.36883972052366915,-0.9294930126493807,-0.9822151018614458,-0.18775913739498723,0.7706358210578416,-0.6372757890446697,0.9047861042933489,0.42586630000231895,-0.5357861980294384,-0.8443536877406053,0.9603003925180404,-0.2789680199049658,0,0,1,0,99,20
1701849000,12,6,2,950,17.9,1.0,93,0,0,1,0,0,0,0,0.9454647941364738,0.32572430527744684,-0.580635726907393,-0.8141634680079446,-0.9524083861474406,0.30482497600430924,-0.5895655281627695,0.8077205506870273,0.31006406540662906,-0.9507156648249326,-0.9876020617700564,-0.15697823921656684,0.7605847221764866,-0.6492386929255808,0.9080855391772245,0.41878473412626877,-0.5390803585151899,-0.8422543363278899,0.9597537018235173,-0.28084307332753466,0,0,1,0,99,18
1701849060,12,6,2,951,17.9,1.0,93,0,0,1,0,0,0,0,0.7849243603267638,-0.6195915982045113,-0.8998865479060434,-0.43612406594654274,-0.8473854099365126,0.5309783112583117,-0.4842631974152528,0.8749223712016717,0.2500776167496086,-0.968225792674847,-0.9920246450252249,-0.126044054451515,0.7503479374435286,-0.6610430944910041,0.9113295492002341,0.4116776077885437,-0.5423662932979225,-0.8401421331502615,0.959203349960336,-0.2827170554191403,0,0,1,0,99,18
1701849120,12,6,2,952,17.9,1.0,93,0,0,1,0,0,0,0,-0.09727191050322355,-0.9952578436902936,-0.9988137573367454,0.048693717817118926,-0.6896761131802671,0.7241179868699296,-0.3714041014380902,0.9284713207390763,0.18911462035089152,-0.9819550195245901,-0.9954785330494551,-0.09498678980629327,0.7399279660231438,-0.6726861118655962,0.9145179363647266,0.40454535477150383,-0.5456439522383145,-0.8380171104373418,0.9586493390279216,-0.2845899590311104,0,0,1,0,99,18
1701849180,12,6,2,953,17.9,1.0,93,0,0,1,0,0,0,0,-0.8900368354089458,-0.4558886175539251,-0.8531965241238167,0.521589581206371,-0.48908609609844206,0.8722355132664489,-0.2527493686773037,0.9675317858516197,0.12741313540679455,-0.9918497330371219,-0.9979603531797047,-0.0638367721727774,0.7293273518019112,-0.6841649025736495,0.9176505060679827,0.3973884103911125,-0.548913285323323,-0.8358793006143628,0.9580916711396574,-0.28646177701888714,0,0,1,0,99,16
1701849240,12,6,2,954,17.9,1.5,93,0,0,1,0,0,0,0,-0.8645059984548472,0.5026225011234452,-0.49868702553633515,0.8667821240437084,-0.25808707441122625,0.9661216600521149,-0.13015056655252244,0.9914942410453312,0.06521410489560044,-0.9978712945679246,-0.9994676819607337,-0.03262441901456225,0.7185486827677587,-0.6954766642330416,0.9207270671140937,0.39020721147036636,-0.5521742426669474,-0.8337287363016721,0.9575303484228769,-0.28833250224205376,0,0,1,0,99,15
1701849300,12,6,2,955,17.9,1.5,93,0,0,1,0,0,0,0,-0.044152333395038934,0.9990248102303433,-0.022081550779516786,0.9997561728317418,-0.011041448461551128,0.9999390413499569,-0.005520808366672965,0.9999847602213638,0.002760414700383762,-0.999996190048083,-0.9999990475115672,-0.001380208664824669,0.7075945903781432,-0.7066186352393968,0.9237474317256306,0.3830021963126342,-0.5554267745109907,-0.8315654503142355,0.9569653730188558,-0.2902021275643621,0,0,1,0,99,15
1701849360,12,6,2,956,17.9,1.5,93,0,0,1,0,0,0,0,0.8167947833692505,0.5769283160504252,0.45993025772913376,0.8879550427950801,0.2366906812750767,0.9715850561826999,0.11919510018725629,0.9928708516677031,-0.05970405485516448,-0.9982161218062207,-0.9995539309627621,0.029865349435251595,0.696467748917618,-0.7175880954402921,0.9267114155551047,0.3757738046749054,-0.5586708312258188,-0.8293894756611352,0.9563967470828033,-0.29207064585375986,0,0,1,0,99,15
1701849420,12,6,2,957,17.9,1.5,93,0,0,1,0,0,0,0,0.9267845431459862,-0.37559341126500806,0.829335098517182,0.5587515497674221,0.469706530842705,0.8828226180177483,0.2420510090685967,0.9702635255480204,-0.12193538135418193,-0.9925380409707278,-0.9981327669630748,0.06108174452842746,0.6851708748449442,-0.7283823667993438,0.9296188376962204,0.3685224777409488,-0.5619063633111175,-0.8272008455450673,0.9558244727838546,-0.29393804998241774,0,0,1,0,99,15
1701849480,12,6,2,958,17.9,1.5,93,0,0,1,0,0,0,0,0.18469286804020318,-0.982796288401154,0.9956897831154927,0.0927461902151406,0.6735183033091452,0.7391705453463161,0.36112979290947733,0.9325155616251978,-0.18369055279845262,-0.9829841203257552,-0.9957369432550334,0.09223849433464518,0.6737067261299069,-0.7389988140500109,0.9324695206949155,0.36124865809438594,-0.565133321396648,-0.8249995933618349,0.9552485523050623,-0.2958043328267565,0,0,1,0,99,15
1701849540,12,6,2,959,17.9,1.5,93,0,0,1,0,0,0,0,-0.7272045781869426,-0.6864207903785774,0.9182648829119453,-0.39596667133827224,0.8354539698087119,0.5495604282796059,0.4745732671149915,0.8802160042511173,-0.24472841656505961,-0.9695916677269657,-0.9923687993198309,0.12330517481645753,0.6620781015799958,-0.7494348453389585,0.9352632905601926,0.35395278969167726,-0.5683516562430001,-0.8227857526998378,0.954668987843388,-0.2976694872674744,0,0,1,0,99,15
1701849660,12,6,2,961,17.9,1.5,93,0,0,1,0,0,0,0,-0.3215367736757958,0.9468970921774763,0.16294616875294074,-0.9866349609094227,0.996653139489718,0.08174667910862572,0.6775888579704414,0.7354409150668141,-0.3637025466869774,-0.9315151407966523,-0.9827296527521321,0.18504710103558453,0.6383388202845004,-0.7697555134702136,0.940679412305333,0.33929668914519806,-0.5747622599191782,-0.8183204412530577,0.9534989358287344,-0.30139638248239004,0,0,1,0,99,16
1701849720,12,6,2,962,17.9,1.5,93,0,0,1,0,0,0,0,0.6230593684278799,0.7821745479202525,-0.33001928131531005,-0.9439741913633689,0.9858940590558828,-0.16737055989126504,0.7639929842254002,0.6452245501020304,-0.421174221610232,-0.9069797544879462,-0.9764680625826803,0.21566205682972353,0.6262339591439754,-0.779635189312836,0.9433014336130409,0.3319373515342646,-0.5779544309310792,-0.8160690386034335,0.9529084527391478,-0.30325810903961536,0,0,1,0,99,15
1701849780,12,6,2,963,17.9,1.5,93,0,0,1,0,0,0,0,0.9948176005844565,-0.10167566851211195,-0.7421845014927595,-0.6701956175206938,0.9138368611302276,-0.40608150812324995,0.8384752554855898,0.5449396718338416,-0.47700122021131053,-0.8789026316475113,-0.9692529679210456,0.24606642228521222,0.6139762119637812,-0.789324528405526,0.9458658806631959,0.3245577541782617,-0.5811377830694449,-0.8138051837443228,0.9523143345934478,-0.3051186787593291,0,0,1,0,99,15
1701849840,12,6,2,964,17.9,1.0,93,0,0,1,0,0,0,0,0.4519451186001038,-0.8920457442158098,-0.9726370711153801,-0.23232978261965265,0.7849617132764033,-0.6195442750039529,0.8998734008192355,0.4361511922464772,-0.5309655392553846,-0.8473934128391833,-0.9610914141847234,0.2762305080551537,0.6015685712970908,-0.7988211652351087,0.9483725969351678,0.3171583474897762,-0.5843122677602378,-0.8115289112193651,0.9517165836580145,-0.3069780845440232,0,0,1,0,99,15
1701849960,12,6,2,966,18.0,1.0,93,0,0,1,0,0,0,0,-0.9992104312245924,-0.03973051889875125,-0.7210168232776373,0.692917556820885,0.39184336359004157,-0.9200319442337003,0.9798040478161182,0.1999600657210081,-0.6324713172464788,-0.7745837804011287,-0.9419617243819222,0.33572028505801615,0.5763157619491175,-0.8172271058457423,0.9532122286893256,0.30230191378343746,-0.5906344411802289,-0.8069392522933302,0.9505101925527496,-0.31069337594054836,0,0,1,0,99,18
1701850020,12,6,2,967,18.0,1.0,93,0,0,1,0,0,0,0,-0.5733077789028065,0.8193400946185477,-0.3005494180508858,0.9537662435362628,0.15204235670321797,-0.9883739786984133,0.9970892584664658,0.07624310231616616,-0.6796163983026873,-0.733567686827932,-0.9310122681328995,0.36498788553325157,0.5634767583790605,-0.8261319160803714,0.9555448487853334,0.29484579352572476,-0.593782033440839,-0.8046259359248012,0.9499015569849334,-0.31254924737967194,0,0,1,0,99,16
1701850080,12,6,2,968,18.0,1.0,93,0,0,1,0,0,0,0,0.3796914013979365,0.9251132037239935,0.19350296674212325,0.9810996900733364,-0.09721190751822432,-0.9952637062792294,0.9988152247235795,-0.04866360920015389,-0.7241075918674496,-0.6896870271361664,-0.9191536942035773,0.3938990815322077,0.5505001900398365,-0.8348350380560844,0.9578191473488313,0.28737167740046654,-0.5969205653181726,-0.8023003419544537,0.949289297831397,-0.3144039265384152,0,0,1,0,99,17
1701850140,12,6,2,969,18.0,1.0,93,0,0,1,0,0,0,0,0.9836040582900275,0.18034149970372382,0.640179076624766,0.7682257154325556,-0.3404220061684059,-0.9402727570850268,0.9849550134612816,-0.17281094137087097,-0.7657711607820156,-0.643113154362873,-0.906397582290154,0.42242564176262254,0.5373892249744953,-0.8433343470304713,0.9600349855683571,0.27988002158918807,-0.6000499889220947,-0.7999625058679901,0.9486734174277232,-0.3162574063417408,0,0,1,0,99,17
1701850260,12,6,2,971,18.0,1.0,93,0,0,1,0,0,0,0,-0.24533965564184546,-0.9694371838182919,0.992329880588681,-0.12361799258544061,-0.7495391892974779,-0.6619599713783906,0.9115810362711564,-0.41112043771965984,-0.8399763204161352,-0.5426230562187438,-0.8782434332856534,0.47821383490090297,0.5107769401113842,-0.8597132763023096,0.9642907435784888,0.26484592095942344,-0.6062813204447983,-0.7952502502229796,0.9474308022813539,-0.3199607396048931,0,0,1,0,99,18
1701850320,12,6,2,972,18.0,1.0,93,0,0,1,0,0,0,0,-0.9483108434411563,-0.3173429441659648,0.8115857761709371,-0.584233282103149,-0.8900093488562771,-0.4559422758951242,0.8532122467168191,-0.5215638619118831,-0.8722281415753229,-0.4890992425306529,-0.8628728882432953,0.5054209915849098,0.4972821173212898,-0.8675888979190864,0.9663304036195608,0.257304393744951,-0.6093831332811276,-0.7928759025676563,0.9468040722788575,-0.3218105789376289,0,0,1,0,99,19
1701850380,12,6,2,973,18.0,1.0,93,0,0,1,0,0,0,0,-0.7794094151401889,0.6265149348505816,0.43213716870307417,-0.901807888313964,-0.9751430377934214,-0.22157629801722484,0.7815293654166889,-0.6238684564805209,-0.9010739305075142,-0.4336655067673005,-0.846659762468756,0.5321346132477662,0.48366589023427825,-0.8752527101494078,0.9683110838334466,0.24974716199648023,-0.6124756476805914,-0.7904894566015667,0.9461737305066038,-0.32365919066081944,0,0,1,0,99,19
1701850440,12,6,2,974,18.0,1.0,93,0,0,1,0,0,0,0,0.10607743500999182,0.9943578720871581,-0.053113688973945104,-0.9985884718158823,-0.9996470556691202,0.026566220884026468,0.6976509797584941,-0.7164377924439869,-0.9264010450242344,-0.37653831648054964,-0.8296198878042129,0.5583286144912557,0.4699315830569086,-0.8827028419834321,0.9702326633296345,0.24217468696848557,-0.6155588164552248,-0.7880909487389401,0.9455397793691549,-0.32550656772257286,0,0,1,0,99,19
1701850500,12,6,2,975,17.9,1.0,93,0,0,1,0,0,0,0,0.8940371806131415,0.44799276744307476,-0.5253604631854805,-0.8508797704267844,-0.9619978613351446,0.27305698084210883,0.6028859838965785,-0.7978273562751872,-0.948110583285301,-0.31794075212593687,-0.8117699033981048,0.5839774173176833,0.4560825488233006,-0.8899374745783221,0.9720950248248167,0.23458743084581274,-0.618632592559666,-0.7856804155780558,0.9449022212848417,-0.32735270307570724,0,0,1,0,99,18
1701850560,12,6,2,976,17.9,1.0,93,0,0,1,0,0,0,0,0.86002326542427,-0.510254821563673,-0.8689806734225085,-0.49484602576777714,-0.8645362993442719,0.5025703802614231,0.4987131538963941,-0.8667670910519801,-0.9661177700083929,-0.25810163593826746,-0.7931272394572851,0.6090559761063561,0.4421221685765394,-0.8969548417022889,0.9738980546500462,0.2269858567154693,-0.621696929091873,-0.7832578939006837,0.9442610586857545,-0.3291975896777772,0,0,1,0,99,18
1701850620,12,6,2,977,17.9,1.0,93,0,0,1,0,0,0,0,0.03530792620481886,-0.999376480785452,-0.9998441080452123,-0.017656715642326043,-0.7133220575736903,0.7008363875961614,0.3867580719285886,-0.9221812152706651,-0.980352287514714,-0.1972546383856853,-0.773710100226721,0.6335398020702072,0.42805385054324224,-0.9037532301657923,0.9756416427576757,0.21937042853836028,-0.6247517792938407,-0.7808234206715242,0.9436162940177337,-0.3310412204911012,0,0,1,0,99,18
1701850680,12,6,2,978,17.9,1.0,93,0,0,1,0,0,0,0,-0.8218693575364985,-0.5696760124338598,-0.8859108342361154,0.46385557427185253,-0.5177569051824165,0.8555277827960506,0.2687677596029232,-0.9632050100565431,-0.9907585503180235,-0.1356373656914954,-0.7535374462133568,0.65740498716868,0.413881029301489,-0.9103309802397916,0.977325682728074,0.21174161112097017,-0.6277970965523135,-0.7783770330376437,0.9429679297403607,-0.332883588482788,0,0,1,0,99,19
1701850740,12,6,2,979,17.9,1.0,93,0,0,1,0,0,0,0,-0.9234237442034923,0.3837819545538891,-0.5550756909855227,0.8317998420755708,-0.2900001361417173,0.9570266041431583,0.14658341628035845,-0.989198312812744,-0.9972959221847706,-0.07349043198694676,-0.7326289756715014,0.6806282274535245,0.399607164942319,-0.9166864860609445,0.9789500717761209,0.2040998700869938,-0.6308328343994969,-0.7759187683279074,0.942315968326948,-0.33472468662476373,0,0,1,0,99,19
1701850860,12,6,2,981,17.9,1.0,93,0,0,1,0,0,0,0,0.733251813680783,0.6799571881624918,0.40002675650355446,0.9165034610306968,0.20432393272607985,0.9789033305262315,-0.10270508622694526,-0.9947118503682942,-0.9986770875433896,0.051420568023436815,-0.68868695064469,0.7250588141742147,0.3707702697262722,-0.9287246131588779,0.9820195041746569,0.1887794835795486,-0.6368753867203738,-0.7709667579019048,0.9410012640538548,-0.3384030452715336,0,0,1,0,99,21
1701850920,12,6,2,982,17.9,1.0,93,0,0,1,0,0,0,0,0.9683418904640227,-0.24962768911433375,0.7904516712343437,0.6125244121199033,0.4401565561706975,0.8979210466738997,-0.22591918170675576,-0.9741460482581397,-0.9935154876140935,0.11369685954735136,-0.6656963048014645,0.7462227748961269,0.3562142789837832,-0.9344042954995784,0.9834643601828127,0.18110177318350804,-0.6398821089921534,-0.7684730877472249,0.9403385262093713,-0.34024029174450743,0,0,1,0,99,22
1701850980,12,6,2,983,17.9,1.0,93,0,0,1,0,0,0,0,0.31314289889206726,-0.9497060202365112,0.9873464488811694,0.1585780245864616,0.648622376816256,0.7611103811492987,-0.3456078839166587,-0.938379022876497,-0.9844742309670926,0.17552916726786882,-0.6420556178136483,0.766658061741957,0.3415713236339103,-0.9398558564327716,0.9848491905953854,0.17341300926866535,-0.6428790674502222,-0.7659676916387091,0.9396722012592235,-0.3420762403041834,0,0,1,0,99,24
1701851040,12,6,2,984,17.9,1.0,93,0,0,1,0,0,0,0,-0.6299582297887875,-0.7766290161469486,0.9425043809306535,-0.3341937939677003,0.8167599996228085,0.5769775585030581,-0.45990349068959124,-0.8879689066918555,-0.9715886235161092,0.23667603734656428,-0.617787974410896,0.7863447200008926,0.3268449785441926,-0.9450779650380419,0.9861739108894643,0.16571366111754054,-0.6458662163646817,-0.7634506078056198,0.9390022917452384,-0.3439108839469756,0,0,1,0,99,24
1701851100,12,6,2,985,18.0,1.0,93,0,0,1,0,0,0,0,-0.9938786672030538,0.11047712377990915,0.6669043695388758,-0.7451433163425373,0.9341154415655855,0.3569710658144878,-0.5670224573090171,-0.8237023327071764,-0.9549089832824844,0.2968986925643355,-0.5929170715351618,0.8052635259852315,0.3120388389405784,-0.9500693464124689,0.9874384402109503,0.15800419865866083,-0.6488435101553144,-0.7609218746555592,0.9383288002229173,-0.3457442156742762,0,0,1,0,99,23
1701851160,12,6,2,986,18.0,1.0,93,0,0,1,0,0,0,0,-0.4440316414971394,0.8960111055948782,0.22802290938096753,-0.9736557670950443,0.9933921096664309,0.11476984121483252,-0.665293228127706,-0.7465821593149787,-0.9345004439043832,0.3559619647413339,-0.567467195201038,0.8233960058019877,0.29715651952970196,-0.9548287819818765,0.9886427013794914,0.15028509243787871,-0.6518109033922803,-0.7583815307738838,0.9376517292614257,-0.34757622849248204,0,0,1,0,99,23
1701851220,12,6,2,987,18.0,1.0,93,0,0,1,0,0,0,0,0.5140560276444147,0.8577566090928386,-0.26668651157038425,-0.9637833286306727,0.9909044678047104,-0.13456721623286869,-0.7531823206345422,-0.657811821027538,-0.9104427002913302,0.413635213063674,-0.5414631967808735,0.8407244533923329,0.28220165361640515,-0.9593551097983304,0.9897866208931929,0.14255681358965214,-0.6547683507968096,-0.7558296149231162,0.9369710814435833,-0.3494069154130209,0,0,1,0,99,23
1701851280,12,6,2,988,18.0,1.0,93,0,0,1,0,0,0,0,0.9995229556605263,0.030884641938116356,-0.6961017734720562,-0.7179431181988293,0.9268071855026884,-0.3755375359409301,-0.8293182549362247,-0.5587765492838215,-0.8828296974172939,0.4696932247308761,-0.5149304687378307,0.8572319478212639,0.2671778922167178,-0.9636472248238107,0.9908701289331036,0.13481983380828896,-0.6577158072418934,-0.7532661660423522,0.9362868593658549,-0.3512362694523786,0,0,1,0,99,24
1701851340,12,6,2,989,18.0,1.0,93,0,0,1,0,0,0,0,0.5660330877786267,-0.8243825225826864,-0.9550870438296937,-0.2963253932903098,0.8050855213237628,-0.593158750550681,-0.8925129552422981,-0.4510217563761858,-0.8517692634675736,0.5239170944070323,-0.4878949198305757,0.8729023698006073,0.2520889031665146,-0.9677040791999916,0.9918931593674774,0.12707462531915723,-0.6606532277529729,-0.7506912232466679,0.9355990656383395,-0.3530642836321256,0,0,1,0,99,21
1701851460,12,6,2,991,18.0,1.0,93,0,0,1,0,0,0,0,-0.9851617853645876,-0.1716282513377624,-0.7653849526015528,0.6435727420665972,0.4221535608835977,-0.9065243355990498,-0.9763514571093367,-0.21618934340173923,-0.7798042521690104,0.6260234247207771,-0.4324214236593875,0.901671621135094,0.22172999218069936,-0.9751081019905162,0.9937575413526472,0.11156141360139663,-0.6664977818412464,-0.7455070132471581,0.934212773742459,-0.35671626452465127,0,0,1,0,99,12
1701851520,12,6,2,992,18.0,1.0,93,0,0,1,0,0,0,0,-0.6767053779597042,0.7362539177759354,-0.36314327904015004,0.9317333088861682,0.184752119221718,-0.982785151720906,-0.9956869868891794,-0.09277620459766088,-0.7391806966492228,0.6735071623235863,-0.404037645323065,0.9147423578045313,0.2064674819377966,-0.9784534628188842,0.9945987791111761,0.10379435721925297,-0.669404826237736,-0.7428978251479987,0.9335142808623762,-0.3585402173062328,0,0,1,0,99,14
1701851580,12,6,2,993,18.0,1.0,93,0,0,1,0,0,0,0,0.2539108331545893,0.9672276302953418,0.12800853429490208,0.9917730663552378,-0.0641363143810206,-0.9979411471512831,-0.99948515425475,0.03208467584935907,-0.6956706563276336,0.7183608688707087,-0.3752593310827136,0.9269198640849997,0.19115456562033808,-0.9815599482672975,0.9953793116865794,0.09602096576452052,-0.6723016563401727,-0.7402773013420446,0.9328122269090507,-0.36036280236586254,0,0,1,0,99,12
1701851640,12,6,2,994,18.0,1.0,93,0,0,1,0,0,0,0,0.9510825952363544,0.3089367201199639,0.5878193939808536,0.8089921878856321,-0.30903706259473784,-0.9510499955011913,-0.9876866900746388,0.1564448856607474,-0.6494440369805748,0.7604093915979561,-0.3461145824738131,0.938192248848272,0.1757949816572247,-0.9844267999318873,0.9960990914391719,0.08824171368494811,-0.6751882279464934,-0.7376454818152647,0.9321066145606051,-0.3621840127509325,0,0,1,0,99,9
1701851700,12,6,2,995,17.9,1.0,93,0,0,1,0,0,0,0,0.7738334053999244,-0.6333891857990285,0.9037115651022257,0.42814180723270384,-0.5347233830530025,-0.8450271614666311,-0.9604757054362778,0.2783638253557463,-0.6006813525673382,0.7994885319239252,-0.3166318588487858,0.9485485048019224,0.16039247987059368,-0.9870533179119358,0.9967580744373069,0.08045707578598697,-0.6780644970111667,-0.7350024067259872,0.9313974465087359,-0.36400384151407855,0,0,1,0,99,11
1701851760,12,6,2,996,17.9,1.0,93,0,0,1,0,0,0,0,-0.11487464864560613,-0.9933799953182813,0.9983436270438855,-0.05753261979833144,-0.727163193443649,-0.68646463135462,-0.9182768186539993,0.39593899065726024,-0.5495730203270262,0.8354456866419445,-0.28683994958692166,0.9579785192377605,0.14495082056035336,-0.9894388609807482,0.9973562204600591,0.07266752720181091,-0.6809304196458655,-0.7323481164042859,0.9306847254587038,-0.36582228171320713,0,0,1,0,99,11
1701851820,12,6,2,997,17.9,1.0,93,0,0,1,0,0,0,0,-0.8979674804979512,-0.4400618183484699,0.8485463506339739,-0.5291210549824729,-0.8743915184236616,-0.4852210553023885,-0.8617485292422576,0.5073356604347912,-0.49631861720330867,0.8681404438323304,-0.25676794598203806,0.9664730839067197,0.12947377358615977,-0.9915828467421972,0.9978934929996781,0.06487354336631672,-0.6837859521201365,-0.7296826513513655,0.929968454129323,-0.3676393264115215,0,0,1,0,99,12
1701851880,12,6,2,998,17.9,1.0,93,0,0,1,0,0,0,0,-0.8554731519696874,0.5178471649618718,0.4909953335002932,-0.8711622021649791,-0.9672544138345865,-0.253808784161444,-0.7917729422509473,0.6108155269140414,-0.44112610050072903,0.8974451311679287,-0.22644521283532507,0.9740239040105557,0.11396511744705974,-0.9934847517729086,0.9983698592638173,0.05707559998410604,-0.6866310508620674,-0.7270060522389432,0.9292486352529508,-0.36945496867754857,0,0,1,0,99,13
1701851940,12,6,2,999,17.9,1.0,93,0,0,1,0,0,0,0,-0.026460752737064126,0.9996498529808264,0.013231534664836528,-0.9999124594135295,-0.9999781146138973,-0.006615912124209524,-0.7094420033111267,0.7047638213883395,-0.38421099581588014,0.92324531447182,-0.19590135978111542,0.9806236063015769,0.09842863835902424,-0.9951441117500462,0.9987852901775351,0.049274173001450816,-0.6894656724589519,-0.7243183599086285,0.9285252715754775,-0.37126920158516485,0,0,1,0,99,12
1701852060,12,6,2,1001,17.9,1.0,93,0,0,1,0,0,0,0,0.9199905975863218,-0.3919404295971039,-0.8342482932548031,-0.5513889599923525,-0.880735192890676,0.4736090370799778,-0.5130258097406125,0.8583731813960574,-0.26610789034143895,0.9639432507663658,-0.13426978296257547,0.990944814499366,0.06728738923689195,-0.9977336354206382,0.9994332482513872,0.033662773053937445,-0.6951033113667574,-0.7189098598064773,0.9270679208683895,-0.3748934116475794,0,0,1,0,99,16
1701852120,12,6,2,1002,17.9,1.0,93,0,0,1,0,0,0,0,0.1672665419737925,-0.985911712039232,-0.9964717035719659,-0.08392939878483582,-0.7361825177171881,0.676783052837157,-0.40200556411749017,0.9156372242425372,-0.20538107965129446,0.978682079186734,-0.1032422413871038,0.9946562419214826,0.05169022189214013,-0.9986631669190275,0.9996657358635004,0.02585375292846797,-0.6979062426542451,-0.716189134561698,0.9263339393981249,-0.37670337497711776,0,0,1,0,99,18
1701852180,12,6,2,1003,17.9,1.0,93,0,0,1,0,0,0,0,-0.7392416009402617,-0.6734403131973009,-0.9147240876890969,0.4040790063853225,-0.5458575792341247,0.8378779763143684,-0.2847121561205559,0.9586130544475097,-0.14385226024030748,0.9895991750318686,-0.07211388551496663,0.9973964044029506,0.03608043512105518,-0.9993488891280539,0.9998372090315638,0.018043154823174902,-0.7006985247511319,-0.7134574811518816,0.925596424245438,-0.3785119012977785,0,0,1,0,99,19
1701852240,12,6,2,1004,17.9,0.5,93,0,0,1,0,0,0,0,-0.9660944251371497,0.2581890038691042,-0.6090201130220971,0.7931547780443311,-0.3215938602925038,0.9468777054203809,-0.1629759101518061,0.9866300485542645,-0.08176170083154903,0.9966519072761223,-0.0409151116574164,0.9991626262216082,0.020461839829201516,-0.9997906346384747,0.999947657289739,0.010231455456709277,-0.7034801150506284,-0.710714941258698,0.9248553782237248,-0.38031898371058337,0,1,0,0,99,24
1701852300,12,6,2,1005,18.0,0.5,93,0,0,1,0,0,0,0,-0.30472449023565196,0.9524405414778511,-0.1542067743682958,0.9880385977981455,-0.07733499273244457,0.9970051649309911,-0.03869647961384155,0.9992510107402922,-0.01935186373075997,0.9998127351510112,-0.009676384887673313,0.9999531826918227,0.004838249072617528,-0.9999882956044592,0.9999970738968338,0.002419131614937442,-0.706250971109089,-0.707961556729932,0.9241108041598507,-0.3821246153220622,0,1,0,0,99,22
1701852360,12,6,2,1006,18.0,0.5,93,0,0,1,0,0,0,0,0.6368077356795173,0.7710226376564607,0.33836176080013775,0.9410161097602051,0.17173219010976784,0.985143672202234,0.08618679654612434,0.9962789951118698,0.043133541983763984,0.9990693156913262,0.0215717907077017,0.9997673018486167,-0.010786522873087307,-0.9999418237699174,0.9999854558367129,-0.005393339878159504,-0.7090110506466594,-0.7051973695788437,0.9233627048941395,-0.3839287892442792,0,1,0,0,99,23
1701852480,12,6,2,1008,18.0,0.5,93,0,0,1,0,0,0,0,0.4360833757535898,-0.8999062670030438,0.9746553921779337,0.22371156988067947,0.623012211003653,0.7822121099422712,0.329990825673782,0.9439841391523142,0.16735570030280691,0.9858965815825497,0.08397445569174683,0.9964679075571249,-0.04202435271884079,-0.999116586679734,0.9997791222764492,-0.021016818506448383,-0.7144987118625367,-0.6996367562862716,0.9218559421857278,-0.38753273649701414,0,1,0,0,99,23
1701852540,12,6,2,1009,18.0,0.5,93,0,0,1,0,0,0,0,-0.5216281592594221,-0.8531729387806595,0.9625936159098136,-0.27094931372799275,0.7971666430954047,0.6037593420693411,0.44510709830930517,0.8954773425579625,0.22860736803746887,0.9735187061782538,0.11506800993705027,0.9933576159113731,-0.05762978435074598,-0.9983380228938926,0.9995844193698431,-0.028826872065031227,-0.7172262098058851,-0.6968404149929053,0.9210972844908689,-0.3893324960795687,0,1,0,0,99,23
1701852660,12,6,2,1011,18.0,0.5,93,0,0,1,0,0,0,0,-0.558714049540841,0.8293603624756096,0.29209556443430496,-0.9563891369300495,0.9890371926601268,0.14766662295513935,0.6528144365150256,0.7575178621508338,0.3481968824165189,0.937421426614208,0.17688777994224478,0.9842310263891827,-0.08879463275113347,-0.996049955170217,0.9990120007212668,-0.044441224273094576,-0.7226483322727226,-0.6912158764549992,0.9195694308900767,-0.39292755282939934,0,1,0,0,99,27
1701852720,12,6,2,1012,18.0,0.5,93,0,0,1,0,0,0,0,0.3960081916851428,0.9182469777343475,-0.20217940333482604,-0.9793485022540106,0.9948237286710673,-0.10161569206079699,0.7421642985420401,0.6702179898880674,0.4060677345664961,0.9138429815586667,0.20755362974582411,0.9782236404725319,-0.10434644106884551,-0.994541009831302,0.9986343199167806,-0.05224456990299564,-0.7253428740612937,-0.6883877650339976,0.9188002408124406,-0.3947228362826266,0,1,0,0,99,26
1701852780,12,6,2,1013,18.0,0.5,93,0,0,1,0,0,0,0,0.9866423277611509,0.16290155637702694,-0.6469538019143921,-0.7625291982530986,0.9387569435836677,-0.3445800355119992,0.8199329349135815,0.572459590053307,0.4623529009029212,0.8866959992165598,0.23801680695219837,0.9712610357716817,-0.11987277469950863,-0.9927892615685571,0.998195687620558,-0.060044726793628274,-0.7280263480100251,-0.6855491496626525,0.9180275457911523,-0.39651661398820826,0,1,0,0,99,26
1701852840,12,6,2,1014,18.0,0.0,93,0,0,1,0,0,0,0,0.6701620578277746,-0.7422148046543147,-0.9333313464826719,-0.35901615238432194,0.8243227985396018,-0.5661200613013454,0.8849067920694658,0.4657681497798313,0.5168325890557641,0.8560864879729826,0.2682475647857939,0.9633500111519651,-0.1353698431114458,-0.990795138046197,0.9976961306044534,-0.06784121886361938,-0.7306987131724058,-0.6827000736547422,0.9172513487738087,-0.39830887910342766,1,0,0,0,99,26
1701852900,12,6,2,1015,17.9,0.0,93,0,0,1,0,0,0,0,-0.26246211746178244,-0.9649422971854211,-0.9911968263633165,0.1323965687141833,0.6586362544249356,-0.7524614836369312,0.9360719746998442,0.35180855330923155,0.5692940570086642,0.8221339773142914,0.2982163834246105,0.954498291594671,-0.1508338629176634,-0.9885591261008799,0.9971356793588524,-0.07563357025527759,-0.7333599287714313,-0.679840580483661,0.9164716527213651,-0.40009962479133804,1,0,0,0,99,26
1701852960,12,6,2,1016,17.9,0.0,93,0,0,1,0,0,0,0,-0.9537798323630459,-0.3005062917436509,-0.8063827539523806,0.5913939922996974,0.45199889806298343,-0.892018495407942,0.972630067242408,0.23235910202965793,0.6195324438519512,0.784971051068018,0.3278939988258263,0.9447145206537312,-0.16626105879951092,-0.9860817716228536,0.9965143680908102,-0.08342130536363722,-0.7360099542002259,-0.6769707137817569,0.9156884606081254,-0.40188884422078897,1,0,0,0,99,28
1701853020,12,6,2,1017,17.9,0.0,93,0,0,1,0,0,0,0,-0.7681967679707804,0.6402138124714641,-0.42413805979217184,0.9055975409837044,0.2172584394405608,-0.9761141175558584,0.9940105928902011,0.10928376467742497,0.6673515697601134,0.7447428296658603,0.3572514313016393,0.9340082520154359,-0.18164766442837085,-0.9833636794226833,0.9958322347219645,-0.09120394886548673,-0.7386487490226619,-0.6740905173396645,0.9149017754217292,-0.4036765305664521,1,0,0,0,99,30
1701853080,12,6,2,1018,17.9,0.0,93,0,0,1,0,0,0,0,0.12366286217291594,0.9923242899975806,0.061950423737127995,0.9980792278165047,-0.030990096672124958,-0.9995196916060495,0.9998799156913918,-0.015496909271697935,0.7125647020698184,0.7016064034515015,0.3862600138174404,0.9223899401694224,-0.19698992338515384,-0.980405513083597,0.99508932088622,-0.09898102574838,-0.7412762729739769,-0.6712000351056382,0.9141116001631415,-0.40546267700884736,1,0,0,0,99,31
1701853140,12,6,2,1019,17.9,0.0,93,0,0,1,0,0,0,0,0.9018274271353413,0.43209639163785063,0.5328712829390178,0.846196310449842,-0.27731181867183197,-0.9607799723271302,0.9901464468267132,-0.14003575913471147,0.7549952844669665,0.6557302192461807,0.41489141998468665,0.9098709302000424,-0.21228409007737442,-0.9772079947994803,0.9942856719272083,-0.10675206133962863,-0.7438924859613884,-0.6682993111848804,0.9133179378466407,-0.40724727673436906,1,0,0,0,99,30
1701853260,12,6,2,1021,17.9,0.0,93,0,0,1,0,0,0,0,0.017611506143138743,-0.9998449053985173,0.9999612255979022,0.008806094522619302,-0.7039864719855704,-0.7102133814997501,0.9247197903959204,-0.38064853769602863,0.8308575502744224,0.5564851580698138,0.47091126655145243,0.8821805818736359,-0.24271322391493633,-0.9700980831528419,0.9924963685457096,-0.12227411182903393,-0.749090819536935,-0.6624673154846834,0.9117201641635122,-0.4108118088098957,1,0,0,0,99,31
1701853320,12,6,2,1022,17.9,0.0,93,0,0,1,0,0,0,0,-0.8318249398218998,-0.5550380793155483,0.8817704007607503,-0.4716788741741842,-0.8578108399216532,-0.5139655269693756,0.8700475639208972,-0.49296778445990996,0.8639929931602194,0.5035038309387974,0.4982450045214717,0.8670362826718376,-0.25784076222366625,-0.9661874255732781,0.9915108233330784,-0.13002417934123234,-0.7516728608048957,-0.6595361326943231,0.9109160588919055,-0.41259172756229423,1,0,0,0,99,32
1701853380,12,6,2,1023,17.9,0.0,93,0,0,1,0,0,0,0,-0.9164853722719367,0.4000681972008891,0.5476914289995375,-0.8366804040973139,-0.9583006845706921,-0.2857617853236206,0.8017985362058291,-0.5975944338246381,0.8937545618973471,0.4485563321230467,0.5250922146999293,0.8510453372538523,-0.2729053524082549,-0.9620408871908336,0.9904647614102264,-0.1377663108476931,-0.7542434324698137,-0.6565948861940317,0.9101084787524044,-0.41437007240265816,1,0,0,0,99,32
1701853440,12,6,2,1024,17.9,0.0,93,0,0,1,0,0,0,0,-0.15853338004399595,0.9873536182198484,0.07951849401287635,-0.996833390848202,-0.9992080341070627,-0.03979075993115771,0.7210377105017316,-0.6928958219201651,0.9200260381967906,0.39185723042955,0.5514266812416906,0.8342233605065102,-0.2879033166650653,-0.9576594803233847,0.9893582466233818,-0.14550003380861354,-0.7568024953079283,-0.6536436208636119,0.9092974268256817,-0.4161468365471424,1,0,0,0,99,34
1701853500,12,6,2,1025,17.9,0.0,93,0,0,1,0,0,0,0,0.7451734706822545,0.6668706760619807,-0.4081233416125689,-0.9129267977395507,-0.9779894676681213,0.2086542621904108,0.6290253324825595,-0.7773848024596348,0.9427048325058154,0.3336279346370484,0.5772226889870805,0.8165867788046315,-0.3028309934562251,-0.9530442746285798,0.9881913465085038,-0.1532248761974051,-0.7593500102710887,-0.6506823817357417,0.9084829062056539,-0.4179220132179318,1,0,0,0,99,37
1701853560,12,6,2,1026,17.9,0.0,93,0,0,1,0,0,0,0,0.9637712690067693,-0.2667300902355814,-0.7958423494121124,-0.6055038851090959,-0.8959642529445848,0.4441261728894752,0.5271972245329658,-0.8497429531597998,0.9617023846179752,0.27409582889949297,0.6024550485723009,0.7981528139709504,-0.3176847384035387,-0.948196396842698,0.9869641322871612,-0.16094036652950375,-0.7618859384873512,-0.6477112139952867,0.9076649199994695,-0.41969559564326697,1,0,0,0,99,38
1701853620,12,6,2,1027,17.9,0.0,93,0,0,1,0,0,0,0,0.29628220726538684,-0.955100441659384,-0.9887113941033004,-0.14983250371767806,-0.7582323205052914,0.6519844692484331,0.41714238022021144,-0.9088411492797939,0.9769445094988235,0.2134933848157902,0.6270991210264171,0.7789394664592975,-0.33246092517820985,-0.9431170305055724,0.9856766788621846,-0.1686460338911467,-0.7644102412615711,-0.6447301629786113,0.9068434713274974,-0.42146757705746996,1,0,0,0,99,37
1701853680,12,6,2,1028,17.9,0.0,93,0,0,1,0,0,0,0,-0.6436073494603881,-0.7653558516929062,-0.9395094070026404,0.34252310017507853,-0.5733571748155426,0.8193055291449822,0.3005781685810014,-0.953757183235068,0.9883716869768853,0.1520572536331825,0.6511308418308941,0.7589654977774624,-0.3471559463861577,-0.9378074156716458,0.9843290648130953,-0.17634140796811468,-0.7669228800759939,-0.6417392741728861,0.9060185633233147,-0.4232379507009703,1,0,0,0,99,34
1701853740,12,6,2,1029,17.9,0.0,93,0,0,1,0,0,0,0,-0.9917672772396455,0.12805337870068162,-0.6602827505316636,0.7510171032342345,-0.3528334570061104,0.9356861394811389,0.17932353515205574,-0.9837901553383066,0.9959392941686522,0.09002734212919263,0.674526744418191,0.738250412166899,-0.3617662144487106,-0.9322688486072296,0.9829213723913093,-0.18402601907443744,-0.7694238165908427,-0.6387385932153945,0.9051901991336944,-0.4250067098203306,1,0,0,0,99,30
1701853860,12,6,2,1031,17.9,0.0,93,0,0,1,0,0,0,0,0.5291594227631156,0.8485224247484602,0.27520680882886944,0.9613850489654133,0.13895134226517336,0.9902992095739078,-0.06964477879242692,-0.9975718544480663,0.9993927792534991,-0.03484354712090696,0.7193203553080181,0.6946785058136941,-0.3907182451500736,-0.9205103219990785,0.9799260997644359,-0.19936107694447477,-0.7743904302561063,-0.6327080381406281,0.9035231148511443,-0.4285393575037022,1,0,0,0,99,30
1701853920,12,6,2,1032,17.9,0.0,93,0,0,1,0,0,0,0,0.9999130566754362,0.013186322079561247,0.7024292412479847,0.7117535816838442,0.37963562682930313,0.9251360931462582,-0.19347339203846847,-0.9811055226493881,0.9952651713612277,-0.0971969067167568,0.740674323409674,0.6718642322981792,-0.4050529395658183,-0.914293233130974,0.9783387023753517,-0.20701058773529676,-0.7768560316221071,-0.6296782560422042,0.9026844011176343,-0.4303032325917363,1,0,0,0,99,30
1701853980,12,6,2,1033,17.9,0.0,93,0,0,1,0,0,0,0,0.5513512376156806,-0.8342732242974464,0.9576724973333646,0.28786001433209996,0.5967160068524642,0.8024524952706235,-0.3142829177106008,-0.9493293673090029,0.9872510742736629,-0.1591707144719108,0.7613050356039657,0.6483938947615443,-0.41928874611564265,-0.9078529326828064,0.9766915922344183,-0.21464746366681534,-0.7793097791208626,-0.6266388658283113,0.9018422439175022,-0.43206546620372743,1,0,0,0,99,31
1701854040,12,6,2,1034,17.9,0.5,93,0,0,1,0,0,0,0,-0.40412036662142653,-0.9147058157034773,0.9784441260755459,-0.20651172399711681,0.7766954757165503,0.6298762878545608,-0.43018816356650214,-0.9027392447031869,0.9753817828684281,-0.22052296399333682,0.7811923463505441,0.6242904115900961,-0.4334221893315477,-0.9011909929615631,0.9749848698727491,-0.22227123862348555,-0.7817516353112047,-0.6235899138763048,0.900996646463322,-0.43382605161729004,0,1,0,0,99,32
1701854100,12,6,2,1035,17.8,0.5,93,0,0,1,0,0,0,0,-0.9880455694833501,-0.15416209853372645,0.7596585083225641,-0.6503221899436746,0.908383781763984,0.41813742361592404,-0.5393804670101041,-0.8420621781127342,0.9597036464744557,-0.28101407605960405,0.8003168360279583,0.5995773194261087,-0.4474498187360742,-0.8943090403842815,0.9732186394598804,-0.22988144728937843,-0.7841815629334122,-0.6205314467094402,0.9001476119807906,-0.43558498211632585,0,1,0,0,99,27
1701854160,12,6,2,1036,17.8,0.5,93,0,0,1,0,0,0,0,-0.6635662323678801,0.7481175410729898,0.35488199371552387,-0.9349111030127383,0.9835931839466808,0.18040079959254857,-0.6401559186664806,-0.7682450128678183,0.9402778878788489,-0.34040783417261544,0.8186598298965864,0.5742787501846923,-0.46136820968468756,-0.8872087550809822,0.9713930087974131,-0.23747762517658147,-0.7865995249097795,-0.6174635109961635,0.8992951437087169,-0.4373422509910497,0,1,0,0,99,25
1701854220,12,6,2,1037,17.8,0.5,93,0,0,1,0,0,0,0,0.27099283859415124,0.9625813635380046,-0.13678200989529898,-0.9906011718996715,0.9976475259077405,-0.06855227239241818,-0.7309419513177562,-0.6824396411432962,0.9171803642532085,-0.398472306977978,0.8362034163342009,0.5484194074893877,-0.4751739642018554,-0.8798918704844896,0.9695080893124332,-0.2450593086535486,-0.7890054843451814,-0.6143861535493991,0.898439244899008,-0.4390978515380148,0,1,0,0,99,25
1701854280,12,6,2,1038,17.8,0.5,93,0,0,1,0,0,0,0,0.9564023435002251,0.29205231953757416,-0.5949570070443855,-0.8037575254818999,0.9496729767351233,-0.3132430961075599,-0.8103218792885825,-0.5859850270665796,0.8905012709330009,-0.45498075395197785,0.8529304643263652,0.5220245425494965,-0.4888637118106147,-0.8723601729072392,0.9675639960507106,-0.2526260349733978,-0.7913994045276372,-0.6112994213258353,0.8975799188166576,-0.44085177706013884,0,1,0,0,99,24
1701854340,12,6,2,1039,17.8,0.5,93,0,0,1,0,0,0,0,0.7624999444675773,-0.6469882801774245,-0.9074657790179816,-0.4201260048024732,0.8426523615354298,-0.5384579812750141,-0.8770570053522787,-0.4803863126302549,0.8603447892067038,-0.5097125108184736,0.8688246401945774,0.4951199295027046,-0.5024341103554253,-0.8646155011051747,0.9655608476696781,-0.26017734230215483,-0.7937812489288705,-0.6082033614252083,0.8967171687397337,-0.44260402086672895,0,1,0,0,99,23
1701854460,12,6,2,1041,17.8,0.5,93,0,0,1,0,0,0,0,-0.9056167181092594,-0.4240971113801818,-0.8438296959043874,0.5366110735997806,0.4813465105307295,-0.8765303969628722,-0.9686409027505684,-0.2484648899111581,0.790083821474392,-0.6129988214054094,0.8980531224280135,0.4398870187869782,-0.529203638126677,-0.8484948493617914,0.9613778781940511,-0.27523185738410494,-0.7985085651964244,-0.601983447702632,0.8949814097797317,-0.4461034366026381,0,1,0,0,99,24
1701854520,12,6,2,1042,17.8,0.5,93,0,0,1,0,0,0,0,-0.8461722149944356,0.5329095444551641,-0.483265173349392,0.8754740271576206,0.2495255225847443,-0.9683682221029407,-0.9920605379972889,-0.12576123786178975,0.7502537030437737,-0.6611500442933549,0.9113588876763519,0.41161265511804,-0.5423962319568417,-0.8401228050463933,0.9591983124063536,-0.2827341462872912,-0.8008539649297153,-0.5988596887889135,0.8941084075180463,-0.4478505951827498,0,1,0,0,99,24
1701854580,12,6,2,1043,17.8,0.5,93,0,0,1,0,0,0,0,-0.008760879736830363,0.999961622756712,-0.004380481896321661,0.9999904056431521,0.002190246201668042,-0.9999976014079114,-0.999999400351798,-0.001095123757523013,0.7074938599583473,-0.7067194904070769,0.9237747264368832,0.38293635867655806,-0.5554564075260281,-0.8315456567971954,0.9569602020975573,-0.2902191785554537,-0.803187144616824,-0.5957267920131452,0.8932319945045478,-0.4495960453489637,0,1,0,0,99,24
1701854640,12,6,2,1044,17.8,0.5,93,0,0,1,0,0,0,0,0.8367051679479498,0.5476535966550325,0.4755767042996153,0.8796742569426005,-0.24528120908194284,-0.9694519732670104,-0.992333606522275,0.12358807938670624,0.6619712684902925,-0.7495292120346966,0.935288514853758,0.3538861313793629,-0.5683809763796802,-0.8227654986019294,0.9546636838703799,-0.297686497340802,-0.8055080686562991,-0.5925848051794772,0.8923521740824856,-0.45133978044291795,0,1,0,0,99,26
1701854700,12,6,2,1045,17.8,0.5,93,0,0,1,0,0,0,0,0.9129083428849631,-0.4081646205773236,0.8390961269655949,0.5439831704302425,-0.4775022667850685,-0.8786305168926932,-0.9691827786575381,0.24634273188720912,0.6138636933850995,-0.7894120381293944,0.9458890099079792,0.32449034028042,-0.5811667831696767,-0.8137844740102934,0.9523088978924573,-0.30513564687668543,-0.8078167016336953,-0.5894337762307631,0.891468949608107,-0.45308179381279323,0,1,0,0,99,30
1701854760,12,6,2,1046,17.8,0.5,93,0,0,1,0,0,0,0,0.14978779746606605,-0.9887181679984771,0.9971755532498972,0.07510603172023837,-0.6800345462841435,-0.7331800705557395,-0.930908177683422,0.36525328844807164,0.5633589936940424,-0.8262122271087713,0.9555658603960198,0.2947776898708828,-0.593810706424664,-0.8046047756106357,0.9498959878877886,-0.3125661725054107,-0.8101130083221139,-0.5862737532478276,0.8905823244506449,-0.45482207881333797,0,1,0,0,99,30
1701854820,12,6,2,1047,17.8,0.5,93,0,0,1,0,0,0,0,-0.7510469581613124,-0.6602487914692763,0.9111116263853942,-0.41215968296930966,-0.8402855713890695,-0.5421440385315928,-0.8781070659468562,0.4784641896048268,0.5106543891886044,-0.8597860750223938,0.964309617037597,0.2647771940496445,-0.606309659312119,-0.795228644494665,0.9474251011279639,-0.3199776207059917,-0.8123969536827399,-0.5831047844487336,0.889692301992305,-0.4565606288058938,0,1,0,0,99,29
1701854880,12,6,2,1048,17.8,0.5,93,0,0,1,0,0,0,0,-0.9613726040856847,0.2752502790434721,0.6019757972528995,-0.7985143326964996,-0.9482917095220488,-0.31740011602352985,-0.8116033871367004,0.5842088171092894,0.45595569022148996,-0.8900024767126464,0.9721117417027341,0.23451814779175792,-0.618660590391954,-0.7856583697103207,0.9448963884231754,-0.3273695391218304,-0.8146685028653773,-0.5799269181880462,0.8887988856282523,-0.4582974371584211,0,1,0,0,99,30
1701854940,12,6,2,1049,17.8,0.5,93,0,0,1,0,0,0,0,-0.28781671141059484,0.95768551238535,0.14545529831300405,-0.9893648246186414,-0.9973376621332019,-0.07292179160360307,-0.7324349089180564,0.6808370614164585,0.39947649404160285,-0.9167434377775656,0.9789646157490999,0.2040300985423896,-0.6308604843614832,-0.7758962877029344,0.9423100041130134,-0.334741476588326,-0.8169276212089802,-0.5767402029560944,0.8879020787665987,-0.4600324972455237,0,1,0,0,99,31
1701855060,12,6,2,1051,17.8,0.5,93,0,0,1,0,0,0,0,0.9905949860791541,-0.13682680130310884,-0.7539319602268857,-0.6569525092032494,-0.9102067098201511,0.4141542531453411,-0.541223496743563,0.8408787823299329,0.2820649018134543,-0.9593953257989984,0.9897967785861395,0.14248626986661125,-0.6547952848537429,-0.7558062813534336,0.9369648556251813,-0.3494236101400179,-0.8214084276838222,-0.5703404202140955,0.8860983072475919,-0.463497346155242,0,1,0,0,99,31
1701855120,12,6,2,1052,17.8,0.5,93,0,0,1,0,0,0,0,0.42008497191934335,-0.9074847747304219,-0.9765973517090915,-0.21507582996419908,-0.7794471854988634,0.6264679441263539,-0.4321643529223842,0.9017948614087224,0.22159099552021236,-0.9751396980455473,0.9937654899536277,0.11149058694448753,-0.6665243480382065,-0.7454832616982381,0.9342064176878251,-0.35673291010345676,-0.8236300474434674,-0.5671274503568591,0.8851913494710788,-0.46522712176051223,0,1,0,0,99,31
1701855240,12,6,2,1054,17.8,1.0,93,0,0,1,0,0,0,0,-0.9999906026910859,-0.0043352657956364895,-0.708637871481491,0.7055723684372722,-0.3836845263772881,0.9234642300699232,-0.19562179061913934,0.9806794150154073,0.09828678696699936,-0.995158131910554,0.9987887994742818,0.049202988168636434,-0.6894914835700886,-0.7242937898976618,0.9285186562201273,-0.371285745822768,-0.8280355505118026,-0.5606755987989989,0.8833673071828612,-0.4686813422790591,0,0,1,0,99,31
1701855300,12,6,2,1055,17.7,1.0,93,0,0,1,0,0,0,0,-0.5439452288589227,0.8391207231391763,-0.2836188259449852,0.9589370999025891,-0.14328799687589133,0.9896810344506428,-0.07182953970810732,0.9974169224678923,0.03593798500269404,-0.9993540219731675,0.9998384924509477,0.017971895098076136,-0.700723948820762,-0.7134325108579214,0.9255896798414299,-0.37852839334855626,-0.830219366597936,-0.557436815545692,0.8824502296293236,-0.47040577401553435,0,0,1,0,99,32
1701855360,12,6,2,1056,17.7,1.0,93,0,0,1,0,0,0,0,0.4122008798541881,0.9110929890233121,0.21083999973521134,0.9775205852112047,0.10601748626711377,0.9943642655514137,0.05308358714605824,0.9985900724399912,-0.026551154023966794,-0.99964745596635,0.9999118601072672,-0.013276747223059479,-0.711785342369123,-0.7023970575027135,0.9226042102393402,-0.3857479374522218,-0.8323905145579873,-0.5541895264924167,0.8815297857963782,-0.4721284112969602,0,0,1,0,99,32
1701855420,12,6,2,1057,17.7,1.0,93,0,0,1,0,0,0,0,0.9893714005911104,0.1454105625200062,0.6536778401781698,0.7567729390378617,0.3487313156013798,0.937222742745251,0.1771683623770749,0.9841805583187596,-0.088936611362364,-0.9960372880366376,0.9990088308009688,-0.044512425025841795,-0.7226729637345795,-0.6911901239797044,0.9195624296315352,-0.39294393749000356,-0.8345489612629098,-0.5509337811888088,0.8806059791952382,-0.473849247551999,0,0,1,0,99,33
1701855480,12,6,2,1058,17.7,1.0,93,0,0,1,0,0,0,0,0.6569184183445477,-0.7539616645690269,0.9364725475338364,0.3507408840091023,0.5697627207842304,0.8218092491597738,0.29848848456869004,0.9544132357526728,-0.15097477313665228,-0.9885376158125377,0.9971302863248458,-0.07570463720097437,-0.7333841548605254,-0.6798144463009835,0.9164645236726252,-0.4001159542551487,-0.8366946737774624,-0.5476696293135358,0.8796788133499452,-0.4755682762161834,0,0,1,0,99,38
1701855540,12,6,2,1059,17.7,1.0,93,0,0,1,0,0,0,0,-0.2795023281934896,-0.9601450143256585,0.9899861146313261,-0.14116477194105753,0.7553690395896093,0.6552996368299553,0.41515079379066877,0.9097526138544355,-0.21242338165273203,-0.9771777253535908,0.9942780610456994,-0.10682292508260853,-0.7439163007632675,-0.6682728016751062,0.9133106814428227,-0.40726355000471987,-0.8388276193607123,-0.5443971206735393,0.8787482917973551,-0.47728549073194165,0,0,1,0,99,36
1701855660,12,6,2,1061,17.7,1.0,93,0,0,1,0,0,0,0,-0.7567433812205466,0.6537120581562608,0.4161057208473222,-0.9093162426120686,0.9770660782700596,0.21293632544487498,0.6273211595965519,0.7787606581758207,-0.33259535611924834,-0.943069631091952,0.985664656739794,-0.16871628390295948,-0.7644332161487226,-0.6447029223204439,0.9068359615499497,-0.4214837349646817,-0.843055079744106,-0.5378272329639502,0.8768771957816984,-0.4807144511225192,0,0,1,0,99,32
1701855720,12,6,2,1062,17.7,1.0,93,0,0,1,0,0,0,0,0.14120953553363158,0.9899797306381459,-0.07078230485740782,-0.9974917870935445,0.9993727500521375,-0.03541336546034254,0.7195183685842713,0.6944734100524143,-0.3908494530810973,-0.9204546186674317,0.9799118885561681,-0.19943091702713533,-0.7744129767207983,-0.6326804418396639,0.9035154790704097,-0.42855545624827607,-0.8451495300384058,-0.5345299541427608,0.8759366284562944,-0.48242618391689684,0,0,1,0,99,30
1701855780,12,6,2,1063,17.7,1.0,93,0,0,1,0,0,0,0,0.909335056539327,0.4160646042967595,-0.5403403537138608,-0.8414465533522493,0.9595432646192275,-0.28156122482308416,0.8004877340793812,0.5993491366377847,-0.44757729129292034,-0.8942452506549265,0.9732022530427389,-0.22995080924523129,-0.7842036754712488,-0.6205035015029201,0.9001398506629178,-0.43560102071567736,-0.8472310843906984,-0.5312245190521249,0.8749927196988913,-0.4841360764020149,0,0,1,0,99,27
1701855900,12,6,2,1065,17.7,1.0,93,0,0,1,0,0,0,0,-9.043305996889882e-05,-0.9999999959109308,-0.9999999989777327,4.521653003067279e-05,0.7070907945483271,-0.7071227674633418,0.9238838583564879,0.38267298868397953,-0.5555749325320665,-0.8314664721694975,0.9569395153742731,-0.29028738159839335,-0.8032083732128275,-0.5956981695462924,0.8932239835411643,-0.44961196072486087,-0.8513553784186897,-0.5245893819336888,0.87309489230372,-0.48755031436063667,0,0,1,0,99,21
1701855960,12,6,2,1066,17.7,1.0,93,0,0,1,0,0,0,0,-0.8415198425578914,-0.540226206862775,-0.8775608830339849,0.4794652193523661,0.5101640817656776,-0.8600770951933222,0.9643850618900425,0.2645022729644093,-0.6064230070815217,-0.795142211483081,0.9474022935065866,-0.32004514409448476,-0.8124177324795677,-0.5830758337924473,0.8896841669357861,-0.45657648111107996,-0.8533980551627359,-0.5212597811499177,0.8721409809055867,-0.48925464680986036,0,0,1,0,99,16
1701856020,12,6,2,1067,17.7,1.0,93,0,0,1,0,0,0,0,-0.9092597896756762,0.4162290653942189,-0.5402642569177518,0.8414954145431272,0.28151783731841296,-0.9595559948598954,0.9898373590797367,0.1422040877403048,-0.6549030127658962,-0.7557129374770241,0.9369399493769662,-0.34949038793862125,-0.8214287516086289,-0.5703111484362632,0.8860900485944595,-0.4635131344221741,-0.85542771010243,-0.517922226583213,0.8711837425546958,-0.49095711290131394,0,0,1,0,99,16
1701856080,12,6,2,1068,17.7,1.0,93,0,0,1,0,0,0,0,-0.14103047943200392,0.9900052544664494,-0.07069209833337335,0.9974981840751515,0.035368177256176046,-0.9993743503000143,0.9998435753406666,0.01768685528840119,-0.7008256362004742,-0.713332620622526,0.9255626992869057,-0.3785943603498829,-0.8302392306889271,-0.5574072297925984,0.8824418478836433,-0.47042149728057797,-0.857444312267735,-0.5145767691605511,0.8702231809026209,-0.49265770614060683,0,0,1,0,99,17
1701856140,12,6,2,1069,17.7,1.0,93,0,0,1,0,0,0,0,0.7568616032060743,0.6535751782253751,0.41618795139613596,0.9092786091802048,-0.21298050476486718,-0.9770564490294829,0.9942475670147458,-0.10710637462475603,-0.7440115505234969,-0.6681667551499565,0.913281652928043,-0.40732864179311246,-0.8388470187683545,-0.5443672281681216,0.8787397874707056,-0.4773011480354297,-0.8594478308877828,-0.5112234599294961,0.8692592996136125,-0.4943564200404926,0,0,1,0,99,17
1701856260,12,6,2,1071,17.7,1.0,93,0,0,1,0,0,0,0,0.2793286659192636,-0.9601955511226682,0.9899988765454909,0.1410752438901522,-0.6553337913269267,-0.7553394084417124,0.9368402767926112,-0.3497574813769446,-0.8215100368762833,-0.5701940540829303,0.8860570111688442,-0.46357628601831524,-0.8554461660497157,-0.5178917425397342,0.8711749946307384,-0.49097263541885194,-0.8634154954072958,-0.5044934908307281,0.8673215928451016,-0.4977481839089279,0,0,1,0,99,23
1701856320,12,6,2,1072,17.7,1.0,93,0,0,1,0,0,0,0,-0.6570547737201031,-0.7538428379520655,0.9364408251331382,-0.35082557065294895,-0.8218350110128397,-0.5697255608391865,0.8859248164599484,-0.4638288688518717,-0.8555199789753223,-0.5177697997895051,0.8711400001691764,-0.4910347239302405,-0.8634334728079056,-0.504462722145928,0.8673127239196736,-0.4977636376102979,-0.8653795807650819,-0.5011169336540635,0.8663477747573614,-0.4994412209389292,0,0,1,0,99,22
1701856380,12,6,2,1073,17.7,1.0,93,0,0,1,0,0,0,0,-0.9893450845645446,0.14558950390730144,0.653609400212657,-0.7568320500306859,-0.9372385102071633,-0.3486889372845904,0.8211847956716535,-0.5706623619599464,-0.8861891338647598,-0.4633236655082782,0.8553723357428267,-0.518013674767241,-0.8712099846670839,-0.49091054441352094,0.8633975169102355,-0.5045242588748726,-0.8673304614951768,-0.4977327300495354,0.8653706518161843,-0.5011323527524763,0,0,1,0,99,22
1701856440,12,6,2,1074,17.7,1.0,93,0,0,1,0,0,0,0,-0.41203608725896307,0.9111675272946924,0.21075159869536877,-0.9775396481203953,-0.9943690582777592,-0.10597252445706083,0.7436304607992672,-0.6685908597726038,-0.9133977391510787,-0.40706826222845977,0.8387694147465261,-0.5444867940416647,-0.8787738031034109,-0.47723851791234084,0.8594296125664803,-0.5112540865790997,-0.8692681078295407,-0.49434093165592724,0.8643902277489974,-0.5028215728984153,0,0,1,0,99,25
1701856500,12,6,2,1075,17.6,1.0,93,0,0,1,0,0,0,0,0.5440969884707371,0.8390223281516855,-0.28370554440151013,-0.958911447463134,-0.9896745544529105,0.14333274667162774,0.6544720212997543,-0.7560862208345116,-0.9370395458129053,-0.34922326609598076,0.8213474496508711,-0.570428231201796,-0.8861230815190957,-0.46344998047157365,0.8554092530688377,-0.5179527099689828,-0.8711924902020743,-0.4909415902279095,0.8634065062958205,-0.5045088749328849,0,0,1,0,99,25
1701856560,12,6,2,1076,17.6,1.0,93,0,0,1,0,0,0,0,0.9999898022322627,-0.004516130144271112,-0.708701675652129,-0.7055082812610101,-0.9234468802429867,0.3837262818331512,0.5551007648016929,-0.8317831092998796,-0.9570222331011646,-0.2900145605828441,0.8031234527091224,-0.5958126548744814,-0.8932560256932167,-0.44954829836488014,0.8513366837993298,-0.5246197201950761,-0.8731035792490706,-0.48753475763525,0.862419491209252,-0.5061942524193405,0,0,1,0,99,28
1701856620,12,6,2,1077,17.6,1.0,93,0,0,1,0,0,0,0,0.5364966035106962,-0.8439024792127862,-0.9601829198680807,-0.2793720823446877,-0.7998037516618335,0.6002615753383321,0.44706734652715796,-0.8945003005416857,-0.9732677690496294,-0.22967335441700054,0.7841152193450273,-0.6206152776007853,-0.9001708942197546,-0.43553686548856846,0.847212153326594,-0.5312547103374385,-0.8750013458096617,-0.4841204858620225,0.8614291862544543,-0.5078776989285795,0,0,1,0,99,28
1701856680,12,6,2,1078,17.6,1.0,93,0,0,1,0,0,0,0,-0.4202490982977543,-0.9074087807487452,-0.9765778977502884,0.21516414577161172,-0.6264326995888658,0.7794755114086689,0.3320575918356115,-0.943259113766909,-0.9857127151880788,-0.16843527871721392,0.7643413107758908,-0.6448118800405224,-0.9068659989327317,-0.4214191025330233,0.8430359133907117,-0.5378572754304699,-0.8768857609262651,-0.4806988270058135,0.8604355952091398,-0.5095592080387649,0,0,1,0,99,33
1701856740,12,6,2,1079,17.6,1.0,93,0,0,1,0,0,0,0,-0.9906197172092625,-0.13664763399430246,-0.7538725469183444,0.6570206868910968,-0.414113096332936,0.9102254355079012,0.21186618948300692,-0.9772986840029769,-0.9943084742681662,-0.10653946685858495,0.7438210358878623,-0.6683788346220334,-0.9133397053183534,-0.4071984561475931,0.8388082188878436,-0.5444270124876276,-0.8787567958450243,-0.4772698332769275,0.8594387218635565,-0.5112387733354506,0,0,1,0,99,32
1701856860,12,6,2,1081,17.6,1.0,93,0,0,1,0,0,0,0,0.28798991956502257,0.9576334404295476,0.14554476900674315,0.989351666605345,0.07296688767740807,0.9973343638432762,-0.03650778106598482,-0.9993333687622155,-0.9998333283008262,0.018256933447111743,0.7006222472034728,-0.7135323865975222,-0.9256166556943328,-0.37846242442445843,0.8301995014526503,-0.5574664005908974,-0.8824586110948482,-0.4703900506011488,0.8574351434951651,-0.5145920468676383,0,0,1,0,99,34
1701856920,12,6,2,1082,17.6,1.0,93,0,0,1,0,0,0,0,0.9614223718109872,0.2750763948093979,0.6020480068859135,0.7984598909179464,0.3174429941596235,0.9482773568207633,-0.16081455652277984,-0.9869846393994092,-0.9967408488166343,0.08067019462165342,0.677985916291167,-0.7350748923142639,-0.9314169024433323,-0.36395405457676666,0.8258190039520665,-0.5639352557799668,-0.8842893349407667,-0.46693936663127533,0.8564284461153995,-0.5162657423114207,0,0,1,0,99,36
1701856980,12,6,2,1083,17.6,1.0,93,0,0,1,0,0,0,0,0.7509275292403622,-0.6603846196187226,0.9111488955211224,0.412077286671613,0.5421820327751498,0.8402610566578738,-0.2826118746108577,-0.959234344844333,-0.9897561176482652,0.1427684404125557,0.6546875436372088,-0.7558996098730821,-0.9369897571139938,-0.34935683056648387,0.8213881027159098,-0.5703696912676532,-0.8861065656194105,-0.46348155774116123,0.8554184817214208,-0.5179374683583139,0,0,1,0,99,35
1701857040,12,6,2,1084,17.6,1.0,93,0,0,1,0,0,0,0,-0.14996662063412206,-0.9886910602890983,0.9971687571041068,-0.07519620904973118,0.7332108186087175,0.6800013937302882,-0.3999991289176214,-0.916515519162193,-0.9789064100214568,0.2043091784989199,0.630749879707115,-0.7759862042906819,-0.9423338591737755,-0.33467431609649856,0.8169070681835537,-0.5767693143291786,-0.8879102754020753,-0.46001667669271595,0.8544052541659362,-0.5196072186311907,0,0,1,0,99,38
1701857100,12,6,2,1085,17.5,1.0,93,0,0,1,0,0,0,0,-0.9129821511040995,-0.40799949971210886,0.8390469294717993,-0.5440590502362271,0.8786521069900838,0.47746253767378066,-0.5111445306007976,-0.8594947753400776,-0.964234093812306,0.26505209361550275,0.6061962992234847,-0.7953150613484894,-0.9474479039368047,-0.3199100956921418,0.8123761738542502,-0.5831337343645359,-0.8897004367663691,-0.45654477635576124,0.8533887673141008,-0.5212749867604616,0,0,1,0,99,39
1701857160,12,6,2,1086,17.5,1.0,93,0,0,1,0,0,0,0,-0.8366061022818767,0.5478049193140986,0.47549715072011806,-0.8797172612021713,0.9694630630411277,0.24523737357693737,-0.6143136928406621,-0.7890619030142494,-0.9457964641016188,0.32475998597868444,0.5810507783409793,-0.8138673067456035,-0.9523306428823981,-0.30506777382607664,0.8077956962704359,-0.5894625629223299,-0.8914770223966318,-0.4530659097072247,0.8523690250435033,-0.5229407663840979,0,0,1,0,99,40
1701857220,12,6,2,1087,17.5,1.0,93,0,0,1,0,0,0,0,0.008941738771590156,0.9999600218547443,-0.004470914070731418,-0.9999900054137402,0.9999975013503134,-0.0022354626210036865,-0.7078966953662814,-0.7063159836004691,-0.9236655194388468,0.3831996975465474,0.555337871234014,-0.8316248245292307,-0.9569808839598706,-0.29015097403831797,0.803165915000854,-0.5957554137234852,-0.8932400051843528,-0.44958012983033113,0.8513460312441502,-0.5246045511476568,0,0,1,0,99,42
1701857280,12,6,2,1088,17.5,1.0,93,0,0,1,0,0,0,0,0.846268586435398,0.5327564918540488,-0.48334434316848646,-0.8754303204293443,0.9683569384347241,-0.24956930858045798,-0.7904332067228887,-0.6125482394960996,-0.8979276806892913,0.4401430224960407,0.5290826861200238,-0.8485702747846052,-0.9613974918795568,-0.27516333805159693,0.7984871126234903,-0.6020119026848236,-0.8949893582285835,-0.4460874899137928,0.850319789818452,-0.5262663347043051,0,0,1,0,99,46
1701857340,12,6,2,1089,17.5,1.0,93,0,0,1,0,0,0,0,0.9055399984980432,-0.42426089982481757,-0.8438782198353082,-0.5365347613040475,0.8765086312478753,-0.4813861437016818,-0.860635272255815,-0.5092218849864557,-0.8686834535624746,0.4953675983618349,0.5023108607417149,-0.8646871105671216,-0.9655793883899764,-0.26010852488228686,0.7937595747083266,-0.6082316479425061,-0.8967250548363489,-0.4425880432509977,0.8492903046812078,-0.5279261107148435,0,0,1,0,99,49
1701857400,12,6,2,1090,17.5,1.0,93,0,0,1,0,0,0,0,0.13226211205325097,-0.9912147767841303,-0.9978012770046274,-0.06627678030754695,0.7301632626705986,-0.683272719963432,-0.9174074122121076,-0.39794929327526646,-0.8360470361394945,0.5486577743569909,0.4750485373322441,-0.8799595940601451,-0.9695255525410729,-0.24499020994710669,0.7889835897999105,-0.6144142698753396,-0.8984470685230543,-0.43908184323919636,0.8482575797595906,-0.5295838728477311,0,0,1,0,99,52
1701857460,12,6,2,1091,17.5,1.0,93,0,0,1,0,0,0,0,-0.7626169502553196,-0.6468503591892605,-0.9074277820271045,0.4202080679917626,0.5384198789087553,-0.8426767078754944,-0.9598637163356823,-0.2804668359401033,-0.800145872931962,0.5998054534846681,0.4473223370877716,-0.8943728119427233,-0.9732350209334648,-0.2298120841658208,0.7841594493997445,-0.620559391127948,-0.9001553730128894,-0.4355689433786872,0.8472216189931319,-0.5312396147791093,0,0,1,0,99,51
1701857520,12,6,2,1092,17.5,1.0,93,0,0,1,0,0,0,0,-0.9563495054874062,0.2922252955409466,-0.5948843183590627,0.8038113259779768,0.3132001548706699,-0.9496871395301657,-0.9873416682005692,-0.15860778743465642,-0.7611201572139107,0.6486109051524434,0.4191593341723149,-0.9079126899521901,-0.9767068879536455,-0.2145778530601538,0.7792874479484941,-0.6266666366338032,-0.9018499422392295,-0.4320493972719999,0.8461824263337073,-0.5328933301928258,0,0,1,0,99,51
1701857580,12,6,2,1093,17.5,1.0,93,0,0,1,0,0,0,0,-0.2708187358060818,0.9626303612168046,-0.13669242624080422,0.9906135374647382,0.0685071621630242,-0.9976506245837613,-0.9994124835581556,-0.034273717454039475,-0.7191222835700614,0.6948835451160001,0.39058702928028716,-0.9205660066274445,-0.9799403059950755,-0.19929123584914057,0.7743678828080167,-0.6327356336381172,-0.9035307503450332,-0.428523258623078,0.8451400057455208,-0.534545012780459,0,0,1,0,99,49
1701857640,12,6,2,1094,17.5,0.5,93,0,0,1,0,0,0,0,0.6637015306307652,0.7479975121872929,0.35496653913623116,0.9348790061252026,-0.18044527407887062,-0.9835850258430133,-0.9958878013719752,0.0905951824243062,-0.6743162527982304,0.7384426797065248,0.3616333227825357,-0.9323204062194833,-0.9829344856651138,-0.18395596454113236,0.7694010542432121,-0.6387660117205939,-0.9051977716832366,-0.4249905812364588,0.8440943612050903,-0.5361946562413418,0,1,0,0,99,52
1701857700,12,6,2,1095,17.0,0.5,91,0,0,1,0,0,0,0,0.9880176706221142,-0.15434079997995195,0.7597173158418702,0.6502534890410232,-0.41817849715102334,-0.9083648741120011,-0.9768226231286827,0.2140503747812637,-0.6268770314897238,0.7791182114356151,0.33232648748210314,-0.9431644107565804,-0.9856886959777362,-0.1685757830226803,0.7643872654036958,-0.6447574028180366,-0.9068509808171452,-0.4214514190164529,0.8430454967012317,-0.5378422542825857,0,1,0,0,99,45
1701857760,12,6,2,1096,17.0,0.5,91,0,0,1,0,0,0,0,0.4039549207204277,-0.9147788924246957,0.9784627975617406,0.20642323945634647,-0.6299114066849614,-0.7766669941024745,-0.9425144545582509,0.33416538263076073,-0.5769898687885426,0.8167513032223337,0.30269514100631545,-0.953087431252331,-0.9882022645319962,-0.1531544461445194,0.7593268223052967,-0.6507094412468135,-0.9084903525208217,-0.4179058259663213,0.8419934162350443,-0.5394878006191052,0,1,0,0,99,38
1701857820,12,6,2,1097,17.0,0.5,91,0,0,1,0,0,0,0,-0.5515021203580569,-0.8341734898931801,0.9576464613554367,-0.28794661840940233,-0.8024794758775462,-0.5966797221251103,-0.8934986631565573,0.44906585144881017,-0.5248495729974398,0.8511949986486088,0.2727682178621542,-0.9620797780456174,-0.9904745776761807,-0.13769571880487538,0.754220033811379,-0.6566217637251771,-0.9101158617794707,-0.41435385618745174,0.8409381238198955,-0.5411312889736409,0,1,0,0,99,38
1701857880,12,6,2,1098,17.0,0.5,91,0,0,1,0,0,0,0,-0.9999106553616806,0.013367172257978635,0.7023648723213674,-0.7118171015991323,-0.925153258006243,-0.37959379499727586,-0.8305401239546696,0.5569587978489631,-0.47065975085566697,0.8823147958209029,0.2425749411822016,-0.9701326702623984,-0.9925050806576252,-0.12220337503031901,0.7490672116139909,-0.6624940093954363,-0.9117274837898209,-0.41079556387853294,0.8398796234814049,-0.5427727130767847,0,1,0,0,99,33
1701857940,12,6,2,1099,17.0,0.5,91,0,0,1,0,0,0,0,-0.5290059451500208,0.848618117881025,0.27511986671174343,-0.96140993282809,-0.9903054914590976,-0.1389065642291789,-0.7546212838998045,0.656160588488375,-0.4146320124590147,0.9099891725972279,0.2121447941887475,-0.9772382443900842,-0.9942932777581482,-0.10668119705439141,0.7438686702148408,-0.6683258198459823,-0.9133251939605034,-0.40723100333472756,0.8388179192574297,-0.544412066667002,0,1,0,0,99,27
1701858060,12,6,2,1101,17.0,0.5,91,0,0,1,0,0,0,0,0.9917904215356813,0.127873999507623,-0.6603506646064563,-0.7509573887736983,-0.935670184620013,0.35287576512584545,-0.568825208158954,0.8224584381978962,-0.29794425804343316,0.9545832698612249,0.15069294963397442,-0.9885806163033,-0.9971410673278129,-0.07556250292539285,0.7333357017510442,-0.6798667138030098,-0.9164787814791485,-0.4000832952005059,0.8366849153655472,-0.5476845373020377,0,1,0,0,99,31
1701858120,12,6,2,1102,17.0,0.5,91,0,0,1,0,0,0,0,0.6434689119906669,-0.7654722459381185,-0.9395403785729803,-0.3424381360639331,-0.8192796030855196,0.5733942203824812,-0.4618472580937981,0.8869594749430442,-0.2377399052083556,0.9713288513534034,0.1197312587560086,-0.9928063384551399,-0.9981999645499743,-0.05997358395518874,0.7280019175645037,-0.6855750929128083,-0.9180346107072457,-0.39650025667532157,0.8356136238344016,-0.5493176418633751,0,1,0,0,99,29
1701858180,12,6,2,1103,17.0,0.5,91,0,0,1,0,0,0,0,-0.29645494772964054,-0.9550468386244814,-0.9886978402485972,0.14992191530179746,-0.6519501839474403,0.7582618002055086,-0.3476623360349028,0.9376198057329816,-0.17660718313112056,0.9842814144676769,0.08865265233573967,-0.9960626020656727,-0.9990151655669879,-0.044370023294603905,0.7226236998931754,-0.6912416280525198,-0.9195764318566781,-0.3929111680440506,0.8345391446912633,-0.5509486509448723,0,1,0,0,99,28
1701858240,12,6,2,1104,17.0,0.5,91,0,0,1,0,0,0,0,-0.9638194956793541,-0.2665557723036503,-0.7957875885887045,0.6055758530920589,-0.4440856600409099,0.8959843338731037,-0.2280522595008612,0.9736488930495181,-0.11478481378318722,0.9933903797222716,0.057487478104924564,-0.9983462274487422,-0.9995864713592172,-0.028755630329187164,0.7172013769957456,-0.6968659733660458,-0.9211042214011522,-0.38931608407176954,0.8334614820349437,-0.5525775583247253,0,1,0,0,99,31
1701858300,12,6,2,1105,16.5,0.5,90,0,0,1,0,0,0,0,-0.7450528441828046,0.6670054417882312,-0.40804078117987713,0.9129637018491565,-0.20861004068697586,0.9779989012900671,-0.10488350373136132,0.994484515035319,-0.05251421219384832,0.998620176802802,0.02626616832731819,-0.999654984682916,-0.9999137424505465,-0.013134217089039184,0.7117352798228563,-0.7024477855723373,-0.9226179560284792,-0.3857150596150367,0.8323806399763982,-0.5542043577891477,0,1,0,0,99,29
1701858360,12,6,2,1106,16.5,0.5,90,0,0,1,0,0,0,0,0.15871195626818388,0.9873249287532074,0.07960864038153331,0.9968261956713436,0.03983594061056201,0.9992062338855137,0.01992192403467051,0.9998015387779501,0.009961456270293016,0.9999503834635872,-0.004980789917915772,-0.9999875957889646,-0.9999968989424328,0.002490402681839968,0.7062257419969057,-0.7079867239863471,-0.9241176126409308,-0.3821081496210549,0.831296622638711,-0.5558290431323939,0,1,0,0,99,27
1701858420,12,6,2,1107,16.5,0.5,90,0,0,1,0,0,0,0,0.9165577160638908,0.39990242950467825,0.5477670903291479,0.8366308712642267,0.285805116063178,0.9582877624347049,0.1444164768392013,0.9895169939002323,0.07239822546087599,0.9973758052760836,-0.03622288450632025,-0.9993437359777875,-0.9998359205334112,0.018114414456621736,0.7006730997916855,-0.713482450539823,-0.9256031683555925,-0.37849540912683277,0.8302094341570785,-0.5574516081567831,0,1,0,0,99,26
1701858480,12,6,2,1108,16.5,0.5,90,0,0,1,0,0,0,0,0.831724538632928,-0.5551885191859097,0.8818130525190443,0.47159913104992585,0.5140043136735694,0.8577875993070563,0.2666574588239974,0.9637913672852274,0.13455228113037063,0.9909064959130168,-0.06742960806271654,-0.9977240339675638,-0.9994308465240513,0.033734003856911096,0.6950776921118563,-0.7189346298019421,-0.9270746005047118,-0.3748768932583455,0.8291190786787943,-0.5590720466727229,0,1,0,0,99,24
1701858540,12,6,2,1109,16.5,0.5,90,0,0,1,0,0,0,0,-0.01779234392291962,-0.9998417037200081,0.9999604251469175,-0.008896524040091641,0.710245212599174,0.7039543578812153,0.3847373403497409,0.923026098732104,0.19618091302149665,0.9805677178890053,-0.09857048775113843,-0.9951300713698198,-0.9987817758073632,0.04934535758397232,0.6894398604722632,-0.724342928999784,-0.9285318866360444,-0.3712526572296931,0.8280255603632333,-0.560690352498733,0,1,0,0,99,23
1701858660,12,6,2,1111,16.5,0.5,90,0,0,1,0,0,0,0,-0.9017492607873273,0.43225949459729496,0.5327947566383818,-0.8462444961703725,0.9607925104231331,0.2772683752518736,0.6011370994823587,0.7991459113490706,0.3169022630488218,0.9484581992236323,-0.1605331753507164,-0.9870304451291338,-0.9967523376268385,0.08052811580704633,0.6780383042988625,-0.7350265695221657,-0.931403932115966,-0.3639872459838629,0.8258290519180901,-0.5639205413957435,0,1,0,0,99,22
1701858720,12,6,2,1112,16.5,0.5,90,0,0,1,0,0,0,0,-0.12348338230693397,0.9923466401888201,0.061860164125145584,-0.9980848261016746,0.99952109184891,0.030944901828293042,0.6960801312247417,0.717964101410472,0.375523566896625,0.926812845565509,-0.1912944777489552,-0.9815326906337631,-0.9953724656212274,0.09609190747986249,0.6722752756572777,-0.7403012587723536,-0.9328186476406745,-0.3603461816279218,0.8247260701675199,-0.5655324121445553,0,1,0,0,99,28
1701858780,12,6,2,1113,16.5,0.5,90,0,0,1,0,0,0,0,0.7683125483936604,0.6400748612317464,-0.42421995401457346,-0.9055591811780571,0.9761042928852575,-0.21730257571177444,0.780161065329389,0.6255787017986728,0.43267845925197573,0.901548307579431,-0.2218689843359916,-0.9750764861228659,-0.9937495877037801,0.11163223969161885,0.6664712147979015,-0.7455307638493595,-0.9342191295005041,-0.3566996188325974,0.823619942337665,-0.5671421255591065,0,1,0,0,99,31
1701858840,12,6,2,1114,16.5,0.0,90,0,0,1,0,0,0,0,0.9537254653559767,-0.30067879328533587,-0.8064362322233966,-0.5913210662215004,0.8919980566743126,-0.45203923158200526,0.8520678469411944,0.5234313557755185,0.48814375148335226,0.8727632427455679,-0.2522268396250011,-0.9676681359705837,-0.9918841000768648,0.12714531849308558,0.6606264759706935,-0.7507147655711474,-0.9356053563258249,-0.3530476132399514,0.8225106726480671,-0.5687496754988299,1,0,0,0,99,35
1701858900,12,6,2,1115,16.5,0.0,90,0,0,1,0,0,0,0,0.2622875878003373,-0.9649897519071797,-0.9912087953370823,-0.13230693121076506,0.7524317016217369,-0.658670277448905,0.9106783947829511,0.413116038511636,0.5417028528115594,0.8405700561260899,-0.28233839968547497,-0.9593148743051183,-0.9897764581725306,0.14262735658856207,0.6547414159083866,-0.7558529475329715,-0.9369773069645208,-0.349390220575096,0.8213982653302526,-0.570355055831411,1,0,0,0,99,40
1701858960,12,6,2,1116,16.5,0.0,90,0,0,1,0,0,0,0,-0.6702962883777479,-0.7420935829038108,-0.9332988757369771,0.35910055492590737,0.5660827877060443,-0.8243483956816764,0.9550781108583937,0.2963541836370153,0.5931466160920859,0.8050944614258054,-0.3121742610900157,-0.9500248579447291,-0.9874271765413207,0.1580745742604909,0.6488163938047147,-0.7609449961266882,-0.9383349604823131,-0.3457274966453434,0.8202827246277175,-0.571958260432812,1,0,0,0,99,41
1701859020,12,6,2,1117,16.5,0.0,90,0,0,1,0,0,0,0,-0.9866128482510428,0.16308000388142288,-0.6468848414202396,0.7625877011470297,0.3445375878282153,-0.9387725233375308,0.9845741524480345,0.17496782084496165,0.642274154530228,0.7664749900828343,-0.3417052896262844,-0.9398071584327378,-0.984836828726652,0.17348320029222167,0.6428517712924879,-0.7659906005598964,-0.9396782961630795,-0.34205949733935437,0.8191640547959104,-0.5735592831872943,1,0,0,0,99,45
1701859080,12,6,2,1118,16.5,0.0,90,0,0,1,0,0,0,0,-0.39584210544059495,0.9183185871800467,-0.20209083702626568,0.9793667819514931,0.1015707094799159,-0.9948283223630832,0.9987062436880735,0.050851143728124895,0.6888936261397238,0.7248624503063064,-0.37090264874606493,-0.9286717531793207,-0.9820060471247926,0.1888494728886995,0.6368479124215218,-0.7709894528749078,-0.9410072935091703,-0.33838627862628545,0.8180422601022167,-0.5751581179874429,1,0,0,0,99,46
1701859140,12,6,2,1119,16.5,0.0,90,0,0,1,0,0,0,0,0.5588640435925373,0.8292592964684801,0.29218205243607953,0.9563627179236129,-0.14771134363410798,-0.989030514676775,0.9972538580213102,-0.07405904847898395,0.7328229828816042,0.6804193381735325,-0.39973782772366406,-0.916629515718737,-0.9789355228304715,0.20416964059485318,0.6308051836364167,-0.775941247967542,-0.9423219322417212,-0.3347078965549349,0.8169173448259422,-0.576754758734189,1,0,0,0,99,46
1701859200,12,6,2,1120,16.5,0.0,90,0,0,1,0,0,0,0,0.9997531682802758,-0.022217167091024455,0.7149185852567496,0.6992077062321952,-0.3878094208292295,-0.9217395798793158,0.9802396594403116,-0.19781357400426822,0.7738906815578891,0.6333192030862999,-0.428182669496151,-0.9036922050915067,-0.9756260054681576,0.2194399632114593,0.6247239537541924,-0.7808456836057491,-0.9436221923009624,-0.3310244072528874,0.815789313258297,-0.5783491993368335,1,0,0,0,99,46
1701859260,12,6,2,1121,16.5,0.0,90,0,0,1,0,0,0,0,0.5214738406490854,-0.8532672696867566,0.9626181147492386,0.270862262333869,-0.6037953865615946,-0.7971393423780654,0.9479291488233879,-0.3184812848676784,0.8119363536841046,0.5837459700641716,-0.4562093981582516,-0.8898724543619079,-0.9720783030090497,0.23465671270825827,0.618604593941777,-0.785702460448056,-0.9449080538465253,-0.3273358669256578,0.8146581697023783,-0.5799414337130699,1,0,0,0,99,46
1701859320,12,6,2,1122,16.5,0.0,90,0,0,1,0,0,0,0,-0.43624613117504446,-0.8998273795761085,0.9746351572706857,-0.22379971003543722,-0.7822402795929897,-0.6229768414494085,0.9008265208821864,-0.4341792017995516,0.8468114317247825,0.5318932215212224,-0.4837906460850486,-0.8751837582820029,-0.9682932815738222,0.24981617413409918,0.6124474776933533,-0.7905112820618372,-0.9461794972577448,-0.32364233185583335,0.8135239184731551,-0.5815314557890083,1,0,0,0,99,48
1701859380,12,6,2,1123,16.5,0.0,90,0,0,1,0,0,0,0,-0.9928834218489483,-0.11909034644975776,0.7480275217028307,-0.6636677081003122,-0.9120492607585163,-0.4100806578587241,0.8396667963718477,-0.5431018975023361,0.8783797292465076,0.4779634413308532,-0.5108994806560028,-0.8596404601142426,-0.9642718652211737,0.2649146465238922,0.6062529808075618,-0.7952718549414068,-0.9474365031339586,-0.31994385840221495,0.8123865638974511,-0.5831192594991976,1,0,0,0,99,46
1701859440,12,6,2,1124,16.5,0.0,90,0,0,1,0,0,0,0,-0.636668273391427,0.771137801989229,0.33827666045026744,-0.9410467050017307,-0.9851514363288851,-0.17168764515577298,0.7654043523379563,-0.6435496697397284,0.9065179727230256,0.4221672241305995,-0.5375094305542,-0.8432577376255137,-0.9600150357222312,0.27994844380214573,0.6000214813645651,-0.7999838885259333,-0.9486790522948035,-0.31624050299895706,0.8112461103139285,-0.5847048387866493,1,0,0,0,99,48
1701859500,12,6,2,1125,16.6,0.0,89,0,0,1,0,0,0,0,0.30489674947599804,0.9523854115634964,-0.1542961250914999,-0.9880246483675132,-0.997001667091764,0.07738007376736837,0.6791980293819437,-0.7339550646215912,0.9311162829157246,0.364722452954578,-0.5635945116151425,-0.8260515882663074,-0.9555238323208656,0.2949138956828693,0.5937533597029707,-0.8046470952171733,-0.9499071257805084,-0.3125323221547067,0.8101025620730707,-0.5862881876028603,1,0,0,0,99,42
1701859560,12,6,2,1126,16.6,0.0,89,0,0,1,0,0,0,0,0.9661411069785915,0.25801426589663984,-0.6090918379453792,-0.7930996992486631,-0.9468631630939771,0.32163667448795147,0.5823930483410875,-0.8129073361976602,0.9520786039497107,0.30585344840490175,-0.5891292521998455,-0.8080388135494797,-0.9507993514799744,0.3098073485656209,0.5874489983966179,-0.8092611903970253,-0.9511207048521826,-0.30881937245174135,0.8089559235371669,-0.5878692999078361,1,0,0,0,99,35
1701859620,12,6,2,1127,16.6,0.0,89,0,0,1,0,0,0,0,0.739119786313062,-0.6735740059418368,-0.9147606260497434,-0.40399628343473853,-0.8378532936722092,0.5458954646107904,0.4765000185672659,-0.8791744606762615,0.9693230784099441,0.24579009268452884,-0.6140887180674593,-0.7892370026438601,-0.9458427466137963,0.32462516642748135,0.5811087822312268,-0.8138258924449017,-0.9523197709921026,-0.3051017105451052,0.8078061990802946,-0.5894481696701139,1,0,0,0,99,33
1701859680,12,6,2,1128,16.6,0.0,89,0,0,1,0,0,0,0,-0.16744485726316327,-0.9858814430630688,-0.9964641095049708,0.08401951242696915,-0.6767497645263835,0.7362131187458456,0.363171365373259,-0.9317223617435201,0.9827823669926928,0.18476693191217952,-0.6384485367231334,-0.7696645151987259,-0.9406552278063217,0.33936373171073697,0.5747330981809134,-0.8183409227549167,-0.9535043059039945,-0.301379393161745,0.8066533930883032,-0.5910247908667855,1,0,0,0,99,30
1701859740,12,6,2,1129,16.6,0.0,89,0,0,1,0,0,0,0,-0.9200614712831593,-0.39177402805733347,-0.834198426052619,0.5514644013636177,-0.47356921280652436,0.8807566069475771,0.2441755444884099,-0.9697310469783819,0.9924039114640726,0.12302226022476213,-0.6621849212173432,-0.7493404634159169,-0.935238061515868,0.3540194462060546,0.5683223353845709,-0.8228060057528914,-0.9546742915133128,-0.29765247709964426,0.8054975099587969,-0.5925991574835201,1,0,0,0,99,31
1701859800,12,6,2,1130,16.6,0.0,89,0,0,1,0,0,0,0,-0.8267778116862851,0.5625286215858156,-0.46769187421537717,0.8838915718530796,-0.24094442112956296,0.9705389152046093,0.12136944589844409,-0.9926074035600907,0.9981501398988257,0.060797189243867816,-0.6852746933734428,-0.7282846933870942,-0.9295925702658919,0.36858873193093256,0.561876885122118,-0.8272208689131738,-0.9558297099675166,-0.2939210192269568,0.8043385541011188,-0.5941712635145877,1,0,0,0,99,31
1701859860,12,6,2,1131,16.6,0.0,89,0,0,1,0,0,0,0,0.02664155509373045,0.9996450507766182,0.01332195975413766,0.9999112587566504,0.0066611276578957485,0.9999778144430631,-0.003330582301704925,-0.9999944535953845,0.9999986133978848,-0.0016652934599518964,-0.7076953064207618,-0.7065177657143691,-0.9237201323221144,0.38306803200321415,0.5553971407906174,-0.8315852427752713,-0.9569705436363418,-0.29018507648113867,0.803176529936333,-0.5957411029628816,1,0,0,0,99,29
1701859920,12,6,2,1132,16.6,0.0,89,0,0,1,0,0,0,0,0.8555667989843964,0.5176924303827453,0.4910741133562503,0.8711177963922977,0.253852519790234,0.9672429364932829,-0.12797863787897792,-0.9917769246391254,0.9979421137117938,-0.06412127322844811,-0.7294248670111433,-0.6840609354332229,-0.9176221813560369,0.3974538115094489,0.5488834978802656,-0.8358988609602985,-0.9580967751120705,-0.2864447058680798,0.8020114418972087,-0.5973086698399414,1,0,0,0,99,28
1701859980,12,6,2,1133,16.6,0.0,89,0,0,1,0,0,0,0,0.8978878735372546,-0.44022422304406095,0.8485941972003052,0.529044316175847,0.48526059175671427,0.8743695775173811,-0.25062962961571295,-0.9680830484822521,0.9919886714278173,-0.12632686079719518,-0.7504421565974273,-0.6609361312573269,-0.9113002060949308,0.41174255836789153,0.5423363539502531,-0.8401614601872344,-0.9592083872097956,-0.28269996446123374,0.8008432944282027,-0.598873958165976,1,0,0,0,99,26
1701860040,12,6,2,1134,16.6,0.0,89,0,0,1,0,0,0,0,0.11469497798204223,-0.993400756002178,0.9983488258124457,0.05744233629398255,0.6864975104492431,0.7271321531516752,-0.3693696298075444,-0.9292825601375706,0.9821615346106695,-0.1880391446779491,-0.770726652153002,-0.6371659341655245,-0.9047557499583864,0.4259307841859259,0.5357561086045003,-0.8443727802889923,-0.9603053629676844,-0.2789509094007471,0.7996720919854422,-0.6004369619698862,1,0,0,0,99,28
1701860100,12,6,2,1135,16.6,0.0,90,0,0,1,0,0,0,0,-0.7739479513868687,-0.6332492151941991,0.9036728432331579,-0.42822353088416387,0.8450513389386954,0.5346851733103491,-0.4823457404650998,-0.8759809282485405,0.9684990780193187,-0.24901713972281062,-0.7902585462121908,-0.6127735553518892,-0.8979904106815086,0.4400150251117062,0.5291431634672671,-0.8485325642282995,-0.9613876856472365,-0.2751975978925875,0.7984978390367088,-0.6019976752892874,1,0,0,0,99,28
1701860160,12,6,2,1136,16.6,0.0,90,0,0,1,0,0,0,0,-0.9510267034945383,0.30910873368494685,0.587746231938178,-0.8090453428841139,0.9510639681125854,0.3089940590981371,-0.5877950071674065,-0.8090099069535975,0.9510546532543747,-0.3090227281660707,-0.8090187662119065,-0.587782813560387,-0.8910058399248534,0.45399184267980686,0.5224979221586403,-0.8526405581133842,-0.9624553387335394,-0.27144008720767066,0.7973205400614205,-0.6035560921705327,1,0,0,0,99,27
1701860220,12,6,2,1137,16.6,0.0,90,0,0,1,0,0,0,0,-0.25373589029368065,0.967273538342114,0.1279188446982811,-0.9917846385032675,0.9979440461527058,0.06409119087960714,-0.6840719293759951,-0.7294145566410116,0.9298963804212305,-0.36782158946898996,-0.8269889931156853,-0.5622181118262778,-0.8838037428711981,0.46785782465067427,0.5158207902698987,-0.8566965112134736,-0.9635083059355206,-0.2676784346809867,0.7961401995506151,-0.6051122066687357,1,0,0,0,99,29
1701860280,12,6,2,1138,16.6,0.0,90,0,0,1,0,0,0,0,0.6768385302801764,0.7361315126580106,-0.36322753704942956,-0.9317004649183155,0.9827767968664898,-0.18479655716717844,-0.7696741379204508,-0.6384369361310566,0.9051068821225083,-0.42518411533648776,-0.8441516793019155,-0.5361044136469649,-0.8763858778092459,0.4816095858436764,0.5091121753387575,-0.8607001759740951,-0.964546571186196,-0.2639126977107249,0.794956822006933,-0.6066660128477922,1,0,0,0,99,32
1701860340,12,6,2,1139,16.6,0.0,90,0,0,1,0,0,0,0,0.9851307275152447,-0.17180643091946454,-0.7654431497242185,-0.6435035233316658,0.9065052463531763,-0.4221945503368881,-0.8432658389668374,-0.5374967207635373,0.8767829608185647,-0.48088630633262097,-0.8604900656987915,-0.509467218605564,-0.8687540557043645,0.4952437689635459,0.5023724868244946,-0.8646513080321876,-0.9655701186429154,-0.26014293375739844,0.7937704119445995,-0.608217504780404,1,0,0,0,99,29
1701860460,12,6,2,1141,16.6,0.0,90,0,0,1,0,0,0,0,-0.5661821813880273,-0.8242801328909335,-0.955060242312215,0.29641176352252496,0.5931223467706621,-0.8051123410812074,-0.9500295629824388,-0.3121599421120466,0.8099876363599776,-0.5864469532225202,-0.8906309429900019,-0.45472686679889496,-0.8528560449451288,0.5221461161404464,0.4888015363414653,-0.8723950126348862,-0.9675729979270004,-0.2525915550499599,0.7913885123787051,-0.6113135222412638,1,0,0,0,99,27
1701860520,12,6,2,1142,16.6,0.0,90,0,0,1,0,0,0,0,-0.9995173533267221,0.031065421270998466,-0.6960368448325855,0.718006065876535,0.3754956285520944,-0.9268241650595153,-0.9815355737464423,-0.1912796838930951,0.7717770675179119,-0.6358931970491998,-0.9044040018291604,-0.4266771630582074,-0.8445937375620919,0.535407712375248,0.481971102673569,-0.8761871125436759,-0.9685522991928923,-0.24881005552059607,0.790193031961367,-0.6128580359591461,1,0,0,0,99,24
1701860580,12,6,2,1143,16.6,0.0,90,0,0,1,0,0,0,0,-0.5139008801272689,0.8578495703819047,-0.26659935260432954,0.9638074419669898,0.134522410833679,-0.9909105514543152,-0.9977250501652034,-0.06741457018213824,0.730552725743371,-0.6828562915496429,-0.9172939255085152,-0.3982108163086213,-0.8361252347312038,0.5485385964958978,0.47511125197373627,-0.8799257345071508,-0.9695168215423472,-0.245024759455906,0.7889945371977889,-0.6144002118098976,1,0,0,0,99,25
1701860640,12,6,2,1144,16.6,0.0,90,0,0,1,0,0,0,0,0.4441936922858625,0.8959307806596738,0.22811095911894086,0.9736351423042602,-0.11481475884166603,-0.9933869191569467,-0.9983453608739179,0.05750252534912421,0.6864755912087755,-0.7271528468448447,-0.9292881272363391,-0.36935562345465606,-0.8274526039159754,0.5615355627853609,0.4682224029318968,-0.8836106503390961,-0.9704665502579407,-0.24123572461485038,0.7877930326598638,-0.6159400439105862,1,0,0,0,99,30
1701860700,12,6,2,1145,16.6,0.0,90,0,0,1,0,0,0,0,0.9938986325155377,0.11029736299542382,0.66697175240207,0.7450830030927507,-0.3570133029084836,-0.9340992996177523,-0.9833868261314447,0.18152231320453105,0.6397177841812235,-0.7686098858343324,-0.9403748948781896,-0.340139761102453,-0.8185779624148372,0.5743954382207205,0.4613049760078898,-0.8872416351312422,-0.9714014708479811,-0.2374430088134391,0.7865885229309665,-0.6174775263872204,1,0,0,0,99,29
1701860760,12,6,2,1146,16.6,0.0,90,0,0,1,0,0,0,0,0.6298177536088091,-0.7767429415444683,0.9425345992440989,0.3341085590459571,-0.5770144889662836,-0.8167339098647604,-0.9530828688694285,0.3027095060740904,0.5904618928965313,-0.8070655196680411,-0.9505434023936101,-0.31059175804579786,-0.8095034768442313,0.5871150832478255,0.4543593934058008,-0.8908184672669919,-0.9723215690467305,-0.233646669923849,0.7853810126059354,-0.619012653374772,1,0,0,0,99,29
1701860820,12,6,2,1147,16.6,0.0,90,0,0,1,0,0,0,0,-0.3133146634124747,-0.9496493677619796,0.9873321041478342,-0.15866731269864684,-0.7611397088244204,-0.6485879613827846,-0.9079063722055223,0.4191730183451789,0.5389002605560796,-0.8423695799188082,-0.959783720407574,-0.2807404674082379,-0.8002313626096637,0.5996913925477679,0.44738607904819305,-0.8943409284349475,-0.9732268308146225,-0.2298467658735407,0.7841705062910556,-0.6205454190171978,1,0,0,0,99,30
1701860880,12,6,2,1148,16.6,0.0,90,0,0,1,0,0,0,0,-0.9683870238169294,-0.2494525447915689,0.7903962755452384,-0.6125958925786359,-0.8979409481081247,-0.4401159548467677,-0.8485623002604958,0.529095475861036,0.48523423423072903,-0.8743842049868684,-0.9680868259063513,-0.2506150384684961,-0.7907638833648436,0.6121212957950017,0.4403854585502332,-0.8978088036422348,-0.9741172423384761,-0.22604335464437486,0.7829570086040404,-0.6220758174674632,1,0,0,0,99,32
1701860940,12,6,2,1149,16.6,0.0,90,0,0,1,0,0,0,0,-0.7331288204696695,0.6800897974508595,0.3999438726553643,-0.9165396329267108,-0.9789125683447707,-0.2042796699053643,-0.7759766974289126,0.6307615754366446,0.4296733786048162,-0.9029843784464503,-0.9754446110483287,-0.22024488819669533,-0.7811033504590462,0.6244017584069189,0.43335795919371384,-0.901221881227625,-0.9749927900317071,-0.22223649427172731,0.781740524174015,-0.623603842887563,1,0,0,0,99,33
1701861000,12,6,2,1150,16.6,0.0,90,0,0,1,0,0,0,0,0.1761646394206257,0.9843607163117598,-0.08842873879073523,-0.9960825056971334,-0.999020146367713,0.044257735498252376,-0.6912822377660761,0.7225848515912344,0.37243465763054706,-0.9280584172322436,-0.9818498910811784,-0.1896596725291863,-0.771252122372829,0.6365297822846995,0.42630400990097467,-0.9045799528744541,-0.9758534605345349,-0.21842624284360365,0.7805210576414975,-0.6251294894485447,1,0,0,0,99,37
1701861060,12,6,2,1151,16.6,0.0,90,0,0,1,0,0,0,0,0.9234931422524565,0.38361493220765563,-0.5551509109207803,-0.8317496414810336,-0.9570134903649565,0.2900434092674461,-0.5958005499882296,0.8031324328115028,0.3137415872884062,-0.9495084077593792,-0.9872964113576478,-0.15888925741002893,-0.7612126041422426,0.6485024065452537,0.4192240412087231,-0.907882813623337,-0.9766992407141866,-0.21461265849975275,0.7792986136583822,-0.6266527513305304,1,0,0,0,99,34
1701861120,12,6,2,1152,16.6,0.0,90,0,0,1,0,0,0,0,0.8217663090042067,-0.5698246514372669,-0.8859527784925297,-0.4637754567475154,-0.8555043707508208,0.5177955886508133,-0.49102159389846933,0.8711474010323434,0.25382336276203626,-0.9672505882738824,-0.9917788534431158,-0.12796368962740468,-0.7509872467716762,0.6603167082440802,0.4121184852417566,-0.9111302618846769,-0.977530117665097,-0.2107957994307797,0.7780731968879212,-0.6281736227227391,1,0,0,0,99,33
1701861240,12,6,2,1154,16.6,0.0,90,0,0,1,0,0,0,0,-0.8601155391668699,-0.5100992641473664,-0.8689359194288628,0.4949246083256689,-0.5025312884161199,0.8645590229491764,-0.2602316055466972,0.96554622441113,0.1312512392110452,-0.9913491373908412,-0.9978349406066219,-0.06576801125607637,-0.7299890448685091,0.6834588461436152,0.3978323477649755,-0.917458131508903,-0.9791471113956531,-0.20315249012884015,0.7756134636946551,-0.6312081708403179,1,0,0,0,99,27
1701861360,12,6,2,1156,16.6,0.0,91,0,0,1,0,0,0,0,-0.10589758762554134,0.9943770416371703,-0.053023383345603574,0.998593270966005,-0.026521020285755953,0.9996482558795381,-0.013261676373330016,0.9999120601031718,0.006630983970279104,-0.9999780147841181,-0.9999945036809248,-0.0033155102082415536,-0.7082780210511411,0.705933598078374,0.38344908522620447,-0.9235620168885179,-0.9807043430332401,-0.1954967814459897,0.7731418955942013,-0.6342330874978104,1,0,0,0,99,18
1701861420,12,6,2,1157,16.6,0.0,91,0,0,1,0,0,0,0,0.7795227177168391,0.6263739558469471,0.4322187201828797,0.901768805139917,0.22162039037516723,0.9751330178852311,0.11150556514086836,0.9937638094349258,-0.055839907615764274,-0.9984397351455234,-0.9996098576808663,0.027930850814794402,-0.6971617994358288,0.7169138200700257,0.3762221284892572,-0.926529497660497,-0.9814605182228414,-0.19166442332825234,0.7719016852320807,-0.6357419195993559,1,0,0,0,99,18
1701861480,12,6,2,1158,16.6,0.0,91,0,0,1,0,0,0,0,0.9482534313435556,-0.3175144562774626,0.811638606855743,0.5841598855290122,0.45598251856347943,0.8899887318188394,0.23453279960504517,0.972108206893358,-0.1180927455575532,-0.9930025697079937,-0.9982491096184343,0.05914993783600386,-0.685875375765888,0.7277190178344949,0.36897220909270734,-0.9294404278474482,-0.982201717532465,-0.1878291406472274,0.7706585302996481,-0.63724832653871,1,0,0,0,99,21
1701861540,12,6,2,1159,16.6,0.0,91,0,0,1,0,0,0,0,0.2451643132877585,-0.9694815415933105,0.9923410556843122,0.12352825265235788,0.6619938622629526,0.7495092569983235,0.35390022817291067,0.9352831809132257,-0.17988443385514805,-0.9836877504862063,-0.9959135882410196,0.09031126594670705,-0.6744215054597877,0.7383465534377157,0.3616997695342674,-0.9322946297811963,-0.982927929652321,-0.18399099192460988,0.7694124355391618,-0.6387523025693881,1,0,0,0,99,24
1701861660,12,6,2,1161,16.6,0.0,91,0,0,1,0,0,0,0,-0.9835714245347456,0.1805193974028589,0.6401096010048362,-0.7682836056440547,0.9402881488256817,0.3403794899490459,0.574291089105061,0.8186511741728115,-0.30112192366812857,-0.953585647483437,-0.98832829755184,0.15233901751777681,-0.651022650328782,0.7590583039259161,0.34708910676804877,-0.9378321555390166,-0.9843353482271722,-0.17630633065914494,0.7669114455591157,-0.6417529389651656,1,0,0,0,99,24
1701861720,12,6,2,1162,16.6,0.0,91,0,0,1,0,0,0,0,-0.3795240735526223,0.9251818619028498,0.19341424210376837,-0.9811171851269475,0.9952681008469395,0.09716690504758436,0.6718753957961311,0.7406641968691292,-0.3600942953803009,-0.9329159117704899,-0.9830859351477087,0.18314487193136209,-0.6390833779987701,0.7691374623340622,0.33975177531981915,-0.9405151413810577,-0.9850165332066914,-0.17245993537477364,0.7656565598800724,-0.6432495878837492,1,0,0,0,99,24
1701861780,12,6,2,1163,16.6,0.0,91,0,0,1,0,0,0,0,0.573455960388843,0.8192363892641181,-0.30063566882181647,-0.9537390600327005,0.988367102860243,-0.1520870473894794,0.7589753116503459,0.6511194024948576,-0.4176605065751025,-0.9086031593866647,-0.9768836060111421,0.21377188848552484,-0.6269880826277622,0.7790288468617593,0.3323937071743693,-0.9431407230264631,-0.9856826880458192,-0.1686109085639729,0.7643987534539721,-0.6447437830006688,1,0,0,0,99,25
1701861900,12,6,2,1165,16.7,0.0,91,0,0,1,0,0,0,0,0.5062876569049047,-0.8623646609559911,-0.9649778911861119,-0.26233122102030565,0.7944593196068335,-0.6073173713058496,0.8964701253543951,0.44310418001534946,-0.5276816369671445,-0.849442222877857,-0.9616242048944735,0.27436998480349767,-0.6023412717042151,0.798238681348974,0.3176171584242781,-0.9482190362329197,-0.9869698668735839,-0.16090519532799485,0.7618743975643212,-0.6477247890392976,1,0,0,0,99,26
1701861960,12,6,2,1166,16.7,0.0,91,0,0,1,0,0,0,0,-0.452106452059868,-0.8919639880655711,-0.9726160568450356,0.23241774021622025,0.6195087811257318,-0.7849897261162786,0.9447194626227086,0.32787975988441354,-0.579706926004678,-0.8148250609438855,-0.9525820334606059,0.3042818915546195,-0.5897957733170781,0.8075524415029093,0.31019957970401146,-0.9506714578399073,-0.9875908712214556,-0.15704862648252085,0.760607857730421,-0.6492115885893748,1,0,0,0,99,26
1701862020,12,6,2,1167,16.7,0.0,91,0,0,1,0,0,0,0,-0.9948359739965252,-0.10149573805034878,-0.7421238906174457,0.670262732795749,0.4060401871762517,-0.913855221792749,0.9782267686463986,0.2075388857627059,-0.6294684719020064,-0.7770260245843462,-0.9426096818366407,0.33389667220238495,-0.5771062847507447,0.8166690493101796,0.30276306800022723,-0.9530658553610499,-0.9881968061477051,-0.15318966126822994,0.7593384164087281,-0.6506959115945674,1,0,0,0,99,31
1701862080,12,6,2,1168,16.7,0.0,91,0,0,1,0,0,0,0,-0.6229178893619306,0.7822872254567869,-0.32993391349118173,0.9440040321568512,0.16732598101183924,-0.9859016259639831,0.9964691731217737,0.08395943674184847,-0.6767719568873076,-0.7361927182273159,-0.9317168878547055,0.36318540841606234,-0.5642759039618552,0.8255862790817391,0.29530807719927077,-0.9554020826546641,-0.9887876624065108,-0.14932835856818344,0.7580660784417752,-0.6521777523926344,1,0,0,0,99,29
1701862140,12,6,2,1169,16.7,0.0,91,0,0,1,0,0,0,0,0.32170803001899356,0.9468389215813312,0.16303539250522991,0.9866202211543537,-0.08179174422167067,-0.9966494421697013,0.9991620094283262,-0.04093017120840497,-0.721432661864018,-0.6924845950602783,-0.9199142881432699,0.3921195002417769,-0.551307763303866,0.8343019538038302,0.28783506231535605,-0.957679997129477,-0.9893634309821333,-0.14546477730110988,0.7567908486831451,-0.6536571053308035,1,0,0,0,99,28
1701862260,12,6,2,1171,16.7,0.0,91,0,0,1,0,0,0,0,0.7270804160280906,-0.6865523058212089,0.9183006876348315,0.39588362821591344,-0.5495982040473234,-0.8354291197390457,0.9579741958265487,-0.2868543883758398,-0.8021391364270415,-0.5971371750377631,-0.8936266488410479,0.4488111100241598,-0.5249708991819643,0.8511201765979232,0.2728367858281548,-0.9620603350616642,-0.9904696701721017,-0.1377310149137365,0.7542317332603212,-0.6566083250638327,1,0,0,0,99,23
1701862320,12,6,2,1172,16.7,0.0,91,0,0,1,0,0,0,0,-0.18487061956996106,-0.9827628676439799,0.9956813917222668,-0.09283623310976193,-0.739200998751274,-0.6734848798934681,0.9147362679738538,-0.40405143243560715,-0.8378697489573207,-0.5458702078170199,-0.8791672786839316,0.4765132695859477,-0.5116086054857034,0.859218618742037,0.2653124396423611,-0.9641624911657881,-0.9910001239065988,-0.13386095180113555,0.752947857358375,-0.6580801806006866,1,0,0,0,99,18
1701862380,12,6,2,1173,16.7,0.0,91,0,0,1,0,0,0,0,-0.9268524601099338,-0.3754257811980466,0.8292845655135657,-0.5588265467933469,-0.882843855614725,-0.46966661218712,0.8572241866008915,-0.5149433890307167,-0.8703284980485003,-0.49247162911648185,-0.863849416598889,0.5037501220265451,-0.4981214098859107,0.8671072949833097,0.2577719001527225,-0.9662057997609282,-0.991515456198472,-0.1299888461351046,0.7516611091892093,-0.659549525761673,1,0,0,0,99,16
1701862440,12,6,2,1174,16.7,0.0,91,0,0,1,0,0,0,0,-0.8166904232239494,0.5770760371166753,0.4598499553568124,-0.8879966320647492,-0.9715957575207781,-0.2366467493282453,0.7863354085020734,-0.6177998262672768,-0.8993886329800029,-0.4371499592432345,-0.8476880202182978,0.5304950710217605,-0.48451260508795824,0.8747842794145767,0.2502156275949039,-0.9681901361340594,-0.9920156591843848,-0.12611475699921215,0.7503714936613771,-0.6610163549416868,1,0,0,0,99,14
1701862500,12,6,2,1175,16.3,0.0,90,0,0,1,0,0,0,0,0.04433302241328026,0.9990168082288223,-0.022171961699155765,-0.9997541718414639,-0.999938541071766,0.01108666222395586,0.7031761293502661,-0.7110157038434368,-0.9249366745468137,-0.3801212281342382,-0.8306988708714603,0.5567220005827692,-0.4707855134863597,0.8822476978101924,0.24264408316483588,-0.970115379171517,-0.9925007252318552,-0.1222387435072919,0.7490790156943697,-0.6624806625452203,1,0,0,0,99,11
1701862560,12,6,2,1176,16.3,0.0,90,0,0,1,0,0,0,0,0.8645968916959479,0.5024661330574484,-0.49876540925697305,-0.8667370227056902,-0.9661099892625297,0.2581307588164473,0.6090440218832924,-0.7931364191664784,-0.9468728581933475,-0.32160813176404734,-0.8128985581744033,0.582405300557933,-0.4569434863536556,0.889495728083596,0.23505772899056523,-0.9719814113663893,-0.9929706469393719,-0.11836086480254095,0.7477836802185981,-0.6639424429863854,1,0,0,0,99,11
1701862620,12,6,2,1177,16.3,0.0,90,0,0,1,0,0,0,0,0.8899543660462135,-0.4560495876056486,-0.8532436895769135,-0.5215124219011238,-0.8722133975986393,0.4891255350617448,0.5054079861548763,-0.8628805059397694,-0.9651115235919032,-0.2618391625217956,-0.7943044638303991,0.6075198916406789,-0.4429899030222479,0.8965266007321475,0.22745702810404925,-0.9737881188256887,-0.9934254171365078,-0.11448118005661723,0.7464854921753729,-0.6654016906889337,1,0,0,0,99,11
1701862680,12,6,2,1178,16.3,0.0,90,0,0,1,0,0,0,0,0.0970919004884274,-0.9952754206045407,-0.9988181567744302,-0.04860339183359195,-0.7240868013690044,0.6897088545779327,0.39388522784059016,-0.9191596310157264,-0.9795814491444105,-0.20104771695330634,-0.7749347446570279,0.6320412498590158,-0.42892817005938433,0.9033385992691267,0.21984244441289458,-0.9755353912773044,-0.9938650288840292,-0.11059974846873663,0.745184456516887,-0.666858400086279,1,0,0,0,99,11
1701862740,12,6,2,1179,16.3,0.0,90,0,0,1,0,0,0,0,-0.7850364106161789,-0.6194496218473833,-0.8998471041925353,0.43620544365735325,-0.5309399948876741,0.8474094180670148,0.27621602228417635,-0.9610955774705798,-0.990226130101246,-0.13947118435257538,-0.7548083148563532,0.6559454305227779,-0.41476172043549425,0.9099300606427886,0.21221444267204273,-0.9772231220767315,-0.9942894754740018,-0.10671662926476969,0.7438805782061962,-0.6683125656215175,1,0,0,0,99,11
1701862800,12,6,2,1180,16.3,0.0,90,0,0,1,0,0,0,0,-0.9454058661811658,0.325895302497964,-0.5805620972394064,0.8142159733442853,-0.30478191109030295,0.9524221683015063,0.15423655808285816,-0.988033948885742,-0.9970039992110719,-0.07735001976165862,-0.7339448275455243,0.6792090916052071,-0.40049401268607804,0.9162993756423735,0.2045734884554038,-0.9788512082135807,-0.9946987504298929,-0.1028318816963379,0.7425738622171999,-0.6697641817474499,1,0,0,0,99,13
1701862860,12,6,2,1181,16.3,0.0,90,0,0,1,0,0,0,0,-0.23657352834172077,0.9716135886698729,-0.11913524107107658,0.9928780359817294,-0.05967396424853361,0.9982179210928167,0.029850283978409217,-0.9995543809850509,-0.9998885890400617,-0.014926804998878345,-0.7123646555658409,0.7018095165360476,-0.3861285300673549,0.9224449892909733,0.1969200481274402,-0.980419550317866,-0.9950928475066702,-0.09894556503990963,0.7412643135346223,-0.6712132429266017,1,0,0,0,99,14
1701862920,12,6,2,1182,16.3,0.0,90,0,0,1,0,0,0,0,0.6897634204403791,0.7240348222443372,0.37146007709824136,0.9284489275787703,0.18914422066406064,0.9819493183405064,-0.09500179382383689,-0.995477101278705,-0.9988686353266643,0.04755469861798596,-0.6900888715890201,0.7237246363838894,-0.3716687797058764,0.9283654012251559,0.1892545888147023,-0.9819280526660688,-0.9954717606908969,-0.09505773859589553,0.7399519371539937,-0.672659743631245,1,0,0,0,99,12
1701862980,12,6,2,1183,16.3,0.0,90,0,0,1,0,0,0,0,0.9819350614765846,-0.18921822069498487,0.7711090132708166,0.6367031409161632,0.4262023340409088,0.9046278629680171,-0.2183714004076345,-0.9758657343528404,-0.993948120968303,0.10985050215442702,-0.6671392275400889,0.7449330514061069,-0.3571182917423113,0.9340591660612584,0.1815775783773173,-0.9833766231869808,-0.9958354842008244,-0.0911684616877438,0.738636738081631,-0.6741036783434193,1,0,0,0,99,13
1701863040,12,6,2,1184,16.3,0.0,90,0,0,1,0,0,0,0,0.3713201354167654,-0.9285049041518709,0.9819635696276799,0.18907021955893671,0.6367612505645516,0.7710610285700272,-0.3383333943242765,-0.9410263090291437,-0.9851462604682474,0.17171734183077755,-0.6435381333569995,0.7654140519453434,-0.34248061846961253,0.939524893748256,0.17388948538043356,-0.9847651734673236,-0.9961840124864793,-0.08727779366103493,0.737318721334619,-0.6755450415549525,1,0,0,0,99,14
1701863100,12,6,2,1185,16.5,0.0,90,0,0,1,0,0,0,0,-0.5806848107146881,-0.814128460751279,0.952399196962933,-0.3048536856007493,0.8077294366310879,0.5895533539889544,-0.45301580878102127,-0.8915024828874439,-0.9724974249033886,0.23291362896206408,-0.6193086351077046,0.7851476386521404,-0.32775933346577607,0.9447612499071235,0.16619077906562166,-0.9860936187571451,-0.9965173402297486,-0.08338579388257615,0.7359978919407909,-0.6769838277674821,1,0,0,0,99,16
1701863160,12,6,2,1186,16.5,0.0,90,0,0,1,0,0,0,0,-0.9988108198402659,0.048753934918280305,0.6896542847984488,-0.7241387763813923,0.9284769185018528,0.37139010731211436,-0.5606290630567977,-0.8280670586710095,-0.9560510077059198,0.2932003933566516,-0.5944743924860635,0.8041145420139632,-0.31295803072140266,0.9497669561566046,0.15848192932223448,-0.9873618779749916,-0.9968354623444613,-0.0794925217394956,0.7346742549387094,-0.6784200314924761,1,0,0,0,99,15
1701863280,12,6,2,1188,16.5,0.0,90,0,0,1,0,0,0,0,0.45998379055440347,0.8879273125809357,-0.23671996897079078,-0.9715779208537356,0.992869055025318,-0.11921006489861569,-0.7480675320111867,-0.6636226092823331,-0.9120368987278785,0.4101081508076052,-0.5430892418343393,0.8396749820042292,-0.2831298447671764,0.9590815872500705,0.1430356821739413,-0.9897175322409093,-0.9974260705037014,-0.07170239800414888,0.7320185783175687,-0.6812846695750063,1,0,0,0,99,17
1701863340,12,6,2,1189,16.5,0.0,90,0,0,1,0,0,0,0,0.9956953728538205,0.09268616119729696,-0.67354058482125,-0.7391502422367515,0.9325101185072341,-0.36114384790776133,-0.8249678320721849,-0.5651796847429315,-0.8846410811009546,0.4662726215729745,-0.5165885105318475,0.8562337944664923,-0.26811024368112807,0.9633882380604645,0.13529922752834836,-0.9908047835119854,-0.997698547536275,-0.0678056652795864,0.7306865488291086,-0.6827130930048191,1,0,0,0,99,13
1701863400,12,6,2,1190,16.5,0.0,90,0,0,1,0,0,0,0,0.6159692212359092,-0.7877702193470044,-0.9454549749583542,-0.3257528055543003,0.8141722193597312,-0.5806234556258039,-0.8889947850313308,-0.4579173202523552,-0.853790758983826,0.5206163077294279,-0.4895833393154694,0.8719565091589797,-0.2530251873243257,0.9674596914494629,0.12755451491526504,-0.9918315611658722,-0.9979558009165216,-0.06390789792399577,0.7293517319935546,-0.6841389120916908,1,0,0,0,99,14
1701863460,12,6,2,1191,16.5,0.0,90,0,0,1,0,0,0,0,-0.3300761916986924,-0.9439542932121704,-0.9858890133306514,0.16740027895411294,0.6452130349915007,-0.7640027090770402,-0.9391492717020655,-0.3435093091336535,-0.819606402224157,0.5729269983454901,-0.4621000982766125,0.8868277731176133,-0.2378783584969287,0.9712949534301136,0.11980201703203151,-0.9927978025333541,-0.9981978267190713,-0.060009155412511284,0.7280141329028273,-0.6855621213965547,1,0,0,0,99,13
1701863520,12,6,2,1192,16.5,0.0,90,0,0,1,0,0,0,0,-0.9726510762098645,-0.232271143166327,-0.7849430371582153,0.6195679368857272,0.43613762914604876,-0.8998799744648526,-0.9746486480944947,-0.22374095013558368,-0.7822215000035424,0.6230004212937645,-0.4341656243337532,0.9008330648055067,-0.22267345507995925,0.9748930876782097,0.11204220705116075,-0.9937034486400381,-0.998424621250908,-0.05610949723514686,0.7266737566594609,-0.6869827154903001,1,0,0,0,99,14
1701863580,12,6,2,1193,16.5,0.0,90,0,0,1,0,0,0,0,-0.7209750468639425,0.6929610247333798,-0.39181562964398203,0.9200437556805056,0.1999452979185737,-0.9798070615382667,-0.9949389583130883,-0.10048118844274602,-0.741782039565109,0.6706410409292194,-0.40580719502664103,0.9139587082930004,-0.2074141891325177,0.9782532157608786,0.10427555859145843,-0.9945484442099537,-0.9986361810514262,-0.05220898289588839,0.7253306083765831,-0.6884006889537923,1,0,0,0,99,10
1701863640,12,6,2,1194,16.5,0.0,90,0,0,1,0,0,0,0,0.19356211562190795,0.9810880222467152,0.09724190905490493,0.9952607754369492,-0.04867866351416559,-0.998814491143613,-0.9997035788531551,0.024346548588937242,-0.6984459361364568,0.715662821651697,-0.37705250188024414,0.9261918866119744,-0.19210428598553647,0.9813745173510403,0.09650254568911575,-0.9953327376689265,-0.9988325028924836,-0.048307671911785734,0.7239846931778965,-0.6898160363778933,1,0,0,0,99,6
1701863700,12,6,2,1195,16.5,0.0,91,0,0,1,0,0,0,0,0.9301391616624073,0.36720721662564615,0.5624912369870102,0.8268032464334082,-0.2942760214208693,-0.9557204733690202,-0.9888681594047358,0.1487943658728041,-0.6523824162740731,0.7578899543709509,-0.347929623364445,0.9375206542714009,-0.17674748333229415,0.984256230427677,0.08872364276877669,-0.9960562811477264,-0.9990135837784505,-0.04440562381204457,0.7226360161976583,-0.6912287523634834,1,0,0,0,99,6
1701863820,12,6,2,1197,16.5,0.0,91,0,0,1,0,0,0,0,-0.0531738924849011,-0.9985852678454675,0.9996462543933898,-0.026596354586037207,-0.7164483074814391,-0.6976401814022622,-0.9213143278496927,0.3888186071921827,-0.5528025835720277,0.8333122485575808,-0.2886933939687737,0.9574216021579993,-0.14590818661404958,0.9892981355885594,0.0731500663411886,-0.9973209452299093,-0.9993300118654271,-0.03659955443779828,0.7199303974822143,-0.6940462684728598,1,0,0,0,99,5
1701863940,12,6,2,1199,16.5,0.0,91,0,0,1,0,0,0,0,-0.8858828673734284,0.46390898384729823,0.5177311156153848,-0.8555433898544533,-0.9632090608622962,-0.2687532419763031,-0.7964776337023857,0.6046679907286713,-0.4445964514429511,0.8957309838139661,-0.22832982304775026,0.973583839177183,-0.11492641302767814,0.9933740079086988,0.057558631374022555,-0.9983421277069046,-0.9995854459992164,-0.028791251215390185,0.717213793514664,-0.6968531942900922,1,0,0,0,99,5
1701864060,12,6,2,1201,16.5,0.0,91,0,0,1,0,0,0,0,0.7904885981024289,0.6124767556977625,-0.4401836232200361,-0.8979077780311747,-0.9741426430536687,0.22593386418244757,-0.6221198179681919,0.7829220472634704,-0.32945254038823985,0.9441721366529173,-0.16707462905402884,0.9859442521392671,-0.08383241574931774,0.9964798673679431,0.04195314429251319,-0.9991195792716563,-0.9997798705894354,-0.020981190723403483,0.7144862457470414,-0.6996494869849461,1,0,0,0,99,8
1701864120,12,6,2,1202,16.5,0.0,91,0,0,1,0,0,0,0,0.9424842311061572,-0.334250615730526,-0.816777391867125,-0.576952937538875,-0.8879619748443272,0.4599168742616023,-0.519655234621185,0.8543760513560765,-0.26983694024718285,0.9629060315929266,-0.13618731293162617,0.9906831056379549,-0.06825281811780774,0.9976680574314172,0.034146321680254645,-0.9994168443225823,-0.9998542004518914,-0.017075650462248376,0.7131183809376422,-0.7010436325713798,1,0,0,0,99,8
1701864180,12,6,2,1203,16.5,0.0,91,0,0,1,0,0,0,0,0.22796420851960592,-0.9736695125318598,-0.9933955688777406,-0.11473989599990957,-0.7465721318130987,0.6653044806703509,-0.40908160514110703,0.9124978029207388,-0.20916763262902466,0.9778797990859456,-0.10516701220928161,0.9944545738961498,-0.0526565575396371,0.9986126811472378,0.026337414952517367,-0.9996531101205152,-0.9999132737694093,-0.013169849647676073,0.7117477957983699,-0.7024351038894354,1,0,0,0,99,4
1701864240,12,6,2,1204,16.5,0.0,91,0,0,1,0,0,0,0,-0.6961450560690602,-0.7179011498184169,-0.9267958647454188,0.3755654737736039,-0.5587640495890891,0.8293266768209027,-0.29212439403368673,0.9563803314636136,-0.1476815298816789,0.9890349668903556,-0.07404401768422757,0.9972549741391004,-0.0370474416181442,0.9993135078990728,0.01852690072471944,-0.9998283622450087,-0.9999570896406027,-0.00926384787740154,0.7103744955575902,-0.7038238956310728,1,0,0,0,99,4
1701864300,12,6,2,1205,16.5,0.0,91,0,0,1,0,0,0,0,-0.9802217665452432,0.1979022192673009,-0.6332842097876352,0.7739193172635314,-0.33621472509132366,0.9417853569852133,-0.1706086794609036,0.9853388648036809,-0.08561873392055926,0.9963279743146032,-0.04284872043245206,0.9990815718234931,-0.02142928109511514,0.9997703665901218,0.010715255710392443,-0.9999425899995764,-0.9999856473968954,-0.005357704752206081,0.7089984854540262,-0.7052100024984735,1,0,0,0,99,4
1701864420,12,6,2,1207,16.5,0.0,91,0,0,1,0,0,0,0,0.587868166005303,0.8089567475443674,0.3090657312414566,0.9510406793466742,0.1564597722312763,0.9876843319974946,0.07847186757846851,0.9969163284843655,0.03926621649480961,0.9992287847345985,0.019636894680695103,0.9998071775934094,0.009818920678735457,0.9999517932364064,-0.004909519507735837,-0.9999879482364791,-0.9999969870545808,0.002454767149947358,0.7062383566651038,-0.7079741404705214,1,0,0,0,99,2
1701864480,12,6,2,1208,16.5,0.0,91,0,0,1,0,0,0,0,0.9983401566622914,-0.05759280853988199,0.7271838861456853,0.6864427111784778,0.39595283104274065,0.9182708508872743,0.20214988141565363,0.9793545963764285,0.1016006978902495,0.9948252601277343,0.050866196399306694,0.9987054771372125,0.025441333129256026,0.9996763168989281,-0.012721696055790868,-0.9999190759503811,-0.9999797687829443,0.006360976718196107,0.7048542485087977,-0.7093521610308227,1,0,0,0,99,2
1701864540,12,6,2,1209,16.5,0.0,91,0,0,1,0,0,0,0,0.49094281136548873,-0.8711918020554086,0.9672620642967986,0.2537796267872891,0.610827460586339,0.7917637358414722,0.3226734139641255,0.9465103633456615,0.16353843073470306,0.9865369641695291,0.0820458281403476,0.9966285577308953,0.041057534443173026,0.9991567839260501,-0.020533096137088695,-0.9997891737576603,-0.999947292050351,0.0102670892257663,0.7034674515477719,-0.7107274756282348,1,0,0,0,99,1
1701864600,12,6,2,1210,16.5,0.0,91,0,0,1,0,0,0,0,-0.4678250906019699,-0.8838210704680324,0.9705207546642247,-0.24101756111533412,0.7877237971254055,0.6160285865463817,0.4381617358086043,0.8988961526634714,0.22483754950689241,0.9743962624783286,0.11314534352254951,0.9935784474510124,0.056663712148903436,0.9983933211542965,-0.0283432429840298,-0.9995982495868769,-0.9998995573523565,0.01417304507018692,0.7020779710722354,-0.7121000790163511,1,0,0,0,99,2
1701864660,12,6,2,1211,16.5,0.0,91,0,0,1,0,0,0,0,-0.9964767617559203,-0.08386932264204244,0.7361621161952178,-0.6768052442756178,0.9156432832374237,0.40199176342580833,0.5468126903127759,0.8372549681625688,0.28525868245982555,0.9584505642344233,0.14413437439690902,0.9895581246784909,0.0722560562219844,0.9973861149721533,-0.036151659905505625,-0.9993463150910582,-0.9998365654173331,0.01807878465137743,0.7006858123826336,-0.7134699659591066,1,0,0,0,99,2
1701864720,12,6,2,1212,16.5,0.0,91,0,0,1,0,0,0,0,-0.6089722936395112,0.7931914936378434,0.3215653171302501,-0.9468873992291383,0.9866325048439105,0.1629610394708834,0.6469308156708554,0.7625486999106625,0.3445658863623454,0.9387621370482149,0.17498266050066957,0.984571515190292,0.08783076001523608,0.9961354112745646,-0.043957870315993346,-0.9990333856469874,-0.9997583172064605,0.02198424837255722,0.699290980789629,-0.7148371312307991,1,0,0,0,99,2
1701864780,12,6,2,1213,16.5,0.0,91,0,0,1,0,0,0,0,0.3384184928294446,0.9409957086570837,-0.1717618865507076,-0.9851384949988209,0.996277695976082,-0.08620181262937314,0.7369538020220037,0.6759431142376653,0.40252756785239857,0.9154078638065289,0.2056600790059547,0.978623488325957,0.10338402118809999,0.9946415154029006,-0.05176139776464421,-0.9986594803542649,-0.99966481391371,0.02588937664115494,0.6978934816140803,-0.7162015696161085,1,0,0,0,99,7
1701864840,12,6,2,1214,16.5,0.0,91,0,0,1,0,0,0,0,0.9746688776878502,0.2236528087610497,-0.6230357899988372,-0.7821933292866443,0.9439791653650637,-0.33000505353202975,0.8154768707731783,0.5787896623420162,0.458917387804158,0.8884789424465883,0.23613667393419815,0.9717198522327791,0.11891204263492582,0.9929047920704127,-0.059561765964363605,-0.9982246220341424,-0.9995560569658268,0.029794109869717856,0.6964933201870217,-0.7175632759101171,1,0,0,0,99,3
1701864900,12,6,2,1215,16.5,0.0,91,0,0,1,0,0,0,0,0.71481319131587,-0.6993154520821212,-0.921768802922436,-0.38773995661904564,0.832988582340432,-0.5532901785595666,0.8812746956992373,0.47260439134673377,0.5135151451774652,0.8580805298300195,0.2663826854076486,0.9638673481942469,0.13441103341198044,0.9909256652731947,-0.06735849882088121,-0.9977288372281305,-0.9994320480223081,0.033698388476821044,0.6950905018496436,-0.7189222449183295,1,0,0,0,99,1
1701864960,12,6,2,1216,16.5,0.0,91,0,0,1,0,0,0,0,-0.2022384466219937,-0.979336311339431,-0.9948206650797496,0.10164568033263627,0.6702068037805061,-0.7421744001016999,0.933320523748862,0.35904428689111606,0.5661076368981803,0.8243313311075577,0.2963685787093853,0.9550736440472949,0.14987720966295234,0.9887046181866692,-0.0751511204618093,-0.9971721561963784,-0.999292788975378,0.03760215288797655,0.6936850319532718,-0.7202784714566918,1,0,0,0,99,1
1701865020,12,6,2,1217,16.5,0.0,91,0,0,1,0,0,0,0,-0.9333529894059777,-0.3589598823920647,-0.8243057328419064,0.5661449097218553,0.46575481225541016,-0.8849138121087995,0.9708021971825155,0.23988141642403288,0.6164894904116238,0.787363136177975,0.32606507312346794,0.9453473266947908,0.16530679554272595,0.9862421930476284,-0.08293915526568758,-0.9965546129158271,-0.9991382819499579,0.04150534353654243,0.6922769158593466,-0.7216319503516119,1,0,0,0,99,0
1701865080,12,6,2,1218,16.5,0.0,91,0,0,1,0,0,0,0,-0.8063470981079486,0.5914426069982534,-0.451972008536893,0.8920321202171627,0.23234444235104618,-0.9726335692893708,0.9931348270223361,0.11697527668406932,0.6644639656580071,0.7473203050513445,0.3554431705270587,0.9346978937205712,0.1806960241392001,0.9835389910218535,-0.09072212789101262,-0.9958762450781355,-0.9989685293036351,0.04540790086463162,0.6908661589394028,-0.7229826764399793,1,0,0,0,99,0
1701865140,12,6,2,1219,16.5,0.0,91,0,0,1,0,0,0,0,0.06201059653036232,0.9980754910917052,0.031020226532818423,0.999518756975502,-0.015511979636687254,-0.9998796820056656,0.9999699200490146,-0.007756223125155063,0.7098437233381567,0.7043592041262913,0.38447418370659736,0.9231357441152117,0.19604113839292545,0.98059567205735,-0.09849956330525031,-0.99513709408738,-0.9987835336266262,0.049309765324020774,0.6894527665750494,-0.7243306445691846,1,0,0,0,99,2
1701865260,12,6,2,1221,16.5,0.0,91,0,0,1,0,0,0,0,0.8817419622489547,-0.47173203411403275,0.8578263326903741,0.5139396685827857,-0.49298089791452077,-0.870040133724527,0.9669643565624658,-0.2549116182870771,0.7921210823753768,0.6103639822732511,0.44138193083017624,0.8973193362101507,0.2265840503983558,0.9739916160342836,-0.1140359240891141,-0.9934766268096809,-0.9983678247043223,0.05711117749757566,0.6866180970897957,-0.7270182863922942,1,0,0,0,99,3
1701865320,12,6,2,1222,16.5,0.0,91,0,0,1,0,0,0,0,0.07945839607244107,-0.9968381831037548,0.9992092331198094,0.03976063943301937,-0.6929066894492291,-0.7210272669715825,0.9276387408284494,-0.3734787363615347,0.8286973924061589,0.5596969106750838,0.46920309532489035,0.883090287194657,0.24177439153614155,0.9703324912612833,-0.12179390119935532,-0.9925554118691015,-0.998137117802234,0.06101060617179,0.6851968307822979,-0.7283579498336618,1,0,0,0,99,0
1701865380,12,6,2,1223,16.5,0.0,91,0,0,1,0,0,0,0,-0.795878853011907,-0.6054559037026985,0.8959508646412198,-0.4441531809507287,-0.8497508990729956,-0.5271844169971601,0.8738376328006137,-0.4862178436682676,0.8620376568538834,0.5068442346183551,0.4965660909595242,0.8679989155000009,0.2569057069237653,0.9664364737270631,-0.12954444463761627,-0.991573616462001,-0.9978911805557761,0.06490910389921796,0.6837729506571542,-0.7296948348108331,1,0,0,0,99,0
1701865440,12,6,2,1224,16.5,0.0,91,0,0,1,0,0,0,0,-0.9394887550204882,0.3425797413596621,0.5733324771196631,-0.8193228122540169,-0.9537617134939987,-0.3005637933500832,0.8064005807754863,-0.5913696841443247,0.8920116826993705,0.45201234267200896,0.523444198233198,0.8520599575945371,0.2719743024675887,0.9623045145884273,-0.13728708135067327,-0.9905313005121108,-0.9976300167176484,0.06880661119358068,0.6823464621460344,-0.7310289362239981,1,0,0,0,99,1
1701865500,12,6,2,1225,16.5,0.0,91,0,0,1,0,0,0,0,-0.21933702833760824,0.9756491521033712,0.11034230353003502,-0.9938936442354813,-0.9984722440397332,-0.05525556878957371,0.7263799173950136,-0.6872933984880206,0.9185024220131432,0.39541535220068236,0.549811171130288,0.8352889776001723,0.2869764993861237,0.9579376226039388,-0.14502133876788834,-0.9894285276370242,-0.9973536302728897,0.07270306858371212,0.6809173706905589,-0.7323602489839656,1,0,0,0,99,2
1701865560,12,6,2,1226,16.5,0.0,91,0,0,1,0,0,0,0,0.7024721506743378,0.7117112318398315,-0.37966351428611655,-0.9251246488554479,-0.9811026064728011,0.19348817941227325,0.6350243383476443,-0.7724921292195388,0.9414064290250888,0.33727427324097903,0.5756412627492147,0.8177023520942627,0.3019086351081543,0.9533368638876456,-0.15274674483005257,-0.9882653651443133,-0.9970620254388173,0.07659841661446647,0.6794856817422769,-0.7336887680121819,1,0,0,0,99,2
1701865620,12,6,2,1227,16.5,0.0,91,0,0,1,0,0,0,0,0.9784316739726002,-0.2065707127527409,-0.7767144625770596,-0.6298528745855095,-0.9027327607286415,0.43020176976303254,0.5337594168897479,-0.845636378641267,0.9606342640779755,0.27781614546200606,0.6009092504438561,0.7993172541181649,0.3167670641669009,0.9485033616488043,-0.16046282801819817,-0.9870418840274217,-0.9967552066649619,0.08049259584762539,0.6780514007626467,-0.7350144882407508,1,0,0,0,99,7
1701865680,12,6,2,1228,16.5,0.0,91,0,0,1,0,0,0,0,0.3548256284893018,-0.9349324966900936,-0.9835986215652434,-0.1803711497300862,-0.7682353642374472,0.6401674977183369,0.42416535825174545,-0.9055847552047066,0.9761108428874015,0.21727315158032454,0.6255904604530329,0.7801516364080526,0.3315481590900087,0.9434382959176643,-0.16816911738237747,-0.9857581589613307,-0.9964331786330006,0.08438554686280492,0.6766145332230143,-0.7363374046124525,1,0,0,0,99,3
1701865740,12,6,2,1229,16.5,0.0,91,0,0,1,0,0,0,0,-0.5950054634648368,-0.8037216548326881,-0.9496635337930714,0.3132717232430274,-0.5859728136854869,0.8103307112664024,0.307952341064001,-0.9514017845438388,0.9877757297443177,0.15588171069141035,0.649660791994018,0.7602242138643738,0.3462483112851427,0.9381429032573806,-0.1758651425704074,-0.9844142682980018,-0.9960959462566851,0.08827721025836226,0.6751750846045926,-0.7376575120807631,1,0,0,0,99,3
1701865860,12,6,2,1231,16.5,0.0,91,0,0,1,0,0,0,0,-0.48321239127428384,0.8755031609988558,-0.24949633163750545,0.9683757434484963,-0.12574628533579774,0.9920624333802022,0.0629982802138193,-0.998013635523133,0.999503285518145,0.031514793961462985,0.6958754220543132,0.7181625143243913,0.37539145280334285,0.926866364241467,-0.19122452217031827,-0.9815463219434595,-0.9953758892859168,0.09605643668318248,0.6722884661054426,-0.7402892801747106,1,0,0,0,99,1
1701865920,12,6,2,1232,16.5,0.0,91,0,0,1,0,0,0,0,0.47562973785858026,0.8796455834394772,0.24531043247334874,0.9694445789831095,0.12360303600011291,0.9923317436681922,-0.06192033725605731,-0.9980810948185003,0.9995201585807313,-0.03097503173121646,0.7179745927716441,0.6960693098638897,0.3898273272463786,0.9208879708911095,-0.1988869391248336,-0.9800224412969096,-0.9949930756786476,0.09994388101102124,0.6708413072362862,-0.7416009307609522,1,0,0,0,99,1
1701865980,12,6,2,1233,16.5,0.0,91,0,0,1,0,0,0,0,0.9971800794831833,0.07504591315929346,0.6800566472142988,0.7331595710209659,0.36526731921911254,0.9309026724155877,-0.18587270857284605,-0.9825738324460884,0.9956339268139893,-0.09334390058785733,0.7393726734833582,0.6732964055347922,0.40416803093837583,0.9146847559500465,-0.2065372170456859,-0.9784387451317651,-0.9945950797012232,0.10382980031820073,0.669391589311443,-0.7429097523650503,1,0,0,0,99,0
1701866040,12,6,2,1234,16.5,0.0,91,0,0,1,0,0,0,0,0.6019276547624973,-0.7985506235875843,0.9483012769124547,0.3173715302389422,0.584221049672578,0.811594581746004,-0.3069245984390922,-0.9517338340486808,0.9878597658698022,-0.15534826351028058,0.7600487693267718,0.6498660386917136,0.4184100628022027,0.9082582338442392,-0.2141748889993418,-0.9767953301086771,-0.9941819074265729,0.10771413531037331,0.6679393178611462,-0.7442157399942483,1,0,0,0,99,4
1701866100,12,6,2,1235,16.6,0.0,91,0,0,1,0,0,0,0,-0.34673427981522564,-0.9379633997129189,0.9843686808591887,-0.17612012986464826,0.7668507448860724,0.6418254708779294,-0.4231870326002857,-0.9060423474865646,0.9762280336802884,-0.21674599478817985,0.7799826904451725,0.6258010886902563,0.4325499458500392,0.9016099735168907,-0.22179948882167133,-0.9750922965332284,-0.9937535651591969,0.11159682671736608,0.6664844984253699,-0.7455188886666005,1,0,0,0,99,4
1701866160,12,6,2,1236,16.6,0.0,91,0,0,1,0,0,0,0,-0.9766103165778877,-0.21501695178203503,0.7794283006736524,-0.6264914397731085,0.9018013749637745,0.43215076086181514,-0.5328457746563188,-0.8462123731256284,0.9607841519107266,-0.27729733759483854,0.7991549717028728,0.6011250545457083,0.4465842280322334,0.8947415980454101,-0.2294105511463999,-0.9733297483498103,-0.9933100594350714,0.11547781529408518,0.6650271365538082,-0.7468191934109906,1,0,0,0,99,4
1701866220,12,6,2,1237,16.6,0.0,91,0,0,1,0,0,0,0,-0.7085953321480677,0.7056150900157746,0.38365668897089844,-0.9234757955722972,0.9806823633502076,0.1956070096235086,-0.6341896366137227,-0.7731775377051213,0.9415884285889248,-0.3367658402324074,0.8175468916925828,0.5758620319866524,0.46050948308007056,0.8876547842451626,-0.23700761143351218,-0.9715077931352797,-0.9928513970215481,0.11935704182141989,0.6635672378058535,-0.7481166492671514,1,0,0,0,99,6
1701866280,12,6,2,1238,16.6,0.0,91,0,0,1,0,0,0,0,0.21089893280388508,0.977507872163791,-0.10604746068673451,-0.9943610692710649,0.9985892722413617,-0.0530986380660329,-0.7256371814019844,-0.6880775254046476,0.9187158226036622,-0.39491927947072447,0.8351404910165487,0.5500366899258974,0.4743223113422468,0.8803512622600985,-0.24459020599760484,-0.969626542092392,-0.9923775849172511,0.12323444710714614,0.6621048077505758,-0.749411251285683,1,0,0,0,99,5
1701866340,12,6,2,1239,16.6,0.0,91,0,0,1,0,0,0,0,0.9364936915462055,0.3506844246529354,-0.5697874934337646,-0.8217920736576058,0.9544087367730887,-0.2985028696197025,-0.8057614006701062,-0.5922402934537203,0.8922556509918332,-0.4515305673740592,0.851918589823599,0.5236742463717023,0.48801934061484575,0.872832815140363,-0.25215787203618784,-0.9676861100430146,-0.9918886303519702,0.1271099719868298,0.6606398519667014,-0.7507029945280722,1,0,0,0,99,2
1701866400,12,6,2,1240,16.6,0.0,91,0,0,1,0,0,0,0,0.8010804691428774,-0.5985566656197452,-0.8940236757546595,-0.4480197174122222,0.8508876886558596,-0.5253476385155728,-0.8733119827746476,-0.48716134980334147,0.862311240157329,-0.506378638074642,0.8678648045849774,0.49680044380282007,0.5015972269646135,0.8651012784069909,-0.2597101476579314,-0.9656866154211187,-0.9913845407865504,0.13098355732472944,0.6591723760425913,-0.7519918740667114,1,0,0,0,99,5
1701866460,12,6,2,1241,16.6,0.0,91,0,0,1,0,0,0,0,-0.07084244221854993,-0.9974875179071222,-0.9993716820850794,0.03544349088956821,0.6944625652655555,-0.7195288357284815,-0.9272348234747446,-0.3744804162246128,0.8289995223836419,-0.5592493110301465,0.8829635640925809,0.46944152403140343,0.5150526555453319,0.8571585396037898,-0.26724657191085743,-0.9636281802655497,-0.9908653239127783,0.13485514401469864,0.65770238557622,-0.7532778849849167,1,0,0,0,99,6
1701866520,12,6,2,1242,16.6,0.0,91,0,0,1,0,0,0,0,-0.8776331389109034,-0.4793329463800657,-0.8600386463351707,0.5102288964866329,0.4948591231418125,-0.8689732149170747,-0.966688474876233,-0.25595584099891655,0.7924505792158009,-0.6099361273941245,0.8972001246639806,0.4416242025783208,0.528382341407091,0.8490065378365236,-0.27476668481047367,-0.9615109302125805,-0.9903309876532644,0.13872467298108784,0.6562298861751544,-0.7545610223769472,1,0,0,0,99,6
1701866580,12,6,2,1243,16.6,0.0,91,0,0,1,0,0,0,0,-0.877531975101159,0.47951812549168443,-0.5101381550660152,0.8600924733689059,0.264487737552324,-0.9643890484054933,-0.9910572759446079,-0.13343716048107937,0.7528071334947217,-0.6582411562333825,0.9105605845393766,0.4133756425859036,0.541583030298262,0.8406472632995077,-0.2822700273678489,-0.9593349944882412,-0.989781540161323,0.14259208517964586,0.6547548834565322,-0.7558412813480241,1,0,0,0,99,2
1701866640,12,6,2,1244,16.6,0.0,91,0,0,1,0,0,0,0,-0.07063196032945498,0.9975024441975159,-0.03533805174655298,0.9993754159967905,0.01767178546737087,-0.9998438418065069,-0.9999609596895538,-0.008836237703148543,0.7102239920275675,-0.7039757674440404,0.9230318974564314,0.3847234282935987,0.5546514994599768,0.8320827567897314,-0.28975614161762697,-0.9571005059004335,-0.9892169898208465,0.14645732159842081,0.6532773830470404,-0.7571186570143483,1,0,0,0,99,2
1701866700,12,6,2,1245,16.5,0.0,91,0,0,1,0,0,0,0,0.801206753033176,0.5983876159263619,0.44811403909810615,0.8939764023525347,-0.2302429126460414,-0.9731331877889415,-0.993260587104145,0.1159025716087837,0.66486744107048,-0.7469613683480504,0.9346018853897231,0.35569553810242655,0.5675845584129177,0.8233151092086269,-0.29722457064597896,-0.9548076008308236,-0.9886373452461786,0.15032032325866046,0.6517973905828941,-0.75839314450312,1,0,0,0,99,0
1701866760,12,6,2,1246,16.5,0.0,91,0,0,1,0,0,0,0,0.9364196726113553,-0.3508820268216116,0.8218521846480703,0.5697007868953616,-0.46384222161454775,-0.885917825448659,-0.9710607152615791,0.23883276005537946,0.6169145969843073,-0.7870301010937827,0.9452592504423807,0.32632031725454774,0.5803790497362272,0.8143464610516054,-0.3046748586184907,-0.9524564192265191,-0.9880426152819825,0.1541810312157123,0.6503149117098145,-0.7596647389525567,1,0,0,0,99,1
1701866820,12,6,2,1247,16.5,0.0,91,0,0,1,0,0,0,0,0.21069266371123146,-0.9775523522851683,0.9943722522992001,0.1059425497966507,-0.6686020678263527,-0.7436203835952356,-0.93370776573702,0.35803604316099547,0.5665527145990056,-0.8240254981373439,0.9549935858782884,0.2966264501546146,0.5930318498383478,0.805179001885486,-0.31210655080798455,-0.9500471045915265,-0.9874328090031054,0.1580393865599229,0.6488299520830081,-0.7609334355119122,1,0,0,0,99,1
1701866880,12,6,2,1248,16.5,0.0,91,0,0,1,0,0,0,0,-0.7087442085459975,-0.7054655532713894,0.923435312642794,-0.3837541183678754,-0.8317914757822045,-0.5550882279566577,-0.8817846188147811,0.47165229356133864,0.5139784559875352,-0.8578030932449878,0.9637953862840878,0.26664293235993725,0.605539869719601,0.7958149698139441,-0.31951919362227366,-0.9475798039779932,-0.9868079357144411,0.16189533041753676,0.6473425173671444,-0.7621992293414946,1,0,0,0,99,1
1701866940,12,6,2,1249,16.5,0.0,91,0,0,1,0,0,0,0,-0.9765649240074158,0.21522302199901908,0.6264092025190007,-0.7794943944631735,-0.9432641184904612,-0.33204337482987556,-0.8161015178364379,0.5779085676688503,0.4593971225046744,-0.8882309856306665,0.9716560568510512,0.2363990422668137,0.6179000557263231,0.786256650931111,-0.3269123346318467,-0.9450546679772316,-0.9861680049507872,0.16574880395159478,0.6458526132363348,-0.7634621156126854,1,0,0,0,99,1
1701867000,12,6,2,1250,16.5,0.0,91,0,0,1,0,0,0,0,-0.3465363519963052,0.9380365433953481,0.17601627283386595,-0.9843872569764778,-0.9960891669364942,-0.08835367288212255,-0.7376834256244756,0.6751467718644137,0.40302185308962235,-0.9151903550257765,0.9785679217677679,0.20592431252067284,0.6301093902963704,0.7765063787634564,-0.33428552259748223,-0.9424718507105282,-0.9855130264766997,0.16959974836283187,0.6443602453741106,-0.7647220895079571,1,0,0,0,99,1
1701867060,12,6,2,1251,16.5,0.0,91,0,0,1,0,0,0,0,0.6020961439059417,0.7984235927711527,-0.31747157922312297,-0.9482677872761346,-0.9869822154618934,0.1608294325113806,-0.647754030280252,0.7618495364937162,0.3450727919630029,-0.938575925669766,0.9845242317154429,0.1752485011779473,0.642164892695814,0.7665665337000915,-0.34163830749778956,-0.9398315098197366,-0.9848430102863442,0.1734481048905743,0.6428654194734018,-0.7659791462208924,1,0,0,0,99,0
1701867120,12,6,2,1252,16.5,0.0,91,0,0,1,0,0,0,0,0.9971642218096964,-0.07525632692779136,-0.7332313164778873,-0.6799792912553325,-0.9165094902005468,0.4000129427560235,-0.5477166499404489,0.8366638939132081,0.2857762289683941,-0.958296377409726,0.9895191704584925,0.14440156264783635,0.6540636197466435,0.7564395424116314,-0.348970240556676,-0.9371338064576561,-0.9841579666033436,0.17729381481363626,0.6413681412365148,-0.7672332809562018,1,0,0,0,99,0
1701867180,12,6,2,1253,16.5,0.0,91,0,0,1,0,0,0,0,0.4754441128400345,-0.8797459267116572,-0.969470455122707,-0.2452081496283747,-0.7890526438801072,0.6143255856512999,-0.4391323344669008,0.8984223910976674,0.22536371591533166,-0.9742747023036336,0.9935478605239995,0.11341361844233368,0.665802666545301,0.7461278772577572,-0.35628087427073796,-0.9343789052781952,-0.9834579058806217,0.18113681945121585,0.6398684163751107,-0.7684844889297427,1,0,0,0,99,2
1701867240,12,6,2,1254,16.5,0.0,91,0,0,1,0,0,0,0,-0.48339712085189107,-0.8754011786330324,-0.9683494148893343,0.2495984989607987,-0.6125363258775766,0.7904424390683988,-0.323695505785608,0.946161307354195,0.1640711623744481,-0.9864485053347172,0.9966063679644831,0.08231492776308211,0.6773791671718721,0.7356340556836266,-0.3635697624365738,-0.9315669744263229,-0.9827428388002435,0.18497706016379048,0.6383662506101844,-0.769732765368537,1,0,0,0,99,6
1701867300,12,6,2,1255,16.5,0.0,91,0,0,1,0,0,0,0,-0.9978052709326276,-0.06621662403857209,-0.730142665524544,0.6832947299523933,-0.3979354659034595,0.9174134100699621,-0.20320751699929535,0.9791356928613015,0.10213791445564772,-0.9947702480626623,0.9986917061993311,0.05113585795377667,0.6887902953897591,0.7249606396052742,-0.3708364601780182,-0.9286981855278049,-0.9820127762732532,0.1888144783540117,0.6368616496720415,-0.7709781055107894,1,0,0,0,99,6
1701867420,12,6,2,1257,16.5,0.0,91,0,0,1,0,0,0,0,0.3550229011373201,0.9348576039526237,0.18047492353146505,0.9835795859900265,0.0906101926109131,0.995886435792261,0.04535175965571227,0.9989710796094803,-0.022681714998206804,-0.9997427368101957,0.999935682134155,-0.011341586965772336,0.7111053321997285,0.7030854901909965,-0.3853015116820874,-0.9227907374348197,-0.9805077096675017,0.19648061299423458,0.6338451652437547,-0.773459957914511,1,0,0,0,99,6
1701867480,12,6,2,1258,16.5,0.0,91,0,0,1,0,0,0,0,0.9784752407736554,0.20636424882458945,0.6299348185230796,0.7766480054775746,0.3341795883371884,0.9425094178515073,0.16954436314500793,0.9855225562744638,-0.08508067855140847,-0.9963740653676368,0.999093105112741,-0.042578953911311244,0.722003792895616,0.6918890973590669,-0.3924989825725241,-0.9197524388005358,-0.9797327285542052,0.20030921246845357,0.6323332932605821,-0.7746964607084679,1,0,0,0,99,5
1701867540,12,6,2,1259,16.5,0.0,91,0,0,1,0,0,0,0,0.7023219565124583,-0.7118594449752793,0.9251647001953974,0.3795659066780898,0.55697131583319,0.830531729278927,0.2910912835530059,0.956695283065336,-0.1471474038756103,-0.98911457452242,0.9972749306290668,-0.07377474323093221,0.7327259867204562,0.6805237897270998,-0.39967249734807886,-0.9166580032179668,-0.9789427979248754,0.20413475547053872,0.6308190091180914,-0.7759300082708939,1,0,0,0,99,4
1701867660,12,6,2,1261,16.5,0.0,91,0,0,1,0,0,0,0,-0.9395610220178386,-0.3423814917672896,0.8192623181152938,-0.5734189167758204,0.8869664358857725,0.46183388963142347,0.5187321613166936,0.854936807498491,-0.2693169067302581,-0.9630516101171553,0.9907198418617534,-0.13591981070256942,0.7536311467497112,0.6572975693312089,-0.4139459087059511,-0.9103014800963494,-0.977318136559521,0.21177643861351833,0.6277832274704708,-0.7783882188900081,1,0,0,0,99,5
1701867720,12,6,2,1262,16.5,0.0,91,0,0,1,0,0,0,0,-0.7957510777574821,0.6056238289960243,0.4440586509707787,-0.8959977201410795,0.9736523301828737,0.22803758446681607,0.6212738589113436,0.7835935121179909,-0.3289426149665083,-0.9443499118753576,0.9859893285110538,-0.16680840525081836,0.763809009259127,0.645442326915884,-0.421044934112807,-0.9070397805267099,-0.9764834306138301,0.21559246215172986,0.6262617415459251,-0.7796128725693702,1,0,0,0,99,5
1701867780,12,6,2,1263,16.5,0.0,91,0,0,1,0,0,0,0,0.07966873759898874,0.9968213943577774,-0.039866061018256155,-0.9992050326028631,0.9998012383976285,-0.019936993217846526,0.714120785728103,0.7000225020605243,-0.38728380933075146,-0.9219605474369618,0.980296013313571,-0.19753411422212402,0.7738003987534913,0.633429509013385,-0.42811826110703044,-0.9037227199239225,-0.9756338247323948,0.219405196014221,0.6247378666231859,-0.7808345522625844,1,0,0,0,99,5
1701867840,12,6,2,1264,16.5,0.0,91,0,0,1,0,0,0,0,0.8818414830181569,0.4715459668243784,-0.514030170892537,-0.8577721045896685,0.9637873480674221,-0.2666719852274808,0.7958240965274552,0.6055278749869898,-0.4441126687075084,-0.8959709467909631,0.9736454556949781,-0.22806693448309956,0.7836028759783554,0.6212620483809149,-0.43516545796919887,-0.9003505007442698,-0.9747693318791554,0.22321458202336397,0.6232116085153726,-0.782053253309314,1,0,0,0,99,3
1701867900,12,6,2,1265,16.4,0.0,91,0,0,1,0,0,0,0,0.8732532357707915,-0.48726664796171143,-0.8623417675033813,-0.506326649524933,0.8678498284625437,-0.49682660480044094,0.8651088384707559,0.5015841879483239,-0.49920727761706163,-0.8664825987717018,0.9660441498119281,-0.25837705125291044,0.7932140477994922,0.6089429155294811,-0.44218609457473834,-0.8969233288106295,-0.9738899652452092,0.2270205620526151,0.6216829730446962,-0.783268971060585,1,0,0,0,99,3
1701867960,12,6,2,1266,16.4,0.0,91,0,0,1,0,0,0,0,0.06179999076938898,-0.9980885537570819,-0.9995220242088421,-0.030914771897250545,0.7179536098861996,-0.6960909524274645,0.9208938463328616,0.38981344741589885,-0.552352492790655,-0.8336106547471364,0.9574995182106194,-0.28843486721690187,0.8026315677871454,0.5964751179986882,-0.4491797424201762,-0.893441413299912,-0.9729957382486092,0.2308230780274018,0.6201519660424364,-0.7844817008788038,1,0,0,0,99,4
1701868020,12,6,2,1267,16.4,0.0,91,0,0,1,0,0,0,0,-0.8064718807401303,-0.5912724461493848,-0.8919844298387122,0.4520661200812417,0.5234185131989307,-0.8520757360942869,0.9623086137238632,0.2719597984130312,-0.6033407833003538,-0.7974834789552168,0.9480199045788059,-0.3182110314278744,0.8118531367888758,0.58386169962249,-0.4561459746492947,-0.8899049667302936,-0.9720866645341592,0.23462207192600865,0.6186185933489193,-0.7856914381377745,1,0,0,0,99,6
1701868080,12,6,2,1268,16.4,0.0,91,0,0,1,0,0,0,0,-0.9332772243328045,0.3591568216554658,-0.5660579379995188,0.8243654595067245,0.2963397884973224,-0.955082577452527,0.9887068770501516,0.1498623077152374,-0.651973040962877,-0.7582421472442815,0.9376145655983277,-0.34767646796678553,0.8208765034908678,0.5711057397860814,-0.46308436607918363,-0.8863142049482455,-0.9711627579732054,0.23841748578046287,0.6170828608134961,-0.7868981782227173,1,0,0,0,99,6
1701868140,12,6,2,1269,16.4,0.0,91,0,0,1,0,0,0,0,-0.2020317919023325,0.9793789639668256,-0.10154072097728682,0.9948313836944493,0.05083609104539121,-0.9987070100120579,0.9996767002416476,0.025426265828293697,-0.6980593578527926,-0.7160398961748897,0.9262936619061176,-0.3768024043348916,0.8296994649675543,0.5582103526741099,-0.469994493226192,-0.8826693471153595,-0.9702240326634255,0.24220926167741863,0.6155447742945193,-0.7881019165302856,1,0,0,0,99,7
1701868200,12,6,2,1270,16.4,0.0,91,0,0,1,0,0,0,0,0.7149607382857998,0.6991646034445853,0.38783720589663306,0.9217278891963141,-0.19782834832713678,-0.9802366778478334,0.9950469028764004,-0.09940654443286578,-0.7414197678889017,-0.6710415246343308,0.9140682481725122,-0.40556039954960427,0.8383198672194296,0.5451786865103935,-0.4768759343317749,-0.8789706156949713,-0.9692705029286126,0.24599734175904098,0.6140043396593216,-0.7893026484685837,1,0,0,0,99,7
1701868260,12,6,2,1271,16.4,0.0,91,0,0,1,0,0,0,0,0.9746216629043428,-0.22385846912183968,0.7822590584716292,0.6229532610389644,-0.43419277916671734,-0.9008199767542249,0.974889731393819,-0.22268814881552984,-0.7818849495979348,-0.6234227503004964,0.9009502623065538,-0.4339223719166273,0.846735605698918,0.5320139227893255,-0.48372826938823543,-0.8752182364385827,-0.9683021833184573,0.24978166822388845,0.6124615627841928,-0.7905003694571839,1,0,0,0,99,9
1701868320,12,6,2,1272,16.4,0.0,91,0,0,1,0,0,0,0,0.33821992534671463,-0.9410670975538687,0.9851566112943334,0.17165794832475895,-0.6435612059762619,-0.7653946525566921,0.9395197317131483,-0.34249477911590703,-0.8192968873112808,-0.5733695234681091,0.8869525137988248,-0.46186062645125475,0.8549446258241684,0.5187192754991592,-0.49055108016436005,-0.8714124383720832,-0.9673190886083255,0.25356218332779523,0.610916449554358,-0.791695074927145,1,0,0,0,99,9
1701868380,12,6,2,1273,16.4,0.0,91,0,0,1,0,0,0,0,-0.6091396517935828,-0.793062976448146,0.9468534671342093,-0.3216652169195901,-0.8129161140362485,-0.5823807959919394,0.8894888408496027,-0.45695689293852465,-0.8535094882127922,-0.5210773009168003,0.8720886712131973,-0.4893478819220533,0.862944923480651,0.5052979903373586,-0.497343950230945,-0.867553453781771,-0.966321233799033,0.2573388293847521,0.6093690058639543,-0.7928867603210284,1,0,0,0,99,11
1701868500,12,6,2,1275,16.2,0.0,91,0,0,1,0,0,0,0,-0.46763858468568814,0.8839197667849534,0.24091516475208297,-0.9705461778774241,-0.9926092327490774,-0.12135448513049653,0.7487838423505466,-0.6628142706933458,-0.911815296727727,-0.4106006145311124,0.8398215925216237,-0.5428624989207155,0.8783115901890158,0.478088642972872,-0.5108382116811192,-0.8596768703916815,-0.9642813050121011,0.26488028390984336,0.6062671507224173,-0.7952610527084308,1,0,0,0,99,11
1701868560,12,6,2,1276,16.2,0.0,91,0,0,1,0,0,0,0,0.49112663102911036,0.8710881885859756,-0.2538816765877605,-0.967235283833767,-0.9917749956098326,0.12799358610147818,0.6603053891566091,-0.7509971990964674,-0.9356808214066555,-0.3528475597928464,0.8224498646704389,-0.5688376043332375,0.8856742076896101,0.46430722354210824,-0.5175387794445416,-0.8556597523379571,-0.9632392621612652,0.2686449773046603,0.6047127511039186,-0.796443650644746,1,0,0,0,99,15
1701868620,12,6,2,1277,16.2,0.0,91,0,0,1,0,0,0,0,0.9983522871222469,0.05738214703005362,-0.6865194290659029,-0.7271114587977738,-0.9292769928276966,0.36938363607652286,0.561523091209737,-0.8274610673852042,-0.9558925325017463,-0.29371664288459703,0.8042750284836018,-0.5942572494784574,0.8928206005347483,0.4504124501618171,-0.5242077593083599,-0.8515904092231831,-0.9621825214644005,0.27240557150764816,0.6031560446900751,-0.7976232103906105,1,0,0,0,99,15
1701868680,12,6,2,1278,16.2,0.0,91,0,0,1,0,0,0,0,0.5876974545726518,-0.8090807758739703,-0.9510732821065815,-0.30896538974942617,-0.8090010475115055,0.5878072006408963,0.4539784132307965,-0.8910126824689131,-0.9723715037137074,-0.23343876877147773,0.7853148313802172,-0.6190966125042691,0.8997490240351109,0.4364077150416402,-0.5308447442324167,-0.8474690894190892,-0.96111109904607,0.27616200913676636,0.6015970374192486,-0.7987997274463626,1,0,0,0,99,15
1701868740,12,6,2,1279,16.2,0.0,91,0,0,1,0,0,0,0,-0.36328370740536675,-0.9316785647066331,-0.9827712258472551,0.184826182254256,-0.6384253353939456,0.7696837604673286,0.3393495539504004,-0.9406603426496007,-0.9850533850126095,-0.17224932126194178,0.7655877876709966,-0.6433314381942088,0.9064577867154677,0.4222964372368012,-0.5374493291293603,-0.8432960444697939,-0.9600250112548615,0.2799142328733983,0.600035735238578,-0.7999731973239473,1,0,0,0,99,15
1701868860,12,6,2,1281,16.2,0.0,91,0,0,1,0,0,0,0,-0.6959935559105248,0.7180480277328413,-0.3754676898663577,0.9268354837113331,-0.1912648899937819,0.9815384566361455,0.09607690503928216,-0.995373913822375,-0.9988428089099843,-0.048094106591270766,0.7239109429312665,-0.6898934314112323,0.9192098322502954,0.3937680590073094,-0.550559688404759,-0.8347958010817105,-0.957808906066787,0.287405809717105,0.5969062699800091,-0.802310977650532,1,0,0,0,99,16
1701868920,12,6,2,1282,16.2,0.0,91,0,0,1,0,0,0,0,0.2281696579078992,0.9736213880201031,0.11484470379581474,0.9933834576889489,0.057517572580260974,0.9983444940722989,-0.028770696269825667,-0.999586037835738,-0.9998965041032342,0.014386837113521522,0.702001838632378,-0.7121751319421092,0.9252500018757388,0.3793579233770469,-0.5570646625944573,-0.8304691214539668,-0.9566789224849597,0.29114504851193435,0.5953381188400696,-0.8034752791816107,1,0,0,0,99,15
1701868980,12,6,2,1283,16.2,0.0,91,0,0,1,0,0,0,0,0.9425547405040898,0.3340517342467597,0.5770391086197019,0.8167165157650357,0.3027238710730988,0.9530783062700137,-0.15316934048625133,-0.9881999560488792,-0.9970456248459444,0.07681160052726667,0.6794072414512276,-0.7337614055424511,0.9310642849831721,0.36485517295054826,-0.5635356364283681,-0.8260917542714454,-0.9555343411598155,0.2948798447915308,0.593767696666158,-0.8046365156987131,1,0,0,0,99,13
1701869040,12,6,2,1284,16.2,0.0,91,0,0,1,0,0,0,0,0.7903593414947124,-0.6126435434345525,0.8979542147110153,0.44008888679756925,0.5291082654818533,0.8485543255436181,-0.27517782837320115,-0.9613933444599089,-0.9903013037606052,0.13893641628473632,0.6561492146285263,-0.7546311735824118,0.9366512620987631,0.3502633483663315,-0.5699722149516012,-0.8216639667060773,-0.9543751795562575,0.2986101415674982,0.5921950094489575,-0.8057946827720751,1,0,0,0,99,13
1701869100,12,6,2,1285,16.2,0.0,91,0,0,1,0,0,0,0,-0.08848879115605462,-0.9960771726325929,0.9990188117929995,-0.04428785029444963,0.7225952706371838,0.6912713467610061,-0.3928922582839944,-0.9195845112769696,-0.9796898772767252,0.20051868830988095,0.6322504692327713,-0.7747640570876662,0.9420095692421776,0.3355860120090927,-0.5763740053085789,-0.8171860290071938,-0.9532014553616653,0.30233588192009736,0.5906200631877919,-0.8069497759836411,1,0,0,0,99,13
1701869160,12,6,2,1286,16.2,0.0,91,0,0,1,0,0,0,0,-0.8859807373049136,-0.46372204295746144,0.8554887617489377,-0.51782137704161,0.8711548016976116,0.49100846375515256,-0.5044757359104833,-0.8634258693585549,-0.9652527827876372,0.2613179391483152,0.6077343419832735,-0.7941403966391318,0.9471378982595755,0.3208267471400009,-0.5827406167670137,-0.8126582144850321,-0.9520131864856264,0.3060570089991143,0.5890428638906025,-0.8081017909270819,1,0,0,0,99,11
1701869220,12,6,2,1287,16.2,0.0,91,0,0,1,0,0,0,0,-0.8689060794851441,0.49497699444899096,0.5025052266151114,-0.864574171037104,0.965550146558195,0.2602170526338503,-0.6081870384043668,-0.7937937555290575,-0.9470463968383644,0.321096749026631,0.5826247724622465,-0.8127412715700584,0.9520349971429776,0.30598915702189644,-0.5890716607417571,-0.8080807994940532,-0.9508103910596616,0.30977346602472816,0.5874634175739252,-0.8092507232078103,1,0,0,0,99,11
1701869280,12,6,2,1288,16.2,0.0,91,0,0,1,0,0,0,0,-0.052963179352423326,0.9985964658624038,0.026490886523445938,-0.9996490548843638,0.9999122598719259,0.01324660552058789,-0.702407785577371,-0.7117747556357236,-0.9251418149764185,0.37962168297153187,0.5569462797382114,-0.8305485184417379,0.9566996703359257,0.2910768640396056,-0.5953667508185162,-0.8034540634160753,-0.9495930874369493,0.3134851962883771,0.5858817302628675,-0.8103965684429991,1,0,0,0,99,7
1701869340,12,6,2,1289,16.2,0.0,91,0,0,1,0,0,0,0,0.8116738236246998,0.5841109518254728,-0.4560093464911258,-0.8899749861163158,0.9721046718631476,-0.2345474513650535,-0.7856676941828057,-0.6186487487399237,-0.899624574125208,0.4366642023684082,0.5307239384235423,-0.847544748779794,0.9611307790253608,0.2760935088155877,-0.6016255027774389,-0.7987782886432216,-0.9483612941920452,0.31719214315362415,0.5842978079910859,-0.811539322261597,1,0,0,0,99,6
1701869400,12,6,2,1290,16.2,0.0,91,0,0,1,0,0,0,0,0.9300616563868934,-0.3674034775541302,-0.8268625876027196,-0.5624040017842467,0.8838563236703821,-0.46775848373693524,-0.8566675211938805,-0.5158689350324677,-0.8705943185641828,0.49200155739973644,0.5039833541895326,-0.8637133660537321,0.9653272414196473,0.2610427493211293,-0.6078475346165643,-0.7940537605606843,-0.9471150301205985,0.3208942500570208,0.5827116568007624,-0.8126789803043453,1,0,0,0,99,6
1701869460,12,6,2,1291,16.2,0.0,91,0,0,1,0,0,0,0,0.1933550914660601,-0.9811288440384125,-0.995271029428269,-0.09713690329011809,0.7406540701603272,-0.6718865591414528,-0.9142993380565942,-0.40503915913066185,-0.8381644108200555,0.5454176568783495,0.47675063876289164,-0.8790385818831701,0.9692880330126773,0.24592825998330273,-0.6140324665751385,-0.7892807675293066,-0.9458543142390657,0.3245914605089707,0.5811232827425817,-0.8138155382237952,1,0,0,0,99,7
1701869520,12,6,2,1292,16.2,0.0,91,0,0,1,0,0,0,0,-0.7211212528459787,-0.6928088760212632,-0.920002411959138,0.39191269689736824,0.551401533867395,-0.8342399825282195,-0.9576638195442646,-0.2878888826194756,-0.8024614889885606,0.5967039120788988,0.4490523844280872,-0.8935054314549238,0.9730121868339892,0.2307537307879076,-0.6201799211567932,-0.784459600867982,-0.9445791657844201,0.32828371809459106,0.5795326918757081,-0.8149489916843234,1,0,0,0,99,7
1701869580,12,6,2,1293,16.2,0.0,91,0,0,1,0,0,0,0,-0.9726020429124683,0.23247637755800724,-0.619485117836576,0.7850084004512332,0.32786552086851617,-0.9447244043770736,-0.9860842774269027,-0.16624619638194185,-0.7636249722154004,0.6456600512723619,0.42091563806043014,-0.9070997881358924,0.9764987936848393,0.2155228663786137,-0.6262895231525857,-0.7795905548358746,-0.9432896042138582,0.3319709664745739,0.5779398902677623,-0.8160793363621499,1,0,0,0,99,5
1701869640,12,6,2,1294,16.2,0.0,91,0,0,1,0,0,0,0,-0.3298770001093613,0.9440239217301903,-0.1672962615688254,0.9859066694495454,0.08394441777287699,-0.9964704384600542,-0.9991172199647183,-0.04200929385234764,-0.7218065162674647,0.6920949017828597,0.39236787471526025,-0.9198083772674773,0.9797470023601699,0.20023938515252526,-0.6323608996639003,-0.774673926614458,-0.941985649204503,0.33565314938604557,0.5763448839947981,-0.817206567945353,1,0,0,0,99,5
1701869700,12,6,2,1295,16.2,0.0,89,0,0,1,0,0,0,0,0.6161354352885633,0.7876402258530049,0.3258525541920725,0.9454206010694407,-0.1651959426416995,-0.9862607670057246,-0.9965592724483889,0.08288314965744041,-0.6771694213203072,0.7358271365128635,0.36343697079902076,-0.9316187891280595,0.9827560198564188,0.18490701835238776,-0.6383936801252078,-0.7697100162893775,-0.9406673206531035,0.33933021064342506,0.5747476791412798,-0.8183306821338868,1,0,0,0,99,4
1701869760,12,6,2,1296,16.2,0.0,89,0,0,1,0,0,0,0,0.9956757929363228,-0.0928962612844285,0.7392213001816264,0.6734625968513661,-0.4040652194563607,-0.9147301779353751,-0.9784503507933796,0.20648222933781113,-0.6298879942744539,0.7766859820216312,0.33415117684842055,-0.9425194910508831,0.9855251115651197,0.16952950915565845,-0.6443874963266829,-0.7646991268321347,-0.9393346386757316,0.3430020941392817,0.5731482818000584,-0.8194516746395976,1,0,0,0,99,5
1701869820,12,6,2,1297,16.2,0.0,89,0,0,1,0,0,0,0,0.45979641835260393,-0.8880243542100167,0.9716028906425754,0.2366174610948897,-0.6178116779833116,-0.786326096824622,-0.9450730386654309,0.3268592228891346,-0.5801468680906867,0.8145118853918384,0.30453908994426443,-0.9524998386855082,0.9880536014522462,0.15411061176066326,-0.650341982436678,-0.7596415640815948,-0.9379876236074746,0.346668743845191,0.5715466980723487,-0.8205695411862395,1,0,0,0,99,4
1701869880,12,6,2,1298,16.2,0.0,89,0,0,1,0,0,0,0,-0.4988176628046754,-0.8667069512090468,0.9661022076387795,-0.25815988146006835,-0.7931455986954944,-0.6090320675218718,-0.8969481778569685,0.4421356875881703,-0.5281402808022835,0.8491571372803064,0.2746296257868892,-0.961550086391839,0.9903408722232561,0.13865409047006316,-0.6562567750240514,-0.7545376367253204,-0.936626296002125,0.3503301038125896,0.5699429340677058,-0.8216842775094914,1,0,0,0,99,5
1701869940,12,6,2,1299,16.2,0.0,89,0,0,1,0,0,0,0,-0.9988210851948485,-0.04854317429036989,0.7240660102125944,-0.6897306813929731,-0.9191655676190696,-0.39387137405949346,-0.834826740725132,0.5505127727585013,-0.4740713170196541,0.880486448719826,0.2444519904604727,-0.9696613967565755,0.9923863654737946,0.1231637187718536,-0.6621315130803496,-0.7493876562807309,-0.9352506766318672,0.3539861181736292,0.5683369959040019,-0.8227958793569731,1,0,0,0,99,7
1701870000,12,6,2,1300,16.2,0.0,89,0,0,1,0,0,0,0,-0.5805130081563131,0.8142509732025552,0.3047532008014393,-0.9524313553224073,-0.9880362734541701,-0.15422166624309427,-0.7596781115193113,0.6502992902336991,-0.4181511148892831,0.9083774794196792,0.2140356519137885,-0.9768258492227975,0.9941895818260211,0.10764327841812157,-0.6679658380418412,-0.7441919370760884,-0.9338607864869604,0.35763673114202876,0.5667288897074029,-0.8239043424882614,1,0,0,0,99,7
1701870060,12,6,2,1301,16.2,0.0,89,0,0,1,0,0,0,0,0.37151605140823607,0.9284265310438047,-0.18917382080535783,-0.981943616264143,-0.995475669281812,0.0950167978197989,-0.6726749594641535,0.7399381047830281,-0.3605980416037862,0.9327213155018567,0.1834103111852539,-0.9830364478242546,0.9957500810505251,0.09209655850178511,-0.6737593938114017,-0.7389507962313138,-0.9324566467754181,0.36128188701392594,0.5651186216123453,-0.8250096626749065,1,0,0,0,99,5
1701870120,12,6,2,1302,16.2,0.0,89,0,0,1,0,0,0,0,0.9819749666421057,0.1890110179016962,-0.6367844934113518,-0.7710418334635599,-0.9410212095015605,0.33834757760063844,-0.5751749396485218,0.8180304326859235,-0.3016368406826962,0.9534228948074206,0.15260587340036988,-0.9882871280168078,0.9970674821738015,0.0765273545315405,-0.679511826780248,-0.73366455363863,-0.9310382789226848,0.3649215301687268,0.5635061977615123,-0.8261118357004477,1,0,0,0,99,4
1701870180,12,6,2,1303,16.2,0.0,89,0,0,1,0,0,0,0,0.6896106261548025,-0.7241803534302633,-0.9284881133946367,-0.37136211880705916,-0.8280586086766621,0.5606415437661308,-0.46869950727191356,0.8833576692841159,-0.24149775435382845,0.9704013781122005,0.12165241856987369,-0.9925727626003548,0.9981414635712602,0.06093946750524334,-0.6852227858495209,-0.7283335319430388,-0.9296057045713088,0.3685556050699549,0.561891624305811,-0.8272108573604299,1,0,0,0,99,3
1701870240,12,6,2,1304,16.2,0.0,89,0,0,1,0,0,0,0,-0.23677854371688278,-0.9715636475472476,-0.9928654610638965,0.11923999424008805,-0.6636113342009432,0.7480775341634341,-0.35491017584493534,0.9349004048997503,-0.1804156244623088,0.9835904648022342,0.09058017221711874,-0.995889166725453,0.9989717630457462,0.04533670298194944,-0.690891922451714,-0.7229580565226276,-0.9281589455806122,0.3721840562660983,0.5602749074043482,-0.8283067234624195,1,0,0,0,99,3
1701870300,12,6,2,1305,16.5,0.0,87,0,0,1,0,0,0,0,-0.9454746124554664,-0.3256958047046135,-0.8141547164712041,0.5806479980570787,-0.4579039211138737,0.8890016867411104,-0.235582589826678,0.971854332382459,-0.118628975418194,0.9929386517762462,0.059419475863364,-0.9982331019797546,0.9995581778915509,0.029722870152842088,-0.6965188905719492,-0.7175384554687094,-0.926698024026357,0.37580682839145607,0.5586560532244075,-0.8293994298260206,1,0,0,0,99,3
1701870360,12,6,2,1306,16.5,0.0,87,0,0,1,0,0,0,0,-0.7849056827820657,0.6196152589602836,-0.43611050264796214,0.8998931211428065,-0.22372626003354357,0.9746520202469203,-0.11257881628681225,0.9936427980534354,-0.056379082763754744,0.998409434564156,0.0282007573997934,-0.9996022795502609,0.9999005649439,0.014101780911272722,-0.7021033467690947,-0.7120750595657992,-0.925222962200409,0.37942386616698276,0.5570350679414255,-0.8304889722828903,1,0,0,0,99,6
1701870420,12,6,2,1307,16.5,0.0,87,0,0,1,0,0,0,0,0.09730191186315293,0.995254911039265,0.048708772109010486,0.9988130233029766,0.02436161629514139,0.9997032117841216,0.012181712028249383,0.9999258001932247,0.006090969002353426,0.9999814498762526,-0.0030454986248035533,-0.9999953624583098,0.9999988406139053,-0.001522751077858202,-0.7076449501967276,-0.7065682022714233,-0.9237337826103967,0.38303511440113214,0.5554119577389687,-0.8315753466767555,1,0,0,0,99,7
1701870480,12,6,2,1308,16.5,0.0,87,0,0,1,0,0,0,0,0.8900505774721458,0.4558617877619267,0.5216024406758817,0.853188662536583,0.2709348053161655,0.9625976995964054,0.13675214880138925,0.9906052946548402,0.06853723566485535,0.9976485590263838,-0.034288780771676325,-0.9994119668651121,0.9998529809089715,-0.017146911309152784,-0.7131433626239372,-0.7010182196957677,-0.9222305079793683,0.38664051799069915,0.5537867288087088,-0.8326585488634279,1,0,0,0,99,6
1701870540,12,6,2,1309,16.5,0.0,87,0,0,1,0,0,0,0,0.8644908468317865,-0.5026485608693819,0.8667896402442123,0.49867396118637375,0.5006625803940346,0.8656425247139762,0.2591886140304236,0.9658267248098844,0.13071586588879644,0.991419871903394,-0.06549858050601552,-0.9978526624465643,0.9994630214386534,-0.03276688536797246,-0.7185982484559688,-0.6954254505811631,-0.9207131612454454,0.39024002192166096,0.5521593873504004,-0.8337385747108206,1,0,0,0,99,7
1701870600,12,6,2,1310,16.5,0.0,87,0,0,1,0,0,0,0,0.04412221841808424,-0.9990261407199847,0.999756505535219,0.022066482275333348,0.6992615811428033,0.7148658903162654,0.37758052762538924,0.9259767519533807,0.19238405345378726,0.9813197113972033,-0.09664442198801937,-0.9953189718369693,0.9988290574059631,-0.04837885986167266,-0.7240092747547067,-0.6897902362814101,-0.9191817655614721,0.39383357127001617,0.5505299395718565,-0.834815420098963,1,0,0,0,99,8
1701870660,12,6,2,1311,16.5,0.0,87,0,0,1,0,0,0,0,-0.8168121741291692,-0.5769036940377309,0.8879481105441159,-0.45994364109218266,0.8543838835945416,0.5196423572553615,0.4900804233718373,0.8716772215835864,0.2533009854070979,0.9673875184184428,-0.12769589183203411,-0.9918133691422099,0.9979512435841267,-0.06397902335058789,-0.729376111258995,-0.6841129207409447,-0.9176363442946625,0.397421111202623,0.548898391688925,-0.8358890809200175,1,0,0,0,99,10
1701870720,12,6,2,1312,16.5,0.0,87,0,0,1,0,0,0,0,-0.9267732207044014,0.3756213484151173,0.5587390498188232,-0.829343520025061,0.9563847343054627,0.2921099792671752,0.5949327780232085,0.803775459710974,0.31322878243308516,0.9496776978825432,-0.158622668804709,-0.9873392775238264,0.9968297942787993,-0.07956356727854007,-0.7346984304047954,-0.6783938504738453,-0.9160769210262436,0.40100258697803604,0.5472647499254653,-0.8369595530782943,1,0,0,0,99,8
1701870780,12,6,2,1313,16.5,0.0,87,0,0,1,0,0,0,0,-0.18466324219769167,0.9828018554017064,0.09273118299227497,-0.9956911808893625,0.9989222144114532,0.046415617579848543,0.6905014056539462,0.7233310506192336,0.37193342776682925,0.9282594062597033,-0.18939455343316602,-0.9819010658563578,0.9954649832757448,-0.09512868690264292,-0.7399759073451794,-0.6726333745426839,-0.9145035195510961,0.4045779439473413,0.5456290205133241,-0.8380268324902673,1,0,0,0,99,9
1701870840,12,6,2,1314,16.5,0.0,87,0,0,1,0,0,0,0,0.7272252695674022,0.6863988689549387,-0.3959805115438519,-0.9182589147280136,0.9793515494264594,-0.20216464239820275,0.7752949897936278,0.6315993024069126,0.42918568102459304,0.9032162815203545,-0.2199814974942728,-0.9755040444612094,0.9938571437739957,-0.1106705822221754,-0.7452082199701555,-0.6668318445372209,-0.9129161638773905,0.40814712755499033,0.5439912096923119,-0.8390909150845903,1,0,0,0,99,11
1701870900,12,6,2,1315,16.5,0.0,87,0,0,1,0,0,0,0,0.9705062222633856,-0.24107607211843352,-0.7877423665509027,-0.6160048408420045,0.8988895485102729,-0.4381752840804668,0.8479903549217016,0.5300116583243869,0.4847619733826144,0.8746461165306764,-0.2503536333562224,-0.9681544599212143,0.9920066683045065,-0.12618545890629732,-0.7503950489263297,-0.6609896145529455,-0.9113148782262214,0.41171008333963266,0.5423513237101792,-0.8401517968021114,1,0,0,0,99,11
1701870960,12,6,2,1316,16.5,0.0,87,0,0,1,0,0,0,0,0.3215082299291668,-0.9469067842653859,-0.9866374167508005,-0.16293129799798153,0.7625389491684939,-0.6469423088661069,0.9074531141789384,0.4201533595806971,0.5384452806085791,0.8426604771735462,-0.2804813031437691,-0.9598594889809514,0.9899140086343236,-0.14166952922038076,-0.7555360776363961,-0.6551070411694638,-0.9096996870312377,0.41526675693494663,0.5407093688225928,-0.8412094735958894,1,0,0,0,99,12
1701871020,12,6,2,1317,16.5,0.0,87,0,0,1,0,0,0,0,-0.6230829462907598,-0.7821557658431126,-0.9439692171472311,0.33003350902361966,0.5787773712647983,-0.8154855943006043,0.9527553710949638,0.3037387081846794,0.590025970536603,0.8073842666861547,-0.31033508769864016,-0.9506272315387758,0.9875796756562926,-0.15711901295073133,-0.7606309923184603,-0.6491844834287357,-0.90807061493827,0.41881709407046913,0.5390653512931113,-0.8422639414312088,1,0,0,0,99,14
1701871080,12,6,2,1318,16.5,0.0,87,0,0,1,0,0,0,0,-0.9948145351851904,0.10170565659919678,-0.6701844311086327,0.7421946027152168,0.3590302196784995,-0.933325935221779,0.9831901991023352,0.18258431583548054,0.6393026216763542,0.7689552379155371,-0.3398858353068445,-0.9404667027374061,0.9850042392643308,-0.17253013832747296,-0.7656794820051903,-0.6432223028131592,-0.9064276868049539,0.4223610405724235,0.5374192773931619,-0.8433151962855951,1,0,0,0,99,13
1701871140,12,6,2,1319,16.5,0.0,87,0,0,1,0,0,0,0,-0.4519182282526401,0.8920593674038712,-0.23231512283548061,0.9726405727204349,0.11696030796720128,-0.9931365899815682,0.9982826728891893,0.05858075630457427,0.6860828097596623,0.727523455396654,-0.3691046901648271,-0.9293878241607897,0.9821883282142966,-0.18789914294537147,-0.7706812385627962,-0.6372208632235092,-0.9047709277003515,0.42589854236454644,0.5357711534020162,-0.8443632341488307,1,0,0,0,99,11
1701871260,12,6,2,1321,16.5,0.0,87,0,0,1,0,0,0,0,0.999211628421411,0.03970039832838073,0.6929284240351306,0.7210063794198983,-0.37349271785411137,-0.9276331115855821,0.9817415931867158,-0.19021946327126704,0.7714335562027579,0.6363098839122071,-0.426432946714834,-0.9045191772185395,0.9758378905378032,-0.21849579261562516,-0.7805433340358577,-0.6251016746835569,-0.9014160179083676,0.43295399600676,0.5324687803023009,-0.8464496429223537,1,0,0,0,99,7
1701871320,12,6,2,1322,16.5,0.0,87,0,0,1,0,0,0,0,0.5732830801649955,-0.8193573762385589,0.9537707733618594,0.30053504268341247,-0.5913818382891833,-0.8063916674555276,0.9503661577138381,-0.3111336791031087,0.809670821724208,0.5868842819913016,-0.45448636833721334,-0.8907536926646169,0.9723049142796247,-0.23371596793478092,-0.7854030710198365,-0.6189846654260585,-0.8997179184127819,0.43647184019930857,0.5308145437912809,-0.8474880058736255,1,0,0,0,99,3
1701871380,12,6,2,1323,16.5,0.0,87,0,0,1,0,0,0,0,-0.3797192881647377,-0.9251017577519053,0.9810967734509948,-0.19351775402801508,-0.7725017003308197,-0.6350126951376582,0.9041605762080257,-0.4271927579338991,0.8447463400139414,0.5351669095086602,-0.48209599173366907,-0.8761184022461406,0.9685345637214349,-0.2488790848523229,-0.7902148710484772,-0.6128298765349471,-0.8980060903287201,0.4399830243685845,0.5291582823841159,-0.8485231359157464,1,0,0,0,99,2
1701871440,12,6,2,1324,16.5,0.0,87,0,0,1,0,0,0,0,-0.9836094941210283,-0.18031184951348836,0.7682160664531458,-0.6401906553857654,-0.9055911481970673,-0.424151709070136,0.8438458713148201,-0.5365856366554476,0.8765231419236595,0.48135972169706537,-0.5092348565754973,-0.860627597075839,0.964527759340248,-0.26398144151072533,-0.7949784404343068,-0.6066376836668139,-0.896280559776573,0.4434874949382373,0.5275000023989397,-0.8495550291000099,1,0,0,0,99,1
1701871500,12,6,2,1325,16.6,0.0,87,0,0,1,0,0,0,0,-0.6831736673300343,0.7302559416169317,0.36724927391559825,-0.9301225568754183,-0.982375324627868,-0.18691902407805047,0.7703632338313046,-0.6376052759826998,0.9048771397219348,0.425672834473437,-0.535876462221734,-0.8442964036620779,0.9602854793398883,-0.2790193508862083,-0.7996934884336023,-0.6004084647611956,-0.8945413530858134,0.4469851984343578,0.5258397101615864,-0.850583681490057,1,0,0,0,99,1
1701871560,12,6,2,1326,16.6,0.0,87,0,0,1,0,0,0,0,0.24536887858740644,0.9694297877725641,-0.12363294914268595,-0.9923280172837418,-0.9980801614308696,0.0619353805036276,0.6848593357385049,-0.728675298230847,0.9296976116541461,0.368323703940673,-0.5619947935965809,-0.8271407691380811,0.9558087594121748,-0.2939891416888716,-0.8043597272641364,-0.5941426000175077,-0.8927884967945957,0.4504760814862939,0.5241774120055661,-0.8516090891618918,1,0,0,0,99,0
1701871620,12,6,2,1327,16.6,0.0,87,0,0,1,0,0,0,0,0.9483204091081449,0.3173143578046236,-0.5842455144009993,-0.8115769704115019,-0.9517292079188023,0.30693894310473063,0.5886684367686403,-0.8083745861618643,0.9508876343085613,0.3095362772262209,-0.5875643465926856,-0.8091774456898254,0.9510986924840727,-0.30888715925898774,-0.8089768721227412,-0.5878404718718389,-0.8910220176493504,0.45396009082746536,0.5225131142720414,-0.8526312482038954,1,0,0,0,99,2
1701871680,12,6,2,1328,16.6,0.0,87,0,0,1,0,0,0,0,0.7793905288984901,-0.6265384293587519,-0.9018144014592891,-0.43212357644616434,-0.8462043418838514,0.5328585288581931,0.48329156372825655,-0.875459459043705,0.9683644611001854,0.24954011797333814,-0.6125601529754697,-0.7904239741978156,0.9461564284508708,-0.3237097664592346,-0.8135446412026923,-0.5815024649736085,-0.889241942604376,0.45743717329617606,0.5208468233098019,-0.8536501547168418,1,0,0,0,99,2
1701871740,12,6,2,1329,16.6,0.0,87,0,0,1,0,0,0,0,-0.10610740923685848,-0.994354673999696,-0.9985876711635528,0.05312873986979144,-0.6880665883946875,0.7256475521455962,0.37037308747694114,-0.9288830798721646,0.9820598453944048,0.18856950989997748,-0.6369578047641863,-0.770898667108712,0.9409831738954507,-0.3384533445626502,-0.8180627557109083,-0.5751289661620904,-0.8874482988214272,0.4609072758364255,0.5191785454752413,-0.8546658048139125,1,0,0,0,99,0
1701871800,12,6,2,1330,16.6,0.0,87,0,0,1,0,0,0,0,-0.8940506846592281,-0.44796581706684435,-0.8508718520044145,0.5253732877360419,-0.4871481870355047,0.8733193252573889,0.25167506307003396,-0.9678117909122075,0.9919203070086345,0.12686254192588234,-0.6607334780658982,-0.7506205905535374,0.9355801917937172,-0.3531142941360932,-0.8225309398849666,-0.5687203644428019,-0.8856411136693016,0.46437034549871836,0.5175082871323327,-0.8556781946207109,1,0,0,0,99,0
1701871860,12,6,2,1331,16.6,0.0,87,0,0,1,0,0,0,0,-0.8600078837318815,0.5102807461770535,-0.4948329282813273,0.8689881317305357,-0.2559412708703545,0.9666923325780896,0.1290497334788228,-0.9916381226480983,0.9979073410512868,0.06466017844045019,-0.6838639563391061,-0.7296095457299233,0.9299488012062609,-0.3676890359189927,-0.8269489210099354,-0.5622770509637608,-0.8838204147234213,0.4678263294408723,0.5158360546526036,-0.8566873202752776,1,0,0,0,99,3
1701871920,12,6,2,1332,16.6,0.0,87,0,0,1,0,0,0,0,-0.03527780063100106,0.9993775446659983,-0.01764164581327013,0.9998443740567825,-0.008821166113885877,0.9999610927573088,0.004410625958475234,-0.9999902731420214,0.9999975682825487,0.0022053183419487145,-0.7063266530643069,-0.707886049566577,0.9240903769563281,-0.38217401169717374,-0.8313164294350177,-0.5557994189916117,-0.8819862297654119,0.47127517492882454,0.5141618544151129,-0.8576931779281052,1,0,0,0,99,2
1701871980,12,6,2,1333,16.6,0.0,87,0,0,1,0,0,0,0,0.8218865296781087,0.5696512374547038,0.463868926823783,0.8859038428223189,0.23884739602692043,0.971057115421724,-0.12029730790478227,-0.992737909878968,0.9981828264098136,-0.06025815347748382,-0.7280996337993461,-0.6854713146888483,0.9180063492941779,-0.3965656851715436,-0.8356331985900104,-0.5492878638876233,-0.8801385867826792,0.47471682933743603,0.5124856928064255,-0.8586957637421522,1,0,0,0,99,1
1701872040,12,6,2,1334,16.6,0.0,87,0,0,1,0,0,0,0,0.9234121749250919,-0.38380979039116697,0.8318082081799767,0.5550631538882909,0.4716655839213357,0.8817775098879226,-0.24312804251266182,-0.9699942035620426,0.9924702019612586,-0.12248631849712321,-0.7491616375980297,-0.662387228704961,0.9116982035479069,-0.4108605428214292,-0.8398989650015737,-0.5427427830835574,-0.8782775139679819,0.47815124015129495,0.5108075762205887,-0.8596950738928585,1,0,0,0,99,0
1701872100,12,6,2,1335,16.6,0.0,88,0,0,1,0,0,0,0,0.1759569250793735,-0.9843978669809336,0.9960918298482659,0.08832364637815417,0.675157890282653,0.7376732496092542,-0.36216484533341015,-0.9321140621214912,0.9828820026131039,-0.18423617706426285,-0.7694920977710762,-0.6386563328331354,0.9051674797608273,-0.4250550947623523,-0.8441134683093121,-0.5361645760574115,-0.8764030397190016,0.48157835496551776,0.509127511059107,-0.8606911045681598,1,0,0,0,99,1
1701872160,12,6,2,1336,16.6,0.0,88,0,0,1,0,0,0,0,-0.7332723102173858,-0.6799350844517864,0.9164974316526442,-0.40004057016021116,0.8366721491002945,0.5477040395322044,-0.47555018687189876,-0.8796885924951523,0.9694556700786149,-0.24526659730265726,-0.78907116196914,-0.6143017998904703,0.8984157723154882,-0.43914587559803503,-0.8482764512816665,-0.5295536443090374,-0.8745151926379088,0.48499812148654897,0.5074455037309183,-0.8616838519685015,1,0,0,0,99,1
1701872220,12,6,2,1337,16.6,0.0,88,0,0,1,0,0,0,0,-0.9683343651587963,0.2496568790410366,0.6125124982230825,-0.7904609032207212,0.9461661860425792,0.32368124503844736,-0.5815147267961288,-0.8135358766023928,0.9522436338990125,-0.3053392567273386,-0.8078797115682936,-0.5893474116650812,0.8914447295444292,-0.4531294452664265,-0.8523876598316128,-0.5229103913356348,-0.8726140015309274,0.4884104875329589,0.5057615606523697,-0.8626733123068543,1,0,0,0,99,1
1701872280,12,6,2,1338,16.6,0.0,88,0,0,1,0,0,0,0,-0.31311427047593193,0.949715459295217,0.15856314310832614,-0.9873488388850257,0.9968321922181852,0.07953351845283306,-0.6784049239013403,-0.7346882054493705,0.9313131067072369,-0.36421957288882034,-0.82589938033904,-0.5638175356935875,0.8842560533277641,-0.4670023898795447,-0.8564468430321711,-0.5162352226071247,-0.8706994954078947,0.49181540103624005,0.5040756882471917,-0.8636594818087276,1,0,0,0,99,2
1701872340,12,6,2,1339,16.6,0.0,88,0,0,1,0,0,0,0,0.6299816404820636,0.7766100261106137,-0.33420799952229324,-0.9424993437956903,0.9855200007599263,-0.1695592170958419,-0.7647088390674721,-0.6443759705731422,0.9067458217640548,-0.42167761941254234,-0.8431125723806229,-0.5377371014666263,0.8768514986776913,-0.48076132255692827,-0.8604537531317207,-0.5095285455414014,-0.8687717034818184,0.49521281004160156,0.5023878929464755,-0.8646423567121847,1,0,0,0,99,2
1701872460,12,6,2,1341,16.6,0.0,88,0,0,1,0,0,0,0,0.4440046316200165,-0.8960244902344876,-0.9736592037860289,-0.22800823424331892,0.7835841480796172,-0.621285669300637,-0.9003570595326714,-0.435151887677948,0.84709854434946,-0.5314358438805441,-0.8750530966405822,-0.484026939394625,0.8614020372029035,-0.507923744574604,-0.8683097789886407,-0.49602230566043903,-0.8648763800857435,0.5019849073127403,0.4990065594194428,-0.8665982077389557,1,0,0,0,99,4
1701872520,12,6,2,1342,16.6,0.0,88,0,0,1,0,0,0,0,-0.5140818839291789,-0.8577411128165807,-0.9637793089749802,0.2667010378527043,0.6055158801168206,-0.7958332230601788,-0.9475846197201016,-0.31950491149575566,0.8122514732198877,-0.5833074183071241,-0.8897492394790579,-0.45644965861137193,0.8533609021426315,-0.5213206025991243,-0.8721584152546842,-0.48922356719646887,-0.8629089080535873,0.5053594922446452,0.49731303409188604,-0.8675711764012926,1,0,0,0,99,1
1701872580,12,6,2,1343,16.6,0.0,88,0,0,1,0,0,0,0,-0.9995238862039619,-0.030854511950917846,-0.7179326263483635,0.696112594358514,0.38979956749686495,-0.920899721565414,-0.9800254388446796,-0.19887216803085594,0.7742325774697342,-0.6329011897481092,-0.9035765572844697,-0.42842666248256006,0.8451114312570148,-0.534590187675307,-0.8759538194663309,-0.48239496904750834,-0.8609282690931656,0.5087263660124623,0.4956176116662611,-0.8685408355432871,1,0,0,0,99,0
1701872640,12,6,2,1344,16.6,0.0,88,0,0,1,0,0,0,0,-0.5660082370433905,0.8243995849095468,-0.2963109980159809,0.9550915099898928,0.14984740573347818,-0.9887091356890289,-0.9971732887740798,-0.07513609089835323,0.7331903200732922,-0.6800234955873388,-0.9165215479156338,-0.39998531498835127,0.836655638536056,-0.5477292602242684,-0.8796957599716702,-0.47553692799599256,-0.858934493426592,0.5120854772418407,0.4939202986100892,-0.8695071814659844,1,0,0,0,99,0
1701872700,12,6,2,1345,16.6,0.0,86,0,0,1,0,0,0,0,0.38789277497415287,0.9217045053176486,0.19785789683804822,0.9802307139948351,-0.09942154194430115,-0.9950454044903768,-0.9987605830454005,0.04977245980270217,0.6892849701673822,-0.7244903242289376,-0.9285715708088789,-0.37115338862191627,0.827995588340275,-0.5607346125298864,-0.8833840083819399,-0.4686498626213997,-0.8569276114764303,0.5154367746768755,0.49222110139810366,-0.8704702104830686,1,0,0,0,99,0
1701872760,12,6,2,1346,16.6,0.0,86,0,0,1,0,0,0,0,0.985166958539643,0.17159855419481035,0.6435842780107317,0.7653752524725406,-0.3425089396843968,-0.9395145694646093,-0.9847625524624222,0.1739043279153665,0.6426879772038036,-0.766128033658659,-0.9397148593213419,-0.3419590372700662,0.8191333948967244,-0.5736030695219185,-0.8870183395854673,-0.46173419327470294,-0.8549076538652297,0.5187802071808914,0.4905200265122254,-0.8714299189208766,1,0,0,0,99,0
1701872820,12,6,2,1347,16.6,0.0,86,0,0,1,0,0,0,0,0.6766831837539894,-0.7362743162874585,0.9317387821399994,0.3631292357498508,-0.5643007904700069,-0.8255692689744001,-0.9553976316106295,0.2953224771547197,0.5935813014428943,-0.8047740295122351,-0.9499405322208951,-0.31243076872146003,0.8100712217828319,-0.5863314895511497,-0.8905985317614076,-0.4547903420527146,-0.8528746514150584,0.5221157237372216,0.48881708044153815,-0.8723863031184126,1,0,0,0,99,2
1701872880,12,6,2,1348,16.6,0.0,86,0,0,1,0,0,0,0,-0.2539399894906939,-0.9672199758780141,0.9917711368753414,-0.12802348245924622,-0.7510071512506543,-0.660294069919136,-0.9111240502585628,0.41213221791123295,0.542156703402608,-0.8402774000028898,-0.9592386043114846,-0.28259741682923273,0.8008112813981934,-0.598916765156381,-0.8941243663932834,-0.4478187327723233,-0.8508286351470322,0.5254432734499875,0.48711226968226357,-0.8733393594273613,1,0,0,0,99,1
1701872940,12,6,2,1349,16.6,0.0,86,0,0,1,0,0,0,0,-0.9510919075018955,-0.30890805020977646,0.8089833280759797,-0.5878315871872758,-0.891019524810561,-0.4539649836786557,-0.8526326828355384,0.52251077324843,0.4886149950377956,-0.8724995052286362,-0.9675999961835046,-0.25248811335522686,0.7913558344244475,-0.6113558238230716,-0.8975956282823216,-0.4408197909446265,-0.8487696362808422,0.5287628055448745,0.4854056007377364,-0.8742890842121027,1,0,0,0,99,1
1701873000,12,6,2,1350,16.6,0.0,86,0,0,1,0,0,0,0,-0.7738143119409093,0.6334125122188675,0.428128186283695,-0.9037180180285407,-0.9756326199006828,-0.21941055349670321,-0.7808362675672484,0.6247357227273372,0.43316525557381835,-0.9013145185581272,-0.9750165430796872,-0.22213225952332183,0.7817071892733627,-0.6236456287334492,-0.9010121055605882,-0.43379394374895947,-0.8466976862342779,0.5320742693699069,0.48369708011838003,-0.8752354738497254,1,0,0,0,99,1
1701873060,12,6,2,1351,16.6,0.0,86,0,0,1,0,0,0,0,0.11490459339101299,0.9933765320449471,-0.05754766700333219,-0.9983427597886778,-0.9995856040851824,0.028785762203928318,-0.6968551635010218,0.717211880201356,0.37602401505664773,-0.9266099179809582,-0.9814810028678492,-0.19155949730963728,0.7718677015232719,-0.6357831795079053,-0.9043735897039191,-0.4267416200068226,-0.8446128166227477,0.535377614396221,0.4819867143416813,-0.8761785247300407,1,0,0,0,99,1
1701873120,12,6,2,1352,16.6,0.0,86,0,0,1,0,0,0,0,0.89798074546892,0.44003474949949434,-0.5291338443628917,-0.848538375531565,-0.9613891968218607,0.2751923186322931,-0.6019998676776046,0.7984961861625556,0.31741440880766936,-0.9482869255037094,-0.9869870631127111,-0.16079968049764676,0.7618397733439909,-0.6477655129374955,-0.907679875544648,-0.4196632501557079,-0.8425150592587969,0.538672790218836,0.4802745099321658,-0.8771182332555959,1,0,0,0,99,1
1701873240,12,6,2,1354,16.6,0.0,86,0,0,1,0,0,0,0,0.026430618926637908,-0.9996506501689252,-0.9999126587279824,-0.01321646380607935,-0.7117641687406298,0.7024185134924622,-0.38573403175474275,0.9226100241956138,0.19671041635407388,-0.9804616321395789,-0.9951034197859987,-0.09883918216077345,0.7412284338045774,-0.6712528651109158,-0.9141260485050504,-0.4054301017987467,-0.8382810095065815,0.5452384332570721,0.47684461134783096,-0.8789876089163806,1,0,0,0,99,1
1701873300,12,6,2,1355,16.5,0.0,88,0,0,1,0,0,0,0,-0.8268964927099149,-0.5623541502861356,-0.8838422229917893,0.4677851268017531,-0.515856023129636,0.856675296364309,-0.2676982476928931,0.9635028013359144,0.13508737665689868,-0.9908336897118291,-0.9977057907298696,-0.06769900401103005,0.7306500544073853,-0.6827521497545687,-0.9172655421835513,-0.3982761920109155,-0.8361447817247069,0.5485088002890585,0.47512693025703223,-0.87991726892051,1,0,0,0,99,1
1701873360,12,6,2,1356,16.5,0.0,88,0,0,1,0,0,0,0,-0.9199787823775267,0.39196816194069034,-0.5513763859920506,0.83425660379187,-0.2878744485084861,0.9576681585475916,-0.1454851220097925,0.989360439513222,0.07293682364477497,-0.997336562929792,-0.9993339189004324,-0.03649271893274041,0.7198932972784023,-0.6940847502528994,-0.9203490507011184,-0.3910979734971153,-0.8339957954022056,0.5517707977516048,0.473407436701408,-0.8808435723077068,1,0,0,0,99,0
1701873480,12,6,2,1358,16.5,0.0,88,0,0,1,0,0,0,0,0.7392619010271615,0.6734180289312927,0.40409279322248953,0.9147179972350201,0.20649697669091896,0.9784472385455999,0.10380934797598938,0.9945972145913138,-0.051974923803148484,-0.9986483902233343,-0.999662040447504,0.025996247581773553,0.6978551971642206,-0.7162388734150686,-0.9263473628761159,-0.3766703642343869,-0.8296596784930514,0.5582694850005744,0.4699630384399531,-0.8826860951098568,1,0,0,0,99,0
1701873540,12,6,2,1359,16.5,0.0,88,0,0,1,0,0,0,0,0.9660866417576471,-0.2582181260435283,0.7931639572129864,0.6090081583839709,0.44214920649936096,0.8969415138078879,0.22700053545323648,0.9738946333684891,-0.11424834053830024,-0.9934522216414057,-0.9983617134188905,0.05721790960265128,0.6865792344650938,-0.7270549874674718,-0.9292618004274876,-0.36942185407236544,-0.8274726140702076,0.5615060756250259,0.46823814687345483,-0.8836023074961455,1,0,0,0,99,0
1701873660,12,6,2,1361,16.5,0.0,88,0,0,1,0,0,0,0,-0.6368309773690272,-0.7710034411487472,0.9410110098050786,-0.3383759439227712,0.8180391017313204,0.5751626100839783,0.4608890267277047,0.8874577764840359,-0.23721532783102786,-0.9714570954200797,-0.9928386312538608,0.11946318382648319,0.6635272474335613,-0.7481521181639744,-0.9349203490576014,-0.3548576347185062,-0.8230606401470387,0.5679535039426616,0.46478301176857706,-0.8854246167638049,1,0,0,0,99,0
1701873720,12,6,2,1362,16.5,0.0,88,0,0,1,0,0,0,0,-0.9928582704344598,0.11929985259795185,0.6635887835859072,-0.7480975379581034,0.9349057540624358,0.3548960848205405,0.5679365788446187,0.8230723190645342,-0.29742871493474354,-0.9547440282778767,-0.9886212693134506,0.15042601457547708,0.6517568509131771,-0.7584279842461896,-0.9376641147677002,-0.34754281445155094,-0.8208357979680074,0.5711642432560222,0.46305278141048767,-0.8863307066936196,1,0,0,0,99,0
1701873780,12,6,2,1363,16.5,0.0,88,0,0,1,0,0,0,0,-0.43605624846295626,0.8999194120455523,0.2236968796769947,-0.9746587638875343,0.9936444947483819,0.11256383991421444,0.6661216705999684,0.7458430933896936,-0.3564806492716725,-0.9343027061369601,-0.9834385354807285,0.1812419568740085,0.6398273373051481,-0.7685186910134354,-0.9403506502931328,-0.3402067819625033,-0.8185984308446063,0.574366267305757,0.4613207846467808,-0.8872334155411858,1,0,0,0,99,0
1701873900,12,6,2,1365,16.3,0.0,88,0,0,1,0,0,0,0,0.999757834077975,0.0220062082085053,-0.6992831299951024,-0.7148448112032798,0.9259710608877795,-0.37759448406771,0.8299380953022069,0.5578554991806973,-0.47018320940847236,-0.8825688356102025,-0.9701981332723235,0.2423129839585546,0.6155026466399008,-0.7881348184030936,-0.9455513784039167,-0.3254728725999345,-0.8140862585131672,0.5807439743122892,0.45785151833739224,-0.8890286762282443,1,0,0,0,99,2
1701873960,12,6,2,1366,16.3,0.0,88,0,0,1,0,0,0,0,0.5586890487551656,-0.8293772041725335,-0.9563935393373727,-0.29208114953507913,0.803766492687733,-0.594944892601374,0.8930131277314388,0.45003061418009443,-0.5243898291442662,-0.8514783068816535,-0.962153393924704,0.2725084339230132,0.6031134081070436,-0.7976554500293386,-0.9480652535636296,-0.3180758950082994,-0.8118115221553275,0.5839195599531243,0.45611426202590716,-0.8899212212193629,1,0,0,0,99,1
1701874020,12,6,2,1367,16.3,0.0,88,0,0,1,0,0,0,0,-0.39603587146658814,-0.9182350399062867,-0.9793454548590826,0.20219416422552014,0.6315876169521059,-0.7753045092818435,0.942152988978394,0.3351831519618465,-0.5765487178192982,-0.8170627735865361,-0.9531691281159226,0.3024377840262885,0.5905769280854576,-0.8069813455174439,-0.9505212637067737,-0.3106595037034567,-0.8095243985524638,0.5870862356998942,0.454375265777147,-0.8908103714315113,1,0,0,0,99,1
1701874080,12,6,2,1368,16.3,0.0,88,0,0,1,0,0,0,0,-0.986647237874957,-0.16287181460804662,-0.7625194471644794,0.6469652948157085,0.42013968223930687,-0.907459446701534,0.9765908679435658,0.21510526876214117,-0.6264561960895026,-0.7794566276458689,-0.943254108829076,0.33207180876591375,0.5778962671769416,-0.8161102280837784,-0.9529192589311485,-0.3032241513437061,-0.8072249226032686,0.5902439532330229,0.45263453622485383,-0.8916961234728519,1,0,0,0,99,0
1701874140,12,6,2,1369,16.3,0.0,88,0,0,1,0,0,0,0,-0.6701396839379524,0.7422350059189753,-0.3590020850085865,0.9333367575315394,0.18256949699834932,-0.9831929509337268,0.9957893730437494,0.09167073978722218,-0.6739173763202645,-0.7388067202547708,-0.9324180179122373,0.36138157101962826,0.5650745211829904,-0.8250398690425901,-0.9552590928754853,-0.29577029174463243,-0.8049131293949157,0.5933926643696261,0.45089208000938197,-0.8925784739645097,1,0,0,0,99,0
1701874260,12,6,2,1371,16.3,0.0,88,0,0,1,0,0,0,0,0.9537888904975496,0.30047754053082465,0.5914061461758642,0.8063738402660471,-0.3111480031544096,-0.9503614681441075,0.9875123969206937,-0.1575413149873589,-0.7607697795612544,-0.6490218351537339,-0.9080258353025353,0.41891417071177367,0.5390203286000568,-0.8422927551367677,-0.9597637092370099,-0.28080887171102015,-0.8002527324886245,0.5996628754095837,0.44740201418322667,-0.8943329568481706,1,0,0,0,99,0
1701874320,12,6,2,1372,16.3,0.0,88,0,0,1,0,0,0,0,0.7681774687903683,-0.640236968975412,0.9056039335646163,0.42412441041785603,-0.5365983551885637,-0.8438377837054513,0.9601660751415484,-0.2794299700233931,-0.799821845795485,-0.6002374654987004,-0.8944935621620483,0.44708082854294906,0.5257942427685239,-0.8506117882274349,-0.9619282167156328,-0.2733022244444464,-0.7979041999026094,0.6027842796372321,0.4456544178860835,-0.8952050825473546,1,0,0,0,99,0
1701874380,12,6,2,1373,16.3,0.0,88,0,0,1,0,0,0,0,-0.12369277509077573,-0.9923205618097122,0.9980782939754056,-0.06196546695655508,-0.7286856204689904,-0.6848483529378766,0.9178366828956763,-0.396958213834985,-0.8357506248382304,-0.5491091813860951,-0.8800878312379098,0.47481091953213594,0.5124397918135671,-0.858723156649492,-0.9640340130538684,-0.26577889621874423,-0.7955434922801972,0.6058964861184029,0.4439051215527915,-0.8960737933112437,1,0,0,0,99,0
1701874500,12,6,2,1375,16.2,0.0,87,0,0,1,0,0,0,0,-0.8508401763820226,0.5254245847447649,0.48712186116783707,-0.8733340096276925,-0.9678155840932953,-0.2516604760111404,0.7910943293979361,-0.6116941735822157,-0.8976898611386384,-0.4406278624972463,-0.8487131030263543,0.528853541872773,0.4853588662666146,-0.8743150295725143,-0.9680689617926282,-0.25068403462076094,-0.7907856961973835,0.612093116028615,0.4404014554763557,-0.8978009567907062,1,0,0,0,99,3
1701874560,12,6,2,1376,16.2,0.0,87,0,0,1,0,0,0,0,-0.017581366457004095,0.9998454358317113,0.008791022929352243,-0.9999613582113339,-0.9999903395061709,-0.004395553927897717,0.7086591401823227,-0.7055510066862999,-0.9234584470040598,-0.38369844494974187,-0.8317747426285983,0.5551133015206257,0.47163900309419615,-0.8817917275413242,-0.9699978679206785,-0.24311342256103,-0.7883886803350966,0.6151774449047079,0.4386470990986331,-0.898659402917676,1,0,0,0,99,0
1701874620,12,6,2,1377,16.2,0.0,87,0,0,1,0,0,0,0,0.8318416707079584,0.5550130042384525,-0.47169216431988115,-0.8817632914332657,-0.9699905389830525,0.24314266240906215,0.6151655621013492,-0.7883979523086873,-0.9456209473961242,-0.3252706931859315,-0.8140241683101097,0.5808310024499675,0.4578039960234251,-0.8890531487065235,-0.9718675703784244,-0.23552797211103876,-0.7859796346315338,0.6182523869298692,0.4368910694155529,-0.8995144209321686,1,0,0,0,99,0
1701874680,12,6,2,1378,16.2,0.0,87,0,0,1,0,0,0,0,0.9164733120584355,-0.4000958238780323,-0.8366886589042642,-0.5476788183424514,-0.8796814248187952,0.47556344563977404,0.5120725311712326,-0.8589422115718187,-0.9640908182250827,-0.2655727663260874,-0.7954787132054784,0.6059815317622776,0.4438572226728559,-0.8960975202962782,-0.9736779550488648,-0.22792814624758584,-0.7835585958457688,0.6213178951842664,0.4351333731258346,-0.90036600757255,1,0,0,0,99,2
1701874740,12,6,2,1379,16.2,0.0,87,0,0,1,0,0,0,0,0.15850361683560935,-0.9873583966574804,-0.9968345892517676,-0.07950346955485539,-0.7346779803270462,0.6784159971747219,0.40098877965928054,-0.9160829649040315,-0.9787959350406068,-0.20483778349704984,-0.7761564866368926,0.6305403303924937,0.42980208794717734,-0.9029231225282952,-0.9754289114354503,-0.22031440882487097,-0.7811256009198748,0.6243739228920155,0.43337401693455535,-0.9012141595902762,1,0,0,0,99,0
1701874860,12,6,2,1381,16.2,0.0,87,0,0,1,0,0,0,0,-0.9637632281627969,0.26675914237608567,-0.6054918899638188,0.7958514755832541,-0.31949062929665556,0.9475894352469465,0.1618804570555901,-0.9868103757173783,-0.9966971394855556,-0.08120844870646692,-0.7352579304932613,0.6777874118385252,0.4013804854259078,-0.9159114072437697,-0.9787521155133637,-0.2050470589355408,-0.7762238913276056,0.6304573502880505,0.4298503516992568,-0.9029001468291082,1,0,0,0,99,3
1701874980,12,6,2,1383,16.2,0.0,87,0,0,1,0,0,0,0,0.6436304203252101,0.7653364502178067,0.3425372605879492,0.9395042443272427,0.17391917041079355,0.9847599312338116,-0.08729280831256489,-0.996182696907001,-0.9990452184228202,0.043688116765311646,-0.6914882078657193,0.7223877479461123,0.37256694167215626,-0.928005320013337,-0.9818363712995504,-0.18972964974755915,-0.7712748050298153,0.636502297816921,0.4263201274764534,-0.904572356922574,1,0,0,0,99,1
1701875100,12,6,2,1385,16.2,0.0,86,0,0,1,0,0,0,0,0.4280737015151094,-0.9037438276808053,0.9756392334466684,0.21938114358257266,0.6247474915585606,0.7808268513513648,-0.3310386296556908,-0.943617202935429,-0.9858035308659198,0.16790294378683643,-0.6450182385844464,0.7641671753572108,0.3433895926224244,-0.9391930513364147,-0.9846809258171946,-0.1743659207866968,-0.766278644093223,0.6425083965261867,0.42278339813302346,-0.9062307643548045,1,0,0,0,99,2
1701875160,12,6,2,1386,16.2,0.0,86,0,0,1,0,0,0,0,-0.5291850006825017,-0.8485064731943184,0.9613809008905675,-0.2752212989629269,0.798505259520226,0.601987832533629,-0.44610097930085907,-0.8949826346174625,-0.9733916566874463,0.22914773115016593,-0.6208269762380796,0.783947616601443,0.3286733814887943,-0.9444436501457996,-0.986013095791785,-0.16666785811037535,-0.7637630058173724,0.6454967629235737,0.42101261090163694,-0.9070547841568264,1,0,0,0,99,2
1701875220,12,6,2,1387,16.2,0.0,86,0,0,1,0,0,0,0,-0.999913453714287,-0.01315618034106097,0.7117429944653691,-0.7024399688439358,0.9226158379422976,0.3857201259696363,-0.5542020723663724,-0.8323821616209818,-0.9571787089203828,0.2894977015271609,-0.5960294868850194,0.8029625463018686,0.3138769294629118,-0.9494636765832247,-0.9872850846091074,-0.15895962288703272,-0.7612357134577412,0.648475279834539,0.4192402176351054,-0.9078753438205431,1,0,0,0,99,5
1701875280,12,6,2,1388,16.2,0.0,86,0,0,1,0,0,0,0,-0.5513260887383075,0.8342898440449338,0.2878455800903205,-0.9576768359015827,0.9893626321783087,0.14547021017792156,-0.6536550274502899,-0.7567926433898262,-0.9372279987787994,0.34871718957500053,-0.570649984852799,0.8211933967023238,0.29900384888632797,-0.9542519050812327,-0.9884968146335203,-0.1512416855876172,-0.7586968055777015,0.6514439018105791,0.4174662250945703,-0.9086924402157693,1,0,0,0,99,5
1701875340,12,6,2,1389,16.2,0.0,86,0,0,1,0,0,0,0,0.40414793965314666,0.9146936333407577,-0.20652647125640125,-0.9784410133832181,0.9945956498455084,-0.10382433870914339,-0.742907914451429,-0.6693936290744246,-0.9136174333588498,0.4065749444601668,-0.5447132527944557,0.8386223656867753,0.28405777080835576,-0.9588071666625086,-0.9896482119072687,-0.1435145172752418,-0.7561463209178637,0.6544025835541751,0.4156906400472742,-0.9095060702255304,1,0,0,0,99,5
1701875460,12,6,2,1391,16.2,0.0,86,0,0,1,0,0,0,0,0.6635436805468822,-0.7481375435080753,-0.9349164517506565,-0.3548679025298884,0.823063758930585,-0.567948984271524,-0.8854233406319048,-0.4647854428273739,-0.8557994633170126,0.5173077213673821,-0.49126992510870127,0.87100738268036,0.2539612345611432,-0.9672143978147658,-0.9917697307880408,-0.12803437465234527,-0.7510107771038793,0.6602899459130265,0.4121347195317167,-0.9111229186868879,1,0,0,0,99,1
1701875520,12,6,2,1392,16.2,0.0,86,0,0,1,0,0,0,0,-0.2710218548637878,-0.96257319419678,-0.9905991101845337,0.1367969403956463,0.6569638725243397,-0.7539220584369601,-0.9364619742512132,-0.3507691132091307,-0.8218178366308225,0.5697503342653119,-0.4638155159838274,0.8859318072699817,0.23881812402958275,-0.9710643148808378,-0.9927397229084867,-0.1202823451699422,-0.7484257963118128,0.6632185366943757,0.41035439762821135,-0.9119261309706986,1,0,0,0,99,1
1701875580,12,6,2,1393,16.2,0.0,86,0,0,1,0,0,0,0,-0.956411146794012,-0.2920234892746865,-0.8037485580934769,0.5949691213522402,0.4500171544773376,-0.8930199105709347,-0.9728874319701469,-0.23127914889702592,-0.7846270288796537,0.6199680843007058,-0.4359081988786711,0.8999911344843087,0.22361670947817314,-0.9746771605214489,-0.9936491233130156,-0.11252297427314804,-0.7458293954629128,0.6661370075768392,0.40857251034740505,-0.912725864533497,1,0,0,0,99,0
1701875640,12,6,2,1394,16.2,0.0,86,0,0,1,0,0,0,0,-0.7624804410778052,0.6470112649512338,-0.42011232727019937,0.9074721111282797,0.21509054938760125,-0.9765941099372553,-0.9941313067038114,-0.10818015081969684,-0.7443722693718838,0.6677648722343453,-0.40757522481479086,0.9131716356289067,0.20836070211425825,-0.9780520527121516,-0.9944978764965141,-0.10475673555396908,-0.7432216141750619,0.6690453140281423,0.40678906448665614,-0.9135221163245426,1,0,0,0,99,0
1701875700,12,6,2,1395,16.3,0.0,86,0,0,1,0,0,0,0,0.1324712658066232,0.9911868460263136,0.06638205319846043,0.9977942789038012,-0.03320934428891003,-0.9994484176043807,-0.9998620948921858,0.016606962329385515,-0.701210752081931,0.7129540526322105,-0.3788442604605417,0.9254604401680848,0.19305382647323416,-0.9811881675214201,-0.9952859306554624,-0.09698410302358805,-0.7406024922397939,0.6719434116711064,0.40500406684926854,-0.9143148833063767,1,0,0,0,99,0
1701875760,12,6,2,1396,16.3,0.0,86,0,0,1,0,0,0,0,0.9056295018309847,0.4240698119571381,0.5366237918890951,0.8438216079116303,-0.27944444178438205,-0.9601618634146094,-0.9899903695023021,0.14113492938566014,-0.6553110218111473,0.755359162711905,-0.3497433611150432,0.9368455482927549,0.17769981950925717,-0.9840847393118021,-0.9960132376910966,-0.08920555108343296,-0.7379720696216873,0.6748312562843274,0.4032175242444657,-0.9151041624548343,1,0,0,0,99,1
1701875820,12,6,2,1397,16.3,0.0,86,0,0,1,0,0,0,0,0.8461561503963683,-0.5329350515272933,0.8754813109162563,0.4832519779952829,-0.5083050373568597,-0.8611770950261284,-0.9646701755071856,0.26346053307267064,-0.6068523160239768,0.7948146114260453,-0.32030094331265613,0.9473158426380415,0.16230242968292016,-0.9867410609268374,-0.9966797532123439,-0.08142155449622213,-0.7353303864577548,0.6777088038028494,0.4014294434873647,-0.9158899507590552,1,0,0,0,99,1
1701875880,12,6,2,1398,16.3,0.0,86,0,0,1,0,0,0,0,0.00873073653634763,-0.999961886393443,0.999990471552965,0.0043654098637504885,-0.7055616876419274,-0.7086485059123989,-0.9242966260655718,0.3816749232577385,-0.5560238649294927,0.8311663260917572,-0.29054575707471864,0.9568610991392004,0.1468654160461197,-0.989156483863701,-0.9972854365385321,-0.07363258835698702,-0.7326774830568314,0.6805760103188376,0.39963983139895004,-0.9166722452214962,1,0,0,0,99,0
1701875940,12,6,2,1399,16.3,0.0,86,0,0,1,0,0,0,0,-0.8367216762313365,-0.5476283744699707,0.8796670888665696,-0.4755899628514196,-0.8589499295219191,-0.5120595849842967,-0.869499736913214,0.49393340391985197,-0.5030241525414799,0.864272354041205,-0.2605068578356384,0.9654719970152436,0.13139254732433728,-0.9913304184315247,-0.9978302507018728,-0.06583912806407498,-0.7300133998989591,0.6834328320822483,0.39784869480604795,-0.9174510428579413,1,0,0,0,99,0
1701876060,12,6,2,1401,16.3,0.0,86,0,0,1,0,0,0,0,-0.14975799312818222,0.9887226828055576,0.07509100210558642,-0.9971766851480127,-0.999293922013942,-0.03757202983595189,-0.7202680160315159,0.6936958880388611,-0.39134646539935614,0.9202434156349235,-0.19969549865367087,0.9798580039053933,0.10035436237305956,-0.994951758605761,-0.9987371422465876,-0.050240627953076634,-0.7246518570848614,0.6891151471441197,0.3942618754431376,-0.9189981357826902,1,0,0,0,99,1
1701876120,12,6,2,1402,16.3,0.0,86,0,0,1,0,0,0,0,0.7510668605929561,0.6602261513444018,-0.41217341535790386,-0.9111054141383427,-0.9775237629179003,0.21082526634829296,-0.6281618953946932,0.7780826647433718,-0.3331045896236106,0.9428898834814625,-0.16898241997103944,0.985619065227906,0.08479662367127003,-0.9963982801139075,-0.999099164275976,-0.042436540187039476,-0.7219544792391829,0.6919405537374438,0.3924662063557551,-0.9197664251693045,1,0,0,0,99,2
1701876180,12,6,2,1403,16.3,0.0,86,0,0,1,0,0,0,0,0.9613643064072199,-0.2752792588739023,-0.7985234056913743,-0.6019637618354188,-0.894975910803028,0.4461144685865844,-0.526253518474421,0.8503277217010464,-0.2735619475538892,0.9618543865110369,-0.13810433282298404,0.990417686259448,0.06921818308996544,-0.9976015452723217,-0.9994002064419243,-0.0346298623133153,-0.7192460852564008,0.6947554021692399,0.3906690401290842,-0.9205312059265671,1,0,0,0,99,2
1701876300,12,6,2,1405,16.1,0.0,87,0,0,1,0,0,0,0,-0.6503794366332223,-0.759609497310725,-0.9379790768750454,0.3466918680105397,-0.57153658325144,0.8205765863131057,-0.2995191260060818,0.954090296123251,-0.15150858701200562,0.988455941386173,-0.07597387252808355,0.9971098087437945,0.03801441342573542,-0.9992771909594941,-0.9998192814102692,-0.019010642289332115,-0.7137964143540272,0.7003532529055134,0.38707024368613424,-0.9220502298968081,1,0,0,0,99,2
1701876360,12,6,2,1406,16.1,0.0,87,0,0,1,0,0,0,0,-0.9905908610736387,0.1368566620862393,-0.6569411457329191,0.7539418618455402,-0.3507549986489571,0.9364672609988937,-0.17823122481920262,0.9839886333182142,-0.08947448430079347,0.9959891147292259,-0.04478216872134558,0.9989967754525602,0.022396702295648618,-0.9997491624033901,-0.9999372886344898,-0.011199053455758941,-0.7110552205897088,0.7031361697936755,0.3852686271981697,-0.9228044673151717,1,0,0,0,99,2
1701876420,12,6,2,1407,16.1,0.0,87,0,0,1,0,0,0,0,-0.42005761618676374,0.9074974375079489,-0.21506111049193805,0.9766005932590736,-0.10816516708470997,0.9941329371012394,-0.05416208497999601,0.9985321569937644,-0.027090985643158427,0.9996329718936257,-0.013546735886816838,0.9999082387633441,0.006773523331910133,-0.9999770594277011,-0.9999942648404793,-0.0033867810896848777,-0.708303176997564,0.7059083576889833,0.3834655410274936,-0.9235551845149761,1,0,0,0,99,3
1701876480,12,6,2,1408,16.1,0.0,87,0,0,1,0,0,0,0,0.5366746638272738,0.8437892540237063,0.279473385115912,0.960153439306371,0.14114985067939137,0.9899882421792622,0.07075223608034517,0.9974939203271522,0.03539830273366068,0.9993732836951247,0.017701925105413577,0.9998433086476912,-0.008851309290403876,-0.9999608263946371,-0.9999902065507035,0.004425697988050785,-0.7055403255703919,0.70866977429126,0.3816609920523317,-0.9243023786324636,1,0,0,0,99,3
1701876540,12,6,2,1409,16.1,0.0,87,0,0,1,0,0,0,0,0.9999907329205332,0.004305121723583112,0.7055830490723317,0.7086272368896016,0.38168885437643996,0.9242908732887071,0.19456249216035051,0.9808901246543129,0.09774936149583555,0.9952110642105806,0.04893330046818505,0.9988020485087574,-0.024473980992500227,-0.9997004672672604,-0.9999251140128596,0.012237906943992148,-0.7027667084659062,0.7114203774646858,0.37985498715648985,-0.9250460468173154,1,0,0,0,99,2
1701876660,12,6,2,1411,16.1,0.0,87,0,0,1,0,0,0,0,-0.4122283439759128,-0.9110805630803879,0.9775174072824452,-0.2108547330742331,0.7780921324220651,0.6281501679239475,0.4311901158862831,0.9022610952279688,0.22106436254180728,0.9752592207274866,0.11122225333204101,0.993795557629306,-0.055697586889801545,-0.9984476845657227,-0.999611845809593,0.027859607268205022,-0.6971873466765569,0.7168889758073439,0.37623863716573297,-0.9265227940551014,1,0,0,0,99,1
1701876720,12,6,2,1412,16.1,0.0,87,0,0,1,0,0,0,0,-0.9893757834489771,-0.14538073849283703,0.7567630866040035,-0.6536892463193665,0.9093099708898409,0.4161194261751267,0.5403149886061247,0.8414628411805024,0.2815467623854851,0.9595475082507646,0.14221900672771448,0.9898352156421706,-0.07129089828943605,-0.9974555668404911,-0.9993636892644466,0.03566814516840596,-0.6943816871258898,0.7196068875324937,0.3744283058660939,-0.9272558674746938,1,0,0,0,99,1
1701876780,12,6,2,1413,16.1,0.0,87,0,0,1,0,0,0,0,-0.6568956903592464,0.7539814666074021,0.3507267692895696,-0.9364778338560401,0.9839913195389581,0.17821639394842426,0.6410084266417938,0.7675338409309469,0.3409297281472042,0.9400887832888304,0.17307688567681365,0.9849083163647341,-0.08686680503870821,-0.9962199346441363,-0.9990545367106183,0.04347450606886622,-0.6915654321650027,0.7223138189419008,0.3726165462362743,-0.9279854036949883,1,0,0,0,99,1
1701876840,12,6,2,1414,16.1,0.0,87,0,0,1,0,0,0,0,0.2795312710170884,0.9601365884724793,-0.1411796931706552,-0.9899839868584944,0.9974928538236488,-0.07076727047691461,0.7316991425705358,0.6816277318020025,0.3989813706164722,0.9169590317462396,0.20376575798421134,0.9790196708305302,-0.10242150450337505,-0.9947410896385376,-0.9986844070171862,0.05127821350955192,-0.6887386247664814,0.7250097287311226,0.3708033651875866,-0.9287113999330262,1,0,0,0,99,4
1701876900,12,6,2,1415,16.2,0.0,87,0,0,1,0,0,0,0,0.958958470944816,0.2835465587926973,-0.5985204429287703,-0.8011075329794051,0.9489751137357094,-0.31535096877970337,0.8109719381025781,0.5850850498945844,0.45547499937176333,0.8902485748077849,0.23425565648689797,0.9721750292019912,-0.11795119922664796,-0.9930193928624937,-0.9982533227749592,0.05907879119238266,-0.6859013080639289,0.7276945757638924,0.36898876963676525,-0.9294338534193524,1,0,0,0,99,0
1701876960,12,6,2,1416,16.2,0.0,87,0,0,1,0,0,0,0,0.7567236751494507,-0.6537348693991385,-0.9093225141277265,-0.41609201542499075,0.8414546973619527,-0.540327671221366,0.8775897877771157,0.47941231147032193,0.5101900080017631,0.8600617162362019,0.2645168083164075,0.9643810751555119,-0.13345209785628734,-0.9910552646435797,-0.9977613102950975,0.06687576301030233,-0.6830535253513071,0.7303683190727478,0.3671727665059408,-0.9301527613980265,1,0,0,0,99,0
1701877020,12,6,2,1417,16.2,0.0,87,0,0,1,0,0,0,0,-0.14123937776829337,-0.9899754735182207,-0.9974907201368394,0.07079733922182135,0.6816167034258251,-0.7317094161010304,0.9305131423308943,0.3662585042691635,0.5629127355686832,0.8265163350682077,0.29451966397151846,0.955645419354953,-0.1489204160702069,-0.9888491844955308,-0.9972083996075071,0.07466865307633827,-0.6801953200822767,0.7330309178596556,0.36535536272261315,-0.930868121126633,1,0,0,0,99,0
1701877080,12,6,2,1418,16.2,0.0,87,0,0,1,0,0,0,0,-0.9093475981246311,-0.4160371927904578,-0.8414384091513941,0.5403530360836063,0.4793990842275326,-0.8775970134644963,0.9689161505167762,0.24738935560721262,0.6134373009496519,0.7897434252993856,0.3242349261728403,0.9459765920199573,-0.1643523775003615,-0.9864016910011756,-0.9965946244590063,0.08245698575264687,-0.6773267358695333,0.7356823314966341,0.3635365652196254,-0.931579929876292,1,0,0,0,99,0
1701877140,12,6,2,1419,16.2,0.0,87,0,0,1,0,0,0,0,-0.8414058304364919,0.5404037643350365,-0.4793726294152408,0.8776114642411631,0.24737475190370273,-0.9689198791027984,0.9921995462362393,0.12465977879252307,0.661566406798092,0.7498865843554354,0.35363357847110943,0.935384034596335,-0.17974421465469337,-0.9837133816809486,-0.9959200223112669,0.09024028567954412,-0.6744478164841428,0.7383225195263734,0.3617163809351372,-0.9322881849316694,1,0,0,0,99,0
1701877260,12,6,2,1421,16.2,0.0,87,0,0,1,0,0,0,0,0.8415361269452281,0.540200839545835,0.4794784460505837,0.8775536563498083,-0.24743316638053162,-0.9689049634380579,0.9921957879970207,-0.12468968794960988,0.7498965555160291,0.6615551042998573,0.4113665614145994,0.9114699952000223,-0.21039249606387786,-0.9776169994430391,-0.9943885054250776,0.10578988741122869,-0.668659148067523,0.743569057791954,0.35807187980072236,-0.9336940231660353,1,0,0,0,99,0
1701877320,12,6,2,1422,16.2,0.0,87,0,0,1,0,0,0,0,0.9092472423065365,-0.4162564742535045,0.8415035574058807,0.5402515736888212,-0.4794519925452281,-0.8775681095188057,0.968908692684405,-0.24741856284563038,0.7897526710450653,0.6134253977275352,0.43964451678172034,0.8981718648809746,-0.2256414579803825,-0.9742104148696458,-0.9935316841625248,0.11355524014847192,-0.6657494873642518,0.7461753279720765,0.3562475768534598,-0.9343916009821783,1,0,0,0,99,0
1701877440,12,6,2,1424,16.2,0.0,87,0,0,1,0,0,0,0,-0.7568813044633205,-0.6535523628248179,0.9092723362185879,-0.4162016561567134,-0.8414872714892108,-0.5402769400239504,0.8775753358042688,-0.4794387656291727,0.8600694058124533,0.5101770449416689,0.4948853175526281,0.8689582973139933,-0.25597041106933305,-0.9666846169547733,-0.9916361774750792,0.12906467960915324,-0.6598997349563215,0.7513536715852107,0.3525949009946041,-0.9357760607071574,1,0,0,0,99,1
1701877500,12,6,2,1425,16.2,0.0,88,0,0,1,0,0,0,0,-0.9588900644397448,0.2837778080096155,0.5984238431038592,-0.8011796952025231,-0.9489941241131378,-0.3152937557243062,0.8109543007236308,-0.5851094958534231,0.8902554397063304,0.45546158133621817,0.5217942212519135,0.8530713866190268,-0.2710429978628605,-0.96256724092892,-0.9905976077421447,0.13680781971634529,-0.656959732511687,0.75392566600307,0.35076654201685914,-0.9364629373347004,1,0,0,0,99,1
1701877620,12,6,2,1427,16.2,0.0,88,0,0,1,0,0,0,0,0.6570774975264609,0.7538230311182882,-0.3508396848146685,-0.9364355373217871,-0.9839805733147853,0.17827571718859095,0.6409852895392409,-0.767553163366744,0.9400939217351487,0.3409155589242416,0.5740576804972469,0.818814862751111,-0.3009859940669075,-0.9536285604865007,-0.9883391524387013,0.15226857770646463,-0.6510496994444953,0.75903510383462,0.3471058168378773,-0.937825971018776,1,0,0,0,99,0
1701877680,12,6,2,1428,16.2,0.0,88,0,0,1,0,0,0,0,0.9893406954135933,-0.14561932700897776,-0.7568419012610816,-0.6535979930320404,-0.9092848819352602,0.4161742465410129,0.540289623007414,-0.8414791282441333,0.9595517516643209,0.281532299883927,0.5993612016622668,0.8004787004923762,-0.3158490933243467,-0.9488094383205661,-0.9871194047126635,0.15998525194441188,-0.6480797590017714,0.7615724692845757,0.3452734646011943,-0.9385021228757492,1,0,0,0,99,2
1701877740,12,6,2,1429,16.2,0.0,88,0,0,1,0,0,0,0,0.41200862051584575,-0.9111799474421229,-0.9775428244946927,-0.2107368650211409,-0.7780542606467562,0.6281970769507206,0.43116291761309866,-0.9022740927652529,0.9752625525378417,0.2210496632374126,0.6240794567851866,0.7813608843669526,-0.33063508255556256,-0.9437586779381032,-0.9858394083059632,0.16769216150717486,-0.6450999296592835,0.7640982140756432,0.3434397952511887,-0.9391746946323786,1,0,0,0,99,2
1701878400,12,7,3,0,16.2,0.0,88,0,0,0,1,0,0,0,0.0,1.0,0.0,1.0,0.0,1.0,0.0,1.0,0.0,1.0,0.0,1.0,0.0,1.0,0.0,1.0,0.0,1.0,0.0,1.0,1,0,0,0,99,3
1701878520,12,7,3,2,16.2,0.0,88,0,0,0,1,0,0,0,0.9092974268256817,-0.4161468365471424,0.8414709848078965,0.5403023058681398,0.479425538604203,0.8775825618903728,0.24740395925452294,0.9689124217106447,0.12467473338522769,0.992197667229329,0.0624593178423802,0.9980475107000991,0.03124491398532608,0.9995117584851364,0.015624364224883372,0.9998779321710066,0.0078124205273828315,0.9999694825770951,0.0039062400659001166,0.99999237061517,1,0,0,0,99,3
1701878580,12,7,3,3,16.2,0.0,88,0,0,0,1,0,0,0,0.1411200080598672,-0.9899924966004454,0.9974949866040544,0.0707372016677029,0.6816387600233341,0.7316888688738209,0.36627252908604757,0.9305076219123143,0.18640329676226988,0.9824733131012553,0.09361273123551289,0.9956086864580017,0.04685783574813424,0.9989015683384429,0.02343535429172257,0.9997253543694995,0.011718481780940232,0.9999313362350186,0.005859341472444868,0.9999828339114173,1,0,0,0,99,3
1701878640,12,7,3,4,16.2,0.0,88,0,0,0,1,0,0,0,-0.7568024953079283,-0.6536436208636119,0.9092974268256817,-0.4161468365471424,0.8414709848078965,0.5403023058681398,0.479425538604203,0.8775825618903728,0.24740395925452294,0.9689124217106447,0.12467473338522769,0.992197667229329,0.0624593178423802,0.9980475107000991,0.03124491398532608,0.9995117584851364,0.015624364224883372,0.9998779321710066,0.0078124205273828315,0.9999694825770951,1,0,0,0,99,1
1701878700,12,7,3,5,16.2,0.0,88,0,0,0,1,0,0,0,-0.9589242746631385,0.28366218546322625,0.5984721441039564,-0.8011436155469337,0.9489846193555862,0.3153223623952687,0.5850972729404622,0.8109631195052179,0.30743851458038085,0.9515679480481722,0.15561499277355603,0.9878177838164719,0.07804555138996731,0.9969497940760287,0.03905256665042215,0.999237157554709,0.01953000826025172,0.9998092711999397,0.009765469780311044,0.9999523166631346,1,0,0,0,99,1
1701878760,12,7,3,6,16.2,0.0,88,0,0,0,1,0,0,0,-0.27941549819892586,0.960170286650366,0.1411200080598672,-0.9899924966004454,0.9974949866040544,0.0707372016677029,0.6816387600233341,0.7316888688738209,0.36627252908604757,0.9305076219123143,0.18640329676226988,0.9824733131012553,0.09361273123551289,0.9956086864580017,0.04685783574813424,0.9989015683384429,0.02343535429172257,0.9997253543694995,0.011718481780940232,0.9999313362350186,1,0,0,0,99,2
1701878820,12,7,3,7,16.2,0.0,88,0,0,0,1,0,0,0,0.6569865987187891,0.7539022543433046,-0.35078322768961984,-0.9364566872907963,0.9839859468739369,-0.17824605564949209,0.7675435022360271,0.6409968581633251,0.42367625720393803,0.9058136834259364,0.21700958109501015,0.9761694738686353,0.10915705687532236,0.9940245152582091,0.05466024488506646,0.9985050113189741,0.027340342728520383,0.9996261829601539,0.013671449079123222,0.999906541372781,1,0,0,0,99,3
1701878880,12,7,3,8,16.2,0.0,88,0,0,0,1,0,0,0,0.9893582466233818,-0.14550003380861354,-0.7568024953079283,-0.6536436208636119,0.9092974268256817,-0.4161468365471424,0.8414709848078965,0.5403023058681398,0.479425538604203,0.8775825618903728,0.24740395925452294,0.9689124217106447,0.12467473338522769,0.992197667229329,0.0624593178423802,0.9980475107000991,0.03124491398532608,0.9995117584851364,0.015624364224883372,0.9998779321710066,1,0,0,0,99,5
1701878940,12,7,3,9,16.2,0.0,88,0,0,0,1,0,0,0,0.4121184852417566,-0.9111302618846769,-0.977530117665097,-0.2107957994307797,0.7780731968879212,-0.6281736227227391,0.9022675940990952,0.4311765167986662,0.5333026735360201,0.8459244992310679,0.2775567516463363,0.9607092430155619,0.1401619723470637,0.9901285883701071,0.07025457860486005,0.9975290944052978,0.03514900848318622,0.9993820826904237,0.017577219768442984,0.999845508738831,1,0,0,0,99,5
1701879060,12,7,3,11,16.2,0.0,88,0,0,0,1,0,0,0,-0.9999902065507035,0.004425697988050785,-0.7055403255703919,0.70866977429126,0.3816609920523317,-0.9243023786324636,0.9808930570231557,0.19454770798898718,0.6346070800152693,0.7728349461524715,0.33702006902225307,0.9414974631278811,0.17103002203139503,0.9852658177182139,0.08583176067687935,0.996309645069798,0.042955528923538926,0.9990769852893715,0.021482722251015034,0.9997692196925677,1,0,0,0,99,3
1701879120,12,7,3,12,16.2,0.0,88,0,0,0,1,0,0,0,-0.5365729180004349,0.8438539587324921,-0.27941549819892586,0.960170286650366,0.1411200080598672,-0.9899924966004454,0.9974949866040544,0.0707372016677029,0.6816387600233341,0.7316888688738209,0.36627252908604757,0.9305076219123143,0.18640329676226988,0.9824733131012553,0.09361273123551289,0.9956086864580017,0.04685783574813424,0.9989015683384429,0.02343535429172257,0.9997253543694995,1,0,0,0,99,2
1701879180,12,7,3,13,16.2,0.0,88,0,0,0,1,0,0,0,0.4201670368266409,0.9074467814501962,0.21511998808781552,0.9765876257280235,-0.10819513453010837,-0.9941296760805463,0.9985313405398316,-0.05417713502693632,0.7260086552607126,0.6876855622205048,0.39516733024093426,0.9186091557949183,0.2017310638016388,0.9794409517155483,0.10138798815552964,0.9948469610235406,0.05075942757980711,0.99871090937857,0.02538789693367659,0.999677675398068,1,0,0,0,99,2
1701879240,12,7,3,14,16.2,0.0,88,0,0,0,1,0,0,0,0.9906073556948704,0.1367372182078336,0.6569865987187891,0.7539022543433046,-0.35078322768961984,-0.9364566872907963,0.9839859468739369,-0.17824605564949209,0.7675435022360271,0.6409968581633251,0.42367625720393803,0.9058136834259364,0.21700958109501015,0.9761694738686353,0.10915705687532236,0.9940245152582091,0.05466024488506646,0.9985050113189741,0.027340342728520383,0.9996261829601539,1,0,0,0,99,2
1701879300,12,7,3,15,16.1,0.0,88,0,0,0,1,0,0,0,0.6502878401571168,-0.7596879128588213,0.9379999767747389,0.3466353178350258,-0.5715613187423437,-0.8205593573395608,0.9540857816096938,-0.29953350618957414,0.806081108260693,0.5918050750924775,0.4517714714916838,0.8921336993669944,0.23223511861151147,0.9726596782449127,0.11691946321097965,0.9931413993598577,0.05856022814223956,0.9982838773014061,0.029292684228266686,0.9995708772521852,1,0,0,0,99,3
1701879360,12,7,3,16,16.1,0.0,88,0,0,0,1,0,0,0,-0.2879033166650653,-0.9576594803233847,0.9893582466233818,-0.14550003380861354,-0.7568024953079283,-0.6536436208636119,0.9092974268256817,-0.4161468365471424,0.8414709848078965,0.5403023058681398,0.479425538604203,0.8775825618903728,0.24740395925452294,0.9689124217106447,0.12467473338522769,0.992197667229329,0.0624593178423802,0.9980475107000991,0.03124491398532608,0.9995117584851364,1,0,0,0,99,1
1701879420,12,7,3,17,16.1,0.0,88,0,0,0,1,0,0,0,-0.9613974918795568,-0.27516333805159693,0.7984871126234903,-0.6020119026848236,-0.8949893582285835,-0.4460874899137928,0.850319789818452,-0.5262663347043051,0.8735749351670712,0.4866896677019633,0.5066114548142574,0.8621744799348805,0.2625123997691533,0.964928619104771,0.13242239405634718,0.9911933764671682,0.06635745449017677,0.9977959151217167,0.03319702455253542,0.9994488268845275,1,0,0,0,99,1
1701879480,12,7,3,18,16.1,0.0,88,0,0,0,1,0,0,0,-0.7509872467716762,0.6603167082440802,0.4121184852417566,-0.9111302618846769,-0.977530117665097,-0.2107957994307797,0.7780731968879212,-0.6281736227227391,0.9022675940990952,0.4311765167986662,0.5333026735360201,0.8459244992310679,0.2775567516463363,0.9607092430155619,0.1401619723470637,0.9901285883701071,0.07025457860486005,0.9975290944052978,0.03514900848318622,0.9993820826904237,1,0,0,0,99,1
1701879540,12,7,3,19,16.1,0.0,88,0,0,0,1,0,0,0,0.14987720966295234,0.9887046181866692,-0.0751511204618093,-0.9971721561963784,-0.999292788975378,0.03760215288797655,0.6936850319532718,-0.7202784714566918,0.9274369173848677,0.37397963082453317,0.5594731312473669,0.8288484876093257,0.29253334202332754,0.9562553235431753,0.14789299587340962,0.9890033679273229,0.07415063072111083,0.9972470526221983,0.03710085833105311,0.9993115261574336,1,0,0,0,99,1
1701879720,12,7,3,22,16.1,0.0,88,0,0,0,1,0,0,0,-0.008851309290403876,-0.9999608263946371,-0.9999902065507035,0.004425697988050785,-0.7055403255703919,0.70866977429126,0.3816609920523317,-0.9243023786324636,0.9808930570231557,0.19454770798898718,0.6346070800152693,0.7728349461524715,0.33702006902225307,0.9414974631278811,0.17103002203139503,0.9852658177182139,0.08583176067687935,0.996309645069798,0.042955528923538926,0.9990769852893715,1,0,0,0,99,0
1701879780,12,7,3,23,16.1,0.0,88,0,0,0,1,0,0,0,-0.8462204041751706,-0.5328330203333975,-0.8754521746884285,0.4833047587530059,-0.5082790774992584,0.8611924171615208,0.26344599336342084,-0.9646741463213163,0.9911291909537616,0.13290194445282522,0.6584443999105676,0.7526293724180665,0.3516892289948141,0.9361168122670553,0.17872211353515366,0.983899591489664,0.08972293048696088,0.9959667643776232,0.04490676798867188,0.9989911822377671,1,0,0,0,99,0
1701879840,12,7,3,24,16.1,0.0,88,0,0,0,1,0,0,0,-0.9055783620066239,0.424179007336997,-0.5365729180004349,0.8438539587324921,-0.27941549819892586,0.960170286650366,0.1411200080598672,-0.9899924966004454,0.9974949866040544,0.0707372016677029,0.6816387600233341,0.7316888688738209,0.36627252908604757,0.9305076219123143,0.18640329676226988,0.9824733131012553,0.09361273123551289,0.9956086864580017,0.04685783574813424,0.9989015683384429,1,0,0,0,99,0
1701879900,12,7,3,25,16.0,0.0,90,0,0,0,1,0,0,0,-0.13235175009777303,0.9912028118634736,-0.06632189735120068,0.9977982791785807,-0.03317921654755682,0.9994494182244994,0.016591892229347906,-0.9998623450816866,0.9999655856782489,0.008296231623858378,0.7041675114545337,0.7100338835660797,0.38076640899239017,0.9246712614670362,0.1940731028929098,0.9809870696056692,0.09750110356896174,0.9952354167747622,0.04880872475919552,0.9988081439332486,1,0,0,0,99,0
1701879960,12,7,3,26,16.0,0.0,90,0,0,0,1,0,0,0,0.7625584504796027,0.6469193223286404,0.4201670368266409,0.9074467814501962,0.21511998808781552,0.9765876257280235,-0.10819513453010837,-0.9941296760805463,0.9985313405398316,-0.05417713502693632,0.7260086552607126,0.6876855622205048,0.39516733024093426,0.9186091557949183,0.2017310638016388,0.9794409517155483,0.10138798815552964,0.9948469610235406,0.05075942757980711,0.99871090937857,1,0,0,0,99,1
1701880020,12,7,3,27,16.0,0.0,90,0,0,0,1,0,0,0,0.956375928404503,-0.2921388087338362,0.8037844265516209,0.594920663309892,0.4500440737806176,0.8930063446890767,-0.23129381240202182,-0.9728839459794464,0.9931978518853749,-0.11643894112485227,0.7471408639355942,0.6646657275936332,0.40947177705329507,0.9123227848721178,0.20937671208599365,0.9778350537979598,0.10527332568613999,0.9944433251316939,0.05270993676863066,0.9986098650453273,1,0,0,0,99,0
1701880080,12,7,3,28,16.0,0.0,90,0,0,0,1,0,0,0,0.27090578830786904,-0.9626058663135666,0.9906073556948704,0.1367372182078336,0.6569865987187891,0.7539022543433046,-0.35078322768961984,-0.9364566872907963,0.9839859468739369,-0.17824605564949209,0.7675435022360271,0.6409968581633251,0.42367625720393803,0.9058136834259364,0.21700958109501015,0.9761694738686353,0.10915705687532236,0.9940245152582091,0.05466024488506646,0.9985050113189741,1,0,0,0,99,0
1701880140,12,7,3,29,16.0,0.0,90,0,0,0,1,0,0,0,-0.6636338842129675,-0.7480575296890004,0.934895055524683,-0.354924266788705,0.8230808790115055,0.5679241732886948,-0.46479878803160896,-0.8854163352030204,0.9709315977974505,-0.2393571231413216,0.7871966473319489,0.616702066178912,0.4377773028727551,0.8990834405601384,0.2246292049577053,0.9744443135859889,0.11303912246211711,0.9935905377936096,0.05661034448928185,0.9983963485994952,1,0,0,0,99,0
1701880200,12,7,3,30,16.0,0.0,90,0,0,0,1,0,0,0,-0.9880316240928618,0.15425144988758405,0.6502878401571168,-0.7596879128588213,0.9379999767747389,0.3466353178350258,-0.5715613187423437,-0.8205593573395608,0.9540857816096938,-0.29953350618957414,0.806081108260693,0.5918050750924775,0.4517714714916838,0.8921336993669944,0.23223511861151147,0.9726596782449127,0.11691946321097965,0.9931413993598577,0.05856022814223956,0.9982838773014061,1,0,0,0,99,0
1701880260,12,7,3,31,16.0,0.0,90,0,0,0,1,0,0,0,-0.404037645323065,0.9147423578045313,0.2064674819377966,-0.9784534628188842,0.9945987791111761,0.10379435721925297,-0.669404826237736,-0.7428978251479987,0.9335142808623762,-0.3585402173062328,0.8241784446666367,0.5663301963933087,0.46565534658516017,0.8849661565261433,0.23982685783066157,0.9708156767703494,0.12079801991268428,0.9926771068102531,0.06050988840572611,0.9981675978537505,1,0,0,0,99,0
1701880320,12,7,3,32,16.0,0.0,90,0,0,0,1,0,0,0,0.5514266812416906,0.8342233605065102,-0.2879033166650653,-0.9576594803233847,0.9893582466233818,-0.14550003380861354,-0.7568024953079283,-0.6536436208636119,0.9092974268256817,-0.4161468365471424,0.8414709848078965,0.5403023058681398,0.479425538604203,0.8775825618903728,0.24740395925452294,0.9689124217106447,0.12467473338522769,0.992197667229329,0.0624593178423802,0.9980475107000991,1,0,0,0,99,0
1701880380,12,7,3,33,16.0,0.0,90,0,0,0,1,0,0,0,0.9999118601072672,-0.013276747223059479,-0.711785342369123,-0.7023970575027135,0.9226042102393402,-0.3857479374522218,-0.8323905145579873,-0.5541895264924167,0.8815297857963782,-0.4721284112969602,0.8579418428124834,0.513746819310368,0.49307868575392305,0.8699847180584174,0.2549659604158785,0.9669500292306779,0.12854954447473196,0.9917030879327435,0.06440850901572104,0.9979236162985481,1,0,0,0,99,0
1701880440,12,7,3,34,16.0,0.0,90,0,0,0,1,0,0,0,0.5290826861200238,-0.8485702747846052,-0.9613974918795568,-0.27516333805159693,0.7984871126234903,-0.6020119026848236,-0.8949893582285835,-0.4460874899137928,0.850319789818452,-0.5262663347043051,0.8735749351670712,0.4866896677019633,0.5066114548142574,0.8621744799348805,0.2625123997691533,0.964928619104771,0.13242239405634718,0.9911933764671682,0.06635745449017677,0.9977959151217167,1,0,0,0,99,0
1701880500,12,7,3,35,16.0,0.0,90,0,0,0,1,0,0,0,-0.428182669496151,-0.9036922050915067,-0.9756260054681576,0.2194399632114593,0.6247239537541924,-0.7808456836057491,-0.9436221923009624,-0.3310244072528874,0.815789313258297,-0.5783491993368335,0.888354996422273,0.4591572718923041,0.520020541953727,0.8541537542773854,0.27004281671858504,0.9628483147093797,0.1362932230351537,0.990668540610173,0.06830614683111276,0.9976644076567464,1,0,0,0,99,0
1701880560,12,7,3,36,16.0,0.0,90,0,0,0,1,0,0,0,-0.9917788534431158,-0.12796368962740468,-0.7509872467716762,0.6603167082440802,0.4121184852417566,-0.9111302618846769,-0.977530117665097,-0.2107957994307797,0.7780731968879212,-0.6281736227227391,0.9022675940990952,0.4311765167986662,0.5333026735360201,0.8459244992310679,0.2775567516463363,0.9607092430155619,0.1401619723470637,0.9901285883701071,0.07025457860486005,0.9975290944052978,1,0,0,0,99,0
1701880620,12,7,3,37,16.0,0.0,90,0,0,0,1,0,0,0,-0.6435381333569995,0.7654140519453434,-0.34248061846961253,0.939524893748256,0.17388948538043356,-0.9847651734673236,-0.9961840124864793,-0.08727779366103493,0.737318721334619,-0.6755450415549525,0.9152991427820066,0.40277472515355744,0.5464546069192036,0.8374887238505236,0.28505374594054744,0.9585115345812286,0.14402858295972257,0.9895735279859775,0.07220274237874362,0.9973899758835502,1,0,0,0,99,0
1701880680,12,7,3,38,16.0,0.0,90,0,0,0,1,0,0,0,0.2963685787093853,0.9550736440472949,0.14987720966295234,0.9887046181866692,-0.0751511204618093,-0.9971721561963784,-0.999292788975378,0.03760215288797655,0.6936850319532718,-0.7202784714566918,0.9274369173848677,0.37397963082453317,0.5594731312473669,0.8288484876093257,0.29253334202332754,0.9562553235431753,0.14789299587340962,0.9890033679273229,0.07415063072111083,0.9972470526221983,1,0,0,0,99,1
1701880740,12,7,3,39,16.0,0.0,90,0,0,0,1,0,0,0,0.9637953862840878,0.26664293235993725,0.605539869719601,0.7958149698139441,-0.31951919362227366,-0.9475798039779932,-0.9868079357144411,0.16189533041753676,0.6473425173671444,-0.7621992293414946,0.9386690655767598,0.34481935173254513,0.5723550682345072,0.820005899897234,0.299995083378683,0.9539407476088947,0.1517551521219383,0.9884181168940841,0.0760982362013597,0.9971003251664509,1,0,0,0,99,0
1701880800,12,7,3,40,16.0,0.0,90,0,0,0,1,0,0,0,0.7451131604793488,-0.6669380616522619,0.9129452507276277,0.408082061813392,-0.5440211108893698,-0.8390715290764524,-0.9589242746631385,0.28366218546322625,0.5984721441039564,-0.8011436155469337,0.9489846193555862,0.3153223623952687,0.5850972729404622,0.8109631195052179,0.30743851458038085,0.9515679480481722,0.15561499277355603,0.9878177838164719,0.07804555138996731,0.9969497940760287,1,0,0,0,99,1
1701880860,12,7,3,41,16.0,0.0,90,0,0,0,1,0,0,0,-0.158622668804709,-0.9873392775238264,0.9968297942787993,-0.07956356727854007,-0.7346984304047954,-0.6783938504738453,-0.9160769210262436,0.40100258697803604,0.5472647499254653,-0.8369595530782943,0.9583735057581397,0.28551746612221973,0.5976966345387016,0.8017223540984184,0.3148631813197452,0.949137069684463,0.15947245893184342,0.9872023778548304,0.07999256885851808,0.996795459925162,1,0,0,0,99,1
1701880920,12,7,3,42,16.0,0.0,90,0,0,0,1,0,0,0,-0.9165215479156338,-0.39998531498835127,0.836655638536056,-0.5477292602242684,-0.8796957599716702,-0.47553692799599256,-0.858934493426592,0.5120854772418407,0.4939202986100892,-0.8695071814659844,0.9668265566961802,0.2554337668888117,0.6101500770757914,0.7922858596771786,0.3222686304333866,0.9466482608860534,0.16332749173661285,0.9865719083994976,0.08193928117973213,0.9966373233025887,1,0,0,0,99,1
1701880980,12,7,3,43,16.0,0.0,90,0,0,0,1,0,0,0,-0.8317747426285983,0.5551133015206257,0.47163900309419615,-0.8817917275413242,-0.9699978679206785,-0.24311342256103,-0.7883886803350966,0.6151774449047079,0.4386470990986331,-0.898659402917676,0.9743355179089173,0.22510064091681745,0.6224545602223437,0.7826559400262728,0.32965440993086015,0.9441016735570044,0.16718003236480675,0.9859263850706614,0.08388568092749371,0.9964753848115521,1,0,0,0,99,1
1701881040,12,7,3,44,16.0,0.0,90,0,0,0,1,0,0,0,0.017701925105413577,0.9998433086476912,-0.008851309290403876,-0.9999608263946371,-0.9999902065507035,0.004425697988050785,-0.7055403255703919,0.70866977429126,0.3816609920523317,-0.9243023786324636,0.9808930570231557,0.19454770798898718,0.6346070800152693,0.7728349461524715,0.33702006902225307,0.9414974631278811,0.17103002203139503,0.9852658177182139,0.08583176067687935,0.996309645069798,1,0,0,0,99,1
1701881100,12,7,3,45,16.1,0.0,89,0,0,0,1,0,0,0,0.8509035245341184,0.5253219888177297,-0.4871745124605095,-0.8733046400935156,-0.9678079975112615,0.2516896500717544,-0.6116822499992318,0.7911035488707386,0.32318450699968687,-0.9463359733389455,0.9864927707132337,0.16380480252583335,0.6466046695911524,0.7628252757105762,0.3443651581456984,0.9388357885462655,0.17487740199027219,0.9845902164215998,0.0877775130041863,0.9961401047095734,1,0,0,0,99,1
1701881160,12,7,3,46,16.1,0.0,89,0,0,0,1,0,0,0,0.9017883476488092,-0.4321779448847783,-0.8462204041751706,-0.5328330203333975,-0.8754521746884285,0.4833047587530059,-0.5082790774992584,0.8611924171615208,0.26344599336342084,-0.9646741463213163,0.9911291909537616,0.13290194445282522,0.6584443999105676,0.7526293724180665,0.3516892289948141,0.9361168122670553,0.17872211353515366,0.983899591489664,0.08972293048696088,0.9959667643776232,1,0,0,0,99,0
1701881220,12,7,3,47,16.1,0.0,89,0,0,0,1,0,0,0,0.123573122745224,-0.9923354691509287,-0.9980820279793963,-0.061905293994420546,-0.72866497582717,0.6848703183835534,-0.39694437999324705,0.9178426658157577,0.20267872876086712,-0.9792452874065205,0.9947977903590559,0.10186930988644112,0.6701233804731629,0.7422497254585013,0.35899183454606504,0.9333407002425484,0.18256409800047155,0.9831939534604931,0.09166800570402665,0.995789624735188,1,0,0,0,99,0
1701881280,12,7,3,48,16.1,0.0,89,0,0,0,1,0,0,0,-0.7682546613236668,-0.6401443394691997,-0.9055783620066239,0.424179007336997,-0.5365729180004349,0.8438539587324921,-0.27941549819892586,0.960170286650366,0.1411200080598672,-0.9899924966004454,0.9974949866040544,0.0707372016677029,0.6816387600233341,0.7316888688738209,0.36627252908604757,0.9305076219123143,0.18640329676226988,0.9824733131012553,0.09361273123551289,0.9956086864580017,1,0,0,0,99,0
1701881340,12,7,3,49,16.1,0.0,89,0,0,0,1,0,0,0,-0.9537526527594719,0.3005925437436371,-0.5913575298651244,0.8064094939122546,-0.3111193549811273,0.9503708470676735,-0.157526431008143,0.987514771299061,0.07901021674738969,-0.9968738062811815,0.999218145922396,0.03953601977196579,0.692987727246318,0.7209493809456964,0.37353086823869297,0.9276177501928519,0.19023965123909906,0.9817376814080357,0.09555709966288278,0.9954239502362889,1,0,0,0,99,0
1701881400,12,7,3,50,16.1,0.0,89,0,0,0,1,0,0,0,-0.26237485370392877,0.9649660284921133,-0.13235175009777303,0.9912028118634736,-0.06632189735120068,0.9977982791785807,-0.03317921654755682,0.9994494182244994,0.016591892229347906,-0.9998623450816866,0.9999655856782489,0.008296231623858378,0.7041675114545337,0.7100338835660797,0.38076640899239017,0.9246712614670362,0.1940731028929098,0.9809870696056692,0.09750110356896174,0.9952354167747622,1,0,0,0,99,0
1701881460,12,7,3,51,16.1,0.0,89,0,0,0,1,0,0,0,0.6702291758433747,0.7421541968137826,0.3590583540221683,0.933315112063922,0.182599134631134,0.9831874470475918,0.09168574849017776,0.9957879912530557,-0.045891223272779696,-0.9989464428219001,0.9997365760093756,-0.022951657653640416,0.7151753832640076,0.6989450415971057,0.38797870972702503,0.9216683355733519,0.19790359322994627,0.9802214891475681,0.09944473553796578,0.9950430867926193,1,0,0,0,99,0
1701881520,12,7,3,52,16.1,0.0,89,0,0,0,1,0,0,0,0.9866275920404853,-0.16299078079570548,0.7625584504796027,0.6469193223286404,0.4201670368266409,0.9074467814501962,0.21511998808781552,0.9765876257280235,-0.10819513453010837,-0.9941296760805463,0.9985313405398316,-0.05417713502693632,0.7260086552607126,0.6876855622205048,0.39516733024093426,0.9186091557949183,0.2017310638016388,0.9794409517155483,0.10138798815552964,0.9948469610235406,1,0,0,0,99,2
1701881580,12,7,3,53,16.1,0.0,89,0,0,0,1,0,0,0,0.39592515018183416,-0.9182827862121189,0.979357643103917,0.20213512038718198,0.6316109877182386,0.775285470129288,0.33519735222008545,0.9421479369316923,-0.1700765461024943,-0.9854308542286699,0.9963510561615996,-0.08534970934727917,0.7366646826566614,0.6762581942766833,0.4023318317777731,0.9154939088483012,0.2055554562054955,0.9786454692196509,0.10333085400873529,0.9946470402156865,1,0,0,0,99,2
1701881640,12,7,3,54,16.1,0.0,89,0,0,0,1,0,0,0,-0.5587890488516163,-0.8293098328631502,0.956375928404503,-0.2921388087338362,0.8037844265516209,0.594920663309892,0.4500440737806176,0.8930063446890767,-0.23129381240202182,-0.9728839459794464,0.9931978518853749,-0.11643894112485227,0.7471408639355942,0.6646657275936332,0.40947177705329507,0.9123227848721178,0.20937671208599365,0.9778350537979598,0.10527332568613999,0.9944433251316939,1,0,0,0,99,1
1701881700,12,7,3,55,16.0,0.0,90,0,0,0,1,0,0,0,-0.9997551733586199,0.022126756261955736,0.6992400316550977,-0.7148869687796651,0.9259824428086272,0.3775665710972933,0.5578680080909402,0.8299296871112918,-0.2916078813138529,-0.9565379467410825,0.9890748067616226,-0.14741447225241752,0.7574346414881015,0.6529109923058358,0.41658673028204113,0.909095977415431,0.2131947731354699,0.9770097178164174,0.10721539577780473,0.9942358165486741,1,0,0,0,99,1
1701881760,12,7,3,56,16.0,0.0,90,0,0,0,1,0,0,0,-0.5215510020869119,0.8532201077225842,0.27090578830786904,-0.9626058663135666,0.9906073556948704,0.1367372182078336,0.6569865987187891,0.7539022543433046,-0.35078322768961984,-0.9364566872907963,0.9839859468739369,-0.17824605564949209,0.7675435022360271,0.6409968581633251,0.42367625720393803,0.9058136834259364,0.21700958109501015,0.9761694738686353,0.10915705687532236,0.9940245152582091,1,0,0,0,99,0
1701881820,12,7,3,57,16.0,0.0,90,0,0,0,1,0,0,0,0.43616475524782494,0.8998668269691937,-0.22375564018679642,-0.9746452757206577,0.9936411011327626,-0.11259379263383548,0.7458531332084875,0.6661104290454266,-0.4085887730680895,-0.9127185845169985,0.9779362414076386,-0.2089035847981091,0.7774649782460008,0.6289262338310793,0.4307399251108032,0.9024761032379415,0.2208210777553385,0.9753143347757023,0.11109830157184598,0.9938094220663493,1,0,0,0,99,0
1701881880,12,7,3,58,16.0,0.0,90,0,0,0,1,0,0,0,0.9928726480845371,0.11918013544881928,-0.6636338842129675,-0.7480575296890004,0.934895055524683,-0.354924266788705,0.8230808790115055,0.5679241732886948,-0.46479878803160896,-0.8854163352030204,0.9709315977974505,-0.2393571231413216,0.7871966473319489,0.616702066178912,0.4377773028727551,0.8990834405601384,0.2246292049577053,0.9744443135859889,0.11303912246211711,0.9935905377936096,1,0,0,0,99,0
1701881940,12,7,3,59,16.0,0.0,90,0,0,0,1,0,0,0,0.6367380071391379,-0.7710802229758452,-0.9410314083429535,-0.3383192109710552,0.8180217634546941,-0.5751872690824027,0.8874647229840752,0.46087565075494996,-0.5191937736746512,-0.8546565540481598,0.9629788559589872,-0.26957693331574223,0.7967361336464357,0.6043273395620364,0.4447879609645272,0.8956359024631707,0.22843390459477475,0.9735594235749482,0.11497951214249395,0.9933678632749673,1,0,0,0,99,0
1701882000,12,7,3,60,16.0,0.0,90,0,0,0,1,0,0,0,-0.3048106211022167,-0.9524129804151563,-0.9880316240928618,0.15425144988758405,0.6502878401571168,-0.7596879128588213,0.9379999767747389,0.3466353178350258,-0.5715613187423437,-0.8205593573395608,0.9540857816096938,-0.29953350618957414,0.806081108260693,0.5918050750924775,0.4517714714916838,0.8921336993669944,0.23223511861151147,0.9726596782449127,0.11691946321097965,0.9931413993598577,1,0,0,0,99,0
1701882060,12,7,3,61,16.0,0.0,90,0,0,0,1,0,0,0,-0.9661177700083929,-0.25810163593826746,-0.7931272394572851,0.6090559761063561,0.4421221685765394,-0.8969548417022889,0.9738980546500462,0.2269858567154693,-0.621696929091873,-0.7832578939006837,0.9442610586857545,-0.3291975896777772,0.8152292897331944,0.579138329901511,0.4587274082167366,0.8885770450280356,0.23603278900606633,0.9717450913248895,0.11885896826725052,0.992911146912172,1,0,0,0,99,0
1701882120,12,7,3,62,16.0,0.0,90,0,0,0,1,0,0,0,-0.7391806966492228,0.6735071623235863,-0.404037645323065,0.9147423578045313,0.2064674819377966,-0.9784534628188842,0.9945987791111761,0.10379435721925297,-0.669404826237736,-0.7428978251479987,0.9335142808623762,-0.3585402173062328,0.8241784446666367,0.5663301963933087,0.46565534658516017,0.8849661565261433,0.23982685783066157,0.9708156767703494,0.12079801991268428,0.9926771068102531,1,0,0,0,99,0
1701882180,12,7,3,63,16.0,0.0,90,0,0,0,1,0,0,0,0.16735570030280691,0.9858965815825497,0.08397445569174683,0.9964679075571249,-0.04202435271884079,-0.999116586679734,0.9997791222764492,-0.021016818506448383,-0.7144987118625367,-0.6996367562862716,0.9218559421857278,-0.38753273649701414,0.832926388253192,0.5533838014899721,0.47255486375130445,0.8813012542513405,0.2436172671924749,0.9698714487630153,0.12273661075038828,0.9924392799468931,1,0,0,0,99,0
1701882240,12,7,3,64,16.0,0.0,90,0,0,0,1,0,0,0,0.9200260381967906,0.39185723042955,0.5514266812416906,0.8342233605065102,-0.2879033166650653,-0.9576594803233847,0.9893582466233818,-0.14550003380861354,-0.7568024953079283,-0.6536436208636119,0.9092974268256817,-0.4161468365471424,0.8414709848078965,0.5403023058681398,0.479425538604203,0.8775825618903728,0.24740395925452294,0.9689124217106447,0.12467473338522769,0.992197667229329,1,0,0,0,99,0
1701882300,12,7,3,65,16.0,0.0,89,0,0,0,1,0,0,0,0.8268286794901035,-0.562453851238172,0.8838704235458307,0.4677318402470736,-0.5158818468181093,-0.8566597458288424,0.9634987664311881,-0.2677127697469413,-0.7961509812048658,-0.6050980210895829,0.8958509979593657,-0.44435457627350766,0.8498101482900483,0.5270889031873525,0.48626695179327556,0.8738103064130545,0.25118687623654373,0.9679386102468107,0.12661238042385375,0.9919522695792401,1,0,0,0,99,0
1701882360,12,7,3,66,16.0,0.0,89,0,0,0,1,0,0,0,-0.026551154023966794,-0.99964745596635,0.9999118601072672,-0.013276747223059479,-0.711785342369123,-0.7023970575027135,0.9226042102393402,-0.3857479374522218,-0.8323905145579873,-0.5541895264924167,0.8815297857963782,-0.4721284112969602,0.8579418428124834,0.513746819310368,0.49307868575392305,0.8699847180584174,0.2549659604158785,0.9669500292306779,0.12854954447473196,0.9917030879327435,1,0,0,0,99,0
1701882420,12,7,3,67,16.0,0.0,89,0,0,0,1,0,0,0,-0.8555199789753223,-0.5177697997895051,0.8711400001691764,-0.4910347239302405,-0.8634334728079056,-0.504462722145928,0.8673127239196736,-0.4977636376102979,-0.8653795807650819,-0.5011169336540635,0.8663477747573614,-0.4994412209389292,0.8658640831386093,0.5002793115156127,0.49986032473301345,0.8661060303206567,0.2587411541283521,0.9659466937467762,0.13048621814817024,0.9914501232403918,1,0,0,0,99,0
1701882480,12,7,3,68,16.0,0.0,89,0,0,0,1,0,0,0,-0.8979276806892913,0.4401430224960407,0.5290826861200238,-0.8485702747846052,-0.9613974918795568,-0.27516333805159693,0.7984871126234903,-0.6020119026848236,-0.8949893582285835,-0.4460874899137928,0.850319789818452,-0.5262663347043051,0.8735749351670712,0.4866896677019633,0.5066114548142574,0.8621744799348805,0.2625123997691533,0.964928619104771,0.13242239405634718,0.9911933764671682,1,0,0,0,99,0
1701882540,12,7,3,69,16.0,0.0,89,0,0,0,1,0,0,0,-0.11478481378318722,0.9933903797222716,0.057487478104924564,-0.9983462274487422,-0.9995864713592172,-0.028755630329187164,0.7172013769957456,-0.6968659733660458,-0.9211042214011522,-0.38931608407176954,0.8334614820349437,-0.5525775583247253,0.8810725164039352,0.4729812055860543,0.5133316639434712,0.8581903068626603,0.26627963979371355,0.9638958208392285,0.1343580648133402,0.9909328485924838,1,0,0,0,99,0
1701882600,12,7,3,70,16.0,0.0,89,0,0,0,1,0,0,0,0.7738906815578891,0.6333192030862999,-0.428182669496151,-0.9036922050915067,-0.9756260054681576,0.2194399632114593,0.6247239537541924,-0.7808456836057491,-0.9436221923009624,-0.3310244072528874,0.815789313258297,-0.5783491993368335,0.888354996422273,0.4591572718923041,0.520020541953727,0.8541537542773854,0.27004281671858504,0.9628483147093797,0.1362932230351537,0.990668540610173,1,0,0,0,99,0
1701882660,12,7,3,71,16.0,0.0,89,0,0,0,1,0,0,0,0.9510546532543747,-0.3090227281660707,-0.8090187662119065,-0.587782813560387,-0.8910058399248534,0.45399184267980686,0.5224979221586403,-0.8526405581133842,-0.9624553387335394,-0.27144008720767066,0.7973205400614205,-0.6035560921705327,0.8954205973090336,0.4452212415358611,0.5266776805903868,0.8500650685494203,0.2738018731223179,0.9617861166988793,0.13822786133974724,0.9904004535284905,1,0,0,0,99,0
1701882720,12,7,3,72,16.0,0.0,89,0,0,0,1,0,0,0,0.25382336276203626,-0.9672505882738824,-0.9917788534431158,-0.12796368962740468,-0.7509872467716762,0.6603167082440802,0.4121184852417566,-0.9111302618846769,-0.977530117665097,-0.2107957994307797,0.7780731968879212,-0.6281736227227391,0.9022675940990952,0.4311765167986662,0.5333026735360201,0.8459244992310679,0.2775567516463363,0.9607092430155619,0.1401619723470637,0.9901285883701071,1,0,0,0,99,0
1701882780,12,7,3,73,16.0,0.0,89,0,0,0,1,0,0,0,-0.6767719568873076,-0.7361927182273159,-0.9317168878547055,0.36318540841606234,-0.5642759039618552,0.8255862790817391,0.29530807719927077,-0.9554020826546641,-0.9887876624065108,-0.14932835856818344,0.7580660784417752,-0.6521777523926344,0.9088943151963913,0.41702652649883415,0.5398951164352044,0.8417322990413384,0.2813073949958138,0.9596177100911952,0.14209554867905747,0.9898529461721057,1,0,0,0,99,0
1701882840,12,7,3,74,16.0,0.0,89,0,0,0,1,0,0,0,-0.9851462604682474,0.17171734183077755,-0.6435381333569995,0.7654140519453434,-0.34248061846961253,0.939524893748256,0.17388948538043356,-0.9847651734673236,-0.9961840124864793,-0.08727779366103493,0.737318721334619,-0.6755450415549525,0.9152991427820066,0.40277472515355744,0.5464546069192036,0.8374887238505236,0.28505374594054744,0.9585115345812286,0.14402858295972257,0.9895735279859775,1,0,0,0,99,1
1701882900,12,7,3,75,15.8,0.0,90,0,0,0,1,0,0,0,-0.38778163540943045,0.9217512697247493,-0.19779879963646227,0.9802426408101081,-0.09939154689884817,0.9950484010363788,0.04975740630107862,-0.998761333111264,-0.9996902853162234,-0.02488641083740215,0.7158513850085791,-0.698252672448376,0.9214805132091443,0.38842459213573494,0.5529807446305274,0.8331940326645814,0.288795747315831,0.9573907333645395,0.14596106781512072,0.9892903348776181,1,0,0,0,99,1
1701882960,12,7,3,76,15.8,0.0,90,0,0,0,1,0,0,0,0.5661076368981803,0.8243313311075577,0.2963685787093853,0.9550736440472949,0.14987720966295234,0.9887046181866692,-0.0751511204618093,-0.9971721561963784,-0.999292788975378,0.03760215288797655,0.6936850319532718,-0.7202784714566918,0.9274369173848677,0.37397963082453317,0.5594731312473669,0.8288484876093257,0.29253334202332754,0.9562553235431753,0.14789299587340962,0.9890033679273229,1,0,0,0,99,1
1701883020,12,7,3,77,15.8,0.0,90,0,0,0,1,0,0,0,0.9995201585807313,-0.03097503173121646,0.7179745927716441,0.6960693098638897,0.3898273272463786,0.9208879708911095,-0.1988869391248336,-0.9800224412969096,-0.9949930756786476,0.09994388101102124,0.6708413072362862,-0.7416009307609522,0.9331669011385242,0.35944336775008645,0.565931370507906,0.8244523539144292,0.29626647303194026,0.9551053224420931,0.14982435976487088,0.9887126282297838,1,0,0,0,99,1
1701883080,12,7,3,78,15.8,0.0,90,0,0,0,1,0,0,0,0.5139784559875352,-0.8578030932449878,0.9637953862840878,0.26664293235993725,0.605539869719601,0.7958149698139441,-0.31951919362227366,-0.9475798039779932,-0.9868079357144411,0.16189533041753676,0.6473425173671444,-0.7621992293414946,0.9386690655767598,0.34481935173254513,0.5723550682345072,0.820005899897234,0.299995083378683,0.9539407476088947,0.1517551521219383,0.9884181168940841,1,0,0,0,99,1
1701883140,12,7,3,79,15.8,0.0,90,0,0,0,1,0,0,0,-0.4441126687075084,-0.8959709467909631,0.9736454556949781,-0.22806693448309956,0.7836028759783554,0.6212620483809149,-0.43516545796919887,-0.9003505007442698,-0.9747693318791554,0.22321458202336397,0.6232116085153726,-0.782053253309314,0.943942067425039,0.330111153015682,0.5787438323577704,0.8155093969463755,0.30371911616954944,0.9527616168135594,0.1536853655792259,0.9881198350436954,1,0,0,0,99,1
1701883260,12,7,3,81,15.8,0.0,90,0,0,0,1,0,0,0,-0.6298879942744539,0.7766859820216312,0.33415117684842055,-0.9425194910508831,0.9855251115651197,0.16952950915565845,-0.6443874963266829,-0.7646991268321347,-0.9393346386757316,0.3430020941392817,0.5731482818000584,-0.8194516746395976,0.9537954903016678,0.30045659034243405,0.5914150022013163,0.8063673450551039,0.3111532218577337,0.95035975952665,0.15754402634398745,0.9875119643646476,1,0,0,0,99,1
1701883320,12,7,3,82,15.8,0.0,90,0,0,0,1,0,0,0,0.31322878243308516,0.9496776978825432,-0.158622668804709,-0.9873392775238264,0.9968297942787993,-0.07956356727854007,-0.7346984304047954,-0.6783938504738453,-0.9160769210262436,0.40100258697803604,0.5472647499254653,-0.8369595530782943,0.9583735057581397,0.28551746612221973,0.5976966345387016,0.8017223540984184,0.3148631813197452,0.949137069684463,0.15947245893184342,0.9872023778548304,1,0,0,0,99,1
1701883380,12,7,3,83,15.8,0.0,90,0,0,0,1,0,0,0,0.9683644611001854,0.24954011797333814,-0.6125601529754697,-0.7904239741978156,0.9461564284508708,-0.3237097664592346,-0.8135446412026923,-0.5815024649736085,-0.889241942604376,0.45743717329617606,0.5208468233098019,-0.8536501547168418,0.9627175480681864,0.27050863690754695,0.6039417865541566,0.7970284301414683,0.31856833635699866,0.9478998971783541,0.16140028318073973,0.9868890254679992,1,0,0,0,99,0
1701883440,12,7,3,84,15.8,0.0,90,0,0,0,1,0,0,0,0.7331903200732922,-0.6800234955873388,-0.9165215479156338,-0.39998531498835127,0.836655638536056,-0.5477292602242684,-0.8796957599716702,-0.47553692799599256,-0.858934493426592,0.5120854772418407,0.4939202986100892,-0.8695071814659844,0.9668265566961802,0.2554337668888117,0.6101500770757914,0.7922858596771786,0.3222686304333866,0.9466482608860534,0.16332749173661285,0.9865719083994976,1,0,0,0,99,0
1701883500,12,7,3,85,15.7,0.0,91,0,0,0,1,0,0,0,-0.1760756199485871,-0.9843766433940419,-0.996086503119594,0.08838369930580556,0.675135653292801,-0.7376936014721172,-0.9321195206281534,-0.36215079630444197,-0.8252729234333458,0.5647340983576067,0.4665114691207459,-0.8845151492081995,0.970699528486596,0.24029653637932502,0.616321127181551,0.7874949321676061,0.3259640070869742,0.9453821799059907,0.1652540772477479,0.9862510278590311,1,0,0,0,99,0
1701883560,12,7,3,86,15.7,0.0,91,0,0,0,1,0,0,0,-0.9234584470040598,-0.38369844494974187,-0.8317747426285983,0.5551133015206257,0.47163900309419615,-0.8817917275413242,-0.9699978679206785,-0.24311342256103,-0.7883886803350966,0.6151774449047079,0.4386470990986331,-0.898659402917676,0.9743355179089173,0.22510064091681745,0.6224545602223437,0.7826559400262728,0.32965440993086015,0.9441016735570044,0.16718003236480675,0.9859263850706614,1,0,0,0,99,0
1701883620,12,7,3,87,15.7,0.0,91,0,0,0,1,0,0,0,-0.8218178366308225,0.5697503342653119,-0.4638155159838274,0.8859318072699817,0.23881812402958275,-0.9710643148808378,-0.9927397229084867,-0.1202823451699422,-0.7484257963118128,0.6632185366943757,0.41035439762821135,-0.9119261309706986,0.9777336372884741,0.20984979036122642,0.6285500018450296,0.7777691786003179,0.33333978265403763,0.9428067613780455,0.16910534974085598,0.9855979812728021,1,0,0,0,99,0
1701883680,12,7,3,88,15.7,0.0,91,0,0,0,1,0,0,0,0.03539830273366068,0.9993732836951247,0.017701925105413577,0.9998433086476912,-0.008851309290403876,-0.9999608263946371,-0.9999902065507035,0.004425697988050785,-0.7055403255703919,0.70866977429126,0.3816609920523317,-0.9243023786324636,0.9808930570231557,0.19454770798898718,0.6346070800152693,0.7728349461524715,0.33702006902225307,0.9414974631278811,0.17103002203139503,0.9852658177182139,1,0,0,0,99,0
1701883740,12,7,3,89,15.7,0.0,91,0,0,0,1,0,0,0,0.8600694058124533,0.5101770449416689,0.4948853175526281,0.8689582973139933,-0.25597041106933305,-0.9666846169547733,-0.9916361774750792,0.12906467960915324,-0.6598997349563215,0.7513536715852107,0.3525949009946041,-0.9357760607071574,0.9838130057859464,0.17919812958404827,0.6406254250402305,0.7678535438428503,0.3406952128788645,0.9401737987847912,0.1729540418943841,0.9849298956739996,1,0,0,0,99,0
1701883800,12,7,3,90,15.7,0.0,91,0,0,0,1,0,0,0,0.8939966636005579,-0.4480736161291702,0.8509035245341184,0.5253219888177297,-0.4871745124605095,-0.8733046400935156,-0.9678079975112615,0.2516896500717544,-0.6116822499992318,0.7911035488707386,0.32318450699968687,-0.9463359733389455,0.9864927707132337,0.16380480252583335,0.6466046695911524,0.7628252757105762,0.3443651581456984,0.9388357885462655,0.17487740199027219,0.9845902164215998,1,0,0,0,99,0
1701883860,12,7,3,91,15.7,0.0,91,0,0,0,1,0,0,0,0.10598751175115685,-0.9943674609282015,0.9985908724117705,0.05306853621402457,-0.688088462258297,-0.7256268104935293,-0.9288774974380447,0.37038708772476847,-0.5610761589460167,0.8277641837276992,0.2934585288182137,-0.9559718049523478,0.9889316975788438,0.1483714848743724,0.652544448725766,0.7577504486552193,0.34802984882390525,0.9374834528286937,0.17680009498202517,0.9842467812567877,1,0,0,0,99,0
1701883920,12,7,3,92,15.7,0.0,91,0,0,0,1,0,0,0,-0.7794660696158047,-0.626444447910339,0.9017883476488092,-0.4321779448847783,-0.8462204041751706,-0.5328330203333975,-0.8754521746884285,0.4833047587530059,-0.5082790774992584,0.8611924171615208,0.26344599336342084,-0.9646741463213163,0.9911291909537616,0.13290194445282522,0.6584443999105676,0.7526293724180665,0.3516892289948141,0.9361168122670553,0.17872211353515366,0.983899591489664,1,0,0,0,99,0
1701883980,12,7,3,93,15.7,0.0,91,0,0,0,1,0,0,0,-0.9482821412699473,0.31742870151970165,0.5841965844132856,-0.8116121923430246,-0.9517384599623535,-0.3069102537037296,-0.808365713555359,0.5886806206663637,-0.45349717713213844,0.8912577126360152,0.23317620736685893,-0.9724344997571855,0.9930847143514961,0.1173999579276213,0.6643041630429463,0.7474623595632162,0.3553432428207858,0.9347358877146036,0.18064345031774107,0.9835486484446521,1,0,0,0,99,0
1701884040,12,7,3,94,15.7,0.0,91,0,0,0,1,0,0,0,-0.24525198546765434,0.9694593666699876,0.123573122745224,-0.9923354691509287,-0.9980820279793963,-0.061905293994420546,-0.72866497582717,0.6848703183835534,-0.39694437999324705,0.9178426658157577,0.20267872876086712,-0.9792452874065205,0.9947977903590559,0.10186930988644112,0.6701233804731629,0.7422497254585013,0.35899183454606504,0.9333407002425484,0.18256409800047155,0.9831939534604931,1,0,0,0,99,0
1701884100,12,7,3,95,15.6,0.0,90,0,0,0,1,0,0,0,0.683261714736121,0.7301735609948197,-0.36730534913419133,-0.9301004142012893,-0.9823696896284233,0.18694863706204273,-0.6375936648595081,0.7703728438431753,-0.3388415235451705,0.9408434630275048,0.17198333781575365,-0.9850998586507625,0.9962680007535027,0.08631379191426318,0.6759016970261789,0.7369917882562408,0.36263494849763117,0.931931271139734,0.18448404925665798,0.9828355078902405,1,0,0,0,99,0
1701884160,12,7,3,96,15.6,0.0,90,0,0,0,1,0,0,0,0.9835877454343449,-0.18043044929108396,-0.7682546613236668,-0.6401443394691997,-0.9055783620066239,0.424179007336997,-0.5365729180004349,0.8438539587324921,-0.27941549819892586,0.960170286650366,0.1411200080598672,-0.9899924966004454,0.9974949866040544,0.0707372016677029,0.6816387600233341,0.7316888688738209,0.36627252908604757,0.9305076219123143,0.18640329676226988,0.9824733131012553,1,0,0,0,99,0
1701884220,12,7,3,97,15.6,0.0,90,0,0,0,1,0,0,0,0.3796077390275217,-0.9251475365964139,-0.981108438603097,-0.1934586046207122,-0.7724825579327705,0.6350359814133715,-0.42717913021742326,0.904167014830051,-0.2188983613117615,0.9757476658516921,0.11011887701095537,-0.9939184236776407,0.9984784483597131,0.055143341947869365,0.6873342193038735,0.7263412909741086,0.3699045208063098,0.929069774283425,0.18832183319596135,0.9821073704752004,1,0,0,0,99,0
1701884280,12,7,3,98,15.6,0.0,90,0,0,0,1,0,0,0,-0.5733818719904229,-0.8192882452914593,-0.9537526527594719,0.3005925437436371,-0.5913575298651244,0.8064094939122546,-0.3111193549811273,0.9503708470676735,-0.157526431008143,0.987514771299061,0.07901021674738969,-0.9968738062811815,0.999218145922396,0.03953601977196579,0.692987727246318,0.7209493809456964,0.37353086823869297,0.9276177501928519,0.19023965123909906,0.9817376814080357,1,0,0,0,99,0
1701884340,12,7,3,99,15.6,0.0,90,0,0,0,1,0,0,0,-0.9992068341863537,0.0398208803931389,-0.6928849542336957,0.7210481538680822,-0.3734647547841147,0.9276443698605846,-0.19020466626691288,0.9817444600965631,-0.0955393633625346,0.9954256526975189,0.04782440434799511,-0.998855758530109,0.9997138987055519,0.023919045443861007,0.6985989387896817,0.7155134678829815,0.37715151604959674,0.9261515717966962,0.19215674357579007,0.9813642473100128,1,0,0,0,99,0
1701884400,12,7,3,100,15.6,0.0,90,0,0,0,1,0,0,0,-0.5063656411097588,0.8623188722876839,-0.26237485370392877,0.9649660284921133,-0.13235175009777303,0.9912028118634736,-0.06632189735120068,0.9977982791785807,-0.03317921654755682,0.9994494182244994,0.016591892229347906,-0.9998623450816866,0.9999655856782489,0.008296231623858378,0.7041675114545337,0.7100338835660797,0.38076640899239017,0.9246712614670362,0.1940731028929098,0.9809870696056692,1,0,0,0,99,0
1701884520,12,7,3,102,15.6,0.0,90,0,0,0,1,0,0,0,0.9948267913584063,0.10158570369662134,0.6702291758433747,0.7421541968137826,0.3590583540221683,0.933315112063922,0.182599134631134,0.9831874470475918,0.09168574849017776,0.9957879912530557,-0.045891223272779696,-0.9989464428219001,0.9997365760093756,-0.022951657653640416,0.7151753832640076,0.6989450415971057,0.38797870972702503,0.9216683355733519,0.19790359322994627,0.9802214891475681,1,0,0,0,99,0
1701884580,12,7,3,103,15.6,0.0,90,0,0,0,1,0,0,0,0.6229886314423488,-0.7822308898871159,0.9439891127251193,0.32997659774057014,0.5788019532877502,0.8154681470604999,0.3037530682474665,0.95275079298327,0.15370297169659722,0.9881170965485999,-0.07708081295432778,-0.9970248483735498,0.9992559352772317,-0.03856910438712712,0.7206140105448711,0.6933364607507934,0.3915760074680308,0.9201457658302823,0.19981770963770668,0.9798330893142674,1,0,0,0,99,0
1701884640,12,7,3,104,15.6,0.0,90,0,0,0,1,0,0,0,-0.32162240316253093,-0.9468680107512125,0.9866275920404853,-0.16299078079570548,0.7625584504796027,0.6469193223286404,0.4201670368266409,0.9074467814501962,0.21511998808781552,0.9765876257280235,-0.10819513453010837,-0.9941296760805463,0.9985313405398316,-0.05417713502693632,0.7260086552607126,0.6876855622205048,0.39516733024093426,0.9186091557949183,0.2017310638016388,0.9794409517155483,1,0,0,0,99,0
1701884700,12,7,3,105,15.5,0.0,91,0,0,0,1,0,0,0,-0.9705352835374847,-0.24095904923620143,0.7877052269841179,-0.616052331690985,0.8989027566124672,0.43814818743720435,0.5300244393246389,0.8479823663960249,0.27569696552916134,0.961244601128148,-0.13920380539312127,-0.9902637530295018,0.9975629686965886,-0.06977193909623788,0.7313589881502236,0.6819926909079606,0.3987526232465684,0.9170585289140385,0.20364364842287808,0.9790450778472967,1,0,0,0,99,0
1701884760,12,7,3,106,15.5,0.0,91,0,0,0,1,0,0,0,-0.7271425000808527,0.6864865509069841,0.39592515018183416,-0.9182827862121189,0.979357643103917,0.20213512038718198,0.6316109877182386,0.775285470129288,0.33519735222008545,0.9421479369316923,-0.1700765461024943,-0.9854308542286699,0.9963510561615996,-0.08534970934727917,0.7366646826566614,0.6762581942766833,0.4023318317777731,0.9154939088483012,0.2055554562054955,0.9786454692196509,1,0,0,0,99,0
1701884820,12,7,3,107,15.5,0.0,91,0,0,0,1,0,0,0,0.18478174456066745,0.9827795820412206,-0.09279121175730869,-0.9956855884367365,0.9989208147888241,-0.046445729422969886,0.7233414578962587,0.6904905034021214,0.39338880042387997,0.9193722052036709,-0.20078320995084364,-0.9796356989217142,0.9948958988059289,-0.10090664269087,0.7419254149477796,0.6704824223307908,0.4059049012202299,0.9139153194718838,0.2074664798565255,0.9782421273569963,1,0,0,0,99,0
1701884880,12,7,3,108,15.5,0.0,91,0,0,0,1,0,0,0,0.926818505417785,0.3755095977670121,-0.5587890488516163,-0.8293098328631502,0.956375928404503,-0.2921388087338362,0.8037844265516209,0.594920663309892,0.4500440737806176,0.8930063446890767,-0.23129381240202182,-0.9728839459794464,0.9931978518853749,-0.11643894112485227,0.7471408639355942,0.6646657275936332,0.40947177705329507,0.9123227848721178,0.20937671208599365,0.9778350537979598,1,0,0,0,99,0
1701884940,12,7,3,109,15.5,0.0,91,0,0,0,1,0,0,0,0.8167426066363169,-0.577002178942952,-0.8879758383376634,-0.4598901070131037,0.8543682189235223,-0.5196681118689583,0.8716846080633058,0.49006728524307847,0.5049419346602744,0.8631533135089845,-0.26157856037050853,-0.9651821883740356,0.99125732995374,-0.13194281266132774,0.7523107112959804,0.6588084650862769,0.413032404850832,0.9107163293491221,0.21128614560694461,0.977424250095403,1,0,0,0,99,0
1701885060,12,7,3,111,15.5,0.0,91,0,0,0,1,0,0,0,-0.8645514486106083,-0.5025443191453852,-0.8667595742607592,0.49872621790648564,0.500636485932415,-0.8656576164704166,0.9658306312367652,0.2591740568899436,0.608615618888497,0.7934652030460894,-0.3213524521097596,-0.9469596620358465,0.9866508151407586,-0.1628501427143272,0.7625123417736683,0.6469736692036518,0.4201346991122895,0.9074617537956219,0.21510258739073557,0.9765914585423174,1,0,0,0,99,0
1701885120,12,7,3,112,15.5,0.0,91,0,0,0,1,0,0,0,-0.8899956043668333,0.4559691044442761,-0.5215510020869119,0.8532201077225842,0.27090578830786904,-0.9626058663135666,0.9906073556948704,0.1367372182078336,0.6569865987187891,0.7539022543433046,-0.35078322768961984,-0.9364566872907963,0.9839859468739369,-0.17824605564949209,0.7675435022360271,0.6409968581633251,0.42367625720393803,0.9058136834259364,0.21700958109501015,0.9761694738686353,1,0,0,0,99,0
1701885180,12,7,3,113,15.5,0.0,91,0,0,0,1,0,0,0,-0.09718190589320902,0.9952666362171313,-0.04864855487508726,0.9988159580766447,0.02433148087720227,-0.9997039456950855,0.9999259836845639,0.012166640968536861,0.7027920599407278,0.7113953334709671,-0.37987146940052824,-0.9250392784825321,0.9810808525505256,-0.19359845236657747,0.7725278157990745,0.6349809239785958,0.4272113505171674,0.9041517914539007,0.2189157469736923,0.9757437654051141,1,0,0,0,99,0
1701885240,12,7,3,114,15.5,0.0,91,0,0,0,1,0,0,0,0.7849803886813105,0.6195206125592099,0.43616475524782494,0.8998668269691937,-0.22375564018679642,-0.9746452757206577,0.9936411011327626,-0.11259379263383548,0.7458531332084875,0.6661104290454266,-0.4085887730680895,-0.9127185845169985,0.9779362414076386,-0.2089035847981091,0.7774649782460008,0.6289262338310793,0.4307399251108032,0.9024761032379415,0.2208210777553385,0.9753143347757023,1,0,0,0,99,0
1701885300,12,7,3,115,15.4,0.0,92,0,0,0,1,0,0,0,0.9454353340247703,-0.3258098052199642,0.8141897215084345,0.580598912666927,-0.45793071928681145,-0.8889878831195976,0.9718507815296538,-0.23559723776012562,0.7860016659524729,0.618224377649359,-0.43690709673261263,-0.8995066363427673,0.9745528811569866,-0.2241577164155103,0.7823546882378575,0.6228331572678552,0.4342619271431383,0.9007866443469994,0.22272556617169098,0.9748811836185473,1,0,0,0,99,0
1701885360,12,7,3,116,15.4,0.0,92,0,0,0,1,0,0,0,0.23666139336428604,-0.9715921906288022,0.9928726480845371,0.11918013544881928,-0.6636338842129675,-0.7480575296890004,0.934895055524683,-0.354924266788705,0.8230808790115055,0.5679241732886948,-0.46479878803160896,-0.8854163352030204,0.9709315977974505,-0.2393571231413216,0.7871966473319489,0.616702066178912,0.4377773028727551,0.8990834405601384,0.2246292049577053,0.9744443135859889,1,0,0,0,99,1
1701885420,12,7,3,117,15.4,0.0,92,0,0,0,1,0,0,0,-0.689697940935389,-0.7240971967004738,0.9284657227653786,-0.37141809547969407,-0.8280755084772445,-0.5606165822201061,0.8833506048619953,-0.4687128213415406,0.8569459788520921,0.5154062371850283,-0.49223661120185463,-0.8704614400377044,0.967073275413426,-0.254498094258381,0.7919905600000485,0.610533334774449,0.44128599865934504,0.897366517866153,0.22653198685157808,0.9740037263445538,1,0,0,0,99,1
1701885480,12,7,3,118,15.4,0.0,92,0,0,0,1,0,0,0,-0.9819521690440836,0.1891294205289584,0.6367380071391379,-0.7710802229758452,-0.9410314083429535,-0.3383192109710552,0.8180217634546941,-0.5751872690824027,0.8874647229840752,0.46087565075494996,-0.5191937736746512,-0.8546565540481598,0.9629788559589872,-0.26957693331574223,0.7967361336464357,0.6043273395620364,0.4447879609645272,0.8956359024631707,0.22843390459477475,0.9735594235749482,1,0,0,0,99,1
1701885540,12,7,3,119,15.4,0.0,92,0,0,0,1,0,0,0,-0.3714041014380902,0.9284713207390763,0.18911462035089152,-0.9819550195245901,-0.9954785330494551,-0.09498678980629327,0.7399279660231438,-0.6726861118655962,0.9145179363647266,0.40454535477150383,-0.5456439522383145,-0.8380171104373418,0.9586493390279216,-0.2845899590311104,0.8014330786257547,0.598084459323635,0.44828313635266553,0.8938916207582536,0.2303349509320572,0.9731114069720521,1,0,0,0,99,1
1701885660,12,7,3,121,15.4,0.0,92,0,0,0,1,0,0,0,0.9988152247235795,-0.04866360920015389,-0.7241075918674496,-0.6896870271361664,-0.9191536942035773,0.3938990815322077,0.5505001900398365,-0.8348350380560844,0.9578191473488313,0.28737167740046654,-0.5969205653181726,-0.8023003419544537,0.949289297831397,-0.3144039265384152,0.8106799388594784,0.5854895701298123,0.4552529131538796,0.8903621651131107,0.2341344003845754,0.9722042391167379,1,0,0,0,99,1
1701885720,12,7,3,122,15.4,0.0,92,0,0,0,1,0,0,0,0.4987131538963941,-0.8667670910519801,-0.9661177700083929,-0.25810163593826746,-0.7931272394572851,0.6090559761063561,0.4421221685765394,-0.8969548417022889,0.9738980546500462,0.2269858567154693,-0.621696929091873,-0.7832578939006837,0.9442610586857545,-0.3291975896777772,0.8152292897331944,0.579138329901511,0.4587274082167366,0.8885770450280356,0.23603278900606633,0.9717450913248895,1,0,0,0,99,1
1701885840,12,7,3,124,15.4,0.0,92,0,0,0,1,0,0,0,-0.9956869868891794,-0.09277620459766088,-0.7391806966492228,0.6735071623235863,-0.404037645323065,0.9147423578045313,0.2064674819377966,-0.9784534628188842,0.9945987791111761,0.10379435721925297,-0.669404826237736,-0.7428978251479987,0.9335142808623762,-0.3585402173062328,0.8241784446666367,0.5663301963933087,0.46565534658516017,0.8849661565261433,0.23982685783066157,0.9708156767703494,1,0,0,0,99,1
1701885900,12,7,3,125,15.5,0.0,91,0,0,0,1,0,0,0,-0.6160404591886565,0.7877145121442345,-0.32579555541456173,0.9454402445803316,-0.165166212373579,0.9862657462824945,0.08286812933059823,-0.9965605215646701,0.99913976038507,0.04146973857724405,-0.6922897736579516,-0.7216196153712994,0.9277983658563156,-0.37308201821362325,0.8285777025160715,0.5598740848558614,0.469108684178911,0.8831404432070421,0.2417225235605465,0.9703454135530919,1,0,0,0,99,1
1701885960,12,7,3,126,15.5,0.0,91,0,0,0,1,0,0,0,0.329990825673782,0.9439841391523142,0.16735570030280691,0.9858965815825497,0.08397445569174683,0.9964679075571249,-0.04202435271884079,-0.999116586679734,0.9997791222764492,-0.021016818506448383,-0.7144987118625367,-0.6996367562862716,0.9218559421857278,-0.38753273649701414,0.832926388253192,0.5533838014899721,0.47255486375130445,0.8813012542513405,0.2436172671924749,0.9698714487630153,1,0,0,0,99,0
1701886020,12,7,3,127,15.5,0.0,91,0,0,0,1,0,0,0,0.972630067242408,0.23235910202965793,0.6195324438519512,0.784971051068018,0.3278939988258263,0.9447145206537312,-0.16626105879951092,-0.9860817716228536,0.9965143680908102,-0.08342130536363722,-0.7360099542002259,-0.6769707137817569,0.9156884606081254,-0.40188884422078897,0.8372242364566345,0.5468597424290853,0.4759938327178802,0.8794486177227995,0.24551108149857567,0.9693937842081513,1,0,0,0,99,0
1701886080,12,7,3,128,15.5,0.0,91,0,0,0,1,0,0,0,0.7210377105017316,-0.6928958219201651,0.9200260381967906,0.39185723042955,0.5514266812416906,0.8342233605065102,-0.2879033166650653,-0.9576594803233847,0.9893582466233818,-0.14550003380861354,-0.7568024953079283,-0.6536436208636119,0.9092974268256817,-0.4161468365471424,0.8414709848078965,0.5403023058681398,0.479425538604203,0.8775825618903728,0.24740395925452294,0.9689124217106447,1,0,0,0,99,0
1701886140,12,7,3,129,15.5,0.0,91,0,0,0,1,0,0,0,-0.19347339203846847,-0.9811055226493881,0.9952651713612277,-0.0971969067167568,0.740674323409674,0.6718642322981792,-0.4050529395658183,-0.914293233130974,0.9783387023753517,-0.20701058773529676,-0.7768560316221071,-0.6296782560422042,0.9026844011176343,-0.4303032325917363,0.8456663741073475,0.5337118920392648,0.48284992904666313,0.8757031152277766,0.24929589323956333,0.9684273631067475,1,0,0,0,99,0
1701886200,12,7,3,130,15.5,0.0,91,0,0,0,1,0,0,0,-0.9301059501867618,-0.3672913304546965,0.8268286794901035,-0.562453851238172,0.8838704235458307,0.4677318402470736,-0.5158818468181093,-0.8566597458288424,0.9634987664311881,-0.2677127697469413,-0.7961509812048658,-0.6050980210895829,0.8958509979593657,-0.44435457627350766,0.8498101482900483,0.5270889031873525,0.48626695179327556,0.8738103064130545,0.25118687623654373,0.9679386102468107,1,0,0,0,99,0
1701886320,12,7,3,132,15.5,0.0,91,0,0,0,1,0,0,0,0.05308358714605824,0.9985900724399912,-0.026551154023966794,-0.99964745596635,0.9999118601072672,-0.013276747223059479,-0.711785342369123,-0.7023970575027135,0.9226042102393402,-0.3857479374522218,-0.8323905145579873,-0.5541895264924167,0.8815297857963782,-0.4721284112969602,0.8579418428124834,0.513746819310368,0.49307868575392305,0.8699847180584174,0.2549659604158785,0.9669500292306779,1,0,0,0,99,0
1701886380,12,7,3,133,15.5,0.0,91,0,0,0,1,0,0,0,0.8689657562142357,0.4948722204034305,-0.5025573497604873,-0.8645438740756395,0.9655423020447212,-0.2602461584004272,-0.7938029221413925,-0.6081750741355538,0.8967092823584335,-0.44261999834194465,-0.8492997110390256,-0.5279109781289149,0.8740454731102137,-0.48584412205515315,0.8619292668354965,0.5070285386173281,0.49647329302927856,0.8680519968922737,0.25685404718217525,0.9664502048456179,1,0,0,0,99,0
1701886440,12,7,3,134,15.5,0.0,91,0,0,0,1,0,0,0,0.8859248164599484,-0.4638288688518717,-0.8555199789753223,-0.5177697997895051,0.8711400001691764,-0.4910347239302405,-0.8634334728079056,-0.504462722145928,0.8673127239196736,-0.4977636376102979,-0.8653795807650819,-0.5011169336540635,0.8663477747573614,-0.4994412209389292,0.8658640831386093,0.5002793115156127,0.49986032473301345,0.8661060303206567,0.2587411541283521,0.9659466937467762,1,0,0,0,99,0
1701886560,12,7,3,136,15.4,0.0,92,0,0,0,1,0,0,0,-0.7904332067228887,-0.6125482394960996,-0.8979276806892913,0.4401430224960407,0.5290826861200238,-0.8485702747846052,-0.9613974918795568,-0.27516333805159693,0.7984871126234903,-0.6020119026848236,-0.8949893582285835,-0.4460874899137928,0.850319789818452,-0.5262663347043051,0.8735749351670712,0.4866896677019633,0.5066114548142574,0.8621744799348805,0.2625123997691533,0.964928619104771,1,0,0,0,99,0
1701886620,12,7,3,137,15.4,0.0,92,0,0,0,1,0,0,0,-0.9425144545582509,0.33416538263076073,-0.5769898687885426,0.8167513032223337,0.30269514100631545,-0.953087431252331,-0.9882022645319962,-0.1531544461445194,0.7593268223052967,-0.6507094412468135,-0.9084903525208217,-0.4179058259663213,0.8419934162350443,-0.5394878006191052,0.8773505002617554,0.4798500804318443,0.5099754501778275,0.860188956111343,0.2643965240776218,0.9644140594452528,1,0,0,0,99,0
1701886680,12,7,3,138,15.4,0.0,92,0,0,0,1,0,0,0,-0.2280522595008612,0.9736488930495181,-0.11478481378318722,0.9933903797222716,0.057487478104924564,-0.9983462274487422,-0.9995864713592172,-0.028755630329187164,0.7172013769957456,-0.6968659733660458,-0.9211042214011522,-0.38931608407176954,0.8334614820349437,-0.5525775583247253,0.8810725164039352,0.4729812055860543,0.5133316639434712,0.8581903068626603,0.26627963979371355,0.9638958208392285,1,0,0,0,99,0
1701886740,12,7,3,139,15.4,0.0,92,0,0,0,1,0,0,0,0.6960801312247417,0.717964101410472,0.375523566896625,0.926812845565509,-0.1912944777489552,-0.9815326906337631,-0.9953724656212274,0.09609190747986249,0.6722752756572777,-0.7403012587723536,-0.9328186476406745,-0.3603461816279218,0.8247260701675199,-0.5655324121445553,0.884740756420929,0.4660834624053104,0.5166800448994956,0.8561785626857608,0.26816173973391433,0.9633739052636211,1,0,0,0,99,0
1701886920,12,7,3,142,15.4,0.0,92,0,0,0,1,0,0,0,-0.5877950071674065,-0.8090099069535975,0.9510546532543747,-0.3090227281660707,-0.8090187662119065,-0.587782813560387,-0.8910058399248534,0.45399184267980686,0.5224979221586403,-0.8526405581133842,-0.9624553387335394,-0.27144008720767066,0.7973205400614205,-0.6035560921705327,0.8954205973090336,0.4452212415358611,0.5266776805903868,0.8500650685494203,0.2738018731223179,0.9617861166988793,1,0,0,0,99,0
1701886980,12,7,3,143,15.4,0.0,92,0,0,0,1,0,0,0,-0.9983453608739179,0.05750252534912421,0.6864755912087755,-0.7271528468448447,-0.9292881272363391,-0.36935562345465606,-0.8274526039159754,0.5615355627853609,0.4682224029318968,-0.8836106503390961,-0.9704665502579407,-0.24123572461485038,0.7877930326598638,-0.6159400439105862,0.8988715269465893,0.43821225227588845,0.52999422059307,0.8480012536181443,0.2756798382017224,0.9612495132945827,1,0,0,0,99,0
1701887040,12,7,3,144,15.4,0.0,92,0,0,0,1,0,0,0,-0.49102159389846933,0.8711474010323434,0.25382336276203626,-0.9672505882738824,-0.9917788534431158,-0.12796368962740468,-0.7509872467716762,0.6603167082440802,0.4121184852417566,-0.9111302618846769,-0.977530117665097,-0.2107957994307797,0.7780731968879212,-0.6281736227227391,0.9022675940990952,0.4311765167986662,0.5333026735360201,0.8459244992310679,0.2775567516463363,0.9607092430155619,1,0,0,0,99,0
1701887100,12,7,3,145,15.4,0.0,92,0,0,0,1,0,0,0,0.4677451620451334,0.8838633737085002,-0.2409736772881011,-0.9705316516498831,-0.9926055741456128,0.1213844066388201,-0.6628029848156917,0.7487938323192908,0.35440525368616455,-0.9350919292559664,-0.9836391435013062,-0.1801500357258271,0.7681634057040947,-0.6402538419541788,0.905608591488116,0.4241144645292243,0.5366029889363158,0.8438348370769082,0.27943260629630523,0.9601653079227838,1,0,0,0,99,0
1701887160,12,7,3,146,15.4,0.0,92,0,0,0,1,0,0,0,0.9964691731217737,0.08395943674184847,-0.6767719568873076,-0.7361927182273159,-0.9317168878547055,0.36318540841606234,-0.5642759039618552,0.8255862790817391,0.29530807719927077,-0.9554020826546641,-0.9887876624065108,-0.14932835856818344,0.7580660784417752,-0.6521777523926344,0.9088943151963913,0.41702652649883415,0.5398951164352044,0.8417322990413384,0.2813073949958138,0.9596177100911952,1,0,0,0,99,0
1701887220,12,7,3,147,15.4,0.0,92,0,0,0,1,0,0,0,0.6090440218832924,-0.7931364191664784,-0.9468728581933475,-0.32160813176404734,-0.8128985581744033,0.582405300557933,-0.4569434863536556,0.889495728083596,0.23505772899056523,-0.9719814113663893,-0.9929706469393719,-0.11836086480254095,0.7477836802185981,-0.6639424429863854,0.9121245646802812,0.4099131353187006,0.5431790057988708,0.8396169172065021,0.2831811105931131,0.9590664516097157,1,0,0,0,99,0
1701887280,12,7,3,148,15.4,0.0,92,0,0,0,1,0,0,0,-0.3383333943242765,-0.9410263090291437,-0.9851462604682474,0.17171734183077755,-0.6435381333569995,0.7654140519453434,-0.34248061846961253,0.939524893748256,0.17388948538043356,-0.9847651734673236,-0.9961840124864793,-0.08727779366103493,0.737318721334619,-0.6755450415549525,0.9152991427820066,0.40277472515355744,0.5464546069192036,0.8374887238505236,0.28505374594054744,0.9585115345812286,1,0,0,0,99,0
1701887340,12,7,3,149,15.4,0.0,92,0,0,0,1,0,0,0,-0.9746486480944947,-0.22374095013558368,-0.7822215000035424,0.6230004212937645,-0.4341656243337532,0.9008330648055067,-0.22267345507995925,0.9748930876782097,0.11204220705116075,-0.9937034486400381,-0.998424621250908,-0.05610949723514686,0.7266737566594609,-0.6869827154903001,0.9184178557416826,0.3956117316951685,0.5497218698145597,0.8353477514470151,0.28692529389458227,0.9579529611225739,1,0,0,0,99,0
1701887400,12,7,3,150,15.4,0.0,92,0,0,0,1,0,0,0,-0.7148764296291646,0.6992508064783751,-0.38778163540943045,0.9217512697247493,-0.19779879963646227,0.9802426408101081,-0.09939154689884817,0.9950484010363788,0.04975740630107862,-0.998761333111264,-0.9996902853162234,-0.02488641083740215,0.7158513850085791,-0.698252672448376,0.9214805132091443,0.38842459213573494,0.5529807446305274,0.8331940326645814,0.288795747315831,0.9573907333645395,1,0,0,0,99,0
1701887520,12,7,3,152,15.4,0.0,92,0,0,0,1,0,0,0,0.933320523748862,0.35904428689111606,0.5661076368981803,0.8243313311075577,0.2963685787093853,0.9550736440472949,0.14987720966295234,0.9887046181866692,-0.0751511204618093,-0.9971721561963784,-0.999292788975378,0.03760215288797655,0.6936850319532718,-0.7202784714566918,0.9274369173848677,0.37397963082453317,0.5594731312473669,0.8288484876093257,0.29253334202332754,0.9562553235431753,1,0,0,0,99,0
1701887580,12,7,3,153,15.4,0.0,92,0,0,0,1,0,0,0,0.8064005807754863,-0.5913696841443247,0.8920116826993705,0.45201234267200896,0.523444198233198,0.8520599575945371,0.2719743024675887,0.9623045145884273,-0.13728708135067327,-0.9905313005121108,-0.9976300167176484,0.06880661119358068,0.6823464621460344,-0.7310289362239981,0.9303303005449188,0.3667226907187513,0.5627065439824068,0.826656727644175,0.29440046905178757,0.9556821458110889,1,0,0,0,99,0
1701887640,12,7,3,154,15.4,0.0,92,0,0,0,1,0,0,0,-0.06192033725605731,-0.9980810948185003,0.9995201585807313,-0.03097503173121646,0.7179745927716441,0.6960693098638897,0.3898273272463786,0.9208879708911095,-0.1988869391248336,-0.9800224412969096,-0.9949930756786476,0.09994388101102124,0.6708413072362862,-0.7416009307609522,0.9331669011385242,0.35944336775008645,0.565931370507906,0.8244523539144292,0.29626647303194026,0.9551053224420931,1,0,0,0,99,0
1701887700,12,7,3,155,15.3,0.0,92,0,0,0,1,0,0,0,-0.8733119827746476,-0.48716134980334147,0.862311240157329,-0.506378638074642,0.8678648045849774,0.49680044380282007,0.5015972269646135,0.8651012784069909,-0.2597101476579314,-0.9656866154211187,-0.9913845407865504,0.13098355732472944,0.6591723760425913,-0.7519918740667114,0.9359465460342037,0.35214210621089365,0.5691475616169792,0.8222354000561195,0.2981313468455477,0.9545248556365935,1,0,0,0,99,0
1701887760,12,7,3,156,15.3,0.0,92,0,0,0,1,0,0,0,-0.8817846188147811,0.47165229356133864,0.5139784559875352,-0.8578030932449878,0.9637953862840878,0.26664293235993725,0.605539869719601,0.7958149698139441,-0.31951919362227366,-0.9475798039779932,-0.9868079357144411,0.16189533041753676,0.6473425173671444,-0.7621992293414946,0.9386690655767598,0.34481935173254513,0.5723550682345072,0.820005899897234,0.299995083378683,0.9539407476088947,1,0,0,0,99,0
1701887820,12,7,3,157,15.3,0.0,92,0,0,0,1,0,0,0,-0.0795485428747221,0.9968309933617175,0.039805820166669656,-0.9992074342602034,0.9998018389311463,0.01990685484696882,0.7000332653356665,0.7141102347841574,-0.378080523973295,-0.9257727136787294,-0.9812677294395066,0.19264901546759924,0.6353546193002774,-0.7722205046059057,0.941334293597632,0.33747555125823137,0.5755538414178853,0.8177638874572022,0.3018576755217579,0.9533530005871913,1,0,0,0,99,0
1701887880,12,7,3,158,15.3,0.0,92,0,0,0,1,0,0,0,0.7958240965274552,0.6055278749869898,-0.4441126687075084,-0.8959709467909631,0.9736454556949781,-0.22806693448309956,0.7836028759783554,0.6212620483809149,-0.43516545796919887,-0.9003505007442698,-0.9747693318791554,0.22321458202336397,0.6232116085153726,-0.782053253309314,0.943942067425039,0.330111153015682,0.5787438323577704,0.8155093969463755,0.30371911616954944,0.9527616168135594,1,0,0,0,99,0
1701887940,12,7,3,159,15.3,0.0,92,0,0,0,1,0,0,0,0.9395197317131483,-0.34249477911590703,-0.8192968873112808,-0.5733695234681091,0.8869525137988248,-0.46186062645125475,0.8549446258241684,0.5187192754991592,-0.49055108016436005,-0.8714124383720832,-0.9673190886083255,0.25356218332779523,0.610916449554358,-0.791695074927145,0.9464922278939074,0.3227266064898082,0.5819249923788253,0.8132424627655053,0.30557939822122726,0.9521665985439484,1,0,0,0,99,0
1701888060,12,7,3,161,15.3,0.0,92,0,0,0,1,0,0,0,-0.702407785577371,-0.7117747556357236,-0.9251418149764185,0.37962168297153187,0.5569462797382114,-0.8305485184417379,0.9566996703359257,0.2910768640396056,-0.5953667508185162,-0.8034540634160753,-0.9495930874369493,0.3134851962883771,0.5858817302628675,-0.8103965684429991,0.9514190896873468,0.30789887264895993,0.5882606256375825,0.8086714019454874,0.3092964581550463,0.9509656676099004,1,0,0,0,99,0
1701888120,12,7,3,162,15.3,0.0,92,0,0,0,1,0,0,0,-0.9784503507933796,0.20648222933781113,-0.6298879942744539,0.7766859820216312,0.33415117684842055,-0.9425194910508831,0.9855251115651197,0.16952950915565845,-0.6443874963266829,-0.7646991268321347,-0.9393346386757316,0.3430020941392817,0.5731482818000584,-0.8194516746395976,0.9537954903016678,0.30045659034243405,0.5914150022013163,0.8063673450551039,0.3111532218577337,0.95035975952665,1,0,0,0,99,0
1701888180,12,7,3,163,15.3,0.0,92,0,0,0,1,0,0,0,-0.35491017584493534,0.9349004048997503,-0.1804156244623088,0.9835904648022342,0.09058017221711874,-0.995889166725453,0.9989717630457462,0.04533670298194944,-0.690891922451714,-0.7229580565226276,-0.9281589455806122,0.3721840562660983,0.5602749074043482,-0.8283067234624195,0.9561136761553041,0.2929959697142441,0.5945603544997581,0.8040509839911409,0.3130087986054538,0.9497502261097759,1,0,0,0,99,0
1701888240,12,7,3,164,15.3,0.0,92,0,0,0,1,0,0,0,0.5949327780232085,0.803775459710974,0.31322878243308516,0.9496776978825432,-0.158622668804709,-0.9873392775238264,0.9968297942787993,-0.07956356727854007,-0.7346984304047954,-0.6783938504738453,-0.9160769210262436,0.40100258697803604,0.5472647499254653,-0.8369595530782943,0.9583735057581397,0.28551746612221973,0.5976966345387016,0.8017223540984184,0.3148631813197452,0.949137069684463,1,0,0,0,99,0
1701888300,12,7,3,165,15.1,0.0,93,0,0,0,1,0,0,0,0.9977972794498907,-0.06633693633562374,0.7301838591531669,0.6832507093535931,-0.397963120556671,-0.9174014141458452,0.979132629970487,-0.2032222746823719,-0.7756359567098382,-0.6311805309567257,-0.9031003629045682,0.429429545468913,0.5341209856067664,-0.8454080510229699,0.9605748411818232,0.2780215360156746,0.6008237944623721,0.7993814909089635,0.31671636292670174,0.9485202925897167,1,0,0,0,99,0
1701888360,12,7,3,166,15.1,0.0,93,0,0,0,1,0,0,0,0.48329156372825655,-0.875459459043705,0.9683644611001854,0.24954011797333814,-0.6125601529754697,-0.7904239741978156,0.9461564284508708,-0.3237097664592346,-0.8135446412026923,-0.5815024649736085,-0.889241942604376,0.45743717329617606,0.5208468233098019,-0.8536501547168418,0.9627175480681864,0.27050863690754695,0.6039417865541566,0.7970284301414683,0.31856833635699866,0.9478998971783541,1,0,0,0,99,0
1701888420,12,7,3,167,15.1,0.0,93,0,0,0,1,0,0,0,-0.47555018687189876,-0.8796885924951523,0.9694556700786149,-0.24526659730265726,-0.78907116196914,-0.6143017998904703,0.8984157723154882,-0.43914587559803503,-0.8482764512816665,-0.5295536443090374,-0.8745151926379088,0.48499812148654897,0.5074455037309183,-0.8616838519685015,0.964801495637445,0.26297922734647544,0.6070505632373322,0.7946632077007452,0.32041909454592027,0.9472758858169951,1,0,0,0,99,0
1701888480,12,7,3,168,15.1,0.0,93,0,0,0,1,0,0,0,-0.9971732887740798,-0.07513609089835323,0.7331903200732922,-0.6800234955873388,-0.9165215479156338,-0.39998531498835127,0.836655638536056,-0.5477292602242684,-0.8796957599716702,-0.47553692799599256,-0.858934493426592,0.5120854772418407,0.4939202986100892,-0.8695071814659844,0.9668265566961802,0.2554337668888117,0.6101500770757914,0.7922858596771786,0.3222686304333866,0.9466482608860534,1,0,0,0,99,0
1701888540,12,7,3,169,15.1,0.0,93,0,0,0,1,0,0,0,-0.6019998676776046,0.7984961861625556,0.31741440880766936,-0.9482869255037094,-0.9869870631127111,-0.16079968049764676,0.7618397733439909,-0.6477655129374955,-0.907679875544648,-0.4196632501557079,-0.8425150592587969,0.538672790218836,0.4802745099321658,-0.8771182332555959,0.9687926076451028,0.24787271607057126,0.6132402807747664,0.7898964223461742,0.3241169369639805,0.9460170247797273,1,0,0,0,99,0
1701888660,12,7,3,171,15.1,0.0,93,0,0,0,1,0,0,0,0.9765908679435658,0.21510526876214117,-0.6264561960895026,-0.7794566276458689,-0.943254108829076,0.33207180876591375,0.5778962671769416,-0.8161102280837784,-0.9529192589311485,-0.3032241513437061,-0.8072249226032686,0.5902439532330229,0.45263453622485383,-0.8916961234728519,0.9725472028320404,0.23270569022603224,0.6193925692862192,0.7850814257852596,0.32780983375635664,0.944743728686584,1,0,0,0,99,0
1701888720,12,7,3,172,15.1,0.0,93,0,0,0,1,0,0,0,0.7086591401823227,-0.7055510066862999,-0.9234584470040598,-0.38369844494974187,-0.8317747426285983,0.5551133015206257,0.47163900309419615,-0.8817917275413242,-0.9699978679206785,-0.24311342256103,-0.7883886803350966,0.6151774449047079,0.4386470990986331,-0.898659402917676,0.9743355179089173,0.22510064091681745,0.6224545602223437,0.7826559400262728,0.32965440993086015,0.9441016735570044,1,0,0,0,99,0
1701888780,12,7,3,173,15.1,0.0,93,0,0,0,1,0,0,0,-0.2108105329134813,-0.9775269404025313,-0.9943658633527529,0.10600249902117563,-0.6685796515669709,0.7436405378343678,0.3580219701119138,-0.9337131620134654,-0.983288655994125,-0.18205334106592852,-0.7687825898997481,0.6395102262411726,0.4245525725742499,-0.9054032875578629,0.9760643645676915,0.2174818526246926,0.62550705326771,0.7802185119005741,0.3314977285739873,0.943456016966497,1,0,0,0,99,0
1701888840,12,7,3,174,15.1,0.0,93,0,0,0,1,0,0,0,-0.9364619742512132,-0.3507691132091307,-0.8218178366308225,0.5697503342653119,-0.4638155159838274,0.8859318072699817,0.23881812402958275,-0.9710643148808378,-0.9927397229084867,-0.1202823451699422,-0.7484257963118128,0.6632185366943757,0.41035439762821135,-0.9119261309706986,0.9777336372884741,0.20984979036122642,0.6285500018450296,0.7777691786003179,0.33333978265403763,0.9428067613780455,1,0,0,0,99,0
1701888900,12,7,3,175,15.1,0.0,93,0,0,0,1,0,0,0,-0.8011345951780408,0.5984842190140996,-0.44806014160260915,0.8940034169437217,-0.23021357807075407,0.9731401278705245,0.11588760099655933,-0.9932623338953623,-0.9983141624497176,-0.058041649290133286,-0.7273381776347689,0.6862792255014961,0.3960560405413001,-0.9182263406975145,0.9793432341874616,0.2022049199481623,0.6315833595226515,0.7753079774993168,0.3351805651441348,0.9421539092683628,1,0,0,0,99,0
1701888960,12,7,3,176,15.1,0.0,93,0,0,0,1,0,0,0,0.07075223608034517,0.9974939203271522,0.03539830273366068,0.9993732836951247,0.017701925105413577,0.9998433086476912,-0.008851309290403876,-0.9999608263946371,-0.9999902065507035,0.004425697988050785,-0.7055403255703919,0.70866977429126,0.3816609920523317,-0.9243023786324636,0.9808930570231557,0.19454770798898718,0.6346070800152693,0.7728349461524715,0.33702006902225307,0.9414974631278811,1,0,0,0,99,0
1701889020,12,7,3,177,15.1,0.0,93,0,0,0,1,0,0,0,0.8775897877771157,0.47941231147032193,0.5101900080017631,0.8600617162362019,0.2645168083164075,0.9643810751555119,-0.13345209785628734,-0.9910552646435797,-0.9977613102950975,0.06687576301030233,-0.6830535253513071,0.7303683190727478,0.3671727665059408,-0.9301527613980265,0.9823830112023585,0.1868786218404523,0.6376211171846285,0.7703501222951977,0.3388582872712443,0.9408374254607429,1,0,0,0,99,0
1701889140,12,7,3,179,15.1,0.0,93,0,0,0,1,0,0,0,0.07072216723899125,-0.9974960526543551,0.9993738171110836,0.03538323999893738,0.6944842546815092,0.7195079012766077,-0.374494391629162,-0.9272291791344273,-0.9816387266032314,0.19074960139614014,-0.6361015636688295,0.7716053399880473,0.33793095449511035,-0.9411709037119792,0.9851829534944205,0.17150669999743565,0.6436199577400332,0.7653452488901449,0.34253083883780094,0.9395065856315603,1,0,0,0,99,0
1701889200,12,7,3,180,15.1,0.0,93,0,0,0,1,0,0,0,-0.8011526357338304,-0.5984600690578581,0.8939966636005579,-0.4480736161291702,0.8509035245341184,0.5253219888177297,-0.4871745124605095,-0.8733046400935156,-0.9678079975112615,0.2516896500717544,-0.6116822499992318,0.7911035488707386,0.32318450699968687,-0.9463359733389455,0.9864927707132337,0.16380480252583335,0.6466046695911524,0.7628252757105762,0.3443651581456984,0.9388357885462655,1,0,0,0,99,0
1701889260,12,7,3,181,15.1,0.0,93,0,0,0,1,0,0,0,-0.936451400117644,0.3507973420904214,0.5697379476169631,-0.8218264239151785,0.9544177345154423,0.29847409944986975,-0.5922524379646446,-0.8057524742282427,-0.9501979989002931,0.31164685605004694,-0.5866656389929246,0.8098292585632008,0.3083591586419959,-0.9512700086103841,0.987742377497894,0.15609290725336597,0.6495795150505572,0.7602936627558348,0.3461981638051863,0.9381614100877936,1,0,0,0,99,0
1701889320,12,7,3,182,15.1,0.0,93,0,0,0,1,0,0,0,-0.21078106590019152,0.9775332947055968,0.10598751175115685,-0.9943674609282015,0.9985908724117705,0.05306853621402457,-0.688088462258297,-0.7256268104935293,-0.9288774974380447,0.37038708772476847,-0.5610761589460167,0.8277641837276992,0.2934585288182137,-0.9559718049523478,0.9889316975788438,0.1483714848743724,0.652544448725766,0.7577504486552193,0.34802984882390525,0.9374834528286937,1,0,0,0,99,0
1701889380,12,7,3,183,15.1,0.0,93,0,0,0,1,0,0,0,0.7086804082392084,0.705529644294206,-0.38371236343503057,-0.9234526637284138,0.9806764664578257,-0.19563657157033057,-0.7731870962355524,-0.6341779830732337,-0.9039297492264633,0.42768096574828196,-0.5349387975515134,0.8448908112141716,0.27848625530340665,-0.9604402144886925,0.9900606583661156,0.14064100666467697,0.6554994253755387,0.7551956722150481,0.3498602062145335,0.9368019193551667,1,0,0,0,99,0
1701889500,12,7,3,185,15.0,0.0,93,0,0,0,1,0,0,0,0.346621180094276,-0.9380052012169503,-0.9843792971250844,-0.17606078322989716,0.7668313971238714,-0.6418485868061496,-0.9060487257333762,-0.4231733765218757,-0.8435559781430856,0.537041257017617,-0.4811230315534598,0.876653083328182,0.2483414148625013,-0.9686725667964852,0.9921372301240603,0.12515477059128596,0.6613793273941642,0.7500515884228517,0.3535169101875809,0.9354281341778351,1,0,0,0,99,0
1701889560,12,7,3,186,15.0,0.0,93,0,0,0,1,0,0,0,-0.6020239375552833,-0.7984780389030324,-0.9482821412699473,0.31742870151970165,0.5841965844132856,-0.8116121923430246,-0.9517384599623535,-0.3069102537037296,-0.808365713555359,0.5886806206663637,-0.45349717713213844,0.8912577126360152,0.23317620736685893,-0.9724344997571855,0.9930847143514961,0.1173999579276213,0.6643041630429463,0.7474623595632162,0.3553432428207858,0.9347358877146036,1,0,0,0,99,0
1701889680,12,7,3,188,15.0,0.0,93,0,0,0,1,0,0,0,-0.47552366901205834,0.879702927248347,-0.24525198546765434,0.9694593666699876,0.123573122745224,-0.9923354691509287,-0.9980820279793963,-0.061905293994420546,-0.72866497582717,0.6848703183835534,-0.39694437999324705,0.9178426658157577,0.20267872876086712,-0.9792452874065205,0.9947977903590559,0.10186930988644112,0.6701233804731629,0.7422497254585013,0.35899183454606504,0.9333407002425484,1,0,0,0,99,0
1701889740,12,7,3,189,15.0,0.0,93,0,0,0,1,0,0,0,0.48331795366796265,0.8754448901342752,0.24955471330524379,0.9683606998774462,-0.1257761903592125,-0.9920586423890088,-0.9980126858885634,0.06301332244450873,-0.6844657323619245,0.7290450337408892,-0.36807266012236683,0.9297970299320409,0.1873539031725241,-0.982292479339031,0.9955632775818498,0.09409442241963412,0.673017673460499,0.7396263997518051,0.360814079719871,0.9326377645559408,1,0,0,0,99,0
1701889800,12,7,3,190,15.0,0.0,93,0,0,0,1,0,0,0,0.9977992786806003,0.06630685835171127,0.683261714736121,0.7301735609948197,-0.36730534913419133,-0.9301004142012893,-0.9823696896284233,0.18694863706204273,-0.6375936648595081,0.7703728438431753,-0.3388415235451705,0.9408434630275048,0.17198333781575365,-0.9850998586507625,0.9962680007535027,0.08631379191426318,0.6759016970261789,0.7369917882562408,0.36263494849763117,0.931931271139734,1,0,0,0,99,0
1701889920,12,7,3,192,15.0,0.0,93,0,0,0,1,0,0,0,-0.3549383576518463,-0.9348897059372352,0.9835877454343449,-0.18043044929108396,-0.7682546613236668,-0.6401443394691997,-0.9055783620066239,0.424179007336997,-0.5365729180004349,0.8438539587324921,-0.27941549819892586,0.960170286650366,0.1411200080598672,-0.9899924966004454,0.9974949866040544,0.0707372016677029,0.6816387600233341,0.7316888688738209,0.36627252908604757,0.9305076219123143,1,0,0,0,99,0
1701890040,12,7,3,194,15.0,0.0,93,0,0,0,1,0,0,0,-0.7023863292684922,0.711795928940826,0.3796077390275217,-0.9251475365964139,-0.981108438603097,-0.1934586046207122,-0.7724825579327705,0.6350359814133715,-0.42717913021742326,0.904167014830051,-0.2188983613117615,0.9757476658516921,0.11011887701095537,-0.9939184236776407,0.9984784483597131,0.055143341947869365,0.6873342193038735,0.7263412909741086,0.3699045208063098,0.929069774283425,1,0,0,0,99,0
1701890100,12,7,3,195,14.8,0.0,93,0,0,0,1,0,0,0,0.21945466799406363,0.9756226979194443,-0.11040222389190282,-0.9938869900344416,-0.9984705779426957,0.05528566706461281,-0.6872824502835014,0.7263902763200416,-0.36987141257466655,0.9290829554781537,-0.18830433415331466,0.9821107258039069,0.09457609157734605,-0.9955176356559202,0.9988787803472252,0.04734112558906797,0.6901662388189284,0.7236508569707729,0.37171840351886476,0.9283455329161585,1,0,0,0,99,0
1701890160,12,7,3,196,14.8,0.0,93,0,0,0,1,0,0,0,0.9395300555699313,0.3424664577455166,-0.5733818719904229,-0.8192882452914593,-0.9537526527594719,0.3005925437436371,-0.5913575298651244,0.8064094939122546,-0.3111193549811273,0.9503708470676735,-0.157526431008143,0.987514771299061,0.07901021674738969,-0.9968738062811815,0.999218145922396,0.03953601977196579,0.692987727246318,0.7209493809456964,0.37353086823869297,0.9276177501928519,1,0,0,0,99,0
1701890220,12,7,3,197,14.8,0.0,93,0,0,0,1,0,0,0,0.7958058429196471,-0.6055518643146514,-0.8959776404338033,-0.44409916442465225,-0.8497350070535673,0.5272100319490078,-0.486204672977848,0.873844961062604,-0.2511523829644027,0.9679475608375188,-0.1265947059763584,0.9919545253784365,0.06342505270618003,-0.9979866044638166,0.9994965243721002,0.03172850087999289,0.6957986415336003,0.7182369041200796,0.3753419080517924,0.9268864288897749,1,0,0,0,99,0
1701890280,12,7,3,198,14.8,0.0,93,0,0,0,1,0,0,0,-0.07957859166428352,-0.9968285949694307,-0.9992068341863537,0.0398208803931389,-0.6928849542336957,0.7210481538680822,-0.3734647547841147,0.9276443698605846,-0.19020466626691288,0.9817444600965631,-0.0955393633625346,0.9954256526975189,0.04782440434799511,-0.998855758530109,0.9997138987055519,0.023919045443861007,0.6985989387896817,0.7155134678829815,0.37715151604959674,0.9261515717966962,1,0,0,0,99,0
1701890340,12,7,3,199,14.8,0.0,93,0,0,0,1,0,0,0,-0.8817988360675502,-0.47162571251991114,-0.857795346373455,0.5139913848889341,-0.49295467089331135,0.8700549939196184,-0.2548970440004961,0.9669681985255819,-0.12851420441806832,0.9917076682484567,-0.06439072818171633,0.997924763759387,0.03221208034738687,-0.9994810562885589,0.9998702556553423,0.016108130112478542,0.7013885762854716,0.7127791137906885,0.3789596853290014,0.9254131817168719,1,0,0,0,99,0
1701890520,12,7,3,202,14.8,0.0,93,0,0,0,1,0,0,0,0.8064184068658303,0.591345375451585,0.45202578717835057,0.8920048697881602,0.23237376165548454,0.9726265649744922,0.11699024537436405,0.9931330638374931,0.05859580259074419,0.9982817898362899,0.029310494397997367,0.999570355161729,-0.014656821590492326,-0.9998925830212285,0.9999731453947223,-0.007328607602110553,0.7096931053638997,0.7045109624405745,0.3843754919082546,0.9231768417915862,1,0,0,0,99,0
1701890640,12,7,3,204,14.8,0.0,93,0,0,0,1,0,0,0,0.2021203593127912,-0.9793606896089245,0.9948267913584063,0.10158570369662134,0.6702291758433747,0.7421541968137826,0.3590583540221683,0.933315112063922,0.182599134631134,0.9831874470475918,0.09168574849017776,0.9957879912530557,-0.045891223272779696,-0.9989464428219001,0.9997365760093756,-0.022951657653640416,0.7151753832640076,0.6989450415971057,0.38797870972702503,0.9216683355733519,1,0,0,0,99,0
1701890700,12,7,3,205,14.8,0.0,93,0,0,0,1,0,0,0,-0.7148975077677644,-0.6992292566729738,0.9217454249067293,-0.3877955281633778,0.833005260536624,0.5532650684060137,0.4726176740209713,0.8812675724222507,0.24365182902837945,0.9698627666897649,0.12275429383576587,0.9924370928904676,-0.06149352449458594,-0.998107482411205,0.9995267586241013,-0.030761319776588504,0.7179001740411366,0.696146062340157,0.3897781020400216,0.9209088071954131,1,0,0,0,99,1
1701890760,12,7,3,206,14.8,0.0,93,0,0,0,1,0,0,0,-0.97464190312541,0.22377033018717848,0.6229886314423488,-0.7822308898871159,0.9439891127251193,0.32997659774057014,0.5788019532877502,0.8154681470604999,0.3037530682474665,0.95275079298327,0.15370297169659722,0.9881170965485999,-0.07708081295432778,-0.9970248483735498,0.9992559352772317,-0.03856910438712712,0.7206140105448711,0.6933364607507934,0.3915760074680308,0.9201457658302823,1,0,0,0,99,3
1701890820,12,7,3,207,14.8,0.0,93,0,0,0,1,0,0,0,-0.3383050275409778,0.9410365074429887,0.17170249351277814,-0.9851488485104646,0.9962802940213323,0.08617178044329644,0.6759542216587983,0.7369436140042521,0.36266815823542314,0.9319183478192314,0.18450156121394817,0.9828322206305692,-0.09264928323908087,-0.9956988050185078,0.9989241224984278,-0.04637453493832645,0.7233168513654049,0.6905162797000783,0.39337241915258986,0.9193792143887304,1,0,0,0,99,7
1701890880,12,7,3,208,14.8,0.0,93,0,0,0,1,0,0,0,0.6090679301910603,0.7931180595679168,-0.32162240316253093,-0.9468680107512125,0.9866275920404853,-0.16299078079570548,0.7625584504796027,0.6469193223286404,0.4201670368266409,0.9074467814501962,0.21511998808781552,0.9765876257280235,-0.10819513453010837,-0.9941296760805463,0.9985313405398316,-0.05417713502693632,0.7260086552607126,0.6876855622205048,0.39516733024093426,0.9186091557949183,1,0,0,0,99,9
1701890940,12,7,3,209,14.8,0.0,93,0,0,0,1,0,0,0,0.9964666417661079,-0.08398947462256867,-0.7362029185702026,-0.6767608607837156,0.9156311650396451,-0.40201936471784816,0.837263209724949,0.5468000709958585,0.4760251721307086,0.879431654819139,0.24552835394396,0.9693894095819128,-0.12371457153077643,-0.9923178446399905,0.9980776133748294,-0.061976428422463405,0.7286893811571785,0.684844351505339,0.39696073388602365,0.9178355929863853,1,0,0,0,99,13
1701891060,12,7,3,211,14.8,0.0,93,0,0,0,1,0,0,0,-0.491047853850463,-0.8711325991081119,-0.9672467624934477,0.2538379413049674,0.6108035931029845,-0.7917821484805551,0.9465152266288576,0.3226591479560474,0.5819539724256346,0.813221724979125,0.3055963637061761,0.9521611536339647,-0.15465905464284221,-0.9879679027260867,0.9969874379163678,-0.07756319125046778,0.7340174355049299,0.6791306239412018,0.4005429914870551,0.916277966542141,1,0,0,0,99,23
1701891120,12,7,3,212,14.8,0.0,93,0,0,0,1,0,0,0,-0.9983470937967718,-0.057472430847665464,-0.7271425000808527,0.6864865509069841,0.39592515018183416,-0.9182827862121189,0.979357643103917,0.20213512038718198,0.6316109877182386,0.775285470129288,0.33519735222008545,0.9421479369316923,-0.1700765461024943,-0.9854308542286699,0.9963510561615996,-0.08534970934727917,0.7366646826566614,0.6762581942766833,0.4023318317777731,0.9154939088483012,1,0,0,0,99,25
1701891180,12,7,3,213,14.8,0.0,93,0,0,0,1,0,0,0,-0.5877706198198406,0.8090276252864301,-0.30900839366720273,0.9510593107915064,0.15642999905467883,-0.9876890479274097,0.9969175111129831,0.07845684187051573,0.6788015756204033,0.7343217421098587,0.3644710262079424,0.9312147287575134,-0.1854525158126556,-0.9826532269212557,0.9956538622737461,-0.09313101813774066,0.7393006892116836,0.6733754457441478,0.4041191372948405,0.9147063588234609,1,0,0,0,99,25
1701891300,12,7,3,215,14.9,0.0,93,0,0,0,1,0,0,0,0.9802456219572225,0.19778402522372224,0.6333308672314487,0.7738811359710619,-0.3362431144491573,-0.9417752215818438,0.9853362932476007,-0.17062353064298638,0.7650567072586797,0.6439629140552325,0.4219224371521189,0.906631930293444,-0.21606488574795768,-0.9763790069162293,0.9940772120203313,-0.10867610842262153,0.7445388198148641,0.6675791681805906,0.4076891167417947,0.9131207938111449,1,0,0,0,99,25
1701891420,12,7,3,217,14.9,0.0,93,0,0,0,1,0,0,0,-0.22808160941352784,-0.9736420181192547,0.9933886495524434,-0.1147997863254662,-0.7465921866472573,-0.665281975433926,0.9124916370668626,-0.4090953584227484,0.8393733848600241,0.5435552601057465,0.4777262500084402,0.8785087535436817,-0.24646627198900695,-0.9691513693803672,0.9922578720726702,-0.1241946669942652,0.749731507605978,0.6617421450254377,0.4112528753544237,0.9115212956989643,1,0,0,0,99,25
1701891540,12,7,3,219,14.9,0.0,93,0,0,0,1,0,0,0,-0.7904147414931815,0.6125720663156844,0.44012948872139646,-0.8979343145007,-0.9741494532413135,-0.22590449917974179,0.7829126704747286,-0.6221316182369524,0.9005919215263238,0.4346656081190733,0.531664552081915,0.8469550189115929,-0.2766269880980588,-0.9609773719790682,0.9901962865965183,-0.1396829052191638,0.7548784356501264,0.6558647325404974,0.4148103587541557,0.9099078888932927,1,0,0,0,99,25
1701891600,12,7,3,220,14.9,0.0,93,0,0,0,1,0,0,0,0.08839871248753149,0.9960851708717215,-0.044242678085070965,-0.999020813314648,-0.9997551733586199,0.022126756261955736,0.6992400316550977,-0.7148869687796651,0.9259824428086272,0.3775665710972933,0.5578680080909402,0.8299296871112918,-0.2916078813138529,-0.9565379467410825,0.9890748067616226,-0.14741447225241752,0.7574346414881015,0.6529109923058358,0.41658673028204113,0.909095977415431,1,0,0,0,99,25
1701891720,12,7,3,222,14.9,0.0,93,0,0,0,1,0,0,0,0.8689508382163492,-0.49489841458940237,-0.8645514486106083,-0.5025443191453852,-0.8667595742607592,0.49872621790648564,0.500636485932415,-0.8656576164704166,0.9658306312367652,0.2591740568899436,0.608615618888497,0.7934652030460894,-0.3213524521097596,-0.9469596620358465,0.9866508151407586,-0.1628501427143272,0.7625123417736683,0.6469736692036518,0.4201346991122895,0.9074617537956219,1,0,0,0,99,25
1701891780,12,7,3,223,14.9,0.0,93,0,0,0,1,0,0,0,0.05305348526993529,-0.9985916721566993,-0.9996478560364893,-0.026536087157875483,-0.7164272772437812,0.6976617779562402,0.38880472093569013,-0.9213201880877897,0.980132692059547,0.19834289993873028,0.6331102194962855,0.7740616577310655,-0.3361088679795094,-0.9418231409694353,0.9853484513027448,-0.17055330402921653,0.765033758741801,0.643990176932375,0.4219062828802298,0.9066394478877409,1,0,0,0,99,24
1701891840,12,7,3,224,14.9,0.0,93,0,0,0,1,0,0,0,-0.8116209973649744,-0.5841843515845697,-0.8899956043668333,0.4559691044442761,-0.5215510020869119,0.8532201077225842,0.27090578830786904,-0.9626058663135666,0.9906073556948704,0.1367372182078336,0.6569865987187891,0.7539022543433046,-0.35078322768961984,-0.9364566872907963,0.9839859468739369,-0.17824605564949209,0.7675435022360271,0.6409968581633251,0.42367625720393803,0.9058136834259364,1,0,0,0,99,24
1701891900,12,7,3,225,14.8,0.0,94,0,0,0,1,0,0,0,-0.9300948780045254,0.36731936773024515,-0.562441389066343,0.8268371568000089,-0.2942472117115055,0.9557293436951722,0.14877946146029003,-0.9888704019473866,0.997213718805399,0.0745975805660389,0.6802214416768855,0.7330066781981044,-0.3653719487056276,-0.9308616111426297,0.9825633850145825,-0.18592792804924488,0.7700415339607484,0.6379937585708637,0.42544461533150013,0.9049844635602491,1,0,0,0,99,24
1701891960,12,7,3,226,14.8,0.0,94,0,0,0,1,0,0,0,-0.19344381715900788,0.9811113543339269,-0.09718190589320902,0.9952666362171313,-0.04864855487508726,0.9988159580766447,0.02433148087720227,-0.9997039456950855,0.9999259836845639,0.012166640968536861,0.7027920599407278,0.7113953334709671,-0.37987146940052824,-0.9250392784825321,0.9810808525505256,-0.19359845236657747,0.7725278157990745,0.6349809239785958,0.4272113505171674,0.9041517914539007,1,0,0,0,99,24
1701892020,12,7,3,227,14.8,0.0,94,0,0,0,1,0,0,0,0.7210585970706318,0.6928740863898232,0.39187109718004004,0.9200201319508784,0.19997483347801748,0.9798010338713872,-0.1004961843270998,-0.9949374437298526,0.9987335589960549,-0.05031180910157879,0.724676413684611,0.6890893232732681,-0.3942782499242964,-0.9189911107495187,0.9795384399679061,-0.20125716043222083,0.7750023098134033,0.6319584003586705,0.4289764560213821,0.9033156702832821,1,0,0,0,99,24
1701892080,12,7,3,228,14.8,0.0,94,0,0,0,1,0,0,0,0.9726230624856244,-0.23238842122852268,0.7849803886813105,0.6195206125592099,0.43616475524782494,0.8998668269691937,-0.22375564018679642,-0.9746452757206577,0.9936411011327626,-0.11259379263383548,0.7458531332084875,0.6661104290454266,-0.4085887730680895,-0.9127185845169985,0.9779362414076386,-0.2089035847981091,0.7774649782460008,0.6289262338310793,0.4307399251108032,0.9024761032379415,1,0,0,0,99,24
1701892140,12,7,3,229,14.8,0.0,94,0,0,0,1,0,0,0,0.3299623697323973,-0.9439940860834779,0.98589910388525,0.16734084067633054,0.645236065065984,0.7639832592002035,-0.34352346411838924,-0.939144094162393,0.9846684960336634,-0.17443609981538652,0.766301539805117,0.6424810892876979,-0.42279954512292356,-0.9062232311322905,0.976274354659665,-0.21653725876591012,0.7799157835195766,0.625884470662953,0.4325017510583321,0.901633093520572,1,0,0,0,99,24
1701892200,12,7,3,230,14.8,0.0,94,0,0,0,1,0,0,0,-0.6160642040533645,-0.787695941645058,0.9454353340247703,-0.3258098052199642,0.8141897215084345,0.580598912666927,-0.45793071928681145,-0.8889878831195976,0.9718507815296538,-0.23559723776012562,0.7860016659524729,0.618224377649359,-0.43690709673261263,-0.8995066363427673,0.9745528811569866,-0.2241577164155103,0.7823546882378575,0.6228331572678552,0.4342619271431383,0.9007866443469994,1,0,0,0,99,24
1701892320,12,7,3,232,14.8,0.0,94,0,0,0,1,0,0,0,-0.4598767232321427,0.8879827697817494,0.23666139336428604,-0.9715921906288022,0.9928726480845371,0.11918013544881928,-0.6636338842129675,-0.7480575296890004,0.934895055524683,-0.354924266788705,0.8230808790115055,0.5679241732886948,-0.46479878803160896,-0.8854163352030204,0.9709315977974505,-0.2393571231413216,0.7871966473319489,0.616702066178912,0.4377773028727551,0.8990834405601384,1,0,0,0,99,24
1701892380,12,7,3,233,14.8,0.0,94,0,0,0,1,0,0,0,0.4987392818032813,0.8667520572726362,-0.2581161974066756,-0.9661138797451976,0.9914922792803779,-0.13016551051411895,-0.7517198648812332,-0.6594825583311059,0.9109013553429114,-0.41262418837781073,0.8404237587008743,0.5419297978623197,-0.47857611836450864,-0.8780460687977367,0.9690320089650643,-0.2469351445240868,0.789599627825421,0.6136223820379734,0.4395324891074758,0.8982266924440548,1,0,0,0,99,24
1701892440,12,7,3,234,14.8,0.0,94,0,0,0,1,0,0,0,0.9988166912028082,0.048633500538969116,-0.689697940935389,-0.7240971967004738,0.9284657227653786,-0.37141809547969407,-0.8280755084772445,-0.5606165822201061,0.8833506048619953,-0.4687128213415406,0.8569459788520921,0.5154062371850283,-0.49223661120185463,-0.8704614400377044,0.967073275413426,-0.254498094258381,0.7919905600000485,0.610533334774449,0.44128599865934504,0.897366517866153,1,0,0,0,99,24
1701892500,12,7,3,235,14.8,0.0,93,0,0,0,1,0,0,0,0.5805866409896446,-0.8141984723053474,-0.9524175744665119,-0.3047962661308802,0.8077116645594764,-0.5895777022026527,-0.8915093107204918,-0.4530023718466313,0.8523503891729713,-0.5229711407684791,0.8726314057975678,0.4883793910637103,-0.5057769315302397,-0.8626643006012565,0.9650555166935363,-0.2620455107407332,0.7943694073731481,0.6074349715233996,0.44303782483925697,0.8965029201077372,1,0,0,0,99,24
1701892560,12,7,3,236,14.8,0.0,93,0,0,0,1,0,0,0,-0.37143208943692263,-0.9284601245807608,-0.9819521690440836,0.1891294205289584,0.6367380071391379,-0.7710802229758452,-0.9410314083429535,-0.3383192109710552,0.8180217634546941,-0.5751872690824027,0.8874647229840752,0.46087565075494996,-0.5191937736746512,-0.8546565540481598,0.9629788559589872,-0.26957693331574223,0.7967361336464357,0.6043273395620364,0.4447879609645272,0.8956359024631707,1,0,0,0,99,24
1701892620,12,7,3,237,14.8,0.0,93,0,0,0,1,0,0,0,-0.9819578697820255,-0.18909982012986337,-0.7710706258605184,0.6367496289241701,0.42617506442530745,-0.9046407101507675,-0.9758690255743256,-0.21835669196206517,0.7804987802559544,-0.6251573034196812,0.9014314459291071,0.43292187319441294,-0.5324838621055041,-0.8464401553548877,0.9608434199584467,-0.27709190230419245,0.7990907027065802,0.6012104863089995,0.44653640035891834,0.8947654682398621,1,0,0,0,99,24
1701892680,12,7,3,238,14.8,0.0,93,0,0,0,1,0,0,0,-0.6896761131802671,0.7241179868699296,-0.3714041014380902,0.9284713207390763,0.18911462035089152,-0.9819550195245901,-0.9954785330494551,-0.09498678980629327,0.7399279660231438,-0.6726861118655962,0.9145179363647266,0.40454535477150383,-0.5456439522383145,-0.8380171104373418,0.9586493390279216,-0.2845899590311104,0.8014330786257547,0.598084459323635,0.44828313635266553,0.8938916207582536,1,0,0,0,99,24
1701892740,12,7,3,239,14.8,0.0,93,0,0,0,1,0,0,0,0.2366906812750767,0.9715850561826999,0.11919510018725629,0.9928708516677031,-0.05970405485516448,-0.9982161218062207,-0.9995539309627621,0.029865349435251595,0.696467748917618,-0.7175880954402921,0.9267114155551047,0.3757738046749054,-0.5586708312258188,-0.8293894756611352,0.9563967470828033,-0.29207064585375986,0.8037632256621846,0.5949493063052683,0.45002816228250186,0.8930143633518076,1,0,0,0,99,24
1701892800,12,7,3,240,14.8,0.0,93,0,0,0,1,0,0,0,0.9454451549211168,0.32578130553514806,0.5806111842123143,0.8141809705265618,-0.3048106211022167,-0.9524129804151563,-0.9880316240928618,0.15425144988758405,0.6502878401571168,-0.7596879128588213,0.9379999767747389,0.3466353178350258,-0.5715613187423437,-0.8205593573395608,0.9540857816096938,-0.29953350618957414,0.806081108260693,0.5918050750924775,0.4517714714916838,0.8921336993669944,1,0,0,0,99,24
1701892920,12,7,3,242,14.8,0.0,93,0,0,0,1,0,0,0,-0.09721190751822432,-0.9952637062792294,0.9988152247235795,-0.04866360920015389,-0.7241075918674496,-0.6896870271361664,-0.9191536942035773,0.3938990815322077,0.5505001900398365,-0.8348350380560844,0.9578191473488313,0.28737167740046654,-0.5969205653181726,-0.8023003419544537,0.949289297831397,-0.3144039265384152,0.8106799388594784,0.5854895701298123,0.4552529131538796,0.8903621651131107,1,0,0,0,99,24
1701893040,12,7,3,244,14.8,0.0,93,0,0,0,1,0,0,0,-0.8645362993442719,0.5025703802614231,0.4987131538963941,-0.8667670910519801,-0.9661177700083929,-0.25810163593826746,-0.7931272394572851,0.6090559761063561,0.4421221685765394,-0.8969548417022889,0.9738980546500462,0.2269858567154693,-0.621696929091873,-0.7832578939006837,0.9442610586857545,-0.3291975896777772,0.8152292897331944,0.579138329901511,0.4587274082167366,0.8885770450280356,1,0,0,0,99,24
1701893100,12,7,3,245,14.7,0.0,93,0,0,0,1,0,0,0,-0.04421256322855966,0.9990221465276736,0.0221116877728314,-0.9997555067434422,-0.9999388748177166,-0.011056519718198895,-0.7110051053678162,0.7031868458247073,0.3852357422249997,-0.9228181960236553,0.9805147107574815,0.19644567184891684,-0.6338589465137663,-0.7734486640524104,0.9416604122645303,-0.33656450789379855,0.8174853233831781,0.5759494301178713,0.46046203420158793,0.8876793988028199,1,0,0,0,99,24
1701893160,12,7,3,246,14.7,0.0,93,0,0,0,1,0,0,0,0.8167599996228085,0.5769775585030581,-0.45990349068959124,-0.8879689066918555,-0.9715886235161092,0.23667603734656428,-0.617787974410896,0.7863447200008926,0.3268449785441926,-0.9450779650380419,0.9861739108894643,0.16571366111754054,-0.6458662163646817,-0.7634506078056198,0.9390022917452384,-0.3439108839469756,0.8197288832129119,0.5727517420545416,0.4621949036637349,0.8867783663505052,1,0,0,0,99,24
1701893220,12,7,3,247,14.7,0.0,93,0,0,0,1,0,0,0,0.9268071855026884,-0.3755375359409301,-0.8293182549362247,-0.5587765492838215,-0.8828296974172939,0.4696932247308761,-0.5149304687378307,0.8572319478212639,0.2671778922167178,-0.9636472248238107,0.9908701289331036,0.13481983380828896,-0.6577158072418934,-0.7532661660423522,0.9362868593658549,-0.3512362694523786,0.8219599349884332,0.5695453145043077,0.46392600999280714,0.8858739511082566,1,0,0,0,99,24
1701893280,12,7,3,248,14.7,0.0,93,0,0,0,1,0,0,0,0.184752119221718,-0.982785151720906,-0.9956869868891794,-0.09277620459766088,-0.7391806966492228,0.6735071623235863,-0.404037645323065,0.9147423578045313,0.2064674819377966,-0.9784534628188842,0.9945987791111761,0.10379435721925297,-0.669404826237736,-0.7428978251479987,0.9335142808623762,-0.3585402173062328,0.8241784446666367,0.5663301963933087,0.46565534658516017,0.8849661565261433,1,0,0,0,99,24
1701893340,12,7,3,249,14.7,0.0,93,0,0,0,1,0,0,0,-0.727163193443649,-0.68646463135462,-0.9182768186539993,0.39593899065726024,-0.5495730203270262,0.8354456866419445,-0.28683994958692166,0.9579785192377605,0.14495082056035336,-0.9894388609807482,0.9973562204600591,0.07266752720181091,-0.6809304196458655,-0.7323481164042859,0.9306847254587038,-0.36582228171320713,0.8263843783957945,0.5631064367802915,0.46738290684390055,0.8840549860671256,1,0,0,0,99,24
1701893400,12,7,3,250,14.7,0.0,93,0,0,0,1,0,0,0,-0.9705280195418053,0.24098830528525864,-0.6160404591886565,0.7877145121442345,-0.32579555541456173,0.9454402445803316,-0.165166212373579,0.9862657462824945,0.08286812933059823,-0.9965605215646701,0.99913976038507,0.04146973857724405,-0.6922897736579516,-0.7216196153712994,0.9277983658563156,-0.37308201821362325,0.8285777025160715,0.5598740848558614,0.469108684178911,0.8831404432070421,1,0,0,0,99,24
1701893460,12,7,3,251,14.7,0.0,93,0,0,0,1,0,0,0,-0.3215938602925038,0.9468777054203809,-0.1629759101518061,0.9866300485542645,-0.08176170083154903,0.9966519072761223,-0.0409151116574164,0.9991626262216082,0.020461839829201516,-0.9997906346384747,0.999947657289739,0.010231455456709277,-0.7034801150506284,-0.710714941258698,0.9248553782237248,-0.38031898371058337,0.8307583835600407,0.556633189941732,0.4708326720068755,0.8822225314345956,1,0,0,0,99,24
1701893520,12,7,3,252,14.7,0.0,93,0,0,0,1,0,0,0,0.623012211003653,0.7822121099422712,0.329990825673782,0.9439841391523142,0.16735570030280691,0.9858965815825497,0.08397445569174683,0.9964679075571249,-0.04202435271884079,-0.999116586679734,0.9997791222764492,-0.021016818506448383,-0.7144987118625367,-0.6996367562862716,0.9218559421857278,-0.38753273649701414,0.832926388253192,0.5533838014899721,0.47255486375130445,0.8813012542513405,1,0,0,0,99,24
1701893580,12,7,3,253,14.7,0.0,93,0,0,0,1,0,0,0,0.9948237286710673,-0.10161569206079699,0.7421642985420401,0.6702179898880674,0.4060677345664961,0.9138429815586667,0.20755362974582411,0.9782236404725319,-0.10434644106884551,-0.994541009831302,0.9986343199167806,-0.05224456990299564,-0.7253428740612937,-0.6883877650339976,0.9188002408124406,-0.3947228362826266,0.8350816835144412,0.5501259690822519,0.47427525284255984,0.8803766151716695,1,0,0,0,99,24
1701893640,12,7,3,254,14.7,0.0,93,0,0,0,1,0,0,0,0.45199889806298343,-0.892018495407942,0.972630067242408,0.23235910202965793,0.6195324438519512,0.784971051068018,0.3278939988258263,0.9447145206537312,-0.16626105879951092,-0.9860817716228536,0.9965143680908102,-0.08342130536363722,-0.7360099542002259,-0.6769707137817569,0.9156884606081254,-0.40188884422078897,0.8372242364566345,0.5468597424290853,0.4759938327178802,0.8794486177227995,1,0,0,0,99,24
1701893700,12,7,3,255,14.6,0.0,94,0,0,0,1,0,0,0,-0.5063916349244909,-0.8623036078310824,0.9649620738223555,-0.2623893978125999,0.79447762643532,0.6072934225674604,0.44311769172113835,0.8964634467080798,-0.22752643065358386,-0.9737719051985634,0.9934213368955197,-0.11451658133527351,-0.7464973480647046,-0.6653883898388694,0.9125207914998072,-0.4090303229353116,0.8393540143870498,0.5435851713690728,0.4777105968214057,0.8785172654447586,1,0,0,0,99,24
1701893760,12,7,3,256,14.6,0.0,94,0,0,0,1,0,0,0,-0.9992080341070627,-0.03979075993115771,0.7210377105017316,-0.6928958219201651,0.9200260381967906,0.39185723042955,0.5514266812416906,0.8342233605065102,-0.2879033166650653,-0.9576594803233847,0.9893582466233818,-0.14550003380861354,-0.7568024953079283,-0.6536436208636119,0.9092974268256817,-0.4161468365471424,0.8414709848078965,0.5403023058681398,0.479425538604203,0.8775825618903728,1,0,0,0,99,24
1701893820,12,7,3,257,14.6,0.0,94,0,0,0,1,0,0,0,-0.5733571748155426,0.8193055291449822,0.3005781685810014,-0.953757183235068,0.9883716869768853,0.1520572536331825,0.6511308418308941,0.7589654977774624,-0.3471559463861577,-0.9378074156716458,0.9843290648130953,-0.17634140796811468,-0.7669228800759939,-0.6417392741728861,0.9060185633233147,-0.4232379507009703,0.8435751154168105,0.5370111960187747,0.48113865152429053,0.8766445106252518,1,0,0,0,99,24
1701893880,12,7,3,258,14.6,0.0,94,0,0,0,1,0,0,0,0.37963562682930313,0.9251360931462582,-0.19347339203846847,-0.9811055226493881,0.9952651713612277,-0.0971969067167568,0.740674323409674,0.6718642322981792,-0.4050529395658183,-0.914293233130974,0.9783387023753517,-0.20701058773529676,-0.7768560316221071,-0.6296782560422042,0.9026844011176343,-0.4303032325917363,0.8456663741073475,0.5337118920392648,0.48284992904666313,0.8757031152277766,1,0,0,0,99,24
1701893940,12,7,3,259,14.6,0.0,94,0,0,0,1,0,0,0,0.9835931839466808,0.18040079959254857,-0.6401559186664806,-0.7682450128678183,0.9402778878788489,-0.34040783417261544,0.8186598298965864,0.5742787501846923,-0.46136820968468756,-0.8872087550809822,0.9713930087974131,-0.23747762517658147,-0.7865995249097795,-0.6174635109961635,0.8992951437087169,-0.4373422509910497,0.8477447289694727,0.5304044442729295,0.4845593646433172,0.8747583792890838,1,0,0,0,99,24
1701894060,12,7,3,261,14.6,0.0,94,0,0,0,1,0,0,0,-0.24528120908194284,-0.9694519732670104,-0.992333606522275,0.12358807938670624,0.6619712684902925,-0.7495292120346966,0.935288514853758,0.3538861313793629,-0.5683809763796802,-0.8227654986019294,0.9546636838703799,-0.297686497340802,-0.8055080686562991,-0.5925848051794772,0.8923521740824856,-0.45133978044291795,0.8518626005533163,0.5237653193736113,0.48797268398261223,0.8728589002162982,1,0,0,0,99,24
1701894120,12,7,3,262,14.6,0.0,94,0,0,0,1,0,0,0,-0.9482917095220488,-0.31740011602352985,-0.8116033871367004,0.5842088171092894,0.45595569022148996,-0.8900024767126464,0.9721117417027341,0.23451814779175792,-0.618660590391954,-0.7856583697103207,0.9448963884231754,-0.3273695391218304,-0.8146685028653773,-0.5799269181880462,0.8887988856282523,-0.4582974371584211,0.8539020544413806,0.520433743545506,0.48967655470447735,0.8719041643281404,1,0,0,0,99,24
1701894180,12,7,3,263,14.6,0.0,94,0,0,0,1,0,0,0,-0.7794471854988634,0.6264679441263539,-0.4321643529223842,0.9017948614087224,0.22159099552021236,-0.9751396980455473,0.9937654899536277,0.11149058694448753,-0.6665243480382065,-0.7454832616982381,0.9342064176878251,-0.35673291010345676,-0.8236300474434674,-0.5671274503568591,0.8851913494710788,-0.46522712176051223,0.855928478834684,0.5170942265387846,0.49137855745912207,0.8709461023906085,1,0,0,0,99,24
1701894240,12,7,3,264,14.6,0.0,94,0,0,0,1,0,0,0,0.10601748626711377,0.9943642655514137,0.05308358714605824,0.9985900724399912,-0.026551154023966794,-0.99964745596635,0.9999118601072672,-0.013276747223059479,-0.711785342369123,-0.7023970575027135,0.9226042102393402,-0.3857479374522218,-0.8323905145579873,-0.5541895264924167,0.8815297857963782,-0.4721284112969602,0.8579418428124834,0.513746819310368,0.49307868575392305,0.8699847180584174,1,0,0,0,99,24
1701894300,12,7,3,265,14.6,0.0,93,0,0,0,1,0,0,0,0.8940101700837942,0.44804666697426215,0.5253348137263215,0.8508956066916382,-0.2730424814093603,-0.9620019767889353,0.9904549401131116,-0.1378369021907137,-0.7542668301704357,-0.6565680078290772,0.9101010954364018,-0.41438628848631254,-0.8409477654665337,-0.5411163052032749,0.8778144180871248,-0.4790008845486223,0.8599421156533218,0.510391572937572,0.4947769331034077,0.8690200149989562,1,0,0,0,99,24
1701894360,12,7,3,266,14.6,0.0,93,0,0,0,1,0,0,0,0.8600540264645697,-0.510202970945957,0.8689657562142357,0.4948722204034305,-0.5025573497604873,-0.8645438740756395,0.9655423020447212,-0.2602461584004272,-0.7938029221413925,-0.6081750741355538,0.8967092823584335,-0.44261999834194465,-0.8492997110390256,-0.5279109781289149,0.8740454731102137,-0.48584412205515315,0.8619292668354965,0.5070285386173281,0.49647329302927856,0.8680519968922737,1,0,0,0,99,24
1701894420,12,7,3,267,14.6,0.0,93,0,0,0,1,0,0,0,0.035368177256176046,-0.9993743503000143,0.9998435753406666,0.01768685528840119,-0.7008256362004742,-0.713332620622526,0.9255626992869057,-0.3785943603498829,-0.8302392306889271,-0.5574072297925984,0.8824418478836433,-0.47042149728057797,-0.857444312267735,-0.5145767691605511,0.8702231809026209,-0.49265770614060683,0.8639032660375254,0.5036577676654025,0.49816775906043814,0.867080667431065,1,0,0,0,99,24
1701894480,12,7,3,268,14.6,0.0,93,0,0,0,1,0,0,0,-0.8218350110128397,-0.5697255608391865,0.8859248164599484,-0.4638288688518717,-0.8555199789753223,-0.5177697997895051,0.8711400001691764,-0.4910347239302405,-0.8634334728079056,-0.504462722145928,0.8673127239196736,-0.4977636376102979,-0.8653795807650819,-0.5011169336540635,0.8663477747573614,-0.4994412209389292,0.8658640831386093,0.5002793115156127,0.49986032473301345,0.8661060303206567,1,0,0,0,99,24
1701894540,12,7,3,269,14.6,0.0,93,0,0,0,1,0,0,0,-0.9234468802429867,0.3837262818331512,0.5551007648016929,-0.8317831092998796,-0.9570222331011646,-0.2900145605828441,0.8031234527091224,-0.5958126548744814,-0.8932560256932167,-0.44954829836488014,0.8513366837993298,-0.5246197201950761,-0.8731035792490706,-0.48753475763525,0.862419491209252,-0.5061942524193405,0.8678116882190918,0.4968932217190427,0.501550983590381,0.8651280892789931,1,0,0,0,99,24
1701894600,12,7,3,270,14.6,0.0,93,0,0,0,1,0,0,0,-0.1760459464712114,0.9843819506325049,0.08836868610400143,-0.9960878351411849,-0.999021480034635,-0.04422762066183892,0.7225744323811351,-0.6912931286141072,-0.919590432914052,-0.3928783980991401,0.8345293278546717,-0.5509635205260235,-0.8806144220162487,-0.4738335569975899,0.8584385700204732,-0.5129163884116056,0.8697460515609156,0.49349954994325695,0.503239729183191,0.8641468480366219,1,0,0,0,99,24
1701894660,12,7,3,271,14.6,0.0,93,0,0,0,1,0,0,0,0.7332108186087175,0.6800013937302882,-0.3999991289176214,-0.916515519162193,-0.9789064100214568,0.2043091784989199,0.630749879707115,-0.7759862042906819,-0.9423338591737755,-0.33467431609649856,0.8169070681835537,-0.5767693143291786,-0.8879102754020753,-0.46001667669271595,0.8544052541659362,-0.5196072186311907,0.8716671436480758,0.49009834797151136,0.5049265550693925,0.8631623103366803,1,0,0,0,99,24
1701894720,12,7,3,272,14.6,0.0,93,0,0,0,1,0,0,0,0.9683569384347241,-0.24956930858045798,-0.7904332067228887,-0.6125482394960996,-0.8979276806892913,0.4401430224960407,0.5290826861200238,-0.8485702747846052,-0.9613974918795568,-0.27516333805159693,0.7984871126234903,-0.6020119026848236,-0.8949893582285835,-0.4460874899137928,0.850319789818452,-0.5262663347043051,0.8735749351670712,0.4866896677019633,0.5066114548142574,0.8621744799348805,1,0,0,0,99,24
1701894780,12,7,3,273,14.6,0.0,93,0,0,0,1,0,0,0,0.3132001548706699,-0.9496871395301657,-0.9873416682005692,-0.15860778743465642,-0.7611201572139107,0.6486109051524434,0.4191593341723149,-0.9079126899521901,-0.9767068879536455,-0.2145778530601538,0.7792874479484941,-0.6266666366338032,-0.9018499422392295,-0.4320493972719999,0.8461824263337073,-0.5328933301928258,0.8754693970073499,0.4832735611468799,0.5082944219904051,0.8611833605994951,1,0,0,0,99,24
1701894840,12,7,3,274,14.6,0.0,93,0,0,0,1,0,0,0,-0.6299114066849614,-0.7766669941024745,-0.9425144545582509,0.33416538263076073,-0.5769898687885426,0.8167513032223337,0.30269514100631545,-0.953087431252331,-0.9882022645319962,-0.1531544461445194,0.7593268223052967,-0.6507094412468135,-0.9084903525208217,-0.4179058259663213,0.8419934162350443,-0.5394878006191052,0.8773505002617554,0.4798500804318443,0.5099754501778275,0.860188956111343,1,0,0,0,99,24
1701894900,12,7,3,275,14.4,0.0,94,0,0,0,1,0,0,0,-0.9938853259197261,0.11041720391967796,-0.6669268310993051,0.7451232126030157,-0.3569851449269173,0.9341100611285096,0.1815074914039231,-0.9833895619561226,-0.995838732415074,-0.09113297439422614,0.7386247269061015,-0.6741168391331631,-0.9149089679124266,-0.4036602289468439,0.8377530151980487,-0.5460493434906575,0.8792182162269665,0.47641927779496,0.5116545329639131,0.8591912702637754,1,0,0,0,99,24
1701894960,12,7,3,276,14.4,0.0,94,0,0,0,1,0,0,0,-0.4440856600409099,0.8959843338731037,-0.2280522595008612,0.9736488930495181,-0.11478481378318722,0.9933903797222716,0.057487478104924564,-0.9983462274487422,-0.9995864713592172,-0.028755630329187164,0.7172013769957456,-0.6968659733660458,-0.9211042214011522,-0.38931608407176954,0.8334614820349437,-0.5525775583247253,0.8810725164039352,0.4729812055860543,0.5133316639434712,0.8581903068626603,1,0,0,0,99,24
1701895020,12,7,3,277,14.4,0.0,94,0,0,0,1,0,0,0,0.5140043136735694,0.8577875993070563,0.2666574588239974,0.9637913672852274,0.13455228113037063,0.9909064959130168,-0.06742960806271654,-0.9977240339675638,-0.9994308465240513,0.033734003856911096,0.6950776921118563,-0.7189346298019421,-0.9270746005047118,-0.3748768932583455,0.8291190786787943,-0.5590720466727229,0.8829133724983225,0.46953591626587904,0.515006836718757,0.857186069726369,1,0,0,0,99,24
1701895080,12,7,3,278,14.4,0.0,94,0,0,0,1,0,0,0,0.99952109184891,0.030944901828293042,0.6960801312247417,0.717964101410472,0.375523566896625,0.926812845565509,-0.1912944777489552,-0.9815326906337631,-0.9953724656212274,0.09609190747986249,0.6722752756572777,-0.7403012587723536,-0.9328186476406745,-0.3603461816279218,0.8247260701675199,-0.5655324121445553,0.884740756420929,0.4660834624053104,0.5166800448994956,0.8561785626857608,1,0,0,0,99,24
1701895140,12,7,3,279,14.4,0.0,94,0,0,0,1,0,0,0,0.5660827877060443,-0.8243483956816764,0.9550781108583937,0.2963541836370153,0.5931466160920859,0.8050944614258054,-0.3121742610900157,-0.9500248579447291,-0.9874271765413207,0.1580745742604909,0.6488163938047147,-0.7609449961266882,-0.9383349604823131,-0.3457274966453434,0.8202827246277175,-0.571958260432812,0.8865546402881246,0.4626238966845466,0.5183512821029063,0.8551677895841688,1,0,0,0,99,24
1701895200,12,7,3,280,14.4,0.0,94,0,0,0,1,0,0,0,-0.3878094208292295,-0.9217395798793158,0.9802396594403116,-0.19781357400426822,0.7738906815578891,0.6333192030862999,-0.428182669496151,-0.9036922050915067,-0.9756260054681576,0.2194399632114593,0.6247239537541924,-0.7808456836057491,-0.9436221923009624,-0.3310244072528874,0.815789313258297,-0.5783491993368335,0.888354996422273,0.4591572718923041,0.520020541953727,0.8541537542773854,1,0,0,0,99,24
1701895260,12,7,3,281,14.4,0.0,94,0,0,0,1,0,0,0,-0.9851514363288851,-0.17168764515577298,0.7654043523379563,-0.6435496697397284,0.9065179727230256,0.4221672241305995,-0.5375094305542,-0.8432577376255137,-0.9600150357222312,0.27994844380214573,0.6000214813645651,-0.7999838885259333,-0.9486790522948035,-0.31624050299895706,0.8112461103139285,-0.5847048387866493,0.8901417973521548,0.4556836409250121,0.5216878180842389,0.8531364606336469,1,0,0,0,99,24
1701895320,12,7,3,282,14.4,0.0,94,0,0,0,1,0,0,0,-0.6767497645263835,0.7362131187458456,0.363171365373259,-0.9317223617435201,0.9827823669926928,0.18476693191217952,-0.6384485367231334,-0.7696645151987259,-0.9406552278063217,0.33936373171073697,0.5747330981809134,-0.8183409227549167,-0.9535043059039945,-0.301379393161745,0.8066533930883032,-0.5910247908667855,0.8919150158133861,0.4522030567860055,0.5233531041342903,0.8521159125336193,1,0,0,0,99,24
1701895380,12,7,3,283,14.4,0.0,94,0,0,0,1,0,0,0,0.253852519790234,0.9672429364932829,-0.12797863787897792,-0.9917769246391254,0.9979421137117938,-0.06412127322844811,-0.7294248670111433,-0.6840609354332229,-0.9176221813560369,0.3974538115094489,0.5488834978802656,-0.8358988609602985,-0.9580967751120705,-0.2864447058680798,0.8020114418972087,-0.5973086698399414,0.8936746247488349,0.4487155725847157,0.525016393751321,0.8510921138703835,1,0,0,0,99,24
1701895440,12,7,3,284,14.4,0.0,94,0,0,0,1,0,0,0,0.9510639681125854,0.3089940590981371,-0.5877950071674065,-0.8090099069535975,0.9510546532543747,-0.3090227281660707,-0.8090187662119065,-0.587782813560387,-0.8910058399248534,0.45399184267980686,0.5224979221586403,-0.8526405581133842,-0.9624553387335394,-0.27144008720767066,0.7973205400614205,-0.6035560921705327,0.8954205973090336,0.4452212415358611,0.5266776805903868,0.8500650685494203,1,0,0,0,99,24
1701895500,12,7,3,285,14.4,0.0,93,0,0,0,1,0,0,0,0.7738715902084317,-0.6333425312327234,-0.9036986586337072,-0.428169048838935,0.8450352208159536,-0.5347106465935876,-0.8759881981492638,-0.4823325374709923,-0.860910139756465,0.5087570454200157,0.4956021360829594,-0.8685496662310151,-0.966578932687604,-0.2563692003429672,0.7925809738894087,-0.609766676548101,0.8971529068525892,0.4417201169586342,0.5283369583141831,0.8490347804885953,1,0,0,0,99,24
1701895560,12,7,3,286,14.4,0.0,93,0,0,0,1,0,0,0,-0.11481475884166603,-0.9933869191569467,-0.9983453608739179,0.05750252534912421,0.6864755912087755,-0.7271528468448447,-0.9292881272363391,-0.36935562345465606,-0.8274526039159754,0.5615355627853609,0.4682224029318968,-0.8836106503390961,-0.9704665502579407,-0.24123572461485038,0.7877930326598638,-0.6159400439105862,0.8988715269465893,0.43821225227588845,0.52999422059307,0.8480012536181443,1,0,0,0,99,24
1701895620,12,7,3,287,14.4,0.0,93,0,0,0,1,0,0,0,-0.8979409481081247,-0.4401159548467677,-0.8485623002604958,0.529095475861036,0.48523423423072903,-0.8743842049868684,-0.9680868259063513,-0.2506150384684961,-0.7907638833648436,0.6121212957950017,0.4403854585502332,-0.8978088036422348,-0.9741172423384761,-0.22604335464437486,0.7829570086040404,-0.6220758174674632,0.9005764313670059,0.43469770101332306,0.5316494611050955,0.8469644918806583,1,0,0,0,99,24
1701895680,12,7,3,288,14.4,0.0,93,0,0,0,1,0,0,0,-0.8555043707508208,0.5177955886508133,-0.49102159389846933,0.8711474010323434,0.25382336276203626,-0.9672505882738824,-0.9917788534431158,-0.12796368962740468,-0.7509872467716762,0.6603167082440802,0.4121184852417566,-0.9111302618846769,-0.977530117665097,-0.2107957994307797,0.7780731968879212,-0.6281736227227391,0.9022675940990952,0.4311765167986662,0.5333026735360201,0.8459244992310679,1,0,0,0,99,24
1701895740,12,7,3,289,14.4,0.0,93,0,0,0,1,0,0,0,-0.026521020285755953,0.9996482558795381,-0.013261676373330016,0.9999120601031718,0.006630983970279104,-0.9999780147841181,-0.9999945036809248,-0.0033155102082415536,-0.7082780210511411,0.705933598078374,0.38344908522620447,-0.9235620168885179,-0.9807043430332401,-0.1954967814459897,0.7731418955942013,-0.6342330874978104,0.9039449893377943,0.42764875336085667,0.534953851579341,0.8448812796366294,1,0,0,0,99,24
1701895800,12,7,3,290,14.4,0.0,93,0,0,0,1,0,0,0,0.8268456339220814,0.5624289267667438,0.4677451620451334,0.8838633737085002,-0.2409736772881011,-0.9705316516498831,-0.9926055741456128,0.1213844066388201,-0.6628029848156917,0.7487938323192908,0.35440525368616455,-0.9350919292559664,-0.9836391435013062,-0.1801500357258271,0.7681634057040947,-0.6402538419541788,0.905608591488116,0.4241144645292243,0.5366029889363158,0.8438348370769082,1,0,0,0,99,24
1701895860,12,7,3,291,14.4,0.0,93,0,0,0,1,0,0,0,0.9200142254959646,-0.3918849638415085,0.8342316716121213,0.5514141076171752,-0.47359576242974594,-0.8807423311097222,-0.9697273666112869,0.2441901604183487,-0.6147397171086522,0.7887300426693371,0.3250153514302539,-0.9457087402232617,-0.9863338025798521,-0.16475930895815624,0.7631380310789642,-0.6462355186160244,0.907258375165538,0.42057370423266816,0.5382500793159867,0.8427851755437645,1,0,0,0,99,24
1701895920,12,7,3,292,14.4,0.0,93,0,0,0,1,0,0,0,0.16732598101183924,-0.9859016259639831,0.9964691731217737,0.08395943674184847,-0.6767719568873076,-0.7361927182273159,-0.9317168878547055,0.36318540841606234,-0.5642759039618552,0.8255862790817391,0.29530807719927077,-0.9554020826546641,-0.9887876624065108,-0.14932835856818344,0.7580660784417752,-0.6521777523926344,0.9088943151963913,0.41702652649883415,0.5398951164352044,0.8417322990413384,1,0,0,0,99,24
1701895980,12,7,3,293,14.4,0.0,93,0,0,0,1,0,0,0,-0.739200998751274,-0.6734848798934681,0.9147362679738538,-0.40405143243560715,-0.8378697489573207,-0.5458702078170199,-0.8791672786839316,0.4765132695859477,-0.5116086054857034,0.859218618742037,0.2653124396423611,-0.9641624911657881,-0.9910001239065988,-0.13386095180113555,0.752947857358375,-0.6580801806006866,0.9105163866182439,0.4134729854532902,0.5415380940186525,0.8406762115860333,1,0,0,0,99,24
1701896040,12,7,3,294,14.4,0.0,93,0,0,0,1,0,0,0,-0.9661099892625297,0.2581307588164473,0.6090440218832924,-0.7931364191664784,-0.9468728581933475,-0.32160813176404734,-0.8128985581744033,0.582405300557933,-0.4569434863536556,0.889495728083596,0.23505772899056523,-0.9719814113663893,-0.9929706469393719,-0.11836086480254095,0.7477836802185981,-0.6639424429863854,0.9121245646802812,0.4099131353187006,0.5431790057988708,0.8396169172065021,1,0,0,0,99,24
1701896100,12,7,3,295,14.2,0.0,94,0,0,0,1,0,0,0,-0.30478191109030295,0.9524221683015063,0.15423655808285816,-0.988033948885742,-0.9970039992110719,-0.07735001976165862,-0.7339448275455243,0.6792090916052071,-0.40049401268607804,0.9162993756423735,0.2045734884554038,-0.9788512082135807,-0.9946987504298929,-0.1028318816963379,0.7425738622171999,-0.6697641817474499,0.9137188248436852,0.40634703041399856,0.5448178455162797,0.8385544199436309,1,0,0,0,99,24
1701896160,12,7,3,296,14.2,0.0,94,0,0,0,1,0,0,0,0.6367612505645516,0.7710610285700272,-0.3383333943242765,-0.9410263090291437,-0.9851462604682474,0.17171734183077755,-0.6435381333569995,0.7654140519453434,-0.34248061846961253,0.939524893748256,0.17388948538043356,-0.9847651734673236,-0.9961840124864793,-0.08727779366103493,0.737318721334619,-0.6755450415549525,0.9152991427820066,0.40277472515355744,0.5464546069192036,0.8374887238505236,1,0,0,0,99,24
1701896220,12,7,3,297,14.2,0.0,94,0,0,0,1,0,0,0,0.992869055025318,-0.11921006489861569,-0.7480675320111867,-0.6636226092823331,-0.9120368987278785,0.4101081508076052,-0.5430892418343393,0.8396749820042292,-0.2831298447671764,0.9590815872500705,0.1430356821739413,-0.9897175322409093,-0.9974260705037014,-0.07170239800414888,0.7320185783175687,-0.6812846695750063,0.9168654943815386,0.3991962740463603,0.5480892837638954,0.8364198329924872,1,0,0,0,99,24
1701896280,12,7,3,298,14.2,0.0,94,0,0,0,1,0,0,0,0.43613762914604876,-0.8998799744648526,-0.9746486480944947,-0.22374095013558368,-0.7822215000035424,0.6230004212937645,-0.4341656243337532,0.9008330648055067,-0.22267345507995925,0.9748930876782097,0.11204220705116075,-0.9937034486400381,-0.998424621250908,-0.05610949723514686,0.7266737566594609,-0.6869827154903001,0.9184178557416826,0.3956117316951685,0.5497218698145597,0.8353477514470151,1,0,0,0,99,24
1701896340,12,7,3,299,14.2,0.0,94,0,0,0,1,0,0,0,-0.5215767216183704,-0.8532043855172293,-0.9626017830643233,0.2709202968427898,-0.6037713570372523,0.7971575430373816,-0.3184669974758911,0.9479339489219124,-0.16134753031591095,0.9868976514618708,0.08093932461458155,-0.9967190304849884,-0.9991794209462554,-0.04050289813711804,0.7212845825806614,-0.6926388315214799,0.9199562031753141,0.3920211527956879,0.5513523588433771,0.8342724833037728,1,0,0,0,99,24
1701896400,12,7,3,300,14.2,0.0,94,0,0,0,1,0,0,0,-0.9997558399011495,-0.022096619278683942,-0.7148764296291646,0.6992508064783751,-0.38778163540943045,0.9217512697247493,-0.19779879963646227,0.9802426408101081,-0.09939154689884817,0.9950484010363788,0.04975740630107862,-0.998761333111264,-0.9996902853162234,-0.02488641083740215,0.7158513850085791,-0.698252672448376,0.9214805132091443,0.38842459213573494,0.5529807446305274,0.8331940326645814,1,0,0,0,99,24
1701896460,12,7,3,301,14.2,0.0,94,0,0,0,1,0,0,0,-0.5587640495890891,0.8293266768209027,-0.29212439403368673,0.9563803314636136,-0.1476815298816789,0.9890349668903556,-0.07404401768422757,0.9972549741391004,-0.0370474416181442,0.9993135078990728,0.01852690072471944,-0.9998283622450087,-0.9999570896406027,-0.00926384787740154,0.7103744955575902,-0.7038238956310728,0.9229907625840772,0.38482210459440036,0.5546070209642138,0.8321124036434021,1,0,0,0,99,24
1701896520,12,7,3,302,14.2,0.0,94,0,0,0,1,0,0,0,0.39595283104274065,0.9182708508872743,0.20214988141565363,0.9793545963764285,0.1016006978902495,0.9948252601277343,0.050866196399306694,0.9987054771372125,0.025441333129256026,0.9996763168989281,-0.012721696055790868,-0.9999190759503811,-0.9999797687829443,0.006360976718196107,0.7048542485087977,-0.7093521610308227,0.9244869282555656,0.3812137451412117,0.5562311816406863,0.8310276003663211,1,0,0,0,99,24
1701896580,12,7,3,303,14.2,0.0,94,0,0,0,1,0,0,0,0.9866325048439105,0.1629610394708834,0.6469308156708554,0.7625486999106625,0.3445658863623454,0.9387621370482149,0.17498266050066957,0.984571515190292,0.08783076001523608,0.9961354112745646,-0.043957870315993346,-0.9990333856469874,-0.9997583172064605,0.02198424837255722,0.699290980789629,-0.7148371312307991,0.925968987393962,0.3775995688352947,0.5578532204642657,0.829939626971533,1,0,0,0,99,24
1701896640,12,7,3,304,14.2,0.0,94,0,0,0,1,0,0,0,0.6702068037805061,-0.7421744001016999,0.933320523748862,0.35904428689111606,0.5661076368981803,0.8243313311075577,0.2963685787093853,0.9550736440472949,0.14987720966295234,0.9887046181866692,-0.0751511204618093,-0.9971721561963784,-0.999292788975378,0.03760215288797655,0.6936850319532718,-0.7202784714566918,0.9274369173848677,0.37397963082453317,0.5594731312473669,0.8288484876093257,1,0,0,0,99,24
1701896700,12,7,3,305,14.3,0.0,94,0,0,0,1,0,0,0,-0.2624039418616639,-0.9649581189333869,0.991200816921926,-0.13236668966664739,0.7524515564694672,0.6586475955825515,0.41312976437037824,0.910672168121589,0.21133839201433674,0.9774129547232299,-0.10627098681382932,-0.9943372050575272,-0.9985832977417375,0.05321087737705887,0.6880367441579487,-0.7256758495971389,0.9288906958294767,0.3703539863447274,0.5610909078105225,0.8277541864420642,1,0,0,0,99,24
1701896760,12,7,3,306,14.3,0.0,94,0,0,0,1,0,0,0,-0.9537617134939987,-0.3005637933500832,0.8064005807754863,-0.5913696841443247,0.8920116826993705,0.45201234267200896,0.523444198233198,0.8520599575945371,0.2719743024675887,0.9623045145884273,-0.13728708135067327,-0.9905313005121108,-0.9976300167176484,0.06880661119358068,0.6823464621460344,-0.7310289362239981,0.9303303005449188,0.3667226907187513,0.5627065439824068,0.826656727644175,1,0,0,0,99,24
1701896820,12,7,3,307,14.3,0.0,94,0,0,0,1,0,0,0,-0.7682353642374472,0.6401674977183369,0.42416535825174545,-0.9055847552047066,0.9761108428874015,0.21727315158032454,0.6255904604530329,0.7801516364080526,0.3315481590900087,0.9434382959176643,-0.16816911738237747,-0.9857581589613307,-0.9964331786330006,0.08438554686280492,0.6766145332230143,-0.7363374046124525,0.9317557095645973,0.36308579935570845,0.5643200335998588,0.8255561154021296,1,0,0,0,99,24
1701896880,12,7,3,308,14.3,0.0,94,0,0,0,1,0,0,0,0.12360303600011291,0.9923317436681922,-0.06192033725605731,-0.9980810948185003,0.9995201585807313,-0.03097503173121646,0.7179745927716441,0.6960693098638897,0.3898273272463786,0.9208879708911095,-0.1988869391248336,-0.9800224412969096,-0.9949930756786476,0.09994388101102124,0.6708413072362862,-0.7416009307609522,0.9331669011385242,0.35944336775008645,0.565931370507906,0.8244523539144292,1,0,0,0,99,24
1701896940,12,7,3,309,14.3,0.0,94,0,0,0,1,0,0,0,0.9018013749637745,0.43215076086181514,-0.5328457746563188,-0.8462123731256284,0.9607841519107266,-0.27729733759483854,0.7991549717028728,0.6011250545457083,0.4465842280322334,0.8947415980454101,-0.2294105511463999,-0.9733297483498103,-0.9933100594350714,0.11547781529408518,0.6650271365538082,-0.7468191934109906,0.9345638537336522,0.3557954514809102,0.5675405485597879,0.8233454473915885,1,0,0,0,99,24
1701897000,12,7,3,310,14.3,0.0,94,0,0,0,1,0,0,0,0.8508876886558596,-0.5253476385155728,-0.8733119827746476,-0.48716134980334147,0.862311240157329,-0.506378638074642,0.8678648045849774,0.49680044380282007,0.5015972269646135,0.8651012784069909,-0.2597101476579314,-0.9656866154211187,-0.9913845407865504,0.13098355732472944,0.6591723760425913,-0.7519918740667114,0.9359465460342037,0.35214210621089365,0.5691475616169792,0.8222354000561195,1,0,0,0,99,24
1701897060,12,7,3,311,14.3,0.0,94,0,0,0,1,0,0,0,0.01767178546737087,-0.9998438418065069,-0.9999609596895538,-0.008836237703148543,0.7102239920275675,-0.7039757674440404,0.9230318974564314,0.3847234282935987,0.5546514994599768,0.8320827567897314,-0.28975614161762697,-0.9571005059004335,-0.9892169898208465,0.14645732159842081,0.6532773830470404,-0.7571186570143483,0.9373149569419951,0.3484833876855909,0.5707524035492137,0.8211222161425152,1,0,0,0,99,24
1701897120,12,7,3,312,14.3,0.0,94,0,0,0,1,0,0,0,-0.8317914757822045,-0.5550882279566577,-0.8817846188147811,0.47165229356133864,0.5139784559875352,-0.8578030932449878,0.9637953862840878,0.26664293235993725,0.605539869719601,0.7958149698139441,-0.31951919362227366,-0.9475798039779932,-0.9868079357144411,0.16189533041753676,0.6473425173671444,-0.7621992293414946,0.9386690655767598,0.34481935173254513,0.5723550682345072,0.820005899897234,1,0,0,0,99,24
1701897180,12,7,3,313,14.3,0.0,94,0,0,0,1,0,0,0,-0.9165094902005468,0.4000129427560235,-0.5477166499404489,0.8366638939132081,0.2857762289683941,-0.958296377409726,0.9895191704584925,0.14440156264783635,0.6540636197466435,0.7564395424116314,-0.348970240556676,-0.9371338064576561,-0.9841579666033436,0.17729381481363626,0.6413681412365148,-0.7672332809562018,0.9400088512764658,0.341150054260437,0.573955549559181,0.8188864555786831,1,0,0,0,99,24
1701897240,12,7,3,314,14.3,0.0,94,0,0,0,1,0,0,0,-0.15859290602857282,0.987344058653017,-0.0795485428747221,0.9968309933617175,0.039805820166669656,-0.9992074342602034,0.9998018389311463,0.01990685484696882,0.7000332653356665,0.7141102347841574,-0.378080523973295,-0.9257727136787294,-0.9812677294395066,0.19264901546759924,0.6353546193002774,-0.7722205046059057,0.941334293597632,0.33747555125823137,0.5755538414178853,0.8177638874572022,1,0,0,0,99,24
1701897300,12,7,3,315,14.3,0.0,94,0,0,0,1,0,0,0,0.7451332645574127,0.6669156003948422,0.4080958218391593,0.9129390999389944,-0.20863952173666145,-0.9779926124309412,0.9944829340996609,-0.1048984927657657,0.7432692960044044,0.668992341971952,-0.40682161817438367,-0.9135076195555109,-0.9781379298328817,0.20795718362741059,0.6293023185928165,-0.7771605958961798,0.9426453723156392,0.33379589879432325,0.5771499377136226,0.8166381998150476,1,0,0,0,99,24
1701897360,12,7,3,316,14.3,0.0,94,0,0,0,1,0,0,0,0.9637873480674221,-0.2666719852274808,0.7958240965274552,0.6055278749869898,-0.4441126687075084,-0.8959709467909631,0.9736454556949781,-0.22806693448309956,0.7836028759783554,0.6212620483809149,-0.43516545796919887,-0.9003505007442698,-0.9747693318791554,0.22321458202336397,0.6232116085153726,-0.782053253309314,0.943942067425039,0.330111153015682,0.5787438323577704,0.8155093969463755,1,0,0,0,99,24
1701897420,12,7,3,317,14.3,0.0,94,0,0,0,1,0,0,0,0.2963397884973224,-0.955082577452527,0.9887068770501516,0.1498623077152374,-0.651973040962877,-0.7582421472442815,0.9376145655983277,-0.34767646796678553,0.8208765034908678,0.5711057397860814,-0.46308436607918363,-0.8863142049482455,-0.9711627579732054,0.23841748578046287,0.6170828608134961,-0.7868981782227173,0.9452243591398598,0.3264213701469947,0.5803355192701052,0.8143774831572257,1,0,0,0,99,24
1701897480,12,7,3,318,14.3,0.0,94,0,0,0,1,0,0,0,-0.6435612059762619,-0.7653946525566921,0.9395197317131483,-0.34249477911590703,-0.8192968873112808,-0.5733695234681091,0.8869525137988248,-0.46186062645125475,0.8549446258241684,0.5187192754991592,-0.49055108016436005,-0.8714124383720832,-0.9673190886083255,0.25356218332779523,0.610916449554358,-0.791695074927145,0.9464922278939074,0.3227266064898082,0.5819249923788253,0.8132424627655053,1,0,0,0,99,24
1701897540,12,7,3,319,14.3,0.0,94,0,0,0,1,0,0,0,-0.9917749956098326,0.12799358610147818,0.6603053891566091,-0.7509971990964674,-0.9356808214066555,-0.3528475597928464,0.8224498646704389,-0.5688376043332375,0.8856742076896101,0.46430722354210824,-0.5175387794445416,-0.8556597523379571,-0.9632392621612652,0.2686449773046603,0.6047127511039186,-0.796443650644746,0.9477456543410647,0.3190269184216702,0.5835122456205738,0.812104340100972,1,0,0,0,99,24
1701897660,12,7,3,321,14.3,0.0,94,0,0,0,1,0,0,0,0.5291082654818533,0.8485543255436181,-0.27517782837320115,-0.9613933444599089,-0.9903013037606052,0.13893641628473632,0.6561492146285263,-0.7546311735824118,0.9366512620987631,0.3502633483663315,-0.5699722149516012,-0.8216639667060773,-0.9543751795562575,0.2986101415674982,0.5921950094489575,-0.8057946827720751,0.9502091040323901,0.31161299493757066,0.5866800682920927,0.8098188053316527,1,0,0,0,99,24
1701897780,12,7,3,323,14.3,0.0,94,0,0,0,1,0,0,0,0.551401533867395,-0.8342399825282195,-0.9576638195442646,-0.2878888826194756,-0.8024614889885606,0.5967039120788988,0.4490523844280872,-0.8935054314549238,0.9730121868339892,0.2307537307879076,-0.6201799211567932,-0.784459600867982,-0.9445791657844201,0.32828371809459106,0.5795326918757081,-0.8149489916843234,0.9526145578575638,0.3041800522023728,0.5898389389475855,0.8075209137237168,1,0,0,0,99,24
1701897840,12,7,3,324,14.3,0.0,94,0,0,0,1,0,0,0,-0.4040652194563607,-0.9147301779353751,-0.9784503507933796,0.20648222933781113,-0.6298879942744539,0.7766859820216312,0.33415117684842055,-0.9425194910508831,0.9855251115651197,0.16952950915565845,-0.6443874963266829,-0.7646991268321347,-0.9393346386757316,0.3430020941392817,0.5731482818000584,-0.8194516746395976,0.9537954903016678,0.30045659034243405,0.5914150022013163,0.8063673450551039,1,0,0,0,99,24
1701897900,12,7,3,325,14.4,0.0,94,0,0,0,1,0,0,0,-0.9880362734541701,-0.15422166624309427,-0.7596781115193113,0.6502992902336991,-0.4181511148892831,0.9083774794196792,0.2140356519137885,-0.9768258492227975,0.9941895818260211,0.10764327841812157,-0.6679658380418412,-0.7441919370760884,-0.9338607864869604,0.35763673114202876,0.5667288897074029,-0.8239043424882614,0.9549618690000825,0.2967285438845904,0.5929888093865725,0.8052107003401626,1,0,0,0,99,24
1701897960,12,7,3,326,14.4,0.0,94,0,0,0,1,0,0,0,-0.6636113342009432,0.7480775341634341,-0.35491017584493534,0.9349004048997503,-0.1804156244623088,0.9835904648022342,0.09058017221711874,-0.995889166725453,0.9989717630457462,0.04533670298194944,-0.690891922451714,-0.7229580565226276,-0.9281589455806122,0.3721840562660983,0.5602749074043482,-0.8283067234624195,0.9561136761553041,0.2929959697142441,0.5945603544997581,0.8040509839911409,1,0,0,0,99,24
1701898080,12,7,3,328,14.4,0.0,94,0,0,0,1,0,0,0,0.9563847343054627,0.2921099792671752,0.5949327780232085,0.803775459710974,0.31322878243308516,0.9496776978825432,-0.158622668804709,-0.9873392775238264,0.9968297942787993,-0.07956356727854007,-0.7346984304047954,-0.6783938504738453,-0.9160769210262436,0.40100258697803604,0.5472647499254653,-0.8369595530782943,0.9583735057581397,0.28551746612221973,0.5976966345387016,0.8017223540984184,1,0,0,0,99,24
1701898140,12,7,3,329,14.4,0.0,94,0,0,0,1,0,0,0,0.7625389491684939,-0.6469423088661069,0.9074531141789384,0.4201533595806971,0.5384452806085791,0.8426604771735462,-0.2804813031437691,-0.9598594889809514,0.9899140086343236,-0.14166952922038076,-0.7555360776363961,-0.6551070411694638,-0.9096996870312377,0.41526675693494663,0.5407093688225928,-0.8412094735958894,0.9594814937235343,0.2817716508133054,0.5992613575005044,0.8005534494377329,1,0,0,0,99,24
1701898260,12,7,3,331,14.4,0.0,94,0,0,0,1,0,0,0,-0.9055911481970673,-0.424151709070136,0.8438458713148201,-0.5365856366554476,0.8765231419236595,0.48135972169706537,-0.5092348565754973,-0.860627597075839,0.964527759340248,-0.26398144151072533,-0.7949784404343068,-0.6066376836668139,-0.896280559776573,0.4434874949382373,0.5275000023989397,-0.8495550291000099,0.9616535314498694,0.27426717895146524,0.6023839394640825,0.798206482982776,1,0,0,0,99,24
1701898320,12,7,3,332,14.4,0.0,94,0,0,0,1,0,0,0,-0.8462043418838514,0.5328585288581931,0.48329156372825655,-0.875459459043705,0.9683644611001854,0.24954011797333814,-0.6125601529754697,-0.7904239741978156,0.9461564284508708,-0.3237097664592346,-0.8135446412026923,-0.5815024649736085,-0.889241942604376,0.45743717329617606,0.5208468233098019,-0.8536501547168418,0.9627175480681864,0.27050863690754695,0.6039417865541566,0.7970284301414683,1,0,0,0,99,24
1701898380,12,7,3,333,14.4,0.0,94,0,0,0,1,0,0,0,-0.008821166113885877,0.9999610927573088,0.004410625958475234,-0.9999902731420214,0.9999975682825487,0.0022053183419487145,-0.7063266530643069,-0.707886049566577,0.9240903769563281,-0.38217401169717374,-0.8313164294350177,-0.5557994189916117,-0.8819862297654119,0.47127517492882454,0.5141618544151129,-0.8576931779281052,0.9637668748011899,0.2667459672346471,0.6054973297898815,0.7958473368789541,1,0,0,0,99,24
1701898440,12,7,3,334,14.4,0.0,94,0,0,0,1,0,0,0,0.8366721491002945,0.5477040395322044,-0.47555018687189876,-0.8796885924951523,0.9694556700786149,-0.24526659730265726,-0.78907116196914,-0.6143017998904703,0.8984157723154882,-0.43914587559803503,-0.8482764512816665,-0.5295536443090374,-0.8745151926379088,0.48499812148654897,0.5074455037309183,-0.8616838519685015,0.964801495637445,0.26297922734647544,0.6070505632373322,0.7946632077007452,1,0,0,0,99,25
1701898500,12,7,3,335,14.4,0.0,93,0,0,0,1,0,0,0,0.9129329489429682,-0.40810958177221934,-0.839079728563448,-0.5440084641932424,0.8786377137914245,-0.477489023856443,-0.8595024793031265,-0.5111315760856283,0.8692328733100321,-0.49440288425249485,-0.8644081455691214,-0.5027907694794651,-0.8668306551684317,0.49860266270876197,0.5006981811886468,-0.8656219332678563,0.9658213947899105,0.2592084747188484,0.6086014809713954,0.7934760471239344,1,0,0,0,99,25
1701898620,12,7,3,337,14.4,0.0,93,0,0,0,1,0,0,0,-0.7510071512506543,-0.660294069919136,-0.9111240502585628,0.41213221791123295,0.542156703402608,-0.8402774000028898,-0.9592386043114846,-0.28259741682923273,0.8008112813981934,-0.598916765156381,-0.8941243663932834,-0.4478187327723233,-0.8508286351470322,0.5254432734499875,0.48711226968226357,-0.8733393594273613,0.9678169660187202,0.25165516145376265,0.6116963456430966,0.791092649900681,1,0,0,0,99,25
1701898680,12,7,3,338,14.4,0.0,93,0,0,0,1,0,0,0,-0.9613891968218607,0.2751923186322931,-0.6019998676776046,0.7984961861625556,0.31741440880766936,-0.9482869255037094,-0.9869870631127111,-0.16079968049764676,0.7618397733439909,-0.6477655129374955,-0.907679875544648,-0.4196632501557079,-0.8425150592587969,0.538672790218836,0.4802745099321658,-0.8771182332555959,0.9687926076451028,0.24787271607057126,0.6132402807747664,0.7898964223461742,1,0,0,0,99,25
1701898740,12,7,3,339,14.4,0.0,93,0,0,0,1,0,0,0,-0.2878744485084861,0.9576681585475916,-0.1454851220097925,0.989360439513222,0.07293682364477497,-0.997336562929792,-0.9993339189004324,-0.03649271893274041,0.7198932972784023,-0.6940847502528994,-0.9203490507011184,-0.3910979734971153,-0.8339957954022056,0.5517707977516048,0.473407436701408,-0.8808435723077068,0.9697534666882369,0.24408648845470035,0.6147818765811577,0.7886971815769029,1,0,0,0,99,26
1701898860,12,7,3,341,14.4,0.0,93,0,0,0,1,0,0,0,0.9906032333897737,-0.13676707936387883,0.7539121564757657,0.6569752356961871,-0.4141405343019522,-0.9102129519228418,-0.9772954906073296,0.2118809194773779,0.6277416190291282,-0.7784217749643756,-0.9429797916616176,-0.3328499850049752,-0.8163485729163049,0.5775595272329186,0.45958702808449753,-0.8881327398629437,0.9716307786044408,0.23650291767445097,0.617858026704173,0.7862896787044997,1,0,0,0,99,26
1701898920,12,7,3,342,14.4,0.0,93,0,0,0,1,0,0,0,0.42013968223930687,-0.907459446701534,0.9765908679435658,0.21510526876214117,-0.6264561960895026,-0.7794566276458689,-0.943254108829076,0.33207180876591375,0.5778962671769416,-0.8161102280837784,-0.9529192589311485,-0.3032241513437061,-0.8072249226032686,0.5902439532330229,0.45263453622485383,-0.8916961234728519,0.9725472028320404,0.23270569022603224,0.6193925692862192,0.7850814257852596,1,0,0,0,99,26
1701898980,12,7,3,343,14.4,0.0,93,0,0,0,1,0,0,0,-0.5365983551885637,-0.8438377837054513,0.9601660751415484,-0.2794299700233931,-0.799821845795485,-0.6002374654987004,-0.8944935621620483,0.44708082854294906,0.5257942427685239,-0.8506117882274349,-0.9619282167156328,-0.2733022244444464,-0.7979041999026094,0.6027842796372321,0.4456544178860835,-0.8952050825473546,0.9734487871858886,0.22890491197508778,0.6209247490738762,0.7838701780190033,1,0,0,0,99,26
1701899040,12,7,3,344,14.4,0.0,93,0,0,0,1,0,0,0,-0.9999903395061709,-0.004395553927897717,0.7086591401823227,-0.7055510066862999,-0.9234584470040598,-0.38369844494974187,-0.8317747426285983,0.5551133015206257,0.47163900309419615,-0.8817917275413242,-0.9699978679206785,-0.24311342256103,-0.7883886803350966,0.6151774449047079,0.4386470990986331,-0.898659402917676,0.9743355179089173,0.22510064091681745,0.6224545602223437,0.7826559400262728,1,0,0,0,99,26
1701899100,12,7,3,345,14.5,0.0,94,0,0,0,1,0,0,0,-0.5439958173735323,0.8390879278598296,0.2836477323549146,-0.958928549960796,-0.9896788746762244,-0.14330291350702545,-0.7560763564306933,0.6544834170905228,0.4156420232059537,-0.9095282890296824,-0.977120332668828,-0.21268722454618383,-0.7786806869783608,0.6274204234218935,0.4316130075531242,-0.9020588737499048,0.9752073814707066,0.22129293509971706,0.6239819968958571,0.7814387164390171,1,0,0,0,99,26
1701899160,12,7,3,346,14.5,0.0,94,0,0,0,1,0,0,0,0.412145950487085,0.911117838425468,-0.2108105329134813,-0.9775269404025313,-0.9943658633527529,0.10600249902117563,-0.6685796515669709,0.7436405378343678,0.3580219701119138,-0.9337131620134654,-0.983288655994125,-0.18205334106592852,-0.7687825898997481,0.6395102262411726,0.4245525725742499,-0.9054032875578629,0.9760643645676915,0.2174818526246926,0.62550705326771,0.7802185119005741,1,0,0,0,99,26
1701899220,12,7,3,347,14.5,0.0,94,0,0,0,1,0,0,0,0.9893626321783087,0.14547021017792156,-0.6536550274502899,-0.7567926433898262,-0.9372279987787994,0.34871718957500053,-0.570649984852799,0.8211933967023238,0.29900384888632797,-0.9542519050812327,-0.9884968146335203,-0.1512416855876172,-0.7586968055777015,0.6514439018105791,0.4174662250945703,-0.9086924402157693,0.9769064541233642,0.21366745164417375,0.6270297235202755,0.7789953310656533,1,0,0,0,99,26
1701899280,12,7,3,348,14.5,0.0,94,0,0,0,1,0,0,0,0.6569638725243397,-0.7539220584369601,-0.9364619742512132,-0.3507691132091307,-0.8218178366308225,0.5697503342653119,-0.4638155159838274,0.8859318072699817,0.23881812402958275,-0.9710643148808378,-0.9927397229084867,-0.1202823451699422,-0.7484257963118128,0.6632185366943757,0.41035439762821135,-0.9119261309706986,0.9777336372884741,0.20984979036122642,0.6285500018450296,0.7777691786003179,1,0,0,0,99,27
1701899340,12,7,3,349,14.5,0.0,94,0,0,0,1,0,0,0,-0.27944444178438205,-0.9601618634146094,-0.9899903695023021,0.14113492938566014,-0.6553110218111473,0.755359162711905,-0.3497433611150432,0.9368455482927549,0.17769981950925717,-0.9840847393118021,-0.9960132376910966,-0.08920555108343296,-0.7379720696216873,0.6748312562843274,0.4032175242444657,-0.9151041624548343,0.9785459014412237,0.20602892702866477,0.6300678824425727,0.7765400591819668,1,0,0,0,99,26
1701899460,12,7,3,351,14.5,0.0,94,0,0,0,1,0,0,0,-0.7567827912998033,0.6536664338884767,-0.41613313140840114,0.9093036989610448,-0.2129510519332497,0.9770628687451604,-0.10709138913759518,0.994249181228016,0.053622843881987556,-0.9985612603210722,-0.9996402503703701,-0.026821070811284417,-0.7165267164632748,0.6975596494883844,0.38887038361876797,-0.9212924751370719,0.980125623360871,0.19837782746936225,0.6330964273041816,0.7740729382523853,1,0,0,0,99,26
1701899580,12,7,3,353,14.5,0.0,94,0,0,0,1,0,0,0,0.9093099708898409,0.4161194261751267,0.5403149886061247,0.8414628411805024,0.2815467623854851,0.9595475082507646,0.14221900672771448,0.9898352156421706,-0.07129089828943605,-0.9974555668404911,-0.9993636892644466,0.03566814516840596,-0.6943816871258898,0.7196068875324937,0.3744283058660939,-0.9272558674746938,0.9816455234642222,0.19071461994994804,0.6361153118932337,0.7715940059221391,1,0,0,0,99,26
1701899640,12,7,3,354,14.5,0.0,94,0,0,0,1,0,0,0,0.8414546973619527,-0.540327671221366,0.8775897877771157,0.47941231147032193,0.5101900080017631,0.8600617162362019,0.2645168083164075,0.9643810751555119,-0.13345209785628734,-0.9910552646435797,-0.9977613102950975,0.06687576301030233,-0.6830535253513071,0.7303683190727478,0.3671727665059408,-0.9301527613980265,0.9823830112023585,0.1868786218404523,0.6376211171846285,0.7703501222951977,1,0,0,0,99,26
1701899700,12,7,3,355,14.4,0.0,92,0,0,0,1,0,0,0,-3.014435335948845e-05,-0.999999999545659,0.9999999998864147,-1.50721766814562e-05,0.7071121099856378,0.7071014523472988,0.3826869135812598,0.9238780905366516,-0.1950921698369112,-0.9807849128470145,-0.9951846343385268,0.09801807780451909,-0.6715586058548728,0.7409514416628525,0.3598948168125984,-0.9329928835909876,0.983105508984409,0.18303977219311154,0.6391244901452644,0.7691033000166855,1,0,0,0,99,26
1701899760,12,7,3,356,14.4,0.0,92,0,0,0,1,0,0,0,-0.8414872714892108,-0.5402769400239504,0.8775753358042688,-0.4794387656291727,0.8600694058124533,0.5101770449416689,0.4948853175526281,0.8689582973139933,-0.25597041106933305,-0.9666846169547733,-0.9916361774750792,0.12906467960915324,-0.6598997349563215,0.7513536715852107,0.3525949009946041,-0.9357760607071574,0.9838130057859464,0.17919812958404827,0.6406254250402305,0.7678535438428503,1,0,0,0,99,26
1701899820,12,7,3,357,14.4,0.0,92,0,0,0,1,0,0,0,-0.9092848819352602,0.4161742465410129,0.540289623007414,-0.8414791282441333,0.9595517516643209,0.281532299883927,0.5993612016622668,0.8004787004923762,-0.3158490933243467,-0.9488094383205661,-0.9871194047126635,0.15998525194441188,-0.6480797590017714,0.7615724692845757,0.3452734646011943,-0.9385021228757492,0.9845054908114401,0.17535375263200217,0.6421239161439161,0.7666008585411322,1,0,0,0,99,26
1701899880,12,7,3,358,14.4,0.0,92,0,0,0,1,0,0,0,-0.14109016531210986,0.9899967501220404,0.07072216723899125,-0.9974960526543551,0.9993738171110836,0.03538323999893738,0.6944842546815092,0.7195079012766077,-0.374494391629162,-0.9272291791344273,-0.9816387266032314,0.19074960139614014,-0.6361015636688295,0.7716053399880473,0.33793095449511035,-0.9411709037119792,0.9851829534944205,0.17150669999743565,0.6436199577400332,0.7653452488901449,1,0,0,0,99,26
1701899940,12,7,3,359,14.4,0.0,92,0,0,0,1,0,0,0,0.7568221986283603,0.6536208072447929,-0.41616054159134735,-0.9092911544837531,0.9770596589983012,-0.2129657783732482,0.7787701131827185,0.6273094219070648,-0.43167729734891963,-0.9020281098466568,-0.9751994949359482,0.22132768709917786,-0.6239680732620949,0.781449834314135,0.3305678188253245,-0.9437822403272206,0.9858453834976407,0.16765703038163873,0.645113544121638,0.7640867196796574,1,0,0,0,99,26
1701900060,12,7,3,361,14.4,0.0,92,0,0,0,1,0,0,0,0.2793865543595699,-0.9601787090136331,-0.9899946234736917,-0.141105086702016,0.7553492856626053,-0.655322406643472,0.9097588709772145,0.4151370817913813,-0.5407693215265723,-0.8411709344097017,-0.9594714520009706,0.2818058423722779,-0.5992470932877865,0.8005641268419033,0.3157814696574965,-0.9488319468804535,0.9871251052628672,0.15995007521027702,0.6480933284603858,0.7615609217949267,1,0,0,0,99,27
1701900120,12,7,3,362,14.4,0.0,92,0,0,0,1,0,0,0,-0.6570093243162466,-0.7538824495645917,-0.936451400117644,0.3507973420904214,0.5697379476169631,-0.8218264239151785,0.9544177345154423,0.29847409944986975,-0.5922524379646446,-0.8057524742282427,-0.9501979989002931,0.31164685605004694,-0.5866656389929246,0.8098292585632008,0.3083591586419959,-0.9512700086103841,0.987742377497894,0.15609290725336597,0.6495795150505572,0.7602936627558348,1,0,0,0,99,27
1701900180,12,7,3,363,14.4,0.0,92,0,0,0,1,0,0,0,-0.9893538601694428,0.14552985730709223,-0.6536322141284454,0.756812347054107,0.348703063469403,-0.9372332545994372,0.9841832285198314,0.17715352861368974,-0.6414228213067844,-0.7671875678781851,-0.9399966935788086,0.3411835518616152,-0.573940958696269,0.8188966820856021,0.3009180269727937,-0.9536500097220159,0.988344577999499,0.1522333575107376,0.6510632236923164,0.7590235034275084,1,0,0,0,99,27
1701900240,12,7,3,364,14.4,0.0,92,0,0,0,1,0,0,0,-0.41209101962194344,0.9111426845159583,-0.21078106590019152,0.9775332947055968,0.10598751175115685,-0.9943674609282015,0.9985908724117705,0.05306853621402457,-0.688088462258297,-0.7256268104935293,-0.9288774974380447,0.37038708772476847,-0.5610761589460167,0.8277641837276992,0.2934585288182137,-0.9559718049523478,0.9889316975788438,0.1483714848743724,0.652544448725766,0.7577504486552193,1,0,0,0,99,28
1701900300,12,7,3,365,14.3,0.0,92,0,0,0,1,0,0,0,0.5440464039108651,0.8390551295306261,0.2836766385070983,0.9589199991476417,-0.1433178301056054,-0.9896767146769802,0.997415839727087,-0.07184457294402906,-0.7320671324899203,-0.6812324959424539,-0.9168512681843369,0.39922894688232846,-0.5480743804985193,0.8364295986161443,0.2859811194675758,-0.9582352525909659,0.9895037272772058,0.14450734827169542,0.6540231845004826,0.7564745032952847,1,0,0,0,99,28
1701900420,12,7,3,367,14.3,0.0,92,0,0,0,1,0,0,0,0.5365474803247321,-0.8438701329927379,0.9601744979410612,0.27940102631098374,-0.6002495204866958,-0.7998127988195062,0.948633964925225,-0.31637572692962224,-0.8112877809167417,-0.5846470187516472,-0.8901255582084044,0.4557153614090449,-0.5216726169691845,0.8531457558380763,0.27097439377358495,-0.9625865560660185,0.99060248234749,0.13677251904893306,0.6569731657195242,0.7539139602928616,1,0,0,0,99,27
1701900480,12,7,3,368,14.3,0.0,92,0,0,0,1,0,0,0,-0.42019439103217676,-0.9074341153742778,0.9765843832906294,-0.21513470736462095,-0.7794660696158047,-0.626444447910339,0.9017883476488092,-0.4321779448847783,-0.8462204041751706,-0.5328330203333975,-0.8754521746884285,0.4833047587530059,-0.5082790774992584,0.8611924171615208,0.26344599336342084,-0.9646741463213163,0.9911291909537616,0.13290194445282522,0.6584443999105676,0.7526293724180665,1,0,0,0,99,26
1701900540,12,7,3,369,14.3,0.0,92,0,0,0,1,0,0,0,-0.9906114770998198,-0.1367073569275377,0.7538923520395793,-0.6569979615921431,-0.910219193818759,-0.4141268153644828,0.8408706248182544,-0.5412361705556629,-0.8778485548645799,-0.47893832037347833,-0.8599239269765315,0.5104222172018581,-0.49476144898230595,0.8690288307075485,0.2559015135676726,-0.9667028578388368,0.9916407761480053,0.12902934193655957,0.6599131223363575,0.751341913490975,1,0,0,0,99,26
1701900660,12,7,3,371,14.3,0.0,92,0,0,0,1,0,0,0,0.28793218456003195,0.9576508012289697,-0.14551494557438124,-0.9893560535087885,-0.9973354634998167,0.07295185566937777,0.6808260219507706,-0.7324451705313435,-0.9307107957178061,-0.3657559496909493,-0.8263643112123579,0.5631358851596348,-0.46736715483673286,0.8840633136714912,0.24076615867736564,-0.9705831529733789,0.9926185453066497,0.12127828953819604,0.6628430094908613,0.7487584021358946,1,0,0,0,99,26
1701900720,12,7,3,372,14.3,0.0,92,0,0,0,1,0,0,0,0.9614057860636483,0.27513435722086477,-0.6020239375552833,-0.7984780389030324,-0.9482821412699473,0.31742870151970165,0.5841965844132856,-0.8116121923430246,-0.9517384599623535,-0.3069102537037296,-0.808365713555359,0.5886806206663637,-0.45349717713213844,0.8912577126360152,0.23317620736685893,-0.9724344997571855,0.9930847143514961,0.1173999579276213,0.6643041630429463,0.7474623595632162,1,0,0,0,99,28
1701900780,12,7,3,373,14.3,0.0,92,0,0,0,1,0,0,0,0.7509673416102893,-0.6603393459690063,-0.9111364733038093,-0.412104752478659,-0.840269228425824,0.5421693681504614,0.4784509545656371,-0.8781142773439177,-0.9690496058881397,-0.24686607974373714,-0.78957776049726,0.6136505195370826,-0.4395164845958098,0.8982345238124292,0.22557202418248906,-0.9742264941512392,0.9935357301454335,0.11351983493813046,0.6657627824765626,0.746163465648825,1,0,0,0,99,28
1701900840,12,7,3,374,14.3,0.0,92,0,0,0,1,0,0,0,-0.14990701345623575,-0.9887000997858916,-0.997171023392149,0.07516615000819327,-0.6800124447360528,0.7332005694242856,0.365239257594056,-0.9309136827397816,-0.9825766338407864,-0.18585789902532845,-0.7700187981553854,0.6380211990892903,-0.4254284904133183,0.9049920439123458,0.21795407324440425,-0.9759590267814386,0.9939715858065156,0.10963797977562646,0.6672188622275204,0.7448617253476065,1,0,0,0,99,28
1701900900,12,7,3,375,14.1,0.0,92,0,0,0,1,0,0,0,-0.9129575516827102,-0.40805454148374776,-0.8390633293988445,0.5440337574619116,-0.47747578081934605,0.8786449104905553,0.24632812416515168,-0.9691864914686324,-0.9922667210656196,-0.12412394718862174,-0.7497079255245411,0.661768861767981,-0.4112366339663935,0.9115286231841491,0.2103228195130653,-0.9776319919029218,0.9943922746841213,0.10575445167244309,0.668672396741318,0.7435571436253043,1,0,0,0,99,28
1701900960,12,7,3,376,14.1,0.0,92,0,0,0,1,0,0,0,-0.8366391272115635,0.5477544804186207,-0.47552366901205834,0.879702927248347,-0.24525198546765434,0.9694593666699876,0.123573122745224,-0.9923354691509287,-0.9980820279793963,-0.061905293994420546,-0.72866497582717,0.6848703183835534,-0.39694437999324705,0.9178426658157577,0.20267872876086712,-0.9792452874065205,0.9947977903590559,0.10186930988644112,0.6701233804731629,0.7422497254585013,1,0,0,0,99,28
1701901020,12,7,3,377,14.1,0.0,92,0,0,0,1,0,0,0,0.00888145245887885,0.9999605591233189,0.0044407700166209495,0.9999901397322173,0.002220390481728404,0.9999975349300161,-0.0011101959250420757,-0.9999993837323141,-0.9999998459330667,0.0005550980480432917,-0.7069104971465471,0.7073030107556603,-0.3825552177427069,0.9239326303242191,0.1950222675437101,-0.9807988148249923,0.9951881266436493,0.09798261370010419,0.6715718078879934,0.7409394758346002,1,0,0,0,99,29
1701901080,12,7,3,378,14.1,0.0,92,0,0,0,1,0,0,0,0.8462364656975445,0.5328075113244262,0.48331795366796265,0.8754448901342752,0.24955471330524379,0.9683606998774462,-0.1257761903592125,-0.9920586423890088,-0.9980126858885634,0.06301332244450873,-0.6844657323619245,0.7290450337408892,-0.36807266012236683,0.9297970299320409,0.1873539031725241,-0.982292479339031,0.9955632775818498,0.09409442241963412,0.673017673460499,0.7396263997518051,1,0,0,0,99,29
1701901140,12,7,3,379,14.1,0.0,92,0,0,0,1,0,0,0,0.9055655749932976,-0.42420630521841407,0.8438620459584654,0.5365601992235288,0.48137293275405046,0.8765158866853267,-0.24847948940976328,-0.9686371577338252,-0.9921283076633347,0.12522548116532597,-0.6613525984052206,0.7500751566227634,-0.3535002428409609,0.9354344329301663,0.17967410368474607,-0.9837261897830529,0.9959232374493159,0.09020479537404606,0.6744609716751422,0.7383105022191023,1,0,0,0,99,30
1701901260,12,7,3,381,14.1,0.0,92,0,0,0,1,0,0,0,-0.7625779510977885,-0.6468963352033299,0.9074404485153088,-0.4201807139771352,0.842668592620235,0.5384325798198252,-0.48039953173383443,-0.8770497647852786,-0.9687749389784189,0.2479417625317701,-0.6132121319201985,0.7899182750550117,-0.32410008095107623,0.9460227996869345,0.1642820749702558,-0.9864134021004922,0.9965975622337464,0.08242147141221098,0.6773398440176795,0.7356702628937135,1,0,0,0,99,29
1701901320,12,7,3,382,14.1,0.0,92,0,0,0,1,0,0,0,-0.9563671216345017,0.29216763793503586,0.594908548461427,-0.8037933932096717,0.9496824188142243,0.31321446868745406,-0.5859972403145539,-0.8103130471266812,-0.9513971429236797,0.3079666807248138,-0.588231807740446,0.8086923644763854,-0.30927951397046544,0.9509711784476923,0.15657078519364281,-0.98766673996032,0.9969119168613444,0.07852789325991148,0.6787754071635509,0.734345931172738,1,0,0,0,99,29
1701901380,12,7,3,383,14.1,0.0,92,0,0,0,1,0,0,0,-0.27087677105340535,0.9626140321560251,0.13672228758321528,-0.9906094165098637,0.9976495919183909,0.06852219892172288,-0.6824506579520153,-0.7309316653838863,-0.930304161385911,0.3667889956201752,-0.5626770851828893,0.8266767795275779,-0.29438344083220963,0.9556873912340734,0.14884993914329722,-0.9888597957329627,0.9972110598396317,0.07463311686857685,0.6802083809875555,0.7330187981452375,1,0,0,0,99,31
1701901500,12,7,3,385,14.1,0.0,92,0,0,0,1,0,0,0,0.9880269738337468,-0.1542812333919083,-0.7596977140257526,-0.6502763899328083,0.9083711768690177,-0.41816480606765055,-0.8420703076547856,-0.5393677752389131,-0.8773162985032573,0.4799126091076827,-0.509944796469342,0.8602071288671359,-0.2643793402791376,0.964418770261948,0.13338146373850462,-0.9910647734285454,0.9977636928222396,0.06684020710416233,0.6830665388144254,0.7303561484317642,1,0,0,0,99,32
1701901560,12,7,3,386,14.1,0.0,92,0,0,0,1,0,0,0,0.4040100708226276,-0.9147545368424774,-0.9784565746221131,-0.20645273449087873,0.7766764881502719,-0.629899700551255,-0.9027457284726566,-0.43017455727224563,-0.8456283336289784,0.5337721624100279,-0.482818722498399,0.8757203213383905,-0.2492786379351523,0.9684318048624773,0.12563477850006885,-0.9920765607710116,0.9980171743940611,0.06294219264129754,0.6844917119142869,0.7290206419029908,1,0,0,0,99,33
1701901620,12,7,3,387,14.1,0.0,92,0,0,0,1,0,0,0,-0.5514518281149147,-0.8342067377267571,-0.9576551408849527,0.2879177506452518,0.5966918171697799,-0.8024704825242022,-0.9493341041288368,-0.3142686092149499,-0.8106382082084923,0.5855473468409921,-0.4552211842385018,0.8903783877770709,-0.2341170777868726,0.9722084107271113,0.117880425162299,-0.9930277968735597,0.9982554274517018,0.05904321775801332,0.6859142738863169,0.7276823543820522,1,0,0,0,99,32
1701901680,12,7,3,388,14.1,0.0,92,0,0,0,1,0,0,0,-0.9999114594340064,0.013306888913466725,-0.7023863292684922,0.711795928940826,0.3796077390275217,-0.9251475365964139,-0.981108438603097,-0.1934586046207122,-0.7724825579327705,0.6350359814133715,-0.42717913021742326,0.904167014830051,-0.2188983613117615,0.9757476658516921,0.11011887701095537,-0.9939184236776407,0.9984784483597131,0.055143341947869365,0.6873342193038735,0.7263412909741086,1,0,0,0,99,30
1701901740,12,7,3,389,14.1,0.0,92,0,0,0,1,0,0,0,-0.5290571062774264,0.8485862232545117,-0.2751488476674837,0.9614016390808037,0.13892149027273704,-0.9903033977223353,-0.9975729040331677,-0.06962974320527361,-0.7313103797996011,0.6820448140682276,-0.3987199430250338,0.9170727381370105,-0.20362620394117933,0.9790487061778415,0.10235060777093262,-0.9947483868239851,0.9986862337150706,0.05124262471817234,0.6887515427502967,0.7249974567949091,1,0,0,0,99,29
1701901860,12,7,3,391,14.1,0.0,92,0,0,0,1,0,0,0,0.9917827103751873,0.12793379303705288,0.6603280271815468,0.7509772942762827,-0.3528616624994258,-0.9356755031196132,-0.9837874524305575,0.17933836299072597,-0.6405706975070254,0.7678992000877217,-0.34066170896673886,0.9401859390800635,-0.17293649256292973,0.9849329771817125,0.08679580294659275,-0.9962261232224621,0.9990560853181523,0.04343890409263279,0.6915783021131328,0.7223014966385688,1,0,0,0,99,30
1701901920,12,7,3,392,14.1,0.0,92,0,0,0,1,0,0,0,0.6435150601529656,-0.7654334506384766,0.9395300555699313,0.3424664577455166,-0.5733818719904229,-0.8192882452914593,-0.9537526527594719,0.3005925437436371,-0.5913575298651244,0.8064094939122546,-0.3111193549811273,0.9503708470676735,-0.157526431008143,0.987514771299061,0.07901021674738969,-0.9968738062811815,0.999218145922396,0.03953601977196579,0.692987727246318,0.7209493809456964,1,0,0,0,99,28
1701901980,12,7,3,393,14.1,0.0,92,0,0,0,1,0,0,0,-0.2963973686521434,-0.9550647097742044,0.9887023590985824,-0.14989211157661958,-0.7582519738110213,-0.6519616125292119,-0.9088348619329069,0.4171560783872076,-0.5398351237242685,0.8417707759203831,-0.281273198225157,0.9596277340511744,-0.14207791163447184,0.9898554778479468,0.07121980817179005,-0.9974606453008427,0.9993649596871111,0.035632532180279806,0.6943945088419551,0.7195945150500662,1,0,0,0,99,29
1701902100,12,7,3,395,14.1,0.0,93,0,0,0,1,0,0,0,-0.745093055724214,0.6669605223036468,0.4080683016949204,-0.9129514013088668,-0.97799575697159,-0.20862478123551537,-0.777375321590387,0.6290370492922037,-0.4306756033883254,0.9025068003323309,-0.2207863216638081,0.9753222032570393,-0.11108059403640383,0.9938114014381801,0.055626426102257626,-0.9984516516682669,0.9996128379698479,0.02782398544181939,0.6972001199649138,0.7168765533346099,1,0,0,0,99,30
1701902160,12,7,3,396,14.1,0.0,93,0,0,0,1,0,0,0,0.15865243143670757,0.9873344954974584,-0.07957859166428352,-0.9968285949694307,-0.9992068341863537,0.0398208803931389,-0.6928849542336957,0.7210481538680822,-0.3734647547841147,0.9276443698605846,-0.19020466626691288,0.9817444600965631,-0.0955393633625346,0.9954256526975189,0.04782440434799511,-0.998855758530109,0.9997138987055519,0.023919045443861007,0.6985989387896817,0.7155134678829815,1,0,0,0,99,30
1701902220,12,7,3,397,14.1,0.0,93,0,0,0,1,0,0,0,0.916533604797894,0.3999576868572196,-0.54774187038366,-0.8366473829688406,-0.9582920700310633,0.28579067254824764,-0.5975823489075595,0.8018075431636471,-0.31479553430469187,0.9491595079763061,-0.15943727924123308,0.9872080601312739,-0.07997480812332723,0.9967968850601596,0.04001946363858728,-0.9991989003847431,0.9997997050371497,0.020013740470697712,0.6999950926718352,0.7141476529649515,1,0,0,0,99,30
1701902280,12,7,3,398,14.1,0.0,93,0,0,0,1,0,0,0,0.8317580087191734,-0.5551383745801722,-0.8817988360675502,-0.47162571251991114,-0.857795346373455,0.5139913848889341,-0.49295467089331135,0.8700549939196184,-0.2548970440004961,0.9669681985255819,-0.12851420441806832,0.9917076682484567,-0.06439072818171633,0.997924763759387,0.03221208034738687,-0.9994810562885589,0.9998702556553423,0.016108130112478542,0.7013885762854716,0.7127791137906885,1,0,0,0,99,30
1701902340,12,7,3,399,14.1,0.0,93,0,0,0,1,0,0,0,-0.017732064727370864,-0.9998427745803359,-0.9999606928725588,0.008866380875648453,-0.703965062742588,0.7102346023940429,-0.38063460011273087,0.9247255274928996,-0.19400318619432566,0.9810008989529264,-0.09746563765521044,0.9952388906571443,-0.04879092816731252,0.9988090134397928,0.024402730996829252,-0.9997022090202143,0.9999255494836139,0.012202273964012331,0.7027793843148743,0.7114078555807535,1,0,0,0,99,29
1701902460,12,7,3,401,14.1,0.0,93,0,0,0,1,0,0,0,-0.9017753195144049,0.4322051285150291,-0.5328202658894324,0.8462284350324767,-0.2772828564548513,0.9607883312760612,-0.14002083545661836,0.9901485573579505,-0.07018348324944229,0.9975340990056306,-0.03511339483992818,0.9993833346133081,-0.017559404697937788,0.9998458217678634,0.008780040778282644,-0.9999614546990957,0.9999903636283441,0.004390062693417029,0.7055529524091665,0.7086572029879528,1,0,0,0,99,28
1701902520,12,7,3,402,14.1,0.0,93,0,0,0,1,0,0,0,-0.12354320937804643,0.9923391937319478,-0.06189025071872073,0.9980829609135574,-0.030959966783271346,0.9995206253283515,-0.015481838903188173,0.9998801491499747,-0.00774115140096295,0.9999700368385982,-0.003870604694478365,0.9999925091815933,-0.0019353059714989746,0.9999981272936448,0.0009676534387822795,-0.9999995318233016,0.9999998829558185,0.0004838267760202487,0.7069357018937364,0.7072778190979907,1,0,0,0,99,28
1701902580,12,7,3,403,14.1,0.0,93,0,0,0,1,0,0,0,0.7682739577117872,0.6401211806383749,0.42419265632588754,0.9055719686028203,0.2172878636707302,0.9761075679972009,0.10929874656829122,0.9940089456330866,0.054731409478074984,0.9985011130772681,0.02737596503077039,0.9996252080348085,0.013689265232136597,0.9999062976186339,-0.0068447929612965195,-0.9999765741302729,0.999994143515419,-0.003422416523977862,0.7083157546334748,0.7058957371581238,1,0,0,0,99,28
1701902640,12,7,3,404,14.1,0.0,93,0,0,0,1,0,0,0,0.953743591158287,-0.3006212938640479,0.8064184068658303,0.591345375451585,0.45202578717835057,0.8920048697881602,0.23237376165548454,0.9726265649744922,0.11699024537436405,0.9931330638374931,0.05859580259074419,0.9982817898362899,0.029310494397997367,0.999570355161729,-0.014656821590492326,-0.9998925830212285,0.9999731453947223,-0.007328607602110553,0.7096931053638997,0.7045109624405745,1,0,0,0,99,27
1701902700,12,7,3,405,14.1,0.0,93,0,0,0,1,0,0,0,0.26234576530777837,-0.9649739371739923,0.9912048065798491,0.13233681049883225,0.6586589365905422,0.7524416291310683,0.3518226619114605,0.9360666720728467,0.17879223686608067,0.9838868512366772,0.08975842234387488,0.9959635664111105,0.044924567827022366,0.9989903819384626,-0.022467955642842295,-0.9997475636225533,0.9999368889141338,-0.011234686854707914,0.7110677488308368,0.7031235002278377,1,0,0,0,99,26
1701902760,12,7,3,406,14.1,0.0,93,0,0,0,1,0,0,0,-0.6702515472972181,-0.742133992851483,0.9333097001669604,-0.35907242107165305,0.82433986348825,0.5660952123664124,0.46578148719844353,0.8848997718291073,0.23989604849902457,0.9707985815371557,0.12083339452081168,0.9926728014651041,0.060527673567121146,0.9981665195409792,-0.030277718366983942,-0.9995415247854836,0.9998853746268829,-0.015140594679806359,0.712439679790439,0.7017333558126596,1,0,0,0,99,25
1701902820,12,7,3,407,14.1,0.0,93,0,0,0,1,0,0,0,-0.9866226783405293,0.16302052197242078,0.6469078288394643,-0.7625682008753121,0.938767330299503,0.34455173713441634,0.572471948162346,0.819924306608365,0.3000630711964028,0.953919364152014,0.15179037493857458,0.9884127083743951,0.07611600234380722,0.9970989691034674,-0.03808563309525359,-0.9992744790855682,0.9998186033190141,-0.01904627147805807,0.7138088930092067,0.700340534498019,1,0,0,0,99,26
1701902940,12,7,3,409,14.1,0.0,93,0,0,0,1,0,0,0,0.5588140476063818,0.8292929881518187,-0.29215322336762034,-0.9563715251281321,0.9890327408959049,-0.1476964367746696,0.7575277013993184,0.6528030189978178,0.4166515216593972,0.909066284436349,0.21322958936748326,0.9770021198637056,0.10723311087601266,0.9942339060461842,-0.05369401248656933,-0.9985574360161222,0.9996392939496032,-0.026856693615165312,0.7165391453420968,0.6975468824333009,1,0,0,0,99,26
1701903060,12,7,3,411,14.1,0.0,93,0,0,0,1,0,0,0,0.5215252820815293,-0.8532358291526332,-0.9626099493441341,-0.2708912797114064,0.7971484427982678,-0.6037833718680043,0.8954840511890774,0.4450936014660263,0.5267382644796055,0.8500275293971443,0.2738361468130674,0.9617763589829874,0.13824550809522282,0.9903979904520676,-0.06928928325481673,-0.9975966094699971,0.9993989717500206,-0.03466547655811879,0.719258464169216,0.6947425866613768,1,0,0,0,99,23
1701903120,12,7,3,412,14.1,0.0,93,0,0,0,1,0,0,0,-0.43619188095326605,-0.8998536786558422,-0.97464190312541,0.22377033018717848,0.6229886314423488,-0.7822308898871159,0.9439891127251193,0.32997659774057014,0.5788019532877502,0.8154681470604999,0.3037530682474665,0.95275079298327,0.15370297169659722,0.9881170965485999,-0.07708081295432778,-0.9970248483735498,0.9992559352772317,-0.03856910438712712,0.7206140105448711,0.6933364607507934,1,0,0,0,99,22
1701903180,12,7,3,413,14.1,0.0,93,0,0,0,1,0,0,0,-0.9928762402415507,-0.11915020589072603,-0.7480475271968774,0.6636451589928438,0.4100944043797453,-0.9120430798467921,0.9777635398824176,0.2097104195709025,0.6286054328547828,0.7777243790607642,0.3333733799654944,0.9427948820026454,0.16912291092184195,0.9855949680275984,-0.08486763803830527,-0.9963922340192135,0.9990976513882949,-0.04247214369905562,0.7219668079971044,0.6919276899723498,1,0,0,0,99,23
1701903240,12,7,3,414,14.1,0.0,93,0,0,0,1,0,0,0,-0.6367147631351318,0.7710994166809965,-0.3383050275409778,0.9410365074429887,0.17170249351277814,-0.9851488485104646,0.9962802940213323,0.08617178044329644,0.6759542216587983,0.7369436140042521,0.36266815823542314,0.9319183478192314,0.18450156121394817,0.9828322206305692,-0.09264928323908087,-0.9956988050185078,0.9989241224984278,-0.04637453493832645,0.7233168513654049,0.6905162797000783,1,0,0,0,99,23
1701903300,12,7,3,415,14.1,0.0,93,0,0,0,1,0,0,0,0.30483933083715453,0.9524037916633658,0.15426634165726855,0.9880292990755299,-0.07736504677330103,-0.9970028332646628,0.9992504273866143,-0.038711540497229205,0.7206634236927906,0.693285099905793,0.3916087972034126,0.9201318111840806,0.19983516809600785,0.9798295288426657,-0.10042527360513957,-0.9949446036947649,0.9987353512554678,-0.050276218559250574,0.7246641354997674,0.6891022353180801,1,0,0,0,99,23
1701903360,12,7,3,416,14.1,0.0,93,0,0,0,1,0,0,0,0.9661255498763625,0.25807251282555527,0.6090679301910603,0.7931180595679168,-0.32162240316253093,-0.9468680107512125,0.9866275920404853,-0.16299078079570548,0.7625584504796027,0.6469193223286404,0.4201670368266409,0.9074467814501962,0.21511998808781552,0.9765876257280235,-0.10819513453010837,-0.9941296760805463,0.9985313405398316,-0.05417713502693632,0.7260086552607126,0.6876855622205048,1,0,0,0,99,22
1701903420,12,7,3,417,14.1,0.0,93,0,0,0,1,0,0,0,0.7391603938754915,-0.6735294441417006,0.9147484474274064,0.4040238581187374,-0.5458828362759094,-0.8378615214099336,0.958608763106705,-0.2847266044735426,0.8014757028361941,0.5980273386419961,0.4483149904687573,0.8938756453338451,0.2303522896197853,0.9731073027507925,-0.11595839178172378,-0.9932540719148331,0.9983120934644719,-0.05807722481819786,0.7273504055193061,0.6862662658115296,1,0,0,0,99,22
1701903540,12,7,3,419,14.1,0.0,93,0,0,0,1,0,0,0,-0.9200378500616057,-0.39182949666151784,0.8342150492113882,-0.5514392547409379,-0.8807494691286899,-0.4735824876719271,0.8583654488829123,-0.513038747234589,0.8697812216973269,0.49343756077411205,0.5032705232903513,0.8641289142176971,0.26064447604189017,0.9654348538916795,-0.1314632003800313,-0.9913210513985062,0.9978279038487815,-0.0658746863426833,0.7300255770665447,0.6834198247261037,1,0,0,0,99,21
1701903660,12,7,3,421,14.1,0.0,93,0,0,0,1,0,0,0,0.02658128773805108,0.9996466551448001,-0.013291818069772856,-0.999911659884212,-0.9999779147271733,0.00664605581484232,0.7047531284730695,-0.7094526255553792,0.9245140954997331,0.38114785480481245,0.5562607954885853,0.831007778184059,0.290682147556348,0.956819674281434,-0.14693591412341295,-0.9891460140650201,0.9972828119608349,-0.07366812721584506,0.732689609321657,0.6805629554949912,1,0,0,0,99,19
1701903720,12,7,3,422,14.1,0.0,93,0,0,0,1,0,0,0,0.8555355864224282,0.5177440104577087,-0.491047853850463,-0.8711325991081119,-0.9672467624934477,0.2538379413049674,0.6108035931029845,-0.7917821484805551,0.9465152266288576,0.3226591479560474,0.5819539724256346,0.813221724979125,0.3055963637061761,0.9521611536339647,-0.15465905464284221,-0.9879679027260867,0.9969874379163678,-0.07756319125046778,0.7340174355049299,0.6791306239412018,1,0,0,0,99,19
1701903780,12,7,3,423,14.1,0.0,93,0,0,0,1,0,0,0,0.8979144124545271,-0.44017008974536365,-0.8485782491159444,-0.5290698962588196,-0.8743768913514411,0.4852474130488386,0.5073226719510776,-0.8617561757970866,0.9648202360536098,0.26291046403948376,0.6070788811845279,0.7946415745603435,0.3204359728866724,0.9472701764967436,-0.16237275557071826,-0.9867294909185454,0.9966768510702316,-0.0814570717662211,0.7353424616347886,0.6776957017105018,1,0,0,0,99,17
1701903840,12,7,3,424,14.1,0.0,93,0,0,0,1,0,0,0,0.1147548686204055,-0.9933938393849207,-0.9983470937967718,-0.057472430847665464,-0.7271425000808527,0.6864865509069841,0.39592515018183416,-0.9182827862121189,0.979357643103917,0.20213512038718198,0.6316109877182386,0.775285470129288,0.33519735222008545,0.9421479369316923,-0.1700765461024943,-0.9854308542286699,0.9963510561615996,-0.08534970934727917,0.7366646826566614,0.6762581942766833,1,0,0,0,99,17
1701903900,12,7,3,425,14.2,0.0,93,0,0,0,1,0,0,0,-0.773909772204126,-0.6332958743643905,-0.9036857513440141,0.42819629005609655,-0.5346979100127022,0.845043279973309,0.27834934886459767,-0.9604799008759395,0.9900706795163514,0.14057044341549993,0.6555263368410532,0.7551723125934571,0.3498768979273589,0.9367956854601374,-0.17776995603850315,-0.9840720719185504,0.9960100581617011,-0.08924104459678178,0.7379840935266768,0.6748181071234004,1,0,0,0,99,16
1701903960,12,7,3,426,14.2,0.0,93,0,0,0,1,0,0,0,-0.9510453375319575,0.3090513969532009,-0.5877706198198406,0.8090276252864301,-0.30900839366720273,0.9510593107915064,0.15642999905467883,-0.9876890479274097,0.9969175111129831,0.07845684187051573,0.6788015756204033,0.7343217421098587,0.3644710262079424,0.9312147287575134,-0.1854525158126556,-0.9826532269212557,0.9956538622737461,-0.09313101813774066,0.7393006892116836,0.6733754457441478,1,0,0,0,99,13
1701904020,12,7,3,427,14.2,0.0,93,0,0,0,1,0,0,0,-0.2537942055031938,0.9672582391755589,-0.12794874134676187,0.9917807820218032,-0.06410623206130915,0.9979430800456014,0.032069611428879305,-0.9994856377271265,0.9998714011629511,0.016036868037019116,0.701413976180608,0.7127541189067303,0.3789761741147256,0.9254064293343575,-0.19312375652110036,-0.9811744058357712,0.9952824739328456,-0.09701957061394559,0.7406144646892693,0.67193021564224,1,0,0,0,99,9
1701904080,12,7,3,428,14.2,0.0,93,0,0,0,1,0,0,0,0.6767941486332613,0.7361723170398212,0.36319945137636067,0.9317114137542325,0.18478174456066745,0.9827795820412206,-0.09279121175730869,-0.9956855884367365,0.9989208147888241,-0.046445729422969886,0.7233414578962587,0.6904905034021214,0.39338880042387997,0.9193722052036709,-0.20078320995084364,-0.9796356989217142,0.9948958988059289,-0.10090664269087,0.7419254149477796,0.6704824223307908,1,0,0,0,99,8
1701904140,12,7,3,429,14.2,0.0,93,0,0,0,1,0,0,0,0.9851410837124249,-0.17174703834974567,0.7654237513788508,0.6435265968280777,0.4221808872816973,0.9065116096410674,-0.21620405911884805,-0.9763481985544571,0.9940694640100503,-0.10874695730351001,0.7445626089535755,0.6675526356387524,0.4077053864993983,0.9131135295347322,-0.2084304086083264,-0.9780372000938237,0.9944941427916566,-0.10479217505657644,0.743233534986338,0.6690320713326916,1,0,0,0,99,8
1701904200,12,7,3,430,14.2,0.0,93,0,0,0,1,0,0,0,0.38775384963726117,-0.921762958732604,0.9802456219572225,0.19778402522372224,0.6333308672314487,0.7738811359710619,-0.3362431144491573,-0.9417752215818438,0.9853362932476007,-0.17062353064298638,0.7650567072586797,0.6439629140552325,0.4219224371521189,0.906631930293444,-0.21606488574795768,-0.9763790069162293,0.9940772120203313,-0.10867610842262153,0.7445388198148641,0.6675791681805906,1,0,0,0,99,5
1701904260,12,7,3,431,14.2,0.0,93,0,0,0,1,0,0,0,-0.5661324855759046,-0.824314265784384,0.9550691770192314,-0.2963829737144291,0.8051034013449543,0.5931344814987454,-0.45103520843790823,-0.8925061572613225,0.9727554053464115,-0.2318338227466793,0.7848037406723669,0.619744373614364,0.43603648149302604,0.8999289898693018,-0.22368617540060243,-0.9746612205964957,0.9936451128538035,-0.11255838352496064,0.745841264454093,0.6661237184168716,1,0,0,0,99,7
1701904320,12,7,3,432,14.2,0.0,93,0,0,0,1,0,0,0,-0.9995192244043064,0.03100516160599342,0.6960584883449115,-0.7179850839697136,0.926818505417785,0.3755095977670121,-0.5587890488516163,-0.8293098328631502,0.956375928404503,-0.2921388087338362,0.8037844265516209,0.594920663309892,0.4500440737806176,0.8930063446890767,-0.23129381240202182,-0.9728839459794464,0.9931978518853749,-0.11643894112485227,0.7471408639355942,0.6646657275936332,1,0,0,0,99,5
1701904380,12,7,3,433,14.2,0.0,93,0,0,0,1,0,0,0,-0.5139525978344581,0.8578185864034492,0.2666284058353037,-0.9637994050640022,0.9909085237962186,0.13453734599730627,-0.6578231730498302,-0.7531724058930022,0.9362618239288095,-0.3513029989247159,0.8219802305787883,0.5695160230736639,0.4639417942621338,0.8858656848173045,-0.2388873324212645,-0.9710472915407634,0.9927354359396977,-0.1203177220097618,0.7484376133017908,0.6632052012726672,1,0,0,0,99,3
1701904440,12,7,3,434,14.2,0.0,93,0,0,0,1,0,0,0,0.4441396769705497,0.8959575588946699,-0.22808160941352784,-0.9736420181192547,0.9933886495524434,-0.1147997863254662,-0.7465921866472573,-0.665281975433926,0.9124916370668626,-0.4090953584227484,0.8393733848600241,0.5435552601057465,0.4777262500084402,0.8785087535436817,-0.24646627198900695,-0.9691513693803672,0.9922578720726702,-0.1241946669942652,0.749731507605978,0.6617421450254377,1,0,0,0,99,2
1701904500,12,7,3,435,14.4,0.0,94,0,0,0,1,0,0,0,0.9938919810238954,0.11035728365811025,-0.6669492920537099,-0.7451031081864141,0.9341046804792315,-0.3569992239582503,-0.8237108788762748,-0.5670100422575202,0.8851581898896717,-0.46529020930086196,0.8559469052753395,0.517063724650617,0.4913940757423633,0.8709373469574654,-0.2540301685258412,-0.9671962952155745,0.9917651675713295,-0.12806971692095193,0.7510225419123423,0.6602765644330594,1,0,0,0,99,3
1701904560,12,7,3,436,14.4,0.0,94,0,0,0,1,0,0,0,0.6298645812915785,-0.7767049692350272,-0.9425245273294025,-0.33413697099017103,0.8167426066363169,-0.577002178942952,-0.8879758383376634,-0.4598901070131037,0.8543682189235223,-0.5196681118689583,0.8716846080633058,0.49006728524307847,0.5049419346602744,0.8631533135089845,-0.26157856037050853,-0.9651821883740356,0.99125732995374,-0.13194281266132774,0.7523107112959804,0.6588084650862769,1,0,0,0,99,1
1701904620,12,7,3,437,14.4,0.0,94,0,0,0,1,0,0,0,-0.31325740971087507,-0.9496682553719656,-0.9873368866227894,0.15863755013872718,0.6485994333412853,-0.7611299331056187,-0.9383842318329999,-0.34559374046297575,0.820241958346126,-0.572016721581207,0.8865711256242239,0.4625923034480756,0.518366519246722,0.8551585535583667,-0.26911098680807644,-0.9631091717864508,0.9907343669688791,-0.13581389511671688,0.7535960108429174,0.657337852585443,1,0,0,0,99,1
1701904680,12,7,3,438,14.4,0.0,94,0,0,0,1,0,0,0,-0.9683719828857112,-0.24951092713946563,-0.7904147414931815,0.6125720663156844,0.44012948872139646,-0.8979343145007,-0.9741494532413135,-0.22590449917974179,0.7829126704747286,-0.6221316182369524,0.9005919215263238,0.4346656081190733,0.531664552081915,0.8469550189115929,-0.2766269880980588,-0.9609773719790682,0.9901962865965183,-0.1396829052191638,0.7548784356501264,0.6558647325404974,1,0,0,0,99,3
1701904740,12,7,3,439,14.4,0.0,94,0,0,0,1,0,0,0,-0.73316982087163,0.6800455968264643,-0.3999715009682163,0.9165275764608679,0.20429442422534697,-0.9789094892943034,-0.9947133982445153,-0.1026900937425236,0.7425261253796137,-0.6698171042372225,0.9137333047003438,0.4063144692001366,0.5448327866418574,0.838544712343992,-0.2841261055024758,-0.9587869190659601,0.9896430970471022,-0.14354978393233453,0.7561579808255463,0.6543891105709452,1,0,0,0,99,0
1701904860,12,7,3,441,14.4,0.0,94,0,0,0,1,0,0,0,0.9234700129260028,0.3836706077176726,0.5551258381134531,0.8317663757683622,-0.2900289849580881,-0.9570178618417637,-0.9891961033692368,0.14659832563545244,0.653223420570844,-0.757165215007746,0.9373273747756826,0.3484499856451812,0.5707670340667981,0.8211120464483459,-0.29907185888315707,-0.9542305922701142,0.9884914244114903,-0.15127691120902387,0.7587084127677193,0.6514303833837413,1,0,0,0,99,0
1701904920,12,7,3,442,14.4,0.0,94,0,0,0,1,0,0,0,0.8218006615020342,-0.5697751071737155,0.8859387978787574,0.4638021630104179,-0.5177826942789717,-0.855512174960245,-0.9632009590319782,0.2687822771684872,0.6046559860083719,-0.7964867472747074,0.9477570224679708,0.31899314469537793,0.5835267154572368,0.8120939430556596,-0.3065175826476683,-0.9518649964820798,0.9878929588984021,-0.1551370418660872,0.7599792898053496,0.6499472894527343,1,0,0,0,99,0
1701905040,12,7,3,444,14.4,0.0,94,0,0,0,1,0,0,0,-0.8600847843788071,-0.510151118473792,0.8689508382163492,-0.49489841458940237,-0.8645514486106083,-0.5025443191453852,-0.8667595742607592,0.49872621790648564,0.500636485932415,-0.8656576164704166,0.9658306312367652,0.2591740568899436,0.608615618888497,0.7934652030460894,-0.3213524521097596,-0.9469596620358465,0.9866508151407586,-0.1628501427143272,0.7625123417736683,0.6469736692036518,1,0,0,0,99,1
1701905100,12,7,3,445,14.6,0.0,94,0,0,0,1,0,0,0,-0.8939831563049628,0.44810056487692174,0.5253091637898002,-0.8509114421832984,-0.9620060920241873,-0.27302798191458466,-0.7978182693804977,0.6028980088229747,0.44559061434068903,-0.8952368426352254,0.9734569437410228,0.22887022235840837,0.620938715833371,0.7838591143689051,-0.3287406923633694,-0.9444202227739792,0.9860071558497887,-0.16670299521307466,0.7637745070415334,0.6454831542290338,1,0,0,0,99,0
1701905160,12,7,3,446,14.6,0.0,94,0,0,0,1,0,0,0,-0.10595753713889097,0.9943706554014256,0.05305348526993529,-0.9985916721566993,-0.9996478560364893,-0.026536087157875483,-0.7164272772437812,0.6976617779562402,0.38880472093569013,-0.9213201880877897,0.980132692059547,0.19834289993873028,0.6331102194962855,0.7740616577310655,-0.3361088679795094,-0.9418231409694353,0.9853484513027448,-0.17055330402921653,0.765033758741801,0.643990176932375,1,0,0,0,99,0
1701905220,12,7,3,447,14.6,0.0,94,0,0,0,1,0,0,0,0.7794849530244592,0.6264209511250854,-0.4321915367489943,-0.9017818336840362,-0.9751363580761503,0.22160569297286092,-0.6238566770609814,0.7815387683835208,0.3305005534159355,-0.9438057979223058,0.9858513574373943,0.1676218990431951,0.6451271583791853,0.7640752250410934,-0.34345652924271697,-0.9391685751347022,0.9846747115506476,-0.17440101041177747,0.7662900920708089,0.6424947430089302,1,0,0,0,99,0
1701905280,12,7,3,448,14.6,0.0,94,0,0,0,1,0,0,0,0.9482725721561587,-0.3174572867274317,-0.8116209973649744,-0.5841843515845697,-0.8899956043668333,0.4559691044442761,-0.5215510020869119,0.8532201077225842,0.27090578830786904,-0.9626058663135666,0.9906073556948704,0.1367372182078336,0.6569865987187891,0.7539022543433046,-0.35078322768961984,-0.9364566872907963,0.9839859468739369,-0.17824605564949209,0.7675435022360271,0.6409968581633251,1,0,0,0,99,0
1701905340,12,7,3,449,14.6,0.0,94,0,0,0,1,0,0,0,0.2452227616305097,-0.9694667591920345,-0.9923373315541532,-0.1235581660756696,-0.7495192346016444,0.661982565451814,-0.4111066981625245,0.9115872326474889,0.2102531418938979,-0.9776469793968293,0.9943960426803873,0.10571901579936002,0.6686856452028263,0.7435452292225941,-0.35808851613630804,-0.9336876429573742,0.9832821677823141,-0.18208838107170075,0.7687939844560767,0.6394965281095353,1,0,0,0,99,0
1701905460,12,7,3,451,14.6,0.0,94,0,0,0,1,0,0,0,-0.9835823060282404,0.18046009882566544,-0.640132760126497,0.7682643096049905,-0.34039366209949434,0.9402830184590676,-0.17279609593525602,0.9849576179864461,0.08672480041358972,-0.9962323067403621,0.999057632656986,0.04340330206123635,0.6915911718417044,0.7222891741059243,-0.3726330808543947,-0.9279787643329788,0.9818296095384826,-0.18976463799536156,0.7712861459910199,0.6364885552799195,1,0,0,0,99,1
1701905520,12,7,3,452,14.6,0.0,94,0,0,0,1,0,0,0,-0.3795798508807975,0.9251589792059046,-0.19344381715900788,0.9811113543339269,-0.09718190589320902,0.9952666362171313,-0.04864855487508726,0.9988159580766447,0.02433148087720227,-0.9997039456950855,0.9999259836845639,0.012166640968536861,0.7027920599407278,0.7113953334709671,-0.37987146940052824,-0.9250392784825321,0.9810808525505256,-0.19359845236657747,0.7725278157990745,0.6349809239785958,1,0,0,0,99,1
1701905580,12,7,3,453,14.6,0.0,94,0,0,0,1,0,0,0,0.5734065686442813,0.8192709606934638,0.300606918837987,0.9537481220672112,0.1520721505286041,0.9883693950308283,0.07625813061297684,0.9970881092037023,-0.03815685257131214,-0.9992717621357321,0.9998179239580905,-0.019081900642597186,0.7138213714377698,0.7003278158681843,-0.3870866725500994,-0.9220433330023552,0.9803171254758215,-0.19742931266360217,0.7737665386483193,0.6334708704180476,1,0,0,0,99,1
1701905700,12,7,3,455,15.2,0.0,94,0,0,0,1,0,0,0,0.5063396468349013,-0.8623341359607118,0.9649699829426591,0.2623603095356538,0.6073053970056359,0.7944684731113166,0.32057099594994815,0.9472244911084481,-0.1624430806337284,-0.9867179158980666,0.9966739476624406,-0.08149258893277783,0.7353545365783697,0.677682599403003,-0.40144576258630316,-0.915882798015937,0.9787448079085622,-0.20508193726418603,0.776235124580235,0.6304435195700777,1,0,0,0,99,1
1701905760,12,7,3,456,15.2,0.0,94,0,0,0,1,0,0,0,-0.45205267588297,-0.8919912433578294,0.9726230624856244,-0.23238842122852268,0.7849803886813105,0.6195206125592099,0.43616475524782494,0.8998668269691937,-0.22375564018679642,-0.9746452757206577,0.9936411011327626,-0.11259379263383548,0.7458531332084875,0.6661104290454266,-0.4085887730680895,-0.9127185845169985,0.9779362414076386,-0.2089035847981091,0.7774649782460008,0.6289262338310793,1,0,0,0,99,1
1701905820,12,7,3,457,15.2,0.0,94,0,0,0,1,0,0,0,-0.9948298531417643,-0.1015557152401366,0.7421440949169293,-0.6702403616464259,0.9138491017795076,0.4060539609174956,0.5449523094191382,0.8384670419633367,-0.2841944387533501,-0.9587666665991619,0.9896379809301888,-0.14358505040713354,0.7561696404931679,0.6543756373799633,-0.41570684539711195,-0.9094986633799863,0.9771127528028652,-0.2127220447203506,0.7786918661191828,0.6274065489296591,1,0,0,0,99,2
1701905880,12,7,3,458,15.2,0.0,94,0,0,0,1,0,0,0,-0.6229650513149461,0.7822496691211615,0.3299623697323973,-0.9439940860834779,0.98589910388525,0.16734084067633054,0.645236065065984,0.7639832592002035,-0.34352346411838924,-0.939144094162393,0.9846684960336634,-0.17443609981538652,0.766301539805117,0.6424810892876979,-0.42279954512292356,-0.9062232311322905,0.976274354659665,-0.21653725876591012,0.7799157835195766,0.625884470662953,1,0,0,0,99,1
1701905940,12,7,3,459,15.2,0.0,94,0,0,0,1,0,0,0,0.32165094574030556,0.9468583152216423,-0.16300565140257817,-0.9866251353025733,0.9966506748361166,-0.08177672253589847,0.7354511277222635,0.6775777731980668,-0.4015110377075164,-0.9158541841357899,0.9787374990608538,-0.20511681533239795,0.7762463575864296,0.630429688651955,-0.4298664393436902,-0.9028924876894134,0.975421059770962,-0.22034916871931534,0.7811367257783094,0.6243600048372272,1,0,0,0,99,3
1701906000,12,7,3,460,15.2,0.0,94,0,0,0,1,0,0,0,0.970542546651256,0.24092979296818903,-0.6160642040533645,-0.787695941645058,0.9454353340247703,-0.3258098052199642,0.8141897215084345,0.580598912666927,-0.45793071928681145,-0.8889878831195976,0.9718507815296538,-0.23559723776012562,0.7860016659524729,0.618224377649359,-0.43690709673261263,-0.8995066363427673,0.9745528811569866,-0.2241577164155103,0.7823546882378575,0.6228331572678552,1,0,0,0,99,1
1701906060,12,7,3,461,15.2,0.0,94,0,0,0,1,0,0,0,0.7271218060573149,-0.6865084698355503,-0.9182887535616316,-0.3959113096164656,0.8354374032853884,-0.5495856122495996,0.880223157003268,0.47456000028995304,-0.5125621912070998,-0.8586501034443405,0.9640150682028628,-0.26584760348332986,0.7955650832846204,0.605868136031542,-0.4439210875642528,-0.8960658837472673,0.9736698320650762,-0.22796284374074297,0.7835696662520644,0.6213039337792966,1,0,0,0,99,3
1701906120,12,7,3,462,15.2,0.0,94,0,0,0,1,0,0,0,-0.18481136973170906,-0.9827740114685011,-0.9956841897581032,0.09280621889587708,0.6734960211850264,-0.7391908477842096,0.9325210045313215,0.36111573782915524,-0.5651921187396569,-0.8249593134904155,0.9552380105215703,-0.295838373533239,0.8049342748116889,0.5933639803976818,-0.4509079837407618,-0.8925704399087172,0.9727719259694734,-0.23176449263345197,0.7847816551861582,0.619772340205074,1,0,0,0,99,3
1701906180,12,7,3,463,15.2,0.0,94,0,0,0,1,0,0,0,-0.9268298244906983,-0.3754816592518752,-0.8293014106016808,0.5588015482924706,0.46967991851234675,-0.8828367766162867,0.9702671736733874,0.24203638505781863,-0.6156149831437591,-0.7880470750716034,0.9455281791336532,-0.3255402624318508,0.8141069531799402,0.5807149634580416,-0.4578673588180088,-0.8890205181709929,0.9718591765711205,-0.23556260508515253,0.7859906504167694,0.6182383823877515,1,0,0,0,99,1
1701906240,12,7,3,464,15.2,0.0,94,0,0,0,1,0,0,0,-0.816725212907666,0.5770267988585345,-0.4598767232321427,0.8879827697817494,0.23666139336428604,-0.9715921906288022,0.9928726480845371,0.11918013544881928,-0.6636338842129675,-0.7480575296890004,0.934895055524683,-0.354924266788705,0.8230808790115055,0.5679241732886948,-0.46479878803160896,-0.8854163352030204,0.9709315977974505,-0.2393571231413216,0.7871966473319489,0.616702066178912,1,0,0,0,99,2
1701906300,12,7,3,465,15.4,0.0,93,0,0,0,1,0,0,0,0.04427279290137974,0.99901947919383,0.022141824746053522,0.9997548397466827,-0.011071590972334946,-0.9999387080583196,0.9999846768971812,-0.005535880313030703,-0.7090613091662211,-0.7051468356615412,0.9233490227594171,-0.38396169362220156,0.831853861451097,0.5549947325776158,-0.4717018483228491,-0.8817581109855513,0.9699892038021741,-0.24314798890228217,0.788399641331185,0.6151633974391348,1,0,0,0,99,2
1701906360,12,7,3,466,15.4,0.0,93,0,0,0,1,0,0,0,0.8645665970913422,0.5025182575726944,0.4987392818032813,0.8667520572726362,-0.2581161974066756,-0.9661138797451976,0.9914922792803779,-0.13016551051411895,-0.7517198648812332,-0.6594825583311059,0.9109013553429114,-0.41262418837781073,0.8404237587008743,0.5419297978623197,-0.47857611836450864,-0.8780460687977367,0.9690320089650643,-0.2469351445240868,0.789599627825421,0.6136223820379734,1,0,0,0,99,2
1701906420,12,7,3,467,15.4,0.0,93,0,0,0,1,0,0,0,0.8899818590686664,-0.45599593257909704,0.8532279685345228,0.5215381421434596,-0.4891123888517548,-0.8722207696860524,0.9675279762585814,-0.25276395145861635,-0.7914429706108382,-0.6112430157234452,0.8975642082111578,-0.44088376261581397,0.8487884785433335,0.5287325587592399,-0.4854211785865756,-0.8742804352034992,0.9680600278917365,-0.2507185322194002,0.7907966022370734,0.6120790258539333,1,0,0,0,99,1
1701906480,12,7,3,468,15.4,0.0,93,0,0,0,1,0,0,0,0.09715190417988626,-0.9952695652506521,0.9988166912028082,0.048633500538969116,-0.689697940935389,-0.7240971967004738,0.9284657227653786,-0.37141809547969407,-0.8280755084772445,-0.5606165822201061,0.8833506048619953,-0.4687128213415406,0.8569459788520921,0.5154062371850283,-0.49223661120185463,-0.8704614400377044,0.967073275413426,-0.254498094258381,0.7919905600000485,0.610533334774449,1,0,0,0,99,2
1701906540,12,7,3,469,15.4,0.0,93,0,0,0,1,0,0,0,-0.7849990633729201,-0.6194969495515196,0.8998602529147288,-0.43617831815008895,-0.8474014155493513,-0.5309527671318378,0.8749150722018217,-0.48427638434480896,-0.8614744292040272,-0.5078009529605035,0.8682744246378858,-0.4960841899514116,0.8648942680904446,0.5019540865699712,-0.49902200023146714,-0.8665893163921337,0.9660717665867619,-0.25827377296956255,0.7931814965597604,0.6089853146958625,1,0,0,0,99,2
1701906600,12,7,3,470,15.4,0.0,93,0,0,0,1,0,0,0,-0.9454255122693237,0.3258383046087229,0.5805866409896446,-0.8141984723053474,-0.9524175744665119,-0.3047962661308802,0.8077116645594764,-0.5895777022026527,-0.8915093107204918,-0.4530023718466313,0.8523503891729713,-0.5229711407684791,0.8726314057975678,0.4883793910637103,-0.5057769315302397,-0.8626643006012565,0.9650555166935363,-0.2620455107407332,0.7943694073731481,0.6074349715233996,1,0,0,0,99,1
1701906660,12,7,3,471,15.4,0.0,93,0,0,0,1,0,0,0,-0.2366321052384454,0.9715993241920361,0.11916517068330806,-0.9928744442758198,-0.9982170215629014,-0.05968900955862884,0.7279041865378398,-0.6856788572069913,-0.9180628674570689,-0.39643482616503856,0.8355940480176479,-0.549347419141549,0.8801555030622569,0.47468546473346485,-0.5125009928119824,-0.8586866322278066,0.9640245412404724,-0.26581325001981504,0.795554287908693,0.6058823111711485,1,0,0,0,99,1
1701906720,12,7,3,472,15.4,0.0,93,0,0,0,1,0,0,0,0.689719768063795,0.7240764058730438,-0.37143208943692263,-0.9284601245807608,-0.9819521690440836,0.1891294205289584,0.6367380071391379,-0.7710802229758452,-0.9410314083429535,-0.3383192109710552,0.8180217634546941,-0.5751872690824027,0.8874647229840752,0.46087565075494996,-0.5191937736746512,-0.8546565540481598,0.9629788559589872,-0.26957693331574223,0.7967361336464357,0.6043273395620364,1,0,0,0,99,1
1701906780,12,7,3,473,15.4,0.0,93,0,0,0,1,0,0,0,0.9819464674138593,-0.18915902075619492,-0.7710898199160053,-0.6367263852094576,-0.9046342866621455,0.42618869928151687,0.535635744101569,-0.8444491397596178,-0.9603252417175178,-0.27888246649832815,0.7996506945217794,-0.6004654584160823,0.8945572811218079,0.44695332059618803,-0.5258548656253986,-0.8505743120375162,0.9619184768049516,-0.27333650319933833,0.7979149400779942,0.6027700626278074,1,0,0,0,99,1
1701906840,12,7,3,474,15.4,0.0,93,0,0,0,1,0,0,0,0.3713761131017696,-0.9284825160537067,-0.9819578697820255,-0.18909982012986337,-0.7710706258605184,0.6367496289241701,0.42617506442530745,-0.9046407101507675,-0.9758690255743256,-0.21835669196206517,0.7804987802559544,-0.6251573034196812,0.9014314459291071,0.43292187319441294,-0.5324838621055041,-0.8464401553548877,0.9608434199584467,-0.27709190230419245,0.7990907027065802,0.6012104863089995,1,0,0,0,99,1
1701906900,12,7,3,475,15.4,0.0,93,0,0,0,1,0,0,0,-0.580635726907393,-0.8141634680079446,-0.9524083861474406,0.30482497600430924,-0.5895655281627695,0.8077205506870273,0.31006406540662906,-0.9507156648249326,-0.9876020617700564,-0.15697823921656684,0.7605847221764866,-0.6492386929255808,0.9080855391772245,0.41878473412626877,-0.5390803585151899,-0.8422543363278899,0.9597537018235173,-0.28084307332753466,0.8002634170470166,0.5996486165549226,1,0,0,0,99,1
1701906960,12,7,3,476,15.4,0.0,93,0,0,0,1,0,0,0,-0.9988137573367454,0.048693717817118926,-0.6896761131802671,0.7241179868699296,-0.3714041014380902,0.9284713207390763,0.18911462035089152,-0.9819550195245901,-0.9954785330494551,-0.09498678980629327,0.7399279660231438,-0.6726861118655962,0.9145179363647266,0.40454535477150383,-0.5456439522383145,-0.8380171104373418,0.9586493390279216,-0.2845899590311104,0.8014330786257547,0.598084459323635,1,0,0,0,99,2
1701907020,12,7,3,477,15.4,0.0,93,0,0,0,1,0,0,0,-0.49868702553633515,0.8667821240437084,-0.25808707441122625,0.9661216600521149,-0.13015056655252244,0.9914942410453312,0.06521410489560044,-0.9978712945679246,-0.9994676819607337,-0.03262441901456225,0.7185486827677587,-0.6954766642330416,0.9207270671140937,0.39020721147036636,-0.5521742426669474,-0.8337287363016721,0.9575303484228769,-0.28833250224205376,0.8025996829808911,0.5965180205819209,1,0,0,0,99,1
1701907080,12,7,3,478,15.4,0.0,93,0,0,0,1,0,0,0,0.45993025772913376,0.8879550427950801,0.2366906812750767,0.9715850561826999,0.11919510018725629,0.9928708516677031,-0.05970405485516448,-0.9982161218062207,-0.9995539309627621,0.029865349435251595,0.696467748917618,-0.7175880954402921,0.9267114155551047,0.3757738046749054,-0.5586708312258188,-0.8293894756611352,0.9563967470828033,-0.29207064585375986,0.8037632256621846,0.5949493063052683,1,0,0,0,99,1
1701907140,12,7,3,479,15.4,0.0,93,0,0,0,1,0,0,0,0.9956897831154927,0.0927461902151406,0.6735183033091452,0.7391705453463161,0.36112979290947733,0.9325155616251978,-0.18369055279845262,-0.9829841203257552,-0.9957369432550334,0.09223849433464518,0.6737067261299069,-0.7389988140500109,0.9324695206949155,0.36124865809438594,-0.565133321396648,-0.8249995933618349,0.9552485523050623,-0.2958043328267565,0.8049237022310738,0.5933783224778453,1,0,0,0,99,2
1701907260,12,7,3,481,17.7,0.0,76,0,0,0,1,0,0,0,-0.33001928131531005,-0.9439741913633689,0.9858940590558828,-0.16737055989126504,0.7639929842254002,0.6452245501020304,-0.421174221610232,-0.9069797544879462,-0.9764680625826803,0.21566205682972353,0.6262339591439754,-0.779635189312836,0.9433014336130409,0.3319373515342646,-0.5779544309310792,-0.8160690386034335,0.9529084527391478,-0.30325810903961536,0.8072354393358901,0.5902295701506256,1,0,0,0,99,0
1701907320,12,7,3,482,17.7,0.0,76,0,0,0,1,0,0,0,-0.9726370711153801,-0.23232978261965265,0.7849617132764033,-0.6195442750039529,0.8998734008192355,0.4361511922464772,-0.5309655392553846,-0.8473934128391833,-0.9610914141847234,0.2762305080551537,0.6015685712970908,-0.7988211652351087,0.9483725969351678,0.3171583474897762,-0.5843122677602378,-0.8115289112193651,0.9517165836580145,-0.3069780845440232,0.8083866910532431,0.5886518136623622,1,0,0,0,99,0
1701907380,12,7,3,483,17.7,0.0,76,0,0,0,1,0,0,0,-0.7210168232776373,0.692917556820885,0.39184336359004157,-0.9200319442337003,0.9798040478161182,0.1999600657210081,-0.6324713172464788,-0.7745837804011287,-0.9419617243819222,0.33572028505801615,0.5763157619491175,-0.8172271058457423,0.9532122286893256,0.30230191378343746,-0.5906344411802289,-0.8069392522933302,0.9505101925527496,-0.31069337594054836,0.8095348590210765,0.5870718116463486,1,0,0,0,99,0
1701907440,12,7,3,484,17.7,0.0,76,0,0,0,1,0,0,0,0.19350296674212325,0.9810996900733364,-0.09721190751822432,-0.9952637062792294,0.9988152247235795,-0.04866360920015389,-0.7241075918674496,-0.6896870271361664,-0.9191536942035773,0.3938990815322077,0.5505001900398365,-0.8348350380560844,0.9578191473488313,0.28737167740046654,-0.5969205653181726,-0.8023003419544537,0.949289297831397,-0.3144039265384152,0.8106799388594784,0.5854895701298123,1,0,0,0,99,0
1701907500,12,7,3,485,17.7,0.0,76,0,0,0,1,0,0,0,0.9301170215238276,0.36726329284539677,-0.5624663132822282,-0.8268202019923669,0.9557249086406524,-0.29426161659961114,-0.8044444097013824,-0.5940279384845417,-0.8927563885194386,0.4505397105225345,0.52414706403712,-0.851627768019143,0.9621922282005667,0.2723712833439467,-0.6031702565014514,-0.7976124633379128,0.9480539181233082,-0.31810967971918674,0.8118219262003172,0.5839050951485237,1,0,0,0,99,0
1701907560,12,7,3,486,17.7,0.0,76,0,0,0,1,0,0,0,0.8115857761709371,-0.584233282103149,-0.8900093488562771,-0.4559422758951242,0.8532122467168191,-0.5215638619118831,-0.8722281415753229,-0.4890992425306529,-0.8628728882432953,0.5054209915849098,0.4972821173212898,-0.8675888979190864,0.9663304036195608,0.257304393744951,-0.6093831332811276,-0.7928759025676563,0.9468040722788575,-0.3218105789376289,0.8129608166872586,0.5823183927467734,1,0,0,0,99,1
1701907620,12,7,3,487,17.7,0.0,76,0,0,0,1,0,0,0,-0.053113688973945104,-0.9985884718158823,-0.9996470556691202,0.026566220884026468,0.6976509797584941,-0.7164377924439869,-0.9264010450242344,-0.37653831648054964,-0.8296198878042129,0.5583286144912557,0.4699315830569086,-0.8827028419834321,0.9702326633296345,0.24217468696848557,-0.6155588164552248,-0.7880909487389401,0.9455397793691549,-0.32550656772257286,0.8140966059757813,0.5807294689773488,1,0,0,0,99,1
1701907680,12,7,3,488,17.7,0.0,76,0,0,0,1,0,0,0,-0.8689806734225085,-0.49484602576777714,-0.8645362993442719,0.5025703802614231,0.4987131538963941,-0.8667670910519801,-0.9661177700083929,-0.25810163593826746,-0.7931272394572851,0.6090559761063561,0.4421221685765394,-0.8969548417022889,0.9738980546500462,0.2269858567154693,-0.621696929091873,-0.7832578939006837,0.9442610586857545,-0.3291975896777772,0.8152292897331944,0.579138329901511,1,0,0,0,99,1
1701907740,12,7,3,489,17.7,0.0,76,0,0,0,1,0,0,0,-0.8859108342361154,0.46385557427185253,-0.5177569051824165,0.8555277827960506,0.2687677596029232,-0.9632050100565431,-0.9907585503180235,-0.1356373656914954,-0.7535374462133568,0.65740498716868,0.413881029301489,-0.9103309802397916,0.977325682728074,0.21174161112097017,-0.6277970965523135,-0.7783770330376437,0.9429679297403607,-0.332883588482788,0.8163588636386537,0.5775449815889719,1,0,0,0,99,0
1701907800,12,7,3,490,17.7,0.0,76,0,0,0,1,0,0,0,-0.08833865964017233,0.9960904985055212,-0.04421256322855966,0.9990221465276736,0.0221116877728314,-0.9997555067434422,-0.9999388748177166,-0.011056519718198895,-0.7110051053678162,0.7031868458247073,0.3852357422249997,-0.9228181960236553,0.9805147107574815,0.19644567184891684,-0.6338589465137663,-0.7734486640524104,0.9416604122645303,-0.33656450789379855,0.8174853233831781,0.5759494301178713,1,0,0,0,99,0
1701907860,12,7,3,491,17.7,0.0,76,0,0,0,1,0,0,0,0.7904516712343437,0.6125244121199033,0.4401565561706975,0.8979210466738997,-0.22591918170675576,-0.9741460482581397,-0.9935154876140935,0.11369685954735136,-0.6656963048014645,0.7462227748961269,0.3562142789837832,-0.9344042954995784,0.9834643601828127,0.18110177318350804,-0.6398821089921534,-0.7684730877472249,0.9403385262093713,-0.34024029174450743,0.818608664669666,0.5743516815747528,1,0,0,0,99,0
1701907920,12,7,3,492,17.7,0.0,76,0,0,0,1,0,0,0,0.9425043809306535,-0.3341937939677003,0.8167599996228085,0.5769775585030581,-0.45990349068959124,-0.8879689066918555,-0.9715886235161092,0.23667603734656428,-0.617787974410896,0.7863447200008926,0.3268449785441926,-0.9450779650380419,0.9861739108894643,0.16571366111754054,-0.6458662163646817,-0.7634506078056198,0.9390022917452384,-0.3439108839469756,0.8197288832129119,0.5727517420545416,1,0,0,0,99,1
1701907980,12,7,3,493,17.7,0.0,76,0,0,0,1,0,0,0,0.22802290938096753,-0.9736557670950443,0.9933921096664309,0.11476984121483252,-0.665293228127706,-0.7465821593149787,-0.9345004439043832,0.3559619647413339,-0.567467195201038,0.8233960058019877,0.29715651952970196,-0.9548287819818765,0.9886427013794914,0.15028509243787871,-0.6518109033922803,-0.7583815307738838,0.9376517292614257,-0.34757622849248204,0.8208459747396225,0.5711496176605207,1,0,0,0,99,0
1701908040,12,7,3,494,17.7,0.0,76,0,0,0,1,0,0,0,-0.6961017734720562,-0.7179431181988293,0.9268071855026884,-0.3755375359409301,-0.8293182549362247,-0.5587765492838215,-0.8828296974172939,0.4696932247308761,-0.5149304687378307,0.8572319478212639,0.2671778922167178,-0.9636472248238107,0.9908701289331036,0.13481983380828896,-0.6577158072418934,-0.7532661660423522,0.9362868593658549,-0.3512362694523786,0.8219599349884332,0.5695453145043077,1,0,0,0,99,2
1701908100,12,7,3,495,18.7,0.0,70,0,0,0,1,0,0,0,-0.9802336960326743,0.19784312260506456,0.6333075387972795,-0.7739002269689111,-0.9417802893905008,-0.3362289198084311,-0.8173826887720437,0.5760950790414586,-0.46038294981381606,0.8877204174292317,0.23693837022606568,-0.9715246825040607,0.9928556497558093,0.1193216608498628,-0.6635805675086248,-0.7481048258265224,0.9349077028847613,-0.3548909509789434,0.8230707597099242,0.5679388387058313,1,0,0,0,99,0
1701908160,12,7,3,496,18.7,0.0,70,0,0,0,1,0,0,0,-0.36314327904015004,0.9317333088861682,0.184752119221718,-0.982785151720906,-0.9956869868891794,-0.09277620459766088,-0.7391806966492228,0.6735071623235863,-0.404037645323065,0.9147423578045313,0.2064674819377966,-0.9784534628188842,0.9945987791111761,0.10379435721925297,-0.669404826237736,-0.7428978251479987,0.9335142808623762,-0.3585402173062328,0.8241784446666367,0.5663301963933087,1,0,0,0,99,1
1701908220,12,7,3,497,18.7,0.0,70,0,0,0,1,0,0,0,0.5878193939808536,0.8089921878856321,-0.30903706259473784,-0.9510499955011913,-0.9876866900746388,0.1564448856607474,-0.6494440369805748,0.7604093915979561,-0.3461145824738131,0.938192248848272,0.1757949816572247,-0.9844267999318873,0.9960990914391719,0.08824171368494811,-0.6751882279464934,-0.7376454818152647,0.9321066145606051,-0.3621840127509325,0.8252829856330895,0.5647193937032212,1,0,0,0,99,1
1701908280,12,7,3,498,18.7,0.0,70,0,0,0,1,0,0,0,0.9983436270438855,-0.05753261979833144,-0.727163193443649,-0.68646463135462,-0.9182768186539993,0.39593899065726024,-0.5495730203270262,0.8354456866419445,-0.28683994958692166,0.9579785192377605,0.14495082056035336,-0.9894388609807482,0.9973562204600591,0.07266752720181091,-0.6809304196458655,-0.7323481164042859,0.9306847254587038,-0.36582228171320713,0.8263843783957945,0.5631064367802915,1,0,0,0,99,0
1701908340,12,7,3,499,18.7,0.0,70,0,0,0,1,0,0,0,0.4909953335002932,-0.8711622021649791,-0.9672544138345865,-0.253808784161444,-0.7917729422509473,0.6108155269140414,-0.44112610050072903,0.8974451311679287,-0.22644521283532507,0.9740239040105557,0.11396511744705974,-0.9934847517729086,0.9983698592638173,0.05707559998410604,-0.6866310508620674,-0.7270060522389432,0.9292486352529508,-0.36945496867754857,0.8274826187532728,0.56149133177746,1,0,0,0,99,0
1701908460,12,7,3,501,18.7,0.0,70,0,0,0,1,0,0,0,-0.9964717035719659,-0.08392939878483582,-0.7361825177171881,0.676783052837157,-0.40200556411749017,0.9156372242425372,-0.20538107965129446,0.978682079186734,-0.1032422413871038,0.9946562419214826,0.05169022189214013,-0.9986631669190275,0.9996657358635004,0.02585375292846797,-0.6979062426542451,-0.716189134561698,0.9263339393981249,-0.37670337497711776,0.829669625506779,0.5582547021848012,1,0,0,0,99,0
1701908520,12,7,3,502,18.7,0.0,70,0,0,0,1,0,0,0,-0.6090201130220971,0.7931547780443311,-0.3215938602925038,0.9468777054203809,-0.1629759101518061,0.9866300485542645,-0.08176170083154903,0.9966519072761223,-0.0409151116574164,0.9991626262216082,0.020461839829201516,-0.9997906346384747,0.999947657289739,0.010231455456709277,-0.7034801150506284,-0.710714941258698,0.9248553782237248,-0.38031898371058337,0.8307583835600407,0.556633189941732,1,0,0,0,99,1
1701908580,12,7,3,503,18.7,0.0,70,0,0,0,1,0,0,0,0.33836176080013775,0.9410161097602051,0.17173219010976784,0.985143672202234,0.08618679654612434,0.9962789951118698,0.043133541983763984,0.9990693156913262,0.0215717907077017,0.9997673018486167,-0.010786522873087307,-0.9999418237699174,0.9999854558367129,-0.005393339878159504,-0.7090110506466594,-0.7051973695788437,0.9233627048941395,-0.3839287892442792,0.8318439725225757,0.5550095543122302,1,0,0,0,99,1
1701908640,12,7,3,504,18.7,0.0,70,0,0,0,1,0,0,0,0.9746553921779337,0.22371156988067947,0.623012211003653,0.7822121099422712,0.329990825673782,0.9439841391523142,0.16735570030280691,0.9858965815825497,0.08397445569174683,0.9964679075571249,-0.04202435271884079,-0.999116586679734,0.9997791222764492,-0.021016818506448383,-0.7144987118625367,-0.6996367562862716,0.9218559421857278,-0.38753273649701414,0.832926388253192,0.5533838014899721,1,0,0,0,99,2
1701908700,12,7,3,505,19.0,0.0,67,0,0,0,1,0,0,0,0.7148553508409695,-0.69927235564838,0.9217571143333747,0.3877677425673905,0.5532776235456344,0.8329969215331442,0.2889663288921875,0.9573392610598251,0.1460492022233857,0.9892773274112333,-0.07322114649732905,-0.997315729197939,0.9993287069823269,-0.03663516617992241,-0.7199427637597042,-0.6940334407721567,0.9203351130898344,-0.3911307704769872,0.8340056266228025,0.5517559376767108,1,0,0,0,99,3
1701908760,12,7,3,506,19.0,0.0,67,0,0,0,1,0,0,0,-0.20217940333482604,-0.9793485022540106,0.9948237286710673,-0.10161569206079699,0.7421642985420401,0.6702179898880674,0.4060677345664961,0.9138429815586667,0.20755362974582411,0.9782236404725319,-0.10434644106884551,-0.994541009831302,0.9986343199167806,-0.05224456990299564,-0.7253428740612937,-0.6883877650339976,0.9188002408124406,-0.3947228362826266,0.8350816835144412,0.5501259690822519,1,0,0,0,99,0
1701908820,12,7,3,507,19.0,0.0,67,0,0,0,1,0,0,0,-0.9333313464826719,-0.35901615238432194,0.8243227985396018,-0.5661200613013454,0.8849067920694658,0.4657681497798313,0.5168325890557641,0.8560864879729826,0.2682475647857939,0.9633500111519651,-0.1353698431114458,-0.990795138046197,0.9976961306044534,-0.06784121886361938,-0.7306987131724058,-0.6827000736547422,0.9172513487738087,-0.39830887910342766,0.8361545548232777,0.5484939019244299,1,0,0,0,99,0
1701908880,12,7,3,508,19.0,0.0,67,0,0,0,1,0,0,0,-0.8063827539523806,0.5913939922996974,0.45199889806298343,-0.892018495407942,0.972630067242408,0.23235910202965793,0.6195324438519512,0.784971051068018,0.3278939988258263,0.9447145206537312,-0.16626105879951092,-0.9860817716228536,0.9965143680908102,-0.08342130536363722,-0.7360099542002259,-0.6769707137817569,0.9156884606081254,-0.40188884422078897,0.8372242364566345,0.5468597424290853,1,0,0,0,99,1
1701908940,12,7,3,509,19.0,0.0,67,0,0,0,1,0,0,0,0.061950423737127995,0.9980792278165047,-0.030990096672124958,-0.9995196916060495,0.9998799156913918,-0.015496909271697935,0.7125647020698184,0.7016064034515015,0.3862600138174404,0.9223899401694224,-0.19698992338515384,-0.980405513083597,0.99508932088622,-0.09898102574838,-0.7412762729739769,-0.6712000351056382,0.9141116001631415,-0.40546267700884736,0.8382907243340008,0.5452234968300397,1,0,0,0,99,0
1701909060,12,7,3,511,19.0,0.0,67,0,0,0,1,0,0,0,0.8817704007607503,-0.4716788741741842,-0.8578108399216532,-0.5139655269693756,0.8700475639208972,-0.49296778445990996,0.8639929931602194,0.5035038309387974,0.4982450045214717,0.8670362826718376,-0.25784076222366625,-0.9661874255732781,0.9915108233330784,-0.13002417934123234,-0.7516728608048957,-0.6595361326943231,0.9109160588919055,-0.41259172756229423,0.8404141025596531,0.5419447722958981,1,0,0,0,99,0
1701909120,12,7,3,512,19.0,0.0,67,0,0,0,1,0,0,0,0.07951849401287635,-0.996833390848202,-0.9992080341070627,-0.03979075993115771,0.7210377105017316,-0.6928958219201651,0.9200260381967906,0.39185723042955,0.5514266812416906,0.8342233605065102,-0.2879033166650653,-0.9576594803233847,0.9893582466233818,-0.14550003380861354,-0.7568024953079283,-0.6536436208636119,0.9092974268256817,-0.4161468365471424,0.8414709848078965,0.5403023058681398,1,0,0,0,99,1
1701909180,12,7,3,513,19.0,0.0,67,0,0,0,1,0,0,0,-0.7958423494121124,-0.6055038851090959,-0.8959642529445848,0.4441261728894752,0.5271972245329658,-0.8497429531597998,0.9617023846179752,0.27409582889949297,0.6024550485723009,0.7981528139709504,-0.3176847384035387,-0.948196396842698,0.9869641322871612,-0.16094036652950375,-0.7618859384873512,-0.6477112139952867,0.9076649199994695,-0.41969559564326697,0.8425246571000955,0.5386577783513077,1,0,0,0,99,1
1701909240,12,7,3,514,19.0,0.0,67,0,0,0,1,0,0,0,-0.9395094070026404,0.34252310017507853,-0.5733571748155426,0.8193055291449822,0.3005781685810014,-0.953757183235068,0.9883716869768853,0.1520572536331825,0.6511308418308941,0.7589654977774624,-0.3471559463861577,-0.9378074156716458,0.9843290648130953,-0.17634140796811468,-0.7669228800759939,-0.6417392741728861,0.9060185633233147,-0.4232379507009703,0.8435751154168105,0.5370111960187747,1,0,0,0,99,0
1701909300,12,7,3,515,19.5,0.0,68,0,0,0,1,0,0,0,-0.21939584856455807,0.9756359267844935,-0.11037226376111557,0.9938903175865266,0.05527061793337119,-0.9984714111046261,0.9996177797299891,0.027645875780791213,0.6972639830864666,0.7168144375571656,-0.37628816247846175,-0.926502681474038,0.9814536875151161,-0.19169939818106102,-0.7719130126449032,-0.6357281658928362,0.9043583819185943,-0.42677384766827253,0.8446223557508624,0.5353625651517518,1,0,0,0,99,1
1701909360,12,7,3,516,19.5,0.0,68,0,0,0,1,0,0,0,0.7024292412479847,0.7117535816838442,0.37963562682930313,0.9251360931462582,-0.19347339203846847,-0.9811055226493881,0.9952651713612277,-0.0971969067167568,0.740674323409674,0.6718642322981792,-0.4050529395658183,-0.914293233130974,0.9783387023753517,-0.20701058773529676,-0.7768560316221071,-0.6296782560422042,0.9026844011176343,-0.4303032325917363,0.8456663741073475,0.5337118920392648,1,0,0,0,99,1
1701909420,12,7,3,517,19.5,0.0,68,0,0,0,1,0,0,0,0.9784441260755459,-0.20651172399711681,0.7766954757165503,0.6298762878545608,-0.43018816356650214,-0.9027392447031869,0.9753817828684281,-0.22052296399333682,0.7811923463505441,0.6242904115900961,-0.4334221893315477,-0.9011909929615631,0.9749848698727491,-0.22227123862348555,-0.7817516353112047,-0.6235899138763048,0.900996646463322,-0.43382605161729004,0.8467071665036532,0.5320591829781298,1,0,0,0,99,0
1701909480,12,7,3,518,19.5,0.0,68,0,0,0,1,0,0,0,0.35488199371552387,-0.9349111030127383,0.9835931839466808,0.18040079959254857,-0.6401559186664806,-0.7682450128678183,0.9402778878788489,-0.34040783417261544,0.8186598298965864,0.5742787501846923,-0.46136820968468756,-0.8872087550809822,0.9713930087974131,-0.23747762517658147,-0.7865995249097795,-0.6174635109961635,0.8992951437087169,-0.4373422509910497,0.8477447289694727,0.5304044442729295,1,0,0,0,99,0
1701909540,12,7,3,519,19.5,0.0,68,0,0,0,1,0,0,0,-0.5949570070443855,-0.8037575254818999,0.9496729767351233,-0.3132430961075599,-0.8103218792885825,-0.5859850270665796,0.8905012709330009,-0.45498075395197785,0.8529304643263652,0.5220245425494965,-0.4888637118106147,-0.8723601729072392,0.9675639960507106,-0.2526260349733978,-0.7913994045276372,-0.6112994213258353,0.8975799188166576,-0.44085177706013884,0.8487790575468208,0.5287476822359892,1,0,0,0,99,0
1701909600,12,7,3,520,19.5,0.0,68,0,0,0,1,0,0,0,-0.9977952793125009,0.06636701425925702,0.6832397038158508,-0.730194157145638,-0.9301059501867618,-0.3672913304546965,0.8268286794901035,-0.562453851238172,0.8838704235458307,0.4677318402470736,-0.5158818468181093,-0.8566597458288424,0.9634987664311881,-0.2677127697469413,-0.7961509812048658,-0.6050980210895829,0.8958509979593657,-0.44435457627350766,0.8498101482900483,0.5270889031873525,1,0,0,0,99,0
1701909660,12,7,3,521,19.5,0.0,68,0,0,0,1,0,0,0,-0.483265173349392,0.8754740271576206,0.2495255225847443,-0.9683682221029407,-0.9920605379972889,-0.12576123786178975,0.7502537030437737,-0.6611500442933549,0.9113588876763519,0.41161265511804,-0.5423962319568417,-0.8401228050463933,0.9591983124063536,-0.2827341462872912,-0.8008539649297153,-0.5988596887889135,0.8941084075180463,-0.4478505951827498,0.8508379972658573,0.5254281134547572,1,0,0,0,99,0
1701909720,12,7,3,522,19.5,0.0,68,0,0,0,1,0,0,0,0.4755767042996153,0.8796742569426005,-0.24528120908194284,-0.9694519732670104,-0.992333606522275,0.12358807938670624,0.6619712684902925,-0.7495292120346966,0.935288514853758,0.3538861313793629,-0.5683809763796802,-0.8227654986019294,0.9546636838703799,-0.297686497340802,-0.8055080686562991,-0.5925848051794772,0.8923521740824856,-0.45133978044291795,0.8518626005533163,0.5237653193736113,1,0,0,0,99,2
1701909780,12,7,3,523,19.5,0.0,68,0,0,0,1,0,0,0,0.9971755532498972,0.07510603172023837,-0.6800345462841435,-0.7331800705557395,-0.930908177683422,0.36525328844807164,0.5633589936940424,-0.8262122271087713,0.9555658603960198,0.2947776898708828,-0.593810706424664,-0.8046047756106357,0.9498959878877886,-0.3125661725054107,-0.8101130083221139,-0.5862737532478276,0.8905823244506449,-0.45482207881333797,0.8528839542438754,0.522100527286969,1,0,0,0,99,1
1701909840,12,7,3,524,19.5,0.0,68,0,0,0,1,0,0,0,0.6019757972528995,-0.7985143326964996,-0.9482917095220488,-0.31740011602352985,-0.8116033871367004,0.5842088171092894,0.45595569022148996,-0.8900024767126464,0.9721117417027341,0.23451814779175792,-0.618660590391954,-0.7856583697103207,0.9448963884231754,-0.3273695391218304,-0.8146685028653773,-0.5799269181880462,0.8887988856282523,-0.4582974371584211,0.8539020544413806,0.520433743545506,1,0,0,0,99,1
1701909900,12,7,3,525,19.8,0.0,67,0,0,0,1,0,0,0,-0.34667773058479046,-0.9379843021695936,-0.984373989439378,0.17609045662727782,-0.6418370289149428,0.7668410710920738,0.34143735070135944,-0.9399045353364547,0.9848615474614832,0.17334281736424106,-0.6429063627915651,-0.7659447817448204,0.9396661060570453,-0.3420929831604118,-0.8191742742421821,-0.5735446873782322,0.8870018848283898,-0.46176580244847487,0.8549168972620891,0.5187649745074956,1,0,0,0,99,3
1701909960,12,7,3,526,19.8,0.0,67,0,0,0,1,0,0,0,-0.9765973517090915,-0.21507582996419908,-0.7794471854988634,0.6264679441263539,-0.4321643529223842,0.9017948614087224,0.22159099552021236,-0.9751396980455473,0.9937654899536277,0.11149058694448753,-0.6665243480382065,-0.7454832616982381,0.9342064176878251,-0.35673291010345676,-0.8236300474434674,-0.5671274503568591,0.8851913494710788,-0.46522712176051223,0.855928478834684,0.5170942265387846,1,0,0,0,99,0
1701910020,12,7,3,527,19.8,0.0,67,0,0,0,1,0,0,0,-0.708637871481491,0.7055723684372722,-0.3836845263772881,0.9234642300699232,-0.19562179061913934,0.9806794150154073,0.09828678696699936,-0.995158131910554,0.9987887994742818,0.049202988168636434,-0.6894914835700886,-0.7242937898976618,0.9285186562201273,-0.371285745822768,-0.8280355505118026,-0.5606755987989989,0.8833673071828612,-0.4686813422790591,0.8569367953002891,0.5154215060127686,1,0,0,0,99,4
1701910080,12,7,3,528,19.8,0.0,67,0,0,0,1,0,0,0,0.21083999973521134,0.9775205852112047,0.10601748626711377,0.9943642655514137,0.05308358714605824,0.9985900724399912,-0.026551154023966794,-0.99964745596635,0.9999118601072672,-0.013276747223059479,-0.711785342369123,-0.7023970575027135,0.9226042102393402,-0.3857479374522218,-0.8323905145579873,-0.5541895264924167,0.8815297857963782,-0.4721284112969602,0.8579418428124834,0.513746819310368,1,0,0,0,99,3
1701910140,12,7,3,529,19.8,0.0,67,0,0,0,1,0,0,0,0.9364725475338364,0.3507408840091023,0.5697627207842304,0.8218092491597738,0.29848848456869004,0.9544132357526728,-0.15097477313665228,-0.9885376158125377,0.9971302863248458,-0.07570463720097437,-0.7333841548605254,-0.6798144463009835,0.9164645236726252,-0.4001159542551487,-0.8366946737774624,-0.5476696293135358,0.8796788133499452,-0.4755682762161834,0.8589436175373164,0.5120701728200036,1,0,0,0,99,4
1701910200,12,7,3,530,19.8,0.0,67,0,0,0,1,0,0,0,0.8011165538942744,-0.5985083684265092,0.8940101700837942,0.44804666697426215,0.5253348137263215,0.8508956066916382,-0.2730424814093603,-0.9620019767889353,0.9904549401131116,-0.1378369021907137,-0.7542668301704357,-0.6565680078290772,0.9101010954364018,-0.41438628848631254,-0.8409477654665337,-0.5411163052032749,0.8778144180871248,-0.4790008845486223,0.8599421156533218,0.510391572937572,1,0,0,0,99,4
1701910260,12,7,3,531,19.8,0.0,67,0,0,0,1,0,0,0,-0.07078230485740782,-0.9974917870935445,0.9993727500521375,-0.03541336546034254,0.7195183685842713,0.6944734100524143,-0.3908494530810973,-0.9204546186674317,0.9799118885561681,-0.19943091702713533,-0.7744129767207983,-0.6326804418396639,0.9035154790704097,-0.42855545624827607,-0.8451495300384058,-0.5345299541427608,0.8759366284562944,-0.48242618391689684,0.8609373333515329,0.5087110260664217,1,0,0,0,99,1
1701910320,12,7,3,532,19.8,0.0,67,0,0,0,1,0,0,0,-0.8776042389525125,-0.47938585687583785,0.8600540264645697,-0.510202970945957,0.8689657562142357,0.4948722204034305,-0.5025573497604873,-0.8645438740756395,0.9655423020447212,-0.2602461584004272,-0.7938029221413925,-0.6081750741355538,0.8967092823584335,-0.44261999834194465,-0.8492997110390256,-0.5279109781289149,0.8740454731102137,-0.48584412205515315,0.8619292668354965,0.5070285386173281,1,0,0,0,99,1
1701910380,12,7,3,533,19.8,0.0,67,0,0,0,1,0,0,0,-0.8775608830339849,0.4794652193523661,0.5101640817656776,-0.8600770951933222,0.9643850618900425,0.2645022729644093,-0.6064230070815217,-0.795142211483081,0.9474022935065866,-0.32004514409448476,-0.8124177324795677,-0.5830758337924473,0.8896841669357861,-0.45657648111107996,-0.8533980551627359,-0.5212597811499177,0.8721409809055867,-0.48925464680986036,0.862917912321288,0.5053441170084696,1,0,0,0,99,0
1701910440,12,7,3,534,19.8,0.0,67,0,0,0,1,0,0,0,-0.07069209833337335,0.9974981840751515,0.035368177256176046,-0.9993743503000143,0.9998435753406666,0.01768685528840119,-0.7008256362004742,-0.713332620622526,0.9255626992869057,-0.3785943603498829,-0.8302392306889271,-0.5574072297925984,0.8824418478836433,-0.47042149728057797,-0.857444312267735,-0.5145767691605511,0.8702231809026209,-0.49265770614060683,0.8639032660375254,0.5036577676654025,1,0,0,0,99,0
1701910560,12,7,3,536,20.1,0.0,65,0,0,0,1,0,0,0,0.9364408251331382,-0.35082557065294895,-0.8218350110128397,-0.5697255608391865,0.8859248164599484,-0.4638288688518717,-0.8555199789753223,-0.5177697997895051,0.8711400001691764,-0.4910347239302405,-0.8634334728079056,-0.504462722145928,0.8673127239196736,-0.4977636376102979,-0.8653795807650819,-0.5011169336540635,0.8663477747573614,-0.4994412209389292,0.8658640831386093,0.5002793115156127,1,0,0,0,99,0
1701910620,12,7,3,537,20.1,0.0,65,0,0,0,1,0,0,0,0.21075159869536877,-0.9775396481203953,-0.9943690582777592,-0.10597252445706083,0.7436304607992672,-0.6685908597726038,-0.9133977391510787,-0.40706826222845977,0.8387694147465261,-0.5444867940416647,-0.8787738031034109,-0.47723851791234084,0.8594296125664803,-0.5112540865790997,-0.8692681078295407,-0.49434093165592724,0.8643902277489974,-0.5028215728984153,0.8668395390435346,0.4985872175966732,1,0,0,0,99,1
1701910680,12,7,3,538,20.1,0.0,65,0,0,0,1,0,0,0,-0.708701675652129,-0.7055082812610101,-0.9234468802429867,0.3837262818331512,0.5551007648016929,-0.8317831092998796,-0.9570222331011646,-0.2900145605828441,0.8031234527091224,-0.5958126548744814,-0.8932560256932167,-0.44954829836488014,0.8513366837993298,-0.5246197201950761,-0.8731035792490706,-0.48753475763525,0.862419491209252,-0.5061942524193405,0.8678116882190918,0.4968932217190427,1,0,0,0,99,1
1701910740,12,7,3,539,20.1,0.0,65,0,0,0,1,0,0,0,-0.9765778977502884,0.21516414577161172,-0.6264326995888658,0.7794755114086689,0.3320575918356115,-0.943259113766909,-0.9857127151880788,-0.16843527871721392,0.7643413107758908,-0.6448118800405224,-0.9068659989327317,-0.4214191025330233,0.8430359133907117,-0.5378572754304699,-0.8768857609262651,-0.4806988270058135,0.8604355952091398,-0.5095592080387649,0.8687805269568273,0.4951973303448006,1,0,0,0,99,0
1701910860,12,7,3,541,20.1,0.0,65,0,0,0,1,0,0,0,0.6020480068859135,0.7984598909179464,0.3174429941596235,0.9482773568207633,-0.16081455652277984,-0.9869846393994092,-0.9967408488166343,0.08067019462165342,0.677985916291167,-0.7350748923142639,-0.9314169024433323,-0.36395405457676666,0.8258190039520665,-0.5639352557799668,-0.8842893349407667,-0.46693936663127533,0.8564284461153995,-0.5162657423114207,0.8707082583481739,0.491799886990928,1,0,0,0,99,0
1701910920,12,7,3,542,20.1,0.0,65,0,0,0,1,0,0,0,0.9971687571041068,-0.07519620904973118,0.7332108186087175,0.6800013937302882,-0.3999991289176214,-0.916515519162193,-0.9789064100214568,0.2043091784989199,0.630749879707115,-0.7759862042906819,-0.9423338591737755,-0.33467431609649856,0.8169070681835537,-0.5767693143291786,-0.8879102754020753,-0.46001667669271595,0.8544052541659362,-0.5196072186311907,0.8716671436480758,0.49009834797151136,1,0,0,0,99,1
1701910980,12,7,3,543,20.1,0.0,65,0,0,0,1,0,0,0,0.47549715072011806,-0.8797172612021713,0.9694630630411277,0.24523737357693737,-0.6143136928406621,-0.7890619030142494,-0.9457964641016188,0.32475998597868444,0.5810507783409793,-0.8138673067456035,-0.9523306428823981,-0.30506777382607664,0.8077956962704359,-0.5894625629223299,-0.8914770223966318,-0.4530659097072247,0.8523690250435033,-0.5229407663840979,0.8726227038027654,0.4883949393758611,1,0,0,0,99,1
1701911040,12,7,3,544,20.1,0.0,65,0,0,0,1,0,0,0,-0.48334434316848646,-0.8754303204293443,0.9683569384347241,-0.24956930858045798,-0.7904332067228887,-0.6125482394960996,-0.8979276806892913,0.4401430224960407,0.5290826861200238,-0.8485702747846052,-0.9613974918795568,-0.27516333805159693,0.7984871126234903,-0.6020119026848236,-0.8949893582285835,-0.4460874899137928,0.850319789818452,-0.5262663347043051,0.8735749351670712,0.4866896677019633,1,0,0,0,99,2
1701911100,12,7,3,545,20.4,0.0,63,0,0,0,1,0,0,0,-0.9978012770046274,-0.06627678030754695,0.7301632626705986,-0.683272719963432,-0.9174074122121076,-0.39794929327526646,-0.8360470361394945,0.5486577743569909,0.4750485373322441,-0.8799595940601451,-0.9695255525410729,-0.24499020994710669,0.7889835897999105,-0.6144142698753396,-0.8984470685230543,-0.43908184323919636,0.8482575797595906,-0.5295838728477311,0.8745238341085196,0.48498253945491115,1,0,0,0,99,0
1701911160,12,7,3,546,20.4,0.0,63,0,0,0,1,0,0,0,-0.5948843183590627,0.8038113259779768,0.3132001548706699,-0.9496871395301657,-0.9873416682005692,-0.15860778743465642,-0.7611201572139107,0.6486109051524434,0.4191593341723149,-0.9079126899521901,-0.9767068879536455,-0.2145778530601538,0.7792874479484941,-0.6266666366338032,-0.9018499422392295,-0.4320493972719999,0.8461824263337073,-0.5328933301928258,0.8754693970073499,0.4832735611468799,1,0,0,0,99,0
1701911220,12,7,3,547,20.4,0.0,63,0,0,0,1,0,0,0,0.35496653913623116,0.9348790061252026,-0.18044527407887062,-0.9835850258430133,-0.9958878013719752,0.0905951824243062,-0.6743162527982304,0.7384426797065248,0.3616333227825357,-0.9323204062194833,-0.9829344856651138,-0.18395596454113236,0.7694010542432121,-0.6387660117205939,-0.9051977716832366,-0.4249905812364588,0.8440943612050903,-0.5361946562413418,0.876411620256527,0.4815627392971025,1,0,0,0,99,0
1701911280,12,7,3,548,20.4,0.0,63,0,0,0,1,0,0,0,0.9784627975617406,0.20642323945634647,-0.6299114066849614,-0.7766669941024745,-0.9425144545582509,0.33416538263076073,-0.5769898687885426,0.8167513032223337,0.30269514100631545,-0.953087431252331,-0.9882022645319962,-0.1531544461445194,0.7593268223052967,-0.6507094412468135,-0.9084903525208217,-0.4179058259663213,0.8419934162350443,-0.5394878006191052,0.8773505002617554,0.4798500804318443,1,0,0,0,99,0
1701911340,12,7,3,549,20.4,0.0,63,0,0,0,1,0,0,0,0.7023648723213674,-0.7118171015991323,-0.925153258006243,-0.37959379499727586,-0.8305401239546696,0.5569587978489631,-0.47065975085566697,0.8823147958209029,0.2425749411822016,-0.9701326702623984,-0.9925050806576252,-0.12220337503031901,0.7490672116139909,-0.6624940093954363,-0.9117274837898209,-0.41079556387853294,0.8398796234814049,-0.5427727130767847,0.8782860334414936,0.4781355910843782,1,0,0,0,99,1
1701911400,12,7,3,550,20.4,0.0,63,0,0,0,1,0,0,0,-0.219484077409708,-0.9756160821571205,-0.9938853259197261,0.11041720391967796,-0.6669268310993051,0.7451232126030157,-0.3569851449269173,0.9341100611285096,0.1815074914039231,-0.9833895619561226,-0.995838732415074,-0.09113297439422614,0.7386247269061015,-0.6741168391331631,-0.9149089679124266,-0.4036602289468439,0.8377530151980487,-0.5460493434906575,0.8792182162269665,0.47641927779496,1,0,0,0,99,0
1701911460,12,7,3,551,20.4,0.0,63,0,0,0,1,0,0,0,-0.9395403785729803,-0.3424381360639331,-0.8192796030855196,0.5733942203824812,-0.4618472580937981,0.8869594749430442,-0.2377399052083556,0.9713288513534034,0.1197312587560086,-0.9928063384551399,-0.9981999645499743,-0.05997358395518874,0.7280019175645037,-0.6855750929128083,-0.9180346107072457,-0.39650025667532157,0.8356136238344016,-0.5493176418633751,0.8801470450621802,0.47470114711080325,1,0,0,0,99,1
1701911520,12,7,3,552,20.4,0.0,63,0,0,0,1,0,0,0,-0.7957875885887045,0.6055758530920589,-0.4440856600409099,0.8959843338731037,-0.2280522595008612,0.9736488930495181,-0.11478481378318722,0.9933903797222716,0.057487478104924564,-0.9983462274487422,-0.9995864713592172,-0.028755630329187164,0.7172013769957456,-0.6968659733660458,-0.9211042214011522,-0.38931608407176954,0.8334614820349437,-0.5525775583247253,0.8810725164039352,0.4729812055860543,1,0,0,0,99,0
1701911580,12,7,3,553,20.4,0.0,63,0,0,0,1,0,0,0,0.07960864038153331,0.9968261956713436,0.03983594061056201,0.9992062338855137,0.01992192403467051,0.9998015387779501,0.009961456270293016,0.9999503834635872,-0.004980789917915772,-0.9999875957889646,-0.9999968989424328,0.002490402681839968,0.7062257419969057,-0.7079867239863471,-0.9241176126409308,-0.3821081496210549,0.831296622638711,-0.5558290431323939,0.8819946267218395,0.4712594597817672,1,0,0,0,99,0
1701911640,12,7,3,554,20.4,0.0,63,0,0,0,1,0,0,0,0.8818130525190443,0.47159913104992585,0.5140043136735694,0.8577875993070563,0.2666574588239974,0.9637913672852274,0.13455228113037063,0.9909064959130168,-0.06742960806271654,-0.9977240339675638,-0.9994308465240513,0.033734003856911096,0.6950776921118563,-0.7189346298019421,-0.9270746005047118,-0.3748768932583455,0.8291190786787943,-0.5590720466727229,0.8829133724983225,0.46953591626587904,1,0,0,0,99,0
1701911700,12,7,3,555,20.6,0.0,61,0,0,0,1,0,0,0,0.873282610859792,-0.4872139997679717,0.8623265042221454,0.5063526440298443,0.4968135243580612,0.8678573166223363,0.2570434626455842,0.9663998439109809,-0.1296151150310394,-0.9915643811450119,-0.9978888668446532,0.06494466434969119,0.6837599489770912,-0.729707018038641,-0.9299750045131969,-0.3676227563422584,0.8269288833818355,-0.5623065194614685,0.8838287502286483,0.4678105816131843,1,0,0,0,99,1
1701911760,12,7,3,556,20.6,0.0,61,0,0,0,1,0,0,0,0.061860164125145584,-0.9980848261016746,0.99952109184891,0.030944901828293042,0.6960801312247417,0.717964101410472,0.375523566896625,0.926812845565509,-0.1912944777489552,-0.9815326906337631,-0.9953724656212274,0.09609190747986249,0.6722752756572777,-0.7403012587723536,-0.9328186476406745,-0.3603461816279218,0.8247260701675199,-0.5655324121445553,0.884740756420929,0.4660834624053104,1,0,0,0,99,1
1701911820,12,7,3,557,20.6,0.0,61,0,0,0,1,0,0,0,-0.8064362322233966,-0.5913210662215004,0.8919980566743126,-0.45203923158200526,0.8520678469411944,0.5234313557755185,0.48814375148335226,0.8727632427455679,-0.2522268396250011,-0.9676681359705837,-0.9918841000768648,0.12714531849308558,0.6606264759706935,-0.7507147655711474,-0.9356053563258249,-0.3530476132399514,0.8225106726480671,-0.5687496754988299,0.8856493875961384,0.4643545652306921,1,0,0,0,99,1
1701911880,12,7,3,558,20.6,0.0,61,0,0,0,1,0,0,0,-0.9332988757369771,0.35910055492590737,0.5660827877060443,-0.8243483956816764,0.9550781108583937,0.2963541836370153,0.5931466160920859,0.8050944614258054,-0.3121742610900157,-0.9500248579447291,-0.9874271765413207,0.1580745742604909,0.6488163938047147,-0.7609449961266882,-0.9383349604823131,-0.3457274966453434,0.8202827246277175,-0.571958260432812,0.8865546402881246,0.4626238966845466,1,0,0,0,99,0
1701911940,12,7,3,559,20.6,0.0,61,0,0,0,1,0,0,0,-0.20209083702626568,0.9793667819514931,0.1015707094799159,-0.9948283223630832,0.9987062436880735,0.050851143728124895,0.6888936261397238,0.7248624503063064,-0.37090264874606493,-0.9286717531793207,-0.9820060471247926,0.1888494728886995,0.6368479124215218,-0.7709894528749078,-0.9410072935091703,-0.33838627862628545,0.8180422601022167,-0.5751581179874429,0.8874565110436237,0.46089146336884845,1,0,0,0,99,0
1701912060,12,7,3,561,20.6,0.0,61,0,0,0,1,0,0,0,0.9746351572706857,-0.22379971003543722,-0.7822402795929897,-0.6229768414494085,0.9008265208821864,-0.4341792017995516,0.8468114317247825,0.5318932215212224,-0.4837906460850486,-0.8751837582820029,-0.9682932815738222,0.24981617413409918,0.6124474776933533,-0.7905112820618372,-0.9461794972577448,-0.32364233185583335,0.8135239184731551,-0.5815314557890083,0.8892500929966238,0.457421328870327,1,0,0,0,99,1
1701912120,12,7,3,562,20.6,0.0,61,0,0,0,1,0,0,0,0.33827666045026744,-0.9410467050017307,-0.9851514363288851,-0.17168764515577298,0.7654043523379563,-0.6435496697397284,0.9065179727230256,0.4221672241305995,-0.5375094305542,-0.8432577376255137,-0.9600150357222312,0.27994844380214573,0.6000214813645651,-0.7999838885259333,-0.9486790522948035,-0.31624050299895706,0.8112461103139285,-0.5847048387866493,0.8901417973521548,0.4556836409250121,1,0,0,0,99,1
1701912180,12,7,3,563,20.6,0.0,61,0,0,0,1,0,0,0,-0.6090918379453792,-0.7930996992486631,-0.9468631630939771,0.32163667448795147,0.5823930483410875,-0.8129073361976602,0.9520786039497107,0.30585344840490175,-0.5891292521998455,-0.8080388135494797,-0.9507993514799744,0.3098073485656209,0.5874489983966179,-0.8092611903970253,-0.9511207048521826,-0.30881937245174135,0.8089559235371669,-0.5878692999078361,0.8910301060872848,0.4539442146851108,1,0,0,0,99,1
1701912240,12,7,3,564,20.6,0.0,61,0,0,0,1,0,0,0,-0.9964641095049708,0.08401951242696915,-0.6767497645263835,0.7362131187458456,0.363171365373259,-0.9317223617435201,0.9827823669926928,0.18476693191217952,-0.6384485367231334,-0.7696645151987259,-0.9406552278063217,0.33936373171073697,0.5747330981809134,-0.8183409227549167,-0.9535043059039945,-0.301379393161745,0.8066533930883032,-0.5910247908667855,0.8919150158133861,0.4522030567860055,1,0,0,0,99,0
1701912360,12,7,3,566,20.9,0.0,59,0,0,0,1,0,0,0,0.4910741133562503,0.8711177963922977,0.253852519790234,0.9672429364932829,-0.12797863787897792,-0.9917769246391254,0.9979421137117938,-0.06412127322844811,-0.7294248670111433,-0.6840609354332229,-0.9176221813560369,0.3974538115094489,0.5488834978802656,-0.8358988609602985,-0.9580967751120705,-0.2864447058680798,0.8020114418972087,-0.5973086698399414,0.8936746247488349,0.4487155725847157,1,0,0,0,99,2
1701912420,12,7,3,567,20.9,0.0,59,0,0,0,1,0,0,0,0.9983488258124457,0.05744233629398255,0.6864975104492431,0.7271321531516752,-0.3693696298075444,-0.9292825601375706,0.9821615346106695,-0.1880391446779491,-0.770726652153002,-0.6371659341655245,-0.9047557499583864,0.4259307841859259,0.5357561086045003,-0.8443727802889923,-0.9603053629676844,-0.2789509094007471,0.7996720919854422,-0.6004369619698862,0.894549317245809,0.44696925958622363,1,0,0,0,99,0
1701912480,12,7,3,568,20.9,0.0,59,0,0,0,1,0,0,0,0.587746231938178,-0.8090453428841139,0.9510639681125854,0.3089940590981371,-0.5877950071674065,-0.8090099069535975,0.9510546532543747,-0.3090227281660707,-0.8090187662119065,-0.587782813560387,-0.8910058399248534,0.45399184267980686,0.5224979221586403,-0.8526405581133842,-0.9624553387335394,-0.27144008720767066,0.7973205400614205,-0.6035560921705327,0.8954205973090336,0.4452212415358611,1,0,0,0,99,0
1701912540,12,7,3,569,20.9,0.0,59,0,0,0,1,0,0,0,-0.36322753704942956,-0.9317004649183155,0.9827767968664898,-0.18479655716717844,-0.7696741379204508,-0.6384369361310566,0.9051068821225083,-0.42518411533648776,-0.8441516793019155,-0.5361044136469649,-0.8763858778092459,0.4816095858436764,0.5091121753387575,-0.8607001759740951,-0.964546571186196,-0.2639126977107249,0.794956822006933,-0.6066660128477922,0.8962884616148398,0.4434715251017859,1,0,0,0,99,0
1701912660,12,7,3,571,20.9,0.0,59,0,0,0,1,0,0,0,-0.6960368448325855,0.718006065876535,0.3754956285520944,-0.9268241650595153,-0.9815355737464423,-0.1912796838930951,0.7717770675179119,-0.6358931970491998,-0.9044040018291604,-0.4266771630582074,-0.8445937375620919,0.535407712375248,0.481971102673569,-0.8761871125436759,-0.9685522991928923,-0.24881005552059607,0.790193031961367,-0.6128580359591461,0.8980139297246859,0.4399670237874959,1,0,0,0,99,0
1701912720,12,7,3,572,20.9,0.0,59,0,0,0,1,0,0,0,0.22811095911894086,0.9736351423042602,-0.11481475884166603,-0.9933869191569467,-0.9983453608739179,0.05750252534912421,0.6864755912087755,-0.7271528468448447,-0.9292881272363391,-0.36935562345465606,-0.8274526039159754,0.5615355627853609,0.4682224029318968,-0.8836106503390961,-0.9704665502579407,-0.24123572461485038,0.7877930326598638,-0.6159400439105862,0.8988715269465893,0.43821225227588845,1,0,0,0,99,1
1701912780,12,7,3,573,20.9,0.0,59,0,0,0,1,0,0,0,0.9425345992440989,0.3341085590459571,-0.5770144889662836,-0.8167339098647604,-0.9530828688694285,0.3027095060740904,0.5904618928965313,-0.8070655196680411,-0.9505434023936101,-0.31059175804579786,-0.8095034768442313,0.5871150832478255,0.4543593934058008,-0.8908184672669919,-0.9723215690467305,-0.233646669923849,0.7853810126059354,-0.619012653374772,0.8997256952468269,0.4364558091177319,1,0,0,0,99,1
1701912900,12,7,3,575,21.3,0.0,59,0,0,0,1,0,0,0,-0.08842873879073523,-0.9960825056971334,-0.999020146367713,0.044257735498252376,-0.6912822377660761,0.7225848515912344,0.37243465763054706,-0.9280584172322436,-0.9818498910811784,-0.1896596725291863,-0.771252122372829,0.6365297822846995,0.42630400990097467,-0.9045799528744541,-0.9758534605345349,-0.21842624284360365,0.7805210576414975,-0.6251294894485447,0.9014237320618269,0.4329379346693099,1,0,0,0,99,3
1701912960,12,7,3,576,21.3,0.0,59,0,0,0,1,0,0,0,-0.8859527784925297,-0.4637754567475154,-0.8555043707508208,0.5177955886508133,-0.49102159389846933,0.8711474010323434,0.25382336276203626,-0.9672505882738824,-0.9917788534431158,-0.12796368962740468,-0.7509872467716762,0.6603167082440802,0.4121184852417566,-0.9111302618846769,-0.977530117665097,-0.2107957994307797,0.7780731968879212,-0.6281736227227391,0.9022675940990952,0.4311765167986662,1,0,0,0,99,6
1701913080,12,7,3,578,21.3,0.0,59,0,0,0,1,0,0,0,-0.053023383345603574,0.998593270966005,-0.026521020285755953,0.9996482558795381,-0.013261676373330016,0.9999120601031718,0.006630983970279104,-0.9999780147841181,-0.9999945036809248,-0.0033155102082415536,-0.7082780210511411,0.705933598078374,0.38344908522620447,-0.9235620168885179,-0.9807043430332401,-0.1954967814459897,0.7731418955942013,-0.6342330874978104,0.9039449893377943,0.42764875336085667,1,0,0,0,99,3
1701913140,12,7,3,579,21.3,0.0,59,0,0,0,1,0,0,0,0.811638606855743,0.5841598855290122,0.45598251856347943,0.8899887318188394,0.23453279960504517,0.972108206893358,-0.1180927455575532,-0.9930025697079937,-0.9982491096184343,0.05914993783600386,-0.685875375765888,0.7277190178344949,0.36897220909270734,-0.9294404278474482,-0.982201717532465,-0.1878291406472274,0.7706585302996481,-0.63724832653871,0.9047785161404723,0.42588242125103615,1,0,0,0,99,3
1701913200,12,7,3,580,21.3,0.0,59,0,0,0,1,0,0,0,0.9300838049771285,-0.3673474046720173,0.8268456339220814,0.5624289267667438,0.4677451620451334,0.8838633737085002,-0.2409736772881011,-0.9705316516498831,-0.9926055741456128,0.1213844066388201,-0.6628029848156917,0.7487938323192908,0.35440525368616455,-0.9350919292559664,-0.9836391435013062,-0.1801500357258271,0.7681634057040947,-0.6402538419541788,0.905608591488116,0.4241144645292243,1,0,0,0,99,3
1701913260,12,7,3,581,21.3,0.0,59,0,0,0,1,0,0,0,0.19341424210376837,-0.9811171851269475,0.9952681008469395,0.09716690504758436,0.6718753957961311,0.7406641968691292,-0.3600942953803009,-0.9329159117704899,-0.9830859351477087,0.18314487193136209,-0.6390833779987701,0.7691374623340622,0.33975177531981915,-0.9405151413810577,-0.9850165332066914,-0.17245993537477364,0.7656565598800724,-0.6432495878837492,0.9064352122142402,0.42234488993963853,1,0,0,0,99,2
1701913380,12,7,3,583,21.3,0.0,59,0,0,0,1,0,0,0,-0.9726160568450356,0.23241774021622025,0.6195087811257318,-0.7849897261162786,0.9447194626227086,0.32787975988441354,-0.579706926004678,-0.8148250609438855,-0.9525820334606059,0.3042818915546195,-0.5897957733170781,0.8075524415029093,0.31019957970401146,-0.9506714578399073,-0.9875908712214556,-0.15704862648252085,0.760607857730421,-0.6492115885893748,0.9080780772018932,0.41880091416484827,1,0,0,0,99,11
1701913440,12,7,3,584,21.3,0.0,59,0,0,0,1,0,0,0,-0.32993391349118173,0.9440040321568512,0.16732598101183924,-0.9859016259639831,0.9964691731217737,0.08395943674184847,-0.6767719568873076,-0.7361927182273159,-0.9317168878547055,0.36318540841606234,-0.5642759039618552,0.8255862790817391,0.29530807719927077,-0.9554020826546641,-0.9887876624065108,-0.14932835856818344,0.7580660784417752,-0.6521777523926344,0.9088943151963913,0.41702652649883415,1,0,0,0,99,14
1701913560,12,7,3,586,21.1,0.0,57,0,0,0,1,0,0,0,0.9956813917222668,-0.09283623310976193,-0.739200998751274,-0.6734848798934681,0.9147362679738538,-0.40405143243560715,-0.8378697489573207,-0.5458702078170199,-0.8791672786839316,0.4765132695859477,-0.5116086054857034,0.859218618742037,0.2653124396423611,-0.9641624911657881,-0.9910001239065988,-0.13386095180113555,0.752947857358375,-0.6580801806006866,0.9105163866182439,0.4134729854532902,1,0,0,0,99,19
1701913620,12,7,3,587,21.1,0.0,57,0,0,0,1,0,0,0,0.4598499553568124,-0.8879966320647492,-0.9715957575207781,-0.2366467493282453,0.7863354085020734,-0.6177998262672768,-0.8993886329800029,-0.4371499592432345,-0.8476880202182978,0.5304950710217605,-0.48451260508795824,0.8747842794145767,0.2502156275949039,-0.9681901361340594,-0.9920156591843848,-0.12611475699921215,0.7503714936613771,-0.6610163549416868,0.9113222138578887,0.4116938456294394,1,0,0,0,99,9
1701913680,12,7,3,588,21.1,0.0,57,0,0,0,1,0,0,0,-0.49876540925697305,-0.8667370227056902,-0.9661099892625297,0.2581307588164473,0.6090440218832924,-0.7931364191664784,-0.9468728581933475,-0.32160813176404734,-0.8128985581744033,0.582405300557933,-0.4569434863536556,0.889495728083596,0.23505772899056523,-0.9719814113663893,-0.9929706469393719,-0.11836086480254095,0.7477836802185981,-0.6639424429863854,0.9121245646802812,0.4099131353187006,1,0,0,0,99,1
1701913740,12,7,3,589,21.1,0.0,57,0,0,0,1,0,0,0,-0.9988181567744302,-0.04860339183359195,-0.7240868013690044,0.6897088545779327,0.39388522784059016,-0.9191596310157264,-0.9795814491444105,-0.20104771695330634,-0.7749347446570279,0.6320412498590158,-0.42892817005938433,0.9033385992691267,0.21984244441289458,-0.9755353912773044,-0.9938650288840292,-0.11059974846873663,0.745184456516887,-0.666858400086279,0.9129234360246973,0.40813086131394244,1,0,0,0,99,1
1701913800,12,7,3,590,21.1,0.0,57,0,0,0,1,0,0,0,-0.5805620972394064,0.8142159733442853,-0.30478191109030295,0.9524221683015063,0.15423655808285816,-0.988033948885742,-0.9970039992110719,-0.07735001976165862,-0.7339448275455243,0.6792090916052071,-0.40049401268607804,0.9162993756423735,0.2045734884554038,-0.9788512082135807,-0.9946987504298929,-0.1028318816963379,0.7425738622171999,-0.6697641817474499,0.9137188248436852,0.40634703041399856,1,0,0,0,99,0
1701913920,12,7,3,592,21.1,0.0,57,0,0,0,1,0,0,0,0.9819635696276799,0.18907021955893671,0.6367612505645516,0.7710610285700272,-0.3383333943242765,-0.9410263090291437,-0.9851462604682474,0.17171734183077755,-0.6435381333569995,0.7654140519453434,-0.34248061846961253,0.939524893748256,0.17388948538043356,-0.9847651734673236,-0.9961840124864793,-0.08727779366103493,0.737318721334619,-0.6755450415549525,0.9152991427820066,0.40277472515355744,1,0,0,0,99,0
1701913980,12,7,3,593,21.1,0.0,57,0,0,0,1,0,0,0,0.6896542847984488,-0.7241387763813923,0.9284769185018528,0.37139010731211436,-0.5606290630567977,-0.8280670586710095,-0.9560510077059198,0.2932003933566516,-0.5944743924860635,0.8041145420139632,-0.31295803072140266,0.9497669561566046,0.15848192932223448,-0.9873618779749916,-0.9968354623444613,-0.0794925217394956,0.7346742549387094,-0.6784200314924761,0.9160840658729078,0.400986264420319,1,0,0,0,99,0
1701914100,12,7,3,595,21.5,0.0,55,0,0,0,1,0,0,0,-0.9454549749583542,-0.3257528055543003,0.8141722193597312,-0.5806234556258039,-0.8889947850313308,-0.4579173202523552,-0.853790758983826,0.5206163077294279,-0.4895833393154694,0.8719565091589797,-0.2530251873243257,0.9674596914494629,0.12755451491526504,-0.9918315611658722,-0.9979558009165216,-0.06390789792399577,0.7293517319935546,-0.6841389120916908,0.9176434253269868,0.39740476085995075,1,0,0,0,99,0
1701914220,12,7,3,597,21.5,0.0,55,0,0,0,1,0,0,0,0.09724190905490493,0.9952607754369492,-0.04867866351416559,-0.998814491143613,-0.9997035788531551,0.024346548588937242,-0.6984459361364568,0.715662821651697,-0.37705250188024414,0.9261918866119744,-0.19210428598553647,0.9813745173510403,0.09650254568911575,-0.9953327376689265,-0.9988325028924836,-0.048307671911785734,0.7239846931778965,-0.6898160363778933,0.9191887826714089,0.39381719339187476,1,0,0,0,99,1
1701914280,12,7,3,598,21.5,0.0,55,0,0,0,1,0,0,0,0.8900230925369855,0.45591544693166575,-0.5215767216183704,-0.8532043855172293,-0.9626017830643233,0.2709202968427898,-0.6037713570372523,0.7971575430373816,-0.3184669974758911,0.9479339489219124,-0.16134753031591095,0.9868976514618708,0.08093932461458155,-0.9967190304849884,-0.9991794209462554,-0.04050289813711804,0.7212845825806614,-0.6926388315214799,0.9199562031753141,0.3920211527956879,1,0,0,0,99,1
1701914340,12,7,3,599,21.5,0.0,55,0,0,0,1,0,0,0,0.864521149292347,-0.5025964409207844,-0.866774607646297,-0.4987000897730096,-0.8656500706905215,0.5006495332200912,-0.4996751278480393,0.8662128875802101,-0.2586378862616515,0.9659743494472848,-0.13043322152104356,0.9914570967639711,0.06535634336477557,-0.9978619886447151,-0.9994653542381334,-0.0326956522743077,0.7185734660681216,-0.6954510578486787,0.9207201143259223,0.39022361675795675,1,0,0,0,99,0
1701914580,12,7,3,603,21.5,0.0,55,0,0,0,1,0,0,0,-0.18472249371488758,0.9827907205075521,-0.09276119741693704,0.9956883851154316,-0.046430673506683055,0.9989215147136015,-0.02322159863573769,0.9997303423207684,-0.011611582132328728,0.9999325833076869,-0.0058058889204457365,0.9999831456848878,0.0029029566920853495,-0.9999957864123448,-0.9999989466025314,-0.001451479875027901,0.7076197707367382,-0.7065934192040612,0.9237406073146458,0.38301865541768254,1,0,0,0,99,0
1701914700,12,7,3,605,21.7,0.0,57,0,0,0,1,0,0,0,0.9705207546642247,-0.24101756111533412,0.7877237971254055,0.6160285865463817,0.4381617358086043,0.8988961526634714,0.22483754950689241,0.9743962624783286,0.11314534352254951,0.9935784474510124,0.056663712148903436,0.9983933211542965,-0.0283432429840298,-0.9995982495868769,-0.9998995573523565,0.01417304507018692,0.7020779710722354,-0.7121000790163511,0.9252297225598493,0.37940738065017193,1,0,0,0,99,0
1701914760,12,7,3,606,21.7,0.0,57,0,0,0,1,0,0,0,0.3215653171302501,-0.9468873992291383,0.9866325048439105,0.1629610394708834,0.6469308156708554,0.7625486999106625,0.3445658863623454,0.9387621370482149,0.17498266050066957,0.984571515190292,0.08783076001523608,0.9961354112745646,-0.043957870315993346,-0.9990333856469874,-0.9997583172064605,0.02198424837255722,0.699290980789629,-0.7148371312307991,0.925968987393962,0.3775995688352947,1,0,0,0,99,1
1701914820,12,7,3,607,21.7,0.0,57,0,0,0,1,0,0,0,-0.6230357899988372,-0.7821933292866443,0.9439791653650637,-0.33000505353202975,0.8154768707731783,0.5787896623420162,0.458917387804158,0.8884789424465883,0.23613667393419815,0.9717198522327791,0.11891204263492582,0.9929047920704127,-0.059561765964363605,-0.9982246220341424,-0.9995560569658268,0.029794109869717856,0.6964933201870217,-0.7175632759101171,0.9267047199378335,0.3757903165928327,1,0,0,0,99,1
1701914940,12,7,3,609,21.7,0.0,57,0,0,0,1,0,0,0,-0.451972008536893,0.8920321202171627,0.23234444235104618,-0.9726335692893708,0.9931348270223361,0.11697527668406932,0.6644639656580071,0.7473203050513445,0.3554431705270587,0.9346978937205712,0.1806960241392001,0.9835389910218535,-0.09072212789101262,-0.9958762450781355,-0.9989685293036351,0.04540790086463162,0.6908661589394028,-0.7229826764399793,0.9281655769419537,0.3721675184376121,1,0,0,0,99,0
1701915000,12,7,3,610,21.7,0.0,57,0,0,0,1,0,0,0,0.506417628279074,0.862288342590921,-0.2624039418616639,-0.9649581189333869,0.991200816921926,-0.13236668966664739,0.7524515564694672,0.6586475955825515,0.41312976437037824,0.910672168121589,0.21133839201433674,0.9774129547232299,-0.10627098681382932,-0.9943372050575272,-0.9985832977417375,0.05321087737705887,0.6880367441579487,-0.7256758495971389,0.9288906958294767,0.3703539863447274,1,0,0,0,99,0
1701915060,12,7,3,611,21.7,0.0,57,0,0,0,1,0,0,0,0.9992092331198094,0.03976063943301937,-0.6929066894492291,-0.7210272669715825,0.9276387408284494,-0.3734787363615347,0.8286973924061589,0.5596969106750838,0.46920309532489035,0.883090287194657,0.24177439153614155,0.9703324912612833,-0.12179390119935532,-0.9925554118691015,-0.998137117802234,0.06101060617179,0.6851968307822979,-0.7283579498336618,0.9296122712813288,0.3685390414639528,1,0,0,0,99,0
1701915120,12,7,3,612,21.7,0.0,57,0,0,0,1,0,0,0,0.5733324771196631,-0.8193228122540169,-0.9537617134939987,-0.3005637933500832,0.8064005807754863,-0.5913696841443247,0.8920116826993705,0.45201234267200896,0.523444198233198,0.8520599575945371,0.2719743024675887,0.9623045145884273,-0.13728708135067327,-0.9905313005121108,-0.9976300167176484,0.06880661119358068,0.6823464621460344,-0.7310289362239981,0.9303303005449188,0.3667226907187513,1,0,0,0,99,0
1701915180,12,7,3,613,21.7,0.0,57,0,0,0,1,0,0,0,-0.37966351428611655,-0.9251246488554479,-0.9811026064728011,0.19348817941227325,0.6350243383476443,-0.7724921292195388,0.9414064290250888,0.33727427324097903,0.5756412627492147,0.8177023520942627,0.3019086351081543,0.9533368638876456,-0.15274674483005257,-0.9882653651443133,-0.9970620254388173,0.07659841661446647,0.6794856817422769,-0.7336887680121819,0.9310447808811835,0.364904941037949,1,0,0,0,99,1
1701915300,12,7,3,615,21.8,0.0,53,0,0,0,1,0,0,0,-0.683217692274733,0.7302147526329418,-0.3672773116917639,0.9301114859609416,0.18693383059127952,-0.9823725072397287,0.995583373515179,0.09388155505814576,0.6730967407965419,0.7395544452770687,0.3608639319209744,0.9326184764621246,-0.1835504338565772,-0.9830102940615943,-0.9957435146817665,0.09216752665230203,0.6737330603984407,-0.7389748056098739,0.9324630838831836,0.3612652726115022,1,0,0,0,99,0
1701915360,12,7,3,616,21.8,0.0,53,0,0,0,1,0,0,0,0.24531043247334874,0.9694445789831095,0.12360303600011291,0.9923317436681922,-0.06192033725605731,-0.9980810948185003,0.9995201585807313,-0.03097503173121646,0.7179745927716441,0.6960693098638897,0.3898273272463786,0.9208879708911095,-0.1988869391248336,-0.9800224412969096,-0.9949930756786476,0.09994388101102124,0.6708413072362862,-0.7416009307609522,0.9331669011385242,0.35944336775008645,1,0,0,0,99,1
1701915420,12,7,3,617,21.8,0.0,53,0,0,0,1,0,0,0,0.9483012769124547,0.3173715302389422,0.584221049672578,0.811594581746004,-0.3069245984390922,-0.9517338340486808,0.9878597658698022,-0.15534826351028058,0.7600487693267718,0.6498660386917136,0.4184100628022027,0.9082582338442392,-0.2141748889993418,-0.9767953301086771,-0.9941819074265729,0.10771413531037331,0.6679393178611462,-0.7442157399942483,0.9338671586457702,0.35762009172147446,1,0,0,0,99,1
1701915540,12,7,3,619,21.8,0.0,53,0,0,0,1,0,0,0,-0.10604746068673451,-0.9943610692710649,0.9985892722413617,-0.0530986380660329,-0.7256371814019844,-0.6880775254046476,0.9187158226036622,-0.39491927947072447,0.8351404910165487,0.5500366899258974,0.4743223113422468,0.8803512622600985,-0.24459020599760484,-0.969626542092392,-0.9923775849172511,0.12323444710714614,0.6621048077505758,-0.749411251285683,0.9352569837444902,0.3539694539888414,1,0,0,0,99,0
1701915660,12,7,3,621,21.8,0.0,53,0,0,0,1,0,0,0,-0.8600386463351707,0.5102288964866329,0.4948591231418125,-0.8689732149170747,-0.966688474876233,-0.25595584099891655,0.7924505792158009,-0.6099361273941245,0.8972001246639806,0.4416242025783208,0.528382341407091,0.8490065378365236,-0.27476668481047367,-0.9615109302125805,-0.9903309876532644,0.13872467298108784,0.6562298861751544,-0.7545610223769472,0.9366325379723223,0.35031341511784325,1,0,0,0,99,0
1701915720,12,7,3,622,21.8,0.0,53,0,0,0,1,0,0,0,-0.03533805174655298,0.9993754159967905,0.01767178546737087,-0.9998438418065069,-0.9999609596895538,-0.008836237703148543,0.7102239920275675,-0.7039757674440404,0.9230318974564314,0.3847234282935987,0.5546514994599768,0.8320827567897314,-0.28975614161762697,-0.9571005059004335,-0.9892169898208465,0.14645732159842081,0.6532773830470404,-0.7571186570143483,0.9373149569419951,0.3484833876855909,1,0,0,0,99,0
1701915780,12,7,3,623,21.8,0.0,53,0,0,0,1,0,0,0,0.8218521846480703,0.5697007868953616,-0.46384222161454775,-0.885917825448659,-0.9710607152615791,0.23883276005537946,0.6169145969843073,-0.7870301010937827,0.9452592504423807,0.32632031725454774,0.5803790497362272,0.8143464610516054,-0.3046748586184907,-0.9524564192265191,-0.9880426152819825,0.1541810312157123,0.6503149117098145,-0.7596647389525567,0.9379938003400013,0.346652030895135,1,0,0,0,99,0
1701915900,12,7,3,625,21.9,0.0,53,0,0,0,1,0,0,0,0.17601627283386595,-0.9843872569764778,-0.9960891669364942,-0.08835367288212255,-0.7376834256244756,0.6751467718644137,0.40302185308962235,-0.9151903550257765,0.9785679217677679,0.20592431252067284,0.6301093902963704,0.7765063787634564,-0.33428552259748223,-0.9424718507105282,-0.9855130264766997,0.16959974836283187,0.6443602453741106,-0.7647220895079571,0.9393407500763387,0.3429853571889352,1,0,0,0,99,0
1701915960,12,7,3,626,21.9,0.0,53,0,0,0,1,0,0,0,-0.7332313164778873,-0.6799792912553325,-0.9165094902005468,0.4000129427560235,-0.5477166499404489,0.8366638939132081,0.2857762289683941,-0.958296377409726,0.9895191704584925,0.14440156264783635,0.6540636197466435,0.7564395424116314,-0.348970240556676,-0.9371338064576561,-0.9841579666033436,0.17729381481363626,0.6413681412365148,-0.7672332809562018,0.9400088512764658,0.341150054260437,1,0,0,0,99,4
1701916020,12,7,3,627,21.9,0.0,53,0,0,0,1,0,0,0,-0.9683494148893343,0.2495984989607987,-0.6125363258775766,0.7904424390683988,-0.323695505785608,0.946161307354195,0.1640711623744481,-0.9864485053347172,0.9966063679644831,0.08231492776308211,0.6773791671718721,0.7356340556836266,-0.3635697624365738,-0.9315669744263229,-0.9827428388002435,0.18497706016379048,0.6383662506101844,-0.769732765368537,0.9406733666285383,0.3393134499481733,1,0,0,0,99,3
1701916080,12,7,3,628,21.9,0.0,53,0,0,0,1,0,0,0,-0.31317152702365525,0.9496965803148245,-0.15859290602857282,0.987344058653017,-0.0795485428747221,0.9968309933617175,0.039805820166669656,-0.9992074342602034,0.9998018389311463,0.01990685484696882,0.7000332653356665,0.7141102347841574,-0.378080523973295,-0.9257727136787294,-0.9812677294395066,0.19264901546759924,0.6353546193002774,-0.7722205046059057,0.941334293597632,0.33747555125823137,1,0,0,0,99,2
1701916140,12,7,3,629,21.9,0.0,53,0,0,0,1,0,0,0,0.6299348185230796,0.7766480054775746,0.3341795883371884,0.9425094178515073,0.16954436314500793,0.9855225562744638,-0.08508067855140847,-0.9963740653676368,0.999093105112741,-0.042578953911311244,0.722003792895616,0.6918890973590669,-0.3924989825725241,-0.9197524388005358,-0.9797327285542052,0.20030921246845357,0.6323332932605821,-0.7746964607084679,0.9419916296625114,0.3356363652016361,1,0,0,0,99,1
1701916260,12,7,3,631,21.9,0.0,53,0,0,0,1,0,0,0,0.4440586509707787,-0.8959977201410795,0.9736523301828737,0.22803758446681607,0.6212738589113436,0.7835935121179909,-0.3289426149665083,-0.9443499118753576,0.9859893285110538,-0.16680840525081836,0.763809009259127,0.645442326915884,-0.421044934112807,-0.9070397805267099,-0.9764834306138301,0.21559246215172986,0.6262617415459251,-0.7796128725693702,0.9432955190631858,0.3319541590571128,1,0,0,0,99,0
1701916320,12,7,3,632,21.9,0.0,53,0,0,0,1,0,0,0,-0.514030170892537,-0.8577721045896685,0.9637873480674221,-0.2666719852274808,0.7958240965274552,0.6055278749869898,-0.4441126687075084,-0.8959709467909631,0.9736454556949781,-0.22806693448309956,0.7836028759783554,0.6212620483809149,-0.43516545796919887,-0.9003505007442698,-0.9747693318791554,0.22321458202336397,0.6232116085153726,-0.782053253309314,0.943942067425039,0.330111153015682,1,0,0,0,99,1
1701916380,12,7,3,633,21.9,0.0,53,0,0,0,1,0,0,0,-0.9995220242088421,-0.030914771897250545,0.7179536098861996,-0.6960909524274645,0.9208938463328616,0.38981344741589885,-0.552352492790655,-0.8336106547471364,0.9574995182106194,-0.28843486721690187,0.8026315677871454,0.5964751179986882,-0.4491797424201762,-0.893441413299912,-0.9729957382486092,0.2308230780274018,0.6201519660424364,-0.7844817008788038,0.9445850149348135,0.32826688770053875,1,0,0,0,99,1
1701916500,12,7,3,635,22.2,0.0,53,0,0,0,1,0,0,0,0.38783720589663306,0.9217278891963141,-0.19782834832713678,-0.9802366778478334,0.9950469028764004,-0.09940654443286578,-0.7414197678889017,-0.6710415246343308,0.9140682481725122,-0.40556039954960427,0.8383198672194296,0.5451786865103935,-0.4768759343317749,-0.8789706156949713,-0.9692705029286126,0.24599734175904098,0.6140043396593216,-0.7893026484685837,0.9458600976012741,0.3245746073951383,1,0,0,0,99,0
1701916560,12,7,3,636,22.2,0.0,53,0,0,0,1,0,0,0,0.9851566112943334,0.17165794832475895,-0.6435612059762619,-0.7653946525566921,0.9395197317131483,-0.34249477911590703,-0.8192968873112808,-0.5733695234681091,0.8869525137988248,-0.46186062645125475,0.8549446258241684,0.5187192754991592,-0.49055108016436005,-0.8714124383720832,-0.9673190886083255,0.25356218332779523,0.610916449554358,-0.791695074927145,0.9464922278939074,0.3227266064898082,1,0,0,0,99,0
1701916620,12,7,3,637,22.2,0.0,53,0,0,0,1,0,0,0,0.6767275715505089,-0.7362335185953917,-0.9317278354206747,-0.36315732224795383,0.8255777741218431,-0.5642883472800259,-0.8843891528281048,-0.46675028265656904,0.8563732488397127,-0.5163572974905221,0.8707345455104334,0.49175334391820763,-0.5041064649862133,-0.8636415182001753,-0.9653086341166165,0.26111154876778686,0.6078192376160092,-0.794075421092917,0.9471207476063749,0.3208773744805662,1,0,0,0,99,0
1701916740,12,7,3,639,22.2,0.0,53,0,0,0,1,0,0,0,-0.9510732821065815,-0.30896538974942617,-0.8090010475115055,0.5878072006408963,0.4539784132307965,-0.8910126824689131,-0.9723715037137074,-0.23343876877147773,0.7853148313802172,-0.6190966125042691,0.8997490240351109,0.4364077150416402,-0.5308447442324167,-0.8474690894190892,-0.96111109904607,0.27616200913676636,0.6015970374192486,-0.7987997274463626,0.9483669457141478,0.3171752453720478,1,0,0,0,99,2
1701916800,12,7,3,640,22.2,0.0,53,0,0,0,1,0,0,0,-0.773852498155771,0.63336585880364,-0.42815542808445156,0.903705111970614,0.21942525837900473,-0.9756293127952373,-0.9938886539233752,-0.11038724383904756,0.7451131604793488,-0.6669380616522619,0.9129452507276277,0.408082061813392,-0.5440211108893698,-0.8390715290764524,-0.9589242746631385,0.28366218546322625,0.5984721441039564,-0.8011436155469337,0.9489846193555862,0.3153223623952687,1,0,0,0,99,2
1701916860,12,7,3,641,22.2,0.0,53,0,0,0,1,0,0,0,0.11484470379581474,0.9933834576889489,0.057517572580260974,0.9983444940722989,-0.028770696269825667,-0.999586037835738,-0.9998965041032342,0.014386837113521522,0.702001838632378,-0.7121751319421092,0.9252500018757388,0.3793579233770469,-0.5570646625944573,-0.8304691214539668,-0.9566789224849597,0.29114504851193435,0.5953381188400696,-0.8034752791816107,0.9495986729091429,0.31346827655951837,1,0,0,0,99,2
1701916920,12,7,3,642,22.2,0.0,53,0,0,0,1,0,0,0,0.8979542147110153,0.44008888679756925,0.5291082654818533,0.8485543255436181,-0.27517782837320115,-0.9613933444599089,-0.9903013037606052,0.13893641628473632,0.6561492146285263,-0.7546311735824118,0.9366512620987631,0.3502633483663315,-0.5699722149516012,-0.8216639667060773,-0.9543751795562575,0.2986101415674982,0.5921950094489575,-0.8057946827720751,0.9502091040323901,0.31161299493757066,1,0,0,0,99,0
1701916980,12,7,3,643,22.2,0.0,53,0,0,0,1,0,0,0,0.8554887617489377,-0.51782137704161,0.8711548016976116,0.49100846375515256,-0.5044757359104833,-0.8634258693585549,-0.9652527827876372,0.2613179391483152,0.6077343419832735,-0.7941403966391318,0.9471378982595755,0.3208267471400009,-0.5827406167670137,-0.8126582144850321,-0.9520131864856264,0.3060570089991143,0.5890428638906025,-0.8081017909270819,0.9508159103967186,0.3097565246067612,1,0,0,0,99,0
1701917100,12,7,3,645,22.3,0.0,50,0,0,0,1,0,0,0,-0.8268625876027196,-0.5624040017842467,0.8838563236703821,-0.46775848373693524,-0.8566675211938805,-0.5158689350324677,-0.8705943185641828,0.49200155739973644,0.5039833541895326,-0.8637133660537321,0.9653272414196473,0.2610427493211293,-0.6078475346165643,-0.7940537605606843,-0.9471150301205985,0.3208942500570208,0.5827116568007624,-0.8126789803043453,0.9520186396033287,0.3060400461505444,1,0,0,0,99,0
1701917160,12,7,3,646,22.3,0.0,50,0,0,0,1,0,0,0,-0.920002411959138,0.39191269689736824,0.551401533867395,-0.8342399825282195,-0.9576638195442646,-0.2878888826194756,-0.8024614889885606,0.5967039120788988,0.4490523844280872,-0.8935054314549238,0.9730121868339892,0.2307537307879076,-0.6201799211567932,-0.784459600867982,-0.9445791657844201,0.32828371809459106,0.5795326918757081,-0.8149489916843234,0.9526145578575638,0.3041800522023728,1,0,0,0,99,1
1701917220,12,7,3,647,22.3,0.0,50,0,0,0,1,0,0,0,-0.1672962615688254,0.9859066694495454,0.08394441777287699,-0.9964704384600542,-0.9991172199647183,-0.04200929385234764,-0.7218065162674647,0.6920949017828597,0.39236787471526025,-0.9198083772674773,0.9797470023601699,0.20023938515252526,-0.6323608996639003,-0.774673926614458,-0.941985649204503,0.33565314938604557,0.5763448839947981,-0.817206567945353,0.9532068421768051,0.3023188978997567,1,0,0,0,99,0
1701917280,12,7,3,648,22.3,0.0,50,0,0,0,1,0,0,0,0.7392213001816264,0.6734625968513661,-0.4040652194563607,-0.9147301779353751,-0.9784503507933796,0.20648222933781113,-0.6298879942744539,0.7766859820216312,0.33415117684842055,-0.9425194910508831,0.9855251115651197,0.16952950915565845,-0.6443874963266829,-0.7646991268321347,-0.9393346386757316,0.3430020941392817,0.5731482818000584,-0.8194516746395976,0.9537954903016678,0.30045659034243405,1,0,0,0,99,1
1701917340,12,7,3,649,22.3,0.0,50,0,0,0,1,0,0,0,0.9661022076387795,-0.25815988146006835,-0.7931455986954944,-0.6090320675218718,-0.8969481778569685,0.4421356875881703,-0.5281402808022835,0.8491571372803064,0.2746296257868892,-0.961550086391839,0.9903408722232561,0.13865409047006316,-0.6562567750240514,-0.7545376367253204,-0.936626296002125,0.3503301038125896,0.5699429340677058,-0.8216842775094914,0.9543804999866383,0.2985931366345421,1,0,0,0,99,1
1701917460,12,7,3,651,22.3,0.0,50,0,0,0,1,0,0,0,-0.6367844934113518,-0.7710418334635599,-0.9410212095015605,0.33834757760063844,-0.5751749396485218,0.8180304326859235,-0.3016368406826962,0.9534228948074206,0.15260587340036988,-0.9882871280168078,0.9970674821738015,0.0765273545315405,-0.679511826780248,-0.73366455363863,-0.9310382789226848,0.3649215301687268,0.5635061977615123,-0.8261118357004477,0.9555395951242542,0.2948628192054335,1,0,0,0,99,0
1701917520,12,7,3,652,22.3,0.0,50,0,0,0,1,0,0,0,-0.9928654610638965,0.11923999424008805,-0.6636113342009432,0.7480775341634341,-0.35491017584493534,0.9349004048997503,-0.1804156244623088,0.9835904648022342,0.09058017221711874,-0.995889166725453,0.9989717630457462,0.04533670298194944,-0.690891922451714,-0.7229580565226276,-0.9281589455806122,0.3721840562660983,0.5602749074043482,-0.8283067234624195,0.9561136761553041,0.2929959697142441,1,0,0,0,99,0
1701917580,12,7,3,653,22.3,0.0,50,0,0,0,1,0,0,0,-0.43611050264796214,0.8998931211428065,-0.22372626003354357,0.9746520202469203,-0.11257881628681225,0.9936427980534354,-0.056379082763754744,0.998409434564156,0.0282007573997934,-0.9996022795502609,0.9999005649439,0.014101780911272722,-0.7021033467690947,-0.7120750595657992,-0.925222962200409,0.37942386616698276,0.5570350679414255,-0.8304889722828903,0.9566841099032873,0.29112800253248544,1,0,0,0,99,1
1701917700,12,7,3,655,22.4,0.0,53,0,0,0,1,0,0,0,0.999756505535219,0.022066482275333348,0.6992615811428033,0.7148658903162654,0.37758052762538924,0.9259767519533807,0.19238405345378726,0.9813197113972033,-0.09664442198801937,-0.9953189718369693,0.9988290574059631,-0.04837885986167266,-0.7240092747547067,-0.6897902362814101,-0.9191817655614721,0.39383357127001617,0.5505299395718565,-0.834815420098963,0.9578140268598501,0.2873887436044051,1,0,0,0,99,0
1701917760,12,7,3,656,22.4,0.0,53,0,0,0,1,0,0,0,0.5587390498188232,-0.829343520025061,0.9563847343054627,0.2921099792671752,0.5949327780232085,0.803775459710974,0.31322878243308516,0.9496776978825432,-0.158622668804709,-0.9873392775238264,0.9968297942787993,-0.07956356727854007,-0.7346984304047954,-0.6783938504738453,-0.9160769210262436,0.40100258697803604,0.5472647499254653,-0.8369595530782943,0.9583735057581397,0.28551746612221973,1,0,0,0,99,1
1701917820,12,7,3,657,22.4,0.0,53,0,0,0,1,0,0,0,-0.3959805115438519,-0.9182589147280136,0.9793515494264594,-0.20216464239820275,0.7752949897936278,0.6315993024069126,0.42918568102459304,0.9032162815203545,-0.2199814974942728,-0.9755040444612094,0.9938571437739957,-0.1106705822221754,-0.7452082199701555,-0.6668318445372209,-0.9129161638773905,0.40814712755499033,0.5439912096923119,-0.8390909150845903,0.9589293287527998,0.28364509947768324,1,0,0,0,99,0
1701917880,12,7,3,658,22.4,0.0,53,0,0,0,1,0,0,0,-0.9866374167508005,-0.16293129799798153,0.7625389491684939,-0.6469423088661069,0.9074531141789384,0.4201533595806971,0.5384452806085791,0.8426604771735462,-0.2804813031437691,-0.9598594889809514,0.9899140086343236,-0.14166952922038076,-0.7555360776363961,-0.6551070411694638,-0.9096996870312377,0.41526675693494663,0.5407093688225928,-0.8412094735958894,0.9594814937235343,0.2817716508133054,1,0,0,0,99,1
1701917940,12,7,3,659,22.4,0.0,53,0,0,0,1,0,0,0,-0.6701844311086327,0.7421946027152168,0.3590302196784995,-0.933325935221779,0.9831901991023352,0.18258431583548054,0.6393026216763542,0.7689552379155371,-0.3398858353068445,-0.9404667027374061,0.9850042392643308,-0.17253013832747296,-0.7656794820051903,-0.6432223028131592,-0.9064276868049539,0.4223610405724235,0.5374192773931619,-0.8433151962855951,0.960029998564002,0.2798971272757233,1,0,0,0,99,1
1701918060,12,7,3,661,22.4,0.0,53,0,0,0,1,0,0,0,0.9537707733618594,0.30053504268341247,-0.5913818382891833,-0.8063916674555276,0.9503661577138381,-0.3111336791031087,0.809670821724208,0.5868842819913016,-0.45448636833721334,-0.8907536926646169,0.9723049142796247,-0.23371596793478092,-0.7854030710198365,-0.6189846654260585,-0.8997179184127819,0.43647184019930857,0.5308145437912809,-0.8474880058736255,0.9611160194985894,0.2761448841879698,1,0,0,0,99,2
1701918120,12,7,3,662,22.4,0.0,53,0,0,0,1,0,0,0,0.7682160664531458,-0.6401906553857654,-0.9055911481970673,-0.424151709070136,0.8438458713148201,-0.5365856366554476,0.8765231419236595,0.48135972169706537,-0.5092348565754973,-0.860627597075839,0.964527759340248,-0.26398144151072533,-0.7949784404343068,-0.6066376836668139,-0.896280559776573,0.4434874949382373,0.5275000023989397,-0.8495550291000099,0.9616535314498694,0.27426717895146524,1,0,0,0,99,3
1701918180,12,7,3,663,22.4,0.0,53,0,0,0,1,0,0,0,-0.12363294914268595,-0.9923280172837418,-0.9980801614308696,0.0619353805036276,0.6848593357385049,-0.728675298230847,0.9296976116541461,0.368323703940673,-0.5619947935965809,-0.8271407691380811,0.9558087594121748,-0.2939891416888716,-0.8043597272641364,-0.5941426000175077,-0.8927884967945957,0.4504760814862939,0.5241774120055661,-0.8516090891618918,0.9621873749852187,0.2723884274690357,1,0,0,0,99,0
1701918240,12,7,3,664,22.4,0.0,53,0,0,0,1,0,0,0,-0.9018144014592891,-0.43212357644616434,-0.8462043418838514,0.5328585288581931,0.48329156372825655,-0.875459459043705,0.9683644611001854,0.24954011797333814,-0.6125601529754697,-0.7904239741978156,0.9461564284508708,-0.3237097664592346,-0.8135446412026923,-0.5815024649736085,-0.889241942604376,0.45743717329617606,0.5208468233098019,-0.8536501547168418,0.9627175480681864,0.27050863690754695,1,0,0,0,99,0
1701918300,12,7,3,665,22.3,0.0,50,0,0,0,1,0,0,0,-0.8508718520044145,0.5253732877360419,-0.4871481870355047,0.8733193252573889,0.25167506307003396,-0.9678117909122075,0.9919203070086345,0.12686254192588234,-0.6607334780658982,-0.7506205905535374,0.9355801917937172,-0.3531142941360932,-0.8225309398849666,-0.5687203644428019,-0.8856411136693016,0.46437034549871836,0.5175082871323327,-0.8556781946207109,0.9632440486763235,0.26862781443782874,1,0,0,0,99,1
1701918360,12,7,3,666,22.3,0.0,50,0,0,0,1,0,0,0,-0.01764164581327013,0.9998443740567825,-0.008821166113885877,0.9999610927573088,0.004410625958475234,-0.9999902731420214,0.9999975682825487,0.0022053183419487145,-0.7063266530643069,-0.707886049566577,0.9240903769563281,-0.38217401169717374,-0.8313164294350177,-0.5557994189916117,-0.8819862297654119,0.47127517492882454,0.5141618544151129,-0.8576931779281052,0.9637668748011899,0.2667459672346471,1,0,0,0,99,1
1701918420,12,7,3,667,22.3,0.0,50,0,0,0,1,0,0,0,0.8318082081799767,0.5550631538882909,0.4716655839213357,0.8817775098879226,-0.24312804251266182,-0.9699942035620426,0.9924702019612586,-0.12248631849712321,-0.7491616375980297,-0.662387228704961,0.9116982035479069,-0.4108605428214292,-0.8398989650015737,-0.5427427830835574,-0.8782775139679819,0.47815124015129495,0.5108075762205887,-0.8596950738928585,0.9642860244483632,0.26486310247667705,1,0,0,0,99,1
1701918480,12,7,3,668,22.3,0.0,50,0,0,0,1,0,0,0,0.9164974316526442,-0.40004057016021116,0.8366721491002945,0.5477040395322044,-0.47555018687189876,-0.8796885924951523,0.9694556700786149,-0.24526659730265726,-0.78907116196914,-0.6143017998904703,0.8984157723154882,-0.43914587559803503,-0.8482764512816665,-0.5295536443090374,-0.8745151926379088,0.48499812148654897,0.5074455037309183,-0.8616838519685015,0.964801495637445,0.26297922734647544,1,0,0,0,99,2
1701918540,12,7,3,669,22.3,0.0,50,0,0,0,1,0,0,0,0.15856314310832614,-0.9873488388850257,0.9968321922181852,0.07953351845283306,-0.6784049239013403,-0.7346882054493705,0.9313131067072369,-0.36421957288882034,-0.82589938033904,-0.5638175356935875,0.8842560533277641,-0.4670023898795447,-0.8564468430321711,-0.5162352226071247,-0.8706994954078947,0.49181540103624005,0.5040756882471917,-0.8636594818087276,0.9653132864020695,0.26109434903045325,1,0,0,0,99,1
1701918660,12,7,3,671,22.3,0.0,50,0,0,0,1,0,0,0,-0.9637793089749802,0.2667010378527043,0.6055158801168206,-0.7958332230601788,-0.9475846197201016,-0.31950491149575566,0.8122514732198877,-0.5833074183071241,-0.8897492394790579,-0.45644965861137193,0.8533609021426315,-0.5213206025991243,-0.8721584152546842,-0.48922356719646887,-0.8629089080535873,0.5053594922446452,0.49731303409188604,-0.8675711764012926,0.9663258188626889,0.2573216116056981,1,0,0,0,99,1
1701918720,12,7,3,672,22.3,0.0,50,0,0,0,1,0,0,0,-0.2963109980159809,0.9550915099898928,0.14984740573347818,-0.9887091356890289,-0.9971732887740798,-0.07513609089835323,0.7331903200732922,-0.6800234955873388,-0.9165215479156338,-0.39998531498835127,0.836655638536056,-0.5477292602242684,-0.8796957599716702,-0.47553692799599256,-0.858934493426592,0.5120854772418407,0.4939202986100892,-0.8695071814659844,0.9668265566961802,0.2554337668888117,1,0,0,0,99,0
1701918780,12,7,3,673,22.3,0.0,50,0,0,0,1,0,0,0,0.6435842780107317,0.7653752524725406,-0.3425089396843968,-0.9395145694646093,-0.9847625524624222,0.1739043279153665,0.6426879772038036,-0.766128033658659,-0.9397148593213419,-0.3419590372700662,0.8191333948967244,-0.5736030695219185,-0.8870183395854673,-0.46173419327470294,-0.8549076538652297,0.5187802071808914,0.4905200265122254,-0.8714299189208766,0.9673236063802219,0.25354494776974296,1,0,0,0,99,3
1701918840,12,7,3,674,22.3,0.0,50,0,0,0,1,0,0,0,0.9917711368753414,-0.12802348245924622,-0.7510071512506543,-0.660294069919136,-0.9111240502585628,0.41213221791123295,0.542156703402608,-0.8402774000028898,-0.9592386043114846,-0.28259741682923273,0.8008112813981934,-0.598916765156381,-0.8941243663932834,-0.4478187327723233,-0.8508286351470322,0.5254432734499875,0.48711226968226357,-0.8733393594273613,0.9678169660187202,0.25165516145376265,1,0,0,0,99,5
1701918900,12,7,3,675,22.5,0.0,52,0,0,0,1,0,0,0,0.428128186283695,-0.9037180180285407,-0.9756326199006828,-0.21941055349670321,-0.7808362675672484,0.6247357227273372,0.43316525557381835,-0.9013145185581272,-0.9750165430796872,-0.22213225952332183,0.7817071892733627,-0.6236456287334492,-0.9010121055605882,-0.43379394374895947,-0.8466976862342779,0.5320742693699069,0.48369708011838003,-0.8752354738497254,0.9683066337296583,0.24976441514983128,1,0,0,0,99,2
1701918960,12,7,3,676,22.5,0.0,52,0,0,0,1,0,0,0,-0.5291338443628917,-0.848538375531565,-0.9613891968218607,0.2751923186322931,-0.6019998676776046,0.7984961861625556,0.31741440880766936,-0.9482869255037094,-0.9869870631127111,-0.16079968049764676,0.7618397733439909,-0.6477655129374955,-0.907679875544648,-0.4196632501557079,-0.8425150592587969,0.538672790218836,0.4802745099321658,-0.8771182332555959,0.9687926076451028,0.24787271607057126,1,0,0,0,99,3
1701919020,12,7,3,677,22.5,0.0,52,0,0,0,1,0,0,0,-0.9999126587279824,-0.01321646380607935,-0.7117641687406298,0.7024185134924622,-0.38573403175474275,0.9226100241956138,0.19671041635407388,-0.9804616321395789,-0.9951034197859987,-0.09883918216077345,0.7412284338045774,-0.6712528651109158,-0.9141260485050504,-0.4054301017987467,-0.8382810095065815,0.5452384332570721,0.47684461134783096,-0.8789876089163806,0.9692748859112106,0.2459800714322396,1,0,0,0,99,3
1701919080,12,7,3,678,22.5,0.0,52,0,0,0,1,0,0,0,-0.5513763859920506,0.83425660379187,-0.2878744485084861,0.9576681585475916,-0.1454851220097925,0.989360439513222,0.07293682364477497,-0.997336562929792,-0.9993339189004324,-0.03649271893274041,0.7198932972784023,-0.6940847502528994,-0.9203490507011184,-0.3910979734971153,-0.8339957954022056,0.5517707977516048,0.473407436701408,-0.8808435723077068,0.9697534666882369,0.24408648845470035,1,0,0,0,99,0
1701919140,12,7,3,679,22.5,0.0,52,0,0,0,1,0,0,0,0.40409279322248953,0.9147179972350201,0.20649697669091896,0.9784472385455999,0.10380934797598938,0.9945972145913138,-0.051974923803148484,-0.9986483902233343,-0.999662040447504,0.025996247581773553,0.6978551971642206,-0.7162388734150686,-0.9263473628761159,-0.3766703642343869,-0.8296596784930514,0.5582694850005744,0.4699630384399531,-0.8826860951098568,0.9702283481505415,0.24219197436139703,1,0,0,0,99,1
1701919260,12,7,3,681,22.5,0.0,52,0,0,0,1,0,0,0,0.6635887835859072,-0.7480975379581034,0.9349057540624358,0.3548960848205405,0.5679365788446187,0.8230723190645342,-0.29742871493474354,-0.9547440282778767,-0.9886212693134506,0.15042601457547708,0.6517568509131771,-0.7584279842461896,-0.9376641147677002,-0.34754281445155094,-0.8208357979680074,0.5711642432560222,0.46305278141048767,-0.8863307066936196,0.9711670058989905,0.23840018173900415,1,0,0,0,99,0
1701919320,12,7,3,682,22.5,0.0,52,0,0,0,1,0,0,0,-0.27096382207826836,-0.9625895320045489,0.9906032333897737,-0.13676707936387883,0.7539121564757657,0.6569752356961871,-0.4141405343019522,-0.9102129519228418,-0.9772954906073296,0.2118809194773779,0.6277416190291282,-0.7784217749643756,-0.9429797916616176,-0.3328499850049752,-0.8163485729163049,0.5775595272329186,0.45958702808449753,-0.8881327398629437,0.9716307786044408,0.23650291767445097,1,0,0,0,99,0
1701919380,12,7,3,683,22.5,0.0,52,0,0,0,1,0,0,0,-0.9563935393373727,-0.29208114953507913,0.803766492687733,-0.594944892601374,0.8930131277314388,0.45003061418009443,-0.5243898291442662,-0.8514783068816535,-0.962153393924704,0.2725084339230132,0.6031134081070436,-0.7976554500293386,-0.9480652535636296,-0.3180758950082994,-0.8118115221553275,0.5839195599531243,0.45611426202590716,-0.8899212212193629,0.972090844833795,0.23460475142315124,1,0,0,0,99,0
1701919440,12,7,3,684,22.5,0.0,52,0,0,0,1,0,0,0,-0.7625194471644794,0.6469652948157085,0.42013968223930687,-0.907459446701534,0.9765908679435658,0.21510526876214117,-0.6264561960895026,-0.7794566276458689,-0.943254108829076,0.33207180876591375,0.5778962671769416,-0.8161102280837784,-0.9529192589311485,-0.3032241513437061,-0.8072249226032686,0.5902439532330229,0.45263453622485383,-0.8916961234728519,0.9725472028320404,0.23270569022603224,1,0,0,0,99,0
1701919500,12,7,3,685,22.4,0.0,50,0,0,0,1,0,0,0,0.13241150819283803,0.9911948307462555,-0.06635197530497698,-0.9977962794945308,0.9994489180279628,-0.033194280422003807,-0.718746923618461,-0.6952717884316881,-0.9206714366242954,0.39033845030198594,0.5521148203489986,-0.8337680883501076,-0.95754062272838,-0.288298379851407,-0.8025890542025249,0.5965323210642458,0.4491479037776722,-0.8934574195405861,0.9729998508583098,0.23080574132743523,1,0,0,0,99,0
1701919560,12,7,3,686,22.4,0.0,50,0,0,0,1,0,0,0,0.9056039335646163,0.42412441041785603,-0.5365983551885637,-0.8438377837054513,0.9601660751415484,-0.2794299700233931,-0.799821845795485,-0.6002374654987004,-0.8944935621620483,0.44708082854294906,0.5257942427685239,-0.8506117882274349,-0.9619282167156328,-0.2733022244444464,-0.7979041999026094,0.6027842796372321,0.4456544178860835,-0.8952050825473546,0.9734487871858886,0.22890491197508778,1,0,0,0,99,1
1701919620,12,7,3,687,22.4,0.0,50,0,0,0,1,0,0,0,0.8461882788236016,-0.5328840368987897,-0.8754667432001029,-0.4832783685937176,0.8611847561916425,-0.5082920574857935,-0.8684158155762116,-0.49583663767122255,-0.864822709481898,0.5020773657160704,0.49896023603285744,-0.866624880128672,-0.9660809697247618,-0.25823934621909184,-0.7931706456428818,0.6089994473646541,0.4421541318563844,-0.8969390858259702,0.9738940101022211,0.2270032094200761,1,0,0,0,99,0
1701919680,12,7,3,688,22.4,0.0,50,0,0,0,1,0,0,0,0.008791022929352243,-0.9999613582113339,-0.9999903395061709,-0.004395553927897717,0.7086591401823227,-0.7055510066862999,-0.9234584470040598,-0.38369844494974187,-0.8317747426285983,0.5551133015206257,0.47163900309419615,-0.8817917275413242,-0.9699978679206785,-0.24311342256103,-0.7883886803350966,0.6151774449047079,0.4386470990986331,-0.898659402917676,0.9743355179089173,0.22510064091681745,1,0,0,0,99,1
1701919740,12,7,3,689,22.4,0.0,50,0,0,0,1,0,0,0,-0.8366886589042642,-0.5476788183424514,-0.8796814248187952,0.47556344563977404,0.5120725311712326,-0.8589422115718187,-0.9640908182250827,-0.2655727663260874,-0.7954787132054784,0.6059815317622776,0.4438572226728559,-0.8960975202962782,-0.9736779550488648,-0.22792814624758584,-0.7835585958457688,0.6213178951842664,0.4351333731258346,-0.90036600757255,0.974773308921759,0.22319721372303236,1,0,0,0,99,3
1701919860,12,7,3,691,22.4,0.0,50,0,0,0,1,0,0,0,-0.1498176016678404,0.9887136522929661,-0.07512106131782845,0.9971744211252528,0.03758709136623356,-0.9992933556081649,-0.9998233232947121,-0.01879686665158652,-0.7137215376642303,0.7004295586811045,0.38702095635694944,-0.9220709188237921,-0.980324160373443,-0.19739437830927187,-0.773755251455288,0.6334846571507191,0.4280860560969494,-0.9037379756186854,0.9756377338999054,0.21938781231111568,1,0,0,0,99,7
1701919920,12,7,3,692,22.4,0.0,50,0,0,0,1,0,0,0,0.7510270550472058,0.6602714309941945,0.412145950487085,0.911117838425468,-0.2108105329134813,-0.9775269404025313,-0.9943658633527529,0.10600249902117563,-0.6685796515669709,0.7436405378343678,0.3580219701119138,-0.9337131620134654,-0.983288655994125,-0.18205334106592852,-0.7687825898997481,0.6395102262411726,0.4245525725742499,-0.9054032875578629,0.9760643645676915,0.2174818526246926,1,0,0,0,99,9
1701919980,12,7,3,693,22.4,0.0,50,0,0,0,1,0,0,0,0.9613809008905675,-0.2752212989629269,0.798505259520226,0.601987832533629,-0.44610097930085907,-0.8949826346174625,-0.9733916566874463,0.22914773115016593,-0.6208269762380796,0.783947616601443,0.3286733814887943,-0.9444436501457996,-0.986013095791785,-0.16666785811037535,-0.7637630058173724,0.6454967629235737,0.42101261090163694,-0.9070547841568264,0.9764872718465987,0.21557506331110474,1,0,0,0,99,13
1701920040,12,7,3,694,22.4,0.0,50,0,0,0,1,0,0,0,0.2878455800903205,-0.9576768359015827,0.9893626321783087,0.14547021017792156,-0.6536550274502899,-0.7567926433898262,-0.9372279987787994,0.34871718957500053,-0.570649984852799,0.8211933967023238,0.29900384888632797,-0.9542519050812327,-0.9884968146335203,-0.1512416855876172,-0.7586968055777015,0.6514439018105791,0.4174662250945703,-0.9086924402157693,0.9769064541233642,0.21366745164417375,1,0,0,0,99,17
1701920100,12,7,3,695,22.4,0.0,50,0,0,0,1,0,0,0,-0.6503336395770626,-0.7596487064653314,0.9379895272510593,-0.34666359308028627,-0.8205679719195377,-0.5715489510618114,-0.8864392114132281,0.46284503288800055,-0.5182446174886911,0.8552324341627837,0.26904234409960104,-0.9631283492252691,-0.9907392061549974,-0.13577858957643307,-0.7535842983954858,0.6573512799194837,0.41391346926653416,-0.9103162307460754,0.977321909798935,0.21175902490085832,1,0,0,0,99,16
1701920160,12,7,3,696,22.4,0.0,50,0,0,0,1,0,0,0,-0.9905991101845337,0.1367969403956463,0.6569638725243397,-0.7539220584369601,-0.9364619742512132,-0.3507691132091307,-0.8218178366308225,0.5697503342653119,-0.4638155159838274,0.8859318072699817,0.23881812402958275,-0.9710643148808378,-0.9927397229084867,-0.1202823451699422,-0.7484257963118128,0.6632185366943757,0.41035439762821135,-0.9119261309706986,0.9777336372884741,0.20984979036122642,1,0,0,0,99,21
1701920220,12,7,3,697,22.4,0.0,50,0,0,0,1,0,0,0,-0.42011232727019937,0.9074721111282797,0.21509054938760125,-0.9765941099372553,-0.9941313067038114,-0.10818015081969684,-0.7443722693718838,0.6677648722343453,-0.40757522481479086,0.9131716356289067,0.20836070211425825,-0.9780520527121516,-0.9944978764965141,-0.10475673555396908,-0.7432216141750619,0.6690453140281423,0.40678906448665614,-0.9135221163245426,0.9781416350213661,0.2079397553084275,1,0,0,0,99,20
1701920280,12,7,3,698,22.4,0.0,50,0,0,0,1,0,0,0,0.5366237918890951,0.8438216079116303,-0.27944444178438205,-0.9601618634146094,-0.9899903695023021,0.14113492938566014,-0.6553110218111473,0.755359162711905,-0.3497433611150432,0.9368455482927549,0.17769981950925717,-0.9840847393118021,-0.9960132376910966,-0.08920555108343296,-0.7379720696216873,0.6748312562843274,0.4032175242444657,-0.9151041624548343,0.9785459014412237,0.20602892702866477,1,0,0,0,99,21
1701920340,12,7,3,699,22.4,0.0,50,0,0,0,1,0,0,0,0.999990471552965,0.0043654098637504885,-0.7055616876419274,-0.7086485059123989,-0.9242966260655718,0.3816749232577385,-0.5560238649294927,0.8311663260917572,-0.29054575707471864,0.9568610991392004,0.1468654160461197,-0.989156483863701,-0.9972854365385321,-0.07363258835698702,-0.7326774830568314,0.6805760103188376,0.39963983139895004,-0.9166722452214962,0.9789464350058935,0.2041173128111673,1,0,0,0,99,16
1701920460,12,7,3,701,22.4,0.0,50,0,0,0,1,0,0,0,-0.41217341535790386,-0.9111054141383427,-0.9775237629179003,0.21082526634829296,-0.6281618953946932,0.7780826647433718,-0.3331045896236106,0.9428898834814625,-0.16898241997103944,0.985619065227906,0.08479662367127003,-0.9963982801139075,-0.999099164275976,-0.042436540187039476,-0.7219544792391829,0.6919405537374438,0.3924662063557551,-0.9197664251693045,0.9797362974722598,0.2002917557348473,1,0,0,0,99,11
1701920520,12,7,3,702,22.4,0.0,50,0,0,0,1,0,0,0,-0.9893670168342196,-0.14544038641504342,-0.7567827912998033,0.6536664338884767,-0.41613313140840114,0.9093036989610448,-0.2129510519332497,0.9770628687451604,-0.10709138913759518,0.994249181228016,0.053622843881987556,-0.9985612603210722,-0.9996402503703701,-0.026821070811284417,-0.7165267164632748,0.6975596494883844,0.38887038361876797,-0.9212924751370719,0.980125623360871,0.19837782746936225,1,0,0,0,99,11
1701920580,12,7,3,703,22.4,0.0,50,0,0,0,1,0,0,0,-0.6569411457329191,0.7539418618455402,-0.3507549986489571,0.9364672609988937,-0.17823122481920262,0.9839886333182142,-0.08947448430079347,0.9959891147292259,-0.04478216872134558,0.9989967754525602,0.022396702295648618,-0.9997491624033901,-0.9999372886344898,-0.011199053455758941,-0.7110552205897088,0.7031361697936755,0.3852686271981697,-0.9228044673151717,0.9805112103681354,0.19646314245276175,1,0,0,0,99,11
1701920640,12,7,3,704,22.4,0.0,50,0,0,0,1,0,0,0,0.279473385115912,0.960153439306371,0.14114985067939137,0.9899882421792622,0.07075223608034517,0.9974939203271522,0.03539830273366068,0.9993732836951247,0.017701925105413577,0.9998433086476912,-0.008851309290403876,-0.9999608263946371,-0.9999902065507035,0.004425697988050785,-0.7055403255703919,0.70866977429126,0.3816609920523317,-0.9243023786324636,0.9808930570231557,0.19454770798898718,1,0,0,0,99,11
1701920700,12,7,3,705,22.6,0.0,49,0,0,0,1,0,0,0,0.9589413745467228,0.2836043726433742,0.5984962937882848,0.8011255746271536,0.3153366656233036,0.9489798666534379,0.15971871109322489,0.9871625668180084,0.0801168932934608,0.9967854751193981,-0.040090677723143425,-0.9991960456085177,-0.9997989911998606,0.02004936896117015,-0.6999823680060913,0.7141601252384405,0.3780475332293278,-0.9257861862326637,0.981271161869303,0.19263153138483885,1,0,0,0,99,9
1701920760,12,7,3,706,22.6,0.0,49,0,0,0,1,0,0,0,0.7567630866040035,-0.6536892463193665,0.9093099708898409,0.4161194261751267,0.5403149886061247,0.8414628411805024,0.2815467623854851,0.9595475082507646,0.14221900672771448,0.9898352156421706,-0.07129089828943605,-0.9974555668404911,-0.9993636892644466,0.03566814516840596,-0.6943816871258898,0.7196068875324937,0.3744283058660939,-0.9272558674746938,0.9816455234642222,0.19071461994994804,1,0,0,0,99,8
1701920820,12,7,3,707,22.6,0.0,49,0,0,0,1,0,0,0,-0.1411796931706552,-0.9899839868584944,0.9974928538236488,-0.07076727047691461,0.7316991425705358,0.6816277318020025,0.3989813706164722,0.9169590317462396,0.20376575798421134,0.9790196708305302,-0.10242150450337505,-0.9947410896385376,-0.9986844070171862,0.05127821350955192,-0.6887386247664814,0.7250097287311226,0.3708033651875866,-0.9287113999330262,0.9820161403798376,0.1887969809967493,1,0,0,0,99,4
1701920880,12,7,3,708,22.6,0.0,49,0,0,0,1,0,0,0,-0.9093225141277265,-0.41609201542499075,0.8414546973619527,-0.540327671221366,0.8775897877771157,0.47941231147032193,0.5101900080017631,0.8600617162362019,0.2645168083164075,0.9643810751555119,-0.13345209785628734,-0.9910552646435797,-0.9977613102950975,0.06687576301030233,-0.6830535253513071,0.7303683190727478,0.3671727665059408,-0.9301527613980265,0.9823830112023585,0.1868786218404523,1,0,0,0,99,2
1701920940,12,7,3,709,22.6,0.0,49,0,0,0,1,0,0,0,-0.8414384091513941,0.5403530360836063,0.4793990842275326,-0.8775970134644963,0.9689161505167762,0.24738935560721262,0.6134373009496519,0.7897434252993856,0.3242349261728403,0.9459765920199573,-0.1643523775003615,-0.9864016910011756,-0.9965946244590063,0.08245698575264687,-0.6773267358695333,0.7356823314966341,0.3635365652196254,-0.931579929876292,0.982746134532284,0.18495954979901422,1,0,0,0,99,2
1701921000,12,7,3,710,22.6,0.0,49,0,0,0,1,0,0,0,6.0288706691585265e-05,0.999999998182636,-3.014435335948845e-05,-0.999999999545659,0.9999999998864147,-1.50721766814562e-05,0.7071121099856378,0.7071014523472988,0.3826869135812598,0.9238780905366516,-0.1950921698369112,-0.9807849128470145,-0.9951846343385268,0.09801807780451909,-0.6715586058548728,0.7409514416628525,0.3598948168125984,-0.9329928835909876,0.983105508984409,0.18303977219311154,1,0,0,0,99,1
1701921060,12,7,3,711,22.6,0.0,49,0,0,0,1,0,0,0,0.8415035574058807,0.5402515736888212,-0.4794519925452281,-0.8775681095188057,0.968908692684405,-0.24741856284563038,0.7897526710450653,0.6134253977275352,0.43964451678172034,0.8981718648809746,-0.2256414579803825,-0.9742104148696458,-0.9935316841625248,0.11355524014847192,-0.6657494873642518,0.7461753279720765,0.3562475768534598,-0.9343916009821783,0.9834611331878292,0.18111929634611235,1,0,0,0,99,2
1701921120,12,7,3,712,22.6,0.0,49,0,0,0,1,0,0,0,0.9092723362185879,-0.4162016561567134,-0.8414872714892108,-0.5402769400239504,0.8775753358042688,-0.4794387656291727,0.8600694058124533,0.5101770449416689,0.4948853175526281,0.8689582973139933,-0.25597041106933305,-0.9666846169547733,-0.9916361774750792,0.12906467960915324,-0.6598997349563215,0.7513536715852107,0.3525949009946041,-0.9357760607071574,0.9838130057859464,0.17919812958404827,1,0,0,0,99,3
1701921180,12,7,3,713,22.6,0.0,49,0,0,0,1,0,0,0,0.14106032243614638,-0.9900010027440429,-0.9974971184780542,-0.07070713279421359,0.7316785950108878,-0.6816497880898176,0.9169650451597972,0.39896755000261763,0.5481936017491368,0.8363514661918808,-0.28604941339576206,-0.958214867916346,-0.9894985770369622,0.14454260977935537,-0.6540097056698183,0.756486156442851,0.34893684497137084,-0.9371462416407726,0.9841611254364736,0.17727627923558656,1,0,0,0,99,3
1701921240,12,7,3,714,22.6,0.0,49,0,0,0,1,0,0,0,-0.7568419012610816,-0.6535979930320404,-0.9092848819352602,0.4161742465410129,0.540289623007414,-0.8414791282441333,0.9595517516643209,0.281532299883927,0.5993612016622668,0.8004787004923762,-0.3158490933243467,-0.9488094383205661,-0.9871194047126635,0.15998525194441188,-0.6480797590017714,0.7615724692845757,0.3452734646011943,-0.9385021228757492,0.9845054908114401,0.17535375263200217,1,0,0,0,99,4
1701921300,12,7,3,715,23.2,0.0,49,0,0,0,1,0,0,0,-0.9589071712941251,0.2837199972520434,-0.5984479938758073,0.801161655738729,0.3153080590956018,-0.9489893718421532,0.9871649740145142,0.1597038323864628,0.6481883089093543,0.7614800825978519,-0.34534035197334534,-0.9384775124098211,-0.9844992413429837,0.17538883600471677,-0.6421102568855613,0.7666122996680645,0.3416048157827517,-0.9398436837230073,0.9848461005971967,0.17343055710714975,1,0,0,0,99,4
1701921360,12,7,3,716,23.2,0.0,49,0,0,0,1,0,0,0,-0.2793576102663403,0.9601871305044031,-0.14109016531210986,0.9899967501220404,0.07072216723899125,-0.9974960526543551,0.9993738171110836,0.03538323999893738,0.6944842546815092,0.7195079012766077,-0.374494391629162,-0.9272291791344273,-0.9816387266032314,0.19074960139614014,-0.6361015636688295,0.7716053399880473,0.33793095449511035,-0.9411709037119792,0.9851829534944205,0.17150669999743565,1,0,0,0,99,1
1701921420,12,7,3,717,23.2,0.0,49,0,0,0,1,0,0,0,0.6570320493166915,0.7538626441008393,0.35081145641153216,0.9364461127317576,-0.17826088643928933,-0.983983260206127,0.9959877660408604,-0.0894894960145405,0.7380682543012335,0.6747260569984901,-0.4032827438668247,-0.9150754223009407,-0.9785385588470545,0.20606379800811597,-0.6300540460912397,0.7765512854950779,0.3342519367968734,-0.9424837625909207,0.9855160482181202,0.16958218864179003,1,0,0,0,99,0
1701921480,12,7,3,718,23.2,0.0,49,0,0,0,1,0,0,0,0.9893494728164958,-0.14555968067333058,0.7568221986283603,0.6536208072447929,-0.41616054159134735,-0.9092911544837531,0.9770596589983012,-0.2129657783732482,0.7787701131827185,0.6273094219070648,-0.43167729734891963,-0.9020281098466568,-0.9751994949359482,0.22132768709917786,-0.6239680732620949,0.781449834314135,0.3305678188253245,-0.9437822403272206,0.9858453834976407,0.16765703038163873,1,0,0,0,99,3
1701921540,12,7,3,719,23.2,0.0,49,0,0,0,1,0,0,0,0.41206355362767066,-0.9111551063193005,0.9775364715240298,0.2107663323217201,-0.6281853499080824,-0.7780637288557153,0.9428848627631359,-0.33311880098868984,0.8164308914380598,0.5774431569476385,-0.4596503252758348,-0.8880999822507707,-0.9716223500544774,0.2365375422097191,-0.6178440166378084,0.7863006874630465,0.3268786567955711,-0.945066317107706,0.9861709580766679,0.16573123256087538,1,0,0,0,99,3
1701921660,12,7,3,721,23.2,0.0,49,0,0,0,1,0,0,0,-0.9999899379137492,0.0044859860962648745,0.7055189628577446,-0.7086910420261656,-0.924308130989381,-0.3816470607602228,0.8311579455074176,-0.5560363923520552,0.8820533975763755,0.47114944956348237,-0.5142229820012509,-0.8576565307754271,-0.9637573685257683,0.26678031151546105,-0.6054831494288421,0.795858125395306,0.3194854258058527,-0.9475911896475467,0.9868108201797209,0.16187774762525764,1,0,0,0,99,2
1701921720,12,7,3,722,23.2,0.0,49,0,0,0,1,0,0,0,-0.536522042161478,0.8438863064861742,0.2793865543595699,-0.9601787090136331,-0.9899946234736917,-0.141105086702016,0.7553492856626053,-0.655322406643472,0.9097588709772145,0.4151370817913813,-0.5407693215265723,-0.8411709344097017,-0.9594714520009706,0.2818058423722779,-0.5992470932877865,0.8005641268419033,0.3157814696574965,-0.9488319468804535,0.9871251052628672,0.15995007521027702,1,0,0,0,99,2
1701921780,12,7,3,723,23.2,0.0,49,0,0,0,1,0,0,0,0.42022174485588953,0.9074214484737904,-0.21514942659255415,-0.9765811406313841,-0.994128045231444,0.10821011821594118,0.6677536528481364,-0.7443823339574701,0.9339117554559077,0.3575036125989008,-0.5667876089864259,-0.8238639489014253,-0.9549512942819192,0.2967625743743428,-0.59297446219279,0.805221265980458,0.31207269507243185,-0.9500582261052366,0.9874356247637708,0.15802179263437582,1,0,0,0,99,2
1701921840,12,7,3,724,23.2,0.0,49,0,0,0,1,0,0,0,0.9906155976046185,0.13667749552301828,-0.6570093243162466,-0.7538824495645917,-0.936451400117644,0.3507973420904214,0.5697379476169631,-0.8218264239151785,0.9544177345154423,0.29847409944986975,-0.5922524379646446,-0.8057524742282427,-0.9501979989002931,0.31164685605004694,-0.5866656389929246,0.8098292585632008,0.3083591586419959,-0.9512700086103841,0.987742377497894,0.15609290725336597,1,0,0,0,99,2
1701921900,12,7,3,725,22.9,0.0,48,0,0,0,1,0,0,0,0.6502420383735517,-0.7597271164910521,-0.9380104254460747,-0.34660704227478406,-0.820550742573177,0.5715736862930343,0.4628316722670164,-0.8864461873946535,0.9711967327464229,0.23827905132989188,-0.6171389424878762,-0.7868541959378154,-0.9452127263049878,0.32645505361548977,-0.5803210087462414,0.8143878233420149,0.3046409170301858,-0.9524672759055859,0.9880453622950683,0.15416342642535893,1,0,0,0,99,6
1701921960,12,7,3,726,22.9,0.0,48,0,0,0,1,0,0,0,-0.28796105219335977,-0.9576421212643548,-0.9893538601694428,0.14552985730709223,-0.6536322141284454,0.756812347054107,0.348703063469403,-0.9372332545994372,0.9841832285198314,0.17715352861368974,-0.6414228213067844,-0.7671875678781851,-0.9399966935788086,0.3411835518616152,-0.573940958696269,0.8188966820856021,0.3009180269727937,-0.9536500097220159,0.988344577999499,0.1522333575107376,1,0,0,0,99,7
1701922020,12,7,3,727,22.9,0.0,48,0,0,0,1,0,0,0,-0.9614140793741277,-0.275105376140123,-0.7984689650011837,0.6020359722889809,-0.4460740004253886,0.8949960816363893,0.22913305999310826,-0.9733951103319733,0.9933265098475862,0.11533622515937178,-0.665080361625807,-0.7467717941779041,-0.9345511741413373,0.3558287550368126,-0.5675258782483789,0.823355559596464,0.29719054527654143,-0.9548181920126113,0.9886400234697691,0.15030270787212824,1,0,0,0,99,7
1701922080,12,7,3,728,22.9,0.0,48,0,0,0,1,0,0,0,-0.750947435766512,0.660361983093894,-0.41209101962194344,0.9111426845159583,-0.21078106590019152,0.9775332947055968,0.10598751175115685,-0.9943674609282015,0.9985908724117705,0.05306853621402457,-0.688088462258297,-0.7256268104935293,-0.9288774974380447,0.37038708772476847,-0.5610761589460167,0.8277641837276992,0.2934585288182137,-0.9559718049523478,0.9889316975788438,0.1483714848743724,1,0,0,0,99,7
1701922140,12,7,3,729,22.9,0.0,48,0,0,0,1,0,0,0,0.14993681711330134,0.9886955804866999,0.0751811795375017,0.9971698903613917,0.03761721440117745,0.9992922221155811,-0.01881193616323041,-0.9998230398714517,0.9999557589892294,-0.009406384229561218,-0.7104246561844406,-0.7037732645427925,-0.922977048615726,0.38485499571735293,-0.5545921944468057,0.8321222853996139,0.28972203454379003,-0.957110830938511,0.9892195992140752,0.14643969588449884,1,0,0,0,99,4
1701922200,12,7,3,730,22.9,0.0,48,0,0,0,1,0,0,0,0.9129698518082046,0.4080270207833117,0.5440464039108651,0.8390551295306261,0.2836766385070983,0.9589199991476417,-0.1433178301056054,-0.9896767146769802,0.997415839727087,-0.07184457294402906,-0.7320671324899203,-0.6812324959424539,-0.9168512681843369,0.39922894688232846,-0.5480743804985193,0.8364295986161443,0.2859811194675758,-0.9582352525909659,0.9895037272772058,0.14450734827169542,1,0,0,0,99,5
1701922260,12,7,3,731,22.9,0.0,48,0,0,0,1,0,0,0,0.8366226151268321,-0.5477797001152385,0.8797100943251812,0.4755104099200992,0.5120984231961181,0.8589267750862407,-0.2655872972430715,-0.9640868153559203,0.990981032955707,-0.13400221013863856,-0.7529947576639026,-0.6580265153705288,-0.9105016516653137,0.41350543202566953,-0.541523114914927,0.8406858604810924,0.2822358406713325,-0.9593450527524214,0.9897840806843736,0.1425744494072809,1,0,0,0,99,5
1701922320,12,7,3,732,22.9,0.0,48,0,0,0,1,0,0,0,-0.008911595619283405,-0.9999602909433546,0.9999900726865629,-0.004455842044182302,0.7086804082392084,0.705529644294206,-0.38371236343503057,-0.9234526637284138,0.9806764664578257,-0.19563657157033057,-0.7731870962355524,-0.6341779830732337,-0.9039297492264633,0.42768096574828196,-0.5349387975515134,0.8448908112141716,0.27848625530340665,-0.9604402144886925,0.9900606583661156,0.14064100666467697,1,0,0,0,99,6
1701922380,12,7,3,733,22.9,0.0,48,0,0,0,1,0,0,0,-0.8462525264509585,-0.5327820018313022,0.8754376053812465,-0.48333114847312386,0.8612000779357617,0.5082660973972571,-0.49584972653150816,-0.8684083421401643,0.9665423793450973,-0.25650697637670183,-0.7926244307289241,-0.609710186737641,-0.8971371653035117,0.44175208729691307,-0.5283218302810735,0.8490441941668623,0.27473242057785763,-0.9615207210889587,0.9903334592673719,0.13870702741938,1,0,0,0,99,5
1701922440,12,7,3,734,22.9,0.0,48,0,0,0,1,0,0,0,-0.9055527871571002,0.42423360271436256,0.5365474803247321,-0.8438701329927379,0.9601744979410612,0.27940102631098374,-0.6002495204866958,-0.7998127988195062,0.948633964925225,-0.31637572692962224,-0.8112877809167417,-0.5846470187516472,-0.8901255582084044,0.4557153614090449,-0.5216726169691845,0.8531457558380763,0.27097439377358495,-0.9625865560660185,0.99060248234749,0.13677251904893306,1,0,0,0,99,9
1701922500,12,7,3,735,23.1,0.0,51,0,0,0,1,0,0,0,-0.1322919915216454,0.9912107893779389,0.06629181933715889,-0.9978002779559492,0.9994499181939906,0.03316415266557249,-0.6952826214333375,-0.7187364442775852,0.9270211551732747,-0.3750090370393858,-0.8291589223542691,-0.5590129528734616,-0.8828966397244532,0.46956737915156455,-0.5149915634495557,0.8571952458896295,0.26721223223345386,-0.9636377031565415,0.9908677265802286,0.13483748893289754,1,0,0,0,99,7
1701922560,12,7,3,736,23.1,0.0,51,0,0,0,1,0,0,0,0.7625974510230334,0.6468733474901962,-0.42019439103217676,-0.9074341153742778,0.9765843832906294,-0.21513470736462095,-0.7794660696158047,-0.626444447910339,0.9017883476488092,-0.4321779448847783,-0.8462204041751706,-0.5328330203333975,-0.8754521746884285,0.4833047587530059,-0.5082790774992584,0.8611924171615208,0.26344599336342084,-0.9646741463213163,0.9911291909537616,0.13290194445282522,1,0,0,0,99,6
1701922620,12,7,3,737,23.1,0.0,51,0,0,0,1,0,0,0,0.9563583139954668,-0.2921964668707481,-0.8038023596851244,-0.5948964334778163,0.8929995614438498,-0.4500575332789041,-0.8514862104810929,-0.5243769954532216,0.8730340759252245,-0.48765920710408944,-0.8624555661319862,-0.5061327853912996,-0.8677939805597005,0.496924146429161,-0.5015355688138374,0.8651370256870182,0.2596757346316572,-0.9656958697454956,0.991386874470682,0.13096589299222994,1,0,0,0,99,6
1701922680,12,7,3,738,23.1,0.0,51,0,0,0,1,0,0,0,0.2708477535528008,-0.9626221971237736,-0.9906114770998198,-0.1367073569275377,0.7538923520395793,-0.6569979615921431,-0.910219193818759,-0.4141268153644828,0.8408706248182544,-0.5412361705556629,-0.8778485548645799,-0.47893832037347833,-0.8599239269765315,0.5104222172018581,-0.49476144898230595,0.8690288307075485,0.2559015135676726,-0.9667028578388368,0.9916407761480053,0.12902934193655957,1,0,0,0,99,4
1701922740,12,7,3,739,23.1,0.0,51,0,0,0,1,0,0,0,-0.663678982427899,-0.7480175187009116,-0.934884356137408,0.3549524484343561,0.5679117676037555,-0.8230894387714971,-0.9547485110675735,-0.29741432483028024,0.8054235919161669,-0.5926996183437778,-0.8923843393806778,-0.45127618021352633,-0.8518439352996318,0.5237956757107076,-0.4879571314620232,0.8728675946873924,0.25212338776143683,-0.9676950952359407,0.9918908950171739,0.12709229867316782,1,0,0,0,99,4
1701922860,12,7,3,741,23.1,0.0,51,0,0,0,1,0,0,0,-0.40398249595507346,0.9147667150492026,-0.20643798699706092,0.9784596862030654,0.10377936643893754,-0.994600343405095,-0.9986491734851372,-0.0519598719922648,0.7252447421361512,-0.6884911502727306,-0.9188283708812899,-0.394657351209419,-0.8350620788927668,0.5501557274038783,-0.4742595663748501,0.8803850655832022,0.24455565257911935,-0.9696352576054571,0.9923797805289709,0.12321676508199471,1,0,0,0,99,8
1701922920,12,7,3,742,23.1,0.0,51,0,0,0,1,0,0,0,0.5514769744870444,0.8341901141889754,0.28793218456003195,0.9576508012289697,-0.14551494557438124,-0.9893560535087885,-0.9973354634998167,0.07295185566937777,0.6808260219507706,-0.7324451705313435,-0.9307107957178061,-0.3657559496909493,-0.8263643112123579,0.5631358851596348,-0.46736715483673286,0.8840633136714912,0.24076615867736564,-0.9705831529733789,0.9926185453066497,0.12127828953819604,1,0,0,0,99,8
1701922980,12,7,3,743,23.1,0.0,51,0,0,0,1,0,0,0,0.9999110578521441,-0.01333703059178224,0.7118065153508298,0.7023756008747093,-0.38576184306207034,-0.9225983960734783,-0.9804586671740625,0.19672519402267946,0.633748690719484,-0.7735390080735035,-0.9416843972567198,-0.3364973936945846,-0.8174647985370944,0.5759785613655318,-0.4604462176163836,0.8876876030917441,0.2369729909802548,-0.9715162384365339,0.9928535235462816,0.11933935135458495,1,0,0,0,99,6
1701923040,12,7,3,744,23.1,0.0,51,0,0,0,1,0,0,0,0.5290315259540843,-0.8486021709533231,0.9614057860636483,0.27513435722086477,-0.6020239375552833,-0.7984780389030324,-0.9482821412699473,0.31742870151970165,0.5841965844132856,-0.8116121923430246,-0.9517384599623535,-0.3069102537037296,-0.808365713555359,0.5886806206663637,-0.45349717713213844,0.8912577126360152,0.23317620736685893,-0.9724344997571855,0.9930847143514961,0.1173999579276213,1,0,0,0,99,4
1701923100,12,7,3,745,23.3,0.0,49,0,0,0,1,0,0,0,-0.42823715115227945,-0.9036663888697973,0.9756193901490984,-0.21946937272681427,-0.7808550994668647,-0.6247121846391287,-0.9013079897124868,0.43317884029628645,0.5323632029468761,-0.8465160483701081,-0.9608631662130951,-0.2770234210584837,-0.7990692776782511,0.6012389620365252,-0.4465204575176119,0.8947734244032187,0.2293758657714247,-0.973337922923796,0.9933121168403706,0.11546011665550152,1,0,0,0,99,2
1701923160,12,7,3,746,23.3,0.0,49,0,0,0,1,0,0,0,-0.9917865664060436,-0.1279038963304499,0.7509673416102893,-0.6603393459690063,-0.9111364733038093,-0.412104752478659,-0.840269228425824,0.5421693681504614,0.4784509545656371,-0.8781142773439177,-0.9690496058881397,-0.24686607974373714,-0.78957776049726,0.6136505195370826,-0.4395164845958098,0.8982345238124292,0.22557202418248906,-0.9742264941512392,0.9935357301454335,0.11351983493813046,1,0,0,0,99,8
1701923220,12,7,3,747,23.3,0.0,49,0,0,0,1,0,0,0,-0.643491986364181,0.7654528486360742,0.3424522969436224,-0.9395352171781732,-0.9847677942485156,-0.17387464280599801,-0.7661183468648947,0.6426995243478877,0.4226703654457646,-0.9062834888565188,-0.9762897850680705,-0.21646767789150556,-0.7798934792301785,0.625912263064279,-0.4324856858531395,0.9016407996159777,0.22176474064199472,-0.9751001998810116,0.9937555534136682,0.11157912017709314,1,0,0,0,99,7
1701923280,12,7,3,748,23.3,0.0,49,0,0,0,1,0,0,0,0.2964261583255705,0.955055774633264,-0.14990701345623575,-0.9887000997858916,-0.997171023392149,0.07516615000819327,-0.6800124447360528,0.7332005694242856,0.365239257594056,-0.9309136827397816,-0.9825766338407864,-0.18585789902532845,-0.7700187981553854,0.6380211990892903,-0.4254284904133183,0.9049920439123458,0.21795407324440425,-0.9759590267814386,0.9939715858065156,0.10963797977562646,1,0,0,0,99,8
1701923340,12,7,3,749,23.3,0.0,49,0,0,0,1,0,0,0,0.963811460090061,0.2665848258979956,-0.6055638587721383,-0.7957967158445666,-0.9475749880206227,0.3195334756762063,-0.5832951758431548,0.8122602648400962,0.3063818982576352,-0.951908678613683,-0.9879040132051502,-0.15506663307481236,-0.7599561280346426,0.6499743713890525,-0.4183453290111816,0.9082880521588547,0.21414008013581365,-0.9768029617478785,0.9941838264998778,0.1076964211385911,1,0,0,0,99,11
1701923460,12,7,3,751,23.3,0.0,49,0,0,0,1,0,0,0,-0.15868219392454155,-0.9873297125739173,-0.996827395433612,0.07959361603194907,-0.6783827768922391,0.7347086551933184,-0.3642055359317603,0.9313185961832069,0.18531244401927394,-0.98267965181518,-0.9956604973120055,-0.09306005637441869,-0.7392766925767438,0.6734017907704067,-0.4041028391570599,0.9147135592004764,0.2065023496228598,-0.9784461045965885,0.9945969295640794,0.10381207878520571,1,0,0,0,99,12
1701923520,12,7,3,752,23.3,0.0,49,0,0,0,1,0,0,0,-0.9165456608473167,-0.39993005836265355,-0.8366391272115635,0.5477544804186207,-0.47552366901205834,0.879702927248347,-0.24525198546765434,0.9694593666699876,0.123573122745224,-0.9923354691509287,-0.9980820279793963,-0.061905293994420546,-0.72866497582717,0.6848703183835534,-0.39694437999324705,0.9178426658157577,0.20267872876086712,-0.9792452874065205,0.9947977903590559,0.10186930988644112,1,0,0,0,99,10
1701923580,12,7,3,753,23.3,0.0,49,0,0,0,1,0,0,0,-0.8317412740539448,0.5551634471352745,-0.47161242183848673,0.8818059443934574,-0.24309880255416996,0.9700015320589596,-0.12247135979697553,0.992472047983962,0.061351251071343295,-0.9981162377158188,-0.9995289484841894,-0.03069008214538658,-0.7178753659742708,0.6961716447308859,-0.3897616933904063,0.9209157520454534,0.19885201527083735,-0.9800295281381713,0.9949948563028281,0.0999261523872222,1,0,0,0,99,11
1701923640,12,7,3,754,23.3,0.0,49,0,0,0,1,0,0,0,0.01776220433321534,0.9998422396044413,0.00888145245887885,0.9999605591233189,0.0044407700166209495,0.9999901397322173,0.002220390481728404,0.9999975349300161,-0.0011101959250420757,-0.9999993837323141,-0.9999998459330667,0.0005550980480432917,-0.7069104971465471,0.7073030107556603,-0.3825552177427069,0.9239326303242191,0.1950222675437101,-0.9807988148249923,0.9951881266436493,0.09798261370010419,1,0,0,0,99,12
1701923700,12,7,3,755,23.3,0.0,49,0,0,0,1,0,0,0,0.8509351939710194,0.525270687990015,0.4872008374428276,0.8732899541360861,0.2517042370162984,0.967804203890458,0.1268774923095938,0.9919183948013208,-0.06356730763009857,-0.9979775535555198,-0.9994942605026603,0.03179973619764941,-0.6957730462594648,0.7182616988945079,-0.3753253928962788,0.9268931165173544,0.19118954401672386,-0.9815531357286151,0.9953776006442517,0.09603870123909643,1,0,0,0,99,11
1701923760,12,7,3,756,23.3,0.0,49,0,0,0,1,0,0,0,0.9017622905605737,-0.4322323117525429,0.8462364656975445,0.5328075113244262,0.48331795366796265,0.8754448901342752,0.24955471330524379,0.9683606998774462,-0.1257761903592125,-0.9920586423890088,-0.9980126858885634,0.06301332244450873,-0.6844657323619245,0.7290450337408892,-0.36807266012236683,0.9297970299320409,0.1873539031725241,-0.982292479339031,0.9955632775818498,0.09409442241963412,1,0,0,0,99,13
1701923820,12,7,3,757,23.3,0.0,49,0,0,0,1,0,0,0,0.12351329589860735,-0.992342917411246,0.9980838936209837,0.06187520742896127,0.6848813008730195,0.7286546532579619,0.3683377164655,0.9296920601086044,-0.18749391975660915,-0.9822657634542202,-0.9955565688232438,0.09416537725135425,-0.6729913159724447,0.7396503826982563,-0.3607974620903975,0.9326441933283712,0.1835154035382709,-0.9830168343747657,0.9957451567481425,0.09214978465855,1,0,0,0,99,7
1701923880,12,7,3,758,23.3,0.0,49,0,0,0,1,0,0,0,-0.7682932534017909,-0.6400980212258834,0.9055655749932976,-0.42420630521841407,0.8438620459584654,0.5365601992235288,0.48137293275405046,0.8765158866853267,-0.24847948940976328,-0.9686371577338252,-0.9921283076633347,0.12522548116532597,-0.6613525984052206,0.7500751566227634,-0.3535002428409609,0.9354344329301663,0.17967410368474607,-0.9837261897830529,0.9959232374493159,0.09020479537404606,1,0,0,0,99,1
1701923940,12,7,3,759,23.3,0.0,49,0,0,0,1,0,0,0,-0.9537345286904526,0.3006500437112895,0.5913332209037094,-0.8064273196362117,0.9503755362056127,0.31110503078846885,0.5868964854263191,0.8096619760086516,-0.30849475197428267,-0.9512260446415067,-0.9877312500476805,0.1561633045220503,-0.6495524210862237,0.7603168104553688,-0.3461814477587088,0.9381675784355823,0.17583006222545924,-0.9844205347400018,0.9960975190060464,0.08825946198566526,1,0,0,0,99,2
1701924000,12,7,3,760,23.3,0.0,49,0,0,0,1,0,0,0,-0.26231667667323905,0.9649818449790168,0.13232187086982847,-0.9912068010710522,0.9977992786806003,0.06630685835171127,0.683261714736121,0.7301735609948197,-0.36730534913419133,-0.9301004142012893,-0.9823696896284233,0.18694863706204273,-0.6375936648595081,0.7703728438431753,-0.3388415235451705,0.9408434630275048,0.17198333781575365,-0.9850998586507625,0.9962680007535027,0.08631379191426318,1,0,0,0,99,1
1701924060,12,7,3,761,23.3,0.0,49,0,0,0,1,0,0,0,0.670273918142016,0.7421137882148197,-0.35908648803956716,-0.9333042880579784,0.9831846947694971,-0.18261395338530634,0.768964873510262,0.6392910317745328,-0.42468162676613824,-0.905342761547949,-0.9760488618783255,0.21755141743051343,-0.6254792492838938,0.7802408017498551,-0.3314809181914887,0.9434619233837301,0.16813398915191097,-0.9857641511496881,0.9964346820413489,0.08436779258197977,1,0,0,0,99,4
1701924120,12,7,3,762,23.3,0.0,49,0,0,0,1,0,0,0,0.986617763744047,-0.16305026300100225,-0.7625779510977885,-0.6468963352033299,0.9074404485153088,-0.4201807139771352,0.842668592620235,0.5384325798198252,-0.48039953173383443,-0.8770497647852786,-0.9687749389784189,0.2479417625317701,-0.6132121319201985,0.7899182750550117,-0.32410008095107623,0.9460227996869345,0.1642820749702558,-0.9864134021004922,0.9965975622337464,0.08242147141221098,1,0,0,0,99,0
1701924180,12,7,3,763,23.3,0.0,49,0,0,0,1,0,0,0,0.39586978738073614,-0.9183066543585159,-0.9793637358914501,-0.20210559819248466,0.7752759502888261,-0.6316226728860813,0.9032227501801761,0.4291720675404672,-0.5342414868107552,-0.8453319074601606,-0.9605550237909749,0.27808999670955387,-0.6007953076091915,0.7994029011423319,-0.316699462312196,0.9485259356344274,0.1604276540462594,-0.9870476015964041,0.9967566407093569,0.08047483582958054,1,0,0,0,99,2
1701924240,12,7,3,764,23.3,0.0,49,0,0,0,1,0,0,0,-0.5588390458533631,-0.8292761426869235,-0.9563671216345017,0.29216763793503586,0.594908548461427,-0.8037933932096717,0.9496824188142243,0.31321446868745406,-0.5859972403145539,-0.8103130471266812,-0.9513971429236797,0.3079666807248138,-0.588231807740446,0.8086923644763854,-0.30927951397046544,0.9509711784476923,0.15657078519364281,-0.98766673996032,0.9969119168613444,0.07852789325991148,1,0,0,0,99,3
1701924300,12,7,3,765,23.2,0.0,50,0,0,0,1,0,0,0,-0.9997538375481824,0.022187030168153377,-0.6992184815320054,0.71490804659346,0.37755261448342536,-0.9259881334535178,0.9813226109321842,0.1923692628078641,-0.6354646871353813,-0.7721299316850319,-0.9413102388917886,0.33754264050262456,-0.5755246995122691,0.8177843971679285,-0.30184068880128756,0.9533583788817112,0.15271152726347947,-0.9882708077449498,0.9970633900973773,0.07658065113019796,1,0,0,0,99,2
1701924360,12,7,3,766,23.2,0.0,50,0,0,0,1,0,0,0,-0.521499561602246,0.8532515498073621,-0.27087677105340535,0.9626140321560251,0.13672228758321528,-0.9906094165098637,0.9976495919183909,0.06852219892172288,-0.6824506579520153,-0.7309316653838863,-0.930304161385911,0.3667889956201752,-0.5626770851828893,0.8266767795275779,-0.29438344083220963,0.9556873912340734,0.14884993914329722,-0.9888597957329627,0.9972110598396317,0.07463311686857685,1,0,0,0,99,3
1701924420,12,7,3,767,23.2,0.0,50,0,0,0,1,0,0,0,0.43621900626234744,0.8998405295248098,0.22378502013672655,0.9746385303087524,-0.11260876895528071,-0.9936394039863637,0.9984085846952548,-0.05639413096074909,-0.7267716735539261,-0.6868791265714991,-0.9183896576539555,0.39567718750801195,-0.5496921013130842,0.8353673406077149,-0.28690822521521153,0.9579580733538694,0.14498607975617966,-0.9894336949371265,0.9973549255247919,0.0726852979042994,1,0,0,0,99,1
1701924480,12,7,3,768,23.2,0.0,50,0,0,0,1,0,0,0,0.9928798314963556,0.11912027622436312,0.6636564336219596,0.7480375245348201,-0.3549383576518463,-0.9348897059372352,0.9835877454343449,-0.18043044929108396,-0.7682546613236668,-0.6401443394691997,-0.9055783620066239,0.424179007336997,-0.5365729180004349,0.8438539587324921,-0.27941549819892586,0.960170286650366,0.1411200080598672,-0.9899924966004454,0.9974949866040544,0.0707372016677029,1,0,0,0,99,3
1701924540,12,7,3,769,23.2,0.0,50,0,0,0,1,0,0,0,0.6366915185525545,-0.7711186096854635,0.9410416063292482,0.33829084403404747,-0.575199598385618,-0.8180130940376344,0.9534183483753694,-0.3016512108067574,-0.8067376310817407,-0.590909802420489,-0.8918827844567045,0.45226662356375086,-0.5233227381053919,0.8521345620158094,-0.27190571710079076,0.9623238961014657,0.1372517830458574,-0.9905361921962937,0.9976312425431287,0.06878883559018242,1,0,0,0,99,4
1701924600,12,7,3,770,23.2,0.0,50,0,0,0,1,0,0,0,-0.30486804029509035,-0.952394602046143,0.9880269738337468,-0.1542812333919083,-0.7596977140257526,-0.6502763899328083,0.9083711768690177,-0.41816480606765055,-0.8420703076547856,-0.5393677752389131,-0.8773162985032573,0.4799126091076827,-0.509944796469342,0.8602071288671359,-0.2643793402791376,0.964418770261948,0.13338146373850462,-0.9910647734285454,0.9977636928222396,0.06684020710416233,1,0,0,0,99,4
1701924660,12,7,3,771,23.2,0.0,50,0,0,0,1,0,0,0,-0.9661333288664309,-0.2580433894783372,0.7931088794983754,-0.6090798841374023,-0.8969615053438476,-0.4421086494644714,0.8491491769602298,-0.5281530793886979,-0.8741147176969102,-0.4857195284376067,-0.8618931280726186,0.5070899681330687,-0.4964423591248692,0.8680696884850515,-0.25683682710521527,0.9664547812714911,0.12950910919411976,-0.9915782322317012,0.9978923369361299,0.06489132364306802,1,0,0,0,99,1
1701924720,12,7,3,772,23.2,0.0,50,0,0,0,1,0,0,0,-0.7391400904300984,0.673551725347791,0.4040100708226276,-0.9147545368424774,-0.9784565746221131,-0.20645273449087873,0.7766764881502719,-0.629899700551255,-0.9027457284726566,-0.43017455727224563,-0.8456283336289784,0.5337721624100279,-0.482818722498399,0.8757203213383905,-0.2492786379351523,0.9684318048624773,0.12563477850006885,-0.9920765607710116,0.9980171743940611,0.06294219264129754,1,0,0,0,99,1
1701924780,12,7,3,773,23.2,0.0,50,0,0,0,1,0,0,0,0.16741513842849595,0.985886490132088,-0.08400449353431058,-0.9964653757487232,-0.99911595316778,0.04203941157578726,0.6920840225089049,-0.7218169475621181,-0.927851536497655,-0.3729497636665573,-0.828537797468093,0.5599331372286528,-0.4690772126054234,0.8831571596348673,-0.24170523408185923,0.9703497203675764,0.12175853077387154,-0.9925597514425961,0.9981382047198164,0.06099282153419321,1,0,0,0,99,1
1701924840,12,7,3,774,23.2,0.0,50,0,0,0,1,0,0,0,0.9200496610903988,0.39180176253743726,-0.5514518281149147,-0.8342067377267571,-0.9576551408849527,0.2879177506452518,0.5966918171697799,-0.8024704825242022,-0.9493341041288368,-0.3142686092149499,-0.8106382082084923,0.5855473468409921,-0.4552211842385018,0.8903783877770709,-0.2341170777868726,0.9722084107271113,0.117880425162299,-0.9930277968735597,0.9982554274517018,0.05904321775801332,1,0,0,0,99,4
1701924900,12,7,3,775,23.2,0.0,47,0,0,0,1,0,0,0,0.8267947683721899,-0.5625036986477305,-0.8838845226181219,-0.4677051963321925,-0.8566519702691965,0.5158947584865577,0.491988435592465,-0.8706017339996969,-0.9671095423993336,-0.25436024256976875,-0.7919470444953276,0.6105897794060392,-0.4412540201482366,0.8973822428057174,-0.2265146321921418,0.9740077624962025,0.11400052084047149,-0.9934806899221047,0.9983688421425482,0.057093388749903703,1,0,0,0,99,4
1701924960,12,7,3,776,23.2,0.0,47,0,0,0,1,0,0,0,-0.026611421427981424,-0.9996458534148893,-0.9999114594340064,0.013306888913466725,-0.7023863292684922,0.711795928940826,0.3796077390275217,-0.9251475365964139,-0.981108438603097,-0.1934586046207122,-0.7724825579327705,0.6350359814133715,-0.42717913021742326,0.904167014830051,-0.2188983613117615,0.9757476658516921,0.11011887701095537,-0.9939184236776407,0.9984784483597131,0.055143341947869365,1,0,0,0,99,9
1701925020,12,7,3,777,23.2,0.0,47,0,0,0,1,0,0,0,-0.8555511930921242,-0.5177182206554476,-0.8711251978491518,0.4910609836591339,-0.5044497082667736,0.8634410760611096,0.2613033906581489,-0.9652567213081475,-0.9912761273500305,-0.13180151496066433,-0.7522637552616317,0.6588620815615874,-0.4129999506285761,0.9107310474452892,-0.2112687300036505,0.9774280145988474,0.10623555290285971,-0.994340991460889,0.9985842456850822,0.05319308479074615,1,0,0,0,99,6
1701925080,12,7,3,778,23.2,0.0,47,0,0,0,1,0,0,0,-0.8979011434038442,0.4401971565947119,-0.5290571062774264,0.8485862232545117,-0.2751488476674837,0.9614016390808037,0.13892149027273704,-0.9903033977223353,-0.9975729040331677,-0.06962974320527361,-0.7313103797996011,0.6820448140682276,-0.3987199430250338,0.9170727381370105,-0.20362620394117933,0.9790487061778415,0.10235060777093262,-0.9947483868239851,0.9986862337150706,0.05124262471817234,1,0,0,0,99,2
1701925140,12,7,3,779,23.2,0.0,47,0,0,0,1,0,0,0,-0.11472492335334811,0.9933972981448904,-0.05745738357735032,0.9983479599180064,-0.028740564382016227,0.9995869046556198,0.014371766495114374,-0.9998967208306115,-0.9999741798743135,-0.007186068792756609,-0.7096428921622328,0.7045615413884168,-0.3843425936658486,0.923190538672385,-0.19597124958474776,0.9806096416700136,0.098464100894657,-0.9951406035505771,0.9987844120606251,0.04929196917056027,1,0,0,0,99,2
1701925260,12,7,3,781,23.2,0.0,47,0,0,0,1,0,0,0,0.9510360209453427,-0.3090800654595016,0.8090364841771667,0.58775842594577,0.45400527202568364,0.8909989971783835,-0.23345342450006654,-0.9723679851728931,-0.9930679697716801,0.11754151357521916,-0.6642508887554389,0.747509703473881,-0.3553099326828051,0.9347485500052624,-0.18062592559588117,0.9835518669610827,0.09068663914523838,-0.9958794773869684,0.9989693382148844,0.04539010141557074,1,0,0,0,99,0
1701925320,12,7,3,782,23.2,0.0,47,0,0,0,1,0,0,0,0.2537650480137331,-0.967265889198305,0.9917827103751873,0.12793379303705288,0.6603280271815468,0.7509772942762827,-0.3528616624994258,-0.9356755031196132,-0.9837874524305575,0.17933836299072597,-0.6405706975070254,0.7678992000877217,-0.34066170896673886,0.9401859390800635,-0.17293649256292973,0.9849329771817125,0.08679580294659275,-0.9962261232224621,0.9990560853181523,0.04343890409263279,1,0,0,0,99,1
1701925380,12,7,3,783,23.2,0.0,47,0,0,0,1,0,0,0,-0.6768163397642243,-0.7361519151833799,0.931705939442102,-0.36321349425415084,0.8255947838540862,0.5642634605154977,-0.46676361227311963,-0.8843821177849249,-0.9706652661409403,0.24043489993663053,-0.6162649998431557,0.7875388561641358,-0.32593031758020324,0.9453937952419975,-0.16523650437781978,0.986253972169947,0.08290364235078253,-0.9965575678730123,0.9991390213261147,0.041487541063478864,1,0,0,0,99,0
1701925440,12,7,3,784,23.2,0.0,47,0,0,0,1,0,0,0,-0.9851359060614224,0.17177673471265031,0.6435150601529656,-0.7654334506384766,0.9395300555699313,0.3424664577455166,-0.5733818719904229,-0.8192882452914593,-0.9537526527594719,0.3005925437436371,-0.5913575298651244,0.8064094939122546,-0.3111193549811273,0.9503708470676735,-0.157526431008143,0.987514771299061,0.07901021674738969,-0.9968738062811815,0.999218145922396,0.03953601977196579,1,0,0,0,99,2
1701925500,12,7,3,785,23.0,0.0,50,0,0,0,1,0,0,0,-0.38772606351274697,0.9217746469028693,0.19776925076605154,-0.980248602881654,0.9950498989703115,0.09937654934225174,-0.6710526993678471,-0.7414096537482675,-0.9331156556794735,0.35957638010006476,-0.5658726092946783,0.8244926864745572,-0.2962324370536107,0.9551158794812693,-0.1498067430370387,0.9887152976163738,0.07511558554529872,-0.9971748336215606,0.9992934588051601,0.03758434766255414,1,0,0,0,99,2
1701925560,12,7,3,786,23.0,0.0,50,0,0,0,1,0,0,0,0.5661573337391945,0.8242971997121707,-0.2963973686521434,-0.9550647097742044,0.9887023590985824,-0.14989211157661958,-0.7582519738110213,-0.6519616125292119,-0.9088348619329069,0.4171560783872076,-0.5398351237242685,0.8417707759203831,-0.281273198225157,0.9596277340511744,-0.14207791163447184,0.9898554778479468,0.07121980817179005,-0.9974606453008427,0.9993649596871111,0.035632532180279806,1,0,0,0,99,1
1701925620,12,7,3,787,23.0,0.0,50,0,0,0,1,0,0,0,0.9995182893196364,-0.031035291452596547,-0.717995575004678,-0.6960476666678093,0.9208820952401586,-0.38984120698830105,-0.8336189798068123,-0.552339928400844,-0.8810050874997386,0.4731067911154711,-0.5132704983166911,0.8582268904886025,-0.26624529057938057,0.9639053092728047,-0.13434040852847542,0.9909352424030555,0.06732294407163325,-0.9977312369578932,0.999432648295495,0.03368058077072561,1,0,0,0,99,1
1701925680,12,7,3,788,23.0,0.0,50,0,0,0,1,0,0,0,0.5139267392143615,-0.8578340787824261,-0.9638034236249698,-0.26661387925010005,0.7958058429196471,-0.6055518643146514,-0.8959776404338033,-0.44409916442465225,-0.8497350070535673,0.5272100319490078,-0.486204672977848,0.873844961062604,-0.2511523829644027,0.9679475608375188,-0.1265947059763584,0.9919545253784365,0.06342505270618003,-0.9979866044638166,0.9994965243721002,0.03172850087999289,1,0,0,0,99,3
1701925740,12,7,3,789,23.0,0.0,50,0,0,0,1,0,0,0,-0.4441666848300092,-0.895944170184236,-0.9736385803223484,0.22809628429214274,0.6212502377093538,-0.7836122396607084,-0.9443548696493042,-0.32892838152042436,-0.8151467295893495,0.5792545288901829,-0.4586640770268678,0.8886097368615153,-0.23599816009715488,0.9717535018875711,-0.11884127673588184,0.9929132645623109,0.059526193552456905,-0.9982267439220187,0.999556587673259,0.029776299954673093,1,0,0,0,99,1
1701925800,12,7,3,790,23.0,0.0,50,0,0,0,1,0,0,0,-0.9938953072212839,-0.11032732337689327,-0.745093055724214,0.6669605223036468,0.4080683016949204,-0.9129514013088668,-0.97799575697159,-0.20862478123551537,-0.777375321590387,0.6290370492922037,-0.4306756033883254,0.9025068003323309,-0.2207863216638081,0.9753222032570393,-0.11108059403640383,0.9938114014381801,0.055626426102257626,-0.9984516516682669,0.9996128379698479,0.02782398544181939,1,0,0,0,99,3
1701925860,12,7,3,791,23.0,0.0,50,0,0,0,1,0,0,0,-0.6298411677363565,0.7767239557426453,-0.3341227650560155,0.9425295633938082,0.16951465512779687,-0.9855276666318933,-0.9963753476054827,-0.08506566101579052,-0.7365682795966001,0.676363193478256,-0.4022665823317567,0.9155225812284086,-0.20552058141654744,0.9786527936986663,-0.10331313154999636,0.9946488811883987,0.05172580986123544,-0.9986613242707456,0.9996652750472894,0.02587156478891824,1,0,0,0,99,0
1701925920,12,7,3,792,23.0,0.0,50,0,0,0,1,0,0,0,0.3132860367040136,0.9496588119984416,0.15865243143670757,0.9873344954974584,-0.07957859166428352,-0.9968285949694307,-0.9992068341863537,0.0398208803931389,-0.6928849542336957,0.7210481538680822,-0.3734647547841147,0.9276443698605846,-0.19020466626691288,0.9817444600965631,-0.0955393633625346,0.9954256526975189,0.04782440434799511,-0.998855758530109,0.9997138987055519,0.023919045443861007,1,0,0,0,99,0
1701925980,12,7,3,793,23.0,0.0,50,0,0,0,1,0,0,0,0.9683795037912949,0.24948173607886706,0.6125839795167406,0.7904055086089884,-0.32372402705932385,-0.9461515493326078,-0.9864460323131236,0.1640860302819716,-0.6464959279523841,0.7629174366476269,-0.34429824524122477,0.9388603295079697,-0.1748423153759271,0.9845964476647195,-0.08775976394476126,0.9961416685554118,0.04392226909318471,-0.9990349514795295,0.999758708759151,0.02196643485491553,1,0,0,0,99,0
1701926040,12,7,3,794,23.0,0.0,50,0,0,0,1,0,0,0,0.7331493210037495,-0.6800676974476445,0.916533604797894,0.3999576868572196,-0.54774187038366,-0.8366473829688406,-0.9582920700310633,0.28579067254824764,-0.5975823489075595,0.8018075431636471,-0.31479553430469187,0.9491595079763061,-0.15943727924123308,0.9872080601312739,-0.07997480812332723,0.9967968850601596,0.04001946363858728,-0.9991989003847431,0.9997997050371497,0.020013740470697712,1,0,0,0,99,1
1701926100,12,7,3,795,23.2,0.0,47,0,0,0,1,0,0,0,-0.1761349664233212,-0.9843660262336645,0.996083838397568,-0.08841372564917586,-0.7377037771521764,-0.6751245345678174,-0.9151842805052481,0.4030356469545731,-0.5463352235786316,0.8375666083824537,-0.28498543087107653,0.9585318482925994,-0.1439933187814639,0.9895786599084985,-0.07218497105181075,0.9973912622207242,0.03611604753621227,-0.9993476027440913,0.9998368873831599,0.018060969740143117,1,0,0,0,99,1
1701926160,12,7,3,796,23.2,0.0,47,0,0,0,1,0,0,0,-0.9234815780088051,-0.3836427701369688,0.8317580087191734,-0.5551383745801722,-0.8817988360675502,-0.47162571251991114,-0.857795346373455,0.5139913848889341,-0.49295467089331135,0.8700549939196184,-0.2548970440004961,0.9669681985255819,-0.12851420441806832,0.9917076682484567,-0.06439072818171633,0.997924763759387,0.03221208034738687,-0.9994810562885589,0.9998702556553423,0.016108130112478542,1,0,0,0,99,0
1701926220,12,7,3,797,23.2,0.0,47,0,0,0,1,0,0,0,-0.8217834856264904,0.5697998795643747,0.46378880993164623,-0.8859457882862739,-0.9710679142794992,-0.23880348794953357,-0.7870208027585845,0.6169264591709722,-0.43764914076748046,0.8991458333248762,-0.2245597544921215,0.9744603207224182,-0.11300371515481651,0.9935945653842965,-0.05659255523345575,0.998397357113964,0.02830762164184719,-0.9995992589818092,0.9998998097264068,0.014155229037193606,1,0,0,0,99,0
1701926280,12,7,3,798,23.2,0.0,47,0,0,0,1,0,0,0,0.03545855359210518,0.9993711477610087,-0.017732064727370864,-0.9998427745803359,-0.9999606928725588,0.008866380875648453,-0.703965062742588,0.7102346023940429,-0.38063460011273087,0.9247255274928996,-0.19400318619432566,0.9810008989529264,-0.09746563765521044,0.9952388906571443,-0.04879092816731252,0.9988090134397928,0.024402730996829252,-0.9997022090202143,0.9999255494836139,0.012202273964012331,1,0,0,0,99,1
1701926340,12,7,3,799,23.2,0.0,47,0,0,0,1,0,0,0,0.8601001621636173,0.51012519154235,-0.4949115115137503,-0.8689433789213052,-0.9666807588137113,0.25598498108160056,-0.6099241833697036,0.7924597721908666,-0.32213368949019705,0.9466941882653729,-0.163257177077498,0.98658354645346,-0.08190376531802432,0.9966402426285675,-0.04098632315439169,0.9991597076114928,0.020497467996159962,-0.9997899048328835,0.9999474748287741,0.01024927234286473,1,0,0,0,99,1
1701926460,12,7,3,801,23.2,0.0,47,0,0,0,1,0,0,0,0.1059275624303434,-0.9943738489710827,-0.9985924716747775,-0.05303843431379381,-0.7256164394202331,0.6880993989556328,-0.3949054323786691,0.9187217747924648,-0.2015914497288206,0.9794696970280563,-0.10131708388012287,0.9948541845486846,-0.0507238378443283,0.9987127175891686,-0.025370084852355874,0.99967812759637,0.012686063290674097,-0.9999195286612743,0.9999798819629508,0.006343159257249994,1,0,0,0,99,3
1701926520,12,7,3,802,23.2,0.0,47,0,0,0,1,0,0,0,-0.7795038357248097,-0.6263974537706143,-0.9017753195144049,0.4322051285150291,-0.5328202658894324,0.8462284350324767,-0.2772828564548513,0.9607883312760612,-0.14002083545661836,0.9901485573579505,-0.07018348324944229,0.9975340990056306,-0.03511339483992818,0.9993833346133081,-0.017559404697937788,0.9998458217678634,0.008780040778282644,-0.9999614546990957,0.9999903636283441,0.004390062693417029,1,0,0,0,99,2
1701926580,12,7,3,803,23.2,0.0,47,0,0,0,1,0,0,0,-0.9482630021806919,0.317485871646694,-0.5841721186231443,0.8116298022025479,-0.30689590889864604,0.9517430856598192,-0.15533337429570762,0.9878621071940706,-0.0779034428184317,0.9969609087607374,-0.038981349638401504,0.9992399383433234,-0.019494379403774662,0.9998099665294709,-0.009747652807961452,0.9999524905037916,0.004873884293271353,-0.999988122555411,0.9999970306344442,0.0024369493828292348,1,0,0,0,99,2
1701926640,12,7,3,804,23.2,0.0,47,0,0,0,1,0,0,0,-0.2451935375705356,0.9694741508331444,-0.12354320937804643,0.9923391937319478,-0.06189025071872073,0.9980829609135574,-0.030959966783271346,0.9995206253283515,-0.015481838903188173,0.9998801491499747,-0.00774115140096295,0.9999700368385982,-0.003870604694478365,0.9999925091815933,-0.0019353059714989746,0.9999981272936448,0.0009676534387822795,-0.9999995318233016,0.9999998829558185,0.0004838267760202487,1,0,0,0,99,5
1701926700,12,7,3,805,23.3,0.0,47,0,0,0,1,0,0,0,0.6833057347140384,0.7301323667027151,0.3673333862428549,0.9300893415964714,0.1869634434903367,0.9823668717939524,0.09389656065598893,0.9955819584027104,0.047000221261657885,0.9988948789544149,0.023506605939449195,0.9997236815626643,0.011754114967441826,0.9999309180045051,0.005877158986065068,0.9999827293519886,-0.0029385921809077266,-0.999995682328676,0.9999989205815865,-0.0014692976764408303,1,0,0,0,99,7
1701926760,12,7,3,806,23.3,0.0,47,0,0,0,1,0,0,0,0.9835768657283723,-0.18048974819626606,0.7682739577117872,0.6401211806383749,0.42419265632588754,0.9055719686028203,0.2172878636707302,0.9761075679972009,0.10929874656829122,0.9940089456330866,0.054731409478074984,0.9985011130772681,0.02737596503077039,0.9996252080348085,0.013689265232136597,0.9999062976186339,-0.0068447929612965195,-0.9999765741302729,0.999994143515419,-0.003422416523977862,1,0,0,0,99,9
1701926820,12,7,3,807,23.3,0.0,47,0,0,0,1,0,0,0,0.3795519623891559,-0.9251704209747201,0.9811142698418773,0.1934290296533588,0.6350476243348373,0.7724729864705169,0.337288462246697,0.9414013454607224,0.17117046260859023,0.9852414286510496,0.08590276872415237,0.996303525199788,0.042991131644863144,0.9990754539072082,0.021500535956015435,0.99976883675858,-0.010750889298566145,-0.9999422075196596,0.9999855517755393,-0.0053755223160360886,1,0,0,0,99,5
1701926880,12,7,3,808,23.3,0.0,47,0,0,0,1,0,0,0,-0.5734312647770955,-0.8192536753510116,0.953743591158287,-0.3006212938640479,0.8064184068658303,0.591345375451585,0.45202578717835057,0.8920048697881602,0.23237376165548454,0.9726265649744922,0.11699024537436405,0.9931330638374931,0.05859580259074419,0.9982817898362899,0.029310494397997367,0.999570355161729,-0.014656821590492326,-0.9998925830212285,0.9999731453947223,-0.007328607602110553,1,0,0,0,99,2
1701926940,12,7,3,809,23.3,0.0,47,0,0,0,1,0,0,0,-0.9992044316210529,0.03988112120852035,0.6928632183885503,-0.7210690401093782,0.9276499986819863,0.37345077312185454,0.5597094008850242,0.8286889564613054,0.29266964613595875,0.9562136153761107,0.14796348303532403,0.9889928248920997,0.07418616821180449,0.9972444095837538,0.03711866387847311,0.9993108649423746,-0.018562530237353908,-0.9998277013921886,0.9999569244202944,-0.009281664931774524,1,0,0,0,99,0
1701927060,12,7,3,811,23.3,0.0,47,0,0,0,1,0,0,0,0.4520795641768173,0.8919776161169622,-0.23240308074876903,-0.9726195597758053,0.9931313004270396,-0.11700521403808203,0.7473303198847489,0.6644527018388585,0.40960181772127274,0.9122644084471504,0.2094464031116906,0.9778201287678502,0.1053087632444465,0.9944395730178507,0.05272772981150123,0.9986089257106234,-0.026373038214970796,-0.9996521709351267,0.9999130389526698,-0.013187665920725705,1,0,0,0,99,2
1701927120,12,7,3,812,23.3,0.0,47,0,0,0,1,0,0,0,0.9948329140211382,0.10152572669136999,-0.6702515472972181,-0.742133992851483,0.9333097001669604,-0.35907242107165305,0.82433986348825,0.5660952123664124,0.46578148719844353,0.8848997718291073,0.23989604849902457,0.9707985815371557,0.12083339452081168,0.9926728014651041,0.060527673567121146,0.9981665195409792,-0.030277718366983942,-0.9995415247854836,0.9998853746268829,-0.015140594679806359,1,0,0,0,99,0
1701927180,12,7,3,813,23.3,0.0,47,0,0,0,1,0,0,0,0.6229414706214662,-0.7822684476443909,-0.9439990592273889,-0.3299481416492668,0.8154594231625713,-0.5788142441019974,0.8884858592296214,0.4589039964404334,0.5201422899359206,0.8540796205391021,0.2701114394661006,0.9628290659663069,0.13632852605689877,0.9906636830848062,0.06832392302551767,0.9976631904317224,-0.034181936518266696,-0.9994156268619484,0.9998538960423039,-0.01709346568212025,1,0,0,0,99,2
1701927240,12,7,3,814,23.3,0.0,47,0,0,0,1,0,0,0,-0.32167948802580176,-0.9468486188316789,-0.9866226783405293,0.16302052197242078,0.6469078288394643,-0.7625682008753121,0.938767330299503,0.34455173713441634,0.572471948162346,0.819924306608365,0.3000630711964028,0.953919364152014,0.15179037493857458,0.9884127083743951,0.07611600234380722,0.9970989691034674,-0.03808563309525359,-0.9992744790855682,0.9998186033190141,-0.01904627147805807,1,0,0,0,99,2
1701927300,12,7,3,815,23.1,0.0,50,0,0,0,1,0,0,0,-0.9705498088831128,-0.24090053648124807,-0.7876866561270567,0.6160760762757924,0.43813463896627003,-0.8989093603572588,0.9743996511589222,0.22482286320872838,0.6225661156822108,0.782567205806865,0.32972169642983384,0.9440781762668982,0.16721516637718872,0.9859204268770625,0.08390343593363005,0.9964738899933762,-0.04198874853233773,-0.9991180836100847,0.9997794965916447,-0.02099900461825926,1,0,0,0,99,0
1701927360,12,7,3,816,23.1,0.0,50,0,0,0,1,0,0,0,-0.7271011113730546,0.6865303881402984,-0.39589746896115763,0.9182947207025364,0.2021203593127912,-0.9793606896089245,0.9948267913584063,0.10158570369662134,0.6702291758433747,0.7421541968137826,0.3590583540221683,0.933315112063922,0.182599134631134,0.9831874470475918,0.09168574849017776,0.9957879912530557,-0.045891223272779696,-0.9989464428219001,0.9997365760093756,-0.022951657653640416,1,0,0,0,99,0
1701927420,12,7,3,817,23.1,0.0,50,0,0,0,1,0,0,0,0.1848409947348159,0.9827684400027525,0.09282122601336262,0.9956827908532798,-0.04646078532870562,-0.9989201146371215,0.9997299922071763,-0.02323666674545333,0.7152750054159076,0.6988430915643893,0.3880443972251183,0.9216406814926273,0.19793852392519834,0.9802144361038118,0.09946246502120343,0.9950413147462299,-0.04979299776961634,-0.998759559340042,0.9996898417359361,-0.024904223135423714,1,0,0,0,99,0
1701927480,12,7,3,818,23.1,0.0,50,0,0,0,1,0,0,0,0.926841142721418,0.3754537203955449,0.5588140476063818,0.8292929881518187,-0.29215322336762034,-0.9563715251281321,0.9890327408959049,-0.1476964367746696,0.7575277013993184,0.6528030189978178,0.4166515216593972,0.909066284436349,0.21322958936748326,0.9770021198637056,0.10723311087601266,0.9942339060461842,-0.05369401248656933,-0.9985574360161222,0.9996392939496032,-0.026856693615165312,1,0,0,0,99,0
1701927540,12,7,3,819,23.1,0.0,50,0,0,0,1,0,0,0,0.8167078184368716,-0.577051418249783,0.8879897010241118,0.4598633393467112,-0.5196809889986783,-0.8543603862968809,0.9629019644535162,-0.26985145330636917,0.7968222679200078,0.6042137646121738,0.44485179295346566,0.8956041995804211,0.22846859786366572,0.973551282568212,0.11499721177443387,0.9933658144329842,-0.05759420789895368,-0.9983400759342941,0.9995849328432012,-0.02880906164478378,1,0,0,0,99,2
1701927600,12,7,3,820,23.1,0.0,50,0,0,0,1,0,0,0,-0.044302907677458626,-0.9990181441652212,0.9997545059076306,-0.022156893225121342,-0.7148975077677644,-0.6992292566729738,0.9217454249067293,-0.3877955281633778,0.833005260536624,0.5532650684060137,0.4726176740209713,0.8812675724222507,0.24365182902837945,0.9698627666897649,0.12275429383576587,0.9924370928904676,-0.06149352449458594,-0.998107482411205,0.9995267586241013,-0.030761319776588504,1,0,0,0,99,0
1701927660,12,7,3,821,23.1,0.0,50,0,0,0,1,0,0,0,-0.86458174478646,-0.5024921955433742,0.8667445400876126,-0.49875234558677806,-0.8656651620536597,-0.500623438531009,0.8662053562900108,-0.4996881835049689,0.8659353854373226,0.5001558839477104,0.49992205195024636,0.8660704024349609,0.25877557609349366,0.9659374727266152,0.13050388360770113,0.9914477981030103,-0.06539190277469237,-0.9978596589959458,0.9994647715142204,-0.032713460563308094,1,0,0,0,99,0
1701927720,12,7,3,822,23.1,0.0,50,0,0,0,1,0,0,0,-0.889968112961789,0.4560227602995627,0.5215252820815293,-0.8532358291526332,-0.9626099493441341,-0.2708912797114064,0.7971484427982678,-0.6037833718680043,0.8954840511890774,0.4450936014660263,0.5267382644796055,0.8500275293971443,0.2738361468130674,0.9617763589829874,0.13824550809522282,0.9903979904520676,-0.06928928325481673,-0.9975966094699971,0.9993989717500206,-0.03466547655811879,1,0,0,0,99,1
1701927780,12,7,3,823,23.1,0.0,50,0,0,0,1,0,0,0,-0.09712190237828329,0.9952724933797895,0.04861844619180287,-0.9988174241020702,-0.9997043123099125,-0.02431641315993991,0.7156522944698563,-0.6984567226536158,0.9215358708844751,0.3882932379957087,0.5530401260325923,0.8331546189020705,0.28882986436475844,0.9573804413351232,0.145978694789474,0.9892877340124872,-0.073185606465728,-0.9973183378471708,0.9993293595825079,-0.03661736031467289,1,0,0,0,99,1
1701927840,12,7,3,824,23.1,0.0,50,0,0,0,1,0,0,0,0.7850177373512154,0.6194732859809036,-0.43619188095326605,-0.8998536786558422,-0.97464190312541,0.22377033018717848,0.6229886314423488,-0.7822308898871159,0.9439891127251193,0.32997659774057014,0.5788019532877502,0.8154681470604999,0.3037530682474665,0.95275079298327,0.15370297169659722,0.9881170965485999,-0.07708081295432778,-0.9970248483735498,0.9992559352772317,-0.03856910438712712,1,0,0,0,99,0
1701927900,12,7,3,825,22.8,0.0,48,0,0,0,1,0,0,0,0.945415689654786,-0.3258668037013981,-0.8142072229172983,-0.5805743691804702,-0.8889809810059128,0.45794411821723935,0.5206034391851252,-0.8537986057078213,0.9627560972821261,0.27037140593281933,0.6039985902579494,0.7969853844120416,0.31860211517499254,0.9478885441896746,0.16141786736654243,0.9868861495100827,-0.0809748432845575,-0.9967161455274222,0.9991786991142831,-0.040520701330171084,1,0,0,0,99,0
1701927960,12,7,3,826,22.8,0.0,48,0,0,0,1,0,0,0,0.23660281689758147,-0.9716064568723952,-0.9928762402415507,-0.11915020589072603,-0.7480475271968774,0.6636451589928438,0.4100944043797453,-0.9120430798467921,0.9777635398824176,0.2097104195709025,0.6286054328547828,0.7777243790607642,0.3333733799654944,0.9427948820026454,0.16912291092184195,0.9855949680275984,-0.08486763803830527,-0.9963922340192135,0.9990976513882949,-0.04247214369905562,1,0,0,0,99,2
1701928020,12,7,3,827,22.8,0.0,48,0,0,0,1,0,0,0,-0.6897415945654649,-0.7240556143876586,-0.9284545261852243,0.3714460833097728,-0.560604101256059,0.8280839580953651,0.2931859835536437,-0.9560554267654583,0.9889528367838019,0.1482305185084059,0.652598452914039,0.7577039390515289,0.3480632564265231,0.937471049966752,0.17681763208635048,0.9842436309082097,-0.08875913781631264,-0.9960531187914151,0.9990127924084393,-0.04442342404962123,1,0,0,0,99,1
1701928080,12,7,3,828,22.8,0.0,48,0,0,0,1,0,0,0,-0.981940764891358,0.18918862081154605,-0.6367147631351318,0.7710994166809965,-0.3383050275409778,0.9410365074429887,0.17170249351277814,-0.9851488485104646,0.9962802940213323,0.08617178044329644,0.6759542216587983,0.7369436140042521,0.36266815823542314,0.9319183478192314,0.18450156121394817,0.9828322206305692,-0.09264928323908087,-0.9956988050185078,0.9989241224984278,-0.04637453493832645,1,0,0,0,99,1
1701928140,12,7,3,829,22.8,0.0,48,0,0,0,1,0,0,0,-0.3713481244279862,0.9284937105246416,-0.1890850198658773,0.981960719816389,-0.09497178576717145,0.9954799645940617,0.04753964348803124,-0.9988693519660271,0.9997172980313053,0.02377654341964911,0.6986499325772353,0.7154636760240345,0.37718451981488155,0.9261381311726762,0.1921742293172055,0.9813608233398856,-0.09653801494777697,-0.9953292981068842,0.9988316419965089,-0.048325468922276286,1,0,0,0,99,0
1701928200,12,7,3,830,22.8,0.0,48,0,0,0,1,0,0,0,0.5806602690748583,0.8141459647495117,0.30483933083715453,0.9524037916633658,0.15426634165726855,0.9880292990755299,-0.07736504677330103,-0.9970028332646628,0.9992504273866143,-0.038711540497229205,0.7206634236927906,0.693285099905793,0.3916087972034126,0.9201318111840806,0.19983516809600785,0.9798295288426657,-0.10042527360513957,-0.9949446036947649,0.9987353512554678,-0.050276218559250574,1,0,0,0,99,1
1701928260,12,7,3,831,22.8,0.0,48,0,0,0,1,0,0,0,0.998812289042307,-0.04872382638983685,0.7241283817079113,0.6896651990676937,0.39391293513434306,0.9191477571826234,-0.20106248135514565,-0.9795784188064331,0.994881505207136,-0.10104845667690049,0.7419731992049647,0.6704295426527308,0.4059374689205649,0.913900854210327,0.20748390996613808,0.978238430601233,-0.10431099989638418,-0.9945447276521134,0.9986352506426242,-0.05222677640773236,1,0,0,0,99,0
1701928320,12,7,3,832,22.8,0.0,48,0,0,0,1,0,0,0,0.49866089672312836,-0.8667971562478072,0.9661255498763625,0.25807251282555527,0.6090679301910603,0.7931180595679168,-0.32162240316253093,-0.9468680107512125,0.9866275920404853,-0.16299078079570548,0.7625584504796027,0.6469193223286404,0.4201670368266409,0.9074467814501962,0.21511998808781552,0.9765876257280235,-0.10819513453010837,-0.9941296760805463,0.9985313405398316,-0.05417713502693632,1,0,0,0,99,0
1701928380,12,7,3,833,22.8,0.0,48,0,0,0,1,0,0,0,-0.459957024350746,-0.887941178091436,0.9715814886285751,-0.23670532514981996,0.7863540313210774,0.617776122414172,-0.43716351493796235,-0.8993820440764236,0.9745209192409426,-0.22429662940353828,0.7823990763681723,0.6227773962646933,0.43429402697671693,0.9007711685729881,0.22274293639418943,0.9748772149796578,-0.11207761823919644,-0.9936994553132396,0.9984236213434755,-0.05612728697683714,1,0,0,0,99,0
1701928440,12,7,3,834,22.8,0.0,48,0,0,0,1,0,0,0,-0.9956925784370406,-0.09271617574834355,0.7391603938754915,-0.6735294441417006,0.9147484474274064,0.4040238581187374,-0.5458828362759094,-0.8378615214099336,0.958608763106705,-0.2847266044735426,0.8014757028361941,0.5980273386419961,0.4483149904687573,0.8938756453338451,0.2303522896197853,0.9731073027507925,-0.11595839178172378,-0.9932540719148331,0.9983120934644719,-0.05807722481819786,1,0,0,0,99,0
1701928500,12,7,3,835,23.3,0.0,49,0,0,0,1,0,0,0,-0.6159929677799073,0.7877516509952246,0.32576705558172653,-0.9454500650471247,0.9862682355848039,0.1651513471832357,-0.6460838385290117,-0.7632664499318819,0.9389532602669532,-0.3440447282462835,0.8197697018816575,0.5726933174718021,0.4622265042856143,0.8867618951758702,0.23794758332890228,0.9712779970677474,-0.11983739594186077,-0.9927935326813293,0.9981967573282657,-0.0600269411125983,1,0,0,0,99,0
1701928560,12,7,3,836,23.3,0.0,49,0,0,0,1,0,0,0,0.3300477366569554,0.9439642427166514,-0.1673854194417015,-0.9858915363052498,0.9964666417661079,-0.08398947462256867,-0.7362029185702026,-0.6767608607837156,0.9156311650396451,-0.40201936471784816,0.837263209724949,0.5468000709958585,0.4760251721307086,0.879431654819139,0.24552835394396,0.9693894095819128,-0.12371457153077643,-0.9923178446399905,0.9980776133748294,-0.061976428422463405,1,0,0,0,99,1
1701928620,12,7,3,837,23.3,0.0,49,0,0,0,1,0,0,0,0.9726440741045344,0.23230046299853344,-0.6195561060152125,-0.7849523753064683,0.9447095784701424,-0.32790823769275124,-0.8148337982965457,-0.5796946447515489,0.8887335497075456,-0.45842412417348366,0.8539391442525291,0.5203728835299339,0.48970762525718653,0.8718867138367042,0.2530941387737928,0.9674416555629348,-0.12758985938754153,-0.991827015049231,0.9979546620586606,-0.06392567931109164,1,0,0,0,99,0
1701928680,12,7,3,838,23.3,0.0,49,0,0,0,1,0,0,0,0.7209959353983679,-0.6929392910919632,-0.9200378500616057,-0.39182949666151784,0.8342150492113882,-0.5514392547409379,-0.8807494691286899,-0.4735824876719271,0.8583654488829123,-0.513038747234589,0.8697812216973269,0.49343756077411205,0.5032705232903513,0.8641289142176971,0.26064447604189017,0.9654348538916795,-0.1314632003800313,-0.9913210513985062,0.9978279038487815,-0.0658746863426833,1,0,0,0,99,1
1701928740,12,7,3,839,23.3,0.0,49,0,0,0,1,0,0,0,-0.19353254126994537,-0.981093856605777,-0.9952622409711365,0.09722690829760817,0.6718530686475994,-0.7406844497819596,-0.9329213390693665,-0.3600802342659484,0.8246454493495821,-0.565649964966874,0.8847739725395617,0.46602040461396427,0.5167105550431671,0.856160149917632,0.2681789049145812,0.9633691270529775,-0.13533453540582766,-0.990799961408199,0.997697339228736,-0.067823442082369,1,0,0,0,99,1
1701928860,12,7,3,841,23.3,0.0,49,0,0,0,1,0,0,0,-0.8115681644677003,0.5842577465661262,-0.45592886146518175,0.890016220797724,0.23450349592519504,-0.972115276291275,-0.9930043495099291,-0.11807777883396382,0.7476890325643288,-0.6640490272434846,0.9121537773981656,0.4098481259909062,0.5432089257408671,0.8395975601414365,0.28319819902196014,0.9590614057873031,-0.14307095130161257,-0.9897124344442944,0.9974247927649218,-0.07172016995136608,1,0,0,0,99,2
1701928920,12,7,3,842,23.3,0.0,49,0,0,0,1,0,0,0,0.0531437907535685,0.9985868702843739,0.02658128773805108,0.9996466551448001,-0.013291818069772856,-0.999911659884212,-0.9999779147271733,0.00664605581484232,0.7047531284730695,-0.7094526255553792,0.9245140954997331,0.38114785480481245,0.5562607954885853,0.831007778184059,0.290682147556348,0.956819674281434,-0.14693591412341295,-0.9891460140650201,0.9972828119608349,-0.07366812721584506,1,0,0,0,99,2
1701928980,12,7,3,843,23.3,0.0,49,0,0,0,1,0,0,0,0.8689955898411542,0.49481983068246604,0.5025834106481898,0.8645287244165072,-0.2602607111950369,-0.9655383794589698,-0.9913471590363715,0.13126618098548876,0.6590651784969797,-0.752085826546907,0.9359716412763015,0.3520753992066848,0.5691768621409847,0.8222151175959624,0.2981483543506802,0.9545195434342774,-0.15079863488394496,-0.9885645005345572,0.9971370268259416,-0.07561580345880992,1,0,0,0,99,2
1701929040,12,7,3,844,23.3,0.0,49,0,0,0,1,0,0,0,0.8858968512072711,-0.4638822792703361,0.8555355864224282,0.5177440104577087,-0.491047853850463,-0.8711325991081119,-0.9672467624934477,0.2538379413049674,0.6108035931029845,-0.7917821484805551,0.9465152266288576,0.3226591479560474,0.5819539724256346,0.813221724979125,0.3055963637061761,0.9521611536339647,-0.15465905464284221,-0.9879679027260867,0.9969874379163678,-0.07756319125046778,1,0,0,0,99,2
1701929100,12,7,3,845,23.1,0.0,50,0,0,0,1,0,0,0,0.08830863309607147,-0.996093160964728,0.9990228127937639,0.04419750578523661,-0.6913040193050968,-0.722564013006888,-0.9280528037258677,0.3724486454486792,0.5601568327492403,-0.8283865780686814,0.9561345559252321,0.29292782552304464,0.5945890069943084,0.8040297959413708,0.3130257210347332,0.949744648824454,-0.15851711449484884,-0.987356229742957,0.9968340458027497,-0.07951028316212612,1,0,0,0,99,0
1701929160,12,7,3,846,23.1,0.0,50,0,0,0,1,0,0,0,-0.7904701350275293,-0.6125005841871171,0.8979144124545271,-0.44017008974536365,-0.8485782491159444,-0.5290698962588196,-0.8743768913514411,0.4852474130488386,0.5073226719510776,-0.8617561757970866,0.9648202360536098,0.26291046403948376,0.6070788811845279,0.7946415745603435,0.3204359728866724,0.9472701764967436,-0.16237275557071826,-0.9867294909185454,0.9966768510702316,-0.0814570717662211,1,0,0,0,99,1
1701929220,12,7,3,847,23.1,0.0,50,0,0,0,1,0,0,0,-0.9424943064466191,0.334222205000964,0.5769652480865013,-0.8167686958377396,-0.9530919934187202,-0.30268077586977704,-0.8070566200303969,0.5904740570635695,0.4525074269757517,-0.8917606341007573,0.9725637855947438,0.23263637494945058,0.6194205457726396,0.7850593528356472,0.3278266669784146,0.9447378876798705,-0.16622591903811135,-0.9860876958161151,0.9965158543184637,-0.08340354963634594,1,0,0,0,99,0
1701929280,12,7,3,848,23.1,0.0,50,0,0,0,1,0,0,0,-0.22799355905387356,0.9736626402558269,0.1147548686204055,-0.9933938393849207,-0.9983470937967718,-0.057472430847665464,-0.7271425000808527,0.6864865509069841,0.39592515018183416,-0.9182827862121189,0.979357643103917,0.20213512038718198,0.6316109877182386,0.775285470129288,0.33519735222008545,0.9421479369316923,-0.1700765461024943,-0.9854308542286699,0.9963510561615996,-0.08534970934727917,1,0,0,0,99,2
1701929340,12,7,3,849,23.1,0.0,50,0,0,0,1,0,0,0,0.6961234150868356,0.7179221343348046,-0.3755515048999241,-0.9268015252293246,-0.9815298072981087,0.1913092715613588,-0.6358815646166514,0.7717866517248658,0.33779679414933333,-0.9412190636947558,0.9851951744945658,0.17143648431014344,0.6436472308997595,0.7653223125945511,0.3425475787430477,0.9395004823294534,-0.17392457800803576,-0.9847589761788043,0.9961824572282941,-0.08729554347501305,1,0,0,0,99,1
1701929460,12,7,3,851,23.1,0.0,50,0,0,0,1,0,0,0,0.36311519237705925,-0.9317442551821671,-0.9827879362258592,-0.1847373064892862,-0.7696548923021558,0.6384601371701736,-0.42517047335735014,0.90511329046981,0.21781495532927705,-0.9759900845986629,0.9939793973213586,0.10956713786837996,0.6672454054287748,0.7448379481029347,0.3571848624291526,0.9340337114106039,-0.1816126215181589,-0.9833701519292224,0.9958338596194705,-0.09118620529108992,1,0,0,0,99,0
1701929520,12,7,3,852,23.1,0.0,50,0,0,0,1,0,0,0,-0.5878437802601598,-0.8089744680825501,-0.9510453375319575,0.3090513969532009,-0.5877706198198406,0.8090276252864301,-0.30900839366720273,0.9510593107915064,0.15642999905467883,-0.9876890479274097,0.9969175111129831,0.07845684187051573,0.6788015756204033,0.7343217421098587,0.3644710262079424,0.9312147287575134,-0.1854525158126556,-0.9826532269212557,0.9956538622737461,-0.09313101813774066,1,0,0,0,99,0
1701929580,12,7,3,853,23.1,0.0,50,0,0,0,1,0,0,0,-0.9983418923066761,0.057562714195259816,-0.6864536713445198,0.7271735398772633,-0.369341617017861,0.9292936941240006,-0.18802434134441126,0.982164368658322,0.0944341869814051,-0.9955311066607416,0.9988821518729679,0.04726993409799893,0.6901920261427253,0.7236262619950988,0.3717349445538455,0.9283389095570375,-0.18928958032993062,-0.9819213078340436,0.9954700668111632,-0.09507547571786411,1,0,0,0,99,0
1701929640,12,7,3,854,23.1,0.0,50,0,0,0,1,0,0,0,-0.49096907265595835,0.8711770025060053,-0.2537942055031938,0.9672582391755589,-0.12794874134676187,0.9917807820218032,-0.06410623206130915,0.9979430800456014,0.032069611428879305,-0.9994856377271265,0.9998714011629511,0.016036868037019116,0.701413976180608,0.7127541189067303,0.3789761741147256,0.9254064293343575,-0.19312375652110036,-0.9811744058357712,0.9952824739328456,-0.09701957061394559,1,0,0,0,99,2
1701929700,12,7,3,855,23.0,0.0,48,0,0,0,1,0,0,0,0.46779844817476307,0.8838351723513177,0.24100293322767077,0.9705243872132523,0.12139936735162113,0.9926037445056441,0.06081223353222533,0.9981492234394725,-0.030420195269980223,-0.9995371987673777,0.9998842929977892,-0.01521185775344882,0.7124646860558945,0.7017079671225599,0.38619427292325303,0.9224174670729517,-0.1969549858813535,-0.980412532323244,0.9950910843544032,-0.09896329540985399,1,0,0,0,99,1
1701929760,12,7,3,856,23.0,0.0,48,0,0,0,1,0,0,0,0.9964742331166823,0.08389936075155806,0.6767941486332613,0.7361723170398212,0.36319945137636067,0.9317114137542325,0.18478174456066745,0.9827795820412206,-0.09279121175730869,-0.9956855884367365,0.9989208147888241,-0.046445729422969886,0.7233414578962587,0.6904905034021214,0.39338880042387997,0.9193722052036709,-0.20078320995084364,-0.9796356989217142,0.9948958988059289,-0.10090664269087,1,0,0,0,99,5
1701929820,12,7,3,857,23.0,0.0,48,0,0,0,1,0,0,0,0.6089962036074962,-0.7931731362014582,0.9468825524323115,0.32157958874790366,0.5824175526424733,0.8128897799664797,0.3058677982670947,0.9520739939643557,-0.15479988054847518,-0.987945847191119,0.9969819073561764,-0.07763424762590612,0.7340416362938502,0.6791044663283013,0.4005593174997298,0.9162708295936036,-0.2046083703155816,-0.9788439174847039,0.9946969180319963,-0.10284960504371443,1,0,0,0,99,5
1701929880,12,7,3,858,23.0,0.0,48,0,0,0,1,0,0,0,-0.33839012696853565,-0.941005909636182,0.9851410837124249,-0.17174703834974567,0.7654237513788508,0.6435265968280777,0.4221808872816973,0.9065116096410674,-0.21620405911884805,-0.9763481985544571,0.9940694640100503,-0.10874695730351001,0.7445626089535755,0.6675526356387524,0.4077053864993983,0.9131135295347322,-0.2084304086083264,-0.9780372000938237,0.9944941427916566,-0.10479217505657644,1,0,0,0,99,5
1701929940,12,7,3,859,23.0,0.0,48,0,0,0,1,0,0,0,-0.9746621353757209,-0.2236821894224926,0.7822027197033045,-0.6230240005720115,0.9008396085241843,0.4341520467693251,0.531905984752322,0.8468034148399867,-0.2767639654651715,-0.9609379310964852,0.9901863287019482,-0.13975347742277255,0.7549018073308517,0.6558378315472612,0.41482657126366607,0.9099004977323788,-0.21224926650947612,-0.9772155590585884,0.9942875738584357,-0.10673434531914189,1,0,0,0,99,2
1701930060,12,7,3,861,23.0,0.0,48,0,0,0,1,0,0,0,0.20220892507028168,0.9793424072416762,-0.10163068620826037,-0.9948221969884056,0.998704710359475,-0.050881249058933195,0.7248728333504206,0.6888827008065549,-0.39440924126688837,-0.9189348999811017,0.9795240936243227,-0.2013269728810552,0.7750248295638841,0.631930782253462,0.4289925510696765,0.9033080267144376,-0.219877208102116,-0.9755275564315028,0.9938630580798098,-0.11061745695977931,1,0,0,0,99,1
1701930120,12,7,3,862,23.0,0.0,48,0,0,0,1,0,0,0,0.9333421683683805,0.35898801755129633,-0.5661324855759046,-0.824314265784384,0.9550691770192314,-0.2963829737144291,0.8051034013449543,0.5931344814987454,-0.45103520843790823,-0.8925061572613225,0.9727554053464115,-0.2318338227466793,0.7848037406723669,0.619744373614364,0.43603648149302604,0.8999289898693018,-0.22368617540060243,-0.9746612205964957,0.9936451128538035,-0.11255838352496064,1,0,0,0,99,2
1701930180,12,7,3,863,23.0,0.0,48,0,0,0,1,0,0,0,0.8063649263965292,-0.591418299917681,-0.8920253079138734,-0.4519854533512771,0.8520520680543171,-0.5234570405719665,0.8727706000353033,0.4881305969861106,-0.505899892772221,-0.8625921970972467,0.965036837923104,-0.26211429081867443,0.7943910532032301,0.6074066632748301,0.44305379849696014,0.8964950259970297,-0.2274917295232623,-0.9737800126304271,0.9934233771737071,-0.11449888071412062,1,0,0,0,99,2
1701930240,12,7,3,864,23.0,0.0,48,0,0,0,1,0,0,0,-0.06198051016190544,-0.9980773599075725,-0.9995192244043064,0.03100516160599342,0.6960584883449115,-0.7179850839697136,0.926818505417785,0.3755095977670121,-0.5587890488516163,-0.8293098328631502,0.956375928404503,-0.2921388087338362,0.8037844265516209,0.594920663309892,0.4500440737806176,0.8930063446890767,-0.23129381240202182,-0.9728839459794464,0.9931978518853749,-0.11643894112485227,1,0,0,0,99,4
1701930300,12,7,3,865,22.7,0.0,49,0,0,0,1,0,0,0,-0.8733413515152515,-0.48710869806801216,-0.8622959753089459,0.5064046316593026,0.49678736313472055,-0.8678722923504651,0.9664037180056959,0.2570288968671955,-0.6094961456534423,-0.7927890314791178,0.9467811340217753,-0.32187805805994457,0.812981567460156,0.582289421997367,0.4570068806936243,0.8894631588765683,-0.23509236602177414,-0.971973034316428,0.9929685378491173,-0.11837855735641478,1,0,0,0,99,2
1701930360,12,7,3,866,22.7,0.0,49,0,0,0,1,0,0,0,-0.8817561819054704,0.4717054543584236,-0.5139525978344581,0.8578185864034492,0.2666284058353037,-0.9637994050640022,0.9909085237962186,0.13453734599730627,-0.6578231730498302,-0.7531724058930022,0.9362618239288095,-0.3513029989247159,0.8219802305787883,0.5695160230736639,0.4639417942621338,0.8858656848173045,-0.2388873324212645,-0.9710472915407634,0.9927354359396977,-0.1203177220097618,1,0,0,0,99,3
1701930420,12,7,3,867,22.7,0.0,49,0,0,0,1,0,0,0,-0.07948844507877358,0.9968357874288818,-0.03977569968660647,0.9992086337269314,0.019891785654744882,-0.9998021388572169,0.9999505334908365,0.009946384840309288,-0.7035814150330049,-0.710614658179913,0.9248282700533956,-0.3803848983727449,0.8307782190129761,0.5566035849809338,0.4708483912147658,0.8822141420825597,-0.2426786536939748,-0.9701067317781481,0.992498547046329,-0.12225642768756957,1,0,0,0,99,0
1701930480,12,7,3,868,22.7,0.0,49,0,0,0,1,0,0,0,0.7958606015736018,0.6054798946809916,0.4441396769705497,0.8959575588946699,-0.22808160941352784,-0.9736420181192547,0.9933886495524434,-0.1147997863254662,-0.7465921866472573,-0.665281975433926,0.9124916370668626,-0.4090953584227484,0.8393733848600241,0.5435552601057465,0.4777262500084402,0.8785087535436817,-0.24646627198900695,-0.9691513693803672,0.9922578720726702,-0.1241946669942652,1,0,0,0,99,2
1701930540,12,7,3,869,22.7,0.0,49,0,0,0,1,0,0,0,0.9394990814384173,-0.3425514209230055,0.8193141707925615,0.5733448260327263,-0.4618739947037902,-0.886945552453116,0.9713252679852192,-0.23775454522141526,-0.7866875317498732,-0.6173513808110357,0.8992639714819658,-0.4374063437977119,0.8477636297334629,0.5303742340094812,0.4845749508541061,0.8747497453584886,-0.2502501295119659,-0.9681812189250751,0.9920134119368234,-0.12613243253605483,1,0,0,0,99,1
1701930660,12,7,3,871,22.7,0.0,49,0,0,0,1,0,0,0,-0.7024506962803134,-0.7117324070852071,0.9251303711059342,-0.37964957060083243,-0.8305569127401302,-0.5569337615009381,0.8823077018537632,-0.4706730492066982,-0.8575176526482409,-0.5144545416231165,0.8701880663463262,-0.4927197268107314,0.863921213656295,0.503626981599114,0.4981832084689758,0.8670717910297607,-0.25780633135188835,-0.9661966132805891,0.9915131399231654,-0.13000651275880537,1,0,0,0,99,4
1701930720,12,7,3,872,22.7,0.0,49,0,0,0,1,0,0,0,-0.9784379004686174,0.206541218468769,0.6298645812915785,-0.7767049692350272,-0.9425245273294025,-0.33413697099017103,0.8167426066363169,-0.577002178942952,-0.8879758383376634,-0.4598901070131037,0.8543682189235223,-0.5196681118689583,0.8716846080633058,0.49006728524307847,0.5049419346602744,0.8631533135089845,-0.26157856037050853,-0.9651821883740356,0.99125732995374,-0.13194281266132774,1,0,0,0,99,1
1701930780,12,7,3,873,22.7,0.0,49,0,0,0,1,0,0,0,-0.35485381126363746,0.9349218002761893,0.18038597468180656,-0.9835959028676841,-0.9958905318526942,-0.09056516198935413,0.7384325162089472,-0.6743273826601757,-0.9149664973812363,-0.4035298113769442,0.8377140954338014,-0.5461090498348548,0.8792351931749703,0.4763879459879024,0.511669841798448,0.859182153558808,-0.26534679802212796,-0.9641530359747896,0.9909977386388905,-0.13387860924212341,1,0,0,0,99,3
1701930840,12,7,3,874,22.7,0.0,49,0,0,0,1,0,0,0,0.5949812355249355,0.8037395905224659,-0.31325740971087507,-0.9496682553719656,-0.9873368866227894,0.15863755013872718,0.6485994333412853,-0.7611299331056187,-0.9383842318329999,-0.34559374046297575,0.820241958346126,-0.572016721581207,0.8865711256242239,0.4625923034480756,0.518366519246722,0.8551585535583667,-0.26911098680807644,-0.9631091717864508,0.9907343669688791,-0.13581389511671688,1,0,0,0,99,3
1701930900,12,7,3,875,22.9,0.0,49,0,0,0,1,0,0,0,0.9977932782684322,-0.06639709212258378,-0.7302044549722303,-0.6832286981228965,-0.9173954158711761,0.39797694774767006,0.5486451732460288,-0.8360553055114447,-0.9581375959410644,-0.286308133388274,0.8019688689058553,-0.597365828706215,0.8936906144483714,0.448683725631867,0.5250315582744208,0.8510827590874659,-0.2728710692914642,-0.9620506117371024,0.9904672159483883,-0.13774866290258067,1,0,0,0,99,4
1701930960,12,7,3,876,22.9,0.0,49,0,0,0,1,0,0,0,0.48323878253139313,-0.8754885944760086,-0.9683719828857112,-0.24951092713946563,-0.7904147414931815,0.6125720663156844,0.44012948872139646,-0.8979343145007,-0.9741494532413135,-0.22590449917974179,0.7829126704747286,-0.6221316182369524,0.9005919215263238,0.4346656081190733,0.531664552081915,0.8469550189115929,-0.2766269880980588,-0.9609773719790682,0.9901962865965183,-0.1396829052191638,1,0,0,0,99,5
1701931020,12,7,3,877,22.9,0.0,49,0,0,0,1,0,0,0,-0.47560322129518384,-0.8796599205907044,-0.969448276235175,0.2452958208055078,-0.6142899068007273,0.7890804207447767,0.3247457307303849,-0.945801358834078,-0.9863572777736468,-0.1646187127363138,0.7630919711071247,-0.6462899068002247,0.907273362002937,0.4205413732320373,0.5382650958254505,0.8427755849667328,-0.28037868591716025,-0.9598894688886666,0.9899215799467821,-0.1416166146879197,1,0,0,0,99,2
1701931080,12,7,3,878,22.9,0.0,49,0,0,0,1,0,0,0,-0.997177816819599,-0.07507597247387601,-0.73316982087163,0.6800455968264643,-0.3999715009682163,0.9165275764608679,0.20429442422534697,-0.9789094892943034,-0.9947133982445153,-0.1026900937425236,0.7425261253796137,-0.6698171042372225,0.9137333047003438,0.4063144692001366,0.5448327866418574,0.838544712343992,-0.2841261055024758,-0.9587869190659601,0.9896430970471022,-0.14354978393233453,1,0,0,0,99,3
1701931140,12,7,3,879,22.9,0.0,49,0,0,0,1,0,0,0,-0.6019517262811898,0.798532478504848,-0.31738582316728636,0.9482964933249642,-0.16078480443598475,0.9869894866017986,0.08065517155831149,-0.9967420645788455,-0.999185184182303,-0.0403604721302572,0.7212352154915403,-0.6926902366389116,0.9199701725161832,0.3919883693179482,0.5513672236731395,0.8342626592740287,-0.287869189672993,-0.9576697393345027,0.9893608389598061,-0.1454824055779552,1,0,0,0,99,2
1701931260,12,7,3,881,22.9,0.0,49,0,0,0,1,0,0,0,0.9766038345872008,0.21504639097082145,0.62647969202089,0.7794377431747905,0.33208602562077905,0.9432491036769636,-0.16845013553428265,-0.9857101763898362,-0.9964211399779302,0.08452758014448271,0.676562051794038,-0.7363856259272321,0.9317686477681121,0.36305259541336976,0.5643347431208848,0.8255460603180691,-0.29534212337722077,-0.9553915585554619,0.9887850015436778,-0.14934597658547438,1,0,0,0,99,1
1701931320,12,7,3,882,22.9,0.0,49,0,0,0,1,0,0,0,0.7086166021367329,-0.7055937295471035,0.9234700129260028,0.3836706077176726,0.5551258381134531,0.8317663757683622,-0.2900289849580881,-0.9570178618417637,-0.9891961033692368,0.14659832563545244,0.653223420570844,-0.757165215007746,0.9373273747756826,0.3484499856451812,0.5707670340667981,0.8211120464483459,-0.29907185888315707,-0.9542305922701142,0.9884914244114903,-0.15127691120902387,1,0,0,0,99,2
1701931380,12,7,3,883,22.9,0.0,49,0,0,0,1,0,0,0,-0.21086946636535486,-0.9775142291316227,0.9943626675241842,-0.10603247348896787,0.7436506147005353,0.6685684432094563,-0.4070820290743278,-0.9133916036425604,-0.9781082771458793,0.20809660780204897,0.6292469277628422,-0.777205445105105,0.9426572667478634,0.33376230681047175,0.5771644883347936,0.8166279161314753,-0.302797030920487,-0.9530550655999567,0.9881940764849677,-0.15320726875713725,1,0,0,0,99,4
1701931440,12,7,3,884,22.9,0.0,49,0,0,0,1,0,0,0,-0.9364831199655037,-0.35071265449036204,0.8218006615020342,-0.5697751071737155,0.8859387978787574,0.4638021630104179,-0.5177826942789717,-0.855512174960245,-0.9632009590319782,0.2687822771684872,0.6046559860083719,-0.7964867472747074,0.9477570224679708,0.31899314469537793,0.5835267154572368,0.8120939430556596,-0.3065175826476683,-0.9518649964820798,0.9878929588984021,-0.1551370418660872,1,0,0,0,99,4
1701931500,12,7,3,885,22.8,0.0,49,0,0,0,1,0,0,0,-0.8010985118825479,0.5985325172950651,0.44803319224413213,-0.894016923020774,0.9731435975797134,0.2301989107046621,-0.6204035337162974,-0.7842827649211291,-0.9445323617857487,0.3284183574945765,0.5794746079447414,-0.8149902936521933,0.9526253969037864,0.3041461049790106,0.5898533271165762,0.8075104039512465,-0.3102334572936593,-0.9506604030754743,0.9875880728004653,-0.15706622317437588,1,0,0,0,99,5
1701931560,12,7,3,886,22.8,0.0,49,0,0,0,1,0,0,0,0.07081237357015184,0.9974896529535338,-0.035428428178979524,-0.9993722161821225,0.999843041727581,-0.01771699491840461,-0.7133431835093137,-0.7008148846455801,-0.9221753858799258,0.38677197116286743,0.553727382760295,-0.8326980158385354,0.9572612015115142,0.2892248123531802,0.5961439371690447,0.8028775785738385,-0.31394459815878467,-0.9494413037607534,0.9872794193542053,-0.15899480532276297,1,0,0,0,99,6
1701931620,12,7,3,887,22.8,0.0,49,0,0,0,1,0,0,0,0.8776186893304462,0.47935940184574444,-0.510215933774248,-0.8600463364975588,0.9643770882019022,-0.2645313436083153,-0.795151351507471,-0.6064110224887427,-0.8962173348269779,0.4436152485607643,0.527439452183488,-0.8495926225435236,0.9616633045259457,0.27423290963747987,0.6023981616682276,0.798195749687218,-0.3176509486156007,-0.9482077171398727,0.986966999737041,-0.16092278095429377,1,0,0,0,99,4
1701931680,12,7,3,888,22.8,0.0,49,0,0,0,1,0,0,0,0.8775464294662774,-0.479491672639878,-0.8600847843788071,-0.510151118473792,0.8689508382163492,-0.49489841458940237,-0.8645514486106083,-0.5025443191453852,-0.8667595742607592,0.49872621790648564,0.500636485932415,-0.8656576164704166,0.9658306312367652,0.2591740568899436,0.608615618888497,0.7934652030460894,-0.3213524521097596,-0.9469596620358465,0.9866508151407586,-0.1628501427143272,1,0,0,0,99,0
1701931740,12,7,3,889,22.8,0.0,49,0,0,0,1,0,0,0,0.07066202936351883,-0.9975003145895389,-0.9993748832619166,-0.035353114505380104,0.7194974338054931,-0.6944950991528378,-0.9204605095148943,-0.39083557978206274,-0.8339171361058791,0.5518896720441221,0.47334465664876685,-0.8808773104252721,0.969762164250924,0.2440519305134954,0.6147959293483101,0.7886862273786374,-0.32504905216087204,-0.94569715749246,0.9863308667715058,-0.164776883250564,1,0,0,0,99,0
1701931860,12,7,3,891,22.8,0.0,49,0,0,0,1,0,0,0,-0.9364302492977055,0.35085379889668755,-0.5697131739319851,0.8218435979238043,0.29845971426324497,-0.9544222330613963,-0.9885398912187096,-0.150959873705902,-0.7586039393866545,0.6515520417795105,0.4174014603595018,-0.9087221912607589,0.9769140676796396,0.21363263882099232,0.6270436034196536,0.7789841586389906,-0.3324273163873641,-0.943128877364857,0.9856796836104661,-0.16862847125432745,1,0,0,0,99,2
1701931920,12,7,3,892,22.8,0.0,49,0,0,0,1,0,0,0,-0.21072213129903983,0.9775460006469211,-0.10595753713889097,0.9943706554014256,0.05305348526993529,-0.9985916721566993,-0.9996478560364893,-0.026536087157875483,-0.7164272772437812,0.6976617779562402,0.38880472093569013,-0.9213201880877897,0.980132692059547,0.19834289993873028,0.6331102194962855,0.7740616577310655,-0.3361088679795094,-0.9418231409694353,0.9853484513027448,-0.17055330402921653,1,0,0,0,99,2
1701931980,12,7,3,893,22.8,0.0,49,0,0,0,1,0,0,0,0.7087229424210651,0.7054869175867313,0.3837402001441005,0.9234410965477796,-0.19565135247707893,-0.9806735176774632,-0.9951566504017001,0.09830178615502556,-0.6714529819149567,0.7410471598201512,0.35982832030000694,-0.9330185313862076,0.9831120310997642,0.18300473848208468,0.63913819378829,0.7690919120892133,-0.3397852909638575,-0.9405030335116451,0.9850134601901755,-0.1724774861950899,1,0,0,0,99,2
1701932040,12,7,3,894,22.8,0.0,49,0,0,0,1,0,0,0,0.9765714113225485,-0.21519358398308666,0.7794849530244592,0.6264209511250854,-0.4321915367489943,-0.9017818336840362,-0.9751363580761503,0.22160569297286092,-0.6238566770609814,0.7815387683835208,0.3305005534159355,-0.9438057979223058,0.9858513574373943,0.1676218990431951,0.6451271583791853,0.7640752250410934,-0.34345652924271697,-0.9391685751347022,0.9846747115506476,-0.17440101041177747,1,0,0,0,99,2
1701932100,12,7,3,895,22.4,0.0,50,0,0,0,1,0,0,0,0.3465646283438878,-0.9380260968549131,0.9843846039163029,0.17603110967253321,-0.6418601445515475,-0.7668217229814676,-0.93989938902562,0.3414515170697975,-0.5738242252337393,0.8189784847814372,0.30085005835013795,-0.9536714541133747,0.9883500023051992,0.15219813712168961,0.6510767477334414,0.759011902779426,-0.3471225267975085,-0.9378197862007993,0.9843322066763841,-0.176323869341619,1,0,0,0,99,2
1701932160,12,7,3,896,22.4,0.0,50,0,0,0,1,0,0,0,-0.6020720756694736,-0.7984417422073145,0.9482725721561587,-0.3174572867274317,-0.8116209973649744,-0.5841843515845697,-0.8899956043668333,0.4559691044442761,-0.5215510020869119,0.8532201077225842,0.27090578830786904,-0.9626058663135666,0.9906073556948704,0.1367372182078336,0.6569865987187891,0.7539022543433046,-0.35078322768961984,-0.9364566872907963,0.9839859468739369,-0.17824605564949209,1,0,0,0,99,4
1701932220,12,7,3,897,22.4,0.0,50,0,0,0,1,0,0,0,-0.9971664899099553,0.07522626802293965,0.6799903425700472,-0.7332210676265855,-0.9309191875846651,-0.3652252266570688,-0.8262037359686377,0.5633714464467166,-0.46724113343822987,0.8841299244021539,0.2406969833606626,-0.9706003102209874,0.9926228665059523,0.12124291686323913,0.662856350628385,0.7487465915993338,-0.3544385760612593,-0.9350792992039054,0.983635933464182,-0.18016756200284023,1,0,0,0,99,4
1701932280,12,7,3,898,22.4,0.0,50,0,0,0,1,0,0,0,-0.47547063199610207,0.8797315943566124,0.2452227616305097,-0.9694667591920345,-0.9923373315541532,-0.1235581660756696,-0.7495192346016444,0.661982565451814,-0.4111066981625245,0.9115872326474889,0.2102531418938979,-0.9776469793968293,0.9943960426803873,0.10571901579936002,0.6686856452028263,0.7435452292225941,-0.35808851613630804,-0.9336876429573742,0.9832821677823141,-0.18208838107170075,1,0,0,0,99,2
1701932340,12,7,3,899,22.4,0.0,50,0,0,0,1,0,0,0,0.4833707322298039,0.8754157499289256,-0.2495839037989774,-0.9683531767720199,-0.9920567465553621,0.12579114282806264,-0.6611387362618898,0.7502636679288364,-0.35336690002825927,0.935484812257483,0.179603991802127,-0.9837389928882262,0.9959264513226431,0.09016930495399704,0.6744741266520173,0.7382984846774362,-0.36173299222117117,-0.9322817397861647,0.982924651177842,-0.18400850552873269,1,0,0,0,99,2
1701932460,12,7,3,901,22.4,0.0,50,0,0,0,1,0,0,0,0.5948600877161377,-0.803829258015873,-0.9496918600303661,-0.31318584098273583,-0.8103042147807007,0.5860094534294068,-0.45496733210780815,0.8905081283821633,-0.23397849432996692,0.9722417724985292,0.11780965049916516,-0.993036195840446,0.9982575308607609,0.05900764424866507,0.6859272394909445,0.7276701327691913,-0.3690053300636785,-0.9294272786961848,0.9821983706706565,-0.1878466413112238,1,0,0,0,99,0
1701932520,12,7,3,902,22.4,0.0,50,0,0,0,1,0,0,0,-0.35499472029806434,-0.9348683054636622,-0.9835823060282404,0.18046009882566544,-0.640132760126497,0.7682643096049905,-0.34039366209949434,0.9402830184590676,-0.17279609593525602,0.9849576179864461,0.08672480041358972,-0.9962323067403621,0.999057632656986,0.04340330206123635,0.6915911718417044,0.7222891741059243,-0.3726330808543947,-0.9279787643329788,0.9818296095384826,-0.18976463799536156,1,0,0,0,99,1
1701932580,12,7,3,903,22.4,0.0,50,0,0,0,1,0,0,0,-0.9784690196122566,-0.20639374423424112,-0.7766574998782414,0.6299231126755704,-0.4301609508802662,0.9027522120370491,-0.2205082628417254,0.9753851065187148,-0.11093893248378867,0.9938272250544142,0.05555526503215395,-0.9984556136990803,0.9996138288606957,0.027788363580100107,0.6972128930319275,0.7168641306342856,-0.3762551457227625,-0.9265160901555584,0.9814571030247726,-0.19168191078508376,1,0,0,0,99,2
1701932640,12,7,3,904,22.4,0.0,50,0,0,0,1,0,0,0,-0.7023434147360162,0.7118382736106231,-0.3795798508807975,0.9251589792059046,-0.19344381715900788,0.9811113543339269,-0.09718190589320902,0.9952666362171313,-0.04864855487508726,0.9988159580766447,0.02433148087720227,-0.9997039456950855,0.9999259836845639,0.012166640968536861,0.7027920599407278,0.7113953334709671,-0.37987146940052824,-0.9250392784825321,0.9810808525505256,-0.19359845236657747,1,0,0,0,99,3
1701932700,12,7,3,905,22.3,0.0,50,0,0,0,1,0,0,0,0.2195134866259111,0.9756094655082719,0.11043218392236956,0.9938836615792292,0.055300716183295164,0.9984697445539422,0.027660942193441066,0.999617362932923,0.01383179429931263,0.9999043361574453,-0.006916062555914125,-0.9999760837533679,0.9999940209204673,-0.0034580519539247237,0.7083283320445133,0.7058831164031604,-0.3834819967070421,-0.923548351848229,0.9807008595510226,-0.19551425542881906,1,0,0,0,99,6
1701932760,12,7,3,906,22.3,0.0,50,0,0,0,1,0,0,0,0.9395507007222859,0.3424098140711822,0.5734065686442813,0.8192709606934638,0.300606918837987,0.9537481220672112,0.1520721505286041,0.9883693950308283,0.07625813061297684,0.9970881092037023,-0.03815685257131214,-0.9992717621357321,0.9998179239580905,-0.019081900642597186,0.7138213714377698,0.7003278158681843,-0.3870866725500994,-0.9220433330023552,0.9803171254758215,-0.19742931266360217,1,0,0,0,99,6
1701932820,12,7,3,907,22.3,0.0,50,0,0,0,1,0,0,0,0.795769333534644,-0.6055998413191904,0.895991027108863,0.4440721555562843,0.5272228392452833,0.8497270607543002,0.27411032381661565,0.9616982532879792,0.1383866805585365,0.990378274521402,-0.06936038306770646,-0.997591668600285,0.9993977357889813,-0.03470109075890063,0.7192708428536849,0.6947297709329504,-0.39068544192678184,-0.9205242449096467,0.9799296517887512,-0.19934361676556553,1,0,0,0,99,3
1701932880,12,7,3,908,22.3,0.0,50,0,0,0,1,0,0,0,-0.07963868902644415,-0.9968237954674584,0.9992056333576834,-0.03985100081893557,0.7210585970706318,0.6928740863898232,0.39187109718004004,0.9200201319508784,0.19997483347801748,0.9798010338713872,-0.1004961843270998,-0.9949374437298526,0.9987335589960549,-0.05031180910157879,0.724676413684611,0.6890893232732681,-0.3942782499242964,-0.9189911107495187,0.9795384399679061,-0.20125716043222083,1,0,0,0,99,1
1701932940,12,7,3,909,22.3,0.0,50,0,0,0,1,0,0,0,-0.8818272681692509,-0.4715725491514069,0.8577798520457935,-0.514017242341438,0.8700624237206885,0.49294155721472804,0.5035168531366512,0.8639854041633829,0.2607820889522679,0.965397691152041,-0.13153385276794535,-0.9913116793299777,0.9978255557285496,-0.06591024453763744,0.7300377540023658,0.6834068171529907,-0.3978650417208135,-0.9174439539157121,0.9791434915056404,-0.2031699363639806,1,0,0,0,99,2
1701933060,12,7,3,911,22.3,0.0,50,0,0,0,1,0,0,0,-0.06183007747535922,0.99808669038285,0.030929836866284966,-0.999521558142407,0.9998803823814144,0.015466768531161397,0.7016171432728959,0.7125541272532078,0.3791080800687267,0.9253523996978685,-0.19319368558797598,-0.9811606391661531,0.9952790159463207,-0.09705503808109808,0.7406264369036181,0.6719170194000528,-0.4050203578833706,-0.9143076668715112,0.9783423906975286,-0.20699315583913486,1,0,0,0,99,7
1701933120,12,7,3,912,22.3,0.0,50,0,0,0,1,0,0,0,0.8064540568481686,0.591296756454093,-0.45205267588297,-0.8919912433578294,0.9726230624856244,-0.23238842122852268,0.7849803886813105,0.6195206125592099,0.43616475524782494,0.8998668269691937,-0.22375564018679642,-0.9746452757206577,0.9936411011327626,-0.11259379263383548,0.7458531332084875,0.6661104290454266,-0.4085887730680895,-0.9127185845169985,0.9779362414076386,-0.2089035847981091,1,0,0,0,99,4
1701933180,12,7,3,913,22.3,0.0,50,0,0,0,1,0,0,0,0.9332880504589218,-0.3591286884538535,-0.8243569276878352,-0.5660703629170788,0.8848927513877257,-0.46579482451124404,0.8560942776678407,0.5168196859102583,0.49151821639169274,0.8708672935385329,-0.2540991012001687,-0.9671781877034171,0.9917606030951767,-0.12810505902692298,0.7510343064823747,0.6602631827434713,-0.4121509536908345,-0.9111155751998402,0.9775263615882285,-0.21081321685340298,1,0,0,0,99,5
1701933240,12,7,3,914,22.3,0.0,50,0,0,0,1,0,0,0,0.20206131455610385,-0.9793728734041286,-0.9948298531417643,-0.1015557152401366,0.7421440949169293,-0.6702403616464259,0.9138491017795076,0.4060539609174956,0.5449523094191382,0.8384670419633367,-0.2841944387533501,-0.9587666665991619,0.9896379809301888,-0.14358505040713354,0.7561696404931679,0.6543756373799633,-0.41570684539711195,-0.9094986633799863,0.9771127528028652,-0.2127220447203506,1,0,0,0,99,10
1701933300,12,7,3,915,22.0,0.0,50,0,0,0,1,0,0,0,-0.714939662096101,-0.6991861551560592,-0.9217337346425103,0.3878233134069823,0.5532525131407077,-0.8330135993508696,0.9573436163026496,0.28895189967287843,0.5962583753403895,0.8027925945326347,-0.31401226525994597,-0.9494189261155043,0.9872737528455581,-0.1590299875565859,0.7612588218065476,0.6484481523003262,-0.4192563939283895,-0.9078678737295219,0.9766954166293405,-0.21463006111735386,1,0,0,0,99,9
1701933360,12,7,3,916,22.0,0.0,50,0,0,0,1,0,0,0,-0.9746284105303279,0.2238290896803332,-0.6229650513149461,0.7822496691211615,0.3299623697323973,-0.9439940860834779,0.98589910388525,0.16734084067633054,0.645236065065984,0.7639832592002035,-0.34352346411838924,-0.939144094162393,0.9846684960336634,-0.17443609981538652,0.766301539805117,0.6424810892876979,-0.42279954512292356,-0.9062232311322905,0.976274354659665,-0.21653725876591012,1,0,0,0,99,9
1701933420,12,7,3,917,22.0,0.0,50,0,0,0,1,0,0,0,-0.33824829305217113,0.9410569017053605,-0.17167279675976546,0.9851540239235083,0.08615676432089285,-0.9962815927044694,0.9990699656942124,0.04311848382962152,0.6916941217656756,0.7221905855899886,-0.37269921814380785,-0.9279522039388636,0.9818228465305907,-0.1897996260021821,0.7712974867073605,0.636474812540849,-0.4263362449165863,-0.9045647606835149,0.9758495685000621,-0.21844363039064005,1,0,0,0,99,9
1701933480,12,7,3,918,22.0,0.0,50,0,0,0,1,0,0,0,0.6091157451462272,0.7930813382087339,0.32165094574030556,0.9468583152216423,-0.16300565140257817,-0.9866251353025733,0.9966506748361166,-0.08177672253589847,0.7354511277222635,0.6775777731980668,-0.4015110377075164,-0.9158541841357899,0.9787374990608538,-0.20511681533239795,0.7762463575864296,0.630429688651955,-0.4298664393436902,-0.9028924876894134,0.975421059770962,-0.22034916871931534,1,0,0,0,99,11
1701933540,12,7,3,919,22.0,0.0,50,0,0,0,1,0,0,0,0.9964615763383645,-0.0840495501550226,0.7362233187542427,0.6767386681153137,-0.4020331652268792,-0.9156251056287484,0.9786789835356506,-0.20539583049717866,0.7763362127638961,0.6303190341021051,-0.42993078855665534,-0.9028618482642029,0.9754132068677877,-0.22038392833393852,0.7811478503887528,0.6243460865842203,-0.43339007453781153,-0.9012064376668146,0.9749888301069952,-0.22225386648288642,1,0,0,0,99,11
1701933660,12,7,3,921,22.0,0.0,50,0,0,0,1,0,0,0,-0.4911003724158074,-0.8711029928849144,0.967239110273389,-0.2538670982178328,-0.7917913545302931,-0.6107916591531711,0.8974384823354666,-0.4411396269022025,0.848863836814304,0.5286115649027164,-0.4854834884407932,-0.8742458363934931,0.9680510927615064,-0.2507530294996523,0.7908075080257054,0.6120649354849319,-0.4404174522626619,-0.8977931096541485,0.9741132145839488,-0.2260607112545781,1,0,0,0,99,17
1701933720,12,7,3,922,22.0,0.0,50,0,0,0,1,0,0,0,-0.9983505569209379,-0.05741224168810282,0.7271218060573149,-0.6865084698355503,-0.9182887535616316,-0.3959113096164656,0.8354374032853884,-0.5495856122495996,0.880223157003268,0.47456000028995304,-0.5125621912070998,-0.8586501034443405,0.9640150682028628,-0.26584760348332986,0.7955650832846204,0.605868136031542,-0.4439210875642528,-0.8960658837472673,0.9736698320650762,-0.22796284374074297,1,0,0,0,99,17
1701933780,12,7,3,923,22.0,0.0,50,0,0,0,1,0,0,0,-0.5877218435224411,0.8090630597466326,0.30897972445887717,-0.9510686252176108,-0.9876914055558069,-0.156415112413074,0.7603996029763147,-0.649455497931508,0.9081452246010844,0.4186552890317355,-0.5391403856920127,-0.8422159132407009,0.9597436931912344,-0.2808772745874069,0.8002741013513455,0.5996343575098884,-0.4474179491762214,-0.8943249849774656,0.9732227352917383,-0.2298641066179476,1,0,0,0,99,22
1701933840,12,7,3,924,22.0,0.0,50,0,0,0,1,0,0,0,0.3632556223924401,0.931689515235779,-0.18481136973170906,-0.9827740114685011,-0.9956841897581032,0.09280621889587708,0.6734960211850264,-0.7391908477842096,0.9325210045313215,0.36111573782915524,-0.5651921187396569,-0.8249593134904155,0.9552380105215703,-0.295838373533239,0.8049342748116889,0.5933639803976818,-0.4509079837407618,-0.8925704399087172,0.9727719259694734,-0.23176449263345197,1,0,0,0,99,16
1701933900,12,7,3,925,21.9,0.0,51,0,0,0,1,0,0,0,0.9802575443188444,0.19772492712348877,-0.6333541950901215,-0.7738620442700006,-0.9417701535592431,0.33625730901349893,0.5760827592397212,-0.8173913716860176,0.9532553098949981,0.30216603739830056,-0.5906919512748161,-0.8068971549702914,0.9504991201916736,-0.31072724778309085,0.8095453192326822,0.5870573874064227,-0.45439113800424047,-0.8908022753132209,0.9723174058179821,-0.2336639945378611,1,0,0,0,99,12
1701933960,12,7,3,926,21.9,0.0,51,0,0,0,1,0,0,0,0.6960152006877834,-0.7180270471309174,-0.9268298244906983,-0.3754816592518752,-0.8293014106016808,0.5588015482924706,0.46967991851234675,-0.8828367766162867,0.9702671736733874,0.24203638505781863,-0.6156149831437591,-0.7880470750716034,0.9455281791336532,-0.3255402624318508,0.8141069531799402,0.5807149634580416,-0.4578673588180088,-0.8890205181709929,0.9718591765711205,-0.23556260508515253,1,0,0,0,99,11
1701934020,12,7,3,927,21.9,0.0,51,0,0,0,1,0,0,0,-0.22814030861707352,-0.9736282656045409,-0.9933851885357816,0.11482973133178336,-0.6652707225890137,0.7466022138099322,0.35594787974510245,-0.9345058089198622,0.9834901649024921,0.18096158581331254,-0.6399368774288162,-0.7684274805774819,0.9403264009314749,-0.34027380109444083,0.8186188982348382,0.5743370956614064,-0.4613365931392141,-0.8872251956694553,0.9713972399768941,-0.23746031703270412,1,0,0,0,99,8
1701934080,12,7,3,928,21.9,0.0,51,0,0,0,1,0,0,0,-0.9425446703023311,-0.33408014679814474,-0.816725212907666,0.5770267988585345,-0.4598767232321427,0.8879827697817494,0.23666139336428604,-0.9715921906288022,0.9928726480845371,0.11918013544881928,-0.6636338842129675,-0.7480575296890004,0.934895055524683,-0.354924266788705,0.8230808790115055,0.5679241732886948,-0.46479878803160896,-0.8854163352030204,0.9709315977974505,-0.2393571231413216,1,0,0,0,99,6
1701934140,12,7,3,929,21.9,0.0,51,0,0,0,1,0,0,0,-0.7903778088790765,0.6126197182849324,-0.4401024208721576,0.8979475815115636,-0.22588981660140897,0.9741528580031893,0.11368188509347199,-0.9935172011604,0.9983779848234836,0.056933289205876925,-0.6866828637712329,-0.7269571133175178,0.9292354688983622,-0.3694880828135612,0.8274926231736333,0.5614765877516349,-0.46825389066635903,-0.8835939643726736,0.9704622518090731,-0.24125301617526615,1,0,0,0,99,5
1701934260,12,7,3,931,21.9,0.0,51,0,0,0,1,0,0,0,0.8859667583012527,0.4637487500631885,0.5178084829050271,0.855496566347051,0.2687967946729918,0.9631969077886025,-0.13565229856400807,-0.9907565058551476,0.9976864502074656,-0.06798343233778488,-0.7307473682257722,-0.6826479940870753,0.9172371541992494,-0.39834156569012774,0.8361643276563907,0.5484790033856685,-0.4751426083894874,-0.8799088030545178,0.969512455581288,-0.24504203409362463,1,0,0,0,99,5
1701934320,12,7,3,932,21.9,0.0,51,0,0,0,1,0,0,0,0.8689209998517899,-0.4949508016122064,0.8645665970913422,0.5025182575726944,0.4987392818032813,0.8667520572726362,-0.2581161974066756,-0.9661138797451976,0.9914922792803779,-0.13016551051411895,-0.7517198648812332,-0.6594825583311059,0.9109013553429114,-0.41262418837781073,0.8404237587008743,0.5419297978623197,-0.47857611836450864,-0.8780460687977367,0.9690320089650643,-0.2469351445240868,1,0,0,0,99,4
1701934380,12,7,3,933,21.9,0.0,51,0,0,0,1,0,0,0,0.05299328137309047,-0.998594868867907,0.9996486554954963,0.02650595340761163,0.6976725759954981,0.7164167618808244,-0.37655227931800894,-0.9263953696669754,0.9814263522208315,-0.19183929515746312,-0.7719583198455287,-0.6356731490485251,0.9043431729848258,-0.4268060747877629,0.8446318946108307,0.5353475157373185,-0.482002325856775,-0.876169936638241,0.9685478657862607,-0.24882731297202784,1,0,0,0,99,4
1701934440,12,7,3,934,21.9,0.0,51,0,0,0,1,0,0,0,-0.8116562156089902,-0.5841354189426392,0.8899818590686664,-0.45599593257909704,0.8532279685345228,0.5215381421434596,-0.4891123888517548,-0.8722207696860524,0.9675279762585814,-0.25276395145861635,-0.7914429706108382,-0.6112430157234452,0.8975642082111578,-0.44088376261581397,0.8487884785433335,0.5287325587592399,-0.4854211785865756,-0.8742804352034992,0.9680600278917365,-0.2507185322194002,1,0,0,0,99,7
1701934500,12,7,3,935,21.7,0.0,51,0,0,0,1,0,0,0,-0.9300727311045811,0.3673754412799875,0.5624164643393774,-0.8268541108563189,0.9557337785325783,0.2942328067565555,-0.5940400631453423,-0.8044354563159668,0.9498514242543322,-0.3127015699385224,-0.8101547907463494,-0.5862160139664719,0.8905661160089328,-0.4548538149963832,0.8528932568019234,0.5220853306709626,-0.488832624386424,-0.8723775933249783,0.9675684971424448,-0.2526087950517773,1,0,0,0,99,7
1701934560,12,7,3,936,21.7,0.0,51,0,0,0,1,0,0,0,-0.1933846668727768,0.9811230150284443,0.09715190417988626,-0.9952695652506521,0.9988166912028082,0.048633500538969116,-0.689697940935389,-0.7240971967004738,0.9284657227653786,-0.37141809547969407,-0.8280755084772445,-0.5606165822201061,0.8833506048619953,-0.4687128213415406,0.8569459788520921,0.5154062371850283,-0.49223661120185463,-0.8704614400377044,0.967073275413426,-0.254498094258381,1,0,0,0,99,9
1701934620,12,7,3,937,21.7,0.0,51,0,0,0,1,0,0,0,0.7211003682427743,0.6928306134403526,-0.3918988304139523,-0.9200083188320507,0.9797980197040742,-0.1999896011895985,-0.7745933130325869,-0.6324596425110466,0.9034543824983767,-0.42868424130643845,-0.8451876245267788,-0.5344697178950186,0.875919436333907,-0.48245739817365296,0.8609463973365743,0.5086956859588782,-0.49563308709221676,-0.8685320045798192,0.9665743645938008,-0.256386422632109,1,0,0,0,99,10
1701934680,12,7,3,938,21.7,0.0,51,0,0,0,1,0,0,0,0.9726090503206481,-0.23244705899272397,-0.7849990633729201,-0.6194969495515196,0.8998602529147288,-0.43617831815008895,-0.8474014155493513,-0.5309527671318378,0.8749150722018217,-0.48427638434480896,-0.8614744292040272,-0.5078009529605035,0.8682744246378858,-0.4960841899514116,0.8648942680904446,0.5019540865699712,-0.49902200023146714,-0.8665893163921337,0.9660717665867619,-0.25827377296956255,1,0,0,0,99,8
1701934740,12,7,3,939,21.7,0.0,51,0,0,0,1,0,0,0,0.3299054569501611,-0.9440139773724251,-0.9859041478187485,-0.1673111213093364,0.7639735340014523,-0.645247579883359,-0.9069861023972084,-0.4211605514032867,0.8429592372716745,-0.5379774384659236,-0.8769200187206139,-0.4806363290129432,0.8604174361938928,-0.5095898698890396,0.8687893501560202,0.495181850490787,-0.5024032989089606,-0.8646334051176796,0.965565483309568,-0.2601601380710738,1,0,0,0,99,9
1701934860,12,7,3,941,21.7,0.0,51,0,0,0,1,0,0,0,-0.9956785927816724,0.09286624723928816,-0.6734737384489138,0.7392111495504137,0.3611016826667984,-0.9325264472256038,-0.9829868888305693,-0.18367573706725146,0.7693099950823632,-0.6388756776293603,-0.9052280590076073,-0.42492606555178497,0.8440752530289538,-0.5362247357443589,0.8764202005158139,0.4815471234758033,-0.5091428466178214,-0.8606820328889767,0.964541868684034,-0.2639298837864171,1,0,0,0,99,10
1701934920,12,7,3,942,21.7,0.0,51,0,0,0,1,0,0,0,-0.4598231870636247,0.8880104935408426,-0.2366321052384454,0.9715993241920361,0.11916517068330806,-0.9928744442758198,-0.9982170215629014,-0.05968900955862884,0.7279041865378398,-0.6856788572069913,-0.9180628674570689,-0.39643482616503856,0.8355940480176479,-0.549347419141549,0.8801555030622569,0.47468546473346485,-0.5125009928119824,-0.8586866322278066,0.9640245412404724,-0.26581325001981504,1,0,0,0,99,11
1701934980,12,7,3,943,21.7,0.0,51,0,0,0,1,0,0,0,0.49879153625744566,0.8667219873511559,0.25814532016757935,0.96610609856039,-0.13018045444614568,-0.9914903172901867,-0.99787031153607,0.06522914498065015,0.6836559277221802,-0.7298044755208926,-0.9300012030962359,-0.36755647489814913,0.8269088447036194,-0.5623359872451037,0.8838370854532819,0.4677948336369782,-0.5158513188715436,-0.8566781290651052,0.9635035363362984,-0.2676956022564573,1,0,0,0,99,12
1701935040,12,7,3,944,21.7,0.0,51,0,0,0,1,0,0,0,0.998819621438444,0.048573283084049755,0.689719768063795,0.7240764058730438,-0.37143208943692263,-0.9284601245807608,-0.9819521690440836,0.1891294205289584,0.6367380071391379,-0.7710802229758452,-0.9410314083429535,-0.3383192109710552,0.8180217634546941,-0.5751872690824027,0.8874647229840752,0.46087565075494996,-0.5191937736746512,-0.8546565540481598,0.9629788559589872,-0.26957693331574223,1,0,0,0,99,15
1701935100,12,7,3,945,21.4,0.0,51,0,0,0,1,0,0,0,0.5805375529616218,-0.81423347364336,0.9524267619201384,0.3047675559804882,-0.5895898761086014,-0.8077027782484372,-0.950710991376569,0.31007839472588444,0.5873336382645368,-0.8093449186613468,-0.951142712388984,-0.30875158407581743,0.8089349739243005,-0.5878981271972987,0.8910381942423397,0.45392833839864044,-0.5225283062195576,-0.8526219380237177,0.9624505021100351,-0.27145723602096367,1,0,0,0,99,17
1701935160,12,7,3,946,21.4,0.0,51,0,0,0,1,0,0,0,-0.371488064422021,-0.9284377297331149,0.9819464674138593,-0.18915902075619492,-0.7710898199160053,-0.6367263852094576,-0.9046342866621455,0.42618869928151687,0.535635744101569,-0.8444491397596178,-0.9603252417175178,-0.27888246649832815,0.7996506945217794,-0.6004654584160823,0.8945572811218079,0.44695332059618803,-0.5258548656253986,-0.8505743120375162,0.9619184768049516,-0.27333650319933833,1,0,0,0,99,17
1701935220,12,7,3,947,21.4,0.0,51,0,0,0,1,0,0,0,-0.9819692685810417,-0.18904061881620535,0.7710514311043737,-0.6367728720602797,-0.9046471334338819,-0.4261614294722836,-0.8444410664671288,0.5356484717273617,0.4818462038205958,-0.8762558050385063,-0.9685700297444957,-0.2487410249250148,0.7901711918707917,-0.6128861946050772,0.8980217688355548,0.43995102306672884,-0.5291734011329704,-0.8485137073338087,0.9613827820732512,-0.2752147276820331,1,0,0,0,99,17
1701935280,12,7,3,948,21.4,0.0,51,0,0,0,1,0,0,0,-0.689632455789954,0.7241595652348433,0.3713761131017696,-0.9284825160537067,-0.9819578697820255,-0.18909982012986337,-0.7710706258605184,0.6367496289241701,0.42617506442530745,-0.9046407101507675,-0.9758690255743256,-0.21835669196206517,0.7804987802559544,-0.6251573034196812,0.9014314459291071,0.43292187319441294,-0.5324838621055041,-0.8464401553548877,0.9608434199584467,-0.27709190230419245,1,0,0,0,99,18
1701935340,12,7,3,949,21.4,0.0,51,0,0,0,1,0,0,0,0.23674925645140169,0.971570784641916,-0.11922502958289408,-0.9928672581573823,-0.9982152218227747,0.059719100138137124,-0.6856678860286016,0.7279145211280432,0.36883972052366915,-0.9294930126493807,-0.9822151018614458,-0.18775913739498723,0.7706358210578416,-0.6372757890446697,0.9047861042933489,0.42586630000231895,-0.5357861980294384,-0.8443536877406053,0.9603003925180404,-0.2789680199049658,1,0,0,0,99,18
1701935460,12,7,3,951,21.4,0.0,51,0,0,0,1,0,0,0,0.7849243603267638,-0.6195915982045113,-0.8998865479060434,-0.43612406594654274,-0.8473854099365126,0.5309783112583117,-0.4842631974152528,0.8749223712016717,0.2500776167496086,-0.968225792674847,-0.9920246450252249,-0.126044054451515,0.7503479374435286,-0.6610430944910041,0.9113295492002341,0.4116776077885437,-0.5423662932979225,-0.8401421331502615,0.959203349960336,-0.2827170554191403,1,0,0,0,99,19
1701935520,12,7,3,952,21.4,0.0,51,0,0,0,1,0,0,0,-0.09727191050322355,-0.9952578436902936,-0.9988137573367454,0.048693717817118926,-0.6896761131802671,0.7241179868699296,-0.3714041014380902,0.9284713207390763,0.18911462035089152,-0.9819550195245901,-0.9954785330494551,-0.09498678980629327,0.7399279660231438,-0.6726861118655962,0.9145179363647266,0.40454535477150383,-0.5456439522383145,-0.8380171104373418,0.9586493390279216,-0.2845899590311104,1,0,0,0,99,14
1701935580,12,7,3,953,21.4,0.0,51,0,0,0,1,0,0,0,-0.8900368354089458,-0.4558886175539251,-0.8531965241238167,0.521589581206371,-0.48908609609844206,0.8722355132664489,-0.2527493686773037,0.9675317858516197,0.12741313540679455,-0.9918497330371219,-0.9979603531797047,-0.0638367721727774,0.7293273518019112,-0.6841649025736495,0.9176505060679827,0.3973884103911125,-0.548913285323323,-0.8358793006143628,0.9580916711396574,-0.28646177701888714,1,0,0,0,99,13
1701935640,12,7,3,954,21.4,0.0,51,0,0,0,1,0,0,0,-0.8645059984548472,0.5026225011234452,-0.49868702553633515,0.8667821240437084,-0.25808707441122625,0.9661216600521149,-0.13015056655252244,0.9914942410453312,0.06521410489560044,-0.9978712945679246,-0.9994676819607337,-0.03262441901456225,0.7185486827677587,-0.6954766642330416,0.9207270671140937,0.39020721147036636,-0.5521742426669474,-0.8337287363016721,0.9575303484228769,-0.28833250224205376,1,0,0,0,99,11
1701935700,12,7,3,955,21.3,0.0,52,0,0,0,1,0,0,0,-0.044152333395038934,0.9990248102303433,-0.022081550779516786,0.9997561728317418,-0.011041448461551128,0.9999390413499569,-0.005520808366672965,0.9999847602213638,0.002760414700383762,-0.999996190048083,-0.9999990475115672,-0.001380208664824669,0.7075945903781432,-0.7066186352393968,0.9237474317256306,0.3830021963126342,-0.5554267745109907,-0.8315654503142355,0.9569653730188558,-0.2902021275643621,1,0,0,0,99,11
1701935760,12,7,3,956,21.3,0.0,52,0,0,0,1,0,0,0,0.8167947833692505,0.5769283160504252,0.45993025772913376,0.8879550427950801,0.2366906812750767,0.9715850561826999,0.11919510018725629,0.9928708516677031,-0.05970405485516448,-0.9982161218062207,-0.9995539309627621,0.029865349435251595,0.696467748917618,-0.7175880954402921,0.9267114155551047,0.3757738046749054,-0.5586708312258188,-0.8293894756611352,0.9563967470828033,-0.29207064585375986,1,0,0,0,99,11
1701935820,12,7,3,957,21.3,0.0,52,0,0,0,1,0,0,0,0.9267845431459862,-0.37559341126500806,0.829335098517182,0.5587515497674221,0.469706530842705,0.8828226180177483,0.2420510090685967,0.9702635255480204,-0.12193538135418193,-0.9925380409707278,-0.9981327669630748,0.06108174452842746,0.6851708748449442,-0.7283823667993438,0.9296188376962204,0.3685224777409488,-0.5619063633111175,-0.8272008455450673,0.9558244727838546,-0.29393804998241774,1,0,0,0,99,10
1701935880,12,7,3,958,21.3,0.0,52,0,0,0,1,0,0,0,0.18469286804020318,-0.982796288401154,0.9956897831154927,0.0927461902151406,0.6735183033091452,0.7391705453463161,0.36112979290947733,0.9325155616251978,-0.18369055279845262,-0.9829841203257552,-0.9957369432550334,0.09223849433464518,0.6737067261299069,-0.7389988140500109,0.9324695206949155,0.36124865809438594,-0.565133321396648,-0.8249995933618349,0.9552485523050623,-0.2958043328267565,1,0,0,0,99,9
1701935940,12,7,3,959,21.3,0.0,52,0,0,0,1,0,0,0,-0.7272045781869426,-0.6864207903785774,0.9182648829119453,-0.39596667133827224,0.8354539698087119,0.5495604282796059,0.4745732671149915,0.8802160042511173,-0.24472841656505961,-0.9695916677269657,-0.9923687993198309,0.12330517481645753,0.6620781015799958,-0.7494348453389585,0.9352632905601926,0.35395278969167726,-0.5683516562430001,-0.8227857526998378,0.954668987843388,-0.2976694872674744,1,0,0,0,99,10
1701936060,12,7,3,961,21.3,0.0,52,0,0,0,1,0,0,0,-0.3215367736757958,0.9468970921774763,0.16294616875294074,-0.9866349609094227,0.996653139489718,0.08174667910862572,0.6775888579704414,0.7354409150668141,-0.3637025466869774,-0.9315151407966523,-0.9827296527521321,0.18504710103558453,0.6383388202845004,-0.7697555134702136,0.940679412305333,0.33929668914519806,-0.5747622599191782,-0.8183204412530577,0.9534989358287344,-0.30139638248239004,1,0,0,0,99,6
1701936120,12,7,3,962,21.3,0.0,52,0,0,0,1,0,0,0,0.6230593684278799,0.7821745479202525,-0.33001928131531005,-0.9439741913633689,0.9858940590558828,-0.16737055989126504,0.7639929842254002,0.6452245501020304,-0.421174221610232,-0.9069797544879462,-0.9764680625826803,0.21566205682972353,0.6262339591439754,-0.779635189312836,0.9433014336130409,0.3319373515342646,-0.5779544309310792,-0.8160690386034335,0.9529084527391478,-0.30325810903961536,1,0,0,0,99,8
1701936180,12,7,3,963,21.3,0.0,52,0,0,0,1,0,0,0,0.9948176005844565,-0.10167566851211195,-0.7421845014927595,-0.6701956175206938,0.9138368611302276,-0.40608150812324995,0.8384752554855898,0.5449396718338416,-0.47700122021131053,-0.8789026316475113,-0.9692529679210456,0.24606642228521222,0.6139762119637812,-0.789324528405526,0.9458658806631959,0.3245577541782617,-0.5811377830694449,-0.8138051837443228,0.9523143345934478,-0.3051186787593291,1,0,0,0,99,6
1701936240,12,7,3,964,21.3,0.0,52,0,0,0,1,0,0,0,0.4519451186001038,-0.8920457442158098,-0.9726370711153801,-0.23232978261965265,0.7849617132764033,-0.6195442750039529,0.8998734008192355,0.4361511922464772,-0.5309655392553846,-0.8473934128391833,-0.9610914141847234,0.2762305080551537,0.6015685712970908,-0.7988211652351087,0.9483725969351678,0.3171583474897762,-0.5843122677602378,-0.8115289112193651,0.9517165836580145,-0.3069780845440232,1,0,0,0,99,6
1701936300,12,7,3,965,21.3,0.0,52,0,0,0,1,0,0,0,-0.5064436211734846,-0.8622730765672137,-0.9649541638252083,0.26241848585111743,0.6072814479913258,-0.7944867795788415,0.9472293227035472,0.320556719178649,-0.5828564492314343,-0.8125751408881055,-0.9519913709924333,0.3061248594216864,0.5890140662914229,-0.808122781333903,0.9508214294319157,0.3097395830904544,-0.5874778365647276,-0.8092402557616787,0.951115202213086,-0.30883631930062994,1,0,0,0,99,4
1701936360,12,7,3,966,21.3,0.0,52,0,0,0,1,0,0,0,-0.9992104312245924,-0.03973051889875125,-0.7210168232776373,0.692917556820885,0.39184336359004157,-0.9200319442337003,0.9798040478161182,0.1999600657210081,-0.6324713172464788,-0.7745837804011287,-0.9419617243819222,0.33572028505801615,0.5763157619491175,-0.8172271058457423,0.9532122286893256,0.30230191378343746,-0.5906344411802289,-0.8069392522933302,0.9505101925527496,-0.31069337594054836,1,0,0,0,99,5
1701936420,12,7,3,967,21.3,0.0,52,0,0,0,1,0,0,0,-0.5733077789028065,0.8193400946185477,-0.3005494180508858,0.9537662435362628,0.15204235670321797,-0.9883739786984133,0.9970892584664658,0.07624310231616616,-0.6796163983026873,-0.733567686827932,-0.9310122681328995,0.36498788553325157,0.5634767583790605,-0.8261319160803714,0.9555448487853334,0.29484579352572476,-0.593782033440839,-0.8046259359248012,0.9499015569849334,-0.31254924737967194,1,0,0,0,99,5
1701936480,12,7,3,968,21.3,0.0,52,0,0,0,1,0,0,0,0.3796914013979365,0.9251132037239935,0.19350296674212325,0.9810996900733364,-0.09721190751822432,-0.9952637062792294,0.9988152247235795,-0.04866360920015389,-0.7241075918674496,-0.6896870271361664,-0.9191536942035773,0.3938990815322077,0.5505001900398365,-0.8348350380560844,0.9578191473488313,0.28737167740046654,-0.5969205653181726,-0.8023003419544537,0.949289297831397,-0.3144039265384152,1,0,0,0,99,4
1701936540,12,7,3,969,21.3,0.0,52,0,0,0,1,0,0,0,0.9836040582900275,0.18034149970372382,0.640179076624766,0.7682257154325556,-0.3404220061684059,-0.9402727570850268,0.9849550134612816,-0.17281094137087097,-0.7657711607820156,-0.643113154362873,-0.906397582290154,0.42242564176262254,0.5373892249744953,-0.8433343470304713,0.9600349855683571,0.27988002158918807,-0.6000499889220947,-0.7999625058679901,0.9486734174277232,-0.3162574063417408,1,0,0,0,99,4
1701936660,12,7,3,971,20.9,0.0,54,0,0,0,1,0,0,0,-0.24533965564184546,-0.9694371838182919,0.992329880588681,-0.12361799258544061,-0.7495391892974779,-0.6619599713783906,0.9115810362711564,-0.41112043771965984,-0.8399763204161352,-0.5426230562187438,-0.8782434332856534,0.47821383490090297,0.5107769401113842,-0.8597132763023096,0.9642907435784888,0.26484592095942344,-0.6062813204447983,-0.7952502502229796,0.9474308022813539,-0.3199607396048931,1,0,0,0,99,7
1701936720,12,7,3,972,20.9,0.0,54,0,0,0,1,0,0,0,-0.9483108434411563,-0.3173429441659648,0.8115857761709371,-0.584233282103149,-0.8900093488562771,-0.4559422758951242,0.8532122467168191,-0.5215638619118831,-0.8722281415753229,-0.4890992425306529,-0.8628728882432953,0.5054209915849098,0.4972821173212898,-0.8675888979190864,0.9663304036195608,0.257304393744951,-0.6093831332811276,-0.7928759025676563,0.9468040722788575,-0.3218105789376289,1,0,0,0,99,7
1701936780,12,7,3,973,20.9,0.0,54,0,0,0,1,0,0,0,-0.7794094151401889,0.6265149348505816,0.43213716870307417,-0.901807888313964,-0.9751430377934214,-0.22157629801722484,0.7815293654166889,-0.6238684564805209,-0.9010739305075142,-0.4336655067673005,-0.846659762468756,0.5321346132477662,0.48366589023427825,-0.8752527101494078,0.9683110838334466,0.24974716199648023,-0.6124756476805914,-0.7904894566015667,0.9461737305066038,-0.32365919066081944,1,0,0,0,99,7
1701936840,12,7,3,974,20.9,0.0,54,0,0,0,1,0,0,0,0.10607743500999182,0.9943578720871581,-0.053113688973945104,-0.9985884718158823,-0.9996470556691202,0.026566220884026468,0.6976509797584941,-0.7164377924439869,-0.9264010450242344,-0.37653831648054964,-0.8296198878042129,0.5583286144912557,0.4699315830569086,-0.8827028419834321,0.9702326633296345,0.24217468696848557,-0.6155588164552248,-0.7880909487389401,0.9455397793691549,-0.32550656772257286,1,0,0,0,99,8
1701936900,12,7,3,975,20.9,0.0,54,0,0,0,1,0,0,0,0.8940371806131415,0.44799276744307476,-0.5253604631854805,-0.8508797704267844,-0.9619978613351446,0.27305698084210883,0.6028859838965785,-0.7978273562751872,-0.948110583285301,-0.31794075212593687,-0.8117699033981048,0.5839774173176833,0.4560825488233006,-0.8899374745783221,0.9720950248248167,0.23458743084581274,-0.618632592559666,-0.7856804155780558,0.9449022212848417,-0.32735270307570724,1,0,0,0,99,7
1701936960,12,7,3,976,20.9,0.0,54,0,0,0,1,0,0,0,0.86002326542427,-0.510254821563673,-0.8689806734225085,-0.49484602576777714,-0.8645362993442719,0.5025703802614231,0.4987131538963941,-0.8667670910519801,-0.9661177700083929,-0.25810163593826746,-0.7931272394572851,0.6090559761063561,0.4421221685765394,-0.8969548417022889,0.9738980546500462,0.2269858567154693,-0.621696929091873,-0.7832578939006837,0.9442610586857545,-0.3291975896777772,1,0,0,0,99,8
1701937020,12,7,3,977,20.9,0.0,54,0,0,0,1,0,0,0,0.03530792620481886,-0.999376480785452,-0.9998441080452123,-0.017656715642326043,-0.7133220575736903,0.7008363875961614,0.3867580719285886,-0.9221812152706651,-0.980352287514714,-0.1972546383856853,-0.773710100226721,0.6335398020702072,0.42805385054324224,-0.9037532301657923,0.9756416427576757,0.21937042853836028,-0.6247517792938407,-0.7808234206715242,0.9436162940177337,-0.3310412204911012,1,0,0,0,99,8
1701937080,12,7,3,978,20.9,0.0,54,0,0,0,1,0,0,0,-0.8218693575364985,-0.5696760124338598,-0.8859108342361154,0.46385557427185253,-0.5177569051824165,0.8555277827960506,0.2687677596029232,-0.9632050100565431,-0.9907585503180235,-0.1356373656914954,-0.7535374462133568,0.65740498716868,0.413881029301489,-0.9103309802397916,0.977325682728074,0.21174161112097017,-0.6277970965523135,-0.7783770330376437,0.9429679297403607,-0.332883588482788,1,0,0,0,99,10
1701937140,12,7,3,979,20.9,0.0,54,0,0,0,1,0,0,0,-0.9234237442034923,0.3837819545538891,-0.5550756909855227,0.8317998420755708,-0.2900001361417173,0.9570266041431583,0.14658341628035845,-0.989198312812744,-0.9972959221847706,-0.07349043198694676,-0.7326289756715014,0.6806282274535245,0.399607164942319,-0.9166864860609445,0.9789500717761209,0.2040998700869938,-0.6308328343994969,-0.7759187683279074,0.942315968326948,-0.33472468662476373,1,0,0,0,99,7
1701937260,12,7,3,981,20.9,0.0,54,0,0,0,1,0,0,0,0.733251813680783,0.6799571881624918,0.40002675650355446,0.9165034610306968,0.20432393272607985,0.9789033305262315,-0.10270508622694526,-0.9947118503682942,-0.9986770875433896,0.051420568023436815,-0.68868695064469,0.7250588141742147,0.3707702697262722,-0.9287246131588779,0.9820195041746569,0.1887794835795486,-0.6368753867203738,-0.7709667579019048,0.9410012640538548,-0.3384030452715336,1,0,0,0,99,12
1701937320,12,7,3,982,20.9,0.0,54,0,0,0,1,0,0,0,0.9683418904640227,-0.24962768911433375,0.7904516712343437,0.6125244121199033,0.4401565561706975,0.8979210466738997,-0.22591918170675576,-0.9741460482581397,-0.9935154876140935,0.11369685954735136,-0.6656963048014645,0.7462227748961269,0.3562142789837832,-0.9344042954995784,0.9834643601828127,0.18110177318350804,-0.6398821089921534,-0.7684730877472249,0.9403385262093713,-0.34024029174450743,1,0,0,0,99,11
1701937380,12,7,3,983,20.9,0.0,54,0,0,0,1,0,0,0,0.31314289889206726,-0.9497060202365112,0.9873464488811694,0.1585780245864616,0.648622376816256,0.7611103811492987,-0.3456078839166587,-0.938379022876497,-0.9844742309670926,0.17552916726786882,-0.6420556178136483,0.766658061741957,0.3415713236339103,-0.9398558564327716,0.9848491905953854,0.17341300926866535,-0.6428790674502222,-0.7659676916387091,0.9396722012592235,-0.3420762403041834,1,0,0,0,99,9
1701937440,12,7,3,984,20.9,0.0,54,0,0,0,1,0,0,0,-0.6299582297887875,-0.7766290161469486,0.9425043809306535,-0.3341937939677003,0.8167599996228085,0.5769775585030581,-0.45990349068959124,-0.8879689066918555,-0.9715886235161092,0.23667603734656428,-0.617787974410896,0.7863447200008926,0.3268449785441926,-0.9450779650380419,0.9861739108894643,0.16571366111754054,-0.6458662163646817,-0.7634506078056198,0.9390022917452384,-0.3439108839469756,1,0,0,0,99,9
1701937500,12,7,3,985,20.7,0.0,55,0,0,0,1,0,0,0,-0.9938786672030538,0.11047712377990915,0.6669043695388758,-0.7451433163425373,0.9341154415655855,0.3569710658144878,-0.5670224573090171,-0.8237023327071764,-0.9549089832824844,0.2968986925643355,-0.5929170715351618,0.8052635259852315,0.3120388389405784,-0.9500693464124689,0.9874384402109503,0.15800419865866083,-0.6488435101553144,-0.7609218746555592,0.9383288002229173,-0.3457442156742762,1,0,0,0,99,8
1701937560,12,7,3,986,20.7,0.0,55,0,0,0,1,0,0,0,-0.4440316414971394,0.8960111055948782,0.22802290938096753,-0.9736557670950443,0.9933921096664309,0.11476984121483252,-0.665293228127706,-0.7465821593149787,-0.9345004439043832,0.3559619647413339,-0.567467195201038,0.8233960058019877,0.29715651952970196,-0.9548287819818765,0.9886427013794914,0.15028509243787871,-0.6518109033922803,-0.7583815307738838,0.9376517292614257,-0.34757622849248204,1,0,0,0,99,11
1701937620,12,7,3,987,20.7,0.0,55,0,0,0,1,0,0,0,0.5140560276444147,0.8577566090928386,-0.26668651157038425,-0.9637833286306727,0.9909044678047104,-0.13456721623286869,-0.7531823206345422,-0.657811821027538,-0.9104427002913302,0.413635213063674,-0.5414631967808735,0.8407244533923329,0.28220165361640515,-0.9593551097983304,0.9897866208931929,0.14255681358965214,-0.6547683507968096,-0.7558296149231162,0.9369710814435833,-0.3494069154130209,1,0,0,0,99,10
1701937680,12,7,3,988,20.7,0.0,55,0,0,0,1,0,0,0,0.9995229556605263,0.030884641938116356,-0.6961017734720562,-0.7179431181988293,0.9268071855026884,-0.3755375359409301,-0.8293182549362247,-0.5587765492838215,-0.8828296974172939,0.4696932247308761,-0.5149304687378307,0.8572319478212639,0.2671778922167178,-0.9636472248238107,0.9908701289331036,0.13481983380828896,-0.6577158072418934,-0.7532661660423522,0.9362868593658549,-0.3512362694523786,1,0,0,0,99,9
1701937740,12,7,3,989,20.7,0.0,55,0,0,0,1,0,0,0,0.5660330877786267,-0.8243825225826864,-0.9550870438296937,-0.2963253932903098,0.8050855213237628,-0.593158750550681,-0.8925129552422981,-0.4510217563761858,-0.8517692634675736,0.5239170944070323,-0.4878949198305757,0.8729023698006073,0.2520889031665146,-0.9677040791999916,0.9918931593674774,0.12707462531915723,-0.6606532277529729,-0.7506912232466679,0.9355990656383395,-0.3530642836321256,1,0,0,0,99,8
1701937860,12,7,3,991,20.7,0.0,55,0,0,0,1,0,0,0,-0.9851617853645876,-0.1716282513377624,-0.7653849526015528,0.6435727420665972,0.4221535608835977,-0.9065243355990498,-0.9763514571093367,-0.21618934340173923,-0.7798042521690104,0.6260234247207771,-0.4324214236593875,0.901671621135094,0.22172999218069936,-0.9751081019905162,0.9937575413526472,0.11156141360139663,-0.6664977818412464,-0.7455070132471581,0.934212773742459,-0.35671626452465127,1,0,0,0,99,8
1701937920,12,7,3,992,20.7,0.0,55,0,0,0,1,0,0,0,-0.6767053779597042,0.7362539177759354,-0.36314327904015004,0.9317333088861682,0.184752119221718,-0.982785151720906,-0.9956869868891794,-0.09277620459766088,-0.7391806966492228,0.6735071623235863,-0.404037645323065,0.9147423578045313,0.2064674819377966,-0.9784534628188842,0.9945987791111761,0.10379435721925297,-0.669404826237736,-0.7428978251479987,0.9335142808623762,-0.3585402173062328,1,0,0,0,99,6
1701937980,12,7,3,993,20.7,0.0,55,0,0,0,1,0,0,0,0.2539108331545893,0.9672276302953418,0.12800853429490208,0.9917730663552378,-0.0641363143810206,-0.9979411471512831,-0.99948515425475,0.03208467584935907,-0.6956706563276336,0.7183608688707087,-0.3752593310827136,0.9269198640849997,0.19115456562033808,-0.9815599482672975,0.9953793116865794,0.09602096576452052,-0.6723016563401727,-0.7402773013420446,0.9328122269090507,-0.36036280236586254,1,0,0,0,99,10
1701938040,12,7,3,994,20.7,0.0,55,0,0,0,1,0,0,0,0.9510825952363544,0.3089367201199639,0.5878193939808536,0.8089921878856321,-0.30903706259473784,-0.9510499955011913,-0.9876866900746388,0.1564448856607474,-0.6494440369805748,0.7604093915979561,-0.3461145824738131,0.938192248848272,0.1757949816572247,-0.9844267999318873,0.9960990914391719,0.08824171368494811,-0.6751882279464934,-0.7376454818152647,0.9321066145606051,-0.3621840127509325,1,0,0,0,99,10
1701938100,12,7,3,995,20.4,0.0,56,0,0,0,1,0,0,0,0.7738334053999244,-0.6333891857990285,0.9037115651022257,0.42814180723270384,-0.5347233830530025,-0.8450271614666311,-0.9604757054362778,0.2783638253557463,-0.6006813525673382,0.7994885319239252,-0.3166318588487858,0.9485485048019224,0.16039247987059368,-0.9870533179119358,0.9967580744373069,0.08045707578598697,-0.6780644970111667,-0.7350024067259872,0.9313974465087359,-0.36400384151407855,1,0,0,0,99,14
1701938160,12,7,3,996,20.4,0.0,56,0,0,0,1,0,0,0,-0.11487464864560613,-0.9933799953182813,0.9983436270438855,-0.05753261979833144,-0.727163193443649,-0.68646463135462,-0.9182768186539993,0.39593899065726024,-0.5495730203270262,0.8354456866419445,-0.28683994958692166,0.9579785192377605,0.14495082056035336,-0.9894388609807482,0.9973562204600591,0.07266752720181091,-0.6809304196458655,-0.7323481164042859,0.9306847254587038,-0.36582228171320713,1,0,0,0,99,14
1701938220,12,7,3,997,20.4,0.0,56,0,0,0,1,0,0,0,-0.8979674804979512,-0.4400618183484699,0.8485463506339739,-0.5291210549824729,-0.8743915184236616,-0.4852210553023885,-0.8617485292422576,0.5073356604347912,-0.49631861720330867,0.8681404438323304,-0.25676794598203806,0.9664730839067197,0.12947377358615977,-0.9915828467421972,0.9978934929996781,0.06487354336631672,-0.6837859521201365,-0.7296826513513655,0.929968454129323,-0.3676393264115215,1,0,0,0,99,20
1701938280,12,7,3,998,20.4,0.0,56,0,0,0,1,0,0,0,-0.8554731519696874,0.5178471649618718,0.4909953335002932,-0.8711622021649791,-0.9672544138345865,-0.253808784161444,-0.7917729422509473,0.6108155269140414,-0.44112610050072903,0.8974451311679287,-0.22644521283532507,0.9740239040105557,0.11396511744705974,-0.9934847517729086,0.9983698592638173,0.05707559998410604,-0.6866310508620674,-0.7270060522389432,0.9292486352529508,-0.36945496867754857,1,0,0,0,99,19
1701938340,12,7,3,999,20.4,0.0,56,0,0,0,1,0,0,0,-0.026460752737064126,0.9996498529808264,0.013231534664836528,-0.9999124594135295,-0.9999781146138973,-0.006615912124209524,-0.7094420033111267,0.7047638213883395,-0.38421099581588014,0.92324531447182,-0.19590135978111542,0.9806236063015769,0.09842863835902424,-0.9951441117500462,0.9987852901775351,0.049274173001450816,-0.6894656724589519,-0.7243183599086285,0.9285252715754775,-0.37126920158516485,1,0,0,0,99,20
1701938400,12,7,3,1000,20.4,0.0,56,0,0,0,1,0,0,0,0.8268795405320025,0.562379076290703,-0.46777180532247614,-0.883849273431478,-0.9705280195418053,0.24098830528525864,-0.6160404591886565,0.7877145121442345,-0.32579555541456173,0.9454402445803316,-0.165166212373579,0.9862657462824945,0.08286812933059823,-0.9965605215646701,0.99913976038507,0.04146973857724405,-0.6922897736579516,-0.7216196153712994,0.9277983658563156,-0.37308201821362325,1,0,0,0,99,22
1701938460,12,7,3,1001,20.4,0.0,56,0,0,0,1,0,0,0,0.9199905975863218,-0.3919404295971039,-0.8342482932548031,-0.5513889599923525,-0.880735192890676,0.4736090370799778,-0.5130258097406125,0.8583731813960574,-0.26610789034143895,0.9639432507663658,-0.13426978296257547,0.990944814499366,0.06728738923689195,-0.9977336354206382,0.9994332482513872,0.033662773053937445,-0.6951033113667574,-0.7189098598064773,0.9270679208683895,-0.3748934116475794,1,0,0,0,99,21
1701938520,12,7,3,1002,20.4,0.0,56,0,0,0,1,0,0,0,0.1672665419737925,-0.985911712039232,-0.9964717035719659,-0.08392939878483582,-0.7361825177171881,0.676783052837157,-0.40200556411749017,0.9156372242425372,-0.20538107965129446,0.978682079186734,-0.1032422413871038,0.9946562419214826,0.05169022189214013,-0.9986631669190275,0.9996657358635004,0.02585375292846797,-0.6979062426542451,-0.716189134561698,0.9263339393981249,-0.37670337497711776,1,0,0,0,99,20
1701938580,12,7,3,1003,20.4,0.0,56,0,0,0,1,0,0,0,-0.7392416009402617,-0.6734403131973009,-0.9147240876890969,0.4040790063853225,-0.5458575792341247,0.8378779763143684,-0.2847121561205559,0.9586130544475097,-0.14385226024030748,0.9895991750318686,-0.07211388551496663,0.9973964044029506,0.03608043512105518,-0.9993488891280539,0.9998372090315638,0.018043154823174902,-0.7006985247511319,-0.7134574811518816,0.925596424245438,-0.3785119012977785,1,0,0,0,99,20
1701938640,12,7,3,1004,20.4,0.0,56,0,0,0,1,0,0,0,-0.9660944251371497,0.2581890038691042,-0.6090201130220971,0.7931547780443311,-0.3215938602925038,0.9468777054203809,-0.1629759101518061,0.9866300485542645,-0.08176170083154903,0.9966519072761223,-0.0409151116574164,0.9991626262216082,0.020461839829201516,-0.9997906346384747,0.999947657289739,0.010231455456709277,-0.7034801150506284,-0.710714941258698,0.9248553782237248,-0.38031898371058337,1,0,0,0,99,20
1701938700,12,7,3,1005,20.4,0.0,55,0,0,0,1,0,0,0,-0.30472449023565196,0.9524405414778511,-0.1542067743682958,0.9880385977981455,-0.07733499273244457,0.9970051649309911,-0.03869647961384155,0.9992510107402922,-0.01935186373075997,0.9998127351510112,-0.009676384887673313,0.9999531826918227,0.004838249072617528,-0.9999882956044592,0.9999970738968338,0.002419131614937442,-0.706250971109089,-0.707961556729932,0.9241108041598507,-0.3821246153220622,1,0,0,0,99,25
1701938760,12,7,3,1006,20.4,0.0,55,0,0,0,1,0,0,0,0.6368077356795173,0.7710226376564607,0.33836176080013775,0.9410161097602051,0.17173219010976784,0.985143672202234,0.08618679654612434,0.9962789951118698,0.043133541983763984,0.9990693156913262,0.0215717907077017,0.9997673018486167,-0.010786522873087307,-0.9999418237699174,0.9999854558367129,-0.005393339878159504,-0.7090110506466594,-0.7051973695788437,0.9233627048941395,-0.3839287892442792,1,0,0,0,99,24
1701938820,12,7,3,1007,20.4,0.0,55,0,0,0,1,0,0,0,0.992861866200276,-0.11926992347320918,0.7480875361457405,0.6636000589688005,0.4101218971423006,0.9120307174017771,0.2097251565719083,0.9777603789788624,0.10545051213990769,0.9944245519341481,0.05279890181552981,0.9986051652014795,-0.026408661443933133,-0.9996512304802809,0.9999128038184832,-0.013205482189588585,-0.7117603115479215,-0.7024224219835282,0.9226110832803626,-0.3857314985948593,1,0,0,0,99,22
1701938880,12,7,3,1008,20.4,0.0,55,0,0,0,1,0,0,0,0.4360833757535898,-0.8999062670030438,0.9746553921779337,0.22371156988067947,0.623012211003653,0.7822121099422712,0.329990825673782,0.9439841391523142,0.16735570030280691,0.9858965815825497,0.08397445569174683,0.9964679075571249,-0.04202435271884079,-0.999116586679734,0.9997791222764492,-0.021016818506448383,-0.7144987118625367,-0.6996367562862716,0.9218559421857278,-0.38753273649701414,1,0,0,0,99,21
1701938940,12,7,3,1009,20.4,0.0,55,0,0,0,1,0,0,0,-0.5216281592594221,-0.8531729387806595,0.9625936159098136,-0.27094931372799275,0.7971666430954047,0.6037593420693411,0.44510709830930517,0.8954773425579625,0.22860736803746887,0.9735187061782538,0.11506800993705027,0.9933576159113731,-0.05762978435074598,-0.9983380228938926,0.9995844193698431,-0.028826872065031227,-0.7172262098058851,-0.6968404149929053,0.9210972844908689,-0.3893324960795687,1,0,0,0,99,15
1701939000,12,7,3,1010,20.4,0.0,55,0,0,0,1,0,0,0,-0.9997571702608278,-0.02203634525193134,0.7148553508409695,-0.69927235564838,0.9217571143333747,0.3877677425673905,0.5532776235456344,0.8329969215331442,0.2889663288921875,0.9573392610598251,0.1460492022233857,0.9892773274112333,-0.07322114649732905,-0.997315729197939,0.9993287069823269,-0.03663516617992241,-0.7199427637597042,-0.6940334407721567,0.9203351130898344,-0.3911307704769872,1,0,0,0,99,10
1701939060,12,7,3,1011,20.4,0.0,55,0,0,0,1,0,0,0,-0.558714049540841,0.8293603624756096,0.29209556443430496,-0.9563891369300495,0.9890371926601268,0.14766662295513935,0.6528144365150256,0.7575178621508338,0.3481968824165189,0.937421426614208,0.17688777994224478,0.9842310263891827,-0.08879463275113347,-0.996049955170217,0.9990120007212668,-0.044441224273094576,-0.7226483322727226,-0.6912158764549992,0.9195694308900767,-0.39292755282939934,1,0,0,0,99,16
1701939120,12,7,3,1012,20.4,0.0,55,0,0,0,1,0,0,0,0.3960081916851428,0.9182469777343475,-0.20217940333482604,-0.9793485022540106,0.9948237286710673,-0.10161569206079699,0.7421642985420401,0.6702179898880674,0.4060677345664961,0.9138429815586667,0.20755362974582411,0.9782236404725319,-0.10434644106884551,-0.994541009831302,0.9986343199167806,-0.05224456990299564,-0.7253428740612937,-0.6883877650339976,0.9188002408124406,-0.3947228362826266,1,0,0,0,99,14
1701939180,12,7,3,1013,20.4,0.0,55,0,0,0,1,0,0,0,0.9866423277611509,0.16290155637702694,-0.6469538019143921,-0.7625291982530986,0.9387569435836677,-0.3445800355119992,0.8199329349135815,0.572459590053307,0.4623529009029212,0.8866959992165598,0.23801680695219837,0.9712610357716817,-0.11987277469950863,-0.9927892615685571,0.998195687620558,-0.060044726793628274,-0.7280263480100251,-0.6855491496626525,0.9180275457911523,-0.39651661398820826,1,0,0,0,99,14
1701939240,12,7,3,1014,20.4,0.0,55,0,0,0,1,0,0,0,0.6701620578277746,-0.7422148046543147,-0.9333313464826719,-0.35901615238432194,0.8243227985396018,-0.5661200613013454,0.8849067920694658,0.4657681497798313,0.5168325890557641,0.8560864879729826,0.2682475647857939,0.9633500111519651,-0.1353698431114458,-0.990795138046197,0.9976961306044534,-0.06784121886361938,-0.7306987131724058,-0.6827000736547422,0.9172513487738087,-0.39830887910342766,1,0,0,0,99,17
1701939360,12,7,3,1016,20.2,0.0,55,0,0,0,1,0,0,0,-0.9537798323630459,-0.3005062917436509,-0.8063827539523806,0.5913939922996974,0.45199889806298343,-0.892018495407942,0.972630067242408,0.23235910202965793,0.6195324438519512,0.784971051068018,0.3278939988258263,0.9447145206537312,-0.16626105879951092,-0.9860817716228536,0.9965143680908102,-0.08342130536363722,-0.7360099542002259,-0.6769707137817569,0.9156884606081254,-0.40188884422078897,1,0,0,0,99,16
1701939420,12,7,3,1017,20.2,0.0,55,0,0,0,1,0,0,0,-0.7681967679707804,0.6402138124714641,-0.42413805979217184,0.9055975409837044,0.2172584394405608,-0.9761141175558584,0.9940105928902011,0.10928376467742497,0.6673515697601134,0.7447428296658603,0.3572514313016393,0.9340082520154359,-0.18164766442837085,-0.9833636794226833,0.9958322347219645,-0.09120394886548673,-0.7386487490226619,-0.6740905173396645,0.9149017754217292,-0.4036765305664521,1,0,0,0,99,17
1701939480,12,7,3,1018,20.2,0.0,55,0,0,0,1,0,0,0,0.12366286217291594,0.9923242899975806,0.061950423737127995,0.9980792278165047,-0.030990096672124958,-0.9995196916060495,0.9998799156913918,-0.015496909271697935,0.7125647020698184,0.7016064034515015,0.3862600138174404,0.9223899401694224,-0.19698992338515384,-0.980405513083597,0.99508932088622,-0.09898102574838,-0.7412762729739769,-0.6712000351056382,0.9141116001631415,-0.40546267700884736,1,0,0,0,99,17
1701939540,12,7,3,1019,20.2,0.0,55,0,0,0,1,0,0,0,0.9018274271353413,0.43209639163785063,0.5328712829390178,0.846196310449842,-0.27731181867183197,-0.9607799723271302,0.9901464468267132,-0.14003575913471147,0.7549952844669665,0.6557302192461807,0.41489141998468665,0.9098709302000424,-0.21228409007737442,-0.9772079947994803,0.9942856719272083,-0.10675206133962863,-0.7438924859613884,-0.6682993111848804,0.9133179378466407,-0.40724727673436906,1,0,0,0,99,19
1701939660,12,7,3,1021,20.2,0.0,55,0,0,0,1,0,0,0,0.017611506143138743,-0.9998449053985173,0.9999612255979022,0.008806094522619302,-0.7039864719855704,-0.7102133814997501,0.9247197903959204,-0.38064853769602863,0.8308575502744224,0.5564851580698138,0.47091126655145243,0.8821805818736359,-0.24271322391493633,-0.9700980831528419,0.9924963685457096,-0.12227411182903393,-0.749090819536935,-0.6624673154846834,0.9117201641635122,-0.4108118088098957,1,0,0,0,99,22
1701939720,12,7,3,1022,20.2,0.0,55,0,0,0,1,0,0,0,-0.8318249398218998,-0.5550380793155483,0.8817704007607503,-0.4716788741741842,-0.8578108399216532,-0.5139655269693756,0.8700475639208972,-0.49296778445990996,0.8639929931602194,0.5035038309387974,0.4982450045214717,0.8670362826718376,-0.25784076222366625,-0.9661874255732781,0.9915108233330784,-0.13002417934123234,-0.7516728608048957,-0.6595361326943231,0.9109160588919055,-0.41259172756229423,1,0,0,0,99,22
1701939780,12,7,3,1023,20.2,0.0,55,0,0,0,1,0,0,0,-0.9164853722719367,0.4000681972008891,0.5476914289995375,-0.8366804040973139,-0.9583006845706921,-0.2857617853236206,0.8017985362058291,-0.5975944338246381,0.8937545618973471,0.4485563321230467,0.5250922146999293,0.8510453372538523,-0.2729053524082549,-0.9620408871908336,0.9904647614102264,-0.1377663108476931,-0.7542434324698137,-0.6565948861940317,0.9101084787524044,-0.41437007240265816,1,0,0,0,99,20
1701939840,12,7,3,1024,20.2,0.0,55,0,0,0,1,0,0,0,-0.15853338004399595,0.9873536182198484,0.07951849401287635,-0.996833390848202,-0.9992080341070627,-0.03979075993115771,0.7210377105017316,-0.6928958219201651,0.9200260381967906,0.39185723042955,0.5514266812416906,0.8342233605065102,-0.2879033166650653,-0.9576594803233847,0.9893582466233818,-0.14550003380861354,-0.7568024953079283,-0.6536436208636119,0.9092974268256817,-0.4161468365471424,1,0,0,0,99,21
1701939900,12,7,3,1025,19.8,0.0,57,0,0,0,1,0,0,0,0.7451734706822545,0.6668706760619807,-0.4081233416125689,-0.9129267977395507,-0.9779894676681213,0.2086542621904108,0.6290253324825595,-0.7773848024596348,0.9427048325058154,0.3336279346370484,0.5772226889870805,0.8165867788046315,-0.3028309934562251,-0.9530442746285798,0.9881913465085038,-0.1532248761974051,-0.7593500102710887,-0.6506823817357417,0.9084829062056539,-0.4179220132179318,1,0,0,0,99,17
1701939960,12,7,3,1026,19.8,0.0,57,0,0,0,1,0,0,0,0.9637712690067693,-0.2667300902355814,-0.7958423494121124,-0.6055038851090959,-0.8959642529445848,0.4441261728894752,0.5271972245329658,-0.8497429531597998,0.9617023846179752,0.27409582889949297,0.6024550485723009,0.7981528139709504,-0.3176847384035387,-0.948196396842698,0.9869641322871612,-0.16094036652950375,-0.7618859384873512,-0.6477112139952867,0.9076649199994695,-0.41969559564326697,1,0,0,0,99,19
1701940020,12,7,3,1027,19.8,0.0,57,0,0,0,1,0,0,0,0.29628220726538684,-0.955100441659384,-0.9887113941033004,-0.14983250371767806,-0.7582323205052914,0.6519844692484331,0.41714238022021144,-0.9088411492797939,0.9769445094988235,0.2134933848157902,0.6270991210264171,0.7789394664592975,-0.33246092517820985,-0.9431170305055724,0.9856766788621846,-0.1686460338911467,-0.7644102412615711,-0.6447301629786113,0.9068434713274974,-0.42146757705746996,1,0,0,0,99,22
1701940080,12,7,3,1028,19.8,0.0,57,0,0,0,1,0,0,0,-0.6436073494603881,-0.7653558516929062,-0.9395094070026404,0.34252310017507853,-0.5733571748155426,0.8193055291449822,0.3005781685810014,-0.953757183235068,0.9883716869768853,0.1520572536331825,0.6511308418308941,0.7589654977774624,-0.3471559463861577,-0.9378074156716458,0.9843290648130953,-0.17634140796811468,-0.7669228800759939,-0.6417392741728861,0.9060185633233147,-0.4232379507009703,1,0,0,0,99,24
1701940140,12,7,3,1029,19.8,0.0,57,0,0,0,1,0,0,0,-0.9917672772396455,0.12805337870068162,-0.6602827505316636,0.7510171032342345,-0.3528334570061104,0.9356861394811389,0.17932353515205574,-0.9837901553383066,0.9959392941686522,0.09002734212919263,0.674526744418191,0.738250412166899,-0.3617662144487106,-0.9322688486072296,0.9829213723913093,-0.18402601907443744,-0.7694238165908427,-0.6387385932153945,0.9051901991336944,-0.4250067098203306,1,0,0,0,99,21
1701940200,12,7,3,1030,19.8,0.0,57,0,0,0,1,0,0,0,-0.428100944093906,0.903730923265275,-0.21939584856455807,0.9756359267844935,-0.11037226376111557,0.9938903175865266,0.05527061793337119,-0.9984714111046261,0.9996177797299891,0.027645875780791213,0.6972639830864666,0.7168144375571656,-0.37628816247846175,-0.926502681474038,0.9814536875151161,-0.19169939818106102,-0.7719130126449032,-0.6357281658928362,0.9043583819185943,-0.42677384766827253,1,0,0,0,99,18
1701940260,12,7,3,1031,19.8,0.0,57,0,0,0,1,0,0,0,0.5291594227631156,0.8485224247484602,0.27520680882886944,0.9613850489654133,0.13895134226517336,0.9902992095739078,-0.06964477879242692,-0.9975718544480663,0.9993927792534991,-0.03484354712090696,0.7193203553080181,0.6946785058136941,-0.3907182451500736,-0.9205103219990785,0.9799260997644359,-0.19936107694447477,-0.7743904302561063,-0.6327080381406281,0.9035231148511443,-0.4285393575037022,1,0,0,0,99,19
1701940320,12,7,3,1032,19.8,0.0,57,0,0,0,1,0,0,0,0.9999130566754362,0.013186322079561247,0.7024292412479847,0.7117535816838442,0.37963562682930313,0.9251360931462582,-0.19347339203846847,-0.9811055226493881,0.9952651713612277,-0.0971969067167568,0.740674323409674,0.6718642322981792,-0.4050529395658183,-0.914293233130974,0.9783387023753517,-0.20701058773529676,-0.7768560316221071,-0.6296782560422042,0.9026844011176343,-0.4303032325917363,1,0,0,0,99,18
1701940380,12,7,3,1033,19.8,0.0,57,0,0,0,1,0,0,0,0.5513512376156806,-0.8342732242974464,0.9576724973333646,0.28786001433209996,0.5967160068524642,0.8024524952706235,-0.3142829177106008,-0.9493293673090029,0.9872510742736629,-0.1591707144719108,0.7613050356039657,0.6483938947615443,-0.41928874611564265,-0.9078529326828064,0.9766915922344183,-0.21464746366681534,-0.7793097791208626,-0.6266388658283113,0.9018422439175022,-0.43206546620372743,1,0,0,0,99,15
1701940440,12,7,3,1034,19.8,0.0,57,0,0,0,1,0,0,0,-0.40412036662142653,-0.9147058157034773,0.9784441260755459,-0.20651172399711681,0.7766954757165503,0.6298762878545608,-0.43018816356650214,-0.9027392447031869,0.9753817828684281,-0.22052296399333682,0.7811923463505441,0.6242904115900961,-0.4334221893315477,-0.9011909929615631,0.9749848698727491,-0.22227123862348555,-0.7817516353112047,-0.6235899138763048,0.900996646463322,-0.43382605161729004,1,0,0,0,99,13
1701940500,12,7,3,1035,19.8,0.0,58,0,0,0,1,0,0,0,-0.9880455694833501,-0.15416209853372645,0.7596585083225641,-0.6503221899436746,0.908383781763984,0.41813742361592404,-0.5393804670101041,-0.8420621781127342,0.9597036464744557,-0.28101407605960405,0.8003168360279583,0.5995773194261087,-0.4474498187360742,-0.8943090403842815,0.9732186394598804,-0.22988144728937843,-0.7841815629334122,-0.6205314467094402,0.9001476119807906,-0.43558498211632585,1,0,0,0,99,11
1701940560,12,7,3,1036,19.8,0.0,58,0,0,0,1,0,0,0,-0.6635662323678801,0.7481175410729898,0.35488199371552387,-0.9349111030127383,0.9835931839466808,0.18040079959254857,-0.6401559186664806,-0.7682450128678183,0.9402778878788489,-0.34040783417261544,0.8186598298965864,0.5742787501846923,-0.46136820968468756,-0.8872087550809822,0.9713930087974131,-0.23747762517658147,-0.7865995249097795,-0.6174635109961635,0.8992951437087169,-0.4373422509910497,1,0,0,0,99,14
1701940620,12,7,3,1037,19.8,0.0,58,0,0,0,1,0,0,0,0.27099283859415124,0.9625813635380046,-0.13678200989529898,-0.9906011718996715,0.9976475259077405,-0.06855227239241818,-0.7309419513177562,-0.6824396411432962,0.9171803642532085,-0.398472306977978,0.8362034163342009,0.5484194074893877,-0.4751739642018554,-0.8798918704844896,0.9695080893124332,-0.2450593086535486,-0.7890054843451814,-0.6143861535493991,0.898439244899008,-0.4390978515380148,1,0,0,0,99,14
1701940680,12,7,3,1038,19.8,0.0,58,0,0,0,1,0,0,0,0.9564023435002251,0.29205231953757416,-0.5949570070443855,-0.8037575254818999,0.9496729767351233,-0.3132430961075599,-0.8103218792885825,-0.5859850270665796,0.8905012709330009,-0.45498075395197785,0.8529304643263652,0.5220245425494965,-0.4888637118106147,-0.8723601729072392,0.9675639960507106,-0.2526260349733978,-0.7913994045276372,-0.6112994213258353,0.8975799188166576,-0.44085177706013884,1,0,0,0,99,14
1701940740,12,7,3,1039,19.8,0.0,58,0,0,0,1,0,0,0,0.7624999444675773,-0.6469882801774245,-0.9074657790179816,-0.4201260048024732,0.8426523615354298,-0.5384579812750141,-0.8770570053522787,-0.4803863126302549,0.8603447892067038,-0.5097125108184736,0.8688246401945774,0.4951199295027046,-0.5024341103554253,-0.8646155011051747,0.9655608476696781,-0.26017734230215483,-0.7937812489288705,-0.6082033614252083,0.8967171687397337,-0.44260402086672895,1,0,0,0,99,14
1701940860,12,7,3,1041,19.8,0.0,58,0,0,0,1,0,0,0,-0.9056167181092594,-0.4240971113801818,-0.8438296959043874,0.5366110735997806,0.4813465105307295,-0.8765303969628722,-0.9686409027505684,-0.2484648899111581,0.790083821474392,-0.6129988214054094,0.8980531224280135,0.4398870187869782,-0.529203638126677,-0.8484948493617914,0.9613778781940511,-0.27523185738410494,-0.7985085651964244,-0.601983447702632,0.8949814097797317,-0.4461034366026381,1,0,0,0,99,14
1701940920,12,7,3,1042,19.8,0.0,58,0,0,0,1,0,0,0,-0.8461722149944356,0.5329095444551641,-0.483265173349392,0.8754740271576206,0.2495255225847443,-0.9683682221029407,-0.9920605379972889,-0.12576123786178975,0.7502537030437737,-0.6611500442933549,0.9113588876763519,0.41161265511804,-0.5423962319568417,-0.8401228050463933,0.9591983124063536,-0.2827341462872912,-0.8008539649297153,-0.5988596887889135,0.8941084075180463,-0.4478505951827498,1,0,0,0,99,17
1701940980,12,7,3,1043,19.8,0.0,58,0,0,0,1,0,0,0,-0.008760879736830363,0.999961622756712,-0.004380481896321661,0.9999904056431521,0.002190246201668042,-0.9999976014079114,-0.999999400351798,-0.001095123757523013,0.7074938599583473,-0.7067194904070769,0.9237747264368832,0.38293635867655806,-0.5554564075260281,-0.8315456567971954,0.9569602020975573,-0.2902191785554537,-0.803187144616824,-0.5957267920131452,0.8932319945045478,-0.4495960453489637,1,0,0,0,99,21
1701941040,12,7,3,1044,19.8,0.0,58,0,0,0,1,0,0,0,0.8367051679479498,0.5476535966550325,0.4755767042996153,0.8796742569426005,-0.24528120908194284,-0.9694519732670104,-0.992333606522275,0.12358807938670624,0.6619712684902925,-0.7495292120346966,0.935288514853758,0.3538861313793629,-0.5683809763796802,-0.8227654986019294,0.9546636838703799,-0.297686497340802,-0.8055080686562991,-0.5925848051794772,0.8923521740824856,-0.45133978044291795,1,0,0,0,99,23
1701941100,12,7,3,1045,19.8,0.0,58,0,0,0,1,0,0,0,0.9129083428849631,-0.4081646205773236,0.8390961269655949,0.5439831704302425,-0.4775022667850685,-0.8786305168926932,-0.9691827786575381,0.24634273188720912,0.6138636933850995,-0.7894120381293944,0.9458890099079792,0.32449034028042,-0.5811667831696767,-0.8137844740102934,0.9523088978924573,-0.30513564687668543,-0.8078167016336953,-0.5894337762307631,0.891468949608107,-0.45308179381279323,1,0,0,0,99,27
1701941160,12,7,3,1046,19.8,0.0,58,0,0,0,1,0,0,0,0.14978779746606605,-0.9887181679984771,0.9971755532498972,0.07510603172023837,-0.6800345462841435,-0.7331800705557395,-0.930908177683422,0.36525328844807164,0.5633589936940424,-0.8262122271087713,0.9555658603960198,0.2947776898708828,-0.593810706424664,-0.8046047756106357,0.9498959878877886,-0.3125661725054107,-0.8101130083221139,-0.5862737532478276,0.8905823244506449,-0.45482207881333797,1,0,0,0,99,32
1701941220,12,7,3,1047,19.8,0.0,58,0,0,0,1,0,0,0,-0.7510469581613124,-0.6602487914692763,0.9111116263853942,-0.41215968296930966,-0.8402855713890695,-0.5421440385315928,-0.8781070659468562,0.4784641896048268,0.5106543891886044,-0.8597860750223938,0.964309617037597,0.2647771940496445,-0.606309659312119,-0.795228644494665,0.9474251011279639,-0.3199776207059917,-0.8123969536827399,-0.5831047844487336,0.889692301992305,-0.4565606288058938,1,0,0,0,99,30
1701941280,12,7,3,1048,19.8,0.0,58,0,0,0,1,0,0,0,-0.9613726040856847,0.2752502790434721,0.6019757972528995,-0.7985143326964996,-0.9482917095220488,-0.31740011602352985,-0.8116033871367004,0.5842088171092894,0.45595569022148996,-0.8900024767126464,0.9721117417027341,0.23451814779175792,-0.618660590391954,-0.7856583697103207,0.9448963884231754,-0.3273695391218304,-0.8146685028653773,-0.5799269181880462,0.8887988856282523,-0.4582974371584211,1,0,0,0,99,29
1701941340,12,7,3,1049,19.8,0.0,58,0,0,0,1,0,0,0,-0.28781671141059484,0.95768551238535,0.14545529831300405,-0.9893648246186414,-0.9973376621332019,-0.07292179160360307,-0.7324349089180564,0.6808370614164585,0.39947649404160285,-0.9167434377775656,0.9789646157490999,0.2040300985423896,-0.6308604843614832,-0.7758962877029344,0.9423100041130134,-0.334741476588326,-0.8169276212089802,-0.5767402029560944,0.8879020787665987,-0.4600324972455237,1,0,0,0,99,30
1701941460,12,7,3,1051,19.8,0.0,58,0,0,0,1,0,0,0,0.9905949860791541,-0.13682680130310884,-0.7539319602268857,-0.6569525092032494,-0.9102067098201511,0.4141542531453411,-0.541223496743563,0.8408787823299329,0.2820649018134543,-0.9593953257989984,0.9897967785861395,0.14248626986661125,-0.6547952848537429,-0.7558062813534336,0.9369648556251813,-0.3494236101400179,-0.8214084276838222,-0.5703404202140955,0.8860983072475919,-0.463497346155242,1,0,0,0,99,33
1701941520,12,7,3,1052,19.8,0.0,58,0,0,0,1,0,0,0,0.42008497191934335,-0.9074847747304219,-0.9765973517090915,-0.21507582996419908,-0.7794471854988634,0.6264679441263539,-0.4321643529223842,0.9017948614087224,0.22159099552021236,-0.9751396980455473,0.9937654899536277,0.11149058694448753,-0.6665243480382065,-0.7454832616982381,0.9342064176878251,-0.35673291010345676,-0.8236300474434674,-0.5671274503568591,0.8851913494710788,-0.46522712176051223,1,0,0,0,99,37
1701941580,12,7,3,1053,19.8,0.0,58,0,0,0,1,0,0,0,-0.5366492281020062,-0.8438054313510437,-0.96015765146955,0.27945891348188945,-0.6002254103743486,0.7998308925897678,-0.3163614289149613,0.9486387332883283,0.16025178113155528,-0.9870761706394112,0.9967638061846475,0.0803860353562382,-0.6780906888623977,-0.7349782429964299,0.9313909606058107,-0.36402043692873215,-0.8258390996219337,-0.5639058268324897,0.8842810149586188,-0.4669551226657173,1,0,0,0,99,30
1701941640,12,7,3,1054,19.8,0.0,58,0,0,0,1,0,0,0,-0.9999906026910859,-0.0043352657956364895,-0.708637871481491,0.7055723684372722,-0.3836845263772881,0.9234642300699232,-0.19562179061913934,0.9806794150154073,0.09828678696699936,-0.995158131910554,0.9987887994742818,0.049202988168636434,-0.6894914835700886,-0.7242937898976618,0.9285186562201273,-0.371285745822768,-0.8280355505118026,-0.5606755987989989,0.8833673071828612,-0.4686813422790591,1,0,0,0,99,31
1701941700,12,7,3,1055,19.7,0.0,58,0,0,0,1,0,0,0,-0.5439452288589227,0.8391207231391763,-0.2836188259449852,0.9589370999025891,-0.14328799687589133,0.9896810344506428,-0.07182953970810732,0.9974169224678923,0.03593798500269404,-0.9993540219731675,0.9998384924509477,0.017971895098076136,-0.700723948820762,-0.7134325108579214,0.9255896798414299,-0.37852839334855626,-0.830219366597936,-0.557436815545692,0.8824502296293236,-0.47040577401553435,1,0,0,0,99,30
1701941760,12,7,3,1056,19.7,0.0,58,0,0,0,1,0,0,0,0.4122008798541881,0.9110929890233121,0.21083999973521134,0.9775205852112047,0.10601748626711377,0.9943642655514137,0.05308358714605824,0.9985900724399912,-0.026551154023966794,-0.99964745596635,0.9999118601072672,-0.013276747223059479,-0.711785342369123,-0.7023970575027135,0.9226042102393402,-0.3857479374522218,-0.8323905145579873,-0.5541895264924167,0.8815297857963782,-0.4721284112969602,1,0,0,0,99,30
1701941820,12,7,3,1057,19.7,0.0,58,0,0,0,1,0,0,0,0.9893714005911104,0.1454105625200062,0.6536778401781698,0.7567729390378617,0.3487313156013798,0.937222742745251,0.1771683623770749,0.9841805583187596,-0.088936611362364,-0.9960372880366376,0.9990088308009688,-0.044512425025841795,-0.7226729637345795,-0.6911901239797044,0.9195624296315352,-0.39294393749000356,-0.8345489612629098,-0.5509337811888088,0.8806059791952382,-0.473849247551999,1,0,0,0,99,33
1701941880,12,7,3,1058,19.7,0.0,58,0,0,0,1,0,0,0,0.6569184183445477,-0.7539616645690269,0.9364725475338364,0.3507408840091023,0.5697627207842304,0.8218092491597738,0.29848848456869004,0.9544132357526728,-0.15097477313665228,-0.9885376158125377,0.9971302863248458,-0.07570463720097437,-0.7333841548605254,-0.6798144463009835,0.9164645236726252,-0.4001159542551487,-0.8366946737774624,-0.5476696293135358,0.8796788133499452,-0.4755682762161834,1,0,0,0,99,37
1701941940,12,7,3,1059,19.7,0.0,58,0,0,0,1,0,0,0,-0.2795023281934896,-0.9601450143256585,0.9899861146313261,-0.14116477194105753,0.7553690395896093,0.6552996368299553,0.41515079379066877,0.9097526138544355,-0.21242338165273203,-0.9771777253535908,0.9942780610456994,-0.10682292508260853,-0.7439163007632675,-0.6682728016751062,0.9133106814428227,-0.40726355000471987,-0.8388276193607123,-0.5443971206735393,0.8787482917973551,-0.47728549073194165,1,0,0,0,99,39
1701942000,12,7,3,1060,19.7,0.0,58,0,0,0,1,0,0,0,-0.9589499231814597,-0.2835754658468757,0.8011165538942744,-0.5985083684265092,0.8940101700837942,0.44804666697426215,0.5253348137263215,0.8508956066916382,-0.2730424814093603,-0.9620019767889353,0.9904549401131116,-0.1378369021907137,-0.7542668301704357,-0.6565680078290772,0.9101010954364018,-0.41438628848631254,-0.8409477654665337,-0.5411163052032749,0.8778144180871248,-0.4790008845486223,1,0,0,0,99,40
1701942060,12,7,3,1061,19.7,0.0,58,0,0,0,1,0,0,0,-0.7567433812205466,0.6537120581562608,0.4161057208473222,-0.9093162426120686,0.9770660782700596,0.21293632544487498,0.6273211595965519,0.7787606581758207,-0.33259535611924834,-0.943069631091952,0.985664656739794,-0.16871628390295948,-0.7644332161487226,-0.6447029223204439,0.9068359615499497,-0.4214837349646817,-0.843055079744106,-0.5378272329639502,0.8768771957816984,-0.4807144511225192,1,0,0,0,99,46
1701942120,12,7,3,1062,19.7,0.0,58,0,0,0,1,0,0,0,0.14120953553363158,0.9899797306381459,-0.07078230485740782,-0.9974917870935445,0.9993727500521375,-0.03541336546034254,0.7195183685842713,0.6944734100524143,-0.3908494530810973,-0.9204546186674317,0.9799118885561681,-0.19943091702713533,-0.7744129767207983,-0.6326804418396639,0.9035154790704097,-0.42855545624827607,-0.8451495300384058,-0.5345299541427608,0.8759366284562944,-0.48242618391689684,1,0,0,0,99,50
1701942180,12,7,3,1063,19.7,0.0,58,0,0,0,1,0,0,0,0.909335056539327,0.4160646042967595,-0.5403403537138608,-0.8414465533522493,0.9595432646192275,-0.28156122482308416,0.8004877340793812,0.5993491366377847,-0.44757729129292034,-0.8942452506549265,0.9732022530427389,-0.22995080924523129,-0.7842036754712488,-0.6205035015029201,0.9001398506629178,-0.43560102071567736,-0.8472310843906984,-0.5312245190521249,0.8749927196988913,-0.4841360764020149,1,0,0,0,99,53
1701942300,12,7,3,1065,19.7,0.0,58,0,0,0,1,0,0,0,-9.043305996889882e-05,-0.9999999959109308,-0.9999999989777327,4.521653003067279e-05,0.7070907945483271,-0.7071227674633418,0.9238838583564879,0.38267298868397953,-0.5555749325320665,-0.8314664721694975,0.9569395153742731,-0.29028738159839335,-0.8032083732128275,-0.5956981695462924,0.8932239835411643,-0.44961196072486087,-0.8513553784186897,-0.5245893819336888,0.87309489230372,-0.48755031436063667,1,0,0,0,99,52
1701942360,12,7,3,1066,19.7,0.0,58,0,0,0,1,0,0,0,-0.8415198425578914,-0.540226206862775,-0.8775608830339849,0.4794652193523661,0.5101640817656776,-0.8600770951933222,0.9643850618900425,0.2645022729644093,-0.6064230070815217,-0.795142211483081,0.9474022935065866,-0.32004514409448476,-0.8124177324795677,-0.5830758337924473,0.8896841669357861,-0.45657648111107996,-0.8533980551627359,-0.5212597811499177,0.8721409809055867,-0.48925464680986036,1,0,0,0,99,49
1701942420,12,7,3,1067,19.7,0.0,58,0,0,0,1,0,0,0,-0.9092597896756762,0.4162290653942189,-0.5402642569177518,0.8414954145431272,0.28151783731841296,-0.9595559948598954,0.9898373590797367,0.1422040877403048,-0.6549030127658962,-0.7557129374770241,0.9369399493769662,-0.34949038793862125,-0.8214287516086289,-0.5703111484362632,0.8860900485944595,-0.4635131344221741,-0.85542771010243,-0.517922226583213,0.8711837425546958,-0.49095711290131394,1,0,0,0,99,48
1701942480,12,7,3,1068,19.7,0.0,58,0,0,0,1,0,0,0,-0.14103047943200392,0.9900052544664494,-0.07069209833337335,0.9974981840751515,0.035368177256176046,-0.9993743503000143,0.9998435753406666,0.01768685528840119,-0.7008256362004742,-0.713332620622526,0.9255626992869057,-0.3785943603498829,-0.8302392306889271,-0.5574072297925984,0.8824418478836433,-0.47042149728057797,-0.857444312267735,-0.5145767691605511,0.8702231809026209,-0.49265770614060683,1,0,0,0,99,49
1701942540,12,7,3,1069,19.7,0.0,58,0,0,0,1,0,0,0,0.7568616032060743,0.6535751782253751,0.41618795139613596,0.9092786091802048,-0.21298050476486718,-0.9770564490294829,0.9942475670147458,-0.10710637462475603,-0.7440115505234969,-0.6681667551499565,0.913281652928043,-0.40732864179311246,-0.8388470187683545,-0.5443672281681216,0.8787397874707056,-0.4773011480354297,-0.8594478308877828,-0.5112234599294961,0.8692592996136125,-0.4943564200404926,1,0,0,0,99,49
1701942600,12,7,3,1070,19.7,0.0,58,0,0,0,1,0,0,0,0.9588986183026019,-0.28374890275974823,0.8011706755616272,0.5984359185578068,-0.448087090553942,-0.8939899100543045,0.973136657940267,-0.23022824538454828,-0.7842921156637201,-0.6203917127974276,0.9001088025337347,-0.43566517373010916,-0.8472500143789049,-0.5311943270922096,0.8749840933103326,-0.4841516667883063,-0.8614382353913443,-0.5078623500574214,0.8682921023645849,-0.4960532481208941,1,0,0,0,99,52
1701942660,12,7,3,1071,19.7,0.0,58,0,0,0,1,0,0,0,0.2793286659192636,-0.9601955511226682,0.9899988765454909,0.1410752438901522,-0.6553337913269267,-0.7553394084417124,0.9368402767926112,-0.3497574813769446,-0.8215100368762833,-0.5701940540829303,0.8860570111688442,-0.46357628601831524,-0.8554461660497157,-0.5178917425397342,0.8711749946307384,-0.49097263541885194,-0.8634154954072958,-0.5044934908307281,0.8673215928451016,-0.4977481839089279,1,0,0,0,99,54
1701942720,12,7,3,1072,19.7,0.0,58,0,0,0,1,0,0,0,-0.6570547737201031,-0.7538428379520655,0.9364408251331382,-0.35082557065294895,-0.8218350110128397,-0.5697255608391865,0.8859248164599484,-0.4638288688518717,-0.8555199789753223,-0.5177697997895051,0.8711400001691764,-0.4910347239302405,-0.8634334728079056,-0.504462722145928,0.8673127239196736,-0.4977636376102979,-0.8653795807650819,-0.5011169336540635,0.8663477747573614,-0.4994412209389292,1,0,0,0,99,55
1701942780,12,7,3,1073,19.7,0.0,58,0,0,0,1,0,0,0,-0.9893450845645446,0.14558950390730144,0.653609400212657,-0.7568320500306859,-0.9372385102071633,-0.3486889372845904,0.8211847956716535,-0.5706623619599464,-0.8861891338647598,-0.4633236655082782,0.8553723357428267,-0.518013674767241,-0.8712099846670839,-0.49091054441352094,0.8633975169102355,-0.5045242588748726,-0.8673304614951768,-0.4977327300495354,0.8653706518161843,-0.5011323527524763,1,0,0,0,99,57
1701942840,12,7,3,1074,19.7,0.0,58,0,0,0,1,0,0,0,-0.41203608725896307,0.9111675272946924,0.21075159869536877,-0.9775396481203953,-0.9943690582777592,-0.10597252445706083,0.7436304607992672,-0.6685908597726038,-0.9133977391510787,-0.40706826222845977,0.8387694147465261,-0.5444867940416647,-0.8787738031034109,-0.47723851791234084,0.8594296125664803,-0.5112540865790997,-0.8692681078295407,-0.49434093165592724,0.8643902277489974,-0.5028215728984153,1,0,0,0,99,60
1701942900,12,7,3,1075,19.6,0.0,58,0,0,0,1,0,0,0,0.5440969884707371,0.8390223281516855,-0.28370554440151013,-0.958911447463134,-0.9896745544529105,0.14333274667162774,0.6544720212997543,-0.7560862208345116,-0.9370395458129053,-0.34922326609598076,0.8213474496508711,-0.570428231201796,-0.8861230815190957,-0.46344998047157365,0.8554092530688377,-0.5179527099689828,-0.8711924902020743,-0.4909415902279095,0.8634065062958205,-0.5045088749328849,1,0,0,0,99,60
1701942960,12,7,3,1076,19.6,0.0,58,0,0,0,1,0,0,0,0.9999898022322627,-0.004516130144271112,-0.708701675652129,-0.7055082812610101,-0.9234468802429867,0.3837262818331512,0.5551007648016929,-0.8317831092998796,-0.9570222331011646,-0.2900145605828441,0.8031234527091224,-0.5958126548744814,-0.8932560256932167,-0.44954829836488014,0.8513366837993298,-0.5246197201950761,-0.8731035792490706,-0.48753475763525,0.862419491209252,-0.5061942524193405,1,0,0,0,99,63
1701943020,12,7,3,1077,19.6,0.0,58,0,0,0,1,0,0,0,0.5364966035106962,-0.8439024792127862,-0.9601829198680807,-0.2793720823446877,-0.7998037516618335,0.6002615753383321,0.44706734652715796,-0.8945003005416857,-0.9732677690496294,-0.22967335441700054,0.7841152193450273,-0.6206152776007853,-0.9001708942197546,-0.43553686548856846,0.847212153326594,-0.5312547103374385,-0.8750013458096617,-0.4841204858620225,0.8614291862544543,-0.5078776989285795,1,0,0,0,99,65
1701943080,12,7,3,1078,19.6,0.0,58,0,0,0,1,0,0,0,-0.4202490982977543,-0.9074087807487452,-0.9765778977502884,0.21516414577161172,-0.6264326995888658,0.7794755114086689,0.3320575918356115,-0.943259113766909,-0.9857127151880788,-0.16843527871721392,0.7643413107758908,-0.6448118800405224,-0.9068659989327317,-0.4214191025330233,0.8430359133907117,-0.5378572754304699,-0.8768857609262651,-0.4806988270058135,0.8604355952091398,-0.5095592080387649,1,0,0,0,99,65
1701943140,12,7,3,1079,19.6,0.0,58,0,0,0,1,0,0,0,-0.9906197172092625,-0.13664763399430246,-0.7538725469183444,0.6570206868910968,-0.414113096332936,0.9102254355079012,0.21186618948300692,-0.9772986840029769,-0.9943084742681662,-0.10653946685858495,0.7438210358878623,-0.6683788346220334,-0.9133397053183534,-0.4071984561475931,0.8388082188878436,-0.5444270124876276,-0.8787567958450243,-0.4772698332769275,0.8594387218635565,-0.5112387733354506,1,0,0,0,99,62
1701943260,12,7,3,1081,19.6,0.0,58,0,0,0,1,0,0,0,0.28798991956502257,0.9576334404295476,0.14554476900674315,0.989351666605345,0.07296688767740807,0.9973343638432762,-0.03650778106598482,-0.9993333687622155,-0.9998333283008262,0.018256933447111743,0.7006222472034728,-0.7135323865975222,-0.9256166556943328,-0.37846242442445843,0.8301995014526503,-0.5574664005908974,-0.8824586110948482,-0.4703900506011488,0.8574351434951651,-0.5145920468676383,1,0,0,0,99,52
1701943320,12,7,3,1082,19.6,0.0,58,0,0,0,1,0,0,0,0.9614223718109872,0.2750763948093979,0.6020480068859135,0.7984598909179464,0.3174429941596235,0.9482773568207633,-0.16081455652277984,-0.9869846393994092,-0.9967408488166343,0.08067019462165342,0.677985916291167,-0.7350748923142639,-0.9314169024433323,-0.36395405457676666,0.8258190039520665,-0.5639352557799668,-0.8842893349407667,-0.46693936663127533,0.8564284461153995,-0.5162657423114207,1,0,0,0,99,51
1701943380,12,7,3,1083,19.6,0.0,58,0,0,0,1,0,0,0,0.7509275292403622,-0.6603846196187226,0.9111488955211224,0.412077286671613,0.5421820327751498,0.8402610566578738,-0.2826118746108577,-0.959234344844333,-0.9897561176482652,0.1427684404125557,0.6546875436372088,-0.7558996098730821,-0.9369897571139938,-0.34935683056648387,0.8213881027159098,-0.5703696912676532,-0.8861065656194105,-0.46348155774116123,0.8554184817214208,-0.5179374683583139,1,0,0,0,99,52
1701943440,12,7,3,1084,19.6,0.0,58,0,0,0,1,0,0,0,-0.14996662063412206,-0.9886910602890983,0.9971687571041068,-0.07519620904973118,0.7332108186087175,0.6800013937302882,-0.3999991289176214,-0.916515519162193,-0.9789064100214568,0.2043091784989199,0.630749879707115,-0.7759862042906819,-0.9423338591737755,-0.33467431609649856,0.8169070681835537,-0.5767693143291786,-0.8879102754020753,-0.46001667669271595,0.8544052541659362,-0.5196072186311907,1,0,0,0,99,52
1701943500,12,7,3,1085,19.5,0.0,59,0,0,0,1,0,0,0,-0.9129821511040995,-0.40799949971210886,0.8390469294717993,-0.5440590502362271,0.8786521069900838,0.47746253767378066,-0.5111445306007976,-0.8594947753400776,-0.964234093812306,0.26505209361550275,0.6061962992234847,-0.7953150613484894,-0.9474479039368047,-0.3199100956921418,0.8123761738542502,-0.5831337343645359,-0.8897004367663691,-0.45654477635576124,0.8533887673141008,-0.5212749867604616,1,0,0,0,99,53
1701943560,12,7,3,1086,19.5,0.0,59,0,0,0,1,0,0,0,-0.8366061022818767,0.5478049193140986,0.47549715072011806,-0.8797172612021713,0.9694630630411277,0.24523737357693737,-0.6143136928406621,-0.7890619030142494,-0.9457964641016188,0.32475998597868444,0.5810507783409793,-0.8138673067456035,-0.9523306428823981,-0.30506777382607664,0.8077956962704359,-0.5894625629223299,-0.8914770223966318,-0.4530659097072247,0.8523690250435033,-0.5229407663840979,1,0,0,0,99,54
1701943620,12,7,3,1087,19.5,0.0,59,0,0,0,1,0,0,0,0.008941738771590156,0.9999600218547443,-0.004470914070731418,-0.9999900054137402,0.9999975013503134,-0.0022354626210036865,-0.7078966953662814,-0.7063159836004691,-0.9236655194388468,0.3831996975465474,0.555337871234014,-0.8316248245292307,-0.9569808839598706,-0.29015097403831797,0.803165915000854,-0.5957554137234852,-0.8932400051843528,-0.44958012983033113,0.8513460312441502,-0.5246045511476568,1,0,0,0,99,43
1701943680,12,7,3,1088,19.5,0.0,59,0,0,0,1,0,0,0,0.846268586435398,0.5327564918540488,-0.48334434316848646,-0.8754303204293443,0.9683569384347241,-0.24956930858045798,-0.7904332067228887,-0.6125482394960996,-0.8979276806892913,0.4401430224960407,0.5290826861200238,-0.8485702747846052,-0.9613974918795568,-0.27516333805159693,0.7984871126234903,-0.6020119026848236,-0.8949893582285835,-0.4460874899137928,0.850319789818452,-0.5262663347043051,1,0,0,0,99,41
1701943740,12,7,3,1089,19.5,0.0,59,0,0,0,1,0,0,0,0.9055399984980432,-0.42426089982481757,-0.8438782198353082,-0.5365347613040475,0.8765086312478753,-0.4813861437016818,-0.860635272255815,-0.5092218849864557,-0.8686834535624746,0.4953675983618349,0.5023108607417149,-0.8646871105671216,-0.9655793883899764,-0.26010852488228686,0.7937595747083266,-0.6082316479425061,-0.8967250548363489,-0.4425880432509977,0.8492903046812078,-0.5279261107148435,1,0,0,0,99,39
1701943800,12,7,3,1090,19.5,0.0,59,0,0,0,1,0,0,0,0.13226211205325097,-0.9912147767841303,-0.9978012770046274,-0.06627678030754695,0.7301632626705986,-0.683272719963432,-0.9174074122121076,-0.39794929327526646,-0.8360470361394945,0.5486577743569909,0.4750485373322441,-0.8799595940601451,-0.9695255525410729,-0.24499020994710669,0.7889835897999105,-0.6144142698753396,-0.8984470685230543,-0.43908184323919636,0.8482575797595906,-0.5295838728477311,1,0,0,0,99,40
1701943860,12,7,3,1091,19.5,0.0,59,0,0,0,1,0,0,0,-0.7626169502553196,-0.6468503591892605,-0.9074277820271045,0.4202080679917626,0.5384198789087553,-0.8426767078754944,-0.9598637163356823,-0.2804668359401033,-0.800145872931962,0.5998054534846681,0.4473223370877716,-0.8943728119427233,-0.9732350209334648,-0.2298120841658208,0.7841594493997445,-0.620559391127948,-0.9001553730128894,-0.4355689433786872,0.8472216189931319,-0.5312396147791093,1,0,0,0,99,40
1701943920,12,7,3,1092,19.5,0.0,59,0,0,0,1,0,0,0,-0.9563495054874062,0.2922252955409466,-0.5948843183590627,0.8038113259779768,0.3132001548706699,-0.9496871395301657,-0.9873416682005692,-0.15860778743465642,-0.7611201572139107,0.6486109051524434,0.4191593341723149,-0.9079126899521901,-0.9767068879536455,-0.2145778530601538,0.7792874479484941,-0.6266666366338032,-0.9018499422392295,-0.4320493972719999,0.8461824263337073,-0.5328933301928258,1,0,0,0,99,38
1701943980,12,7,3,1093,19.5,0.0,59,0,0,0,1,0,0,0,-0.2708187358060818,0.9626303612168046,-0.13669242624080422,0.9906135374647382,0.0685071621630242,-0.9976506245837613,-0.9994124835581556,-0.034273717454039475,-0.7191222835700614,0.6948835451160001,0.39058702928028716,-0.9205660066274445,-0.9799403059950755,-0.19929123584914057,0.7743678828080167,-0.6327356336381172,-0.9035307503450332,-0.428523258623078,0.8451400057455208,-0.534545012780459,1,0,0,0,99,38
1701944040,12,7,3,1094,19.5,0.0,59,0,0,0,1,0,0,0,0.6637015306307652,0.7479975121872929,0.35496653913623116,0.9348790061252026,-0.18044527407887062,-0.9835850258430133,-0.9958878013719752,0.0905951824243062,-0.6743162527982304,0.7384426797065248,0.3616333227825357,-0.9323204062194833,-0.9829344856651138,-0.18395596454113236,0.7694010542432121,-0.6387660117205939,-0.9051977716832366,-0.4249905812364588,0.8440943612050903,-0.5361946562413418,1,0,0,0,99,38
1701944100,12,7,3,1095,19.5,0.0,59,0,0,0,1,0,0,0,0.9880176706221142,-0.15434079997995195,0.7597173158418702,0.6502534890410232,-0.41817849715102334,-0.9083648741120011,-0.9768226231286827,0.2140503747812637,-0.6268770314897238,0.7791182114356151,0.33232648748210314,-0.9431644107565804,-0.9856886959777362,-0.1685757830226803,0.7643872654036958,-0.6447574028180366,-0.9068509808171452,-0.4214514190164529,0.8430454967012317,-0.5378422542825857,1,0,0,0,99,39
1701944160,12,7,3,1096,19.5,0.0,59,0,0,0,1,0,0,0,0.4039549207204277,-0.9147788924246957,0.9784627975617406,0.20642323945634647,-0.6299114066849614,-0.7766669941024745,-0.9425144545582509,0.33416538263076073,-0.5769898687885426,0.8167513032223337,0.30269514100631545,-0.953087431252331,-0.9882022645319962,-0.1531544461445194,0.7593268223052967,-0.6507094412468135,-0.9084903525208217,-0.4179058259663213,0.8419934162350443,-0.5394878006191052,1,0,0,0,99,38
1701944220,12,7,3,1097,19.5,0.0,59,0,0,0,1,0,0,0,-0.5515021203580569,-0.8341734898931801,0.9576464613554367,-0.28794661840940233,-0.8024794758775462,-0.5966797221251103,-0.8934986631565573,0.44906585144881017,-0.5248495729974398,0.8511949986486088,0.2727682178621542,-0.9620797780456174,-0.9904745776761807,-0.13769571880487538,0.754220033811379,-0.6566217637251771,-0.9101158617794707,-0.41435385618745174,0.8409381238198955,-0.5411312889736409,1,0,0,0,99,38
1701944280,12,7,3,1098,19.5,0.0,59,0,0,0,1,0,0,0,-0.9999106553616806,0.013367172257978635,0.7023648723213674,-0.7118171015991323,-0.925153258006243,-0.37959379499727586,-0.8305401239546696,0.5569587978489631,-0.47065975085566697,0.8823147958209029,0.2425749411822016,-0.9701326702623984,-0.9925050806576252,-0.12220337503031901,0.7490672116139909,-0.6624940093954363,-0.9117274837898209,-0.41079556387853294,0.8398796234814049,-0.5427727130767847,1,0,0,0,99,39
1701944340,12,7,3,1099,19.5,0.0,59,0,0,0,1,0,0,0,-0.5290059451500208,0.848618117881025,0.27511986671174343,-0.96140993282809,-0.9903054914590976,-0.1389065642291789,-0.7546212838998045,0.656160588488375,-0.4146320124590147,0.9099891725972279,0.2121447941887475,-0.9772382443900842,-0.9942932777581482,-0.10668119705439141,0.7438686702148408,-0.6683258198459823,-0.9133251939605034,-0.40723100333472756,0.8388179192574297,-0.544412066667002,1,0,0,0,99,41
1701944460,12,7,3,1101,19.5,0.0,59,0,0,0,1,0,0,0,0.9917904215356813,0.127873999507623,-0.6603506646064563,-0.7509573887736983,-0.935670184620013,0.35287576512584545,-0.568825208158954,0.8224584381978962,-0.29794425804343316,0.9545832698612249,0.15069294963397442,-0.9885806163033,-0.9971410673278129,-0.07556250292539285,0.7333357017510442,-0.6798667138030098,-0.9164787814791485,-0.4000832952005059,0.8366849153655472,-0.5476845373020377,1,0,0,0,99,41
1701944520,12,7,3,1102,19.5,0.0,59,0,0,0,1,0,0,0,0.6434689119906669,-0.7654722459381185,-0.9395403785729803,-0.3424381360639331,-0.8192796030855196,0.5733942203824812,-0.4618472580937981,0.8869594749430442,-0.2377399052083556,0.9713288513534034,0.1197312587560086,-0.9928063384551399,-0.9981999645499743,-0.05997358395518874,0.7280019175645037,-0.6855750929128083,-0.9180346107072457,-0.39650025667532157,0.8356136238344016,-0.5493176418633751,1,0,0,0,99,47
1701944580,12,7,3,1103,19.5,0.0,59,0,0,0,1,0,0,0,-0.29645494772964054,-0.9550468386244814,-0.9886978402485972,0.14992191530179746,-0.6519501839474403,0.7582618002055086,-0.3476623360349028,0.9376198057329816,-0.17660718313112056,0.9842814144676769,0.08865265233573967,-0.9960626020656727,-0.9990151655669879,-0.044370023294603905,0.7226236998931754,-0.6912416280525198,-0.9195764318566781,-0.3929111680440506,0.8345391446912633,-0.5509486509448723,1,0,0,0,99,46
1701944640,12,7,3,1104,19.5,0.0,59,0,0,0,1,0,0,0,-0.9638194956793541,-0.2665557723036503,-0.7957875885887045,0.6055758530920589,-0.4440856600409099,0.8959843338731037,-0.2280522595008612,0.9736488930495181,-0.11478481378318722,0.9933903797222716,0.057487478104924564,-0.9983462274487422,-0.9995864713592172,-0.028755630329187164,0.7172013769957456,-0.6968659733660458,-0.9211042214011522,-0.38931608407176954,0.8334614820349437,-0.5525775583247253,1,0,0,0,99,41
1701944700,12,7,3,1105,19.5,0.0,59,0,0,0,1,0,0,0,-0.7450528441828046,0.6670054417882312,-0.40804078117987713,0.9129637018491565,-0.20861004068697586,0.9779989012900671,-0.10488350373136132,0.994484515035319,-0.05251421219384832,0.998620176802802,0.02626616832731819,-0.999654984682916,-0.9999137424505465,-0.013134217089039184,0.7117352798228563,-0.7024477855723373,-0.9226179560284792,-0.3857150596150367,0.8323806399763982,-0.5542043577891477,1,0,0,0,99,40
1701944760,12,7,3,1106,19.5,0.0,59,0,0,0,1,0,0,0,0.15871195626818388,0.9873249287532074,0.07960864038153331,0.9968261956713436,0.03983594061056201,0.9992062338855137,0.01992192403467051,0.9998015387779501,0.009961456270293016,0.9999503834635872,-0.004980789917915772,-0.9999875957889646,-0.9999968989424328,0.002490402681839968,0.7062257419969057,-0.7079867239863471,-0.9241176126409308,-0.3821081496210549,0.831296622638711,-0.5558290431323939,1,0,0,0,99,35
1701944820,12,7,3,1107,19.5,0.0,59,0,0,0,1,0,0,0,0.9165577160638908,0.39990242950467825,0.5477670903291479,0.8366308712642267,0.285805116063178,0.9582877624347049,0.1444164768392013,0.9895169939002323,0.07239822546087599,0.9973758052760836,-0.03622288450632025,-0.9993437359777875,-0.9998359205334112,0.018114414456621736,0.7006730997916855,-0.713482450539823,-0.9256031683555925,-0.37849540912683277,0.8302094341570785,-0.5574516081567831,1,0,0,0,99,31
1701944880,12,7,3,1108,19.5,0.0,59,0,0,0,1,0,0,0,0.831724538632928,-0.5551885191859097,0.8818130525190443,0.47159913104992585,0.5140043136735694,0.8577875993070563,0.2666574588239974,0.9637913672852274,0.13455228113037063,0.9909064959130168,-0.06742960806271654,-0.9977240339675638,-0.9994308465240513,0.033734003856911096,0.6950776921118563,-0.7189346298019421,-0.9270746005047118,-0.3748768932583455,0.8291190786787943,-0.5590720466727229,1,0,0,0,99,36
1701944940,12,7,3,1109,19.5,0.0,59,0,0,0,1,0,0,0,-0.01779234392291962,-0.9998417037200081,0.9999604251469175,-0.008896524040091641,0.710245212599174,0.7039543578812153,0.3847373403497409,0.923026098732104,0.19618091302149665,0.9805677178890053,-0.09857048775113843,-0.9951300713698198,-0.9987817758073632,0.04934535758397232,0.6894398604722632,-0.724342928999784,-0.9285318866360444,-0.3712526572296931,0.8280255603632333,-0.560690352498733,1,0,0,0,99,37
1701945060,12,7,3,1111,19.5,0.0,59,0,0,0,1,0,0,0,-0.9017492607873273,0.43225949459729496,0.5327947566383818,-0.8462444961703725,0.9607925104231331,0.2772683752518736,0.6011370994823587,0.7991459113490706,0.3169022630488218,0.9484581992236323,-0.1605331753507164,-0.9870304451291338,-0.9967523376268385,0.08052811580704633,0.6780383042988625,-0.7350265695221657,-0.931403932115966,-0.3639872459838629,0.8258290519180901,-0.5639205413957435,1,0,0,0,99,44
1701945120,12,7,3,1112,19.5,0.0,59,0,0,0,1,0,0,0,-0.12348338230693397,0.9923466401888201,0.061860164125145584,-0.9980848261016746,0.99952109184891,0.030944901828293042,0.6960801312247417,0.717964101410472,0.375523566896625,0.926812845565509,-0.1912944777489552,-0.9815326906337631,-0.9953724656212274,0.09609190747986249,0.6722752756572777,-0.7403012587723536,-0.9328186476406745,-0.3603461816279218,0.8247260701675199,-0.5655324121445553,1,0,0,0,99,48
1701945180,12,7,3,1113,19.5,0.0,59,0,0,0,1,0,0,0,0.7683125483936604,0.6400748612317464,-0.42421995401457346,-0.9055591811780571,0.9761042928852575,-0.21730257571177444,0.780161065329389,0.6255787017986728,0.43267845925197573,0.901548307579431,-0.2218689843359916,-0.9750764861228659,-0.9937495877037801,0.11163223969161885,0.6664712147979015,-0.7455307638493595,-0.9342191295005041,-0.3566996188325974,0.823619942337665,-0.5671421255591065,1,0,0,0,99,47
1701945240,12,7,3,1114,19.5,0.0,59,0,0,0,1,0,0,0,0.9537254653559767,-0.30067879328533587,-0.8064362322233966,-0.5913210662215004,0.8919980566743126,-0.45203923158200526,0.8520678469411944,0.5234313557755185,0.48814375148335226,0.8727632427455679,-0.2522268396250011,-0.9676681359705837,-0.9918841000768648,0.12714531849308558,0.6606264759706935,-0.7507147655711474,-0.9356053563258249,-0.3530476132399514,0.8225106726480671,-0.5687496754988299,1,0,0,0,99,53
1701945300,12,7,3,1115,19.2,0.0,61,0,0,0,1,0,0,0,0.2622875878003373,-0.9649897519071797,-0.9912087953370823,-0.13230693121076506,0.7524317016217369,-0.658670277448905,0.9106783947829511,0.413116038511636,0.5417028528115594,0.8405700561260899,-0.28233839968547497,-0.9593148743051183,-0.9897764581725306,0.14262735658856207,0.6547414159083866,-0.7558529475329715,-0.9369773069645208,-0.349390220575096,0.8213982653302526,-0.570355055831411,1,0,0,0,99,55
1701945360,12,7,3,1116,19.2,0.0,61,0,0,0,1,0,0,0,-0.6702962883777479,-0.7420935829038108,-0.9332988757369771,0.35910055492590737,0.5660827877060443,-0.8243483956816764,0.9550781108583937,0.2963541836370153,0.5931466160920859,0.8050944614258054,-0.3121742610900157,-0.9500248579447291,-0.9874271765413207,0.1580745742604909,0.6488163938047147,-0.7609449961266882,-0.9383349604823131,-0.3457274966453434,0.8202827246277175,-0.571958260432812,1,0,0,0,99,59
1701945420,12,7,3,1117,19.2,0.0,61,0,0,0,1,0,0,0,-0.9866128482510428,0.16308000388142288,-0.6468848414202396,0.7625877011470297,0.3445375878282153,-0.9387725233375308,0.9845741524480345,0.17496782084496165,0.642274154530228,0.7664749900828343,-0.3417052896262844,-0.9398071584327378,-0.984836828726652,0.17348320029222167,0.6428517712924879,-0.7659906005598964,-0.9396782961630795,-0.34205949733935437,0.8191640547959104,-0.5735592831872943,1,0,0,0,99,61
1701945480,12,7,3,1118,19.2,0.0,61,0,0,0,1,0,0,0,-0.39584210544059495,0.9183185871800467,-0.20209083702626568,0.9793667819514931,0.1015707094799159,-0.9948283223630832,0.9987062436880735,0.050851143728124895,0.6888936261397238,0.7248624503063064,-0.37090264874606493,-0.9286717531793207,-0.9820060471247926,0.1888494728886995,0.6368479124215218,-0.7709894528749078,-0.9410072935091703,-0.33838627862628545,0.8180422601022167,-0.5751581179874429,1,0,0,0,99,65
1701945540,12,7,3,1119,19.2,0.0,61,0,0,0,1,0,0,0,0.5588640435925373,0.8292592964684801,0.29218205243607953,0.9563627179236129,-0.14771134363410798,-0.989030514676775,0.9972538580213102,-0.07405904847898395,0.7328229828816042,0.6804193381735325,-0.39973782772366406,-0.916629515718737,-0.9789355228304715,0.20416964059485318,0.6308051836364167,-0.775941247967542,-0.9423219322417212,-0.3347078965549349,0.8169173448259422,-0.576754758734189,1,0,0,0,99,61
1701945660,12,7,3,1121,19.2,0.0,61,0,0,0,1,0,0,0,0.5214738406490854,-0.8532672696867566,0.9626181147492386,0.270862262333869,-0.6037953865615946,-0.7971393423780654,0.9479291488233879,-0.3184812848676784,0.8119363536841046,0.5837459700641716,-0.4562093981582516,-0.8898724543619079,-0.9720783030090497,0.23465671270825827,0.618604593941777,-0.785702460448056,-0.9449080538465253,-0.3273358669256578,0.8146581697023783,-0.5799414337130699,1,0,0,0,99,60
1701945720,12,7,3,1122,19.2,0.0,61,0,0,0,1,0,0,0,-0.43624613117504446,-0.8998273795761085,0.9746351572706857,-0.22379971003543722,-0.7822402795929897,-0.6229768414494085,0.9008265208821864,-0.4341792017995516,0.8468114317247825,0.5318932215212224,-0.4837906460850486,-0.8751837582820029,-0.9682932815738222,0.24981617413409918,0.6124474776933533,-0.7905112820618372,-0.9461794972577448,-0.32364233185583335,0.8135239184731551,-0.5815314557890083,1,0,0,0,99,59
1701945780,12,7,3,1123,19.2,0.0,61,0,0,0,1,0,0,0,-0.9928834218489483,-0.11909034644975776,0.7480275217028307,-0.6636677081003122,-0.9120492607585163,-0.4100806578587241,0.8396667963718477,-0.5431018975023361,0.8783797292465076,0.4779634413308532,-0.5108994806560028,-0.8596404601142426,-0.9642718652211737,0.2649146465238922,0.6062529808075618,-0.7952718549414068,-0.9474365031339586,-0.31994385840221495,0.8123865638974511,-0.5831192594991976,1,0,0,0,99,57
1701945840,12,7,3,1124,19.2,0.0,61,0,0,0,1,0,0,0,-0.636668273391427,0.771137801989229,0.33827666045026744,-0.9410467050017307,-0.9851514363288851,-0.17168764515577298,0.7654043523379563,-0.6435496697397284,0.9065179727230256,0.4221672241305995,-0.5375094305542,-0.8432577376255137,-0.9600150357222312,0.27994844380214573,0.6000214813645651,-0.7999838885259333,-0.9486790522948035,-0.31624050299895706,0.8112461103139285,-0.5847048387866493,1,0,0,0,99,59
1701945900,12,7,3,1125,19.2,0.0,61,0,0,0,1,0,0,0,0.30489674947599804,0.9523854115634964,-0.1542961250914999,-0.9880246483675132,-0.997001667091764,0.07738007376736837,0.6791980293819437,-0.7339550646215912,0.9311162829157246,0.364722452954578,-0.5635945116151425,-0.8260515882663074,-0.9555238323208656,0.2949138956828693,0.5937533597029707,-0.8046470952171733,-0.9499071257805084,-0.3125323221547067,0.8101025620730707,-0.5862881876028603,1,0,0,0,99,54
1701945960,12,7,3,1126,19.2,0.0,61,0,0,0,1,0,0,0,0.9661411069785915,0.25801426589663984,-0.6090918379453792,-0.7930996992486631,-0.9468631630939771,0.32163667448795147,0.5823930483410875,-0.8129073361976602,0.9520786039497107,0.30585344840490175,-0.5891292521998455,-0.8080388135494797,-0.9507993514799744,0.3098073485656209,0.5874489983966179,-0.8092611903970253,-0.9511207048521826,-0.30881937245174135,0.8089559235371669,-0.5878692999078361,1,0,0,0,99,53
1701946020,12,7,3,1127,19.2,0.0,61,0,0,0,1,0,0,0,0.739119786313062,-0.6735740059418368,-0.9147606260497434,-0.40399628343473853,-0.8378532936722092,0.5458954646107904,0.4765000185672659,-0.8791744606762615,0.9693230784099441,0.24579009268452884,-0.6140887180674593,-0.7892370026438601,-0.9458427466137963,0.32462516642748135,0.5811087822312268,-0.8138258924449017,-0.9523197709921026,-0.3051017105451052,0.8078061990802946,-0.5894481696701139,1,0,0,0,99,54
1701946080,12,7,3,1128,19.2,0.0,61,0,0,0,1,0,0,0,-0.16744485726316327,-0.9858814430630688,-0.9964641095049708,0.08401951242696915,-0.6767497645263835,0.7362131187458456,0.363171365373259,-0.9317223617435201,0.9827823669926928,0.18476693191217952,-0.6384485367231334,-0.7696645151987259,-0.9406552278063217,0.33936373171073697,0.5747330981809134,-0.8183409227549167,-0.9535043059039945,-0.301379393161745,0.8066533930883032,-0.5910247908667855,1,0,0,0,99,53
1701946140,12,7,3,1129,19.2,0.0,61,0,0,0,1,0,0,0,-0.9200614712831593,-0.39177402805733347,-0.834198426052619,0.5514644013636177,-0.47356921280652436,0.8807566069475771,0.2441755444884099,-0.9697310469783819,0.9924039114640726,0.12302226022476213,-0.6621849212173432,-0.7493404634159169,-0.935238061515868,0.3540194462060546,0.5683223353845709,-0.8228060057528914,-0.9546742915133128,-0.29765247709964426,0.8054975099587969,-0.5925991574835201,1,0,0,0,99,50
1701946260,12,7,3,1131,19.2,0.0,61,0,0,0,1,0,0,0,0.02664155509373045,0.9996450507766182,0.01332195975413766,0.9999112587566504,0.0066611276578957485,0.9999778144430631,-0.003330582301704925,-0.9999944535953845,0.9999986133978848,-0.0016652934599518964,-0.7076953064207618,-0.7065177657143691,-0.9237201323221144,0.38306803200321415,0.5553971407906174,-0.8315852427752713,-0.9569705436363418,-0.29018507648113867,0.803176529936333,-0.5957411029628816,1,0,0,0,99,50
1701946320,12,7,3,1132,19.2,0.0,61,0,0,0,1,0,0,0,0.8555667989843964,0.5176924303827453,0.4910741133562503,0.8711177963922977,0.253852519790234,0.9672429364932829,-0.12797863787897792,-0.9917769246391254,0.9979421137117938,-0.06412127322844811,-0.7294248670111433,-0.6840609354332229,-0.9176221813560369,0.3974538115094489,0.5488834978802656,-0.8358988609602985,-0.9580967751120705,-0.2864447058680798,0.8020114418972087,-0.5973086698399414,1,0,0,0,99,47
1701946380,12,7,3,1133,19.2,0.0,61,0,0,0,1,0,0,0,0.8978878735372546,-0.44022422304406095,0.8485941972003052,0.529044316175847,0.48526059175671427,0.8743695775173811,-0.25062962961571295,-0.9680830484822521,0.9919886714278173,-0.12632686079719518,-0.7504421565974273,-0.6609361312573269,-0.9113002060949308,0.41174255836789153,0.5423363539502531,-0.8401614601872344,-0.9592083872097956,-0.28269996446123374,0.8008432944282027,-0.598873958165976,1,0,0,0,99,46
1701946440,12,7,3,1134,19.2,0.0,61,0,0,0,1,0,0,0,0.11469497798204223,-0.993400756002178,0.9983488258124457,0.05744233629398255,0.6864975104492431,0.7271321531516752,-0.3693696298075444,-0.9292825601375706,0.9821615346106695,-0.1880391446779491,-0.770726652153002,-0.6371659341655245,-0.9047557499583864,0.4259307841859259,0.5357561086045003,-0.8443727802889923,-0.9603053629676844,-0.2789509094007471,0.7996720919854422,-0.6004369619698862,1,0,0,0,99,51
1701946500,12,7,3,1135,19.1,0.0,61,0,0,0,1,0,0,0,-0.7739479513868687,-0.6332492151941991,0.9036728432331579,-0.42822353088416387,0.8450513389386954,0.5346851733103491,-0.4823457404650998,-0.8759809282485405,0.9684990780193187,-0.24901713972281062,-0.7902585462121908,-0.6127735553518892,-0.8979904106815086,0.4400150251117062,0.5291431634672671,-0.8485325642282995,-0.9613876856472365,-0.2751975978925875,0.7984978390367088,-0.6019976752892874,1,0,0,0,99,51
1701946560,12,7,3,1136,19.1,0.0,61,0,0,0,1,0,0,0,-0.9510267034945383,0.30910873368494685,0.587746231938178,-0.8090453428841139,0.9510639681125854,0.3089940590981371,-0.5877950071674065,-0.8090099069535975,0.9510546532543747,-0.3090227281660707,-0.8090187662119065,-0.587782813560387,-0.8910058399248534,0.45399184267980686,0.5224979221586403,-0.8526405581133842,-0.9624553387335394,-0.27144008720767066,0.7973205400614205,-0.6035560921705327,1,0,0,0,99,58
1701946620,12,7,3,1137,19.1,0.0,61,0,0,0,1,0,0,0,-0.25373589029368065,0.967273538342114,0.1279188446982811,-0.9917846385032675,0.9979440461527058,0.06409119087960714,-0.6840719293759951,-0.7294145566410116,0.9298963804212305,-0.36782158946898996,-0.8269889931156853,-0.5622181118262778,-0.8838037428711981,0.46785782465067427,0.5158207902698987,-0.8566965112134736,-0.9635083059355206,-0.2676784346809867,0.7961401995506151,-0.6051122066687357,1,0,0,0,99,56
1701946680,12,7,3,1138,19.1,0.0,61,0,0,0,1,0,0,0,0.6768385302801764,0.7361315126580106,-0.36322753704942956,-0.9317004649183155,0.9827767968664898,-0.18479655716717844,-0.7696741379204508,-0.6384369361310566,0.9051068821225083,-0.42518411533648776,-0.8441516793019155,-0.5361044136469649,-0.8763858778092459,0.4816095858436764,0.5091121753387575,-0.8607001759740951,-0.964546571186196,-0.2639126977107249,0.794956822006933,-0.6066660128477922,1,0,0,0,99,57
1701946740,12,7,3,1139,19.1,0.0,61,0,0,0,1,0,0,0,0.9851307275152447,-0.17180643091946454,-0.7654431497242185,-0.6435035233316658,0.9065052463531763,-0.4221945503368881,-0.8432658389668374,-0.5374967207635373,0.8767829608185647,-0.48088630633262097,-0.8604900656987915,-0.509467218605564,-0.8687540557043645,0.4952437689635459,0.5023724868244946,-0.8646513080321876,-0.9655701186429154,-0.26014293375739844,0.7937704119445995,-0.608217504780404,1,0,0,0,99,55
1701946860,12,7,3,1141,19.1,0.0,61,0,0,0,1,0,0,0,-0.5661821813880273,-0.8242801328909335,-0.955060242312215,0.29641176352252496,0.5931223467706621,-0.8051123410812074,-0.9500295629824388,-0.3121599421120466,0.8099876363599776,-0.5864469532225202,-0.8906309429900019,-0.45472686679889496,-0.8528560449451288,0.5221461161404464,0.4888015363414653,-0.8723950126348862,-0.9675729979270004,-0.2525915550499599,0.7913885123787051,-0.6113135222412638,1,0,0,0,99,56
1701946920,12,7,3,1142,19.1,0.0,61,0,0,0,1,0,0,0,-0.9995173533267221,0.031065421270998466,-0.6960368448325855,0.718006065876535,0.3754956285520944,-0.9268241650595153,-0.9815355737464423,-0.1912796838930951,0.7717770675179119,-0.6358931970491998,-0.9044040018291604,-0.4266771630582074,-0.8445937375620919,0.535407712375248,0.481971102673569,-0.8761871125436759,-0.9685522991928923,-0.24881005552059607,0.790193031961367,-0.6128580359591461,1,0,0,0,99,56
1701946980,12,7,3,1143,19.1,0.0,61,0,0,0,1,0,0,0,-0.5139008801272689,0.8578495703819047,-0.26659935260432954,0.9638074419669898,0.134522410833679,-0.9909105514543152,-0.9977250501652034,-0.06741457018213824,0.730552725743371,-0.6828562915496429,-0.9172939255085152,-0.3982108163086213,-0.8361252347312038,0.5485385964958978,0.47511125197373627,-0.8799257345071508,-0.9695168215423472,-0.245024759455906,0.7889945371977889,-0.6144002118098976,1,0,0,0,99,54
1701947040,12,7,3,1144,19.1,0.0,61,0,0,0,1,0,0,0,0.4441936922858625,0.8959307806596738,0.22811095911894086,0.9736351423042602,-0.11481475884166603,-0.9933869191569467,-0.9983453608739179,0.05750252534912421,0.6864755912087755,-0.7271528468448447,-0.9292881272363391,-0.36935562345465606,-0.8274526039159754,0.5615355627853609,0.4682224029318968,-0.8836106503390961,-0.9704665502579407,-0.24123572461485038,0.7877930326598638,-0.6159400439105862,1,0,0,0,99,53
1701947100,12,7,3,1145,19.1,0.0,61,0,0,0,1,0,0,0,0.9938986325155377,0.11029736299542382,0.66697175240207,0.7450830030927507,-0.3570133029084836,-0.9340992996177523,-0.9833868261314447,0.18152231320453105,0.6397177841812235,-0.7686098858343324,-0.9403748948781896,-0.340139761102453,-0.8185779624148372,0.5743954382207205,0.4613049760078898,-0.8872416351312422,-0.9714014708479811,-0.2374430088134391,0.7865885229309665,-0.6174775263872204,1,0,0,0,99,52
1701947160,12,7,3,1146,19.1,0.0,61,0,0,0,1,0,0,0,0.6298177536088091,-0.7767429415444683,0.9425345992440989,0.3341085590459571,-0.5770144889662836,-0.8167339098647604,-0.9530828688694285,0.3027095060740904,0.5904618928965313,-0.8070655196680411,-0.9505434023936101,-0.31059175804579786,-0.8095034768442313,0.5871150832478255,0.4543593934058008,-0.8908184672669919,-0.9723215690467305,-0.233646669923849,0.7853810126059354,-0.619012653374772,1,0,0,0,99,55
1701947220,12,7,3,1147,19.1,0.0,61,0,0,0,1,0,0,0,-0.3133146634124747,-0.9496493677619796,0.9873321041478342,-0.15866731269864684,-0.7611397088244204,-0.6485879613827846,-0.9079063722055223,0.4191730183451789,0.5389002605560796,-0.8423695799188082,-0.959783720407574,-0.2807404674082379,-0.8002313626096637,0.5996913925477679,0.44738607904819305,-0.8943409284349475,-0.9732268308146225,-0.2298467658735407,0.7841705062910556,-0.6205454190171978,1,0,0,0,99,56
1701947280,12,7,3,1148,19.1,0.0,61,0,0,0,1,0,0,0,-0.9683870238169294,-0.2494525447915689,0.7903962755452384,-0.6125958925786359,-0.8979409481081247,-0.4401159548467677,-0.8485623002604958,0.529095475861036,0.48523423423072903,-0.8743842049868684,-0.9680868259063513,-0.2506150384684961,-0.7907638833648436,0.6121212957950017,0.4403854585502332,-0.8978088036422348,-0.9741172423384761,-0.22604335464437486,0.7829570086040404,-0.6220758174674632,1,0,0,0,99,58
1701947340,12,7,3,1149,19.1,0.0,61,0,0,0,1,0,0,0,-0.7331288204696695,0.6800897974508595,0.3999438726553643,-0.9165396329267108,-0.9789125683447707,-0.2042796699053643,-0.7759766974289126,0.6307615754366446,0.4296733786048162,-0.9029843784464503,-0.9754446110483287,-0.22024488819669533,-0.7811033504590462,0.6244017584069189,0.43335795919371384,-0.901221881227625,-0.9749927900317071,-0.22223649427172731,0.781740524174015,-0.623603842887563,1,0,0,0,99,57
1701947460,12,7,3,1151,19.1,0.0,61,0,0,0,1,0,0,0,0.9234931422524565,0.38361493220765563,-0.5551509109207803,-0.8317496414810336,-0.9570134903649565,0.2900434092674461,-0.5958005499882296,0.8031324328115028,0.3137415872884062,-0.9495084077593792,-0.9872964113576478,-0.15888925741002893,-0.7612126041422426,0.6485024065452537,0.4192240412087231,-0.907882813623337,-0.9766992407141866,-0.21461265849975275,0.7792986136583822,-0.6266527513305304,1,0,0,0,99,60
1701947520,12,7,3,1152,19.1,0.0,61,0,0,0,1,0,0,0,0.8217663090042067,-0.5698246514372669,-0.8859527784925297,-0.4637754567475154,-0.8555043707508208,0.5177955886508133,-0.49102159389846933,0.8711474010323434,0.25382336276203626,-0.9672505882738824,-0.9917788534431158,-0.12796368962740468,-0.7509872467716762,0.6603167082440802,0.4121184852417566,-0.9111302618846769,-0.977530117665097,-0.2107957994307797,0.7780731968879212,-0.6281736227227391,1,0,0,0,99,59
1701947580,12,7,3,1153,19.1,0.0,61,0,0,0,1,0,0,0,-0.03548867897301029,-0.9993700784317843,-0.999842507205956,0.017747134532308913,-0.7008041329314815,0.7133537462340508,-0.3785804100623468,0.9255684054228652,0.1929139634359509,-0.9812156759405307,-0.9952928403089542,-0.09691316747343799,-0.7405785466354794,0.6719698030888598,0.404987775686588,-0.9143220994509702,-0.9783460787091065,-0.20697572387725785,0.7768448120047072,-0.6296920978235085,1,0,0,0,99,57
1701947640,12,7,3,1154,19.1,0.0,61,0,0,0,1,0,0,0,-0.8601155391668699,-0.5100992641473664,-0.8689359194288628,0.4949246083256689,-0.5025312884161199,0.8645590229491764,-0.2602316055466972,0.96554622441113,0.1312512392110452,-0.9913491373908412,-0.9978349406066219,-0.06576801125607637,-0.7299890448685091,0.6834588461436152,0.3978323477649755,-0.917458131508903,-0.9791471113956531,-0.20315249012884015,0.7756134636946551,-0.6312081708403179,1,0,0,0,99,57
1701947700,12,7,3,1155,19.0,0.0,62,0,0,0,1,0,0,0,-0.8939561392767458,0.44815446115085755,-0.5252835133759399,0.8509272769017507,-0.2730134823577851,0.9620102070409,-0.13782197386320505,0.9904570175027536,0.06907598170582292,-0.9976114016747086,-0.9994026720183183,-0.03455863369182427,-0.7192213267457467,0.6947810325232604,0.39065263820735907,-0.9205381666512422,-0.9799332035019638,-0.1993261565233697,0.7743791566549844,-0.6327218359898094,1,0,0,0,99,68
1701947760,12,7,3,1156,19.0,0.0,62,0,0,0,1,0,0,0,-0.10589758762554134,0.9943770416371703,-0.053023383345603574,0.998593270966005,-0.026521020285755953,0.9996482558795381,-0.013261676373330016,0.9999120601031718,0.006630983970279104,-0.9999780147841181,-0.9999945036809248,-0.0033155102082415536,-0.7082780210511411,0.705933598078374,0.38344908522620447,-0.9235620168885179,-0.9807043430332401,-0.1954967814459897,0.7731418955942013,-0.6342330874978104,1,0,0,0,99,66
1701947820,12,7,3,1157,19.0,0.0,62,0,0,0,1,0,0,0,0.7795227177168391,0.6263739558469471,0.4322187201828797,0.901768805139917,0.22162039037516723,0.9751330178852311,0.11150556514086836,0.9937638094349258,-0.055839907615764274,-0.9984397351455234,-0.9996098576808663,0.027930850814794402,-0.6971617994358288,0.7169138200700257,0.3762221284892572,-0.926529497660497,-0.9814605182228414,-0.19166442332825234,0.7719016852320807,-0.6357419195993559,1,0,0,0,99,66
1701947880,12,7,3,1158,19.0,0.0,62,0,0,0,1,0,0,0,0.9482534313435556,-0.3175144562774626,0.811638606855743,0.5841598855290122,0.45598251856347943,0.8899887318188394,0.23453279960504517,0.972108206893358,-0.1180927455575532,-0.9930025697079937,-0.9982491096184343,0.05914993783600386,-0.685875375765888,0.7277190178344949,0.36897220909270734,-0.9294404278474482,-0.982201717532465,-0.1878291406472274,0.7706585302996481,-0.63724832653871,1,0,0,0,99,65
1701947940,12,7,3,1159,19.0,0.0,62,0,0,0,1,0,0,0,0.2451643132877585,-0.9694815415933105,0.9923410556843122,0.12352825265235788,0.6619938622629526,0.7495092569983235,0.35390022817291067,0.9352831809132257,-0.17988443385514805,-0.9836877504862063,-0.9959135882410196,0.09031126594670705,-0.6744215054597877,0.7383465534377157,0.3616997695342674,-0.9322946297811963,-0.982927929652321,-0.18399099192460988,0.7694124355391618,-0.6387523025693881,1,0,0,0,99,62
1701948060,12,7,3,1161,19.0,0.0,62,0,0,0,1,0,0,0,-0.9835714245347456,0.1805193974028589,0.6401096010048362,-0.7682836056440547,0.9402881488256817,0.3403794899490459,0.574291089105061,0.8186511741728115,-0.30112192366812857,-0.953585647483437,-0.98832829755184,0.15233901751777681,-0.651022650328782,0.7590583039259161,0.34708910676804877,-0.9378321555390166,-0.9843353482271722,-0.17630633065914494,0.7669114455591157,-0.6417529389651656,1,0,0,0,99,61
1701948120,12,7,3,1162,19.0,0.0,62,0,0,0,1,0,0,0,-0.3795240735526223,0.9251818619028498,0.19341424210376837,-0.9811171851269475,0.9952681008469395,0.09716690504758436,0.6718753957961311,0.7406641968691292,-0.3600942953803009,-0.9329159117704899,-0.9830859351477087,0.18314487193136209,-0.6390833779987701,0.7691374623340622,0.33975177531981915,-0.9405151413810577,-0.9850165332066914,-0.17245993537477364,0.7656565598800724,-0.6432495878837492,1,0,0,0,99,62
1701948180,12,7,3,1163,19.0,0.0,62,0,0,0,1,0,0,0,0.573455960388843,0.8192363892641181,-0.30063566882181647,-0.9537390600327005,0.988367102860243,-0.1520870473894794,0.7589753116503459,0.6511194024948576,-0.4176605065751025,-0.9086031593866647,-0.9768836060111421,0.21377188848552484,-0.6269880826277622,0.7790288468617593,0.3323937071743693,-0.9431407230264631,-0.9856826880458192,-0.1686109085639729,0.7643987534539721,-0.6447437830006688,1,0,0,0,99,57
1701948240,12,7,3,1164,19.0,0.0,62,0,0,0,1,0,0,0,0.9992032289764632,-0.03991124156186587,-0.7210794829843191,-0.6928523502298791,0.9200142254959646,-0.3918849638415085,0.8342316716121213,0.5514141076171752,-0.47359576242974594,-0.8807423311097222,-0.9697273666112869,0.2441901604183487,-0.6147397171086522,0.7887300426693371,0.3250153514302539,-0.9457087402232617,-0.9863338025798521,-0.16475930895815624,0.7631380310789642,-0.6462355186160244,1,0,0,0,99,61
1701948300,12,7,3,1165,19.1,0.0,61,0,0,0,1,0,0,0,0.5062876569049047,-0.8623646609559911,-0.9649778911861119,-0.26233122102030565,0.7944593196068335,-0.6073173713058496,0.8964701253543951,0.44310418001534946,-0.5276816369671445,-0.849442222877857,-0.9616242048944735,0.27436998480349767,-0.6023412717042151,0.798238681348974,0.3176171584242781,-0.9482190362329197,-0.9869698668735839,-0.16090519532799485,0.7618743975643212,-0.6477247890392976,1,0,0,0,99,62
1701948360,12,7,3,1166,19.1,0.0,61,0,0,0,1,0,0,0,-0.452106452059868,-0.8919639880655711,-0.9726160568450356,0.23241774021622025,0.6195087811257318,-0.7849897261162786,0.9447194626227086,0.32787975988441354,-0.579706926004678,-0.8148250609438855,-0.9525820334606059,0.3042818915546195,-0.5897957733170781,0.8075524415029093,0.31019957970401146,-0.9506714578399073,-0.9875908712214556,-0.15704862648252085,0.760607857730421,-0.6492115885893748,1,0,0,0,99,62
1701948420,12,7,3,1167,19.1,0.0,61,0,0,0,1,0,0,0,-0.9948359739965252,-0.10149573805034878,-0.7421238906174457,0.670262732795749,0.4060401871762517,-0.913855221792749,0.9782267686463986,0.2075388857627059,-0.6294684719020064,-0.7770260245843462,-0.9426096818366407,0.33389667220238495,-0.5771062847507447,0.8166690493101796,0.30276306800022723,-0.9530658553610499,-0.9881968061477051,-0.15318966126822994,0.7593384164087281,-0.6506959115945674,1,0,0,0,99,61
1701948480,12,7,3,1168,19.1,0.0,61,0,0,0,1,0,0,0,-0.6229178893619306,0.7822872254567869,-0.32993391349118173,0.9440040321568512,0.16732598101183924,-0.9859016259639831,0.9964691731217737,0.08395943674184847,-0.6767719568873076,-0.7361927182273159,-0.9317168878547055,0.36318540841606234,-0.5642759039618552,0.8255862790817391,0.29530807719927077,-0.9554020826546641,-0.9887876624065108,-0.14932835856818344,0.7580660784417752,-0.6521777523926344,1,0,0,0,99,65
1701948540,12,7,3,1169,19.1,0.0,61,0,0,0,1,0,0,0,0.32170803001899356,0.9468389215813312,0.16303539250522991,0.9866202211543537,-0.08179174422167067,-0.9966494421697013,0.9991620094283262,-0.04093017120840497,-0.721432661864018,-0.6924845950602783,-0.9199142881432699,0.3921195002417769,-0.551307763303866,0.8343019538038302,0.28783506231535605,-0.957679997129477,-0.9893634309821333,-0.14546477730110988,0.7567908486831451,-0.6536571053308035,1,0,0,0,99,65
1701948660,12,7,3,1171,19.1,0.0,61,0,0,0,1,0,0,0,0.7270804160280906,-0.6865523058212089,0.9183006876348315,0.39588362821591344,-0.5495982040473234,-0.8354291197390457,0.9579741958265487,-0.2868543883758398,-0.8021391364270415,-0.5971371750377631,-0.8936266488410479,0.4488111100241598,-0.5249708991819643,0.8511201765979232,0.2728367858281548,-0.9620603350616642,-0.9904696701721017,-0.1377310149137365,0.7542317332603212,-0.6566083250638327,1,0,0,0,99,60
1701948720,12,7,3,1172,19.1,0.0,61,0,0,0,1,0,0,0,-0.18487061956996106,-0.9827628676439799,0.9956813917222668,-0.09283623310976193,-0.739200998751274,-0.6734848798934681,0.9147362679738538,-0.40405143243560715,-0.8378697489573207,-0.5458702078170199,-0.8791672786839316,0.4765132695859477,-0.5116086054857034,0.859218618742037,0.2653124396423611,-0.9641624911657881,-0.9910001239065988,-0.13386095180113555,0.752947857358375,-0.6580801806006866,1,0,0,0,99,56
1701948780,12,7,3,1173,19.1,0.0,61,0,0,0,1,0,0,0,-0.9268524601099338,-0.3754257811980466,0.8292845655135657,-0.5588265467933469,-0.882843855614725,-0.46966661218712,0.8572241866008915,-0.5149433890307167,-0.8703284980485003,-0.49247162911648185,-0.863849416598889,0.5037501220265451,-0.4981214098859107,0.8671072949833097,0.2577719001527225,-0.9662057997609282,-0.991515456198472,-0.1299888461351046,0.7516611091892093,-0.659549525761673,1,0,0,0,99,59
1701948840,12,7,3,1174,19.1,0.0,61,0,0,0,1,0,0,0,-0.8166904232239494,0.5770760371166753,0.4598499553568124,-0.8879966320647492,-0.9715957575207781,-0.2366467493282453,0.7863354085020734,-0.6177998262672768,-0.8993886329800029,-0.4371499592432345,-0.8476880202182978,0.5304950710217605,-0.48451260508795824,0.8747842794145767,0.2502156275949039,-0.9681901361340594,-0.9920156591843848,-0.12611475699921215,0.7503714936613771,-0.6610163549416868,1,0,0,0,99,61
1701948900,12,7,3,1175,19.0,0.0,62,0,0,0,1,0,0,0,0.04433302241328026,0.9990168082288223,-0.022171961699155765,-0.9997541718414639,-0.999938541071766,0.01108666222395586,0.7031761293502661,-0.7110157038434368,-0.9249366745468137,-0.3801212281342382,-0.8306988708714603,0.5567220005827692,-0.4707855134863597,0.8822476978101924,0.24264408316483588,-0.970115379171517,-0.9925007252318552,-0.1222387435072919,0.7490790156943697,-0.6624806625452203,1,0,0,0,99,59
1701948960,12,7,3,1176,19.0,0.0,62,0,0,0,1,0,0,0,0.8645968916959479,0.5024661330574484,-0.49876540925697305,-0.8667370227056902,-0.9661099892625297,0.2581307588164473,0.6090440218832924,-0.7931364191664784,-0.9468728581933475,-0.32160813176404734,-0.8128985581744033,0.582405300557933,-0.4569434863536556,0.889495728083596,0.23505772899056523,-0.9719814113663893,-0.9929706469393719,-0.11836086480254095,0.7477836802185981,-0.6639424429863854,1,0,0,0,99,60
1701949020,12,7,3,1177,19.0,0.0,62,0,0,0,1,0,0,0,0.8899543660462135,-0.4560495876056486,-0.8532436895769135,-0.5215124219011238,-0.8722133975986393,0.4891255350617448,0.5054079861548763,-0.8628805059397694,-0.9651115235919032,-0.2618391625217956,-0.7943044638303991,0.6075198916406789,-0.4429899030222479,0.8965266007321475,0.22745702810404925,-0.9737881188256887,-0.9934254171365078,-0.11448118005661723,0.7464854921753729,-0.6654016906889337,1,0,0,0,99,63
1701949080,12,7,3,1178,19.0,0.0,62,0,0,0,1,0,0,0,0.0970919004884274,-0.9952754206045407,-0.9988181567744302,-0.04860339183359195,-0.7240868013690044,0.6897088545779327,0.39388522784059016,-0.9191596310157264,-0.9795814491444105,-0.20104771695330634,-0.7749347446570279,0.6320412498590158,-0.42892817005938433,0.9033385992691267,0.21984244441289458,-0.9755353912773044,-0.9938650288840292,-0.11059974846873663,0.745184456516887,-0.666858400086279,1,0,0,0,99,66
1701949140,12,7,3,1179,19.0,0.0,62,0,0,0,1,0,0,0,-0.7850364106161789,-0.6194496218473833,-0.8998471041925353,0.43620544365735325,-0.5309399948876741,0.8474094180670148,0.27621602228417635,-0.9610955774705798,-0.990226130101246,-0.13947118435257538,-0.7548083148563532,0.6559454305227779,-0.41476172043549425,0.9099300606427886,0.21221444267204273,-0.9772231220767315,-0.9942894754740018,-0.10671662926476969,0.7438805782061962,-0.6683125656215175,1,0,0,0,99,69
1701949260,12,7,3,1181,19.0,0.0,62,0,0,0,1,0,0,0,-0.23657352834172077,0.9716135886698729,-0.11913524107107658,0.9928780359817294,-0.05967396424853361,0.9982179210928167,0.029850283978409217,-0.9995543809850509,-0.9998885890400617,-0.014926804998878345,-0.7123646555658409,0.7018095165360476,-0.3861285300673549,0.9224449892909733,0.1969200481274402,-0.980419550317866,-0.9950928475066702,-0.09894556503990963,0.7412643135346223,-0.6712132429266017,1,0,0,0,99,68
1701949320,12,7,3,1182,19.0,0.0,62,0,0,0,1,0,0,0,0.6897634204403791,0.7240348222443372,0.37146007709824136,0.9284489275787703,0.18914422066406064,0.9819493183405064,-0.09500179382383689,-0.995477101278705,-0.9988686353266643,0.04755469861798596,-0.6900888715890201,0.7237246363838894,-0.3716687797058764,0.9283654012251559,0.1892545888147023,-0.9819280526660688,-0.9954717606908969,-0.09505773859589553,0.7399519371539937,-0.672659743631245,1,0,0,0,99,68
1701949380,12,7,3,1183,19.0,0.0,62,0,0,0,1,0,0,0,0.9819350614765846,-0.18921822069498487,0.7711090132708166,0.6367031409161632,0.4262023340409088,0.9046278629680171,-0.2183714004076345,-0.9758657343528404,-0.993948120968303,0.10985050215442702,-0.6671392275400889,0.7449330514061069,-0.3571182917423113,0.9340591660612584,0.1815775783773173,-0.9833766231869808,-0.9958354842008244,-0.0911684616877438,0.738636738081631,-0.6741036783434193,1,0,0,0,99,68
1701949440,12,7,3,1184,19.0,0.0,62,0,0,0,1,0,0,0,0.3713201354167654,-0.9285049041518709,0.9819635696276799,0.18907021955893671,0.6367612505645516,0.7710610285700272,-0.3383333943242765,-0.9410263090291437,-0.9851462604682474,0.17171734183077755,-0.6435381333569995,0.7654140519453434,-0.34248061846961253,0.939524893748256,0.17388948538043356,-0.9847651734673236,-0.9961840124864793,-0.08727779366103493,0.737318721334619,-0.6755450415549525,1,0,0,0,99,67
1701949500,12,7,3,1185,18.9,0.0,62,0,0,0,1,0,0,0,-0.5806848107146881,-0.814128460751279,0.952399196962933,-0.3048536856007493,0.8077294366310879,0.5895533539889544,-0.45301580878102127,-0.8915024828874439,-0.9724974249033886,0.23291362896206408,-0.6193086351077046,0.7851476386521404,-0.32775933346577607,0.9447612499071235,0.16619077906562166,-0.9860936187571451,-0.9965173402297486,-0.08338579388257615,0.7359978919407909,-0.6769838277674821,1,0,0,0,99,70
1701949560,12,7,3,1186,18.9,0.0,62,0,0,0,1,0,0,0,-0.9988108198402659,0.048753934918280305,0.6896542847984488,-0.7241387763813923,0.9284769185018528,0.37139010731211436,-0.5606290630567977,-0.8280670586710095,-0.9560510077059198,0.2932003933566516,-0.5944743924860635,0.8041145420139632,-0.31295803072140266,0.9497669561566046,0.15848192932223448,-0.9873618779749916,-0.9968354623444613,-0.0794925217394956,0.7346742549387094,-0.6784200314924761,1,0,0,0,99,72
1701949620,12,7,3,1187,18.9,0.0,62,0,0,0,1,0,0,0,-0.4986347674567973,0.866812187664263,0.25805795118125785,-0.9661294394811347,0.9914962025850463,0.13013562256135958,-0.6594938883108169,-0.7517099249582114,-0.9358712317830405,0.3523422164897279,-0.5690596557085522,0.8222962411715524,-0.29808032376227683,0.9545407904253104,0.15076340665872748,-0.9885698737128575,-0.9971383739764651,-0.07559803663833614,0.7333478153776475,-0.6798536472512536,1,0,0,0,99,77
1701949680,12,7,3,1188,18.9,0.0,62,0,0,0,1,0,0,0,0.45998379055440347,0.8879273125809357,-0.23671996897079078,-0.9715779208537356,0.992869055025318,-0.11921006489861569,-0.7480675320111867,-0.6636226092823331,-0.9120368987278785,0.4101081508076052,-0.5430892418343393,0.8396749820042292,-0.2831298447671764,0.9590815872500705,0.1430356821739413,-0.9897175322409093,-0.9974260705037014,-0.07170239800414888,0.7320185783175687,-0.6812846695750063,1,0,0,0,99,79
1701949740,12,7,3,1189,18.9,0.0,62,0,0,0,1,0,0,0,0.9956953728538205,0.09268616119729696,-0.67354058482125,-0.7391502422367515,0.9325101185072341,-0.36114384790776133,-0.8249678320721849,-0.5651796847429315,-0.8846410811009546,0.4662726215729745,-0.5165885105318475,0.8562337944664923,-0.26811024368112807,0.9633882380604645,0.13529922752834836,-0.9908047835119854,-0.997698547536275,-0.0678056652795864,0.7306865488291086,-0.6827130930048191,1,0,0,0,99,77
1701949860,12,7,3,1191,18.9,0.0,62,0,0,0,1,0,0,0,-0.3300761916986924,-0.9439542932121704,-0.9858890133306514,0.16740027895411294,0.6452130349915007,-0.7640027090770402,-0.9391492717020655,-0.3435093091336535,-0.819606402224157,0.5729269983454901,-0.4621000982766125,0.8868277731176133,-0.2378783584969287,0.9712949534301136,0.11980201703203151,-0.9927978025333541,-0.9981978267190713,-0.060009155412511284,0.7280141329028273,-0.6855621213965547,1,0,0,0,99,76
1701949920,12,7,3,1192,18.9,0.0,62,0,0,0,1,0,0,0,-0.9726510762098645,-0.232271143166327,-0.7849430371582153,0.6195679368857272,0.43613762914604876,-0.8998799744648526,-0.9746486480944947,-0.22374095013558368,-0.7822215000035424,0.6230004212937645,-0.4341656243337532,0.9008330648055067,-0.22267345507995925,0.9748930876782097,0.11204220705116075,-0.9937034486400381,-0.998424621250908,-0.05610949723514686,0.7266737566594609,-0.6869827154903001,1,0,0,0,99,75
1701949980,12,7,3,1193,18.9,0.0,62,0,0,0,1,0,0,0,-0.7209750468639425,0.6929610247333798,-0.39181562964398203,0.9200437556805056,0.1999452979185737,-0.9798070615382667,-0.9949389583130883,-0.10048118844274602,-0.741782039565109,0.6706410409292194,-0.40580719502664103,0.9139587082930004,-0.2074141891325177,0.9782532157608786,0.10427555859145843,-0.9945484442099537,-0.9986361810514262,-0.05220898289588839,0.7253306083765831,-0.6884006889537923,1,0,0,0,99,75
1701950040,12,7,3,1194,18.9,0.0,62,0,0,0,1,0,0,0,0.19356211562190795,0.9810880222467152,0.09724190905490493,0.9952607754369492,-0.04867866351416559,-0.998814491143613,-0.9997035788531551,0.024346548588937242,-0.6984459361364568,0.715662821651697,-0.37705250188024414,0.9261918866119744,-0.19210428598553647,0.9813745173510403,0.09650254568911575,-0.9953327376689265,-0.9988325028924836,-0.048307671911785734,0.7239846931778965,-0.6898160363778933,1,0,0,0,99,77
1701950100,12,7,3,1195,18.9,0.0,63,0,0,0,1,0,0,0,0.9301391616624073,0.36720721662564615,0.5624912369870102,0.8268032464334082,-0.2942760214208693,-0.9557204733690202,-0.9888681594047358,0.1487943658728041,-0.6523824162740731,0.7578899543709509,-0.347929623364445,0.9375206542714009,-0.17674748333229415,0.984256230427677,0.08872364276877669,-0.9960562811477264,-0.9990135837784505,-0.04440562381204457,0.7226360161976583,-0.6912287523634834,1,0,0,0,99,77
1701950160,12,7,3,1196,18.9,0.0,63,0,0,0,1,0,0,0,0.8115505520270061,-0.584282210498199,0.8900230925369855,0.45591544693166575,-0.5215767216183704,-0.8532043855172293,-0.9626017830643233,0.2709202968427898,-0.6037713570372523,0.7971575430373816,-0.3184669974758911,0.9479339489219124,-0.16134753031591095,0.9868976514618708,0.08093932461458155,-0.9967190304849884,-0.9991794209462554,-0.04050289813711804,0.7212845825806614,-0.6926388315214799,1,0,0,0,99,81
1701950220,12,7,3,1197,18.9,0.0,63,0,0,0,1,0,0,0,-0.0531738924849011,-0.9985852678454675,0.9996462543933898,-0.026596354586037207,-0.7164483074814391,-0.6976401814022622,-0.9213143278496927,0.3888186071921827,-0.5528025835720277,0.8333122485575808,-0.2886933939687737,0.9574216021579993,-0.14590818661404958,0.9892981355885594,0.0731500663411886,-0.9973209452299093,-0.9993300118654271,-0.03659955443779828,0.7199303974822143,-0.6940462684728598,1,0,0,0,99,80
1701950280,12,7,3,1198,18.9,0.0,63,0,0,0,1,0,0,0,-0.8690105054701593,-0.4947936351475211,0.864521149292347,-0.5025964409207844,-0.866774607646297,-0.4987000897730096,-0.8656500706905215,0.5006495332200912,-0.4996751278480393,0.8662128875802101,-0.2586378862616515,0.9659743494472848,-0.13043322152104356,0.9914570967639711,0.06535634336477557,-0.9978619886447151,-0.9994653542381334,-0.0326956522743077,0.7185734660681216,-0.6954510578486787,1,0,0,0,99,81
1701950340,12,7,3,1199,18.9,0.0,63,0,0,0,1,0,0,0,-0.8858828673734284,0.46390898384729823,0.5177311156153848,-0.8555433898544533,-0.9632090608622962,-0.2687532419763031,-0.7964776337023857,0.6046679907286713,-0.4445964514429511,0.8957309838139661,-0.22832982304775026,0.973583839177183,-0.11492641302767814,0.9933740079086988,0.057558631374022555,-0.9983421277069046,-0.9995854459992164,-0.028791251215390185,0.717213793514664,-0.6968531942900922,1,0,0,0,99,79
1701950460,12,7,3,1201,18.9,0.0,63,0,0,0,1,0,0,0,0.7904885981024289,0.6124767556977625,-0.4401836232200361,-0.8979077780311747,-0.9741426430536687,0.22593386418244757,-0.6221198179681919,0.7829220472634704,-0.32945254038823985,0.9441721366529173,-0.16707462905402884,0.9859442521392671,-0.08383241574931774,0.9964798673679431,0.04195314429251319,-0.9991195792716563,-0.9997798705894354,-0.020981190723403483,0.7144862457470414,-0.6996494869849461,1,0,0,0,99,79
1701950520,12,7,3,1202,18.9,0.0,63,0,0,0,1,0,0,0,0.9424842311061572,-0.334250615730526,-0.816777391867125,-0.576952937538875,-0.8879619748443272,0.4599168742616023,-0.519655234621185,0.8543760513560765,-0.26983694024718285,0.9629060315929266,-0.13618731293162617,0.9906831056379549,-0.06825281811780774,0.9976680574314172,0.034146321680254645,-0.9994168443225823,-0.9998542004518914,-0.017075650462248376,0.7131183809376422,-0.7010436325713798,1,0,0,0,99,73
1701950580,12,7,3,1203,18.9,0.0,63,0,0,0,1,0,0,0,0.22796420851960592,-0.9736695125318598,-0.9933955688777406,-0.11473989599990957,-0.7465721318130987,0.6653044806703509,-0.40908160514110703,0.9124978029207388,-0.20916763262902466,0.9778797990859456,-0.10516701220928161,0.9944545738961498,-0.0526565575396371,0.9986126811472378,0.026337414952517367,-0.9996531101205152,-0.9999132737694093,-0.013169849647676073,0.7117477957983699,-0.7024351038894354,1,0,0,0,99,63
1701950640,12,7,3,1204,18.9,0.0,63,0,0,0,1,0,0,0,-0.6961450560690602,-0.7179011498184169,-0.9267958647454188,0.3755654737736039,-0.5587640495890891,0.8293266768209027,-0.29212439403368673,0.9563803314636136,-0.1476815298816789,0.9890349668903556,-0.07404401768422757,0.9972549741391004,-0.0370474416181442,0.9993135078990728,0.01852690072471944,-0.9998283622450087,-0.9999570896406027,-0.00926384787740154,0.7103744955575902,-0.7038238956310728,1,0,0,0,99,62
1701950700,12,7,3,1205,18.9,0.0,63,0,0,0,1,0,0,0,-0.9802217665452432,0.1979022192673009,-0.6332842097876352,0.7739193172635314,-0.33621472509132366,0.9417853569852133,-0.1706086794609036,0.9853388648036809,-0.08561873392055926,0.9963279743146032,-0.04284872043245206,0.9990815718234931,-0.02142928109511514,0.9997703665901218,0.010715255710392443,-0.9999425899995764,-0.9999856473968954,-0.005357704752206081,0.7089984854540262,-0.7052100024984735,1,0,0,0,99,58
1701950760,12,7,3,1206,18.9,0.0,63,0,0,0,1,0,0,0,-0.36308710538401223,0.9317552006315066,-0.18472249371488758,0.9827907205075521,-0.09276119741693704,0.9956883851154316,-0.046430673506683055,0.9989215147136015,-0.02322159863573769,0.9997303423207684,-0.011611582132328728,0.9999325833076869,-0.0058058889204457365,0.9999831456848878,0.0029029566920853495,-0.9999957864123448,-0.9999989466025314,-0.001451479875027901,0.7076197707367382,-0.7065934192040612,1,0,0,0,99,54
1701950820,12,7,3,1207,18.9,0.0,63,0,0,0,1,0,0,0,0.587868166005303,0.8089567475443674,0.3090657312414566,0.9510406793466742,0.1564597722312763,0.9876843319974946,0.07847186757846851,0.9969163284843655,0.03926621649480961,0.9992287847345985,0.019636894680695103,0.9998071775934094,0.009818920678735457,0.9999517932364064,-0.004909519507735837,-0.9999879482364791,-0.9999969870545808,0.002454767149947358,0.7062383566651038,-0.7079741404705214,1,0,0,0,99,48
1701950880,12,7,3,1208,18.9,0.0,63,0,0,0,1,0,0,0,0.9983401566622914,-0.05759280853988199,0.7271838861456853,0.6864427111784778,0.39595283104274065,0.9182708508872743,0.20214988141565363,0.9793545963764285,0.1016006978902495,0.9948252601277343,0.050866196399306694,0.9987054771372125,0.025441333129256026,0.9996763168989281,-0.012721696055790868,-0.9999190759503811,-0.9999797687829443,0.006360976718196107,0.7048542485087977,-0.7093521610308227,1,0,0,0,99,45
1701950940,12,7,3,1209,18.9,0.0,63,0,0,0,1,0,0,0,0.49094281136548873,-0.8711918020554086,0.9672620642967986,0.2537796267872891,0.610827460586339,0.7917637358414722,0.3226734139641255,0.9465103633456615,0.16353843073470306,0.9865369641695291,0.0820458281403476,0.9966285577308953,0.041057534443173026,0.9991567839260501,-0.020533096137088695,-0.9997891737576603,-0.999947292050351,0.0102670892257663,0.7034674515477719,-0.7107274756282348,1,0,0,0,99,46
1701951060,12,7,3,1211,18.9,0.0,63,0,0,0,1,0,0,0,-0.9964767617559203,-0.08386932264204244,0.7361621161952178,-0.6768052442756178,0.9156432832374237,0.40199176342580833,0.5468126903127759,0.8372549681625688,0.28525868245982555,0.9584505642344233,0.14413437439690902,0.9895581246784909,0.0722560562219844,0.9973861149721533,-0.036151659905505625,-0.9993463150910582,-0.9998365654173331,0.01807878465137743,0.7006858123826336,-0.7134699659591066,1,0,0,0,99,45
1701951120,12,7,3,1212,18.9,0.0,63,0,0,0,1,0,0,0,-0.6089722936395112,0.7931914936378434,0.3215653171302501,-0.9468873992291383,0.9866325048439105,0.1629610394708834,0.6469308156708554,0.7625486999106625,0.3445658863623454,0.9387621370482149,0.17498266050066957,0.984571515190292,0.08783076001523608,0.9961354112745646,-0.043957870315993346,-0.9990333856469874,-0.9997583172064605,0.02198424837255722,0.699290980789629,-0.7148371312307991,1,0,0,0,99,39
1701951180,12,7,3,1213,18.9,0.0,63,0,0,0,1,0,0,0,0.3384184928294446,0.9409957086570837,-0.1717618865507076,-0.9851384949988209,0.996277695976082,-0.08620181262937314,0.7369538020220037,0.6759431142376653,0.40252756785239857,0.9154078638065289,0.2056600790059547,0.978623488325957,0.10338402118809999,0.9946415154029006,-0.05176139776464421,-0.9986594803542649,-0.99966481391371,0.02588937664115494,0.6978934816140803,-0.7162015696161085,1,0,0,0,99,38
1701951240,12,7,3,1214,18.9,0.0,63,0,0,0,1,0,0,0,0.9746688776878502,0.2236528087610497,-0.6230357899988372,-0.7821933292866443,0.9439791653650637,-0.33000505353202975,0.8154768707731783,0.5787896623420162,0.458917387804158,0.8884789424465883,0.23613667393419815,0.9717198522327791,0.11891204263492582,0.9929047920704127,-0.059561765964363605,-0.9982246220341424,-0.9995560569658268,0.029794109869717856,0.6964933201870217,-0.7175632759101171,1,0,0,0,99,38
1701951300,12,7,3,1215,18.9,0.0,63,0,0,0,1,0,0,0,0.71481319131587,-0.6993154520821212,-0.921768802922436,-0.38773995661904564,0.832988582340432,-0.5532901785595666,0.8812746956992373,0.47260439134673377,0.5135151451774652,0.8580805298300195,0.2663826854076486,0.9638673481942469,0.13441103341198044,0.9909256652731947,-0.06735849882088121,-0.9977288372281305,-0.9994320480223081,0.033698388476821044,0.6950905018496436,-0.7189222449183295,1,0,0,0,99,37
1701951360,12,7,3,1216,18.9,0.0,63,0,0,0,1,0,0,0,-0.2022384466219937,-0.979336311339431,-0.9948206650797496,0.10164568033263627,0.6702068037805061,-0.7421744001016999,0.933320523748862,0.35904428689111606,0.5661076368981803,0.8243313311075577,0.2963685787093853,0.9550736440472949,0.14987720966295234,0.9887046181866692,-0.0751511204618093,-0.9971721561963784,-0.999292788975378,0.03760215288797655,0.6936850319532718,-0.7202784714566918,1,0,0,0,99,43
1701951420,12,7,3,1217,18.9,0.0,63,0,0,0,1,0,0,0,-0.9333529894059777,-0.3589598823920647,-0.8243057328419064,0.5661449097218553,0.46575481225541016,-0.8849138121087995,0.9708021971825155,0.23988141642403288,0.6164894904116238,0.787363136177975,0.32606507312346794,0.9453473266947908,0.16530679554272595,0.9862421930476284,-0.08293915526568758,-0.9965546129158271,-0.9991382819499579,0.04150534353654243,0.6922769158593466,-0.7216319503516119,1,0,0,0,99,43
1701951480,12,7,3,1218,18.9,0.0,63,0,0,0,1,0,0,0,-0.8063470981079486,0.5914426069982534,-0.451972008536893,0.8920321202171627,0.23234444235104618,-0.9726335692893708,0.9931348270223361,0.11697527668406932,0.6644639656580071,0.7473203050513445,0.3554431705270587,0.9346978937205712,0.1806960241392001,0.9835389910218535,-0.09072212789101262,-0.9958762450781355,-0.9989685293036351,0.04540790086463162,0.6908661589394028,-0.7229826764399793,1,0,0,0,99,54
1701951540,12,7,3,1219,18.9,0.0,63,0,0,0,1,0,0,0,0.06201059653036232,0.9980754910917052,0.031020226532818423,0.999518756975502,-0.015511979636687254,-0.9998796820056656,0.9999699200490146,-0.007756223125155063,0.7098437233381567,0.7043592041262913,0.38447418370659736,0.9231357441152117,0.19604113839292545,0.98059567205735,-0.09849956330525031,-0.99513709408738,-0.9987835336266262,0.049309765324020774,0.6894527665750494,-0.7243306445691846,1,0,0,0,99,60
1701951660,12,7,3,1221,18.9,0.0,63,0,0,0,1,0,0,0,0.8817419622489547,-0.47173203411403275,0.8578263326903741,0.5139396685827857,-0.49298089791452077,-0.870040133724527,0.9669643565624658,-0.2549116182870771,0.7921210823753768,0.6103639822732511,0.44138193083017624,0.8973193362101507,0.2265840503983558,0.9739916160342836,-0.1140359240891141,-0.9934766268096809,-0.9983678247043223,0.05711117749757566,0.6866180970897957,-0.7270182863922942,1,0,0,0,99,69
1701951720,12,7,3,1222,18.9,0.0,63,0,0,0,1,0,0,0,0.07945839607244107,-0.9968381831037548,0.9992092331198094,0.03976063943301937,-0.6929066894492291,-0.7210272669715825,0.9276387408284494,-0.3734787363615347,0.8286973924061589,0.5596969106750838,0.46920309532489035,0.883090287194657,0.24177439153614155,0.9703324912612833,-0.12179390119935532,-0.9925554118691015,-0.998137117802234,0.06101060617179,0.6851968307822979,-0.7283579498336618,1,0,0,0,99,77
1701951780,12,7,3,1223,18.9,0.0,63,0,0,0,1,0,0,0,-0.795878853011907,-0.6054559037026985,0.8959508646412198,-0.4441531809507287,-0.8497508990729956,-0.5271844169971601,0.8738376328006137,-0.4862178436682676,0.8620376568538834,0.5068442346183551,0.4965660909595242,0.8679989155000009,0.2569057069237653,0.9664364737270631,-0.12954444463761627,-0.991573616462001,-0.9978911805557761,0.06490910389921796,0.6837729506571542,-0.7296948348108331,1,0,0,0,99,79
1701951840,12,7,3,1224,18.9,0.0,63,0,0,0,1,0,0,0,-0.9394887550204882,0.3425797413596621,0.5733324771196631,-0.8193228122540169,-0.9537617134939987,-0.3005637933500832,0.8064005807754863,-0.5913696841443247,0.8920116826993705,0.45201234267200896,0.523444198233198,0.8520599575945371,0.2719743024675887,0.9623045145884273,-0.13728708135067327,-0.9905313005121108,-0.9976300167176484,0.06880661119358068,0.6823464621460344,-0.7310289362239981,1,0,0,0,99,84
1701951900,12,7,3,1225,19.1,0.0,61,0,0,0,1,0,0,0,-0.21933702833760824,0.9756491521033712,0.11034230353003502,-0.9938936442354813,-0.9984722440397332,-0.05525556878957371,0.7263799173950136,-0.6872933984880206,0.9185024220131432,0.39541535220068236,0.549811171130288,0.8352889776001723,0.2869764993861237,0.9579376226039388,-0.14502133876788834,-0.9894285276370242,-0.9973536302728897,0.07270306858371212,0.6809173706905589,-0.7323602489839656,1,0,0,0,99,83
1701951960,12,7,3,1226,19.1,0.0,61,0,0,0,1,0,0,0,0.7024721506743378,0.7117112318398315,-0.37966351428611655,-0.9251246488554479,-0.9811026064728011,0.19348817941227325,0.6350243383476443,-0.7724921292195388,0.9414064290250888,0.33727427324097903,0.5756412627492147,0.8177023520942627,0.3019086351081543,0.9533368638876456,-0.15274674483005257,-0.9882653651443133,-0.9970620254388173,0.07659841661446647,0.6794856817422769,-0.7336887680121819,1,0,0,0,99,81
1701952020,12,7,3,1227,19.1,0.0,61,0,0,0,1,0,0,0,0.9784316739726002,-0.2065707127527409,-0.7767144625770596,-0.6298528745855095,-0.9027327607286415,0.43020176976303254,0.5337594168897479,-0.845636378641267,0.9606342640779755,0.27781614546200606,0.6009092504438561,0.7993172541181649,0.3167670641669009,0.9485033616488043,-0.16046282801819817,-0.9870418840274217,-0.9967552066649619,0.08049259584762539,0.6780514007626467,-0.7350144882407508,1,0,0,0,99,85
1701952080,12,7,3,1228,19.1,0.0,61,0,0,0,1,0,0,0,0.3548256284893018,-0.9349324966900936,-0.9835986215652434,-0.1803711497300862,-0.7682353642374472,0.6401674977183369,0.42416535825174545,-0.9055847552047066,0.9761108428874015,0.21727315158032454,0.6255904604530329,0.7801516364080526,0.3315481590900087,0.9434382959176643,-0.16816911738237747,-0.9857581589613307,-0.9964331786330006,0.08438554686280492,0.6766145332230143,-0.7363374046124525,1,0,0,0,99,85
1701952140,12,7,3,1229,19.1,0.0,61,0,0,0,1,0,0,0,-0.5950054634648368,-0.8037216548326881,-0.9496635337930714,0.3132717232430274,-0.5859728136854869,0.8103307112664024,0.307952341064001,-0.9514017845438388,0.9877757297443177,0.15588171069141035,0.649660791994018,0.7602242138643738,0.3462483112851427,0.9381429032573806,-0.1758651425704074,-0.9844142682980018,-0.9960959462566851,0.08827721025836226,0.6751750846045926,-0.7376575120807631,1,0,0,0,99,83
1701952260,12,7,3,1231,19.1,0.0,61,0,0,0,1,0,0,0,-0.48321239127428384,0.8755031609988558,-0.24949633163750545,0.9683757434484963,-0.12574628533579774,0.9920624333802022,0.0629982802138193,-0.998013635523133,0.999503285518145,0.031514793961462985,0.6958754220543132,0.7181625143243913,0.37539145280334285,0.926866364241467,-0.19122452217031827,-0.9815463219434595,-0.9953758892859168,0.09605643668318248,0.6722884661054426,-0.7402892801747106,1,0,0,0,99,81
1701952320,12,7,3,1232,19.1,0.0,61,0,0,0,1,0,0,0,0.47562973785858026,0.8796455834394772,0.24531043247334874,0.9694445789831095,0.12360303600011291,0.9923317436681922,-0.06192033725605731,-0.9980810948185003,0.9995201585807313,-0.03097503173121646,0.7179745927716441,0.6960693098638897,0.3898273272463786,0.9208879708911095,-0.1988869391248336,-0.9800224412969096,-0.9949930756786476,0.09994388101102124,0.6708413072362862,-0.7416009307609522,1,0,0,0,99,80
1701952380,12,7,3,1233,19.1,0.0,61,0,0,0,1,0,0,0,0.9971800794831833,0.07504591315929346,0.6800566472142988,0.7331595710209659,0.36526731921911254,0.9309026724155877,-0.18587270857284605,-0.9825738324460884,0.9956339268139893,-0.09334390058785733,0.7393726734833582,0.6732964055347922,0.40416803093837583,0.9146847559500465,-0.2065372170456859,-0.9784387451317651,-0.9945950797012232,0.10382980031820073,0.669391589311443,-0.7429097523650503,1,0,0,0,99,78
1701952440,12,7,3,1234,19.1,0.0,61,0,0,0,1,0,0,0,0.6019276547624973,-0.7985506235875843,0.9483012769124547,0.3173715302389422,0.584221049672578,0.811594581746004,-0.3069245984390922,-0.9517338340486808,0.9878597658698022,-0.15534826351028058,0.7600487693267718,0.6498660386917136,0.4184100628022027,0.9082582338442392,-0.2141748889993418,-0.9767953301086771,-0.9941819074265729,0.10771413531037331,0.6679393178611462,-0.7442157399942483,1,0,0,0,99,79
1701952500,12,7,3,1235,19.0,0.0,62,0,0,0,1,0,0,0,-0.34673427981522564,-0.9379633997129189,0.9843686808591887,-0.17612012986464826,0.7668507448860724,0.6418254708779294,-0.4231870326002857,-0.9060423474865646,0.9762280336802884,-0.21674599478817985,0.7799826904451725,0.6258010886902563,0.4325499458500392,0.9016099735168907,-0.22179948882167133,-0.9750922965332284,-0.9937535651591969,0.11159682671736608,0.6664844984253699,-0.7455188886666005,1,0,0,0,99,77
1701952560,12,7,3,1236,19.0,0.0,62,0,0,0,1,0,0,0,-0.9766103165778877,-0.21501695178203503,0.7794283006736524,-0.6264914397731085,0.9018013749637745,0.43215076086181514,-0.5328457746563188,-0.8462123731256284,0.9607841519107266,-0.27729733759483854,0.7991549717028728,0.6011250545457083,0.4465842280322334,0.8947415980454101,-0.2294105511463999,-0.9733297483498103,-0.9933100594350714,0.11547781529408518,0.6650271365538082,-0.7468191934109906,1,0,0,0,99,76
1701952620,12,7,3,1237,19.0,0.0,62,0,0,0,1,0,0,0,-0.7085953321480677,0.7056150900157746,0.38365668897089844,-0.9234757955722972,0.9806823633502076,0.1956070096235086,-0.6341896366137227,-0.7731775377051213,0.9415884285889248,-0.3367658402324074,0.8175468916925828,0.5758620319866524,0.46050948308007056,0.8876547842451626,-0.23700761143351218,-0.9715077931352797,-0.9928513970215481,0.11935704182141989,0.6635672378058535,-0.7481166492671514,1,0,0,0,99,75
1701952680,12,7,3,1238,19.0,0.0,62,0,0,0,1,0,0,0,0.21089893280388508,0.977507872163791,-0.10604746068673451,-0.9943610692710649,0.9985892722413617,-0.0530986380660329,-0.7256371814019844,-0.6880775254046476,0.9187158226036622,-0.39491927947072447,0.8351404910165487,0.5500366899258974,0.4743223113422468,0.8803512622600985,-0.24459020599760484,-0.969626542092392,-0.9923775849172511,0.12323444710714614,0.6621048077505758,-0.749411251285683,1,0,0,0,99,77
1701952740,12,7,3,1239,19.0,0.0,62,0,0,0,1,0,0,0,0.9364936915462055,0.3506844246529354,-0.5697874934337646,-0.8217920736576058,0.9544087367730887,-0.2985028696197025,-0.8057614006701062,-0.5922402934537203,0.8922556509918332,-0.4515305673740592,0.851918589823599,0.5236742463717023,0.48801934061484575,0.872832815140363,-0.25215787203618784,-0.9676861100430146,-0.9918886303519702,0.1271099719868298,0.6606398519667014,-0.7507029945280722,1,0,0,0,99,77
1701952800,12,7,3,1240,19.0,0.0,62,0,0,0,1,0,0,0,0.8010804691428774,-0.5985566656197452,-0.8940236757546595,-0.4480197174122222,0.8508876886558596,-0.5253476385155728,-0.8733119827746476,-0.48716134980334147,0.862311240157329,-0.506378638074642,0.8678648045849774,0.49680044380282007,0.5015972269646135,0.8651012784069909,-0.2597101476579314,-0.9656866154211187,-0.9913845407865504,0.13098355732472944,0.6591723760425913,-0.7519918740667114,1,0,0,0,99,79
1701952860,12,7,3,1241,19.0,0.0,62,0,0,0,1,0,0,0,-0.07084244221854993,-0.9974875179071222,-0.9993716820850794,0.03544349088956821,0.6944625652655555,-0.7195288357284815,-0.9272348234747446,-0.3744804162246128,0.8289995223836419,-0.5592493110301465,0.8829635640925809,0.46944152403140343,0.5150526555453319,0.8571585396037898,-0.26724657191085743,-0.9636281802655497,-0.9908653239127783,0.13485514401469864,0.65770238557622,-0.7532778849849167,1,0,0,0,99,79
1701952920,12,7,3,1242,19.0,0.0,62,0,0,0,1,0,0,0,-0.8776331389109034,-0.4793329463800657,-0.8600386463351707,0.5102288964866329,0.4948591231418125,-0.8689732149170747,-0.966688474876233,-0.25595584099891655,0.7924505792158009,-0.6099361273941245,0.8972001246639806,0.4416242025783208,0.528382341407091,0.8490065378365236,-0.27476668481047367,-0.9615109302125805,-0.9903309876532644,0.13872467298108784,0.6562298861751544,-0.7545610223769472,1,0,0,0,99,79
1701952980,12,7,3,1243,19.0,0.0,62,0,0,0,1,0,0,0,-0.877531975101159,0.47951812549168443,-0.5101381550660152,0.8600924733689059,0.264487737552324,-0.9643890484054933,-0.9910572759446079,-0.13343716048107937,0.7528071334947217,-0.6582411562333825,0.9105605845393766,0.4133756425859036,0.541583030298262,0.8406472632995077,-0.2822700273678489,-0.9593349944882412,-0.989781540161323,0.14259208517964586,0.6547548834565322,-0.7558412813480241,1,0,0,0,99,80
1701953040,12,7,3,1244,19.0,0.0,62,0,0,0,1,0,0,0,-0.07063196032945498,0.9975024441975159,-0.03533805174655298,0.9993754159967905,0.01767178546737087,-0.9998438418065069,-0.9999609596895538,-0.008836237703148543,0.7102239920275675,-0.7039757674440404,0.9230318974564314,0.3847234282935987,0.5546514994599768,0.8320827567897314,-0.28975614161762697,-0.9571005059004335,-0.9892169898208465,0.14645732159842081,0.6532773830470404,-0.7571186570143483,1,0,0,0,99,81
1701953100,12,7,3,1245,19.1,0.0,61,0,0,0,1,0,0,0,0.801206753033176,0.5983876159263619,0.44811403909810615,0.8939764023525347,-0.2302429126460414,-0.9731331877889415,-0.993260587104145,0.1159025716087837,0.66486744107048,-0.7469613683480504,0.9346018853897231,0.35569553810242655,0.5675845584129177,0.8233151092086269,-0.29722457064597896,-0.9548076008308236,-0.9886373452461786,0.15032032325866046,0.6517973905828941,-0.75839314450312,1,0,0,0,99,77
1701953160,12,7,3,1246,19.1,0.0,61,0,0,0,1,0,0,0,0.9364196726113553,-0.3508820268216116,0.8218521846480703,0.5697007868953616,-0.46384222161454775,-0.885917825448659,-0.9710607152615791,0.23883276005537946,0.6169145969843073,-0.7870301010937827,0.9452592504423807,0.32632031725454774,0.5803790497362272,0.8143464610516054,-0.3046748586184907,-0.9524564192265191,-0.9880426152819825,0.1541810312157123,0.6503149117098145,-0.7596647389525567,1,0,0,0,99,77
1701953220,12,7,3,1247,19.1,0.0,61,0,0,0,1,0,0,0,0.21069266371123146,-0.9775523522851683,0.9943722522992001,0.1059425497966507,-0.6686020678263527,-0.7436203835952356,-0.93370776573702,0.35803604316099547,0.5665527145990056,-0.8240254981373439,0.9549935858782884,0.2966264501546146,0.5930318498383478,0.805179001885486,-0.31210655080798455,-0.9500471045915265,-0.9874328090031054,0.1580393865599229,0.6488299520830081,-0.7609334355119122,1,0,0,0,99,79
1701953280,12,7,3,1248,19.1,0.0,61,0,0,0,1,0,0,0,-0.7087442085459975,-0.7054655532713894,0.923435312642794,-0.3837541183678754,-0.8317914757822045,-0.5550882279566577,-0.8817846188147811,0.47165229356133864,0.5139784559875352,-0.8578030932449878,0.9637953862840878,0.26664293235993725,0.605539869719601,0.7958149698139441,-0.31951919362227366,-0.9475798039779932,-0.9868079357144411,0.16189533041753676,0.6473425173671444,-0.7621992293414946,1,0,0,0,99,79
1701953340,12,7,3,1249,19.1,0.0,61,0,0,0,1,0,0,0,-0.9765649240074158,0.21522302199901908,0.6264092025190007,-0.7794943944631735,-0.9432641184904612,-0.33204337482987556,-0.8161015178364379,0.5779085676688503,0.4593971225046744,-0.8882309856306665,0.9716560568510512,0.2363990422668137,0.6179000557263231,0.786256650931111,-0.3269123346318467,-0.9450546679772316,-0.9861680049507872,0.16574880395159478,0.6458526132363348,-0.7634621156126854,1,0,0,0,99,80
1701953400,12,7,3,1250,19.1,0.0,61,0,0,0,1,0,0,0,-0.3465363519963052,0.9380365433953481,0.17601627283386595,-0.9843872569764778,-0.9960891669364942,-0.08835367288212255,-0.7376834256244756,0.6751467718644137,0.40302185308962235,-0.9151903550257765,0.9785679217677679,0.20592431252067284,0.6301093902963704,0.7765063787634564,-0.33428552259748223,-0.9424718507105282,-0.9855130264766997,0.16959974836283187,0.6443602453741106,-0.7647220895079571,1,0,0,0,99,79
1701953460,12,7,3,1251,19.1,0.0,61,0,0,0,1,0,0,0,0.6020961439059417,0.7984235927711527,-0.31747157922312297,-0.9482677872761346,-0.9869822154618934,0.1608294325113806,-0.647754030280252,0.7618495364937162,0.3450727919630029,-0.938575925669766,0.9845242317154429,0.1752485011779473,0.642164892695814,0.7665665337000915,-0.34163830749778956,-0.9398315098197366,-0.9848430102863442,0.1734481048905743,0.6428654194734018,-0.7659791462208924,1,0,0,0,99,80
1701953520,12,7,3,1252,19.1,0.0,61,0,0,0,1,0,0,0,0.9971642218096964,-0.07525632692779136,-0.7332313164778873,-0.6799792912553325,-0.9165094902005468,0.4000129427560235,-0.5477166499404489,0.8366638939132081,0.2857762289683941,-0.958296377409726,0.9895191704584925,0.14440156264783635,0.6540636197466435,0.7564395424116314,-0.348970240556676,-0.9371338064576561,-0.9841579666033436,0.17729381481363626,0.6413681412365148,-0.7672332809562018,1,0,0,0,99,76
1701953580,12,7,3,1253,19.1,0.0,61,0,0,0,1,0,0,0,0.4754441128400345,-0.8797459267116572,-0.969470455122707,-0.2452081496283747,-0.7890526438801072,0.6143255856512999,-0.4391323344669008,0.8984223910976674,0.22536371591533166,-0.9742747023036336,0.9935478605239995,0.11341361844233368,0.665802666545301,0.7461278772577572,-0.35628087427073796,-0.9343789052781952,-0.9834579058806217,0.18113681945121585,0.6398684163751107,-0.7684844889297427,1,0,0,0,99,76
1701953640,12,7,3,1254,19.1,0.0,61,0,0,0,1,0,0,0,-0.48339712085189107,-0.8754011786330324,-0.9683494148893343,0.2495984989607987,-0.6125363258775766,0.7904424390683988,-0.323695505785608,0.946161307354195,0.1640711623744481,-0.9864485053347172,0.9966063679644831,0.08231492776308211,0.6773791671718721,0.7356340556836266,-0.3635697624365738,-0.9315669744263229,-0.9827428388002435,0.18497706016379048,0.6383662506101844,-0.769732765368537,1,0,0,0,99,78
1701953700,12,7,3,1255,18.9,0.0,63,0,0,0,1,0,0,0,-0.9978052709326276,-0.06621662403857209,-0.730142665524544,0.6832947299523933,-0.3979354659034595,0.9174134100699621,-0.20320751699929535,0.9791356928613015,0.10213791445564772,-0.9947702480626623,0.9986917061993311,0.05113585795377667,0.6887902953897591,0.7249606396052742,-0.3708364601780182,-0.9286981855278049,-0.9820127762732532,0.1888144783540117,0.6368616496720415,-0.7709781055107894,1,0,0,0,99,78
1701953760,12,7,3,1256,18.9,0.0,63,0,0,0,1,0,0,0,-0.5948358565326741,0.803847189323344,-0.31317152702365525,0.9496965803148245,-0.15859290602857282,0.987344058653017,-0.0795485428747221,0.9968309933617175,0.039805820166669656,-0.9992074342602034,0.9998018389311463,0.01990685484696882,0.7000332653356665,0.7141102347841574,-0.378080523973295,-0.9257727136787294,-0.9812677294395066,0.19264901546759924,0.6353546193002774,-0.7722205046059057,1,0,0,0,99,74
1701953820,12,7,3,1257,18.9,0.0,63,0,0,0,1,0,0,0,0.3550229011373201,0.9348576039526237,0.18047492353146505,0.9835795859900265,0.0906101926109131,0.995886435792261,0.04535175965571227,0.9989710796094803,-0.022681714998206804,-0.9997427368101957,0.999935682134155,-0.011341586965772336,0.7111053321997285,0.7030854901909965,-0.3853015116820874,-0.9227907374348197,-0.9805077096675017,0.19648061299423458,0.6338451652437547,-0.773459957914511,1,0,0,0,99,75
1701953880,12,7,3,1258,18.9,0.0,63,0,0,0,1,0,0,0,0.9784752407736554,0.20636424882458945,0.6299348185230796,0.7766480054775746,0.3341795883371884,0.9425094178515073,0.16954436314500793,0.9855225562744638,-0.08508067855140847,-0.9963740653676368,0.999093105112741,-0.042578953911311244,0.722003792895616,0.6918890973590669,-0.3924989825725241,-0.9197524388005358,-0.9797327285542052,0.20030921246845357,0.6323332932605821,-0.7746964607084679,1,0,0,0,99,73
1701953940,12,7,3,1259,18.9,0.0,63,0,0,0,1,0,0,0,0.7023219565124583,-0.7118594449752793,0.9251647001953974,0.3795659066780898,0.55697131583319,0.830531729278927,0.2910912835530059,0.956695283065336,-0.1471474038756103,-0.98911457452242,0.9972749306290668,-0.07377474323093221,0.7327259867204562,0.6805237897270998,-0.39967249734807886,-0.9166580032179668,-0.9789427979248754,0.20413475547053872,0.6308190091180914,-0.7759300082708939,1,0,0,0,99,73
1701954060,12,7,3,1261,18.9,0.0,63,0,0,0,1,0,0,0,-0.9395610220178386,-0.3423814917672896,0.8192623181152938,-0.5734189167758204,0.8869664358857725,0.46183388963142347,0.5187321613166936,0.854936807498491,-0.2693169067302581,-0.9630516101171553,0.9907198418617534,-0.13591981070256942,0.7536311467497112,0.6572975693312089,-0.4139459087059511,-0.9103014800963494,-0.977318136559521,0.21177643861351833,0.6277832274704708,-0.7783882188900081,1,0,0,0,99,77
1701954120,12,7,3,1262,18.9,0.0,63,0,0,0,1,0,0,0,-0.7957510777574821,0.6056238289960243,0.4440586509707787,-0.8959977201410795,0.9736523301828737,0.22803758446681607,0.6212738589113436,0.7835935121179909,-0.3289426149665083,-0.9443499118753576,0.9859893285110538,-0.16680840525081836,0.763809009259127,0.645442326915884,-0.421044934112807,-0.9070397805267099,-0.9764834306138301,0.21559246215172986,0.6262617415459251,-0.7796128725693702,1,0,0,0,99,77
1701954180,12,7,3,1263,18.9,0.0,63,0,0,0,1,0,0,0,0.07966873759898874,0.9968213943577774,-0.039866061018256155,-0.9992050326028631,0.9998012383976285,-0.019936993217846526,0.714120785728103,0.7000225020605243,-0.38728380933075146,-0.9219605474369618,0.980296013313571,-0.19753411422212402,0.7738003987534913,0.633429509013385,-0.42811826110703044,-0.9037227199239225,-0.9756338247323948,0.219405196014221,0.6247378666231859,-0.7808345522625844,1,0,0,0,99,77
1701954240,12,7,3,1264,18.9,0.0,63,0,0,0,1,0,0,0,0.8818414830181569,0.4715459668243784,-0.514030170892537,-0.8577721045896685,0.9637873480674221,-0.2666719852274808,0.7958240965274552,0.6055278749869898,-0.4441126687075084,-0.8959709467909631,0.9736454556949781,-0.22806693448309956,0.7836028759783554,0.6212620483809149,-0.43516545796919887,-0.9003505007442698,-0.9747693318791554,0.22321458202336397,0.6232116085153726,-0.782053253309314,1,0,0,0,99,75
1701954300,12,7,3,1265,18.8,0.0,63,0,0,0,1,0,0,0,0.8732532357707915,-0.48726664796171143,-0.8623417675033813,-0.506326649524933,0.8678498284625437,-0.49682660480044094,0.8651088384707559,0.5015841879483239,-0.49920727761706163,-0.8664825987717018,0.9660441498119281,-0.25837705125291044,0.7932140477994922,0.6089429155294811,-0.44218609457473834,-0.8969233288106295,-0.9738899652452092,0.2270205620526151,0.6216829730446962,-0.783268971060585,1,0,0,0,99,71
1701954360,12,7,3,1266,18.8,0.0,63,0,0,0,1,0,0,0,0.06179999076938898,-0.9980885537570819,-0.9995220242088421,-0.030914771897250545,0.7179536098861996,-0.6960909524274645,0.9208938463328616,0.38981344741589885,-0.552352492790655,-0.8336106547471364,0.9574995182106194,-0.28843486721690187,0.8026315677871454,0.5964751179986882,-0.4491797424201762,-0.893441413299912,-0.9729957382486092,0.2308230780274018,0.6201519660424364,-0.7844817008788038,1,0,0,0,99,71
1701954420,12,7,3,1267,18.8,0.0,63,0,0,0,1,0,0,0,-0.8064718807401303,-0.5912724461493848,-0.8919844298387122,0.4520661200812417,0.5234185131989307,-0.8520757360942869,0.9623086137238632,0.2719597984130312,-0.6033407833003538,-0.7974834789552168,0.9480199045788059,-0.3182110314278744,0.8118531367888758,0.58386169962249,-0.4561459746492947,-0.8899049667302936,-0.9720866645341592,0.23462207192600865,0.6186185933489193,-0.7856914381377745,1,0,0,0,99,74
1701954480,12,7,3,1268,18.8,0.0,63,0,0,0,1,0,0,0,-0.9332772243328045,0.3591568216554658,-0.5660579379995188,0.8243654595067245,0.2963397884973224,-0.955082577452527,0.9887068770501516,0.1498623077152374,-0.651973040962877,-0.7582421472442815,0.9376145655983277,-0.34767646796678553,0.8208765034908678,0.5711057397860814,-0.46308436607918363,-0.8863142049482455,-0.9711627579732054,0.23841748578046287,0.6170828608134961,-0.7868981782227173,1,0,0,0,99,71
1701954540,12,7,3,1269,18.8,0.0,63,0,0,0,1,0,0,0,-0.2020317919023325,0.9793789639668256,-0.10154072097728682,0.9948313836944493,0.05083609104539121,-0.9987070100120579,0.9996767002416476,0.025426265828293697,-0.6980593578527926,-0.7160398961748897,0.9262936619061176,-0.3768024043348916,0.8296994649675543,0.5582103526741099,-0.469994493226192,-0.8826693471153595,-0.9702240326634255,0.24220926167741863,0.6155447742945193,-0.7881019165302856,1,0,0,0,99,71
1701954600,12,7,3,1270,18.8,0.0,63,0,0,0,1,0,0,0,0.7149607382857998,0.6991646034445853,0.38783720589663306,0.9217278891963141,-0.19782834832713678,-0.9802366778478334,0.9950469028764004,-0.09940654443286578,-0.7414197678889017,-0.6710415246343308,0.9140682481725122,-0.40556039954960427,0.8383198672194296,0.5451786865103935,-0.4768759343317749,-0.8789706156949713,-0.9692705029286126,0.24599734175904098,0.6140043396593216,-0.7893026484685837,1,0,0,0,99,70
1701954660,12,7,3,1271,18.8,0.0,63,0,0,0,1,0,0,0,0.9746216629043428,-0.22385846912183968,0.7822590584716292,0.6229532610389644,-0.43419277916671734,-0.9008199767542249,0.974889731393819,-0.22268814881552984,-0.7818849495979348,-0.6234227503004964,0.9009502623065538,-0.4339223719166273,0.846735605698918,0.5320139227893255,-0.48372826938823543,-0.8752182364385827,-0.9683021833184573,0.24978166822388845,0.6124615627841928,-0.7905003694571839,1,0,0,0,99,70
1701954720,12,7,3,1272,18.8,0.0,63,0,0,0,1,0,0,0,0.33821992534671463,-0.9410670975538687,0.9851566112943334,0.17165794832475895,-0.6435612059762619,-0.7653946525566921,0.9395197317131483,-0.34249477911590703,-0.8192968873112808,-0.5733695234681091,0.8869525137988248,-0.46186062645125475,0.8549446258241684,0.5187192754991592,-0.49055108016436005,-0.8714124383720832,-0.9673190886083255,0.25356218332779523,0.610916449554358,-0.791695074927145,1,0,0,0,99,67
1701954780,12,7,3,1273,18.8,0.0,63,0,0,0,1,0,0,0,-0.6091396517935828,-0.793062976448146,0.9468534671342093,-0.3216652169195901,-0.8129161140362485,-0.5823807959919394,0.8894888408496027,-0.45695689293852465,-0.8535094882127922,-0.5210773009168003,0.8720886712131973,-0.4893478819220533,0.862944923480651,0.5052979903373586,-0.497343950230945,-0.867553453781771,-0.966321233799033,0.2573388293847521,0.6093690058639543,-0.7928867603210284,1,0,0,0,99,66
1701954840,12,7,3,1274,18.8,0.0,63,0,0,0,1,0,0,0,-0.9964590422662916,0.08407958780670174,0.6767275715505089,-0.7362335185953917,-0.9317278354206747,-0.36315732224795383,0.8255777741218431,-0.5642883472800259,-0.8843891528281048,-0.46675028265656904,0.8563732488397127,-0.5163572974905221,0.8707345455104334,0.49175334391820763,-0.5041064649862133,-0.8636415182001753,-0.9653086341166165,0.26111154876778686,0.6078192376160092,-0.794075421092917,1,0,0,0,99,67
1701954900,12,7,3,1275,18.7,0.0,63,0,0,0,1,0,0,0,-0.46763858468568814,0.8839197667849534,0.24091516475208297,-0.9705461778774241,-0.9926092327490774,-0.12135448513049653,0.7487838423505466,-0.6628142706933458,-0.911815296727727,-0.4106006145311124,0.8398215925216237,-0.5428624989207155,0.8783115901890158,0.478088642972872,-0.5108382116811192,-0.8596768703916815,-0.9642813050121011,0.26488028390984336,0.6062671507224173,-0.7952610527084308,1,0,0,0,99,67
1701954960,12,7,3,1276,18.7,0.0,63,0,0,0,1,0,0,0,0.49112663102911036,0.8710881885859756,-0.2538816765877605,-0.967235283833767,-0.9917749956098326,0.12799358610147818,0.6603053891566091,-0.7509971990964674,-0.9356808214066555,-0.3528475597928464,0.8224498646704389,-0.5688376043332375,0.8856742076896101,0.46430722354210824,-0.5175387794445416,-0.8556597523379571,-0.9632392621612652,0.2686449773046603,0.6047127511039186,-0.796443650644746,1,0,0,0,99,64
1701955020,12,7,3,1277,18.7,0.0,63,0,0,0,1,0,0,0,0.9983522871222469,0.05738214703005362,-0.6865194290659029,-0.7271114587977738,-0.9292769928276966,0.36938363607652286,0.561523091209737,-0.8274610673852042,-0.9558925325017463,-0.29371664288459703,0.8042750284836018,-0.5942572494784574,0.8928206005347483,0.4504124501618171,-0.5242077593083599,-0.8515904092231831,-0.9621825214644005,0.27240557150764816,0.6031560446900751,-0.7976232103906105,1,0,0,0,99,64
1701955080,12,7,3,1278,18.7,0.0,63,0,0,0,1,0,0,0,0.5876974545726518,-0.8090807758739703,-0.9510732821065815,-0.30896538974942617,-0.8090010475115055,0.5878072006408963,0.4539784132307965,-0.8910126824689131,-0.9723715037137074,-0.23343876877147773,0.7853148313802172,-0.6190966125042691,0.8997490240351109,0.4364077150416402,-0.5308447442324167,-0.8474690894190892,-0.96111109904607,0.27616200913676636,0.6015970374192486,-0.7987997274463626,1,0,0,0,99,63
1701955140,12,7,3,1279,18.7,0.0,63,0,0,0,1,0,0,0,-0.36328370740536675,-0.9316785647066331,-0.9827712258472551,0.184826182254256,-0.6384253353939456,0.7696837604673286,0.3393495539504004,-0.9406603426496007,-0.9850533850126095,-0.17224932126194178,0.7655877876709966,-0.6433314381942088,0.9064577867154677,0.4222964372368012,-0.5374493291293603,-0.8432960444697939,-0.9600250112548615,0.2799142328733983,0.600035735238578,-0.7999731973239473,1,0,0,0,99,66
1701955260,12,7,3,1281,18.7,0.0,63,0,0,0,1,0,0,0,-0.6959935559105248,0.7180480277328413,-0.3754676898663577,0.9268354837113331,-0.1912648899937819,0.9815384566361455,0.09607690503928216,-0.995373913822375,-0.9988428089099843,-0.048094106591270766,0.7239109429312665,-0.6898934314112323,0.9192098322502954,0.3937680590073094,-0.550559688404759,-0.8347958010817105,-0.957808906066787,0.287405809717105,0.5969062699800091,-0.802310977650532,1,0,0,0,99,71
1701955320,12,7,3,1282,18.7,0.0,63,0,0,0,1,0,0,0,0.2281696579078992,0.9736213880201031,0.11484470379581474,0.9933834576889489,0.057517572580260974,0.9983444940722989,-0.028770696269825667,-0.999586037835738,-0.9998965041032342,0.014386837113521522,0.702001838632378,-0.7121751319421092,0.9252500018757388,0.3793579233770469,-0.5570646625944573,-0.8304691214539668,-0.9566789224849597,0.29114504851193435,0.5953381188400696,-0.8034752791816107,1,0,0,0,99,67
1701955380,12,7,3,1283,18.7,0.0,63,0,0,0,1,0,0,0,0.9425547405040898,0.3340517342467597,0.5770391086197019,0.8167165157650357,0.3027238710730988,0.9530783062700137,-0.15316934048625133,-0.9881999560488792,-0.9970456248459444,0.07681160052726667,0.6794072414512276,-0.7337614055424511,0.9310642849831721,0.36485517295054826,-0.5635356364283681,-0.8260917542714454,-0.9555343411598155,0.2948798447915308,0.593767696666158,-0.8046365156987131,1,0,0,0,99,65
1701955440,12,7,3,1284,18.7,0.0,63,0,0,0,1,0,0,0,0.7903593414947124,-0.6126435434345525,0.8979542147110153,0.44008888679756925,0.5291082654818533,0.8485543255436181,-0.27517782837320115,-0.9613933444599089,-0.9903013037606052,0.13893641628473632,0.6561492146285263,-0.7546311735824118,0.9366512620987631,0.3502633483663315,-0.5699722149516012,-0.8216639667060773,-0.9543751795562575,0.2986101415674982,0.5921950094489575,-0.8057946827720751,1,0,0,0,99,65
1701955500,12,7,3,1285,18.7,0.0,64,0,0,0,1,0,0,0,-0.08848879115605462,-0.9960771726325929,0.9990188117929995,-0.04428785029444963,0.7225952706371838,0.6912713467610061,-0.3928922582839944,-0.9195845112769696,-0.9796898772767252,0.20051868830988095,0.6322504692327713,-0.7747640570876662,0.9420095692421776,0.3355860120090927,-0.5763740053085789,-0.8171860290071938,-0.9532014553616653,0.30233588192009736,0.5906200631877919,-0.8069497759836411,1,0,0,0,99,61
1701955560,12,7,3,1286,18.7,0.0,64,0,0,0,1,0,0,0,-0.8859807373049136,-0.46372204295746144,0.8554887617489377,-0.51782137704161,0.8711548016976116,0.49100846375515256,-0.5044757359104833,-0.8634258693585549,-0.9652527827876372,0.2613179391483152,0.6077343419832735,-0.7941403966391318,0.9471378982595755,0.3208267471400009,-0.5827406167670137,-0.8126582144850321,-0.9520131864856264,0.3060570089991143,0.5890428638906025,-0.8081017909270819,1,0,0,0,99,60
1701955620,12,7,3,1287,18.7,0.0,64,0,0,0,1,0,0,0,-0.8689060794851441,0.49497699444899096,0.5025052266151114,-0.864574171037104,0.965550146558195,0.2602170526338503,-0.6081870384043668,-0.7937937555290575,-0.9470463968383644,0.321096749026631,0.5826247724622465,-0.8127412715700584,0.9520349971429776,0.30598915702189644,-0.5890716607417571,-0.8080807994940532,-0.9508103910596616,0.30977346602472816,0.5874634175739252,-0.8092507232078103,1,0,0,0,99,61
1701955680,12,7,3,1288,18.7,0.0,64,0,0,0,1,0,0,0,-0.052963179352423326,0.9985964658624038,0.026490886523445938,-0.9996490548843638,0.9999122598719259,0.01324660552058789,-0.702407785577371,-0.7117747556357236,-0.9251418149764185,0.37962168297153187,0.5569462797382114,-0.8305485184417379,0.9566996703359257,0.2910768640396056,-0.5953667508185162,-0.8034540634160753,-0.9495930874369493,0.3134851962883771,0.5858817302628675,-0.8103965684429991,1,0,0,0,99,61
1701955740,12,7,3,1289,18.7,0.0,64,0,0,0,1,0,0,0,0.8116738236246998,0.5841109518254728,-0.4560093464911258,-0.8899749861163158,0.9721046718631476,-0.2345474513650535,-0.7856676941828057,-0.6186487487399237,-0.899624574125208,0.4366642023684082,0.5307239384235423,-0.847544748779794,0.9611307790253608,0.2760935088155877,-0.6016255027774389,-0.7987782886432216,-0.9483612941920452,0.31719214315362415,0.5842978079910859,-0.811539322261597,1,0,0,0,99,60
1701955860,12,7,3,1291,18.7,0.0,64,0,0,0,1,0,0,0,0.1933550914660601,-0.9811288440384125,-0.995271029428269,-0.09713690329011809,0.7406540701603272,-0.6718865591414528,-0.9142993380565942,-0.40503915913066185,-0.8381644108200555,0.5454176568783495,0.47675063876289164,-0.8790385818831701,0.9692880330126773,0.24592825998330273,-0.6140324665751385,-0.7892807675293066,-0.9458543142390657,0.3245914605089707,0.5811232827425817,-0.8138155382237952,1,0,0,0,99,64
1701955920,12,7,3,1292,18.7,0.0,64,0,0,0,1,0,0,0,-0.7211212528459787,-0.6928088760212632,-0.920002411959138,0.39191269689736824,0.551401533867395,-0.8342399825282195,-0.9576638195442646,-0.2878888826194756,-0.8024614889885606,0.5967039120788988,0.4490523844280872,-0.8935054314549238,0.9730121868339892,0.2307537307879076,-0.6201799211567932,-0.784459600867982,-0.9445791657844201,0.32828371809459106,0.5795326918757081,-0.8149489916843234,1,0,0,0,99,65
1701955980,12,7,3,1293,18.7,0.0,64,0,0,0,1,0,0,0,-0.9726020429124683,0.23247637755800724,-0.619485117836576,0.7850084004512332,0.32786552086851617,-0.9447244043770736,-0.9860842774269027,-0.16624619638194185,-0.7636249722154004,0.6456600512723619,0.42091563806043014,-0.9070997881358924,0.9764987936848393,0.2155228663786137,-0.6262895231525857,-0.7795905548358746,-0.9432896042138582,0.3319709664745739,0.5779398902677623,-0.8160793363621499,1,0,0,0,99,63
1701956040,12,7,3,1294,18.7,0.0,64,0,0,0,1,0,0,0,-0.3298770001093613,0.9440239217301903,-0.1672962615688254,0.9859066694495454,0.08394441777287699,-0.9964704384600542,-0.9991172199647183,-0.04200929385234764,-0.7218065162674647,0.6920949017828597,0.39236787471526025,-0.9198083772674773,0.9797470023601699,0.20023938515252526,-0.6323608996639003,-0.774673926614458,-0.941985649204503,0.33565314938604557,0.5763448839947981,-0.817206567945353,1,0,0,0,99,66
1701956100,12,7,3,1295,18.8,0.0,63,0,0,0,1,0,0,0,0.6161354352885633,0.7876402258530049,0.3258525541920725,0.9454206010694407,-0.1651959426416995,-0.9862607670057246,-0.9965592724483889,0.08288314965744041,-0.6771694213203072,0.7358271365128635,0.36343697079902076,-0.9316187891280595,0.9827560198564188,0.18490701835238776,-0.6383936801252078,-0.7697100162893775,-0.9406673206531035,0.33933021064342506,0.5747476791412798,-0.8183306821338868,1,0,0,0,99,66
1701956160,12,7,3,1296,18.8,0.0,63,0,0,0,1,0,0,0,0.9956757929363228,-0.0928962612844285,0.7392213001816264,0.6734625968513661,-0.4040652194563607,-0.9147301779353751,-0.9784503507933796,0.20648222933781113,-0.6298879942744539,0.7766859820216312,0.33415117684842055,-0.9425194910508831,0.9855251115651197,0.16952950915565845,-0.6443874963266829,-0.7646991268321347,-0.9393346386757316,0.3430020941392817,0.5731482818000584,-0.8194516746395976,1,0,0,0,99,66
1701956220,12,7,3,1297,18.8,0.0,63,0,0,0,1,0,0,0,0.45979641835260393,-0.8880243542100167,0.9716028906425754,0.2366174610948897,-0.6178116779833116,-0.786326096824622,-0.9450730386654309,0.3268592228891346,-0.5801468680906867,0.8145118853918384,0.30453908994426443,-0.9524998386855082,0.9880536014522462,0.15411061176066326,-0.650341982436678,-0.7596415640815948,-0.9379876236074746,0.346668743845191,0.5715466980723487,-0.8205695411862395,1,0,0,0,99,66
1701956280,12,7,3,1298,18.8,0.0,63,0,0,0,1,0,0,0,-0.4988176628046754,-0.8667069512090468,0.9661022076387795,-0.25815988146006835,-0.7931455986954944,-0.6090320675218718,-0.8969481778569685,0.4421356875881703,-0.5281402808022835,0.8491571372803064,0.2746296257868892,-0.961550086391839,0.9903408722232561,0.13865409047006316,-0.6562567750240514,-0.7545376367253204,-0.936626296002125,0.3503301038125896,0.5699429340677058,-0.8216842775094914,1,0,0,0,99,68
1701956340,12,7,3,1299,18.8,0.0,63,0,0,0,1,0,0,0,-0.9988210851948485,-0.04854317429036989,0.7240660102125944,-0.6897306813929731,-0.9191655676190696,-0.39387137405949346,-0.834826740725132,0.5505127727585013,-0.4740713170196541,0.880486448719826,0.2444519904604727,-0.9696613967565755,0.9923863654737946,0.1231637187718536,-0.6621315130803496,-0.7493876562807309,-0.9352506766318672,0.3539861181736292,0.5683369959040019,-0.8227958793569731,1,0,0,0,99,68
1701956400,12,7,3,1300,18.8,0.0,63,0,0,0,1,0,0,0,-0.5805130081563131,0.8142509732025552,0.3047532008014393,-0.9524313553224073,-0.9880362734541701,-0.15422166624309427,-0.7596781115193113,0.6502992902336991,-0.4181511148892831,0.9083774794196792,0.2140356519137885,-0.9768258492227975,0.9941895818260211,0.10764327841812157,-0.6679658380418412,-0.7441919370760884,-0.9338607864869604,0.35763673114202876,0.5667288897074029,-0.8239043424882614,1,0,0,0,99,66
1701956460,12,7,3,1301,18.8,0.0,63,0,0,0,1,0,0,0,0.37151605140823607,0.9284265310438047,-0.18917382080535783,-0.981943616264143,-0.995475669281812,0.0950167978197989,-0.6726749594641535,0.7399381047830281,-0.3605980416037862,0.9327213155018567,0.1834103111852539,-0.9830364478242546,0.9957500810505251,0.09209655850178511,-0.6737593938114017,-0.7389507962313138,-0.9324566467754181,0.36128188701392594,0.5651186216123453,-0.8250096626749065,1,0,0,0,99,65
1701956520,12,7,3,1302,18.8,0.0,63,0,0,0,1,0,0,0,0.9819749666421057,0.1890110179016962,-0.6367844934113518,-0.7710418334635599,-0.9410212095015605,0.33834757760063844,-0.5751749396485218,0.8180304326859235,-0.3016368406826962,0.9534228948074206,0.15260587340036988,-0.9882871280168078,0.9970674821738015,0.0765273545315405,-0.679511826780248,-0.73366455363863,-0.9310382789226848,0.3649215301687268,0.5635061977615123,-0.8261118357004477,1,0,0,0,99,60
1701956580,12,7,3,1303,18.8,0.0,63,0,0,0,1,0,0,0,0.6896106261548025,-0.7241803534302633,-0.9284881133946367,-0.37136211880705916,-0.8280586086766621,0.5606415437661308,-0.46869950727191356,0.8833576692841159,-0.24149775435382845,0.9704013781122005,0.12165241856987369,-0.9925727626003548,0.9981414635712602,0.06093946750524334,-0.6852227858495209,-0.7283335319430388,-0.9296057045713088,0.3685556050699549,0.561891624305811,-0.8272108573604299,1,0,0,0,99,56
1701956640,12,7,3,1304,18.8,0.0,63,0,0,0,1,0,0,0,-0.23677854371688278,-0.9715636475472476,-0.9928654610638965,0.11923999424008805,-0.6636113342009432,0.7480775341634341,-0.35491017584493534,0.9349004048997503,-0.1804156244623088,0.9835904648022342,0.09058017221711874,-0.995889166725453,0.9989717630457462,0.04533670298194944,-0.690891922451714,-0.7229580565226276,-0.9281589455806122,0.3721840562660983,0.5602749074043482,-0.8283067234624195,1,0,0,0,99,54
1701956700,12,7,3,1305,18.7,0.0,64,0,0,0,1,0,0,0,-0.9454746124554664,-0.3256958047046135,-0.8141547164712041,0.5806479980570787,-0.4579039211138737,0.8890016867411104,-0.235582589826678,0.971854332382459,-0.118628975418194,0.9929386517762462,0.059419475863364,-0.9982331019797546,0.9995581778915509,0.029722870152842088,-0.6965188905719492,-0.7175384554687094,-0.926698024026357,0.37580682839145607,0.5586560532244075,-0.8293994298260206,1,0,0,0,99,53
1701956760,12,7,3,1306,18.7,0.0,64,0,0,0,1,0,0,0,-0.7849056827820657,0.6196152589602836,-0.43611050264796214,0.8998931211428065,-0.22372626003354357,0.9746520202469203,-0.11257881628681225,0.9936427980534354,-0.056379082763754744,0.998409434564156,0.0282007573997934,-0.9996022795502609,0.9999005649439,0.014101780911272722,-0.7021033467690947,-0.7120750595657992,-0.925222962200409,0.37942386616698276,0.5570350679414255,-0.8304889722828903,1,0,0,0,99,55
1701956820,12,7,3,1307,18.7,0.0,64,0,0,0,1,0,0,0,0.09730191186315293,0.995254911039265,0.048708772109010486,0.9988130233029766,0.02436161629514139,0.9997032117841216,0.012181712028249383,0.9999258001932247,0.006090969002353426,0.9999814498762526,-0.0030454986248035533,-0.9999953624583098,0.9999988406139053,-0.001522751077858202,-0.7076449501967276,-0.7065682022714233,-0.9237337826103967,0.38303511440113214,0.5554119577389687,-0.8315753466767555,1,0,0,0,99,56
1701956880,12,7,3,1308,18.7,0.0,64,0,0,0,1,0,0,0,0.8900505774721458,0.4558617877619267,0.5216024406758817,0.853188662536583,0.2709348053161655,0.9625976995964054,0.13675214880138925,0.9906052946548402,0.06853723566485535,0.9976485590263838,-0.034288780771676325,-0.9994119668651121,0.9998529809089715,-0.017146911309152784,-0.7131433626239372,-0.7010182196957677,-0.9222305079793683,0.38664051799069915,0.5537867288087088,-0.8326585488634279,1,0,0,0,99,56
1701956940,12,7,3,1309,18.7,0.0,64,0,0,0,1,0,0,0,0.8644908468317865,-0.5026485608693819,0.8667896402442123,0.49867396118637375,0.5006625803940346,0.8656425247139762,0.2591886140304236,0.9658267248098844,0.13071586588879644,0.991419871903394,-0.06549858050601552,-0.9978526624465643,0.9994630214386534,-0.03276688536797246,-0.7185982484559688,-0.6954254505811631,-0.9207131612454454,0.39024002192166096,0.5521593873504004,-0.8337385747108206,1,0,0,0,99,53
1701957000,12,7,3,1310,18.7,0.0,64,0,0,0,1,0,0,0,0.04412221841808424,-0.9990261407199847,0.999756505535219,0.022066482275333348,0.6992615811428033,0.7148658903162654,0.37758052762538924,0.9259767519533807,0.19238405345378726,0.9813197113972033,-0.09664442198801937,-0.9953189718369693,0.9988290574059631,-0.04837885986167266,-0.7240092747547067,-0.6897902362814101,-0.9191817655614721,0.39383357127001617,0.5505299395718565,-0.834815420098963,1,0,0,0,99,49
1701957060,12,7,3,1311,18.7,0.0,64,0,0,0,1,0,0,0,-0.8168121741291692,-0.5769036940377309,0.8879481105441159,-0.45994364109218266,0.8543838835945416,0.5196423572553615,0.4900804233718373,0.8716772215835864,0.2533009854070979,0.9673875184184428,-0.12769589183203411,-0.9918133691422099,0.9979512435841267,-0.06397902335058789,-0.729376111258995,-0.6841129207409447,-0.9176363442946625,0.397421111202623,0.548898391688925,-0.8358890809200175,1,0,0,0,99,49
1701957120,12,7,3,1312,18.7,0.0,64,0,0,0,1,0,0,0,-0.9267732207044014,0.3756213484151173,0.5587390498188232,-0.829343520025061,0.9563847343054627,0.2921099792671752,0.5949327780232085,0.803775459710974,0.31322878243308516,0.9496776978825432,-0.158622668804709,-0.9873392775238264,0.9968297942787993,-0.07956356727854007,-0.7346984304047954,-0.6783938504738453,-0.9160769210262436,0.40100258697803604,0.5472647499254653,-0.8369595530782943,1,0,0,0,99,50
1701957180,12,7,3,1313,18.7,0.0,64,0,0,0,1,0,0,0,-0.18466324219769167,0.9828018554017064,0.09273118299227497,-0.9956911808893625,0.9989222144114532,0.046415617579848543,0.6905014056539462,0.7233310506192336,0.37193342776682925,0.9282594062597033,-0.18939455343316602,-0.9819010658563578,0.9954649832757448,-0.09512868690264292,-0.7399759073451794,-0.6726333745426839,-0.9145035195510961,0.4045779439473413,0.5456290205133241,-0.8380268324902673,1,0,0,0,99,49
1701957240,12,7,3,1314,18.7,0.0,64,0,0,0,1,0,0,0,0.7272252695674022,0.6863988689549387,-0.3959805115438519,-0.9182589147280136,0.9793515494264594,-0.20216464239820275,0.7752949897936278,0.6315993024069126,0.42918568102459304,0.9032162815203545,-0.2199814974942728,-0.9755040444612094,0.9938571437739957,-0.1106705822221754,-0.7452082199701555,-0.6668318445372209,-0.9129161638773905,0.40814712755499033,0.5439912096923119,-0.8390909150845903,1,0,0,0,99,49
1701957300,12,7,3,1315,18.9,0.0,63,0,0,0,1,0,0,0,0.9705062222633856,-0.24107607211843352,-0.7877423665509027,-0.6160048408420045,0.8988895485102729,-0.4381752840804668,0.8479903549217016,0.5300116583243869,0.4847619733826144,0.8746461165306764,-0.2503536333562224,-0.9681544599212143,0.9920066683045065,-0.12618545890629732,-0.7503950489263297,-0.6609896145529455,-0.9113148782262214,0.41171008333963266,0.5423513237101792,-0.8401517968021114,1,0,0,0,99,49
1701957360,12,7,3,1316,18.9,0.0,63,0,0,0,1,0,0,0,0.3215082299291668,-0.9469067842653859,-0.9866374167508005,-0.16293129799798153,0.7625389491684939,-0.6469423088661069,0.9074531141789384,0.4201533595806971,0.5384452806085791,0.8426604771735462,-0.2804813031437691,-0.9598594889809514,0.9899140086343236,-0.14166952922038076,-0.7555360776363961,-0.6551070411694638,-0.9096996870312377,0.41526675693494663,0.5407093688225928,-0.8412094735958894,1,0,0,0,99,47
1701957420,12,7,3,1317,18.9,0.0,63,0,0,0,1,0,0,0,-0.6230829462907598,-0.7821557658431126,-0.9439692171472311,0.33003350902361966,0.5787773712647983,-0.8154855943006043,0.9527553710949638,0.3037387081846794,0.590025970536603,0.8073842666861547,-0.31033508769864016,-0.9506272315387758,0.9875796756562926,-0.15711901295073133,-0.7606309923184603,-0.6491844834287357,-0.90807061493827,0.41881709407046913,0.5390653512931113,-0.8422639414312088,1,0,0,0,99,45
1701957480,12,7,3,1318,18.9,0.0,63,0,0,0,1,0,0,0,-0.9948145351851904,0.10170565659919678,-0.6701844311086327,0.7421946027152168,0.3590302196784995,-0.933325935221779,0.9831901991023352,0.18258431583548054,0.6393026216763542,0.7689552379155371,-0.3398858353068445,-0.9404667027374061,0.9850042392643308,-0.17253013832747296,-0.7656794820051903,-0.6432223028131592,-0.9064276868049539,0.4223610405724235,0.5374192773931619,-0.8433151962855951,1,0,0,0,99,44
1701957540,12,7,3,1319,18.9,0.0,63,0,0,0,1,0,0,0,-0.4519182282526401,0.8920593674038712,-0.23231512283548061,0.9726405727204349,0.11696030796720128,-0.9931365899815682,0.9982826728891893,0.05858075630457427,0.6860828097596623,0.727523455396654,-0.3691046901648271,-0.9293878241607897,0.9821883282142966,-0.18789914294537147,-0.7706812385627962,-0.6372208632235092,-0.9047709277003515,0.42589854236454644,0.5357711534020162,-0.8443632341488307,1,0,0,0,99,46
1701957660,12,7,3,1321,18.9,0.0,63,0,0,0,1,0,0,0,0.999211628421411,0.03970039832838073,0.6929284240351306,0.7210063794198983,-0.37349271785411137,-0.9276331115855821,0.9817415931867158,-0.19021946327126704,0.7714335562027579,0.6363098839122071,-0.426432946714834,-0.9045191772185395,0.9758378905378032,-0.21849579261562516,-0.7805433340358577,-0.6251016746835569,-0.9014160179083676,0.43295399600676,0.5324687803023009,-0.8464496429223537,1,0,0,0,99,40
1701957720,12,7,3,1322,18.9,0.0,63,0,0,0,1,0,0,0,0.5732830801649955,-0.8193573762385589,0.9537707733618594,0.30053504268341247,-0.5913818382891833,-0.8063916674555276,0.9503661577138381,-0.3111336791031087,0.809670821724208,0.5868842819913016,-0.45448636833721334,-0.8907536926646169,0.9723049142796247,-0.23371596793478092,-0.7854030710198365,-0.6189846654260585,-0.8997179184127819,0.43647184019930857,0.5308145437912809,-0.8474880058736255,1,0,0,0,99,39
1701957780,12,7,3,1323,18.9,0.0,63,0,0,0,1,0,0,0,-0.3797192881647377,-0.9251017577519053,0.9810967734509948,-0.19351775402801508,-0.7725017003308197,-0.6350126951376582,0.9041605762080257,-0.4271927579338991,0.8447463400139414,0.5351669095086602,-0.48209599173366907,-0.8761184022461406,0.9685345637214349,-0.2488790848523229,-0.7902148710484772,-0.6128298765349471,-0.8980060903287201,0.4399830243685845,0.5291582823841159,-0.8485231359157464,1,0,0,0,99,35
1701957840,12,7,3,1324,18.9,0.0,63,0,0,0,1,0,0,0,-0.9836094941210283,-0.18031184951348836,0.7682160664531458,-0.6401906553857654,-0.9055911481970673,-0.424151709070136,0.8438458713148201,-0.5365856366554476,0.8765231419236595,0.48135972169706537,-0.5092348565754973,-0.860627597075839,0.964527759340248,-0.26398144151072533,-0.7949784404343068,-0.6066376836668139,-0.896280559776573,0.4434874949382373,0.5275000023989397,-0.8495550291000099,1,0,0,0,99,35
1701957900,12,7,3,1325,18.7,0.0,63,0,0,0,1,0,0,0,-0.6831736673300343,0.7302559416169317,0.36724927391559825,-0.9301225568754183,-0.982375324627868,-0.18691902407805047,0.7703632338313046,-0.6376052759826998,0.9048771397219348,0.425672834473437,-0.535876462221734,-0.8442964036620779,0.9602854793398883,-0.2790193508862083,-0.7996934884336023,-0.6004084647611956,-0.8945413530858134,0.4469851984343578,0.5258397101615864,-0.850583681490057,1,0,0,0,99,33
1701957960,12,7,3,1326,18.7,0.0,63,0,0,0,1,0,0,0,0.24536887858740644,0.9694297877725641,-0.12363294914268595,-0.9923280172837418,-0.9980801614308696,0.0619353805036276,0.6848593357385049,-0.728675298230847,0.9296976116541461,0.368323703940673,-0.5619947935965809,-0.8271407691380811,0.9558087594121748,-0.2939891416888716,-0.8043597272641364,-0.5941426000175077,-0.8927884967945957,0.4504760814862939,0.5241774120055661,-0.8516090891618918,1,0,0,0,99,33
1701958020,12,7,3,1327,18.7,0.0,63,0,0,0,1,0,0,0,0.9483204091081449,0.3173143578046236,-0.5842455144009993,-0.8115769704115019,-0.9517292079188023,0.30693894310473063,0.5886684367686403,-0.8083745861618643,0.9508876343085613,0.3095362772262209,-0.5875643465926856,-0.8091774456898254,0.9510986924840727,-0.30888715925898774,-0.8089768721227412,-0.5878404718718389,-0.8910220176493504,0.45396009082746536,0.5225131142720414,-0.8526312482038954,1,0,0,0,99,35
1701958080,12,7,3,1328,18.7,0.0,63,0,0,0,1,0,0,0,0.7793905288984901,-0.6265384293587519,-0.9018144014592891,-0.43212357644616434,-0.8462043418838514,0.5328585288581931,0.48329156372825655,-0.875459459043705,0.9683644611001854,0.24954011797333814,-0.6125601529754697,-0.7904239741978156,0.9461564284508708,-0.3237097664592346,-0.8135446412026923,-0.5815024649736085,-0.889241942604376,0.45743717329617606,0.5208468233098019,-0.8536501547168418,1,0,0,0,99,30
1701958140,12,7,3,1329,18.7,0.0,63,0,0,0,1,0,0,0,-0.10610740923685848,-0.994354673999696,-0.9985876711635528,0.05312873986979144,-0.6880665883946875,0.7256475521455962,0.37037308747694114,-0.9288830798721646,0.9820598453944048,0.18856950989997748,-0.6369578047641863,-0.770898667108712,0.9409831738954507,-0.3384533445626502,-0.8180627557109083,-0.5751289661620904,-0.8874482988214272,0.4609072758364255,0.5191785454752413,-0.8546658048139125,1,0,0,0,99,29
1701958200,12,7,3,1330,18.7,0.0,63,0,0,0,1,0,0,0,-0.8940506846592281,-0.44796581706684435,-0.8508718520044145,0.5253732877360419,-0.4871481870355047,0.8733193252573889,0.25167506307003396,-0.9678117909122075,0.9919203070086345,0.12686254192588234,-0.6607334780658982,-0.7506205905535374,0.9355801917937172,-0.3531142941360932,-0.8225309398849666,-0.5687203644428019,-0.8856411136693016,0.46437034549871836,0.5175082871323327,-0.8556781946207109,1,0,0,0,99,26
1701958260,12,7,3,1331,18.7,0.0,63,0,0,0,1,0,0,0,-0.8600078837318815,0.5102807461770535,-0.4948329282813273,0.8689881317305357,-0.2559412708703545,0.9666923325780896,0.1290497334788228,-0.9916381226480983,0.9979073410512868,0.06466017844045019,-0.6838639563391061,-0.7296095457299233,0.9299488012062609,-0.3676890359189927,-0.8269489210099354,-0.5622770509637608,-0.8838204147234213,0.4678263294408723,0.5158360546526036,-0.8566873202752776,1,0,0,0,99,25
1701958320,12,7,3,1332,18.7,0.0,63,0,0,0,1,0,0,0,-0.03527780063100106,0.9993775446659983,-0.01764164581327013,0.9998443740567825,-0.008821166113885877,0.9999610927573088,0.004410625958475234,-0.9999902731420214,0.9999975682825487,0.0022053183419487145,-0.7063266530643069,-0.707886049566577,0.9240903769563281,-0.38217401169717374,-0.8313164294350177,-0.5557994189916117,-0.8819862297654119,0.47127517492882454,0.5141618544151129,-0.8576931779281052,1,0,0,0,99,26
1701958380,12,7,3,1333,18.7,0.0,63,0,0,0,1,0,0,0,0.8218865296781087,0.5696512374547038,0.463868926823783,0.8859038428223189,0.23884739602692043,0.971057115421724,-0.12029730790478227,-0.992737909878968,0.9981828264098136,-0.06025815347748382,-0.7280996337993461,-0.6854713146888483,0.9180063492941779,-0.3965656851715436,-0.8356331985900104,-0.5492878638876233,-0.8801385867826792,0.47471682933743603,0.5124856928064255,-0.8586957637421522,1,0,0,0,99,23
1701958440,12,7,3,1334,18.7,0.0,63,0,0,0,1,0,0,0,0.9234121749250919,-0.38380979039116697,0.8318082081799767,0.5550631538882909,0.4716655839213357,0.8817775098879226,-0.24312804251266182,-0.9699942035620426,0.9924702019612586,-0.12248631849712321,-0.7491616375980297,-0.662387228704961,0.9116982035479069,-0.4108605428214292,-0.8398989650015737,-0.5427427830835574,-0.8782775139679819,0.47815124015129495,0.5108075762205887,-0.8596950738928585,1,0,0,0,99,23
1701958500,12,7,3,1335,18.6,0.0,64,0,0,0,1,0,0,0,0.1759569250793735,-0.9843978669809336,0.9960918298482659,0.08832364637815417,0.675157890282653,0.7376732496092542,-0.36216484533341015,-0.9321140621214912,0.9828820026131039,-0.18423617706426285,-0.7694920977710762,-0.6386563328331354,0.9051674797608273,-0.4250550947623523,-0.8441134683093121,-0.5361645760574115,-0.8764030397190016,0.48157835496551776,0.509127511059107,-0.8606911045681598,1,0,0,0,99,20
1701958560,12,7,3,1336,18.6,0.0,64,0,0,0,1,0,0,0,-0.7332723102173858,-0.6799350844517864,0.9164974316526442,-0.40004057016021116,0.8366721491002945,0.5477040395322044,-0.47555018687189876,-0.8796885924951523,0.9694556700786149,-0.24526659730265726,-0.78907116196914,-0.6143017998904703,0.8984157723154882,-0.43914587559803503,-0.8482764512816665,-0.5295536443090374,-0.8745151926379088,0.48499812148654897,0.5074455037309183,-0.8616838519685015,1,0,0,0,99,18
1701958620,12,7,3,1337,18.6,0.0,64,0,0,0,1,0,0,0,-0.9683343651587963,0.2496568790410366,0.6125124982230825,-0.7904609032207212,0.9461661860425792,0.32368124503844736,-0.5815147267961288,-0.8135358766023928,0.9522436338990125,-0.3053392567273386,-0.8078797115682936,-0.5893474116650812,0.8914447295444292,-0.4531294452664265,-0.8523876598316128,-0.5229103913356348,-0.8726140015309274,0.4884104875329589,0.5057615606523697,-0.8626733123068543,1,0,0,0,99,18
1701958680,12,7,3,1338,18.6,0.0,64,0,0,0,1,0,0,0,-0.31311427047593193,0.949715459295217,0.15856314310832614,-0.9873488388850257,0.9968321922181852,0.07953351845283306,-0.6784049239013403,-0.7346882054493705,0.9313131067072369,-0.36421957288882034,-0.82589938033904,-0.5638175356935875,0.8842560533277641,-0.4670023898795447,-0.8564468430321711,-0.5162352226071247,-0.8706994954078947,0.49181540103624005,0.5040756882471917,-0.8636594818087276,1,0,0,0,99,18
1701958740,12,7,3,1339,18.6,0.0,64,0,0,0,1,0,0,0,0.6299816404820636,0.7766100261106137,-0.33420799952229324,-0.9424993437956903,0.9855200007599263,-0.1695592170958419,-0.7647088390674721,-0.6443759705731422,0.9067458217640548,-0.42167761941254234,-0.8431125723806229,-0.5377371014666263,0.8768514986776913,-0.48076132255692827,-0.8604537531317207,-0.5095285455414014,-0.8687717034818184,0.49521281004160156,0.5023878929464755,-0.8646423567121847,1,0,0,0,99,19
1701958860,12,7,3,1341,18.6,0.0,64,0,0,0,1,0,0,0,0.4440046316200165,-0.8960244902344876,-0.9736592037860289,-0.22800823424331892,0.7835841480796172,-0.621285669300637,-0.9003570595326714,-0.435151887677948,0.84709854434946,-0.5314358438805441,-0.8750530966405822,-0.484026939394625,0.8614020372029035,-0.507923744574604,-0.8683097789886407,-0.49602230566043903,-0.8648763800857435,0.5019849073127403,0.4990065594194428,-0.8665982077389557,1,0,0,0,99,19
1701958920,12,7,3,1342,18.6,0.0,64,0,0,0,1,0,0,0,-0.5140818839291789,-0.8577411128165807,-0.9637793089749802,0.2667010378527043,0.6055158801168206,-0.7958332230601788,-0.9475846197201016,-0.31950491149575566,0.8122514732198877,-0.5833074183071241,-0.8897492394790579,-0.45644965861137193,0.8533609021426315,-0.5213206025991243,-0.8721584152546842,-0.48922356719646887,-0.8629089080535873,0.5053594922446452,0.49731303409188604,-0.8675711764012926,1,0,0,0,99,21
1701958980,12,7,3,1343,18.6,0.0,64,0,0,0,1,0,0,0,-0.9995238862039619,-0.030854511950917846,-0.7179326263483635,0.696112594358514,0.38979956749686495,-0.920899721565414,-0.9800254388446796,-0.19887216803085594,0.7742325774697342,-0.6329011897481092,-0.9035765572844697,-0.42842666248256006,0.8451114312570148,-0.534590187675307,-0.8759538194663309,-0.48239496904750834,-0.8609282690931656,0.5087263660124623,0.4956176116662611,-0.8685408355432871,1,0,0,0,99,17
1701959040,12,7,3,1344,18.6,0.0,64,0,0,0,1,0,0,0,-0.5660082370433905,0.8243995849095468,-0.2963109980159809,0.9550915099898928,0.14984740573347818,-0.9887091356890289,-0.9971732887740798,-0.07513609089835323,0.7331903200732922,-0.6800234955873388,-0.9165215479156338,-0.39998531498835127,0.836655638536056,-0.5477292602242684,-0.8796957599716702,-0.47553692799599256,-0.858934493426592,0.5120854772418407,0.4939202986100892,-0.8695071814659844,1,0,0,0,99,21
1701959100,12,7,3,1345,18.4,0.0,65,0,0,0,1,0,0,0,0.38789277497415287,0.9217045053176486,0.19785789683804822,0.9802307139948351,-0.09942154194430115,-0.9950454044903768,-0.9987605830454005,0.04977245980270217,0.6892849701673822,-0.7244903242289376,-0.9285715708088789,-0.37115338862191627,0.827995588340275,-0.5607346125298864,-0.8833840083819399,-0.4686498626213997,-0.8569276114764303,0.5154367746768755,0.49222110139810366,-0.8704702104830686,1,0,0,0,99,22
1701959160,12,7,3,1346,18.4,0.0,65,0,0,0,1,0,0,0,0.985166958539643,0.17159855419481035,0.6435842780107317,0.7653752524725406,-0.3425089396843968,-0.9395145694646093,-0.9847625524624222,0.1739043279153665,0.6426879772038036,-0.766128033658659,-0.9397148593213419,-0.3419590372700662,0.8191333948967244,-0.5736030695219185,-0.8870183395854673,-0.46173419327470294,-0.8549076538652297,0.5187802071808914,0.4905200265122254,-0.8714299189208766,1,0,0,0,99,19
1701959220,12,7,3,1347,18.4,0.0,65,0,0,0,1,0,0,0,0.6766831837539894,-0.7362743162874585,0.9317387821399994,0.3631292357498508,-0.5643007904700069,-0.8255692689744001,-0.9553976316106295,0.2953224771547197,0.5935813014428943,-0.8047740295122351,-0.9499405322208951,-0.31243076872146003,0.8100712217828319,-0.5863314895511497,-0.8905985317614076,-0.4547903420527146,-0.8528746514150584,0.5221157237372216,0.48881708044153815,-0.8723863031184126,1,0,0,0,99,19
1701959280,12,7,3,1348,18.4,0.0,65,0,0,0,1,0,0,0,-0.2539399894906939,-0.9672199758780141,0.9917711368753414,-0.12802348245924622,-0.7510071512506543,-0.660294069919136,-0.9111240502585628,0.41213221791123295,0.542156703402608,-0.8402774000028898,-0.9592386043114846,-0.28259741682923273,0.8008112813981934,-0.598916765156381,-0.8941243663932834,-0.4478187327723233,-0.8508286351470322,0.5254432734499875,0.48711226968226357,-0.8733393594273613,1,0,0,0,99,19
1701959340,12,7,3,1349,18.4,0.0,65,0,0,0,1,0,0,0,-0.9510919075018955,-0.30890805020977646,0.8089833280759797,-0.5878315871872758,-0.891019524810561,-0.4539649836786557,-0.8526326828355384,0.52251077324843,0.4886149950377956,-0.8724995052286362,-0.9675999961835046,-0.25248811335522686,0.7913558344244475,-0.6113558238230716,-0.8975956282823216,-0.4408197909446265,-0.8487696362808422,0.5287628055448745,0.4854056007377364,-0.8742890842121027,1,0,0,0,99,17
1701959400,12,7,3,1350,18.4,0.0,65,0,0,0,1,0,0,0,-0.7738143119409093,0.6334125122188675,0.428128186283695,-0.9037180180285407,-0.9756326199006828,-0.21941055349670321,-0.7808362675672484,0.6247357227273372,0.43316525557381835,-0.9013145185581272,-0.9750165430796872,-0.22213225952332183,0.7817071892733627,-0.6236456287334492,-0.9010121055605882,-0.43379394374895947,-0.8466976862342779,0.5320742693699069,0.48369708011838003,-0.8752354738497254,1,0,0,0,99,17
1701959460,12,7,3,1351,18.4,0.0,65,0,0,0,1,0,0,0,0.11490459339101299,0.9933765320449471,-0.05754766700333219,-0.9983427597886778,-0.9995856040851824,0.028785762203928318,-0.6968551635010218,0.717211880201356,0.37602401505664773,-0.9266099179809582,-0.9814810028678492,-0.19155949730963728,0.7718677015232719,-0.6357831795079053,-0.9043735897039191,-0.4267416200068226,-0.8446128166227477,0.535377614396221,0.4819867143416813,-0.8761785247300407,1,0,0,0,99,15
1701959520,12,7,3,1352,18.4,0.0,65,0,0,0,1,0,0,0,0.89798074546892,0.44003474949949434,-0.5291338443628917,-0.848538375531565,-0.9613891968218607,0.2751923186322931,-0.6019998676776046,0.7984961861625556,0.31741440880766936,-0.9482869255037094,-0.9869870631127111,-0.16079968049764676,0.7618397733439909,-0.6477655129374955,-0.907679875544648,-0.4196632501557079,-0.8425150592587969,0.538672790218836,0.4802745099321658,-0.8771182332555959,1,0,0,0,99,15
1701959580,12,7,3,1353,18.4,0.0,65,0,0,0,1,0,0,0,0.855457541413084,-0.5178729524115752,-0.8711696024344442,-0.49098220313389407,-0.8634182657130592,0.5044887495604367,-0.4977505652631463,0.8673202262026514,0.2575653060850283,-0.966260892875897,-0.991529347239883,-0.12988284552646476,0.7516258529103641,-0.6595897037073636,-0.9109307612841284,-0.41255926622282796,-0.8404044461516217,0.5419597465574229,0.4785604734213729,-0.8780545958416888,1,0,0,0,99,13
1701959640,12,7,3,1354,18.4,0.0,65,0,0,0,1,0,0,0,0.026430618926637908,-0.9996506501689252,-0.9999126587279824,-0.01321646380607935,-0.7117641687406298,0.7024185134924622,-0.38573403175474275,0.9226100241956138,0.19671041635407388,-0.9804616321395789,-0.9951034197859987,-0.09883918216077345,0.7412284338045774,-0.6712528651109158,-0.9141260485050504,-0.4054301017987467,-0.8382810095065815,0.5452384332570721,0.47684461134783096,-0.8789876089163806,1,0,0,0,99,12
1701959700,12,7,3,1355,18.5,0.0,64,0,0,0,1,0,0,0,-0.8268964927099149,-0.5623541502861356,-0.8838422229917893,0.4677851268017531,-0.515856023129636,0.856675296364309,-0.2676982476928931,0.9635028013359144,0.13508737665689868,-0.9908336897118291,-0.9977057907298696,-0.06769900401103005,0.7306500544073853,-0.6827521497545687,-0.9172655421835513,-0.3982761920109155,-0.8361447817247069,0.5485088002890585,0.47512693025703223,-0.87991726892051,1,0,0,0,99,12
1701959820,12,7,3,1357,18.5,0.0,64,0,0,0,1,0,0,0,-0.16723682222676747,0.9859167537330383,-0.08391437977772838,0.9964729684575088,-0.041994234976311204,0.9991178530227325,-0.0210017496564878,0.9997794389320908,0.01050145389718089,-0.9999448582127144,-0.999986214458158,-0.005250799333704363,0.7089607885256082,-0.7052478999140287,-0.9233763858562847,-0.3838958843788061,-0.8318340833299649,0.5550243758706431,0.4716861372403035,-0.8817665155444051,1,0,0,0,99,13
1701959880,12,7,3,1358,18.5,0.0,64,0,0,0,1,0,0,0,0.7392619010271615,0.6734180289312927,0.40409279322248953,0.9147179972350201,0.20649697669091896,0.9784472385455999,0.10380934797598938,0.9945972145913138,-0.051974923803148484,-0.9986483902233343,-0.999662040447504,0.025996247581773553,0.6978551971642206,-0.7162388734150686,-0.9263473628761159,-0.3766703642343869,-0.8296596784930514,0.5582694850005744,0.4699630384399531,-0.8826860951098568,1,0,0,0,99,10
1701959940,12,7,3,1359,18.5,0.0,64,0,0,0,1,0,0,0,0.9660866417576471,-0.2582181260435283,0.7931639572129864,0.6090081583839709,0.44214920649936096,0.8969415138078879,0.22700053545323648,0.9738946333684891,-0.11424834053830024,-0.9934522216414057,-0.9983617134188905,0.05721790960265128,0.6865792344650938,-0.7270549874674718,-0.9292618004274876,-0.36942185407236544,-0.8274726140702076,0.5615060756250259,0.46823814687345483,-0.8836023074961455,1,0,0,0,99,10
1701960060,12,7,3,1361,18.5,0.0,64,0,0,0,1,0,0,0,-0.6368309773690272,-0.7710034411487472,0.9410110098050786,-0.3383759439227712,0.8180391017313204,0.5751626100839783,0.4608890267277047,0.8874577764840359,-0.23721532783102786,-0.9714570954200797,-0.9928386312538608,0.11946318382648319,0.6635272474335613,-0.7481521181639744,-0.9349203490576014,-0.3548576347185062,-0.8230606401470387,0.5679535039426616,0.46478301176857706,-0.8854246167638049,1,0,0,0,99,7
1701960120,12,7,3,1362,18.5,0.0,64,0,0,0,1,0,0,0,-0.9928582704344598,0.11929985259795185,0.6635887835859072,-0.7480975379581034,0.9349057540624358,0.3548960848205405,0.5679365788446187,0.8230723190645342,-0.29742871493474354,-0.9547440282778767,-0.9886212693134506,0.15042601457547708,0.6517568509131771,-0.7584279842461896,-0.9376641147677002,-0.34754281445155094,-0.8208357979680074,0.5711642432560222,0.46305278141048767,-0.8863307066936196,1,0,0,0,99,6
1701960180,12,7,3,1363,18.5,0.0,64,0,0,0,1,0,0,0,-0.43605624846295626,0.8999194120455523,0.2236968796769947,-0.9746587638875343,0.9936444947483819,0.11256383991421444,0.6661216705999684,0.7458430933896936,-0.3564806492716725,-0.9343027061369601,-0.9834385354807285,0.1812419568740085,0.6398273373051481,-0.7685186910134354,-0.9403506502931328,-0.3402067819625033,-0.8185984308446063,0.574366267305757,0.4613207846467808,-0.8872334155411858,1,0,0,0,99,5
1701960240,12,7,3,1364,18.5,0.0,64,0,0,0,1,0,0,0,0.5216538773689684,0.8531572142494731,-0.27096382207826836,-0.9625895320045489,0.9906032333897737,-0.13676707936387883,0.7539121564757657,0.6569752356961871,-0.4141405343019522,-0.9102129519228418,-0.9772954906073296,0.2118809194773779,0.6277416190291282,-0.7784217749643756,-0.9429797916616176,-0.3328499850049752,-0.8163485729163049,0.5775595272329186,0.45958702808449753,-0.8881327398629437,1,0,0,0,99,5
1701960300,12,7,3,1365,18.4,0.0,65,0,0,0,1,0,0,0,0.999757834077975,0.0220062082085053,-0.6992831299951024,-0.7148448112032798,0.9259710608877795,-0.37759448406771,0.8299380953022069,0.5578554991806973,-0.47018320940847236,-0.8825688356102025,-0.9701981332723235,0.2423129839585546,0.6155026466399008,-0.7881348184030936,-0.9455513784039167,-0.3254728725999345,-0.8140862585131672,0.5807439743122892,0.45785151833739224,-0.8890286762282443,1,0,0,0,99,4
1701960360,12,7,3,1366,18.4,0.0,65,0,0,0,1,0,0,0,0.5586890487551656,-0.8293772041725335,-0.9563935393373727,-0.29208114953507913,0.803766492687733,-0.594944892601374,0.8930131277314388,0.45003061418009443,-0.5243898291442662,-0.8514783068816535,-0.962153393924704,0.2725084339230132,0.6031134081070436,-0.7976554500293386,-0.9480652535636296,-0.3180758950082994,-0.8118115221553275,0.5839195599531243,0.45611426202590716,-0.8899212212193629,1,0,0,0,99,2
1701960420,12,7,3,1367,18.4,0.0,65,0,0,0,1,0,0,0,-0.39603587146658814,-0.9182350399062867,-0.9793454548590826,0.20219416422552014,0.6315876169521059,-0.7753045092818435,0.942152988978394,0.3351831519618465,-0.5765487178192982,-0.8170627735865361,-0.9531691281159226,0.3024377840262885,0.5905769280854576,-0.8069813455174439,-0.9505212637067737,-0.3106595037034567,-0.8095243985524638,0.5870862356998942,0.454375265777147,-0.8908103714315113,1,0,0,0,99,2
1701960480,12,7,3,1368,18.4,0.0,65,0,0,0,1,0,0,0,-0.986647237874957,-0.16287181460804662,-0.7625194471644794,0.6469652948157085,0.42013968223930687,-0.907459446701534,0.9765908679435658,0.21510526876214117,-0.6264561960895026,-0.7794566276458689,-0.943254108829076,0.33207180876591375,0.5778962671769416,-0.8161102280837784,-0.9529192589311485,-0.3032241513437061,-0.8072249226032686,0.5902439532330229,0.45263453622485383,-0.8916961234728519,1,0,0,0,99,1
1701960540,12,7,3,1369,18.4,0.0,65,0,0,0,1,0,0,0,-0.6701396839379524,0.7422350059189753,-0.3590020850085865,0.9333367575315394,0.18256949699834932,-0.9831929509337268,0.9957893730437494,0.09167073978722218,-0.6739173763202645,-0.7388067202547708,-0.9324180179122373,0.36138157101962826,0.5650745211829904,-0.8250398690425901,-0.9552590928754853,-0.29577029174463243,-0.8049131293949157,0.5933926643696261,0.45089208000938197,-0.8925784739645097,1,0,0,0,99,2
1701960660,12,7,3,1371,18.4,0.0,65,0,0,0,1,0,0,0,0.9537888904975496,0.30047754053082465,0.5914061461758642,0.8063738402660471,-0.3111480031544096,-0.9503614681441075,0.9875123969206937,-0.1575413149873589,-0.7607697795612544,-0.6490218351537339,-0.9080258353025353,0.41891417071177367,0.5390203286000568,-0.8422927551367677,-0.9597637092370099,-0.28080887171102015,-0.8002527324886245,0.5996628754095837,0.44740201418322667,-0.8943329568481706,1,0,0,0,99,1
1701960720,12,7,3,1372,18.4,0.0,65,0,0,0,1,0,0,0,0.7681774687903683,-0.640236968975412,0.9056039335646163,0.42412441041785603,-0.5365983551885637,-0.8438377837054513,0.9601660751415484,-0.2794299700233931,-0.799821845795485,-0.6002374654987004,-0.8944935621620483,0.44708082854294906,0.5257942427685239,-0.8506117882274349,-0.9619282167156328,-0.2733022244444464,-0.7979041999026094,0.6027842796372321,0.4456544178860835,-0.8952050825473546,1,0,0,0,99,0
1701960780,12,7,3,1373,18.4,0.0,65,0,0,0,1,0,0,0,-0.12369277509077573,-0.9923205618097122,0.9980782939754056,-0.06196546695655508,-0.7286856204689904,-0.6848483529378766,0.9178366828956763,-0.396958213834985,-0.8357506248382304,-0.5491091813860951,-0.8800878312379098,0.47481091953213594,0.5124397918135671,-0.858723156649492,-0.9640340130538684,-0.26577889621874423,-0.7955434922801972,0.6058964861184029,0.4439051215527915,-0.8960737933112437,1,0,0,0,99,1
1701960900,12,7,3,1375,18.8,0.0,64,0,0,0,1,0,0,0,-0.8508401763820226,0.5254245847447649,0.48712186116783707,-0.8733340096276925,-0.9678155840932953,-0.2516604760111404,0.7910943293979361,-0.6116941735822157,-0.8976898611386384,-0.4406278624972463,-0.8487131030263543,0.528853541872773,0.4853588662666146,-0.8743150295725143,-0.9680689617926282,-0.25068403462076094,-0.7907856961973835,0.612093116028615,0.4404014554763557,-0.8978009567907062,1,0,0,0,99,1
1701960960,12,7,3,1376,18.8,0.0,64,0,0,0,1,0,0,0,-0.017581366457004095,0.9998454358317113,0.008791022929352243,-0.9999613582113339,-0.9999903395061709,-0.004395553927897717,0.7086591401823227,-0.7055510066862999,-0.9234584470040598,-0.38369844494974187,-0.8317747426285983,0.5551133015206257,0.47163900309419615,-0.8817917275413242,-0.9699978679206785,-0.24311342256103,-0.7883886803350966,0.6151774449047079,0.4386470990986331,-0.898659402917676,1,0,0,0,99,0
1701961020,12,7,3,1377,18.8,0.0,64,0,0,0,1,0,0,0,0.8318416707079584,0.5550130042384525,-0.47169216431988115,-0.8817632914332657,-0.9699905389830525,0.24314266240906215,0.6151655621013492,-0.7883979523086873,-0.9456209473961242,-0.3252706931859315,-0.8140241683101097,0.5808310024499675,0.4578039960234251,-0.8890531487065235,-0.9718675703784244,-0.23552797211103876,-0.7859796346315338,0.6182523869298692,0.4368910694155529,-0.8995144209321686,1,0,0,0,99,0
1701961080,12,7,3,1378,18.8,0.0,64,0,0,0,1,0,0,0,0.9164733120584355,-0.4000958238780323,-0.8366886589042642,-0.5476788183424514,-0.8796814248187952,0.47556344563977404,0.5120725311712326,-0.8589422115718187,-0.9640908182250827,-0.2655727663260874,-0.7954787132054784,0.6059815317622776,0.4438572226728559,-0.8960975202962782,-0.9736779550488648,-0.22792814624758584,-0.7835585958457688,0.6213178951842664,0.4351333731258346,-0.90036600757255,1,0,0,0,99,0
1701961140,12,7,3,1379,18.8,0.0,64,0,0,0,1,0,0,0,0.15850361683560935,-0.9873583966574804,-0.9968345892517676,-0.07950346955485539,-0.7346779803270462,0.6784159971747219,0.40098877965928054,-0.9160829649040315,-0.9787959350406068,-0.20483778349704984,-0.7761564866368926,0.6305403303924937,0.42980208794717734,-0.9029231225282952,-0.9754289114354503,-0.22031440882487097,-0.7811256009198748,0.6243739228920155,0.43337401693455535,-0.9012141595902762,1,0,0,0,99,0
1701961260,12,7,3,1381,18.8,0.0,64,0,0,0,1,0,0,0,-0.9637632281627969,0.26675914237608567,-0.6054918899638188,0.7958514755832541,-0.31949062929665556,0.9475894352469465,0.1618804570555901,-0.9868103757173783,-0.9966971394855556,-0.08120844870646692,-0.7352579304932613,0.6777874118385252,0.4013804854259078,-0.9159114072437697,-0.9787521155133637,-0.2050470589355408,-0.7762238913276056,0.6304573502880505,0.4298503516992568,-0.9029001468291082,1,0,0,0,99,1
1701961320,12,7,3,1382,18.8,0.0,64,0,0,0,1,0,0,0,-0.2962534162455665,0.9551093724609926,-0.1498176016678404,0.9887136522929661,-0.07512106131782845,0.9971744211252528,0.03758709136623356,-0.9992933556081649,-0.9998233232947121,-0.01879686665158652,-0.7137215376642303,0.7004295586811045,0.38702095635694944,-0.9220709188237921,-0.980324160373443,-0.19739437830927187,-0.773755251455288,0.6334846571507191,0.4280860560969494,-0.9037379756186854,1,0,0,0,99,0
1701961380,12,7,3,1383,18.8,0.0,64,0,0,0,1,0,0,0,0.6436304203252101,0.7653364502178067,0.3425372605879492,0.9395042443272427,0.17391917041079355,0.9847599312338116,-0.08729280831256489,-0.996182696907001,-0.9990452184228202,0.043688116765311646,-0.6914882078657193,0.7223877479461123,0.37256694167215626,-0.928005320013337,-0.9818363712995504,-0.18972964974755915,-0.7712748050298153,0.636502297816921,0.4263201274764534,-0.904572356922574,1,0,0,0,99,0
1701961440,12,7,3,1384,18.8,0.0,64,0,0,0,1,0,0,0,0.9917634167027485,-0.1280832748257572,0.7510270550472058,0.6602714309941945,0.412145950487085,0.911117838425468,-0.2108105329134813,-0.9775269404025313,-0.9943658633527529,0.10600249902117563,-0.6685796515669709,0.7436405378343678,0.3580219701119138,-0.9337131620134654,-0.983288655994125,-0.18205334106592852,-0.7687825898997481,0.6395102262411726,0.4245525725742499,-0.9054032875578629,1,0,0,0,99,1
1701961500,12,7,3,1385,18.7,0.0,65,0,0,0,1,0,0,0,0.4280737015151094,-0.9037438276808053,0.9756392334466684,0.21938114358257266,0.6247474915585606,0.7808268513513648,-0.3310386296556908,-0.943617202935429,-0.9858035308659198,0.16790294378683643,-0.6450182385844464,0.7641671753572108,0.3433895926224244,-0.9391930513364147,-0.9846809258171946,-0.1743659207866968,-0.766278644093223,0.6425083965261867,0.42278339813302346,-0.9062307643548045,1,0,0,0,99,2
1701961560,12,7,3,1386,18.7,0.0,65,0,0,0,1,0,0,0,-0.5291850006825017,-0.8485064731943184,0.9613809008905675,-0.2752212989629269,0.798505259520226,0.601987832533629,-0.44610097930085907,-0.8949826346174625,-0.9733916566874463,0.22914773115016593,-0.6208269762380796,0.783947616601443,0.3286733814887943,-0.9444436501457996,-0.986013095791785,-0.16666785811037535,-0.7637630058173724,0.6454967629235737,0.42101261090163694,-0.9070547841568264,1,0,0,0,99,3
1701961620,12,7,3,1387,18.7,0.0,65,0,0,0,1,0,0,0,-0.999913453714287,-0.01315618034106097,0.7117429944653691,-0.7024399688439358,0.9226158379422976,0.3857201259696363,-0.5542020723663724,-0.8323821616209818,-0.9571787089203828,0.2894977015271609,-0.5960294868850194,0.8029625463018686,0.3138769294629118,-0.9494636765832247,-0.9872850846091074,-0.15895962288703272,-0.7612357134577412,0.648475279834539,0.4192402176351054,-0.9078753438205431,1,0,0,0,99,3
1701961680,12,7,3,1388,18.7,0.0,65,0,0,0,1,0,0,0,-0.5513260887383075,0.8342898440449338,0.2878455800903205,-0.9576768359015827,0.9893626321783087,0.14547021017792156,-0.6536550274502899,-0.7567926433898262,-0.9372279987787994,0.34871718957500053,-0.570649984852799,0.8211933967023238,0.29900384888632797,-0.9542519050812327,-0.9884968146335203,-0.1512416855876172,-0.7586968055777015,0.6514439018105791,0.4174662250945703,-0.9086924402157693,1,0,0,0,99,3
1701961740,12,7,3,1389,18.7,0.0,65,0,0,0,1,0,0,0,0.40414793965314666,0.9146936333407577,-0.20652647125640125,-0.9784410133832181,0.9945956498455084,-0.10382433870914339,-0.742907914451429,-0.6693936290744246,-0.9136174333588498,0.4065749444601668,-0.5447132527944557,0.8386223656867753,0.28405777080835576,-0.9588071666625086,-0.9896482119072687,-0.1435145172752418,-0.7561463209178637,0.6544025835541751,0.4156906400472742,-0.9095060702255304,1,0,0,0,99,3
1701961860,12,7,3,1391,18.7,0.0,65,0,0,0,1,0,0,0,0.6635436805468822,-0.7481375435080753,-0.9349164517506565,-0.3548679025298884,0.823063758930585,-0.567948984271524,-0.8854233406319048,-0.4647854428273739,-0.8557994633170126,0.5173077213673821,-0.49126992510870127,0.87100738268036,0.2539612345611432,-0.9672143978147658,-0.9917697307880408,-0.12803437465234527,-0.7510107771038793,0.6602899459130265,0.4121347195317167,-0.9111229186868879,1,0,0,0,99,5
1701961920,12,7,3,1392,18.7,0.0,65,0,0,0,1,0,0,0,-0.2710218548637878,-0.96257319419678,-0.9905991101845337,0.1367969403956463,0.6569638725243397,-0.7539220584369601,-0.9364619742512132,-0.3507691132091307,-0.8218178366308225,0.5697503342653119,-0.4638155159838274,0.8859318072699817,0.23881812402958275,-0.9710643148808378,-0.9927397229084867,-0.1202823451699422,-0.7484257963118128,0.6632185366943757,0.41035439762821135,-0.9119261309706986,1,0,0,0,99,7
1701961980,12,7,3,1393,18.7,0.0,65,0,0,0,1,0,0,0,-0.956411146794012,-0.2920234892746865,-0.8037485580934769,0.5949691213522402,0.4500171544773376,-0.8930199105709347,-0.9728874319701469,-0.23127914889702592,-0.7846270288796537,0.6199680843007058,-0.4359081988786711,0.8999911344843087,0.22361670947817314,-0.9746771605214489,-0.9936491233130156,-0.11252297427314804,-0.7458293954629128,0.6661370075768392,0.40857251034740505,-0.912725864533497,1,0,0,0,99,8
1701962040,12,7,3,1394,18.7,0.0,65,0,0,0,1,0,0,0,-0.7624804410778052,0.6470112649512338,-0.42011232727019937,0.9074721111282797,0.21509054938760125,-0.9765941099372553,-0.9941313067038114,-0.10818015081969684,-0.7443722693718838,0.6677648722343453,-0.40757522481479086,0.9131716356289067,0.20836070211425825,-0.9780520527121516,-0.9944978764965141,-0.10475673555396908,-0.7432216141750619,0.6690453140281423,0.40678906448665614,-0.9135221163245426,1,0,0,0,99,9
1701962100,12,7,3,1395,18.7,0.0,65,0,0,0,1,0,0,0,0.1324712658066232,0.9911868460263136,0.06638205319846043,0.9977942789038012,-0.03320934428891003,-0.9994484176043807,-0.9998620948921858,0.016606962329385515,-0.701210752081931,0.7129540526322105,-0.3788442604605417,0.9254604401680848,0.19305382647323416,-0.9811881675214201,-0.9952859306554624,-0.09698410302358805,-0.7406024922397939,0.6719434116711064,0.40500406684926854,-0.9143148833063767,1,0,0,0,99,10
1701962160,12,7,3,1396,18.7,0.0,65,0,0,0,1,0,0,0,0.9056295018309847,0.4240698119571381,0.5366237918890951,0.8438216079116303,-0.27944444178438205,-0.9601618634146094,-0.9899903695023021,0.14113492938566014,-0.6553110218111473,0.755359162711905,-0.3497433611150432,0.9368455482927549,0.17769981950925717,-0.9840847393118021,-0.9960132376910966,-0.08920555108343296,-0.7379720696216873,0.6748312562843274,0.4032175242444657,-0.9151041624548343,1,0,0,0,99,12
1701962220,12,7,3,1397,18.7,0.0,65,0,0,0,1,0,0,0,0.8461561503963683,-0.5329350515272933,0.8754813109162563,0.4832519779952829,-0.5083050373568597,-0.8611770950261284,-0.9646701755071856,0.26346053307267064,-0.6068523160239768,0.7948146114260453,-0.32030094331265613,0.9473158426380415,0.16230242968292016,-0.9867410609268374,-0.9966797532123439,-0.08142155449622213,-0.7353303864577548,0.6777088038028494,0.4014294434873647,-0.9158899507590552,1,0,0,0,99,12
1701962280,12,7,3,1398,18.7,0.0,65,0,0,0,1,0,0,0,0.00873073653634763,-0.999961886393443,0.999990471552965,0.0043654098637504885,-0.7055616876419274,-0.7086485059123989,-0.9242966260655718,0.3816749232577385,-0.5560238649294927,0.8311663260917572,-0.29054575707471864,0.9568610991392004,0.1468654160461197,-0.989156483863701,-0.9972854365385321,-0.07363258835698702,-0.7326774830568314,0.6805760103188376,0.39963983139895004,-0.9166722452214962,1,0,0,0,99,13
1701962340,12,7,3,1399,18.7,0.0,65,0,0,0,1,0,0,0,-0.8367216762313365,-0.5476283744699707,0.8796670888665696,-0.4755899628514196,-0.8589499295219191,-0.5120595849842967,-0.869499736913214,0.49393340391985197,-0.5030241525414799,0.864272354041205,-0.2605068578356384,0.9654719970152436,0.13139254732433728,-0.9913304184315247,-0.9978302507018728,-0.06583912806407498,-0.7300133998989591,0.6834328320822483,0.39784869480604795,-0.9174510428579413,1,0,0,0,99,12
1701962460,12,7,3,1401,18.7,0.0,65,0,0,0,1,0,0,0,-0.14975799312818222,0.9887226828055576,0.07509100210558642,-0.9971766851480127,-0.999293922013942,-0.03757202983595189,-0.7202680160315159,0.6936958880388611,-0.39134646539935614,0.9202434156349235,-0.19969549865367087,0.9798580039053933,0.10035436237305956,-0.994951758605761,-0.9987371422465876,-0.050240627953076634,-0.7246518570848614,0.6891151471441197,0.3942618754431376,-0.9189981357826902,1,0,0,0,99,12
1701962520,12,7,3,1402,18.7,0.0,65,0,0,0,1,0,0,0,0.7510668605929561,0.6602261513444018,-0.41217341535790386,-0.9111054141383427,-0.9775237629179003,0.21082526634829296,-0.6281618953946932,0.7780826647433718,-0.3331045896236106,0.9428898834814625,-0.16898241997103944,0.985619065227906,0.08479662367127003,-0.9963982801139075,-0.999099164275976,-0.042436540187039476,-0.7219544792391829,0.6919405537374438,0.3924662063557551,-0.9197664251693045,1,0,0,0,99,9
1701962580,12,7,3,1403,18.7,0.0,65,0,0,0,1,0,0,0,0.9613643064072199,-0.2752792588739023,-0.7985234056913743,-0.6019637618354188,-0.894975910803028,0.4461144685865844,-0.526253518474421,0.8503277217010464,-0.2735619475538892,0.9618543865110369,-0.13810433282298404,0.990417686259448,0.06921818308996544,-0.9976015452723217,-0.9994002064419243,-0.0346298623133153,-0.7192460852564008,0.6947554021692399,0.3906690401290842,-0.9205312059265671,1,0,0,0,99,8
1701962640,12,7,3,1404,18.7,0.0,65,0,0,0,1,0,0,0,0.2877878424693353,-0.9576941879988857,-0.9893670168342196,-0.14544038641504342,-0.7567827912998033,0.6536664338884767,-0.41613313140840114,0.9093036989610448,-0.2129510519332497,0.9770628687451604,-0.10709138913759518,0.994249181228016,0.053622843881987556,-0.9985612603210722,-0.9996402503703701,-0.026821070811284417,-0.7165267164632748,0.6975596494883844,0.38887038361876797,-0.9212924751370719,1,0,0,0,99,10
1701962700,12,7,3,1405,18.7,0.0,65,0,0,0,1,0,0,0,-0.6503794366332223,-0.759609497310725,-0.9379790768750454,0.3466918680105397,-0.57153658325144,0.8205765863131057,-0.2995191260060818,0.954090296123251,-0.15150858701200562,0.988455941386173,-0.07597387252808355,0.9971098087437945,0.03801441342573542,-0.9992771909594941,-0.9998192814102692,-0.019010642289332115,-0.7137964143540272,0.7003532529055134,0.38707024368613424,-0.9220502298968081,1,0,0,0,99,10
1701962760,12,7,3,1406,18.7,0.0,65,0,0,0,1,0,0,0,-0.9905908610736387,0.1368566620862393,-0.6569411457329191,0.7539418618455402,-0.3507549986489571,0.9364672609988937,-0.17823122481920262,0.9839886333182142,-0.08947448430079347,0.9959891147292259,-0.04478216872134558,0.9989967754525602,0.022396702295648618,-0.9997491624033901,-0.9999372886344898,-0.011199053455758941,-0.7110552205897088,0.7031361697936755,0.3852686271981697,-0.9228044673151717,1,0,0,0,99,9
1701962820,12,7,3,1407,18.7,0.0,65,0,0,0,1,0,0,0,-0.42005761618676374,0.9074974375079489,-0.21506111049193805,0.9766005932590736,-0.10816516708470997,0.9941329371012394,-0.05416208497999601,0.9985321569937644,-0.027090985643158427,0.9996329718936257,-0.013546735886816838,0.9999082387633441,0.006773523331910133,-0.9999770594277011,-0.9999942648404793,-0.0033867810896848777,-0.708303176997564,0.7059083576889833,0.3834655410274936,-0.9235551845149761,1,0,0,0,99,8
1701962880,12,7,3,1408,18.7,0.0,65,0,0,0,1,0,0,0,0.5366746638272738,0.8437892540237063,0.279473385115912,0.960153439306371,0.14114985067939137,0.9899882421792622,0.07075223608034517,0.9974939203271522,0.03539830273366068,0.9993732836951247,0.017701925105413577,0.9998433086476912,-0.008851309290403876,-0.9999608263946371,-0.9999902065507035,0.004425697988050785,-0.7055403255703919,0.70866977429126,0.3816609920523317,-0.9243023786324636,1,0,0,0,99,7
1701962940,12,7,3,1409,18.7,0.0,65,0,0,0,1,0,0,0,0.9999907329205332,0.004305121723583112,0.7055830490723317,0.7086272368896016,0.38168885437643996,0.9242908732887071,0.19456249216035051,0.9808901246543129,0.09774936149583555,0.9952110642105806,0.04893330046818505,0.9988020485087574,-0.024473980992500227,-0.9997004672672604,-0.9999251140128596,0.012237906943992148,-0.7027667084659062,0.7114203774646858,0.37985498715648985,-0.9250460468173154,1,0,0,0,99,7
1701963060,12,7,3,1411,18.7,0.0,65,0,0,0,1,0,0,0,-0.4122283439759128,-0.9110805630803879,0.9775174072824452,-0.2108547330742331,0.7780921324220651,0.6281501679239475,0.4311901158862831,0.9022610952279688,0.22106436254180728,0.9752592207274866,0.11122225333204101,0.993795557629306,-0.055697586889801545,-0.9984476845657227,-0.999611845809593,0.027859607268205022,-0.6971873466765569,0.7168889758073439,0.37623863716573297,-0.9265227940551014,1,0,0,0,99,4
1701963120,12,7,3,1412,18.7,0.0,65,0,0,0,1,0,0,0,-0.9893757834489771,-0.14538073849283703,0.7567630866040035,-0.6536892463193665,0.9093099708898409,0.4161194261751267,0.5403149886061247,0.8414628411805024,0.2815467623854851,0.9595475082507646,0.14221900672771448,0.9898352156421706,-0.07129089828943605,-0.9974555668404911,-0.9993636892644466,0.03566814516840596,-0.6943816871258898,0.7196068875324937,0.3744283058660939,-0.9272558674746938,1,0,0,0,99,1
1701963180,12,7,3,1413,18.7,0.0,65,0,0,0,1,0,0,0,-0.6568956903592464,0.7539814666074021,0.3507267692895696,-0.9364778338560401,0.9839913195389581,0.17821639394842426,0.6410084266417938,0.7675338409309469,0.3409297281472042,0.9400887832888304,0.17307688567681365,0.9849083163647341,-0.08686680503870821,-0.9962199346441363,-0.9990545367106183,0.04347450606886622,-0.6915654321650027,0.7223138189419008,0.3726165462362743,-0.9279854036949883,1,0,0,0,99,2
1701963240,12,7,3,1414,18.7,0.0,65,0,0,0,1,0,0,0,0.2795312710170884,0.9601365884724793,-0.1411796931706552,-0.9899839868584944,0.9974928538236488,-0.07076727047691461,0.7316991425705358,0.6816277318020025,0.3989813706164722,0.9169590317462396,0.20376575798421134,0.9790196708305302,-0.10242150450337505,-0.9947410896385376,-0.9986844070171862,0.05127821350955192,-0.6887386247664814,0.7250097287311226,0.3708033651875866,-0.9287113999330262,1,0,0,0,99,2
1701963300,12,7,3,1415,18.6,0.0,66,0,0,0,1,0,0,0,0.958958470944816,0.2835465587926973,-0.5985204429287703,-0.8011075329794051,0.9489751137357094,-0.31535096877970337,0.8109719381025781,0.5850850498945844,0.45547499937176333,0.8902485748077849,0.23425565648689797,0.9721750292019912,-0.11795119922664796,-0.9930193928624937,-0.9982533227749592,0.05907879119238266,-0.6859013080639289,0.7276945757638924,0.36898876963676525,-0.9294338534193524,1,0,0,0,99,2
1701963360,12,7,3,1416,18.6,0.0,66,0,0,0,1,0,0,0,0.7567236751494507,-0.6537348693991385,-0.9093225141277265,-0.41609201542499075,0.8414546973619527,-0.540327671221366,0.8775897877771157,0.47941231147032193,0.5101900080017631,0.8600617162362019,0.2645168083164075,0.9643810751555119,-0.13345209785628734,-0.9910552646435797,-0.9977613102950975,0.06687576301030233,-0.6830535253513071,0.7303683190727478,0.3671727665059408,-0.9301527613980265,1,0,0,0,99,2
1701963420,12,7,3,1417,18.6,0.0,66,0,0,0,1,0,0,0,-0.14123937776829337,-0.9899754735182207,-0.9974907201368394,0.07079733922182135,0.6816167034258251,-0.7317094161010304,0.9305131423308943,0.3662585042691635,0.5629127355686832,0.8265163350682077,0.29451966397151846,0.955645419354953,-0.1489204160702069,-0.9888491844955308,-0.9972083996075071,0.07466865307633827,-0.6801953200822767,0.7330309178596556,0.36535536272261315,-0.930868121126633,1,0,0,0,99,2
1701963480,12,7,3,1418,18.6,0.0,66,0,0,0,1,0,0,0,-0.9093475981246311,-0.4160371927904578,-0.8414384091513941,0.5403530360836063,0.4793990842275326,-0.8775970134644963,0.9689161505167762,0.24738935560721262,0.6134373009496519,0.7897434252993856,0.3242349261728403,0.9459765920199573,-0.1643523775003615,-0.9864016910011756,-0.9965946244590063,0.08245698575264687,-0.6773267358695333,0.7356823314966341,0.3635365652196254,-0.931579929876292,1,0,0,0,99,1
1701963540,12,7,3,1419,18.6,0.0,66,0,0,0,1,0,0,0,-0.8414058304364919,0.5404037643350365,-0.4793726294152408,0.8776114642411631,0.24737475190370273,-0.9689198791027984,0.9921995462362393,0.12465977879252307,0.661566406798092,0.7498865843554354,0.35363357847110943,0.935384034596335,-0.17974421465469337,-0.9837133816809486,-0.9959200223112669,0.09024028567954412,-0.6744478164841428,0.7383225195263734,0.3617163809351372,-0.9322881849316694,1,0,0,0,99,3
1701963660,12,7,3,1421,18.6,0.0,66,0,0,0,1,0,0,0,0.8415361269452281,0.540200839545835,0.4794784460505837,0.8775536563498083,-0.24743316638053162,-0.9689049634380579,0.9921957879970207,-0.12468968794960988,0.7498965555160291,0.6615551042998573,0.4113665614145994,0.9114699952000223,-0.21039249606387786,-0.9776169994430391,-0.9943885054250776,0.10578988741122869,-0.668659148067523,0.743569057791954,0.35807187980072236,-0.9336940231660353,1,0,0,0,99,2
1701963720,12,7,3,1422,18.6,0.0,66,0,0,0,1,0,0,0,0.9092472423065365,-0.4162564742535045,0.8415035574058807,0.5402515736888212,-0.4794519925452281,-0.8775681095188057,0.968908692684405,-0.24741856284563038,0.7897526710450653,0.6134253977275352,0.43964451678172034,0.8981718648809746,-0.2256414579803825,-0.9742104148696458,-0.9935316841625248,0.11355524014847192,-0.6657494873642518,0.7461753279720765,0.3562475768534598,-0.9343916009821783,1,0,0,0,99,4
1701963780,12,7,3,1423,18.6,0.0,66,0,0,0,1,0,0,0,0.1410006362997096,-0.9900095052892558,0.9974992494456464,0.07067706385647396,-0.6816608160014502,-0.731668320981739,0.9305021012823504,-0.3662865538197253,0.8265248192945344,0.5629002781045124,0.4674931667390913,0.883996684978092,-0.24083533277107402,-0.9705659907956007,-0.992614222846822,0.12131366205914178,-0.6628296681429017,0.7487702124347435,0.35442191492997194,-0.9350856143783689,1,0,0,0,99,4
1701963840,12,7,3,1424,18.6,0.0,66,0,0,0,1,0,0,0,-0.7568813044633205,-0.6535523628248179,0.9092723362185879,-0.4162016561567134,-0.8414872714892108,-0.5402769400239504,0.8775753358042688,-0.4794387656291727,0.8600694058124533,0.5101770449416689,0.4948853175526281,0.8689582973139933,-0.25597041106933305,-0.9666846169547733,-0.9916361774750792,0.12906467960915324,-0.6598997349563215,0.7513536715852107,0.3525949009946041,-0.9357760607071574,1,0,0,0,99,4
1701963900,12,7,3,1425,18.8,0.0,65,0,0,0,1,0,0,0,-0.9588900644397448,0.2837778080096155,0.5984238431038592,-0.8011796952025231,-0.9489941241131378,-0.3152937557243062,0.8109543007236308,-0.5851094958534231,0.8902554397063304,0.45546158133621817,0.5217942212519135,0.8530713866190268,-0.2710429978628605,-0.96256724092892,-0.9905976077421447,0.13680781971634529,-0.656959732511687,0.75392566600307,0.35076654201685914,-0.9364629373347004,1,0,0,0,99,3
1701963960,12,7,3,1426,18.8,0.0,65,0,0,0,1,0,0,0,-0.27929972131836583,0.9602039708684208,0.14106032243614638,-0.9900010027440429,-0.9974971184780542,-0.07070713279421359,0.7316785950108878,-0.6816497880898176,0.9169650451597972,0.39896755000261763,0.5481936017491368,0.8363514661918808,-0.28604941339576206,-0.958214867916346,-0.9894985770369622,0.14454260977935537,-0.6540097056698183,0.756486156442851,0.34893684497137084,-0.9371462416407726,1,0,0,0,99,1
1701964860,12,8,4,1,18.2,0.0,69,0,0,0,0,1,0,0,0.8414709848078965,0.5403023058681398,0.479425538604203,0.8775825618903728,0.24740395925452294,0.9689124217106447,0.12467473338522769,0.992197667229329,0.0624593178423802,0.9980475107000991,0.03124491398532608,0.9995117584851364,0.015624364224883372,0.9998779321710066,0.0078124205273828315,0.9999694825770951,0.0039062400659001166,0.99999237061517,0.001953123758236804,0.9999980926519735,1,0,0,0,99,4
1701964920,12,8,4,2,18.2,0.0,69,0,0,0,0,1,0,0,0.9092974268256817,-0.4161468365471424,0.8414709848078965,0.5403023058681398,0.479425538604203,0.8775825618903728,0.24740395925452294,0.9689124217106447,0.12467473338522769,0.992197667229329,0.0624593178423802,0.9980475107000991,0.03124491398532608,0.9995117584851364,0.015624364224883372,0.9998779321710066,0.0078124205273828315,0.9999694825770951,0.0039062400659001166,0.99999237061517,1,0,0,0,99,4
1701964980,12,8,4,3,18.2,0.0,69,0,0,0,0,1,0,0,0.1411200080598672,-0.9899924966004454,0.9974949866040544,0.0707372016677029,0.6816387600233341,0.7316888688738209,0.36627252908604757,0.9305076219123143,0.18640329676226988,0.9824733131012553,0.09361273123551289,0.9956086864580017,0.04685783574813424,0.9989015683384429,0.02343535429172257,0.9997253543694995,0.011718481780940232,0.9999313362350186,0.005859341472444868,0.9999828339114173,1,0,0,0,99,3
1701965040,12,8,4,4,18.2,0.0,69,0,0,0,0,1,0,0,-0.7568024953079283,-0.6536436208636119,0.9092974268256817,-0.4161468365471424,0.8414709848078965,0.5403023058681398,0.479425538604203,0.8775825618903728,0.24740395925452294,0.9689124217106447,0.12467473338522769,0.992197667229329,0.0624593178423802,0.9980475107000991,0.03124491398532608,0.9995117584851364,0.015624364224883372,0.9998779321710066,0.0078124205273828315,0.9999694825770951,1,0,0,0,99,1
1701965100,12,8,4,5,18.2,0.0,69,0,0,0,0,1,0,0,-0.9589242746631385,0.28366218546322625,0.5984721441039564,-0.8011436155469337,0.9489846193555862,0.3153223623952687,0.5850972729404622,0.8109631195052179,0.30743851458038085,0.9515679480481722,0.15561499277355603,0.9878177838164719,0.07804555138996731,0.9969497940760287,0.03905256665042215,0.999237157554709,0.01953000826025172,0.9998092711999397,0.009765469780311044,0.9999523166631346,1,0,0,0,99,1
1701965160,12,8,4,6,18.2,0.0,69,0,0,0,0,1,0,0,-0.27941549819892586,0.960170286650366,0.1411200080598672,-0.9899924966004454,0.9974949866040544,0.0707372016677029,0.6816387600233341,0.7316888688738209,0.36627252908604757,0.9305076219123143,0.18640329676226988,0.9824733131012553,0.09361273123551289,0.9956086864580017,0.04685783574813424,0.9989015683384429,0.02343535429172257,0.9997253543694995,0.011718481780940232,0.9999313362350186,1,0,0,0,99,0
1701965220,12,8,4,7,18.2,0.0,69,0,0,0,0,1,0,0,0.6569865987187891,0.7539022543433046,-0.35078322768961984,-0.9364566872907963,0.9839859468739369,-0.17824605564949209,0.7675435022360271,0.6409968581633251,0.42367625720393803,0.9058136834259364,0.21700958109501015,0.9761694738686353,0.10915705687532236,0.9940245152582091,0.05466024488506646,0.9985050113189741,0.027340342728520383,0.9996261829601539,0.013671449079123222,0.999906541372781,1,0,0,0,99,1
1701965280,12,8,4,8,18.2,0.0,69,0,0,0,0,1,0,0,0.9893582466233818,-0.14550003380861354,-0.7568024953079283,-0.6536436208636119,0.9092974268256817,-0.4161468365471424,0.8414709848078965,0.5403023058681398,0.479425538604203,0.8775825618903728,0.24740395925452294,0.9689124217106447,0.12467473338522769,0.992197667229329,0.0624593178423802,0.9980475107000991,0.03124491398532608,0.9995117584851364,0.015624364224883372,0.9998779321710066,1,0,0,0,99,1
1701965340,12,8,4,9,18.2,0.0,69,0,0,0,0,1,0,0,0.4121184852417566,-0.9111302618846769,-0.977530117665097,-0.2107957994307797,0.7780731968879212,-0.6281736227227391,0.9022675940990952,0.4311765167986662,0.5333026735360201,0.8459244992310679,0.2775567516463363,0.9607092430155619,0.1401619723470637,0.9901285883701071,0.07025457860486005,0.9975290944052978,0.03514900848318622,0.9993820826904237,0.017577219768442984,0.999845508738831,1,0,0,0,99,1
1701965460,12,8,4,11,18.2,0.0,69,0,0,0,0,1,0,0,-0.9999902065507035,0.004425697988050785,-0.7055403255703919,0.70866977429126,0.3816609920523317,-0.9243023786324636,0.9808930570231557,0.19454770798898718,0.6346070800152693,0.7728349461524715,0.33702006902225307,0.9414974631278811,0.17103002203139503,0.9852658177182139,0.08583176067687935,0.996309645069798,0.042955528923538926,0.9990769852893715,0.021482722251015034,0.9997692196925677,1,0,0,0,99,4
1701965520,12,8,4,12,18.2,0.0,69,0,0,0,0,1,0,0,-0.5365729180004349,0.8438539587324921,-0.27941549819892586,0.960170286650366,0.1411200080598672,-0.9899924966004454,0.9974949866040544,0.0707372016677029,0.6816387600233341,0.7316888688738209,0.36627252908604757,0.9305076219123143,0.18640329676226988,0.9824733131012553,0.09361273123551289,0.9956086864580017,0.04685783574813424,0.9989015683384429,0.02343535429172257,0.9997253543694995,1,0,0,0,99,4
1701965580,12,8,4,13,18.2,0.0,69,0,0,0,0,1,0,0,0.4201670368266409,0.9074467814501962,0.21511998808781552,0.9765876257280235,-0.10819513453010837,-0.9941296760805463,0.9985313405398316,-0.05417713502693632,0.7260086552607126,0.6876855622205048,0.39516733024093426,0.9186091557949183,0.2017310638016388,0.9794409517155483,0.10138798815552964,0.9948469610235406,0.05075942757980711,0.99871090937857,0.02538789693367659,0.999677675398068,1,0,0,0,99,4
1701965640,12,8,4,14,18.2,0.0,69,0,0,0,0,1,0,0,0.9906073556948704,0.1367372182078336,0.6569865987187891,0.7539022543433046,-0.35078322768961984,-0.9364566872907963,0.9839859468739369,-0.17824605564949209,0.7675435022360271,0.6409968581633251,0.42367625720393803,0.9058136834259364,0.21700958109501015,0.9761694738686353,0.10915705687532236,0.9940245152582091,0.05466024488506646,0.9985050113189741,0.027340342728520383,0.9996261829601539,1,0,0,0,99,6
1701965700,12,8,4,15,17.9,0.0,71,0,0,0,0,1,0,0,0.6502878401571168,-0.7596879128588213,0.9379999767747389,0.3466353178350258,-0.5715613187423437,-0.8205593573395608,0.9540857816096938,-0.29953350618957414,0.806081108260693,0.5918050750924775,0.4517714714916838,0.8921336993669944,0.23223511861151147,0.9726596782449127,0.11691946321097965,0.9931413993598577,0.05856022814223956,0.9982838773014061,0.029292684228266686,0.9995708772521852,1,0,0,0,99,4
1701965760,12,8,4,16,17.9,0.0,71,0,0,0,0,1,0,0,-0.2879033166650653,-0.9576594803233847,0.9893582466233818,-0.14550003380861354,-0.7568024953079283,-0.6536436208636119,0.9092974268256817,-0.4161468365471424,0.8414709848078965,0.5403023058681398,0.479425538604203,0.8775825618903728,0.24740395925452294,0.9689124217106447,0.12467473338522769,0.992197667229329,0.0624593178423802,0.9980475107000991,0.03124491398532608,0.9995117584851364,1,0,0,0,99,3
1701965820,12,8,4,17,17.9,0.0,71,0,0,0,0,1,0,0,-0.9613974918795568,-0.27516333805159693,0.7984871126234903,-0.6020119026848236,-0.8949893582285835,-0.4460874899137928,0.850319789818452,-0.5262663347043051,0.8735749351670712,0.4866896677019633,0.5066114548142574,0.8621744799348805,0.2625123997691533,0.964928619104771,0.13242239405634718,0.9911933764671682,0.06635745449017677,0.9977959151217167,0.03319702455253542,0.9994488268845275,1,0,0,0,99,3
1701965880,12,8,4,18,17.9,0.0,71,0,0,0,0,1,0,0,-0.7509872467716762,0.6603167082440802,0.4121184852417566,-0.9111302618846769,-0.977530117665097,-0.2107957994307797,0.7780731968879212,-0.6281736227227391,0.9022675940990952,0.4311765167986662,0.5333026735360201,0.8459244992310679,0.2775567516463363,0.9607092430155619,0.1401619723470637,0.9901285883701071,0.07025457860486005,0.9975290944052978,0.03514900848318622,0.9993820826904237,1,0,0,0,99,2
1701965940,12,8,4,19,17.9,0.0,71,0,0,0,0,1,0,0,0.14987720966295234,0.9887046181866692,-0.0751511204618093,-0.9971721561963784,-0.999292788975378,0.03760215288797655,0.6936850319532718,-0.7202784714566918,0.9274369173848677,0.37397963082453317,0.5594731312473669,0.8288484876093257,0.29253334202332754,0.9562553235431753,0.14789299587340962,0.9890033679273229,0.07415063072111083,0.9972470526221983,0.03710085833105311,0.9993115261574336,1,0,0,0,99,2
1701966060,12,8,4,21,17.9,0.0,71,0,0,0,0,1,0,0,0.836655638536056,-0.5477292602242684,-0.8796957599716702,-0.47553692799599256,-0.858934493426592,0.5120854772418407,0.4939202986100892,-0.8695071814659844,0.9668265566961802,0.2554337668888117,0.6101500770757914,0.7922858596771786,0.3222686304333866,0.9466482608860534,0.16332749173661285,0.9865719083994976,0.08193928117973213,0.9966373233025887,0.041004125996119335,0.9991589771659435,1,0,0,0,99,2
1701966120,12,8,4,22,17.9,0.0,71,0,0,0,0,1,0,0,-0.008851309290403876,-0.9999608263946371,-0.9999902065507035,0.004425697988050785,-0.7055403255703919,0.70866977429126,0.3816609920523317,-0.9243023786324636,0.9808930570231557,0.19454770798898718,0.6346070800152693,0.7728349461524715,0.33702006902225307,0.9414974631278811,0.17103002203139503,0.9852658177182139,0.08583176067687935,0.996309645069798,0.042955528923538926,0.9990769852893715,1,0,0,0,99,2
1701966180,12,8,4,23,17.9,0.0,71,0,0,0,0,1,0,0,-0.8462204041751706,-0.5328330203333975,-0.8754521746884285,0.4833047587530059,-0.5082790774992584,0.8611924171615208,0.26344599336342084,-0.9646741463213163,0.9911291909537616,0.13290194445282522,0.6584443999105676,0.7526293724180665,0.3516892289948141,0.9361168122670553,0.17872211353515366,0.983899591489664,0.08972293048696088,0.9959667643776232,0.04490676798867188,0.9989911822377671,1,0,0,0,99,3
1701966240,12,8,4,24,17.9,0.0,71,0,0,0,0,1,0,0,-0.9055783620066239,0.424179007336997,-0.5365729180004349,0.8438539587324921,-0.27941549819892586,0.960170286650366,0.1411200080598672,-0.9899924966004454,0.9974949866040544,0.0707372016677029,0.6816387600233341,0.7316888688738209,0.36627252908604757,0.9305076219123143,0.18640329676226988,0.9824733131012553,0.09361273123551289,0.9956086864580017,0.04685783574813424,0.9989015683384429,1,0,0,0,99,3
1701966300,12,8,4,25,17.9,0.0,71,0,0,0,0,1,0,0,-0.13235175009777303,0.9912028118634736,-0.06632189735120068,0.9977982791785807,-0.03317921654755682,0.9994494182244994,0.016591892229347906,-0.9998623450816866,0.9999655856782489,0.008296231623858378,0.7041675114545337,0.7100338835660797,0.38076640899239017,0.9246712614670362,0.1940731028929098,0.9809870696056692,0.09750110356896174,0.9952354167747622,0.04880872475919552,0.9988081439332486,1,0,0,0,99,3
1701966360,12,8,4,26,17.9,0.0,71,0,0,0,0,1,0,0,0.7625584504796027,0.6469193223286404,0.4201670368266409,0.9074467814501962,0.21511998808781552,0.9765876257280235,-0.10819513453010837,-0.9941296760805463,0.9985313405398316,-0.05417713502693632,0.7260086552607126,0.6876855622205048,0.39516733024093426,0.9186091557949183,0.2017310638016388,0.9794409517155483,0.10138798815552964,0.9948469610235406,0.05075942757980711,0.99871090937857,1,0,0,0,99,3
1701966420,12,8,4,27,17.9,0.0,71,0,0,0,0,1,0,0,0.956375928404503,-0.2921388087338362,0.8037844265516209,0.594920663309892,0.4500440737806176,0.8930063446890767,-0.23129381240202182,-0.9728839459794464,0.9931978518853749,-0.11643894112485227,0.7471408639355942,0.6646657275936332,0.40947177705329507,0.9123227848721178,0.20937671208599365,0.9778350537979598,0.10527332568613999,0.9944433251316939,0.05270993676863066,0.9986098650453273,1,0,0,0,99,3
1701966480,12,8,4,28,17.9,0.0,71,0,0,0,0,1,0,0,0.27090578830786904,-0.9626058663135666,0.9906073556948704,0.1367372182078336,0.6569865987187891,0.7539022543433046,-0.35078322768961984,-0.9364566872907963,0.9839859468739369,-0.17824605564949209,0.7675435022360271,0.6409968581633251,0.42367625720393803,0.9058136834259364,0.21700958109501015,0.9761694738686353,0.10915705687532236,0.9940245152582091,0.05466024488506646,0.9985050113189741,1,0,0,0,99,3
1701966540,12,8,4,29,17.9,0.0,71,0,0,0,0,1,0,0,-0.6636338842129675,-0.7480575296890004,0.934895055524683,-0.354924266788705,0.8230808790115055,0.5679241732886948,-0.46479878803160896,-0.8854163352030204,0.9709315977974505,-0.2393571231413216,0.7871966473319489,0.616702066178912,0.4377773028727551,0.8990834405601384,0.2246292049577053,0.9744443135859889,0.11303912246211711,0.9935905377936096,0.05661034448928185,0.9983963485994952,1,0,0,0,99,2
1701966600,12,8,4,30,17.9,0.0,71,0,0,0,0,1,0,0,-0.9880316240928618,0.15425144988758405,0.6502878401571168,-0.7596879128588213,0.9379999767747389,0.3466353178350258,-0.5715613187423437,-0.8205593573395608,0.9540857816096938,-0.29953350618957414,0.806081108260693,0.5918050750924775,0.4517714714916838,0.8921336993669944,0.23223511861151147,0.9726596782449127,0.11691946321097965,0.9931413993598577,0.05856022814223956,0.9982838773014061,1,0,0,0,99,1
1701966660,12,8,4,31,17.9,0.0,71,0,0,0,0,1,0,0,-0.404037645323065,0.9147423578045313,0.2064674819377966,-0.9784534628188842,0.9945987791111761,0.10379435721925297,-0.669404826237736,-0.7428978251479987,0.9335142808623762,-0.3585402173062328,0.8241784446666367,0.5663301963933087,0.46565534658516017,0.8849661565261433,0.23982685783066157,0.9708156767703494,0.12079801991268428,0.9926771068102531,0.06050988840572611,0.9981675978537505,1,0,0,0,99,1
1701966720,12,8,4,32,17.9,0.0,71,0,0,0,0,1,0,0,0.5514266812416906,0.8342233605065102,-0.2879033166650653,-0.9576594803233847,0.9893582466233818,-0.14550003380861354,-0.7568024953079283,-0.6536436208636119,0.9092974268256817,-0.4161468365471424,0.8414709848078965,0.5403023058681398,0.479425538604203,0.8775825618903728,0.24740395925452294,0.9689124217106447,0.12467473338522769,0.992197667229329,0.0624593178423802,0.9980475107000991,1,0,0,0,99,1
1701966780,12,8,4,33,17.9,0.0,71,0,0,0,0,1,0,0,0.9999118601072672,-0.013276747223059479,-0.711785342369123,-0.7023970575027135,0.9226042102393402,-0.3857479374522218,-0.8323905145579873,-0.5541895264924167,0.8815297857963782,-0.4721284112969602,0.8579418428124834,0.513746819310368,0.49307868575392305,0.8699847180584174,0.2549659604158785,0.9669500292306779,0.12854954447473196,0.9917030879327435,0.06440850901572104,0.9979236162985481,1,0,0,0,99,1
1701966840,12,8,4,34,17.9,0.0,71,0,0,0,0,1,0,0,0.5290826861200238,-0.8485702747846052,-0.9613974918795568,-0.27516333805159693,0.7984871126234903,-0.6020119026848236,-0.8949893582285835,-0.4460874899137928,0.850319789818452,-0.5262663347043051,0.8735749351670712,0.4866896677019633,0.5066114548142574,0.8621744799348805,0.2625123997691533,0.964928619104771,0.13242239405634718,0.9911933764671682,0.06635745449017677,0.9977959151217167,1,0,0,0,99,1
1701966900,12,8,4,35,17.7,0.0,72,0,0,0,0,1,0,0,-0.428182669496151,-0.9036922050915067,-0.9756260054681576,0.2194399632114593,0.6247239537541924,-0.7808456836057491,-0.9436221923009624,-0.3310244072528874,0.815789313258297,-0.5783491993368335,0.888354996422273,0.4591572718923041,0.520020541953727,0.8541537542773854,0.27004281671858504,0.9628483147093797,0.1362932230351537,0.990668540610173,0.06830614683111276,0.9976644076567464,1,0,0,0,99,2
1701966960,12,8,4,36,17.7,0.0,72,0,0,0,0,1,0,0,-0.9917788534431158,-0.12796368962740468,-0.7509872467716762,0.6603167082440802,0.4121184852417566,-0.9111302618846769,-0.977530117665097,-0.2107957994307797,0.7780731968879212,-0.6281736227227391,0.9022675940990952,0.4311765167986662,0.5333026735360201,0.8459244992310679,0.2775567516463363,0.9607092430155619,0.1401619723470637,0.9901285883701071,0.07025457860486005,0.9975290944052978,1,0,0,0,99,2
1701967020,12,8,4,37,17.7,0.0,72,0,0,0,0,1,0,0,-0.6435381333569995,0.7654140519453434,-0.34248061846961253,0.939524893748256,0.17388948538043356,-0.9847651734673236,-0.9961840124864793,-0.08727779366103493,0.737318721334619,-0.6755450415549525,0.9152991427820066,0.40277472515355744,0.5464546069192036,0.8374887238505236,0.28505374594054744,0.9585115345812286,0.14402858295972257,0.9895735279859775,0.07220274237874362,0.9973899758835502,1,0,0,0,99,2
1701967080,12,8,4,38,17.7,0.0,72,0,0,0,0,1,0,0,0.2963685787093853,0.9550736440472949,0.14987720966295234,0.9887046181866692,-0.0751511204618093,-0.9971721561963784,-0.999292788975378,0.03760215288797655,0.6936850319532718,-0.7202784714566918,0.9274369173848677,0.37397963082453317,0.5594731312473669,0.8288484876093257,0.29253334202332754,0.9562553235431753,0.14789299587340962,0.9890033679273229,0.07415063072111083,0.9972470526221983,1,0,0,0,99,2
1701967140,12,8,4,39,17.7,0.0,72,0,0,0,0,1,0,0,0.9637953862840878,0.26664293235993725,0.605539869719601,0.7958149698139441,-0.31951919362227366,-0.9475798039779932,-0.9868079357144411,0.16189533041753676,0.6473425173671444,-0.7621992293414946,0.9386690655767598,0.34481935173254513,0.5723550682345072,0.820005899897234,0.299995083378683,0.9539407476088947,0.1517551521219383,0.9884181168940841,0.0760982362013597,0.9971003251664509,1,0,0,0,99,2
1701967200,12,8,4,40,17.7,0.0,72,0,0,0,0,1,0,0,0.7451131604793488,-0.6669380616522619,0.9129452507276277,0.408082061813392,-0.5440211108893698,-0.8390715290764524,-0.9589242746631385,0.28366218546322625,0.5984721441039564,-0.8011436155469337,0.9489846193555862,0.3153223623952687,0.5850972729404622,0.8109631195052179,0.30743851458038085,0.9515679480481722,0.15561499277355603,0.9878177838164719,0.07804555138996731,0.9969497940760287,1,0,0,0,99,2
1701967260,12,8,4,41,17.7,0.0,72,0,0,0,0,1,0,0,-0.158622668804709,-0.9873392775238264,0.9968297942787993,-0.07956356727854007,-0.7346984304047954,-0.6783938504738453,-0.9160769210262436,0.40100258697803604,0.5472647499254653,-0.8369595530782943,0.9583735057581397,0.28551746612221973,0.5976966345387016,0.8017223540984184,0.3148631813197452,0.949137069684463,0.15947245893184342,0.9872023778548304,0.07999256885851808,0.996795459925162,1,0,0,0,99,2
1701967320,12,8,4,42,17.7,0.0,72,0,0,0,0,1,0,0,-0.9165215479156338,-0.39998531498835127,0.836655638536056,-0.5477292602242684,-0.8796957599716702,-0.47553692799599256,-0.858934493426592,0.5120854772418407,0.4939202986100892,-0.8695071814659844,0.9668265566961802,0.2554337668888117,0.6101500770757914,0.7922858596771786,0.3222686304333866,0.9466482608860534,0.16332749173661285,0.9865719083994976,0.08193928117973213,0.9966373233025887,1,0,0,0,99,2
1701967380,12,8,4,43,17.7,0.0,72,0,0,0,0,1,0,0,-0.8317747426285983,0.5551133015206257,0.47163900309419615,-0.8817917275413242,-0.9699978679206785,-0.24311342256103,-0.7883886803350966,0.6151774449047079,0.4386470990986331,-0.898659402917676,0.9743355179089173,0.22510064091681745,0.6224545602223437,0.7826559400262728,0.32965440993086015,0.9441016735570044,0.16718003236480675,0.9859263850706614,0.08388568092749371,0.9964753848115521,1,0,0,0,99,2
1701967440,12,8,4,44,17.7,0.0,72,0,0,0,0,1,0,0,0.017701925105413577,0.9998433086476912,-0.008851309290403876,-0.9999608263946371,-0.9999902065507035,0.004425697988050785,-0.7055403255703919,0.70866977429126,0.3816609920523317,-0.9243023786324636,0.9808930570231557,0.19454770798898718,0.6346070800152693,0.7728349461524715,0.33702006902225307,0.9414974631278811,0.17103002203139503,0.9852658177182139,0.08583176067687935,0.996309645069798,1,0,0,0,99,2
1701967500,12,8,4,45,17.6,0.0,73,0,0,0,0,1,0,0,0.8509035245341184,0.5253219888177297,-0.4871745124605095,-0.8733046400935156,-0.9678079975112615,0.2516896500717544,-0.6116822499992318,0.7911035488707386,0.32318450699968687,-0.9463359733389455,0.9864927707132337,0.16380480252583335,0.6466046695911524,0.7628252757105762,0.3443651581456984,0.9388357885462655,0.17487740199027219,0.9845902164215998,0.0877775130041863,0.9961401047095734,1,0,0,0,99,2
1701967560,12,8,4,46,17.6,0.0,73,0,0,0,0,1,0,0,0.9017883476488092,-0.4321779448847783,-0.8462204041751706,-0.5328330203333975,-0.8754521746884285,0.4833047587530059,-0.5082790774992584,0.8611924171615208,0.26344599336342084,-0.9646741463213163,0.9911291909537616,0.13290194445282522,0.6584443999105676,0.7526293724180665,0.3516892289948141,0.9361168122670553,0.17872211353515366,0.983899591489664,0.08972293048696088,0.9959667643776232,1,0,0,0,99,1
1701967620,12,8,4,47,17.6,0.0,73,0,0,0,0,1,0,0,0.123573122745224,-0.9923354691509287,-0.9980820279793963,-0.061905293994420546,-0.72866497582717,0.6848703183835534,-0.39694437999324705,0.9178426658157577,0.20267872876086712,-0.9792452874065205,0.9947977903590559,0.10186930988644112,0.6701233804731629,0.7422497254585013,0.35899183454606504,0.9333407002425484,0.18256409800047155,0.9831939534604931,0.09166800570402665,0.995789624735188,1,0,0,0,99,1
1701967680,12,8,4,48,17.6,0.0,73,0,0,0,0,1,0,0,-0.7682546613236668,-0.6401443394691997,-0.9055783620066239,0.424179007336997,-0.5365729180004349,0.8438539587324921,-0.27941549819892586,0.960170286650366,0.1411200080598672,-0.9899924966004454,0.9974949866040544,0.0707372016677029,0.6816387600233341,0.7316888688738209,0.36627252908604757,0.9305076219123143,0.18640329676226988,0.9824733131012553,0.09361273123551289,0.9956086864580017,1,0,0,0,99,1
1701967740,12,8,4,49,17.6,0.0,73,0,0,0,0,1,0,0,-0.9537526527594719,0.3005925437436371,-0.5913575298651244,0.8064094939122546,-0.3111193549811273,0.9503708470676735,-0.157526431008143,0.987514771299061,0.07901021674738969,-0.9968738062811815,0.999218145922396,0.03953601977196579,0.692987727246318,0.7209493809456964,0.37353086823869297,0.9276177501928519,0.19023965123909906,0.9817376814080357,0.09555709966288278,0.9954239502362889,1,0,0,0,99,1
1701967800,12,8,4,50,17.6,0.0,73,0,0,0,0,1,0,0,-0.26237485370392877,0.9649660284921133,-0.13235175009777303,0.9912028118634736,-0.06632189735120068,0.9977982791785807,-0.03317921654755682,0.9994494182244994,0.016591892229347906,-0.9998623450816866,0.9999655856782489,0.008296231623858378,0.7041675114545337,0.7100338835660797,0.38076640899239017,0.9246712614670362,0.1940731028929098,0.9809870696056692,0.09750110356896174,0.9952354167747622,1,0,0,0,99,1
1701967860,12,8,4,51,17.6,0.0,73,0,0,0,0,1,0,0,0.6702291758433747,0.7421541968137826,0.3590583540221683,0.933315112063922,0.182599134631134,0.9831874470475918,0.09168574849017776,0.9957879912530557,-0.045891223272779696,-0.9989464428219001,0.9997365760093756,-0.022951657653640416,0.7151753832640076,0.6989450415971057,0.38797870972702503,0.9216683355733519,0.19790359322994627,0.9802214891475681,0.09944473553796578,0.9950430867926193,1,0,0,0,99,1
1701967920,12,8,4,52,17.6,0.0,73,0,0,0,0,1,0,0,0.9866275920404853,-0.16299078079570548,0.7625584504796027,0.6469193223286404,0.4201670368266409,0.9074467814501962,0.21511998808781552,0.9765876257280235,-0.10819513453010837,-0.9941296760805463,0.9985313405398316,-0.05417713502693632,0.7260086552607126,0.6876855622205048,0.39516733024093426,0.9186091557949183,0.2017310638016388,0.9794409517155483,0.10138798815552964,0.9948469610235406,1,0,0,0,99,1
1701967980,12,8,4,53,17.6,0.0,73,0,0,0,0,1,0,0,0.39592515018183416,-0.9182827862121189,0.979357643103917,0.20213512038718198,0.6316109877182386,0.775285470129288,0.33519735222008545,0.9421479369316923,-0.1700765461024943,-0.9854308542286699,0.9963510561615996,-0.08534970934727917,0.7366646826566614,0.6762581942766833,0.4023318317777731,0.9154939088483012,0.2055554562054955,0.9786454692196509,0.10333085400873529,0.9946470402156865,1,0,0,0,99,1
1701968040,12,8,4,54,17.6,0.0,73,0,0,0,0,1,0,0,-0.5587890488516163,-0.8293098328631502,0.956375928404503,-0.2921388087338362,0.8037844265516209,0.594920663309892,0.4500440737806176,0.8930063446890767,-0.23129381240202182,-0.9728839459794464,0.9931978518853749,-0.11643894112485227,0.7471408639355942,0.6646657275936332,0.40947177705329507,0.9123227848721178,0.20937671208599365,0.9778350537979598,0.10527332568613999,0.9944433251316939,1,0,0,0,99,1
1701968100,12,8,4,55,17.8,0.0,73,0,0,0,0,1,0,0,-0.9997551733586199,0.022126756261955736,0.6992400316550977,-0.7148869687796651,0.9259824428086272,0.3775665710972933,0.5578680080909402,0.8299296871112918,-0.2916078813138529,-0.9565379467410825,0.9890748067616226,-0.14741447225241752,0.7574346414881015,0.6529109923058358,0.41658673028204113,0.909095977415431,0.2131947731354699,0.9770097178164174,0.10721539577780473,0.9942358165486741,1,0,0,0,99,1
1701968160,12,8,4,56,17.8,0.0,73,0,0,0,0,1,0,0,-0.5215510020869119,0.8532201077225842,0.27090578830786904,-0.9626058663135666,0.9906073556948704,0.1367372182078336,0.6569865987187891,0.7539022543433046,-0.35078322768961984,-0.9364566872907963,0.9839859468739369,-0.17824605564949209,0.7675435022360271,0.6409968581633251,0.42367625720393803,0.9058136834259364,0.21700958109501015,0.9761694738686353,0.10915705687532236,0.9940245152582091,1,0,0,0,99,1
1701968220,12,8,4,57,17.8,0.0,73,0,0,0,0,1,0,0,0.43616475524782494,0.8998668269691937,-0.22375564018679642,-0.9746452757206577,0.9936411011327626,-0.11259379263383548,0.7458531332084875,0.6661104290454266,-0.4085887730680895,-0.9127185845169985,0.9779362414076386,-0.2089035847981091,0.7774649782460008,0.6289262338310793,0.4307399251108032,0.9024761032379415,0.2208210777553385,0.9753143347757023,0.11109830157184598,0.9938094220663493,1,0,0,0,99,1
1701968280,12,8,4,58,17.8,0.0,73,0,0,0,0,1,0,0,0.9928726480845371,0.11918013544881928,-0.6636338842129675,-0.7480575296890004,0.934895055524683,-0.354924266788705,0.8230808790115055,0.5679241732886948,-0.46479878803160896,-0.8854163352030204,0.9709315977974505,-0.2393571231413216,0.7871966473319489,0.616702066178912,0.4377773028727551,0.8990834405601384,0.2246292049577053,0.9744443135859889,0.11303912246211711,0.9935905377936096,1,0,0,0,99,2
1701968340,12,8,4,59,17.8,0.0,73,0,0,0,0,1,0,0,0.6367380071391379,-0.7710802229758452,-0.9410314083429535,-0.3383192109710552,0.8180217634546941,-0.5751872690824027,0.8874647229840752,0.46087565075494996,-0.5191937736746512,-0.8546565540481598,0.9629788559589872,-0.26957693331574223,0.7967361336464357,0.6043273395620364,0.4447879609645272,0.8956359024631707,0.22843390459477475,0.9735594235749482,0.11497951214249395,0.9933678632749673,1,0,0,0,99,2
1701968400,12,8,4,60,17.8,0.0,73,0,0,0,0,1,0,0,-0.3048106211022167,-0.9524129804151563,-0.9880316240928618,0.15425144988758405,0.6502878401571168,-0.7596879128588213,0.9379999767747389,0.3466353178350258,-0.5715613187423437,-0.8205593573395608,0.9540857816096938,-0.29953350618957414,0.806081108260693,0.5918050750924775,0.4517714714916838,0.8921336993669944,0.23223511861151147,0.9726596782449127,0.11691946321097965,0.9931413993598577,1,0,0,0,99,2
1701968460,12,8,4,61,17.8,0.0,73,0,0,0,0,1,0,0,-0.9661177700083929,-0.25810163593826746,-0.7931272394572851,0.6090559761063561,0.4421221685765394,-0.8969548417022889,0.9738980546500462,0.2269858567154693,-0.621696929091873,-0.7832578939006837,0.9442610586857545,-0.3291975896777772,0.8152292897331944,0.579138329901511,0.4587274082167366,0.8885770450280356,0.23603278900606633,0.9717450913248895,0.11885896826725052,0.992911146912172,1,0,0,0,99,1
1701968520,12,8,4,62,17.8,0.0,73,0,0,0,0,1,0,0,-0.7391806966492228,0.6735071623235863,-0.404037645323065,0.9147423578045313,0.2064674819377966,-0.9784534628188842,0.9945987791111761,0.10379435721925297,-0.669404826237736,-0.7428978251479987,0.9335142808623762,-0.3585402173062328,0.8241784446666367,0.5663301963933087,0.46565534658516017,0.8849661565261433,0.23982685783066157,0.9708156767703494,0.12079801991268428,0.9926771068102531,1,0,0,0,99,1
1701968580,12,8,4,63,17.8,0.0,73,0,0,0,0,1,0,0,0.16735570030280691,0.9858965815825497,0.08397445569174683,0.9964679075571249,-0.04202435271884079,-0.999116586679734,0.9997791222764492,-0.021016818506448383,-0.7144987118625367,-0.6996367562862716,0.9218559421857278,-0.38753273649701414,0.832926388253192,0.5533838014899721,0.47255486375130445,0.8813012542513405,0.2436172671924749,0.9698714487630153,0.12273661075038828,0.9924392799468931,1,0,0,0,99,1
1701968640,12,8,4,64,17.8,0.0,73,0,0,0,0,1,0,0,0.9200260381967906,0.39185723042955,0.5514266812416906,0.8342233605065102,-0.2879033166650653,-0.9576594803233847,0.9893582466233818,-0.14550003380861354,-0.7568024953079283,-0.6536436208636119,0.9092974268256817,-0.4161468365471424,0.8414709848078965,0.5403023058681398,0.479425538604203,0.8775825618903728,0.24740395925452294,0.9689124217106447,0.12467473338522769,0.992197667229329,1,0,0,0,99,1
1701968700,12,8,4,65,17.6,0.0,74,0,0,0,0,1,0,0,0.8268286794901035,-0.562453851238172,0.8838704235458307,0.4677318402470736,-0.5158818468181093,-0.8566597458288424,0.9634987664311881,-0.2677127697469413,-0.7961509812048658,-0.6050980210895829,0.8958509979593657,-0.44435457627350766,0.8498101482900483,0.5270889031873525,0.48626695179327556,0.8738103064130545,0.25118687623654373,0.9679386102468107,0.12661238042385375,0.9919522695792401,1,0,0,0,99,1
1701968760,12,8,4,66,17.6,0.0,74,0,0,0,0,1,0,0,-0.026551154023966794,-0.99964745596635,0.9999118601072672,-0.013276747223059479,-0.711785342369123,-0.7023970575027135,0.9226042102393402,-0.3857479374522218,-0.8323905145579873,-0.5541895264924167,0.8815297857963782,-0.4721284112969602,0.8579418428124834,0.513746819310368,0.49307868575392305,0.8699847180584174,0.2549659604158785,0.9669500292306779,0.12854954447473196,0.9917030879327435,1,0,0,0,99,1
1701968820,12,8,4,67,17.6,0.0,74,0,0,0,0,1,0,0,-0.8555199789753223,-0.5177697997895051,0.8711400001691764,-0.4910347239302405,-0.8634334728079056,-0.504462722145928,0.8673127239196736,-0.4977636376102979,-0.8653795807650819,-0.5011169336540635,0.8663477747573614,-0.4994412209389292,0.8658640831386093,0.5002793115156127,0.49986032473301345,0.8661060303206567,0.2587411541283521,0.9659466937467762,0.13048621814817024,0.9914501232403918,1,0,0,0,99,1
1701968880,12,8,4,68,17.6,0.0,74,0,0,0,0,1,0,0,-0.8979276806892913,0.4401430224960407,0.5290826861200238,-0.8485702747846052,-0.9613974918795568,-0.27516333805159693,0.7984871126234903,-0.6020119026848236,-0.8949893582285835,-0.4460874899137928,0.850319789818452,-0.5262663347043051,0.8735749351670712,0.4866896677019633,0.5066114548142574,0.8621744799348805,0.2625123997691533,0.964928619104771,0.13242239405634718,0.9911933764671682,1,0,0,0,99,1
1701968940,12,8,4,69,17.6,0.0,74,0,0,0,0,1,0,0,-0.11478481378318722,0.9933903797222716,0.057487478104924564,-0.9983462274487422,-0.9995864713592172,-0.028755630329187164,0.7172013769957456,-0.6968659733660458,-0.9211042214011522,-0.38931608407176954,0.8334614820349437,-0.5525775583247253,0.8810725164039352,0.4729812055860543,0.5133316639434712,0.8581903068626603,0.26627963979371355,0.9638958208392285,0.1343580648133402,0.9909328485924838,1,0,0,0,99,1
1701969000,12,8,4,70,17.6,0.0,74,0,0,0,0,1,0,0,0.7738906815578891,0.6333192030862999,-0.428182669496151,-0.9036922050915067,-0.9756260054681576,0.2194399632114593,0.6247239537541924,-0.7808456836057491,-0.9436221923009624,-0.3310244072528874,0.815789313258297,-0.5783491993368335,0.888354996422273,0.4591572718923041,0.520020541953727,0.8541537542773854,0.27004281671858504,0.9628483147093797,0.1362932230351537,0.990668540610173,1,0,0,0,99,1
1701969060,12,8,4,71,17.6,0.0,74,0,0,0,0,1,0,0,0.9510546532543747,-0.3090227281660707,-0.8090187662119065,-0.587782813560387,-0.8910058399248534,0.45399184267980686,0.5224979221586403,-0.8526405581133842,-0.9624553387335394,-0.27144008720767066,0.7973205400614205,-0.6035560921705327,0.8954205973090336,0.4452212415358611,0.5266776805903868,0.8500650685494203,0.2738018731223179,0.9617861166988793,0.13822786133974724,0.9904004535284905,1,0,0,0,99,1
1701969120,12,8,4,72,17.6,0.0,74,0,0,0,0,1,0,0,0.25382336276203626,-0.9672505882738824,-0.9917788534431158,-0.12796368962740468,-0.7509872467716762,0.6603167082440802,0.4121184852417566,-0.9111302618846769,-0.977530117665097,-0.2107957994307797,0.7780731968879212,-0.6281736227227391,0.9022675940990952,0.4311765167986662,0.5333026735360201,0.8459244992310679,0.2775567516463363,0.9607092430155619,0.1401619723470637,0.9901285883701071,1,0,0,0,99,1
1701969180,12,8,4,73,17.6,0.0,74,0,0,0,0,1,0,0,-0.6767719568873076,-0.7361927182273159,-0.9317168878547055,0.36318540841606234,-0.5642759039618552,0.8255862790817391,0.29530807719927077,-0.9554020826546641,-0.9887876624065108,-0.14932835856818344,0.7580660784417752,-0.6521777523926344,0.9088943151963913,0.41702652649883415,0.5398951164352044,0.8417322990413384,0.2813073949958138,0.9596177100911952,0.14209554867905747,0.9898529461721057,1,0,0,0,99,1
1701969240,12,8,4,74,17.6,0.0,74,0,0,0,0,1,0,0,-0.9851462604682474,0.17171734183077755,-0.6435381333569995,0.7654140519453434,-0.34248061846961253,0.939524893748256,0.17388948538043356,-0.9847651734673236,-0.9961840124864793,-0.08727779366103493,0.737318721334619,-0.6755450415549525,0.9152991427820066,0.40277472515355744,0.5464546069192036,0.8374887238505236,0.28505374594054744,0.9585115345812286,0.14402858295972257,0.9895735279859775,1,0,0,0,99,1
1701969300,12,8,4,75,17.4,0.0,76,0,0,0,0,1,0,0,-0.38778163540943045,0.9217512697247493,-0.19779879963646227,0.9802426408101081,-0.09939154689884817,0.9950484010363788,0.04975740630107862,-0.998761333111264,-0.9996902853162234,-0.02488641083740215,0.7158513850085791,-0.698252672448376,0.9214805132091443,0.38842459213573494,0.5529807446305274,0.8331940326645814,0.288795747315831,0.9573907333645395,0.14596106781512072,0.9892903348776181,1,0,0,0,99,1
1701969360,12,8,4,76,17.4,0.0,76,0,0,0,0,1,0,0,0.5661076368981803,0.8243313311075577,0.2963685787093853,0.9550736440472949,0.14987720966295234,0.9887046181866692,-0.0751511204618093,-0.9971721561963784,-0.999292788975378,0.03760215288797655,0.6936850319532718,-0.7202784714566918,0.9274369173848677,0.37397963082453317,0.5594731312473669,0.8288484876093257,0.29253334202332754,0.9562553235431753,0.14789299587340962,0.9890033679273229,1,0,0,0,99,1
1701969420,12,8,4,77,17.4,0.0,76,0,0,0,0,1,0,0,0.9995201585807313,-0.03097503173121646,0.7179745927716441,0.6960693098638897,0.3898273272463786,0.9208879708911095,-0.1988869391248336,-0.9800224412969096,-0.9949930756786476,0.09994388101102124,0.6708413072362862,-0.7416009307609522,0.9331669011385242,0.35944336775008645,0.565931370507906,0.8244523539144292,0.29626647303194026,0.9551053224420931,0.14982435976487088,0.9887126282297838,1,0,0,0,99,1
1701969480,12,8,4,78,17.4,0.0,76,0,0,0,0,1,0,0,0.5139784559875352,-0.8578030932449878,0.9637953862840878,0.26664293235993725,0.605539869719601,0.7958149698139441,-0.31951919362227366,-0.9475798039779932,-0.9868079357144411,0.16189533041753676,0.6473425173671444,-0.7621992293414946,0.9386690655767598,0.34481935173254513,0.5723550682345072,0.820005899897234,0.299995083378683,0.9539407476088947,0.1517551521219383,0.9884181168940841,1,0,0,0,99,1
1701969540,12,8,4,79,17.4,0.0,76,0,0,0,0,1,0,0,-0.4441126687075084,-0.8959709467909631,0.9736454556949781,-0.22806693448309956,0.7836028759783554,0.6212620483809149,-0.43516545796919887,-0.9003505007442698,-0.9747693318791554,0.22321458202336397,0.6232116085153726,-0.782053253309314,0.943942067425039,0.330111153015682,0.5787438323577704,0.8155093969463755,0.30371911616954944,0.9527616168135594,0.1536853655792259,0.9881198350436954,1,0,0,0,99,1
1701969660,12,8,4,81,17.4,0.0,76,0,0,0,0,1,0,0,-0.6298879942744539,0.7766859820216312,0.33415117684842055,-0.9425194910508831,0.9855251115651197,0.16952950915565845,-0.6443874963266829,-0.7646991268321347,-0.9393346386757316,0.3430020941392817,0.5731482818000584,-0.8194516746395976,0.9537954903016678,0.30045659034243405,0.5914150022013163,0.8063673450551039,0.3111532218577337,0.95035975952665,0.15754402634398745,0.9875119643646476,1,0,0,0,99,1
1701969720,12,8,4,82,17.4,0.0,76,0,0,0,0,1,0,0,0.31322878243308516,0.9496776978825432,-0.158622668804709,-0.9873392775238264,0.9968297942787993,-0.07956356727854007,-0.7346984304047954,-0.6783938504738453,-0.9160769210262436,0.40100258697803604,0.5472647499254653,-0.8369595530782943,0.9583735057581397,0.28551746612221973,0.5976966345387016,0.8017223540984184,0.3148631813197452,0.949137069684463,0.15947245893184342,0.9872023778548304,1,0,0,0,99,1
1701969780,12,8,4,83,17.4,0.0,76,0,0,0,0,1,0,0,0.9683644611001854,0.24954011797333814,-0.6125601529754697,-0.7904239741978156,0.9461564284508708,-0.3237097664592346,-0.8135446412026923,-0.5815024649736085,-0.889241942604376,0.45743717329617606,0.5208468233098019,-0.8536501547168418,0.9627175480681864,0.27050863690754695,0.6039417865541566,0.7970284301414683,0.31856833635699866,0.9478998971783541,0.16140028318073973,0.9868890254679992,1,0,0,0,99,1
1701969840,12,8,4,84,17.4,0.0,76,0,0,0,0,1,0,0,0.7331903200732922,-0.6800234955873388,-0.9165215479156338,-0.39998531498835127,0.836655638536056,-0.5477292602242684,-0.8796957599716702,-0.47553692799599256,-0.858934493426592,0.5120854772418407,0.4939202986100892,-0.8695071814659844,0.9668265566961802,0.2554337668888117,0.6101500770757914,0.7922858596771786,0.3222686304333866,0.9466482608860534,0.16332749173661285,0.9865719083994976,1,0,0,0,99,1
1701969900,12,8,4,85,17.3,0.0,77,0,0,0,0,1,0,0,-0.1760756199485871,-0.9843766433940419,-0.996086503119594,0.08838369930580556,0.675135653292801,-0.7376936014721172,-0.9321195206281534,-0.36215079630444197,-0.8252729234333458,0.5647340983576067,0.4665114691207459,-0.8845151492081995,0.970699528486596,0.24029653637932502,0.616321127181551,0.7874949321676061,0.3259640070869742,0.9453821799059907,0.1652540772477479,0.9862510278590311,1,0,0,0,99,1
1701969960,12,8,4,86,17.3,0.0,77,0,0,0,0,1,0,0,-0.9234584470040598,-0.38369844494974187,-0.8317747426285983,0.5551133015206257,0.47163900309419615,-0.8817917275413242,-0.9699978679206785,-0.24311342256103,-0.7883886803350966,0.6151774449047079,0.4386470990986331,-0.898659402917676,0.9743355179089173,0.22510064091681745,0.6224545602223437,0.7826559400262728,0.32965440993086015,0.9441016735570044,0.16718003236480675,0.9859263850706614,1,0,0,0,99,1
1701970020,12,8,4,87,17.3,0.0,77,0,0,0,0,1,0,0,-0.8218178366308225,0.5697503342653119,-0.4638155159838274,0.8859318072699817,0.23881812402958275,-0.9710643148808378,-0.9927397229084867,-0.1202823451699422,-0.7484257963118128,0.6632185366943757,0.41035439762821135,-0.9119261309706986,0.9777336372884741,0.20984979036122642,0.6285500018450296,0.7777691786003179,0.33333978265403763,0.9428067613780455,0.16910534974085598,0.9855979812728021,1,0,0,0,99,1
1701970080,12,8,4,88,17.3,0.0,77,0,0,0,0,1,0,0,0.03539830273366068,0.9993732836951247,0.017701925105413577,0.9998433086476912,-0.008851309290403876,-0.9999608263946371,-0.9999902065507035,0.004425697988050785,-0.7055403255703919,0.70866977429126,0.3816609920523317,-0.9243023786324636,0.9808930570231557,0.19454770798898718,0.6346070800152693,0.7728349461524715,0.33702006902225307,0.9414974631278811,0.17103002203139503,0.9852658177182139,1,0,0,0,99,1
1701970140,12,8,4,89,17.3,0.0,77,0,0,0,0,1,0,0,0.8600694058124533,0.5101770449416689,0.4948853175526281,0.8689582973139933,-0.25597041106933305,-0.9666846169547733,-0.9916361774750792,0.12906467960915324,-0.6598997349563215,0.7513536715852107,0.3525949009946041,-0.9357760607071574,0.9838130057859464,0.17919812958404827,0.6406254250402305,0.7678535438428503,0.3406952128788645,0.9401737987847912,0.1729540418943841,0.9849298956739996,1,0,0,0,99,1
1701970200,12,8,4,90,17.3,0.0,77,0,0,0,0,1,0,0,0.8939966636005579,-0.4480736161291702,0.8509035245341184,0.5253219888177297,-0.4871745124605095,-0.8733046400935156,-0.9678079975112615,0.2516896500717544,-0.6116822499992318,0.7911035488707386,0.32318450699968687,-0.9463359733389455,0.9864927707132337,0.16380480252583335,0.6466046695911524,0.7628252757105762,0.3443651581456984,0.9388357885462655,0.17487740199027219,0.9845902164215998,1,0,0,0,99,1
1701970260,12,8,4,91,17.3,0.0,77,0,0,0,0,1,0,0,0.10598751175115685,-0.9943674609282015,0.9985908724117705,0.05306853621402457,-0.688088462258297,-0.7256268104935293,-0.9288774974380447,0.37038708772476847,-0.5610761589460167,0.8277641837276992,0.2934585288182137,-0.9559718049523478,0.9889316975788438,0.1483714848743724,0.652544448725766,0.7577504486552193,0.34802984882390525,0.9374834528286937,0.17680009498202517,0.9842467812567877,1,0,0,0,99,2
1701970320,12,8,4,92,17.3,0.0,77,0,0,0,0,1,0,0,-0.7794660696158047,-0.626444447910339,0.9017883476488092,-0.4321779448847783,-0.8462204041751706,-0.5328330203333975,-0.8754521746884285,0.4833047587530059,-0.5082790774992584,0.8611924171615208,0.26344599336342084,-0.9646741463213163,0.9911291909537616,0.13290194445282522,0.6584443999105676,0.7526293724180665,0.3516892289948141,0.9361168122670553,0.17872211353515366,0.983899591489664,1,0,0,0,99,2
1701970380,12,8,4,93,17.3,0.0,77,0,0,0,0,1,0,0,-0.9482821412699473,0.31742870151970165,0.5841965844132856,-0.8116121923430246,-0.9517384599623535,-0.3069102537037296,-0.808365713555359,0.5886806206663637,-0.45349717713213844,0.8912577126360152,0.23317620736685893,-0.9724344997571855,0.9930847143514961,0.1173999579276213,0.6643041630429463,0.7474623595632162,0.3553432428207858,0.9347358877146036,0.18064345031774107,0.9835486484446521,1,0,0,0,99,2
1701970440,12,8,4,94,17.3,0.0,77,0,0,0,0,1,0,0,-0.24525198546765434,0.9694593666699876,0.123573122745224,-0.9923354691509287,-0.9980820279793963,-0.061905293994420546,-0.72866497582717,0.6848703183835534,-0.39694437999324705,0.9178426658157577,0.20267872876086712,-0.9792452874065205,0.9947977903590559,0.10186930988644112,0.6701233804731629,0.7422497254585013,0.35899183454606504,0.9333407002425484,0.18256409800047155,0.9831939534604931,1,0,0,0,99,3
1701970500,12,8,4,95,17.4,0.0,77,0,0,0,0,1,0,0,0.683261714736121,0.7301735609948197,-0.36730534913419133,-0.9301004142012893,-0.9823696896284233,0.18694863706204273,-0.6375936648595081,0.7703728438431753,-0.3388415235451705,0.9408434630275048,0.17198333781575365,-0.9850998586507625,0.9962680007535027,0.08631379191426318,0.6759016970261789,0.7369917882562408,0.36263494849763117,0.931931271139734,0.18448404925665798,0.9828355078902405,1,0,0,0,99,3
1701970560,12,8,4,96,17.4,0.0,77,0,0,0,0,1,0,0,0.9835877454343449,-0.18043044929108396,-0.7682546613236668,-0.6401443394691997,-0.9055783620066239,0.424179007336997,-0.5365729180004349,0.8438539587324921,-0.27941549819892586,0.960170286650366,0.1411200080598672,-0.9899924966004454,0.9974949866040544,0.0707372016677029,0.6816387600233341,0.7316888688738209,0.36627252908604757,0.9305076219123143,0.18640329676226988,0.9824733131012553,1,0,0,0,99,2
1701970620,12,8,4,97,17.4,0.0,77,0,0,0,0,1,0,0,0.3796077390275217,-0.9251475365964139,-0.981108438603097,-0.1934586046207122,-0.7724825579327705,0.6350359814133715,-0.42717913021742326,0.904167014830051,-0.2188983613117615,0.9757476658516921,0.11011887701095537,-0.9939184236776407,0.9984784483597131,0.055143341947869365,0.6873342193038735,0.7263412909741086,0.3699045208063098,0.929069774283425,0.18832183319596135,0.9821073704752004,1,0,0,0,99,2
1701970680,12,8,4,98,17.4,0.0,77,0,0,0,0,1,0,0,-0.5733818719904229,-0.8192882452914593,-0.9537526527594719,0.3005925437436371,-0.5913575298651244,0.8064094939122546,-0.3111193549811273,0.9503708470676735,-0.157526431008143,0.987514771299061,0.07901021674738969,-0.9968738062811815,0.999218145922396,0.03953601977196579,0.692987727246318,0.7209493809456964,0.37353086823869297,0.9276177501928519,0.19023965123909906,0.9817376814080357,1,0,0,0,99,1
1701970740,12,8,4,99,17.4,0.0,77,0,0,0,0,1,0,0,-0.9992068341863537,0.0398208803931389,-0.6928849542336957,0.7210481538680822,-0.3734647547841147,0.9276443698605846,-0.19020466626691288,0.9817444600965631,-0.0955393633625346,0.9954256526975189,0.04782440434799511,-0.998855758530109,0.9997138987055519,0.023919045443861007,0.6985989387896817,0.7155134678829815,0.37715151604959674,0.9261515717966962,0.19215674357579007,0.9813642473100128,1,0,0,0,99,1
1701970800,12,8,4,100,17.4,0.0,77,0,0,0,0,1,0,0,-0.5063656411097588,0.8623188722876839,-0.26237485370392877,0.9649660284921133,-0.13235175009777303,0.9912028118634736,-0.06632189735120068,0.9977982791785807,-0.03317921654755682,0.9994494182244994,0.016591892229347906,-0.9998623450816866,0.9999655856782489,0.008296231623858378,0.7041675114545337,0.7100338835660797,0.38076640899239017,0.9246712614670362,0.1940731028929098,0.9809870696056692,1,0,0,0,99,1
1701970860,12,8,4,101,17.4,0.0,77,0,0,0,0,1,0,0,0.45202578717835057,0.8920048697881602,0.23237376165548454,0.9726265649744922,0.11699024537436405,0.9931330638374931,0.05859580259074419,0.9982817898362899,0.029310494397997367,0.999570355161729,-0.014656821590492326,-0.9998925830212285,0.9999731453947223,-0.007328607602110553,0.7096931053638997,0.7045109624405745,0.3843754919082546,0.9231768417915862,0.19598872188012992,0.9806061497338231,1,0,0,0,99,1
1701970920,12,8,4,102,17.4,0.0,77,0,0,0,0,1,0,0,0.9948267913584063,0.10158570369662134,0.6702291758433747,0.7421541968137826,0.3590583540221683,0.933315112063922,0.182599134631134,0.9831874470475918,0.09168574849017776,0.9957879912530557,-0.045891223272779696,-0.9989464428219001,0.9997365760093756,-0.022951657653640416,0.7151753832640076,0.6989450415971057,0.38797870972702503,0.9216683355733519,0.19790359322994627,0.9802214891475681,1,0,0,0,99,1
1701970980,12,8,4,103,17.4,0.0,77,0,0,0,0,1,0,0,0.6229886314423488,-0.7822308898871159,0.9439891127251193,0.32997659774057014,0.5788019532877502,0.8154681470604999,0.3037530682474665,0.95275079298327,0.15370297169659722,0.9881170965485999,-0.07708081295432778,-0.9970248483735498,0.9992559352772317,-0.03856910438712712,0.7206140105448711,0.6933364607507934,0.3915760074680308,0.9201457658302823,0.19981770963770668,0.9798330893142674,1,0,0,0,99,1
1701971040,12,8,4,104,17.4,0.0,77,0,0,0,0,1,0,0,-0.32162240316253093,-0.9468680107512125,0.9866275920404853,-0.16299078079570548,0.7625584504796027,0.6469193223286404,0.4201670368266409,0.9074467814501962,0.21511998808781552,0.9765876257280235,-0.10819513453010837,-0.9941296760805463,0.9985313405398316,-0.05417713502693632,0.7260086552607126,0.6876855622205048,0.39516733024093426,0.9186091557949183,0.2017310638016388,0.9794409517155483,1,0,0,0,99,1
1701971100,12,8,4,105,17.7,0.0,75,0,0,0,0,1,0,0,-0.9705352835374847,-0.24095904923620143,0.7877052269841179,-0.616052331690985,0.8989027566124672,0.43814818743720435,0.5300244393246389,0.8479823663960249,0.27569696552916134,0.961244601128148,-0.13920380539312127,-0.9902637530295018,0.9975629686965886,-0.06977193909623788,0.7313589881502236,0.6819926909079606,0.3987526232465684,0.9170585289140385,0.20364364842287808,0.9790450778472967,1,0,0,0,99,1
1701971160,12,8,4,106,17.7,0.0,75,0,0,0,0,1,0,0,-0.7271425000808527,0.6864865509069841,0.39592515018183416,-0.9182827862121189,0.979357643103917,0.20213512038718198,0.6316109877182386,0.775285470129288,0.33519735222008545,0.9421479369316923,-0.1700765461024943,-0.9854308542286699,0.9963510561615996,-0.08534970934727917,0.7366646826566614,0.6762581942766833,0.4023318317777731,0.9154939088483012,0.2055554562054955,0.9786454692196509,1,0,0,0,99,1
1701971220,12,8,4,107,17.7,0.0,75,0,0,0,0,1,0,0,0.18478174456066745,0.9827795820412206,-0.09279121175730869,-0.9956855884367365,0.9989208147888241,-0.046445729422969886,0.7233414578962587,0.6904905034021214,0.39338880042387997,0.9193722052036709,-0.20078320995084364,-0.9796356989217142,0.9948958988059289,-0.10090664269087,0.7419254149477796,0.6704824223307908,0.4059049012202299,0.9139153194718838,0.2074664798565255,0.9782421273569963,1,0,0,0,99,1
1701971280,12,8,4,108,17.7,0.0,75,0,0,0,0,1,0,0,0.926818505417785,0.3755095977670121,-0.5587890488516163,-0.8293098328631502,0.956375928404503,-0.2921388087338362,0.8037844265516209,0.594920663309892,0.4500440737806176,0.8930063446890767,-0.23129381240202182,-0.9728839459794464,0.9931978518853749,-0.11643894112485227,0.7471408639355942,0.6646657275936332,0.40947177705329507,0.9123227848721178,0.20937671208599365,0.9778350537979598,1,0,0,0,99,1
1701971340,12,8,4,109,17.7,0.0,75,0,0,0,0,1,0,0,0.8167426066363169,-0.577002178942952,-0.8879758383376634,-0.4598901070131037,0.8543682189235223,-0.5196681118689583,0.8716846080633058,0.49006728524307847,0.5049419346602744,0.8631533135089845,-0.26157856037050853,-0.9651821883740356,0.99125732995374,-0.13194281266132774,0.7523107112959804,0.6588084650862769,0.413032404850832,0.9107163293491221,0.21128614560694461,0.977424250095403,1,0,0,0,99,1
1701971400,12,8,4,110,17.7,0.0,75,0,0,0,0,1,0,0,-0.044242678085070965,-0.999020813314648,-0.9997551733586199,0.022126756261955736,0.6992400316550977,-0.7148869687796651,0.9259824428086272,0.3775665710972933,0.5578680080909402,0.8299296871112918,-0.2916078813138529,-0.9565379467410825,0.9890748067616226,-0.14741447225241752,0.7574346414881015,0.6529109923058358,0.41658673028204113,0.909095977415431,0.2131947731354699,0.9770097178164174,1,0,0,0,99,1
1701971460,12,8,4,111,17.7,0.0,75,0,0,0,0,1,0,0,-0.8645514486106083,-0.5025443191453852,-0.8667595742607592,0.49872621790648564,0.500636485932415,-0.8656576164704166,0.9658306312367652,0.2591740568899436,0.608615618888497,0.7934652030460894,-0.3213524521097596,-0.9469596620358465,0.9866508151407586,-0.1628501427143272,0.7625123417736683,0.6469736692036518,0.4201346991122895,0.9074617537956219,0.21510258739073557,0.9765914585423174,1,0,0,0,99,1
1701971520,12,8,4,112,17.7,0.0,75,0,0,0,0,1,0,0,-0.8899956043668333,0.4559691044442761,-0.5215510020869119,0.8532201077225842,0.27090578830786904,-0.9626058663135666,0.9906073556948704,0.1367372182078336,0.6569865987187891,0.7539022543433046,-0.35078322768961984,-0.9364566872907963,0.9839859468739369,-0.17824605564949209,0.7675435022360271,0.6409968581633251,0.42367625720393803,0.9058136834259364,0.21700958109501015,0.9761694738686353,1,0,0,0,99,1
1701971580,12,8,4,113,17.7,0.0,75,0,0,0,0,1,0,0,-0.09718190589320902,0.9952666362171313,-0.04864855487508726,0.9988159580766447,0.02433148087720227,-0.9997039456950855,0.9999259836845639,0.012166640968536861,0.7027920599407278,0.7113953334709671,-0.37987146940052824,-0.9250392784825321,0.9810808525505256,-0.19359845236657747,0.7725278157990745,0.6349809239785958,0.4272113505171674,0.9041517914539007,0.2189157469736923,0.9757437654051141,1,0,0,0,99,1
1701971640,12,8,4,114,17.7,0.0,75,0,0,0,0,1,0,0,0.7849803886813105,0.6195206125592099,0.43616475524782494,0.8998668269691937,-0.22375564018679642,-0.9746452757206577,0.9936411011327626,-0.11259379263383548,0.7458531332084875,0.6661104290454266,-0.4085887730680895,-0.9127185845169985,0.9779362414076386,-0.2089035847981091,0.7774649782460008,0.6289262338310793,0.4307399251108032,0.9024761032379415,0.2208210777553385,0.9753143347757023,1,0,0,0,99,1
1701971700,12,8,4,115,17.3,0.0,77,0,0,0,0,1,0,0,0.9454353340247703,-0.3258098052199642,0.8141897215084345,0.580598912666927,-0.45793071928681145,-0.8889878831195976,0.9718507815296538,-0.23559723776012562,0.7860016659524729,0.618224377649359,-0.43690709673261263,-0.8995066363427673,0.9745528811569866,-0.2241577164155103,0.7823546882378575,0.6228331572678552,0.4342619271431383,0.9007866443469994,0.22272556617169098,0.9748811836185473,1,0,0,0,99,1
1701971760,12,8,4,116,17.3,0.0,77,0,0,0,0,1,0,0,0.23666139336428604,-0.9715921906288022,0.9928726480845371,0.11918013544881928,-0.6636338842129675,-0.7480575296890004,0.934895055524683,-0.354924266788705,0.8230808790115055,0.5679241732886948,-0.46479878803160896,-0.8854163352030204,0.9709315977974505,-0.2393571231413216,0.7871966473319489,0.616702066178912,0.4377773028727551,0.8990834405601384,0.2246292049577053,0.9744443135859889,1,0,0,0,99,1
1701971820,12,8,4,117,17.3,0.0,77,0,0,0,0,1,0,0,-0.689697940935389,-0.7240971967004738,0.9284657227653786,-0.37141809547969407,-0.8280755084772445,-0.5606165822201061,0.8833506048619953,-0.4687128213415406,0.8569459788520921,0.5154062371850283,-0.49223661120185463,-0.8704614400377044,0.967073275413426,-0.254498094258381,0.7919905600000485,0.610533334774449,0.44128599865934504,0.897366517866153,0.22653198685157808,0.9740037263445538,1,0,0,0,99,1
1701971880,12,8,4,118,17.3,0.0,77,0,0,0,0,1,0,0,-0.9819521690440836,0.1891294205289584,0.6367380071391379,-0.7710802229758452,-0.9410314083429535,-0.3383192109710552,0.8180217634546941,-0.5751872690824027,0.8874647229840752,0.46087565075494996,-0.5191937736746512,-0.8546565540481598,0.9629788559589872,-0.26957693331574223,0.7967361336464357,0.6043273395620364,0.4447879609645272,0.8956359024631707,0.22843390459477475,0.9735594235749482,1,0,0,0,99,1
1701971940,12,8,4,119,17.3,0.0,77,0,0,0,0,1,0,0,-0.3714041014380902,0.9284713207390763,0.18911462035089152,-0.9819550195245901,-0.9954785330494551,-0.09498678980629327,0.7399279660231438,-0.6726861118655962,0.9145179363647266,0.40454535477150383,-0.5456439522383145,-0.8380171104373418,0.9586493390279216,-0.2845899590311104,0.8014330786257547,0.598084459323635,0.44828313635266553,0.8938916207582536,0.2303349509320572,0.9731114069720521,1,0,0,0,99,1
1701972060,12,8,4,121,17.3,0.0,77,0,0,0,0,1,0,0,0.9988152247235795,-0.04866360920015389,-0.7241075918674496,-0.6896870271361664,-0.9191536942035773,0.3938990815322077,0.5505001900398365,-0.8348350380560844,0.9578191473488313,0.28737167740046654,-0.5969205653181726,-0.8023003419544537,0.949289297831397,-0.3144039265384152,0.8106799388594784,0.5854895701298123,0.4552529131538796,0.8903621651131107,0.2341344003845754,0.9722042391167379,1,0,0,0,99,1
1701972120,12,8,4,122,17.3,0.0,77,0,0,0,0,1,0,0,0.4987131538963941,-0.8667670910519801,-0.9661177700083929,-0.25810163593826746,-0.7931272394572851,0.6090559761063561,0.4421221685765394,-0.8969548417022889,0.9738980546500462,0.2269858567154693,-0.621696929091873,-0.7832578939006837,0.9442610586857545,-0.3291975896777772,0.8152292897331944,0.579138329901511,0.4587274082167366,0.8885770450280356,0.23603278900606633,0.9717450913248895,1,0,0,0,99,1
1701972180,12,8,4,123,17.3,0.0,77,0,0,0,0,1,0,0,-0.45990349068959124,-0.8879689066918555,-0.9715886235161092,0.23667603734656428,-0.617787974410896,0.7863447200008926,0.3268449785441926,-0.9450779650380419,0.9861739108894643,0.16571366111754054,-0.6458662163646817,-0.7634506078056198,0.9390022917452384,-0.3439108839469756,0.8197288832129119,0.5727517420545416,0.4621949036637349,0.8867783663505052,0.23793027723420868,0.9712822366208766,1,0,0,0,99,1
1701972240,12,8,4,124,17.3,0.0,77,0,0,0,0,1,0,0,-0.9956869868891794,-0.09277620459766088,-0.7391806966492228,0.6735071623235863,-0.404037645323065,0.9147423578045313,0.2064674819377966,-0.9784534628188842,0.9945987791111761,0.10379435721925297,-0.669404826237736,-0.7428978251479987,0.9335142808623762,-0.3585402173062328,0.8241784446666367,0.5663301963933087,0.46565534658516017,0.8849661565261433,0.23982685783066157,0.9708156767703494,1,0,0,0,99,1
1701972300,12,8,4,125,17.0,0.0,79,0,0,0,0,1,0,0,-0.6160404591886565,0.7877145121442345,-0.32579555541456173,0.9454402445803316,-0.165166212373579,0.9862657462824945,0.08286812933059823,-0.9965605215646701,0.99913976038507,0.04146973857724405,-0.6922897736579516,-0.7216196153712994,0.9277983658563156,-0.37308201821362325,0.8285777025160715,0.5598740848558614,0.469108684178911,0.8831404432070421,0.2417225235605465,0.9703454135530919,1,0,0,0,99,1
1701972360,12,8,4,126,17.0,0.0,79,0,0,0,0,1,0,0,0.329990825673782,0.9439841391523142,0.16735570030280691,0.9858965815825497,0.08397445569174683,0.9964679075571249,-0.04202435271884079,-0.999116586679734,0.9997791222764492,-0.021016818506448383,-0.7144987118625367,-0.6996367562862716,0.9218559421857278,-0.38753273649701414,0.832926388253192,0.5533838014899721,0.47255486375130445,0.8813012542513405,0.2436172671924749,0.9698714487630153,1,0,0,0,99,1
1701972420,12,8,4,127,17.0,0.0,79,0,0,0,0,1,0,0,0.972630067242408,0.23235910202965793,0.6195324438519512,0.784971051068018,0.3278939988258263,0.9447145206537312,-0.16626105879951092,-0.9860817716228536,0.9965143680908102,-0.08342130536363722,-0.7360099542002259,-0.6769707137817569,0.9156884606081254,-0.40188884422078897,0.8372242364566345,0.5468597424290853,0.4759938327178802,0.8794486177227995,0.24551108149857567,0.9693937842081513,1,0,0,0,99,1
1701972480,12,8,4,128,17.0,0.0,79,0,0,0,0,1,0,0,0.7210377105017316,-0.6928958219201651,0.9200260381967906,0.39185723042955,0.5514266812416906,0.8342233605065102,-0.2879033166650653,-0.9576594803233847,0.9893582466233818,-0.14550003380861354,-0.7568024953079283,-0.6536436208636119,0.9092974268256817,-0.4161468365471424,0.8414709848078965,0.5403023058681398,0.479425538604203,0.8775825618903728,0.24740395925452294,0.9689124217106447,1,0,0,0,99,1
1701972540,12,8,4,129,17.0,0.0,79,0,0,0,0,1,0,0,-0.19347339203846847,-0.9811055226493881,0.9952651713612277,-0.0971969067167568,0.740674323409674,0.6718642322981792,-0.4050529395658183,-0.914293233130974,0.9783387023753517,-0.20701058773529676,-0.7768560316221071,-0.6296782560422042,0.9026844011176343,-0.4303032325917363,0.8456663741073475,0.5337118920392648,0.48284992904666313,0.8757031152277766,0.24929589323956333,0.9684273631067475,1,0,0,0,99,1
1701972600,12,8,4,130,17.0,0.0,79,0,0,0,0,1,0,0,-0.9301059501867618,-0.3672913304546965,0.8268286794901035,-0.562453851238172,0.8838704235458307,0.4677318402470736,-0.5158818468181093,-0.8566597458288424,0.9634987664311881,-0.2677127697469413,-0.7961509812048658,-0.6050980210895829,0.8958509979593657,-0.44435457627350766,0.8498101482900483,0.5270889031873525,0.48626695179327556,0.8738103064130545,0.25118687623654373,0.9679386102468107,1,0,0,0,99,1
1701972660,12,8,4,131,17.0,0.0,79,0,0,0,0,1,0,0,-0.8116033871367004,0.5842088171092894,0.45595569022148996,-0.8900024767126464,0.9721117417027341,0.23451814779175792,-0.618660590391954,-0.7856583697103207,0.9448963884231754,-0.3273695391218304,-0.8146685028653773,-0.5799269181880462,0.8887988856282523,-0.4582974371584211,0.8539020544413806,0.520433743545506,0.48967655470447735,0.8719041643281404,0.25307690103193886,0.9674461649952778,1,0,0,0,99,1
1701972720,12,8,4,132,17.0,0.0,79,0,0,0,0,1,0,0,0.05308358714605824,0.9985900724399912,-0.026551154023966794,-0.99964745596635,0.9999118601072672,-0.013276747223059479,-0.711785342369123,-0.7023970575027135,0.9226042102393402,-0.3857479374522218,-0.8323905145579873,-0.5541895264924167,0.8815297857963782,-0.4721284112969602,0.8579418428124834,0.513746819310368,0.49307868575392305,0.8699847180584174,0.2549659604158785,0.9669500292306779,1,0,0,0,99,1
1701972780,12,8,4,133,17.0,0.0,79,0,0,0,0,1,0,0,0.8689657562142357,0.4948722204034305,-0.5025573497604873,-0.8645438740756395,0.9655423020447212,-0.2602461584004272,-0.7938029221413925,-0.6081750741355538,0.8967092823584335,-0.44261999834194465,-0.8492997110390256,-0.5279109781289149,0.8740454731102137,-0.48584412205515315,0.8619292668354965,0.5070285386173281,0.49647329302927856,0.8680519968922737,0.25685404718217525,0.9664502048456179,1,0,0,0,99,1
1701972840,12,8,4,134,17.0,0.0,79,0,0,0,0,1,0,0,0.8859248164599484,-0.4638288688518717,-0.8555199789753223,-0.5177697997895051,0.8711400001691764,-0.4910347239302405,-0.8634334728079056,-0.504462722145928,0.8673127239196736,-0.4977636376102979,-0.8653795807650819,-0.5011169336540635,0.8663477747573614,-0.4994412209389292,0.8658640831386093,0.5002793115156127,0.49986032473301345,0.8661060303206567,0.2587411541283521,0.9659466937467762,1,0,0,0,99,1
1701972900,12,8,4,135,16.9,0.0,80,0,0,0,0,1,0,0,0.08836868610400143,-0.9960878351411849,-0.999021480034635,-0.04422762066183892,0.7225744323811351,-0.6912931286141072,-0.919590432914052,-0.3928783980991401,0.8345293278546717,-0.5509635205260235,-0.8806144220162487,-0.4738335569975899,0.8584385700204732,-0.5129163884116056,0.8697460515609156,0.49349954994325695,0.503239729183191,0.8641468480366219,0.2606272740556695,0.9654394978548946,1,0,0,0,99,1
1701972960,12,8,4,136,16.9,0.0,80,0,0,0,0,1,0,0,-0.7904332067228887,-0.6125482394960996,-0.8979276806892913,0.4401430224960407,0.5290826861200238,-0.8485702747846052,-0.9613974918795568,-0.27516333805159693,0.7984871126234903,-0.6020119026848236,-0.8949893582285835,-0.4460874899137928,0.850319789818452,-0.5262663347043051,0.8735749351670712,0.4866896677019633,0.5066114548142574,0.8621744799348805,0.2625123997691533,0.964928619104771,1,0,0,0,99,1
1701973140,12,8,4,139,16.9,0.0,80,0,0,0,0,1,0,0,0.6960801312247417,0.717964101410472,0.375523566896625,0.926812845565509,-0.1912944777489552,-0.9815326906337631,-0.9953724656212274,0.09609190747986249,0.6722752756572777,-0.7403012587723536,-0.9328186476406745,-0.3603461816279218,0.8247260701675199,-0.5655324121445553,0.884740756420929,0.4660834624053104,0.5166800448994956,0.8561785626857608,0.26816173973391433,0.9633739052636211,1,0,0,0,99,2
1701973260,12,8,4,141,16.9,0.0,80,0,0,0,0,1,0,0,0.363171365373259,-0.9317223617435201,0.9827823669926928,0.18476693191217952,-0.6384485367231334,-0.7696645151987259,-0.9406552278063217,0.33936373171073697,0.5747330981809134,-0.8183409227549167,-0.9535043059039945,-0.301379393161745,0.8066533930883032,-0.5910247908667855,0.8919150158133861,0.4522030567860055,0.5233531041342903,0.8521159125336193,0.27192286357198864,0.9623190511814725,1,0,0,0,99,2
1701973320,12,8,4,142,16.9,0.0,80,0,0,0,0,1,0,0,-0.5877950071674065,-0.8090099069535975,0.9510546532543747,-0.3090227281660707,-0.8090187662119065,-0.587782813560387,-0.8910058399248534,0.45399184267980686,0.5224979221586403,-0.8526405581133842,-0.9624553387335394,-0.27144008720767066,0.7973205400614205,-0.6035560921705327,0.8954205973090336,0.4452212415358611,0.5266776805903868,0.8500650685494203,0.2738018731223179,0.9617861166988793,1,0,0,0,99,2
1701973380,12,8,4,143,16.9,0.0,80,0,0,0,0,1,0,0,-0.9983453608739179,0.05750252534912421,0.6864755912087755,-0.7271528468448447,-0.9292881272363391,-0.36935562345465606,-0.8274526039159754,0.5615355627853609,0.4682224029318968,-0.8836106503390961,-0.9704665502579407,-0.24123572461485038,0.7877930326598638,-0.6159400439105862,0.8988715269465893,0.43821225227588845,0.52999422059307,0.8480012536181443,0.2756798382017224,0.9612495132945827,1,0,0,0,99,2
1701973440,12,8,4,144,16.9,0.0,80,0,0,0,0,1,0,0,-0.49102159389846933,0.8711474010323434,0.25382336276203626,-0.9672505882738824,-0.9917788534431158,-0.12796368962740468,-0.7509872467716762,0.6603167082440802,0.4121184852417566,-0.9111302618846769,-0.977530117665097,-0.2107957994307797,0.7780731968879212,-0.6281736227227391,0.9022675940990952,0.4311765167986662,0.5333026735360201,0.8459244992310679,0.2775567516463363,0.9607092430155619,1,0,0,0,99,2
1701973500,12,8,4,145,16.5,0.0,81,0,0,0,0,1,0,0,0.4677451620451334,0.8838633737085002,-0.2409736772881011,-0.9705316516498831,-0.9926055741456128,0.1213844066388201,-0.6628029848156917,0.7487938323192908,0.35440525368616455,-0.9350919292559664,-0.9836391435013062,-0.1801500357258271,0.7681634057040947,-0.6402538419541788,0.905608591488116,0.4241144645292243,0.5366029889363158,0.8438348370769082,0.27943260629630523,0.9601653079227838,1,0,0,0,99,2
1701973560,12,8,4,146,16.5,0.0,81,0,0,0,0,1,0,0,0.9964691731217737,0.08395943674184847,-0.6767719568873076,-0.7361927182273159,-0.9317168878547055,0.36318540841606234,-0.5642759039618552,0.8255862790817391,0.29530807719927077,-0.9554020826546641,-0.9887876624065108,-0.14932835856818344,0.7580660784417752,-0.6521777523926344,0.9088943151963913,0.41702652649883415,0.5398951164352044,0.8417322990413384,0.2813073949958138,0.9596177100911952,1,0,0,0,99,2
1701973620,12,8,4,147,16.5,0.0,81,0,0,0,0,1,0,0,0.6090440218832924,-0.7931364191664784,-0.9468728581933475,-0.32160813176404734,-0.8128985581744033,0.582405300557933,-0.4569434863536556,0.889495728083596,0.23505772899056523,-0.9719814113663893,-0.9929706469393719,-0.11836086480254095,0.7477836802185981,-0.6639424429863854,0.9121245646802812,0.4099131353187006,0.5431790057988708,0.8396169172065021,0.2831811105931131,0.9590664516097157,1,0,0,0,99,2
1701973680,12,8,4,148,16.5,0.0,81,0,0,0,0,1,0,0,-0.3383333943242765,-0.9410263090291437,-0.9851462604682474,0.17171734183077755,-0.6435381333569995,0.7654140519453434,-0.34248061846961253,0.939524893748256,0.17388948538043356,-0.9847651734673236,-0.9961840124864793,-0.08727779366103493,0.737318721334619,-0.6755450415549525,0.9152991427820066,0.40277472515355744,0.5464546069192036,0.8374887238505236,0.28505374594054744,0.9585115345812286,1,0,0,0,99,2
1701973740,12,8,4,149,16.5,0.0,81,0,0,0,0,1,0,0,-0.9746486480944947,-0.22374095013558368,-0.7822215000035424,0.6230004212937645,-0.4341656243337532,0.9008330648055067,-0.22267345507995925,0.9748930876782097,0.11204220705116075,-0.9937034486400381,-0.998424621250908,-0.05610949723514686,0.7266737566594609,-0.6869827154903001,0.9184178557416826,0.3956117316951685,0.5497218698145597,0.8353477514470151,0.28692529389458227,0.9579529611225739,1,0,0,0,99,2
1701973860,12,8,4,151,16.5,0.0,81,0,0,0,0,1,0,0,0.20214988141565363,0.9793545963764285,0.1016006978902495,0.9948252601277343,0.050866196399306694,0.9987054771372125,0.025441333129256026,0.9996763168989281,-0.012721696055790868,-0.9999190759503811,-0.9999797687829443,0.006360976718196107,0.7048542485087977,-0.7093521610308227,0.9244869282555656,0.3812137451412117,0.5562311816406863,0.8310276003663211,0.29066509906908233,0.9568248534518533,1,0,0,0,99,2
1701973920,12,8,4,152,16.5,0.0,81,0,0,0,0,1,0,0,0.933320523748862,0.35904428689111606,0.5661076368981803,0.8243313311075577,0.2963685787093853,0.9550736440472949,0.14987720966295234,0.9887046181866692,-0.0751511204618093,-0.9971721561963784,-0.999292788975378,0.03760215288797655,0.6936850319532718,-0.7202784714566918,0.9274369173848677,0.37397963082453317,0.5594731312473669,0.8288484876093257,0.29253334202332754,0.9562553235431753,1,0,0,0,99,2
1701973980,12,8,4,153,16.5,0.0,81,0,0,0,0,1,0,0,0.8064005807754863,-0.5913696841443247,0.8920116826993705,0.45201234267200896,0.523444198233198,0.8520599575945371,0.2719743024675887,0.9623045145884273,-0.13728708135067327,-0.9905313005121108,-0.9976300167176484,0.06880661119358068,0.6823464621460344,-0.7310289362239981,0.9303303005449188,0.3667226907187513,0.5627065439824068,0.826656727644175,0.29440046905178757,0.9556821458110889,1,0,0,0,99,2
1701974040,12,8,4,154,16.5,0.0,81,0,0,0,0,1,0,0,-0.06192033725605731,-0.9980810948185003,0.9995201585807313,-0.03097503173121646,0.7179745927716441,0.6960693098638897,0.3898273272463786,0.9208879708911095,-0.1988869391248336,-0.9800224412969096,-0.9949930756786476,0.09994388101102124,0.6708413072362862,-0.7416009307609522,0.9331669011385242,0.35944336775008645,0.565931370507906,0.8244523539144292,0.29626647303194026,0.9551053224420931,1,0,0,0,99,2
1701974100,12,8,4,155,16.3,0.0,83,0,0,0,0,1,0,0,-0.8733119827746476,-0.48716134980334147,0.862311240157329,-0.506378638074642,0.8678648045849774,0.49680044380282007,0.5015972269646135,0.8651012784069909,-0.2597101476579314,-0.9656866154211187,-0.9913845407865504,0.13098355732472944,0.6591723760425913,-0.7519918740667114,0.9359465460342037,0.35214210621089365,0.5691475616169792,0.8222354000561195,0.2981313468455477,0.9545248556365935,1,0,0,0,99,2
1701974160,12,8,4,156,16.3,0.0,83,0,0,0,0,1,0,0,-0.8817846188147811,0.47165229356133864,0.5139784559875352,-0.8578030932449878,0.9637953862840878,0.26664293235993725,0.605539869719601,0.7958149698139441,-0.31951919362227366,-0.9475798039779932,-0.9868079357144411,0.16189533041753676,0.6473425173671444,-0.7621992293414946,0.9386690655767598,0.34481935173254513,0.5723550682345072,0.820005899897234,0.299995083378683,0.9539407476088947,1,0,0,0,99,1
1701974220,12,8,4,157,16.3,0.0,83,0,0,0,0,1,0,0,-0.0795485428747221,0.9968309933617175,0.039805820166669656,-0.9992074342602034,0.9998018389311463,0.01990685484696882,0.7000332653356665,0.7141102347841574,-0.378080523973295,-0.9257727136787294,-0.9812677294395066,0.19264901546759924,0.6353546193002774,-0.7722205046059057,0.941334293597632,0.33747555125823137,0.5755538414178853,0.8177638874572022,0.3018576755217579,0.9533530005871913,1,0,0,0,99,1
1701974280,12,8,4,158,16.3,0.0,83,0,0,0,0,1,0,0,0.7958240965274552,0.6055278749869898,-0.4441126687075084,-0.8959709467909631,0.9736454556949781,-0.22806693448309956,0.7836028759783554,0.6212620483809149,-0.43516545796919887,-0.9003505007442698,-0.9747693318791554,0.22321458202336397,0.6232116085153726,-0.782053253309314,0.943942067425039,0.330111153015682,0.5787438323577704,0.8155093969463755,0.30371911616954944,0.9527616168135594,1,0,0,0,99,1
1701974340,12,8,4,159,16.3,0.0,83,0,0,0,0,1,0,0,0.9395197317131483,-0.34249477911590703,-0.8192968873112808,-0.5733695234681091,0.8869525137988248,-0.46186062645125475,0.8549446258241684,0.5187192754991592,-0.49055108016436005,-0.8714124383720832,-0.9673190886083255,0.25356218332779523,0.610916449554358,-0.791695074927145,0.9464922278939074,0.3227266064898082,0.5819249923788253,0.8132424627655053,0.30557939822122726,0.9521665985439484,1,0,0,0,99,1
1701974460,12,8,4,161,16.3,0.0,83,0,0,0,0,1,0,0,-0.702407785577371,-0.7117747556357236,-0.9251418149764185,0.37962168297153187,0.5569462797382114,-0.8305485184417379,0.9566996703359257,0.2910768640396056,-0.5953667508185162,-0.8034540634160753,-0.9495930874369493,0.3134851962883771,0.5858817302628675,-0.8103965684429991,0.9514190896873468,0.30789887264895993,0.5882606256375825,0.8086714019454874,0.3092964581550463,0.9509656676099004,1,0,0,0,99,1
1701974520,12,8,4,162,16.3,0.0,83,0,0,0,0,1,0,0,-0.9784503507933796,0.20648222933781113,-0.6298879942744539,0.7766859820216312,0.33415117684842055,-0.9425194910508831,0.9855251115651197,0.16952950915565845,-0.6443874963266829,-0.7646991268321347,-0.9393346386757316,0.3430020941392817,0.5731482818000584,-0.8194516746395976,0.9537954903016678,0.30045659034243405,0.5914150022013163,0.8063673450551039,0.3111532218577337,0.95035975952665,1,0,0,0,99,1
1701974580,12,8,4,163,16.3,0.0,83,0,0,0,0,1,0,0,-0.35491017584493534,0.9349004048997503,-0.1804156244623088,0.9835904648022342,0.09058017221711874,-0.995889166725453,0.9989717630457462,0.04533670298194944,-0.690891922451714,-0.7229580565226276,-0.9281589455806122,0.3721840562660983,0.5602749074043482,-0.8283067234624195,0.9561136761553041,0.2929959697142441,0.5945603544997581,0.8040509839911409,0.3130087986054538,0.9497502261097759,1,0,0,0,99,1
1701974640,12,8,4,164,16.3,0.0,83,0,0,0,0,1,0,0,0.5949327780232085,0.803775459710974,0.31322878243308516,0.9496776978825432,-0.158622668804709,-0.9873392775238264,0.9968297942787993,-0.07956356727854007,-0.7346984304047954,-0.6783938504738453,-0.9160769210262436,0.40100258697803604,0.5472647499254653,-0.8369595530782943,0.9583735057581397,0.28551746612221973,0.5976966345387016,0.8017223540984184,0.3148631813197452,0.949137069684463,1,0,0,0,99,1
1701974700,12,8,4,165,16.2,0.0,83,0,0,0,0,1,0,0,0.9977972794498907,-0.06633693633562374,0.7301838591531669,0.6832507093535931,-0.397963120556671,-0.9174014141458452,0.979132629970487,-0.2032222746823719,-0.7756359567098382,-0.6311805309567257,-0.9031003629045682,0.429429545468913,0.5341209856067664,-0.8454080510229699,0.9605748411818232,0.2780215360156746,0.6008237944623721,0.7993814909089635,0.31671636292670174,0.9485202925897167,1,0,0,0,99,1
1701974760,12,8,4,166,16.2,0.0,83,0,0,0,0,1,0,0,0.48329156372825655,-0.875459459043705,0.9683644611001854,0.24954011797333814,-0.6125601529754697,-0.7904239741978156,0.9461564284508708,-0.3237097664592346,-0.8135446412026923,-0.5815024649736085,-0.889241942604376,0.45743717329617606,0.5208468233098019,-0.8536501547168418,0.9627175480681864,0.27050863690754695,0.6039417865541566,0.7970284301414683,0.31856833635699866,0.9478998971783541,1,0,0,0,99,1
1701974820,12,8,4,167,16.2,0.0,83,0,0,0,0,1,0,0,-0.47555018687189876,-0.8796885924951523,0.9694556700786149,-0.24526659730265726,-0.78907116196914,-0.6143017998904703,0.8984157723154882,-0.43914587559803503,-0.8482764512816665,-0.5295536443090374,-0.8745151926379088,0.48499812148654897,0.5074455037309183,-0.8616838519685015,0.964801495637445,0.26297922734647544,0.6070505632373322,0.7946632077007452,0.32041909454592027,0.9472758858169951,1,0,0,0,99,1
1701974880,12,8,4,168,16.2,0.0,83,0,0,0,0,1,0,0,-0.9971732887740798,-0.07513609089835323,0.7331903200732922,-0.6800234955873388,-0.9165215479156338,-0.39998531498835127,0.836655638536056,-0.5477292602242684,-0.8796957599716702,-0.47553692799599256,-0.858934493426592,0.5120854772418407,0.4939202986100892,-0.8695071814659844,0.9668265566961802,0.2554337668888117,0.6101500770757914,0.7922858596771786,0.3222686304333866,0.9466482608860534,1,0,0,0,99,1
1701974940,12,8,4,169,16.2,0.0,83,0,0,0,0,1,0,0,-0.6019998676776046,0.7984961861625556,0.31741440880766936,-0.9482869255037094,-0.9869870631127111,-0.16079968049764676,0.7618397733439909,-0.6477655129374955,-0.907679875544648,-0.4196632501557079,-0.8425150592587969,0.538672790218836,0.4802745099321658,-0.8771182332555959,0.9687926076451028,0.24787271607057126,0.6132402807747664,0.7898964223461742,0.3241169369639805,0.9460170247797273,1,0,0,0,99,1
1701975060,12,8,4,171,16.2,0.0,83,0,0,0,0,1,0,0,0.9765908679435658,0.21510526876214117,-0.6264561960895026,-0.7794566276458689,-0.943254108829076,0.33207180876591375,0.5778962671769416,-0.8161102280837784,-0.9529192589311485,-0.3032241513437061,-0.8072249226032686,0.5902439532330229,0.45263453622485383,-0.8916961234728519,0.9725472028320404,0.23270569022603224,0.6193925692862192,0.7850814257852596,0.32780983375635664,0.944743728686584,1,0,0,0,99,1
1701975120,12,8,4,172,16.2,0.0,83,0,0,0,0,1,0,0,0.7086591401823227,-0.7055510066862999,-0.9234584470040598,-0.38369844494974187,-0.8317747426285983,0.5551133015206257,0.47163900309419615,-0.8817917275413242,-0.9699978679206785,-0.24311342256103,-0.7883886803350966,0.6151774449047079,0.4386470990986331,-0.898659402917676,0.9743355179089173,0.22510064091681745,0.6224545602223437,0.7826559400262728,0.32965440993086015,0.9441016735570044,1,0,0,0,99,1
1701975180,12,8,4,173,16.2,0.0,83,0,0,0,0,1,0,0,-0.2108105329134813,-0.9775269404025313,-0.9943658633527529,0.10600249902117563,-0.6685796515669709,0.7436405378343678,0.3580219701119138,-0.9337131620134654,-0.983288655994125,-0.18205334106592852,-0.7687825898997481,0.6395102262411726,0.4245525725742499,-0.9054032875578629,0.9760643645676915,0.2174818526246926,0.62550705326771,0.7802185119005741,0.3314977285739873,0.943456016966497,1,0,0,0,99,1
1701975240,12,8,4,174,16.2,0.0,83,0,0,0,0,1,0,0,-0.9364619742512132,-0.3507691132091307,-0.8218178366308225,0.5697503342653119,-0.4638155159838274,0.8859318072699817,0.23881812402958275,-0.9710643148808378,-0.9927397229084867,-0.1202823451699422,-0.7484257963118128,0.6632185366943757,0.41035439762821135,-0.9119261309706986,0.9777336372884741,0.20984979036122642,0.6285500018450296,0.7777691786003179,0.33333978265403763,0.9428067613780455,1,0,0,0,99,1
1701975300,12,8,4,175,16.2,0.0,83,0,0,0,0,1,0,0,-0.8011345951780408,0.5984842190140996,-0.44806014160260915,0.8940034169437217,-0.23021357807075407,0.9731401278705245,0.11588760099655933,-0.9932623338953623,-0.9983141624497176,-0.058041649290133286,-0.7273381776347689,0.6862792255014961,0.3960560405413001,-0.9182263406975145,0.9793432341874616,0.2022049199481623,0.6315833595226515,0.7753079774993168,0.3351805651441348,0.9421539092683628,1,0,0,0,99,1
1701975360,12,8,4,176,16.2,0.0,83,0,0,0,0,1,0,0,0.07075223608034517,0.9974939203271522,0.03539830273366068,0.9993732836951247,0.017701925105413577,0.9998433086476912,-0.008851309290403876,-0.9999608263946371,-0.9999902065507035,0.004425697988050785,-0.7055403255703919,0.70866977429126,0.3816609920523317,-0.9243023786324636,0.9808930570231557,0.19454770798898718,0.6346070800152693,0.7728349461524715,0.33702006902225307,0.9414974631278811,1,0,0,0,99,1
1701975420,12,8,4,177,16.2,0.0,83,0,0,0,0,1,0,0,0.8775897877771157,0.47941231147032193,0.5101900080017631,0.8600617162362019,0.2645168083164075,0.9643810751555119,-0.13345209785628734,-0.9910552646435797,-0.9977613102950975,0.06687576301030233,-0.6830535253513071,0.7303683190727478,0.3671727665059408,-0.9301527613980265,0.9823830112023585,0.1868786218404523,0.6376211171846285,0.7703501222951977,0.3388582872712443,0.9408374254607429,1,0,0,0,99,1
1701975480,12,8,4,178,16.2,0.0,83,0,0,0,0,1,0,0,0.8775753358042688,-0.4794387656291727,0.8600694058124533,0.5101770449416689,0.4948853175526281,0.8689582973139933,-0.25597041106933305,-0.9666846169547733,-0.9916361774750792,0.12906467960915324,-0.6598997349563215,0.7513536715852107,0.3525949009946041,-0.9357760607071574,0.9838130057859464,0.17919812958404827,0.6406254250402305,0.7678535438428503,0.3406952128788645,0.9401737987847912,1,0,0,0,99,1
1701975540,12,8,4,179,16.2,0.0,83,0,0,0,0,1,0,0,0.07072216723899125,-0.9974960526543551,0.9993738171110836,0.03538323999893738,0.6944842546815092,0.7195079012766077,-0.374494391629162,-0.9272291791344273,-0.9816387266032314,0.19074960139614014,-0.6361015636688295,0.7716053399880473,0.33793095449511035,-0.9411709037119792,0.9851829534944205,0.17150669999743565,0.6436199577400332,0.7653452488901449,0.34253083883780094,0.9395065856315603,1,0,0,0,99,1
1701975660,12,8,4,181,16.2,0.0,83,0,0,0,0,1,0,0,-0.936451400117644,0.3507973420904214,0.5697379476169631,-0.8218264239151785,0.9544177345154423,0.29847409944986975,-0.5922524379646446,-0.8057524742282427,-0.9501979989002931,0.31164685605004694,-0.5866656389929246,0.8098292585632008,0.3083591586419959,-0.9512700086103841,0.987742377497894,0.15609290725336597,0.6495795150505572,0.7602936627558348,0.3461981638051863,0.9381614100877936,1,0,0,0,99,1
1701975720,12,8,4,182,16.2,0.0,83,0,0,0,0,1,0,0,-0.21078106590019152,0.9775332947055968,0.10598751175115685,-0.9943674609282015,0.9985908724117705,0.05306853621402457,-0.688088462258297,-0.7256268104935293,-0.9288774974380447,0.37038708772476847,-0.5610761589460167,0.8277641837276992,0.2934585288182137,-0.9559718049523478,0.9889316975788438,0.1483714848743724,0.652544448725766,0.7577504486552193,0.34802984882390525,0.9374834528286937,1,0,0,0,99,1
1701975780,12,8,4,183,16.2,0.0,83,0,0,0,0,1,0,0,0.7086804082392084,0.705529644294206,-0.38371236343503057,-0.9234526637284138,0.9806764664578257,-0.19563657157033057,-0.7731870962355524,-0.6341779830732337,-0.9039297492264633,0.42768096574828196,-0.5349387975515134,0.8448908112141716,0.27848625530340665,-0.9604402144886925,0.9900606583661156,0.14064100666467697,0.6554994253755387,0.7551956722150481,0.3498602062145335,0.9368019193551667,1,0,0,0,99,1
1701975840,12,8,4,184,16.2,0.0,83,0,0,0,0,1,0,0,0.9765843832906294,-0.21513470736462095,-0.7794660696158047,-0.626444447910339,0.9017883476488092,-0.4321779448847783,-0.8462204041751706,-0.5328330203333975,-0.8754521746884285,0.4833047587530059,-0.5082790774992584,0.8611924171615208,0.26344599336342084,-0.9646741463213163,0.9911291909537616,0.13290194445282522,0.6584443999105676,0.7526293724180665,0.3516892289948141,0.9361168122670553,1,0,0,0,99,1
1701975900,12,8,4,185,16.1,0.0,83,0,0,0,0,1,0,0,0.346621180094276,-0.9380052012169503,-0.9843792971250844,-0.17606078322989716,0.7668313971238714,-0.6418485868061496,-0.9060487257333762,-0.4231733765218757,-0.8435559781430856,0.537041257017617,-0.4811230315534598,0.876653083328182,0.2483414148625013,-0.9686725667964852,0.9921372301240603,0.12515477059128596,0.6613793273941642,0.7500515884228517,0.3535169101875809,0.9354281341778351,1,0,0,0,99,1
1701975960,12,8,4,186,16.1,0.0,83,0,0,0,0,1,0,0,-0.6020239375552833,-0.7984780389030324,-0.9482821412699473,0.31742870151970165,0.5841965844132856,-0.8116121923430246,-0.9517384599623535,-0.3069102537037296,-0.808365713555359,0.5886806206663637,-0.45349717713213844,0.8912577126360152,0.23317620736685893,-0.9724344997571855,0.9930847143514961,0.1173999579276213,0.6643041630429463,0.7474623595632162,0.3553432428207858,0.9347358877146036,1,0,0,0,99,1
1701976020,12,8,4,187,16.1,0.0,83,0,0,0,0,1,0,0,-0.997171023392149,0.07516615000819327,-0.6800124447360528,0.7332005694242856,0.365239257594056,-0.9309136827397816,-0.9825766338407864,-0.18585789902532845,-0.7700187981553854,0.6380211990892903,-0.4254284904133183,0.9049920439123458,0.21795407324440425,-0.9759590267814386,0.9939715858065156,0.10963797977562646,0.6672188622275204,0.7448617253476065,0.3571682199275248,0.9340400755180708,1,0,0,0,99,1
1701976080,12,8,4,188,16.1,0.0,83,0,0,0,0,1,0,0,-0.47552366901205834,0.879702927248347,-0.24525198546765434,0.9694593666699876,0.123573122745224,-0.9923354691509287,-0.9980820279793963,-0.061905293994420546,-0.72866497582717,0.6848703183835534,-0.39694437999324705,0.9178426658157577,0.20267872876086712,-0.9792452874065205,0.9947977903590559,0.10186930988644112,0.6701233804731629,0.7422497254585013,0.35899183454606504,0.9333407002425484,1,0,0,0,99,1
1701976140,12,8,4,189,16.1,0.0,83,0,0,0,0,1,0,0,0.48331795366796265,0.8754448901342752,0.24955471330524379,0.9683606998774462,-0.1257761903592125,-0.9920586423890088,-0.9980126858885634,0.06301332244450873,-0.6844657323619245,0.7290450337408892,-0.36807266012236683,0.9297970299320409,0.1873539031725241,-0.982292479339031,0.9955632775818498,0.09409442241963412,0.673017673460499,0.7396263997518051,0.360814079719871,0.9326377645559408,1,0,0,0,99,1
1701976260,12,8,4,191,16.1,0.0,83,0,0,0,0,1,0,0,0.594908548461427,-0.8037933932096717,0.9496824188142243,0.31321446868745406,-0.5859972403145539,-0.8103130471266812,-0.9513971429236797,0.3079666807248138,-0.588231807740446,0.8086923644763854,-0.30927951397046544,0.9509711784476923,0.15657078519364281,-0.98766673996032,0.9969119168613444,0.07852789325991148,0.6787754071635509,0.734345931172738,0.3644544339332847,0.9312212226889854,1,0,0,0,99,1
1701976320,12,8,4,192,16.1,0.0,83,0,0,0,0,1,0,0,-0.3549383576518463,-0.9348897059372352,0.9835877454343449,-0.18043044929108396,-0.7682546613236668,-0.6401443394691997,-0.9055783620066239,0.424179007336997,-0.5365729180004349,0.8438539587324921,-0.27941549819892586,0.960170286650366,0.1411200080598672,-0.9899924966004454,0.9974949866040544,0.0707372016677029,0.6816387600233341,0.7316888688738209,0.36627252908604757,0.9305076219123143,1,0,0,0,99,1
1701976380,12,8,4,193,16.1,0.0,83,0,0,0,0,1,0,0,-0.9784565746221131,-0.20645273449087873,0.7766764881502719,-0.629899700551255,-0.9027457284726566,-0.43017455727224563,-0.8456283336289784,0.5337721624100279,-0.482818722498399,0.8757203213383905,-0.2492786379351523,0.9684318048624773,0.12563477850006885,-0.9920765607710116,0.9980171743940611,0.06294219264129754,0.6844917119142869,0.7290206419029908,0.36808922702043945,0.9297904715318905,1,0,0,0,99,3
1701976440,12,8,4,194,16.1,0.0,83,0,0,0,0,1,0,0,-0.7023863292684922,0.711795928940826,0.3796077390275217,-0.9251475365964139,-0.981108438603097,-0.1934586046207122,-0.7724825579327705,0.6350359814133715,-0.42717913021742326,0.904167014830051,-0.2188983613117615,0.9757476658516921,0.11011887701095537,-0.9939184236776407,0.9984784483597131,0.055143341947869365,0.6873342193038735,0.7263412909741086,0.3699045208063098,0.929069774283425,1,0,0,0,99,3
1701976500,12,8,4,195,16.1,0.0,84,0,0,0,0,1,0,0,0.21945466799406363,0.9756226979194443,-0.11040222389190282,-0.9938869900344416,-0.9984705779426957,0.05528566706461281,-0.6872824502835014,0.7263902763200416,-0.36987141257466655,0.9290829554781537,-0.18830433415331466,0.9821107258039069,0.09457609157734605,-0.9955176356559202,0.9988787803472252,0.04734112558906797,0.6901662388189284,0.7236508569707729,0.37171840351886476,0.9283455329161585,1,0,0,0,99,3
1701976560,12,8,4,196,16.1,0.0,84,0,0,0,0,1,0,0,0.9395300555699313,0.3424664577455166,-0.5733818719904229,-0.8192882452914593,-0.9537526527594719,0.3005925437436371,-0.5913575298651244,0.8064094939122546,-0.3111193549811273,0.9503708470676735,-0.157526431008143,0.987514771299061,0.07901021674738969,-0.9968738062811815,0.999218145922396,0.03953601977196579,0.692987727246318,0.7209493809456964,0.37353086823869297,0.9276177501928519,1,0,0,0,99,3
1701976620,12,8,4,197,16.1,0.0,84,0,0,0,0,1,0,0,0.7958058429196471,-0.6055518643146514,-0.8959776404338033,-0.44409916442465225,-0.8497350070535673,0.5272100319490078,-0.486204672977848,0.873844961062604,-0.2511523829644027,0.9679475608375188,-0.1265947059763584,0.9919545253784365,0.06342505270618003,-0.9979866044638166,0.9994965243721002,0.03172850087999289,0.6957986415336003,0.7182369041200796,0.3753419080517924,0.9268864288897749,1,0,0,0,99,3
1701976680,12,8,4,198,16.1,0.0,84,0,0,0,0,1,0,0,-0.07957859166428352,-0.9968285949694307,-0.9992068341863537,0.0398208803931389,-0.6928849542336957,0.7210481538680822,-0.3734647547841147,0.9276443698605846,-0.19020466626691288,0.9817444600965631,-0.0955393633625346,0.9954256526975189,0.04782440434799511,-0.998855758530109,0.9997138987055519,0.023919045443861007,0.6985989387896817,0.7155134678829815,0.37715151604959674,0.9261515717966962,1,0,0,0,99,3
1701976740,12,8,4,199,16.1,0.0,84,0,0,0,0,1,0,0,-0.8817988360675502,-0.47162571251991114,-0.857795346373455,0.5139913848889341,-0.49295467089331135,0.8700549939196184,-0.2548970440004961,0.9669681985255819,-0.12851420441806832,0.9917076682484567,-0.06439072818171633,0.997924763759387,0.03221208034738687,-0.9994810562885589,0.9998702556553423,0.016108130112478542,0.7013885762854716,0.7127791137906885,0.3789596853290014,0.9254131817168719,1,0,0,0,99,3
1701976860,12,8,4,201,16.1,0.0,84,0,0,0,0,1,0,0,-0.06189025071872073,0.9980829609135574,-0.030959966783271346,0.9995206253283515,-0.015481838903188173,0.9998801491499747,-0.00774115140096295,0.9999700368385982,-0.003870604694478365,0.9999925091815933,-0.0019353059714989746,0.9999981272936448,0.0009676534387822795,-0.9999995318233016,0.9999998829558185,0.0004838267760202487,0.7069357018937364,0.7072778190979907,0.3825716801476615,0.9239258138773888,1,0,0,0,99,3
1701976920,12,8,4,202,16.1,0.0,84,0,0,0,0,1,0,0,0.8064184068658303,0.591345375451585,0.45202578717835057,0.8920048697881602,0.23237376165548454,0.9726265649744922,0.11699024537436405,0.9931330638374931,0.05859580259074419,0.9982817898362899,0.029310494397997367,0.999570355161729,-0.014656821590492326,-0.9998925830212285,0.9999731453947223,-0.007328607602110553,0.7096931053638997,0.7045109624405745,0.3843754919082546,0.9231768417915862,1,0,0,0,99,3
1701976980,12,8,4,203,16.1,0.0,84,0,0,0,0,1,0,0,0.9333097001669604,-0.35907242107165305,0.82433986348825,0.5660952123664124,0.46578148719844353,0.8848997718291073,0.23989604849902457,0.9707985815371557,0.12083339452081168,0.9926728014651041,0.060527673567121146,0.9981665195409792,-0.030277718366983942,-0.9995415247854836,0.9998853746268829,-0.015140594679806359,0.712439679790439,0.7017333558126596,0.38617783739317585,0.9224243480667289,1,0,0,0,99,3
1701977040,12,8,4,204,16.1,0.0,84,0,0,0,0,1,0,0,0.2021203593127912,-0.9793606896089245,0.9948267913584063,0.10158570369662134,0.6702291758433747,0.7421541968137826,0.3590583540221683,0.933315112063922,0.182599134631134,0.9831874470475918,0.09168574849017776,0.9957879912530557,-0.045891223272779696,-0.9989464428219001,0.9997365760093756,-0.022951657653640416,0.7151753832640076,0.6989450415971057,0.38797870972702503,0.9216683355733519,1,0,0,0,99,3
1701977100,12,8,4,205,16.2,0.0,85,0,0,0,0,1,0,0,-0.7148975077677644,-0.6992292566729738,0.9217454249067293,-0.3877955281633778,0.833005260536624,0.5532650684060137,0.4726176740209713,0.8812675724222507,0.24365182902837945,0.9698627666897649,0.12275429383576587,0.9924370928904676,-0.06149352449458594,-0.998107482411205,0.9995267586241013,-0.030761319776588504,0.7179001740411366,0.696146062340157,0.3897781020400216,0.9209088071954131,1,0,0,0,99,3
1701977160,12,8,4,206,16.2,0.0,85,0,0,0,0,1,0,0,-0.97464190312541,0.22377033018717848,0.6229886314423488,-0.7822308898871159,0.9439891127251193,0.32997659774057014,0.5788019532877502,0.8154681470604999,0.3037530682474665,0.95275079298327,0.15370297169659722,0.9881170965485999,-0.07708081295432778,-0.9970248483735498,0.9992559352772317,-0.03856910438712712,0.7206140105448711,0.6933364607507934,0.3915760074680308,0.9201457658302823,1,0,0,0,99,3
1701977220,12,8,4,207,16.2,0.0,85,0,0,0,0,1,0,0,-0.3383050275409778,0.9410365074429887,0.17170249351277814,-0.9851488485104646,0.9962802940213323,0.08617178044329644,0.6759542216587983,0.7369436140042521,0.36266815823542314,0.9319183478192314,0.18450156121394817,0.9828322206305692,-0.09264928323908087,-0.9956988050185078,0.9989241224984278,-0.04637453493832645,0.7233168513654049,0.6905162797000783,0.39337241915258986,0.9193792143887304,1,0,0,0,99,3
1701977280,12,8,4,208,16.2,0.0,85,0,0,0,0,1,0,0,0.6090679301910603,0.7931180595679168,-0.32162240316253093,-0.9468680107512125,0.9866275920404853,-0.16299078079570548,0.7625584504796027,0.6469193223286404,0.4201670368266409,0.9074467814501962,0.21511998808781552,0.9765876257280235,-0.10819513453010837,-0.9941296760805463,0.9985313405398316,-0.05417713502693632,0.7260086552607126,0.6876855622205048,0.39516733024093426,0.9186091557949183,1,0,0,0,99,3
1701977340,12,8,4,209,16.2,0.0,85,0,0,0,0,1,0,0,0.9964666417661079,-0.08398947462256867,-0.7362029185702026,-0.6767608607837156,0.9156311650396451,-0.40201936471784816,0.837263209724949,0.5468000709958585,0.4760251721307086,0.879431654819139,0.24552835394396,0.9693894095819128,-0.12371457153077643,-0.9923178446399905,0.9980776133748294,-0.061976428422463405,0.7286893811571785,0.684844351505339,0.39696073388602365,0.9178355929863853,1,0,0,0,99,3
1701977460,12,8,4,211,16.2,0.0,85,0,0,0,0,1,0,0,-0.491047853850463,-0.8711325991081119,-0.9672467624934477,0.2538379413049674,0.6108035931029845,-0.7917821484805551,0.9465152266288576,0.3226591479560474,0.5819539724256346,0.813221724979125,0.3055963637061761,0.9521611536339647,-0.15465905464284221,-0.9879679027260867,0.9969874379163678,-0.07756319125046778,0.7340174355049299,0.6791306239412018,0.4005429914870551,0.916277966542141,1,0,0,0,99,2
1701977520,12,8,4,212,16.2,0.0,85,0,0,0,0,1,0,0,-0.9983470937967718,-0.057472430847665464,-0.7271425000808527,0.6864865509069841,0.39592515018183416,-0.9182827862121189,0.979357643103917,0.20213512038718198,0.6316109877182386,0.775285470129288,0.33519735222008545,0.9421479369316923,-0.1700765461024943,-0.9854308542286699,0.9963510561615996,-0.08534970934727917,0.7366646826566614,0.6762581942766833,0.4023318317777731,0.9154939088483012,1,0,0,0,99,2
1701977580,12,8,4,213,16.2,0.0,85,0,0,0,0,1,0,0,-0.5877706198198406,0.8090276252864301,-0.30900839366720273,0.9510593107915064,0.15642999905467883,-0.9876890479274097,0.9969175111129831,0.07845684187051573,0.6788015756204033,0.7343217421098587,0.3644710262079424,0.9312147287575134,-0.1854525158126556,-0.9826532269212557,0.9956538622737461,-0.09313101813774066,0.7393006892116836,0.6733754457441478,0.4041191372948405,0.9147063588234609,1,0,0,0,99,2
1701977640,12,8,4,214,16.2,0.0,85,0,0,0,0,1,0,0,0.36319945137636067,0.9317114137542325,0.18478174456066745,0.9827795820412206,-0.09279121175730869,-0.9956855884367365,0.9989208147888241,-0.046445729422969886,0.7233414578962587,0.6904905034021214,0.39338880042387997,0.9193722052036709,-0.20078320995084364,-0.9796356989217142,0.9948958988059289,-0.10090664269087,0.7419254149477796,0.6704824223307908,0.4059049012202299,0.9139153194718838,1,0,0,0,99,2
1701977700,12,8,4,215,16.3,0.0,85,0,0,0,0,1,0,0,0.9802456219572225,0.19778402522372224,0.6333308672314487,0.7738811359710619,-0.3362431144491573,-0.9417752215818438,0.9853362932476007,-0.17062353064298638,0.7650567072586797,0.6439629140552325,0.4219224371521189,0.906631930293444,-0.21606488574795768,-0.9763790069162293,0.9940772120203313,-0.10867610842262153,0.7445388198148641,0.6675791681805906,0.4076891167417947,0.9131207938111449,1,0,0,0,99,2
1701977760,12,8,4,216,16.3,0.0,85,0,0,0,0,1,0,0,0.6960584883449115,-0.7179850839697136,0.926818505417785,0.3755095977670121,-0.5587890488516163,-0.8293098328631502,0.956375928404503,-0.2921388087338362,0.8037844265516209,0.594920663309892,0.4500440737806176,0.8930063446890767,-0.23129381240202182,-0.9728839459794464,0.9931978518853749,-0.11643894112485227,0.7471408639355942,0.6646657275936332,0.40947177705329507,0.9123227848721178,1,0,0,0,99,2
1701977820,12,8,4,217,16.3,0.0,85,0,0,0,0,1,0,0,-0.22808160941352784,-0.9736420181192547,0.9933886495524434,-0.1147997863254662,-0.7465921866472573,-0.665281975433926,0.9124916370668626,-0.4090953584227484,0.8393733848600241,0.5435552601057465,0.4777262500084402,0.8785087535436817,-0.24646627198900695,-0.9691513693803672,0.9922578720726702,-0.1241946669942652,0.749731507605978,0.6617421450254377,0.4112528753544237,0.9115212956989643,1,0,0,0,99,2
1701977880,12,8,4,218,16.3,0.0,85,0,0,0,0,1,0,0,-0.9425245273294025,-0.33413697099017103,0.8167426066363169,-0.577002178942952,-0.8879758383376634,-0.4598901070131037,0.8543682189235223,-0.5196681118689583,0.8716846080633058,0.49006728524307847,0.5049419346602744,0.8631533135089845,-0.26157856037050853,-0.9651821883740356,0.99125732995374,-0.13194281266132774,0.7523107112959804,0.6588084650862769,0.413032404850832,0.9107163293491221,1,0,0,0,99,2
1701977940,12,8,4,219,16.3,0.0,85,0,0,0,0,1,0,0,-0.7904147414931815,0.6125720663156844,0.44012948872139646,-0.8979343145007,-0.9741494532413135,-0.22590449917974179,0.7829126704747286,-0.6221316182369524,0.9005919215263238,0.4346656081190733,0.531664552081915,0.8469550189115929,-0.2766269880980588,-0.9609773719790682,0.9901962865965183,-0.1396829052191638,0.7548784356501264,0.6558647325404974,0.4148103587541557,0.9099078888932927,1,0,0,0,99,2
1701978060,12,8,4,221,16.3,0.0,85,0,0,0,0,1,0,0,0.8859387978787574,0.4638021630104179,-0.5177826942789717,-0.855512174960245,-0.9632009590319782,0.2687822771684872,0.6046559860083719,-0.7964867472747074,0.9477570224679708,0.31899314469537793,0.5835267154572368,0.8120939430556596,-0.3065175826476683,-0.9518649964820798,0.9878929588984021,-0.1551370418660872,0.7599792898053496,0.6499472894527343,0.41836151265817084,0.9082805980127326,1,0,0,0,99,2
1701978120,12,8,4,222,16.3,0.0,85,0,0,0,0,1,0,0,0.8689508382163492,-0.49489841458940237,-0.8645514486106083,-0.5025443191453852,-0.8667595742607592,0.49872621790648564,0.500636485932415,-0.8656576164704166,0.9658306312367652,0.2591740568899436,0.608615618888497,0.7934652030460894,-0.3213524521097596,-0.9469596620358465,0.9866508151407586,-0.1628501427143272,0.7625123417736683,0.6469736692036518,0.4201346991122895,0.9074617537956219,1,0,0,0,99,2
1701978180,12,8,4,223,16.3,0.0,85,0,0,0,0,1,0,0,0.05305348526993529,-0.9985916721566993,-0.9996478560364893,-0.026536087157875483,-0.7164272772437812,0.6976617779562402,0.38880472093569013,-0.9213201880877897,0.980132692059547,0.19834289993873028,0.6331102194962855,0.7740616577310655,-0.3361088679795094,-0.9418231409694353,0.9853484513027448,-0.17055330402921653,0.765033758741801,0.643990176932375,0.4219062828802298,0.9066394478877409,1,0,0,0,99,2
1701978240,12,8,4,224,16.3,0.0,85,0,0,0,0,1,0,0,-0.8116209973649744,-0.5841843515845697,-0.8899956043668333,0.4559691044442761,-0.5215510020869119,0.8532201077225842,0.27090578830786904,-0.9626058663135666,0.9906073556948704,0.1367372182078336,0.6569865987187891,0.7539022543433046,-0.35078322768961984,-0.9364566872907963,0.9839859468739369,-0.17824605564949209,0.7675435022360271,0.6409968581633251,0.42367625720393803,0.9058136834259364,1,0,0,0,99,2
1701978300,12,8,4,225,16.5,0.0,84,0,0,0,0,1,0,0,-0.9300948780045254,0.36731936773024515,-0.562441389066343,0.8268371568000089,-0.2942472117115055,0.9557293436951722,0.14877946146029003,-0.9888704019473866,0.997213718805399,0.0745975805660389,0.6802214416768855,0.7330066781981044,-0.3653719487056276,-0.9308616111426297,0.9825633850145825,-0.18592792804924488,0.7700415339607484,0.6379937585708637,0.42544461533150013,0.9049844635602491,1,0,0,0,99,2
1701978360,12,8,4,226,16.5,0.0,84,0,0,0,0,1,0,0,-0.19344381715900788,0.9811113543339269,-0.09718190589320902,0.9952666362171313,-0.04864855487508726,0.9988159580766447,0.02433148087720227,-0.9997039456950855,0.9999259836845639,0.012166640968536861,0.7027920599407278,0.7113953334709671,-0.37987146940052824,-0.9250392784825321,0.9810808525505256,-0.19359845236657747,0.7725278157990745,0.6349809239785958,0.4272113505171674,0.9041517914539007,1,0,0,0,99,4
1701978420,12,8,4,227,16.5,0.0,84,0,0,0,0,1,0,0,0.7210585970706318,0.6928740863898232,0.39187109718004004,0.9200201319508784,0.19997483347801748,0.9798010338713872,-0.1004961843270998,-0.9949374437298526,0.9987335589960549,-0.05031180910157879,0.724676413684611,0.6890893232732681,-0.3942782499242964,-0.9189911107495187,0.9795384399679061,-0.20125716043222083,0.7750023098134033,0.6319584003586705,0.4289764560213821,0.9033156702832821,1,0,0,0,99,6
1701978480,12,8,4,228,16.5,0.0,84,0,0,0,0,1,0,0,0.9726230624856244,-0.23238842122852268,0.7849803886813105,0.6195206125592099,0.43616475524782494,0.8998668269691937,-0.22375564018679642,-0.9746452757206577,0.9936411011327626,-0.11259379263383548,0.7458531332084875,0.6661104290454266,-0.4085887730680895,-0.9127185845169985,0.9779362414076386,-0.2089035847981091,0.7774649782460008,0.6289262338310793,0.4307399251108032,0.9024761032379415,1,0,0,0,99,9
1701978540,12,8,4,229,16.5,0.0,84,0,0,0,0,1,0,0,0.3299623697323973,-0.9439940860834779,0.98589910388525,0.16734084067633054,0.645236065065984,0.7639832592002035,-0.34352346411838924,-0.939144094162393,0.9846684960336634,-0.17443609981538652,0.766301539805117,0.6424810892876979,-0.42279954512292356,-0.9062232311322905,0.976274354659665,-0.21653725876591012,0.7799157835195766,0.625884470662953,0.4325017510583321,0.901633093520572,1,0,0,0,99,17
1701978600,12,8,4,230,16.5,0.0,84,0,0,0,0,1,0,0,-0.6160642040533645,-0.787695941645058,0.9454353340247703,-0.3258098052199642,0.8141897215084345,0.580598912666927,-0.45793071928681145,-0.8889878831195976,0.9718507815296538,-0.23559723776012562,0.7860016659524729,0.618224377649359,-0.43690709673261263,-0.8995066363427673,0.9745528811569866,-0.2241577164155103,0.7823546882378575,0.6228331572678552,0.4342619271431383,0.9007866443469994,1,0,0,0,99,27
1701978660,12,8,4,231,16.5,0.0,84,0,0,0,0,1,0,0,-0.9956841897581032,0.09280621889587708,0.6734960211850264,-0.7391908477842096,0.9325210045313215,0.36111573782915524,-0.5651921187396569,-0.8249593134904155,0.9552380105215703,-0.295838373533239,0.8049342748116889,0.5933639803976818,-0.4509079837407618,-0.8925704399087172,0.9727719259694734,-0.23176449263345197,0.7847816551861582,0.619772340205074,0.4360204466506852,0.8999367589461701,1,0,0,0,99,30
1701978720,12,8,4,232,16.5,0.0,84,0,0,0,0,1,0,0,-0.4598767232321427,0.8879827697817494,0.23666139336428604,-0.9715921906288022,0.9928726480845371,0.11918013544881928,-0.6636338842129675,-0.7480575296890004,0.934895055524683,-0.354924266788705,0.8230808790115055,0.5679241732886948,-0.46479878803160896,-0.8854163352030204,0.9709315977974505,-0.2393571231413216,0.7871966473319489,0.616702066178912,0.4377773028727551,0.8990834405601384,1,0,0,0,99,36
1701978780,12,8,4,233,16.5,0.0,84,0,0,0,0,1,0,0,0.4987392818032813,0.8667520572726362,-0.2581161974066756,-0.9661138797451976,0.9914922792803779,-0.13016551051411895,-0.7517198648812332,-0.6594825583311059,0.9109013553429114,-0.41262418837781073,0.8404237587008743,0.5419297978623197,-0.47857611836450864,-0.8780460687977367,0.9690320089650643,-0.2469351445240868,0.789599627825421,0.6136223820379734,0.4395324891074758,0.8982266924440548,1,0,0,0,99,43
1701978840,12,8,4,234,16.5,0.0,84,0,0,0,0,1,0,0,0.9988166912028082,0.048633500538969116,-0.689697940935389,-0.7240971967004738,0.9284657227653786,-0.37141809547969407,-0.8280755084772445,-0.5606165822201061,0.8833506048619953,-0.4687128213415406,0.8569459788520921,0.5154062371850283,-0.49223661120185463,-0.8704614400377044,0.967073275413426,-0.254498094258381,0.7919905600000485,0.610533334774449,0.44128599865934504,0.897366517866153,1,0,0,0,99,43
1701978900,12,8,4,235,16.5,0.0,84,0,0,0,0,1,0,0,0.5805866409896446,-0.8141984723053474,-0.9524175744665119,-0.3047962661308802,0.8077116645594764,-0.5895777022026527,-0.8915093107204918,-0.4530023718466313,0.8523503891729713,-0.5229711407684791,0.8726314057975678,0.4883793910637103,-0.5057769315302397,-0.8626643006012565,0.9650555166935363,-0.2620455107407332,0.7943694073731481,0.6074349715233996,0.44303782483925697,0.8965029201077372,1,0,0,0,99,43
1701978960,12,8,4,236,16.5,0.0,84,0,0,0,0,1,0,0,-0.37143208943692263,-0.9284601245807608,-0.9819521690440836,0.1891294205289584,0.6367380071391379,-0.7710802229758452,-0.9410314083429535,-0.3383192109710552,0.8180217634546941,-0.5751872690824027,0.8874647229840752,0.46087565075494996,-0.5191937736746512,-0.8546565540481598,0.9629788559589872,-0.26957693331574223,0.7967361336464357,0.6043273395620364,0.4447879609645272,0.8956359024631707,1,0,0,0,99,43
1701979020,12,8,4,237,16.5,0.0,84,0,0,0,0,1,0,0,-0.9819578697820255,-0.18909982012986337,-0.7710706258605184,0.6367496289241701,0.42617506442530745,-0.9046407101507675,-0.9758690255743256,-0.21835669196206517,0.7804987802559544,-0.6251573034196812,0.9014314459291071,0.43292187319441294,-0.5324838621055041,-0.8464401553548877,0.9608434199584467,-0.27709190230419245,0.7990907027065802,0.6012104863089995,0.44653640035891834,0.8947654682398621,1,0,0,0,99,43
1701979080,12,8,4,238,16.5,0.0,84,0,0,0,0,1,0,0,-0.6896761131802671,0.7241179868699296,-0.3714041014380902,0.9284713207390763,0.18911462035089152,-0.9819550195245901,-0.9954785330494551,-0.09498678980629327,0.7399279660231438,-0.6726861118655962,0.9145179363647266,0.40454535477150383,-0.5456439522383145,-0.8380171104373418,0.9586493390279216,-0.2845899590311104,0.8014330786257547,0.598084459323635,0.44828313635266553,0.8938916207582536,1,0,0,0,99,43
1701979140,12,8,4,239,16.5,0.0,84,0,0,0,0,1,0,0,0.2366906812750767,0.9715850561826999,0.11919510018725629,0.9928708516677031,-0.05970405485516448,-0.9982161218062207,-0.9995539309627621,0.029865349435251595,0.696467748917618,-0.7175880954402921,0.9267114155551047,0.3757738046749054,-0.5586708312258188,-0.8293894756611352,0.9563967470828033,-0.29207064585375986,0.8037632256621846,0.5949493063052683,0.45002816228250186,0.8930143633518076,1,0,0,0,99,43
1701979260,12,8,4,241,16.5,0.0,84,0,0,0,0,1,0,0,0.7849617132764033,-0.6195442750039529,0.8998734008192355,0.4361511922464772,-0.5309655392553846,-0.8473934128391833,-0.9610914141847234,0.2762305080551537,0.6015685712970908,-0.7988211652351087,0.9483725969351678,0.3171583474897762,-0.5843122677602378,-0.8115289112193651,0.9517165836580145,-0.3069780845440232,0.8083866910532431,0.5886518136623622,0.45351305733001657,0.8912496321632796,1,0,0,0,99,43
1701979320,12,8,4,242,16.5,0.0,84,0,0,0,0,1,0,0,-0.09721190751822432,-0.9952637062792294,0.9988152247235795,-0.04866360920015389,-0.7241075918674496,-0.6896870271361664,-0.9191536942035773,0.3938990815322077,0.5505001900398365,-0.8348350380560844,0.9578191473488313,0.28737167740046654,-0.5969205653181726,-0.8023003419544537,0.949289297831397,-0.3144039265384152,0.8106799388594784,0.5854895701298123,0.4552529131538796,0.8903621651131107,1,0,0,0,99,43
1701979380,12,8,4,243,16.5,0.0,84,0,0,0,0,1,0,0,-0.8900093488562771,-0.4559422758951242,0.8532122467168191,-0.5215638619118831,-0.8722281415753229,-0.4890992425306529,-0.8628728882432953,0.5054209915849098,0.4972821173212898,-0.8675888979190864,0.9663304036195608,0.257304393744951,-0.6093831332811276,-0.7928759025676563,0.9468040722788575,-0.3218105789376289,0.8129608166872586,0.5823183927467734,0.4569910323262517,0.8894713016019048,1,0,0,0,99,43
1701979440,12,8,4,244,16.5,0.0,84,0,0,0,0,1,0,0,-0.8645362993442719,0.5025703802614231,0.4987131538963941,-0.8667670910519801,-0.9661177700083929,-0.25810163593826746,-0.7931272394572851,0.6090559761063561,0.4421221685765394,-0.8969548417022889,0.9738980546500462,0.2269858567154693,-0.621696929091873,-0.7832578939006837,0.9442610586857545,-0.3291975896777772,0.8152292897331944,0.579138329901511,0.4587274082167366,0.8885770450280356,1,0,0,0,99,43
1701979500,12,8,4,245,16.3,0.0,85,0,0,0,0,1,0,0,-0.04421256322855966,0.9990221465276736,0.0221116877728314,-0.9997555067434422,-0.9999388748177166,-0.011056519718198895,-0.7110051053678162,0.7031868458247073,0.3852357422249997,-0.9228181960236553,0.9805147107574815,0.19644567184891684,-0.6338589465137663,-0.7734486640524104,0.9416604122645303,-0.33656450789379855,0.8174853233831781,0.5759494301178713,0.46046203420158793,0.8876793988028199,1,0,0,0,99,43
1701979560,12,8,4,246,16.3,0.0,85,0,0,0,0,1,0,0,0.8167599996228085,0.5769775585030581,-0.45990349068959124,-0.8879689066918555,-0.9715886235161092,0.23667603734656428,-0.617787974410896,0.7863447200008926,0.3268449785441926,-0.9450779650380419,0.9861739108894643,0.16571366111754054,-0.6458662163646817,-0.7634506078056198,0.9390022917452384,-0.3439108839469756,0.8197288832129119,0.5727517420545416,0.4621949036637349,0.8867783663505052,1,0,0,0,99,43
1701979620,12,8,4,247,16.3,0.0,85,0,0,0,0,1,0,0,0.9268071855026884,-0.3755375359409301,-0.8293182549362247,-0.5587765492838215,-0.8828296974172939,0.4696932247308761,-0.5149304687378307,0.8572319478212639,0.2671778922167178,-0.9636472248238107,0.9908701289331036,0.13481983380828896,-0.6577158072418934,-0.7532661660423522,0.9362868593658549,-0.3512362694523786,0.8219599349884332,0.5695453145043077,0.46392600999280714,0.8858739511082566,1,0,0,0,99,43
1701979680,12,8,4,248,16.3,0.0,85,0,0,0,0,1,0,0,0.184752119221718,-0.982785151720906,-0.9956869868891794,-0.09277620459766088,-0.7391806966492228,0.6735071623235863,-0.404037645323065,0.9147423578045313,0.2064674819377966,-0.9784534628188842,0.9945987791111761,0.10379435721925297,-0.669404826237736,-0.7428978251479987,0.9335142808623762,-0.3585402173062328,0.8241784446666367,0.5663301963933087,0.46565534658516017,0.8849661565261433,1,0,0,0,99,43
1701979740,12,8,4,249,16.3,0.0,85,0,0,0,0,1,0,0,-0.727163193443649,-0.68646463135462,-0.9182768186539993,0.39593899065726024,-0.5495730203270262,0.8354456866419445,-0.28683994958692166,0.9579785192377605,0.14495082056035336,-0.9894388609807482,0.9973562204600591,0.07266752720181091,-0.6809304196458655,-0.7323481164042859,0.9306847254587038,-0.36582228171320713,0.8263843783957945,0.5631064367802915,0.46738290684390055,0.8840549860671256,1,0,0,0,99,43
1701979800,12,8,4,250,16.3,0.0,85,0,0,0,0,1,0,0,-0.9705280195418053,0.24098830528525864,-0.6160404591886565,0.7877145121442345,-0.32579555541456173,0.9454402445803316,-0.165166212373579,0.9862657462824945,0.08286812933059823,-0.9965605215646701,0.99913976038507,0.04146973857724405,-0.6922897736579516,-0.7216196153712994,0.9277983658563156,-0.37308201821362325,0.8285777025160715,0.5598740848558614,0.469108684178911,0.8831404432070421,1,0,0,0,99,43
1701979860,12,8,4,251,16.3,0.0,85,0,0,0,0,1,0,0,-0.3215938602925038,0.9468777054203809,-0.1629759101518061,0.9866300485542645,-0.08176170083154903,0.9966519072761223,-0.0409151116574164,0.9991626262216082,0.020461839829201516,-0.9997906346384747,0.999947657289739,0.010231455456709277,-0.7034801150506284,-0.710714941258698,0.9248553782237248,-0.38031898371058337,0.8307583835600407,0.556633189941732,0.4708326720068755,0.8822225314345956,1,0,0,0,99,43
1701979920,12,8,4,252,16.3,0.0,85,0,0,0,0,1,0,0,0.623012211003653,0.7822121099422712,0.329990825673782,0.9439841391523142,0.16735570030280691,0.9858965815825497,0.08397445569174683,0.9964679075571249,-0.04202435271884079,-0.999116586679734,0.9997791222764492,-0.021016818506448383,-0.7144987118625367,-0.6996367562862716,0.9218559421857278,-0.38753273649701414,0.832926388253192,0.5533838014899721,0.47255486375130445,0.8813012542513405,1,0,0,0,99,43
1701979980,12,8,4,253,16.3,0.0,85,0,0,0,0,1,0,0,0.9948237286710673,-0.10161569206079699,0.7421642985420401,0.6702179898880674,0.4060677345664961,0.9138429815586667,0.20755362974582411,0.9782236404725319,-0.10434644106884551,-0.994541009831302,0.9986343199167806,-0.05224456990299564,-0.7253428740612937,-0.6883877650339976,0.9188002408124406,-0.3947228362826266,0.8350816835144412,0.5501259690822519,0.47427525284255984,0.8803766151716695,1,0,0,0,99,43
1701980040,12,8,4,254,16.3,0.0,85,0,0,0,0,1,0,0,0.45199889806298343,-0.892018495407942,0.972630067242408,0.23235910202965793,0.6195324438519512,0.784971051068018,0.3278939988258263,0.9447145206537312,-0.16626105879951092,-0.9860817716228536,0.9965143680908102,-0.08342130536363722,-0.7360099542002259,-0.6769707137817569,0.9156884606081254,-0.40188884422078897,0.8372242364566345,0.5468597424290853,0.4759938327178802,0.8794486177227995,1,0,0,0,99,43
1701980100,12,8,4,255,16.3,0.0,85,0,0,0,0,1,0,0,-0.5063916349244909,-0.8623036078310824,0.9649620738223555,-0.2623893978125999,0.79447762643532,0.6072934225674604,0.44311769172113835,0.8964634467080798,-0.22752643065358386,-0.9737719051985634,0.9934213368955197,-0.11451658133527351,-0.7464973480647046,-0.6653883898388694,0.9125207914998072,-0.4090303229353116,0.8393540143870498,0.5435851713690728,0.4777105968214057,0.8785172654447586,1,0,0,0,99,44
1701980160,12,8,4,256,16.3,0.0,85,0,0,0,0,1,0,0,-0.9992080341070627,-0.03979075993115771,0.7210377105017316,-0.6928958219201651,0.9200260381967906,0.39185723042955,0.5514266812416906,0.8342233605065102,-0.2879033166650653,-0.9576594803233847,0.9893582466233818,-0.14550003380861354,-0.7568024953079283,-0.6536436208636119,0.9092974268256817,-0.4161468365471424,0.8414709848078965,0.5403023058681398,0.479425538604203,0.8775825618903728,1,0,0,0,99,44
1701980220,12,8,4,257,16.3,0.0,85,0,0,0,0,1,0,0,-0.5733571748155426,0.8193055291449822,0.3005781685810014,-0.953757183235068,0.9883716869768853,0.1520572536331825,0.6511308418308941,0.7589654977774624,-0.3471559463861577,-0.9378074156716458,0.9843290648130953,-0.17634140796811468,-0.7669228800759939,-0.6417392741728861,0.9060185633233147,-0.4232379507009703,0.8435751154168105,0.5370111960187747,0.48113865152429053,0.8766445106252518,1,0,0,0,99,44
1701980280,12,8,4,258,16.3,0.0,85,0,0,0,0,1,0,0,0.37963562682930313,0.9251360931462582,-0.19347339203846847,-0.9811055226493881,0.9952651713612277,-0.0971969067167568,0.740674323409674,0.6718642322981792,-0.4050529395658183,-0.914293233130974,0.9783387023753517,-0.20701058773529676,-0.7768560316221071,-0.6296782560422042,0.9026844011176343,-0.4303032325917363,0.8456663741073475,0.5337118920392648,0.48284992904666313,0.8757031152277766,1,0,0,0,99,44
1701980340,12,8,4,259,16.3,0.0,85,0,0,0,0,1,0,0,0.9835931839466808,0.18040079959254857,-0.6401559186664806,-0.7682450128678183,0.9402778878788489,-0.34040783417261544,0.8186598298965864,0.5742787501846923,-0.46136820968468756,-0.8872087550809822,0.9713930087974131,-0.23747762517658147,-0.7865995249097795,-0.6174635109961635,0.8992951437087169,-0.4373422509910497,0.8477447289694727,0.5304044442729295,0.4845593646433172,0.8747583792890838,1,0,0,0,99,44
1701980460,12,8,4,261,16.3,0.0,85,0,0,0,0,1,0,0,-0.24528120908194284,-0.9694519732670104,-0.992333606522275,0.12358807938670624,0.6619712684902925,-0.7495292120346966,0.935288514853758,0.3538861313793629,-0.5683809763796802,-0.8227654986019294,0.9546636838703799,-0.297686497340802,-0.8055080686562991,-0.5925848051794772,0.8923521740824856,-0.45133978044291795,0.8518626005533163,0.5237653193736113,0.48797268398261223,0.8728589002162982,1,0,0,0,99,42
1701980520,12,8,4,262,16.3,0.0,85,0,0,0,0,1,0,0,-0.9482917095220488,-0.31740011602352985,-0.8116033871367004,0.5842088171092894,0.45595569022148996,-0.8900024767126464,0.9721117417027341,0.23451814779175792,-0.618660590391954,-0.7856583697103207,0.9448963884231754,-0.3273695391218304,-0.8146685028653773,-0.5799269181880462,0.8887988856282523,-0.4582974371584211,0.8539020544413806,0.520433743545506,0.48967655470447735,0.8719041643281404,1,0,0,0,99,41
1701980580,12,8,4,263,16.3,0.0,85,0,0,0,0,1,0,0,-0.7794471854988634,0.6264679441263539,-0.4321643529223842,0.9017948614087224,0.22159099552021236,-0.9751396980455473,0.9937654899536277,0.11149058694448753,-0.6665243480382065,-0.7454832616982381,0.9342064176878251,-0.35673291010345676,-0.8236300474434674,-0.5671274503568591,0.8851913494710788,-0.46522712176051223,0.855928478834684,0.5170942265387846,0.49137855745912207,0.8709461023906085,1,0,0,0,99,41
1701980640,12,8,4,264,16.3,0.0,85,0,0,0,0,1,0,0,0.10601748626711377,0.9943642655514137,0.05308358714605824,0.9985900724399912,-0.026551154023966794,-0.99964745596635,0.9999118601072672,-0.013276747223059479,-0.711785342369123,-0.7023970575027135,0.9226042102393402,-0.3857479374522218,-0.8323905145579873,-0.5541895264924167,0.8815297857963782,-0.4721284112969602,0.8579418428124834,0.513746819310368,0.49307868575392305,0.8699847180584174,1,0,0,0,99,41
1701980700,12,8,4,265,16.4,0.0,85,0,0,0,0,1,0,0,0.8940101700837942,0.44804666697426215,0.5253348137263215,0.8508956066916382,-0.2730424814093603,-0.9620019767889353,0.9904549401131116,-0.1378369021907137,-0.7542668301704357,-0.6565680078290772,0.9101010954364018,-0.41438628848631254,-0.8409477654665337,-0.5411163052032749,0.8778144180871248,-0.4790008845486223,0.8599421156533218,0.510391572937572,0.4947769331034077,0.8690200149989562,1,0,0,0,99,41
1701980760,12,8,4,266,16.4,0.0,85,0,0,0,0,1,0,0,0.8600540264645697,-0.510202970945957,0.8689657562142357,0.4948722204034305,-0.5025573497604873,-0.8645438740756395,0.9655423020447212,-0.2602461584004272,-0.7938029221413925,-0.6081750741355538,0.8967092823584335,-0.44261999834194465,-0.8492997110390256,-0.5279109781289149,0.8740454731102137,-0.48584412205515315,0.8619292668354965,0.5070285386173281,0.49647329302927856,0.8680519968922737,1,0,0,0,99,41
1701980820,12,8,4,267,16.4,0.0,85,0,0,0,0,1,0,0,0.035368177256176046,-0.9993743503000143,0.9998435753406666,0.01768685528840119,-0.7008256362004742,-0.713332620622526,0.9255626992869057,-0.3785943603498829,-0.8302392306889271,-0.5574072297925984,0.8824418478836433,-0.47042149728057797,-0.857444312267735,-0.5145767691605511,0.8702231809026209,-0.49265770614060683,0.8639032660375254,0.5036577676654025,0.49816775906043814,0.867080667431065,1,0,0,0,99,43
1701980880,12,8,4,268,16.4,0.0,85,0,0,0,0,1,0,0,-0.8218350110128397,-0.5697255608391865,0.8859248164599484,-0.4638288688518717,-0.8555199789753223,-0.5177697997895051,0.8711400001691764,-0.4910347239302405,-0.8634334728079056,-0.504462722145928,0.8673127239196736,-0.4977636376102979,-0.8653795807650819,-0.5011169336540635,0.8663477747573614,-0.4994412209389292,0.8658640831386093,0.5002793115156127,0.49986032473301345,0.8661060303206567,1,0,0,0,99,47
1701980940,12,8,4,269,16.4,0.0,85,0,0,0,0,1,0,0,-0.9234468802429867,0.3837262818331512,0.5551007648016929,-0.8317831092998796,-0.9570222331011646,-0.2900145605828441,0.8031234527091224,-0.5958126548744814,-0.8932560256932167,-0.44954829836488014,0.8513366837993298,-0.5246197201950761,-0.8731035792490706,-0.48753475763525,0.862419491209252,-0.5061942524193405,0.8678116882190918,0.4968932217190427,0.501550983590381,0.8651280892789931,1,0,0,0,99,51
1701981000,12,8,4,270,16.4,0.0,85,0,0,0,0,1,0,0,-0.1760459464712114,0.9843819506325049,0.08836868610400143,-0.9960878351411849,-0.999021480034635,-0.04422762066183892,0.7225744323811351,-0.6912931286141072,-0.919590432914052,-0.3928783980991401,0.8345293278546717,-0.5509635205260235,-0.8806144220162487,-0.4738335569975899,0.8584385700204732,-0.5129163884116056,0.8697460515609156,0.49349954994325695,0.503239729183191,0.8641468480366219,1,0,0,0,99,55
1701981060,12,8,4,271,16.4,0.0,85,0,0,0,0,1,0,0,0.7332108186087175,0.6800013937302882,-0.3999991289176214,-0.916515519162193,-0.9789064100214568,0.2043091784989199,0.630749879707115,-0.7759862042906819,-0.9423338591737755,-0.33467431609649856,0.8169070681835537,-0.5767693143291786,-0.8879102754020753,-0.46001667669271595,0.8544052541659362,-0.5196072186311907,0.8716671436480758,0.49009834797151136,0.5049265550693925,0.8631623103366803,1,0,0,0,99,57
1701981120,12,8,4,272,16.4,0.0,85,0,0,0,0,1,0,0,0.9683569384347241,-0.24956930858045798,-0.7904332067228887,-0.6125482394960996,-0.8979276806892913,0.4401430224960407,0.5290826861200238,-0.8485702747846052,-0.9613974918795568,-0.27516333805159693,0.7984871126234903,-0.6020119026848236,-0.8949893582285835,-0.4460874899137928,0.850319789818452,-0.5262663347043051,0.8735749351670712,0.4866896677019633,0.5066114548142574,0.8621744799348805,1,0,0,0,99,57
1701981180,12,8,4,273,16.4,0.0,85,0,0,0,0,1,0,0,0.3132001548706699,-0.9496871395301657,-0.9873416682005692,-0.15860778743465642,-0.7611201572139107,0.6486109051524434,0.4191593341723149,-0.9079126899521901,-0.9767068879536455,-0.2145778530601538,0.7792874479484941,-0.6266666366338032,-0.9018499422392295,-0.4320493972719999,0.8461824263337073,-0.5328933301928258,0.8754693970073499,0.4832735611468799,0.5082944219904051,0.8611833605994951,1,0,0,0,99,58
1701981240,12,8,4,274,16.4,0.0,85,0,0,0,0,1,0,0,-0.6299114066849614,-0.7766669941024745,-0.9425144545582509,0.33416538263076073,-0.5769898687885426,0.8167513032223337,0.30269514100631545,-0.953087431252331,-0.9882022645319962,-0.1531544461445194,0.7593268223052967,-0.6507094412468135,-0.9084903525208217,-0.4179058259663213,0.8419934162350443,-0.5394878006191052,0.8773505002617554,0.4798500804318443,0.5099754501778275,0.860188956111343,1,0,0,0,99,58
1701981300,12,8,4,275,16.5,0.0,85,0,0,0,0,1,0,0,-0.9938853259197261,0.11041720391967796,-0.6669268310993051,0.7451232126030157,-0.3569851449269173,0.9341100611285096,0.1815074914039231,-0.9833895619561226,-0.995838732415074,-0.09113297439422614,0.7386247269061015,-0.6741168391331631,-0.9149089679124266,-0.4036602289468439,0.8377530151980487,-0.5460493434906575,0.8792182162269665,0.47641927779496,0.5116545329639131,0.8591912702637754,1,0,0,0,99,58
1701981360,12,8,4,276,16.5,0.0,85,0,0,0,0,1,0,0,-0.4440856600409099,0.8959843338731037,-0.2280522595008612,0.9736488930495181,-0.11478481378318722,0.9933903797222716,0.057487478104924564,-0.9983462274487422,-0.9995864713592172,-0.028755630329187164,0.7172013769957456,-0.6968659733660458,-0.9211042214011522,-0.38931608407176954,0.8334614820349437,-0.5525775583247253,0.8810725164039352,0.4729812055860543,0.5133316639434712,0.8581903068626603,1,0,0,0,99,58
1701981420,12,8,4,277,16.5,0.0,85,0,0,0,0,1,0,0,0.5140043136735694,0.8577875993070563,0.2666574588239974,0.9637913672852274,0.13455228113037063,0.9909064959130168,-0.06742960806271654,-0.9977240339675638,-0.9994308465240513,0.033734003856911096,0.6950776921118563,-0.7189346298019421,-0.9270746005047118,-0.3748768932583455,0.8291190786787943,-0.5590720466727229,0.8829133724983225,0.46953591626587904,0.515006836718757,0.857186069726369,1,0,0,0,99,58
1701981480,12,8,4,278,16.5,0.0,85,0,0,0,0,1,0,0,0.99952109184891,0.030944901828293042,0.6960801312247417,0.717964101410472,0.375523566896625,0.926812845565509,-0.1912944777489552,-0.9815326906337631,-0.9953724656212274,0.09609190747986249,0.6722752756572777,-0.7403012587723536,-0.9328186476406745,-0.3603461816279218,0.8247260701675199,-0.5655324121445553,0.884740756420929,0.4660834624053104,0.5166800448994956,0.8561785626857608,1,0,0,0,99,58
1701981540,12,8,4,279,16.5,0.0,85,0,0,0,0,1,0,0,0.5660827877060443,-0.8243483956816764,0.9550781108583937,0.2963541836370153,0.5931466160920859,0.8050944614258054,-0.3121742610900157,-0.9500248579447291,-0.9874271765413207,0.1580745742604909,0.6488163938047147,-0.7609449961266882,-0.9383349604823131,-0.3457274966453434,0.8202827246277175,-0.571958260432812,0.8865546402881246,0.4626238966845466,0.5183512821029063,0.8551677895841688,1,0,0,0,99,58
1701981600,12,8,4,280,16.5,0.0,85,0,0,0,0,1,0,0,-0.3878094208292295,-0.9217395798793158,0.9802396594403116,-0.19781357400426822,0.7738906815578891,0.6333192030862999,-0.428182669496151,-0.9036922050915067,-0.9756260054681576,0.2194399632114593,0.6247239537541924,-0.7808456836057491,-0.9436221923009624,-0.3310244072528874,0.815789313258297,-0.5783491993368335,0.888354996422273,0.4591572718923041,0.520020541953727,0.8541537542773854,1,0,0,0,99,58
1701981660,12,8,4,281,16.5,0.0,85,0,0,0,0,1,0,0,-0.9851514363288851,-0.17168764515577298,0.7654043523379563,-0.6435496697397284,0.9065179727230256,0.4221672241305995,-0.5375094305542,-0.8432577376255137,-0.9600150357222312,0.27994844380214573,0.6000214813645651,-0.7999838885259333,-0.9486790522948035,-0.31624050299895706,0.8112461103139285,-0.5847048387866493,0.8901417973521548,0.4556836409250121,0.5216878180842389,0.8531364606336469,1,0,0,0,99,58
1701981720,12,8,4,282,16.5,0.0,85,0,0,0,0,1,0,0,-0.6767497645263835,0.7362131187458456,0.363171365373259,-0.9317223617435201,0.9827823669926928,0.18476693191217952,-0.6384485367231334,-0.7696645151987259,-0.9406552278063217,0.33936373171073697,0.5747330981809134,-0.8183409227549167,-0.9535043059039945,-0.301379393161745,0.8066533930883032,-0.5910247908667855,0.8919150158133861,0.4522030567860055,0.5233531041342903,0.8521159125336193,1,0,0,0,99,58
1701981780,12,8,4,283,16.5,0.0,85,0,0,0,0,1,0,0,0.253852519790234,0.9672429364932829,-0.12797863787897792,-0.9917769246391254,0.9979421137117938,-0.06412127322844811,-0.7294248670111433,-0.6840609354332229,-0.9176221813560369,0.3974538115094489,0.5488834978802656,-0.8358988609602985,-0.9580967751120705,-0.2864447058680798,0.8020114418972087,-0.5973086698399414,0.8936746247488349,0.4487155725847157,0.525016393751321,0.8510921138703835,1,0,0,0,99,58
1701981840,12,8,4,284,16.5,0.0,85,0,0,0,0,1,0,0,0.9510639681125854,0.3089940590981371,-0.5877950071674065,-0.8090099069535975,0.9510546532543747,-0.3090227281660707,-0.8090187662119065,-0.587782813560387,-0.8910058399248534,0.45399184267980686,0.5224979221586403,-0.8526405581133842,-0.9624553387335394,-0.27144008720767066,0.7973205400614205,-0.6035560921705327,0.8954205973090336,0.4452212415358611,0.5266776805903868,0.8500650685494203,1,0,0,0,99,58
1701981900,12,8,4,285,16.6,0.0,85,0,0,0,0,1,0,0,0.7738715902084317,-0.6333425312327234,-0.9036986586337072,-0.428169048838935,0.8450352208159536,-0.5347106465935876,-0.8759881981492638,-0.4823325374709923,-0.860910139756465,0.5087570454200157,0.4956021360829594,-0.8685496662310151,-0.966578932687604,-0.2563692003429672,0.7925809738894087,-0.609766676548101,0.8971529068525892,0.4417201169586342,0.5283369583141831,0.8490347804885953,1,0,0,0,99,58
1701981960,12,8,4,286,16.6,0.0,85,0,0,0,0,1,0,0,-0.11481475884166603,-0.9933869191569467,-0.9983453608739179,0.05750252534912421,0.6864755912087755,-0.7271528468448447,-0.9292881272363391,-0.36935562345465606,-0.8274526039159754,0.5615355627853609,0.4682224029318968,-0.8836106503390961,-0.9704665502579407,-0.24123572461485038,0.7877930326598638,-0.6159400439105862,0.8988715269465893,0.43821225227588845,0.52999422059307,0.8480012536181443,1,0,0,0,99,58
1701982020,12,8,4,287,16.6,0.0,85,0,0,0,0,1,0,0,-0.8979409481081247,-0.4401159548467677,-0.8485623002604958,0.529095475861036,0.48523423423072903,-0.8743842049868684,-0.9680868259063513,-0.2506150384684961,-0.7907638833648436,0.6121212957950017,0.4403854585502332,-0.8978088036422348,-0.9741172423384761,-0.22604335464437486,0.7829570086040404,-0.6220758174674632,0.9005764313670059,0.43469770101332306,0.5316494611050955,0.8469644918806583,1,0,0,0,99,58
1701982080,12,8,4,288,16.6,0.0,85,0,0,0,0,1,0,0,-0.8555043707508208,0.5177955886508133,-0.49102159389846933,0.8711474010323434,0.25382336276203626,-0.9672505882738824,-0.9917788534431158,-0.12796368962740468,-0.7509872467716762,0.6603167082440802,0.4121184852417566,-0.9111302618846769,-0.977530117665097,-0.2107957994307797,0.7780731968879212,-0.6281736227227391,0.9022675940990952,0.4311765167986662,0.5333026735360201,0.8459244992310679,1,0,0,0,99,58
1701982140,12,8,4,289,16.6,0.0,85,0,0,0,0,1,0,0,-0.026521020285755953,0.9996482558795381,-0.013261676373330016,0.9999120601031718,0.006630983970279104,-0.9999780147841181,-0.9999945036809248,-0.0033155102082415536,-0.7082780210511411,0.705933598078374,0.38344908522620447,-0.9235620168885179,-0.9807043430332401,-0.1954967814459897,0.7731418955942013,-0.6342330874978104,0.9039449893377943,0.42764875336085667,0.534953851579341,0.8448812796366294,1,0,0,0,99,58
1701982200,12,8,4,290,16.6,0.0,85,0,0,0,0,1,0,0,0.8268456339220814,0.5624289267667438,0.4677451620451334,0.8838633737085002,-0.2409736772881011,-0.9705316516498831,-0.9926055741456128,0.1213844066388201,-0.6628029848156917,0.7487938323192908,0.35440525368616455,-0.9350919292559664,-0.9836391435013062,-0.1801500357258271,0.7681634057040947,-0.6402538419541788,0.905608591488116,0.4241144645292243,0.5366029889363158,0.8438348370769082,1,0,0,0,99,58
1701982260,12,8,4,291,16.6,0.0,85,0,0,0,0,1,0,0,0.9200142254959646,-0.3918849638415085,0.8342316716121213,0.5514141076171752,-0.47359576242974594,-0.8807423311097222,-0.9697273666112869,0.2441901604183487,-0.6147397171086522,0.7887300426693371,0.3250153514302539,-0.9457087402232617,-0.9863338025798521,-0.16475930895815624,0.7631380310789642,-0.6462355186160244,0.907258375165538,0.42057370423266816,0.5382500793159867,0.8427851755437645,1,0,0,0,99,58
1701982320,12,8,4,292,16.6,0.0,85,0,0,0,0,1,0,0,0.16732598101183924,-0.9859016259639831,0.9964691731217737,0.08395943674184847,-0.6767719568873076,-0.7361927182273159,-0.9317168878547055,0.36318540841606234,-0.5642759039618552,0.8255862790817391,0.29530807719927077,-0.9554020826546641,-0.9887876624065108,-0.14932835856818344,0.7580660784417752,-0.6521777523926344,0.9088943151963913,0.41702652649883415,0.5398951164352044,0.8417322990413384,1,0,0,0,99,58
1701982380,12,8,4,293,16.6,0.0,85,0,0,0,0,1,0,0,-0.739200998751274,-0.6734848798934681,0.9147362679738538,-0.40405143243560715,-0.8378697489573207,-0.5458702078170199,-0.8791672786839316,0.4765132695859477,-0.5116086054857034,0.859218618742037,0.2653124396423611,-0.9641624911657881,-0.9910001239065988,-0.13386095180113555,0.752947857358375,-0.6580801806006866,0.9105163866182439,0.4134729854532902,0.5415380940186525,0.8406762115860333,1,0,0,0,99,58
1701982440,12,8,4,294,16.6,0.0,85,0,0,0,0,1,0,0,-0.9661099892625297,0.2581307588164473,0.6090440218832924,-0.7931364191664784,-0.9468728581933475,-0.32160813176404734,-0.8128985581744033,0.582405300557933,-0.4569434863536556,0.889495728083596,0.23505772899056523,-0.9719814113663893,-0.9929706469393719,-0.11836086480254095,0.7477836802185981,-0.6639424429863854,0.9121245646802812,0.4099131353187006,0.5431790057988708,0.8396169172065021,1,0,0,0,99,58
1701982500,12,8,4,295,16.7,0.0,86,0,0,0,0,1,0,0,-0.30478191109030295,0.9524221683015063,0.15423655808285816,-0.988033948885742,-0.9970039992110719,-0.07735001976165862,-0.7339448275455243,0.6792090916052071,-0.40049401268607804,0.9162993756423735,0.2045734884554038,-0.9788512082135807,-0.9946987504298929,-0.1028318816963379,0.7425738622171999,-0.6697641817474499,0.9137188248436852,0.40634703041399856,0.5448178455162797,0.8385544199436309,1,0,0,0,99,58
1701982560,12,8,4,296,16.7,0.0,86,0,0,0,0,1,0,0,0.6367612505645516,0.7710610285700272,-0.3383333943242765,-0.9410263090291437,-0.9851462604682474,0.17171734183077755,-0.6435381333569995,0.7654140519453434,-0.34248061846961253,0.939524893748256,0.17388948538043356,-0.9847651734673236,-0.9961840124864793,-0.08727779366103493,0.737318721334619,-0.6755450415549525,0.9152991427820066,0.40277472515355744,0.5464546069192036,0.8374887238505236,1,0,0,0,99,58
1701982620,12,8,4,297,16.7,0.0,86,0,0,0,0,1,0,0,0.992869055025318,-0.11921006489861569,-0.7480675320111867,-0.6636226092823331,-0.9120368987278785,0.4101081508076052,-0.5430892418343393,0.8396749820042292,-0.2831298447671764,0.9590815872500705,0.1430356821739413,-0.9897175322409093,-0.9974260705037014,-0.07170239800414888,0.7320185783175687,-0.6812846695750063,0.9168654943815386,0.3991962740463603,0.5480892837638954,0.8364198329924872,1,0,0,0,99,58
1701982680,12,8,4,298,16.7,0.0,86,0,0,0,0,1,0,0,0.43613762914604876,-0.8998799744648526,-0.9746486480944947,-0.22374095013558368,-0.7822215000035424,0.6230004212937645,-0.4341656243337532,0.9008330648055067,-0.22267345507995925,0.9748930876782097,0.11204220705116075,-0.9937034486400381,-0.998424621250908,-0.05610949723514686,0.7266737566594609,-0.6869827154903001,0.9184178557416826,0.3956117316951685,0.5497218698145597,0.8353477514470151,1,0,0,0,99,58
1701982740,12,8,4,299,16.7,0.0,86,0,0,0,0,1,0,0,-0.5215767216183704,-0.8532043855172293,-0.9626017830643233,0.2709202968427898,-0.6037713570372523,0.7971575430373816,-0.3184669974758911,0.9479339489219124,-0.16134753031591095,0.9868976514618708,0.08093932461458155,-0.9967190304849884,-0.9991794209462554,-0.04050289813711804,0.7212845825806614,-0.6926388315214799,0.9199562031753141,0.3920211527956879,0.5513523588433771,0.8342724833037728,1,0,0,0,99,58
1701982800,12,8,4,300,16.7,0.0,86,0,0,0,0,1,0,0,-0.9997558399011495,-0.022096619278683942,-0.7148764296291646,0.6992508064783751,-0.38778163540943045,0.9217512697247493,-0.19779879963646227,0.9802426408101081,-0.09939154689884817,0.9950484010363788,0.04975740630107862,-0.998761333111264,-0.9996902853162234,-0.02488641083740215,0.7158513850085791,-0.698252672448376,0.9214805132091443,0.38842459213573494,0.5529807446305274,0.8331940326645814,1,0,0,0,99,58
1701982860,12,8,4,301,16.7,0.0,86,0,0,0,0,1,0,0,-0.5587640495890891,0.8293266768209027,-0.29212439403368673,0.9563803314636136,-0.1476815298816789,0.9890349668903556,-0.07404401768422757,0.9972549741391004,-0.0370474416181442,0.9993135078990728,0.01852690072471944,-0.9998283622450087,-0.9999570896406027,-0.00926384787740154,0.7103744955575902,-0.7038238956310728,0.9229907625840772,0.38482210459440036,0.5546070209642138,0.8321124036434021,1,0,0,0,99,58
1701982920,12,8,4,302,16.7,0.0,86,0,0,0,0,1,0,0,0.39595283104274065,0.9182708508872743,0.20214988141565363,0.9793545963764285,0.1016006978902495,0.9948252601277343,0.050866196399306694,0.9987054771372125,0.025441333129256026,0.9996763168989281,-0.012721696055790868,-0.9999190759503811,-0.9999797687829443,0.006360976718196107,0.7048542485087977,-0.7093521610308227,0.9244869282555656,0.3812137451412117,0.5562311816406863,0.8310276003663211,1,0,0,0,99,58
1701982980,12,8,4,303,16.7,0.0,86,0,0,0,0,1,0,0,0.9866325048439105,0.1629610394708834,0.6469308156708554,0.7625486999106625,0.3445658863623454,0.9387621370482149,0.17498266050066957,0.984571515190292,0.08783076001523608,0.9961354112745646,-0.043957870315993346,-0.9990333856469874,-0.9997583172064605,0.02198424837255722,0.699290980789629,-0.7148371312307991,0.925968987393962,0.3775995688352947,0.5578532204642657,0.829939626971533,1,0,0,0,99,58
1701983040,12,8,4,304,16.7,0.0,86,0,0,0,0,1,0,0,0.6702068037805061,-0.7421744001016999,0.933320523748862,0.35904428689111606,0.5661076368981803,0.8243313311075577,0.2963685787093853,0.9550736440472949,0.14987720966295234,0.9887046181866692,-0.0751511204618093,-0.9971721561963784,-0.999292788975378,0.03760215288797655,0.6936850319532718,-0.7202784714566918,0.9274369173848677,0.37397963082453317,0.5594731312473669,0.8288484876093257,1,0,0,0,99,58
1701983100,12,8,4,305,16.7,0.0,87,0,0,0,0,1,0,0,-0.2624039418616639,-0.9649581189333869,0.991200816921926,-0.13236668966664739,0.7524515564694672,0.6586475955825515,0.41312976437037824,0.910672168121589,0.21133839201433674,0.9774129547232299,-0.10627098681382932,-0.9943372050575272,-0.9985832977417375,0.05321087737705887,0.6880367441579487,-0.7256758495971389,0.9288906958294767,0.3703539863447274,0.5610909078105225,0.8277541864420642,1,0,0,0,99,58
1701983160,12,8,4,306,16.7,0.0,87,0,0,0,0,1,0,0,-0.9537617134939987,-0.3005637933500832,0.8064005807754863,-0.5913696841443247,0.8920116826993705,0.45201234267200896,0.523444198233198,0.8520599575945371,0.2719743024675887,0.9623045145884273,-0.13728708135067327,-0.9905313005121108,-0.9976300167176484,0.06880661119358068,0.6823464621460344,-0.7310289362239981,0.9303303005449188,0.3667226907187513,0.5627065439824068,0.826656727644175,1,0,0,0,99,58
1701983220,12,8,4,307,16.7,0.0,87,0,0,0,0,1,0,0,-0.7682353642374472,0.6401674977183369,0.42416535825174545,-0.9055847552047066,0.9761108428874015,0.21727315158032454,0.6255904604530329,0.7801516364080526,0.3315481590900087,0.9434382959176643,-0.16816911738237747,-0.9857581589613307,-0.9964331786330006,0.08438554686280492,0.6766145332230143,-0.7363374046124525,0.9317557095645973,0.36308579935570845,0.5643200335998588,0.8255561154021296,1,0,0,0,99,58
1701983280,12,8,4,308,16.7,0.0,87,0,0,0,0,1,0,0,0.12360303600011291,0.9923317436681922,-0.06192033725605731,-0.9980810948185003,0.9995201585807313,-0.03097503173121646,0.7179745927716441,0.6960693098638897,0.3898273272463786,0.9208879708911095,-0.1988869391248336,-0.9800224412969096,-0.9949930756786476,0.09994388101102124,0.6708413072362862,-0.7416009307609522,0.9331669011385242,0.35944336775008645,0.565931370507906,0.8244523539144292,1,0,0,0,99,58
1701983340,12,8,4,309,16.7,0.0,87,0,0,0,0,1,0,0,0.9018013749637745,0.43215076086181514,-0.5328457746563188,-0.8462123731256284,0.9607841519107266,-0.27729733759483854,0.7991549717028728,0.6011250545457083,0.4465842280322334,0.8947415980454101,-0.2294105511463999,-0.9733297483498103,-0.9933100594350714,0.11547781529408518,0.6650271365538082,-0.7468191934109906,0.9345638537336522,0.3557954514809102,0.5675405485597879,0.8233454473915885,1,0,0,0,99,59
1701983400,12,8,4,310,16.7,0.0,87,0,0,0,0,1,0,0,0.8508876886558596,-0.5253476385155728,-0.8733119827746476,-0.48716134980334147,0.862311240157329,-0.506378638074642,0.8678648045849774,0.49680044380282007,0.5015972269646135,0.8651012784069909,-0.2597101476579314,-0.9656866154211187,-0.9913845407865504,0.13098355732472944,0.6591723760425913,-0.7519918740667114,0.9359465460342037,0.35214210621089365,0.5691475616169792,0.8222354000561195,1,0,0,0,99,59
1701983460,12,8,4,311,16.7,0.0,87,0,0,0,0,1,0,0,0.01767178546737087,-0.9998438418065069,-0.9999609596895538,-0.008836237703148543,0.7102239920275675,-0.7039757674440404,0.9230318974564314,0.3847234282935987,0.5546514994599768,0.8320827567897314,-0.28975614161762697,-0.9571005059004335,-0.9892169898208465,0.14645732159842081,0.6532773830470404,-0.7571186570143483,0.9373149569419951,0.3484833876855909,0.5707524035492137,0.8211222161425152,1,0,0,0,99,59
1701983520,12,8,4,312,16.7,0.0,87,0,0,0,0,1,0,0,-0.8317914757822045,-0.5550882279566577,-0.8817846188147811,0.47165229356133864,0.5139784559875352,-0.8578030932449878,0.9637953862840878,0.26664293235993725,0.605539869719601,0.7958149698139441,-0.31951919362227366,-0.9475798039779932,-0.9868079357144411,0.16189533041753676,0.6473425173671444,-0.7621992293414946,0.9386690655767598,0.34481935173254513,0.5723550682345072,0.820005899897234,1,0,0,0,99,59
1701983580,12,8,4,313,16.7,0.0,87,0,0,0,0,1,0,0,-0.9165094902005468,0.4000129427560235,-0.5477166499404489,0.8366638939132081,0.2857762289683941,-0.958296377409726,0.9895191704584925,0.14440156264783635,0.6540636197466435,0.7564395424116314,-0.348970240556676,-0.9371338064576561,-0.9841579666033436,0.17729381481363626,0.6413681412365148,-0.7672332809562018,0.9400088512764658,0.341150054260437,0.573955549559181,0.8188864555786831,1,0,0,0,99,59
1701983640,12,8,4,314,16.7,0.0,87,0,0,0,0,1,0,0,-0.15859290602857282,0.987344058653017,-0.0795485428747221,0.9968309933617175,0.039805820166669656,-0.9992074342602034,0.9998018389311463,0.01990685484696882,0.7000332653356665,0.7141102347841574,-0.378080523973295,-0.9257727136787294,-0.9812677294395066,0.19264901546759924,0.6353546193002774,-0.7722205046059057,0.941334293597632,0.33747555125823137,0.5755538414178853,0.8177638874572022,1,0,0,0,99,59
1701983700,12,8,4,315,16.8,0.0,86,0,0,0,0,1,0,0,0.7451332645574127,0.6669156003948422,0.4080958218391593,0.9129390999389944,-0.20863952173666145,-0.9779926124309412,0.9944829340996609,-0.1048984927657657,0.7432692960044044,0.668992341971952,-0.40682161817438367,-0.9135076195555109,-0.9781379298328817,0.20795718362741059,0.6293023185928165,-0.7771605958961798,0.9426453723156392,0.33379589879432325,0.5771499377136226,0.8166381998150476,1,0,0,0,99,58
1701983760,12,8,4,316,16.8,0.0,86,0,0,0,0,1,0,0,0.9637873480674221,-0.2666719852274808,0.7958240965274552,0.6055278749869898,-0.4441126687075084,-0.8959709467909631,0.9736454556949781,-0.22806693448309956,0.7836028759783554,0.6212620483809149,-0.43516545796919887,-0.9003505007442698,-0.9747693318791554,0.22321458202336397,0.6232116085153726,-0.782053253309314,0.943942067425039,0.330111153015682,0.5787438323577704,0.8155093969463755,1,0,0,0,99,58
1701983820,12,8,4,317,16.8,0.0,86,0,0,0,0,1,0,0,0.2963397884973224,-0.955082577452527,0.9887068770501516,0.1498623077152374,-0.651973040962877,-0.7582421472442815,0.9376145655983277,-0.34767646796678553,0.8208765034908678,0.5711057397860814,-0.46308436607918363,-0.8863142049482455,-0.9711627579732054,0.23841748578046287,0.6170828608134961,-0.7868981782227173,0.9452243591398598,0.3264213701469947,0.5803355192701052,0.8143774831572257,1,0,0,0,99,58
1701983880,12,8,4,318,16.8,0.0,86,0,0,0,0,1,0,0,-0.6435612059762619,-0.7653946525566921,0.9395197317131483,-0.34249477911590703,-0.8192968873112808,-0.5733695234681091,0.8869525137988248,-0.46186062645125475,0.8549446258241684,0.5187192754991592,-0.49055108016436005,-0.8714124383720832,-0.9673190886083255,0.25356218332779523,0.610916449554358,-0.791695074927145,0.9464922278939074,0.3227266064898082,0.5819249923788253,0.8132424627655053,1,0,0,0,99,58
1701983940,12,8,4,319,16.8,0.0,86,0,0,0,0,1,0,0,-0.9917749956098326,0.12799358610147818,0.6603053891566091,-0.7509971990964674,-0.9356808214066555,-0.3528475597928464,0.8224498646704389,-0.5688376043332375,0.8856742076896101,0.46430722354210824,-0.5175387794445416,-0.8556597523379571,-0.9632392621612652,0.2686449773046603,0.6047127511039186,-0.796443650644746,0.9477456543410647,0.3190269184216702,0.5835122456205738,0.812104340100972,1,0,0,0,99,58
1701984060,12,8,4,321,16.8,0.0,86,0,0,0,0,1,0,0,0.5291082654818533,0.8485543255436181,-0.27517782837320115,-0.9613933444599089,-0.9903013037606052,0.13893641628473632,0.6561492146285263,-0.7546311735824118,0.9366512620987631,0.3502633483663315,-0.5699722149516012,-0.8216639667060773,-0.9543751795562575,0.2986101415674982,0.5921950094489575,-0.8057946827720751,0.9502091040323901,0.31161299493757066,0.5866800682920927,0.8098188053316527,1,0,0,0,99,58
1701984120,12,8,4,322,16.8,0.0,86,0,0,0,0,1,0,0,0.9999122598719259,0.01324660552058789,-0.702407785577371,-0.7117747556357236,-0.9251418149764185,0.37962168297153187,0.5569462797382114,-0.8305485184417379,0.9566996703359257,0.2910768640396056,-0.5953667508185162,-0.8034540634160753,-0.9495930874369493,0.3134851962883771,0.5858817302628675,-0.8103965684429991,0.9514190896873468,0.30789887264895993,0.5882606256375825,0.8086714019454874,1,0,0,0,99,57
1701984180,12,8,4,323,16.8,0.0,86,0,0,0,0,1,0,0,0.551401533867395,-0.8342399825282195,-0.9576638195442646,-0.2878888826194756,-0.8024614889885606,0.5967039120788988,0.4490523844280872,-0.8935054314549238,0.9730121868339892,0.2307537307879076,-0.6201799211567932,-0.784459600867982,-0.9445791657844201,0.32828371809459106,0.5795326918757081,-0.8149489916843234,0.9526145578575638,0.3041800522023728,0.5898389389475855,0.8075209137237168,1,0,0,0,99,57
1701984240,12,8,4,324,16.8,0.0,86,0,0,0,0,1,0,0,-0.4040652194563607,-0.9147301779353751,-0.9784503507933796,0.20648222933781113,-0.6298879942744539,0.7766859820216312,0.33415117684842055,-0.9425194910508831,0.9855251115651197,0.16952950915565845,-0.6443874963266829,-0.7646991268321347,-0.9393346386757316,0.3430020941392817,0.5731482818000584,-0.8194516746395976,0.9537954903016678,0.30045659034243405,0.5914150022013163,0.8063673450551039,1,0,0,0,99,57
1701984360,12,8,4,326,16.6,0.0,86,0,0,0,0,1,0,0,-0.6636113342009432,0.7480775341634341,-0.35491017584493534,0.9349004048997503,-0.1804156244623088,0.9835904648022342,0.09058017221711874,-0.995889166725453,0.9989717630457462,0.04533670298194944,-0.690891922451714,-0.7229580565226276,-0.9281589455806122,0.3721840562660983,0.5602749074043482,-0.8283067234624195,0.9561136761553041,0.2929959697142441,0.5945603544997581,0.8040509839911409,1,0,0,0,99,57
1701984420,12,8,4,327,16.6,0.0,86,0,0,0,0,1,0,0,0.2709348053161655,0.9625976995964054,0.13675214880138925,0.9906052946548402,0.06853723566485535,0.9976485590263838,-0.034288780771676325,-0.9994119668651121,0.9998529809089715,-0.017146911309152784,-0.7131433626239372,-0.7010182196957677,-0.9222305079793683,0.38664051799069915,0.5537867288087088,-0.8326585488634279,0.9572508941921726,0.2892589247858846,0.596129631545906,0.8028882004320043,1,0,0,0,99,57
1701984540,12,8,4,329,16.6,0.0,86,0,0,0,0,1,0,0,0.7625389491684939,-0.6469423088661069,0.9074531141789384,0.4201533595806971,0.5384452806085791,0.8426604771735462,-0.2804813031437691,-0.9598594889809514,0.9899140086343236,-0.14166952922038076,-0.7555360776363961,-0.6551070411694638,-0.9096996870312377,0.41526675693494663,0.5407093688225928,-0.8412094735958894,0.9594814937235343,0.2817716508133054,0.5992613575005044,0.8005534494377329,1,0,0,0,99,57
1701984660,12,8,4,331,16.6,0.0,86,0,0,0,0,1,0,0,-0.9055911481970673,-0.424151709070136,0.8438458713148201,-0.5365856366554476,0.8765231419236595,0.48135972169706537,-0.5092348565754973,-0.860627597075839,0.964527759340248,-0.26398144151072533,-0.7949784404343068,-0.6066376836668139,-0.896280559776573,0.4434874949382373,0.5275000023989397,-0.8495550291000099,0.9616535314498694,0.27426717895146524,0.6023839394640825,0.798206482982776,1,0,0,0,99,57
1701984720,12,8,4,332,16.6,0.0,86,0,0,0,0,1,0,0,-0.8462043418838514,0.5328585288581931,0.48329156372825655,-0.875459459043705,0.9683644611001854,0.24954011797333814,-0.6125601529754697,-0.7904239741978156,0.9461564284508708,-0.3237097664592346,-0.8135446412026923,-0.5815024649736085,-0.889241942604376,0.45743717329617606,0.5208468233098019,-0.8536501547168418,0.9627175480681864,0.27050863690754695,0.6039417865541566,0.7970284301414683,1,0,0,0,99,58
1701984780,12,8,4,333,16.6,0.0,86,0,0,0,0,1,0,0,-0.008821166113885877,0.9999610927573088,0.004410625958475234,-0.9999902731420214,0.9999975682825487,0.0022053183419487145,-0.7063266530643069,-0.707886049566577,0.9240903769563281,-0.38217401169717374,-0.8313164294350177,-0.5557994189916117,-0.8819862297654119,0.47127517492882454,0.5141618544151129,-0.8576931779281052,0.9637668748011899,0.2667459672346471,0.6054973297898815,0.7958473368789541,1,0,0,0,99,58
1701984840,12,8,4,334,16.6,0.0,86,0,0,0,0,1,0,0,0.8366721491002945,0.5477040395322044,-0.47555018687189876,-0.8796885924951523,0.9694556700786149,-0.24526659730265726,-0.78907116196914,-0.6143017998904703,0.8984157723154882,-0.43914587559803503,-0.8482764512816665,-0.5295536443090374,-0.8745151926379088,0.48499812148654897,0.5074455037309183,-0.8616838519685015,0.964801495637445,0.26297922734647544,0.6070505632373322,0.7946632077007452,1,0,0,0,99,58
1701984900,12,8,4,335,16.5,0.0,85,0,0,0,0,1,0,0,0.9129329489429682,-0.40810958177221934,-0.839079728563448,-0.5440084641932424,0.8786377137914245,-0.477489023856443,-0.8595024793031265,-0.5111315760856283,0.8692328733100321,-0.49440288425249485,-0.8644081455691214,-0.5027907694794651,-0.8668306551684317,0.49860266270876197,0.5006981811886468,-0.8656219332678563,0.9658213947899105,0.2592084747188484,0.6086014809713954,0.7934760471239344,1,0,0,0,99,58
1701984960,12,8,4,336,16.5,0.0,85,0,0,0,0,1,0,0,0.14984740573347818,-0.9887091356890289,-0.9971732887740798,-0.07513609089835323,0.7331903200732922,-0.6800234955873388,-0.9165215479156338,-0.39998531498835127,0.836655638536056,-0.5477292602242684,-0.8796957599716702,-0.47553692799599256,-0.858934493426592,0.5120854772418407,0.4939202986100892,-0.8695071814659844,0.9668265566961802,0.2554337668888117,0.6101500770757914,0.7922858596771786,1,0,0,0,99,58
1701985020,12,8,4,337,16.5,0.0,85,0,0,0,0,1,0,0,-0.7510071512506543,-0.660294069919136,-0.9111240502585628,0.41213221791123295,0.542156703402608,-0.8402774000028898,-0.9592386043114846,-0.28259741682923273,0.8008112813981934,-0.598916765156381,-0.8941243663932834,-0.4478187327723233,-0.8508286351470322,0.5254432734499875,0.48711226968226357,-0.8733393594273613,0.9678169660187202,0.25165516145376265,0.6116963456430966,0.791092649900681,1,0,0,0,99,58
1701985080,12,8,4,338,16.5,0.0,85,0,0,0,0,1,0,0,-0.9613891968218607,0.2751923186322931,-0.6019998676776046,0.7984961861625556,0.31741440880766936,-0.9482869255037094,-0.9869870631127111,-0.16079968049764676,0.7618397733439909,-0.6477655129374955,-0.907679875544648,-0.4196632501557079,-0.8425150592587969,0.538672790218836,0.4802745099321658,-0.8771182332555959,0.9687926076451028,0.24787271607057126,0.6132402807747664,0.7898964223461742,1,0,0,0,99,58
1701985140,12,8,4,339,16.5,0.0,85,0,0,0,0,1,0,0,-0.2878744485084861,0.9576681585475916,-0.1454851220097925,0.989360439513222,0.07293682364477497,-0.997336562929792,-0.9993339189004324,-0.03649271893274041,0.7198932972784023,-0.6940847502528994,-0.9203490507011184,-0.3910979734971153,-0.8339957954022056,0.5517707977516048,0.473407436701408,-0.8808435723077068,0.9697534666882369,0.24408648845470035,0.6147818765811577,0.7886971815769029,1,0,0,0,99,58
1701985260,12,8,4,341,16.5,0.0,85,0,0,0,0,1,0,0,0.9906032333897737,-0.13676707936387883,0.7539121564757657,0.6569752356961871,-0.4141405343019522,-0.9102129519228418,-0.9772954906073296,0.2118809194773779,0.6277416190291282,-0.7784217749643756,-0.9429797916616176,-0.3328499850049752,-0.8163485729163049,0.5775595272329186,0.45958702808449753,-0.8881327398629437,0.9716307786044408,0.23650291767445097,0.617858026704173,0.7862896787044997,1,0,0,0,99,59
1701985320,12,8,4,342,16.5,0.0,85,0,0,0,0,1,0,0,0.42013968223930687,-0.907459446701534,0.9765908679435658,0.21510526876214117,-0.6264561960895026,-0.7794566276458689,-0.943254108829076,0.33207180876591375,0.5778962671769416,-0.8161102280837784,-0.9529192589311485,-0.3032241513437061,-0.8072249226032686,0.5902439532330229,0.45263453622485383,-0.8916961234728519,0.9725472028320404,0.23270569022603224,0.6193925692862192,0.7850814257852596,1,0,0,0,99,59
1701985380,12,8,4,343,16.5,0.0,85,0,0,0,0,1,0,0,-0.5365983551885637,-0.8438377837054513,0.9601660751415484,-0.2794299700233931,-0.799821845795485,-0.6002374654987004,-0.8944935621620483,0.44708082854294906,0.5257942427685239,-0.8506117882274349,-0.9619282167156328,-0.2733022244444464,-0.7979041999026094,0.6027842796372321,0.4456544178860835,-0.8952050825473546,0.9734487871858886,0.22890491197508778,0.6209247490738762,0.7838701780190033,1,0,0,0,99,59
1701985440,12,8,4,344,16.5,0.0,85,0,0,0,0,1,0,0,-0.9999903395061709,-0.004395553927897717,0.7086591401823227,-0.7055510066862999,-0.9234584470040598,-0.38369844494974187,-0.8317747426285983,0.5551133015206257,0.47163900309419615,-0.8817917275413242,-0.9699978679206785,-0.24311342256103,-0.7883886803350966,0.6151774449047079,0.4386470990986331,-0.898659402917676,0.9743355179089173,0.22510064091681745,0.6224545602223437,0.7826559400262728,1,0,0,0,99,59
1701985500,12,8,4,345,16.4,0.0,86,0,0,0,0,1,0,0,-0.5439958173735323,0.8390879278598296,0.2836477323549146,-0.958928549960796,-0.9896788746762244,-0.14330291350702545,-0.7560763564306933,0.6544834170905228,0.4156420232059537,-0.9095282890296824,-0.977120332668828,-0.21268722454618383,-0.7786806869783608,0.6274204234218935,0.4316130075531242,-0.9020588737499048,0.9752073814707066,0.22129293509971706,0.6239819968958571,0.7814387164390171,1,0,0,0,99,59
1701985560,12,8,4,346,16.4,0.0,86,0,0,0,0,1,0,0,0.412145950487085,0.911117838425468,-0.2108105329134813,-0.9775269404025313,-0.9943658633527529,0.10600249902117563,-0.6685796515669709,0.7436405378343678,0.3580219701119138,-0.9337131620134654,-0.983288655994125,-0.18205334106592852,-0.7687825898997481,0.6395102262411726,0.4245525725742499,-0.9054032875578629,0.9760643645676915,0.2174818526246926,0.62550705326771,0.7802185119005741,1,0,0,0,99,60
1701985620,12,8,4,347,16.4,0.0,86,0,0,0,0,1,0,0,0.9893626321783087,0.14547021017792156,-0.6536550274502899,-0.7567926433898262,-0.9372279987787994,0.34871718957500053,-0.570649984852799,0.8211933967023238,0.29900384888632797,-0.9542519050812327,-0.9884968146335203,-0.1512416855876172,-0.7586968055777015,0.6514439018105791,0.4174662250945703,-0.9086924402157693,0.9769064541233642,0.21366745164417375,0.6270297235202755,0.7789953310656533,1,0,0,0,99,60
1701985680,12,8,4,348,16.4,0.0,86,0,0,0,0,1,0,0,0.6569638725243397,-0.7539220584369601,-0.9364619742512132,-0.3507691132091307,-0.8218178366308225,0.5697503342653119,-0.4638155159838274,0.8859318072699817,0.23881812402958275,-0.9710643148808378,-0.9927397229084867,-0.1202823451699422,-0.7484257963118128,0.6632185366943757,0.41035439762821135,-0.9119261309706986,0.9777336372884741,0.20984979036122642,0.6285500018450296,0.7777691786003179,1,0,0,0,99,60
1701985740,12,8,4,349,16.4,0.0,86,0,0,0,0,1,0,0,-0.27944444178438205,-0.9601618634146094,-0.9899903695023021,0.14113492938566014,-0.6553110218111473,0.755359162711905,-0.3497433611150432,0.9368455482927549,0.17769981950925717,-0.9840847393118021,-0.9960132376910966,-0.08920555108343296,-0.7379720696216873,0.6748312562843274,0.4032175242444657,-0.9151041624548343,0.9785459014412237,0.20602892702866477,0.6300678824425727,0.7765400591819668,1,0,0,0,99,60
1701985860,12,8,4,351,16.4,0.0,86,0,0,0,0,1,0,0,-0.7567827912998033,0.6536664338884767,-0.41613313140840114,0.9093036989610448,-0.2129510519332497,0.9770628687451604,-0.10709138913759518,0.994249181228016,0.053622843881987556,-0.9985612603210722,-0.9996402503703701,-0.026821070811284417,-0.7165267164632748,0.6975596494883844,0.38887038361876797,-0.9212924751370719,0.980125623360871,0.19837782746936225,0.6330964273041816,0.7740729382523853,1,0,0,0,99,59
1701985920,12,8,4,352,16.4,0.0,86,0,0,0,0,1,0,0,0.14114985067939137,0.9899882421792622,0.07075223608034517,0.9974939203271522,0.03539830273366068,0.9993732836951247,0.017701925105413577,0.9998433086476912,-0.008851309290403876,-0.9999608263946371,-0.9999902065507035,0.004425697988050785,-0.7055403255703919,0.70866977429126,0.3816609920523317,-0.9243023786324636,0.9808930570231557,0.19454770798898718,0.6346070800152693,0.7728349461524715,1,0,0,0,99,59
1701985980,12,8,4,353,16.4,0.0,86,0,0,0,0,1,0,0,0.9093099708898409,0.4161194261751267,0.5403149886061247,0.8414628411805024,0.2815467623854851,0.9595475082507646,0.14221900672771448,0.9898352156421706,-0.07129089828943605,-0.9974555668404911,-0.9993636892644466,0.03566814516840596,-0.6943816871258898,0.7196068875324937,0.3744283058660939,-0.9272558674746938,0.9816455234642222,0.19071461994994804,0.6361153118932337,0.7715940059221391,1,0,0,0,99,59
1701986040,12,8,4,354,16.4,0.0,86,0,0,0,0,1,0,0,0.8414546973619527,-0.540327671221366,0.8775897877771157,0.47941231147032193,0.5101900080017631,0.8600617162362019,0.2645168083164075,0.9643810751555119,-0.13345209785628734,-0.9910552646435797,-0.9977613102950975,0.06687576301030233,-0.6830535253513071,0.7303683190727478,0.3671727665059408,-0.9301527613980265,0.9823830112023585,0.1868786218404523,0.6376211171846285,0.7703501222951977,1,0,0,0,99,57
1701986100,12,8,4,355,16.2,0.0,86,0,0,0,0,1,0,0,-3.014435335948845e-05,-0.999999999545659,0.9999999998864147,-1.50721766814562e-05,0.7071121099856378,0.7071014523472988,0.3826869135812598,0.9238780905366516,-0.1950921698369112,-0.9807849128470145,-0.9951846343385268,0.09801807780451909,-0.6715586058548728,0.7409514416628525,0.3598948168125984,-0.9329928835909876,0.983105508984409,0.18303977219311154,0.6391244901452644,0.7691033000166855,1,0,0,0,99,57
1701986160,12,8,4,356,16.2,0.0,86,0,0,0,0,1,0,0,-0.8414872714892108,-0.5402769400239504,0.8775753358042688,-0.4794387656291727,0.8600694058124533,0.5101770449416689,0.4948853175526281,0.8689582973139933,-0.25597041106933305,-0.9666846169547733,-0.9916361774750792,0.12906467960915324,-0.6598997349563215,0.7513536715852107,0.3525949009946041,-0.9357760607071574,0.9838130057859464,0.17919812958404827,0.6406254250402305,0.7678535438428503,1,0,0,0,99,58
1701986220,12,8,4,357,16.2,0.0,86,0,0,0,0,1,0,0,-0.9092848819352602,0.4161742465410129,0.540289623007414,-0.8414791282441333,0.9595517516643209,0.281532299883927,0.5993612016622668,0.8004787004923762,-0.3158490933243467,-0.9488094383205661,-0.9871194047126635,0.15998525194441188,-0.6480797590017714,0.7615724692845757,0.3452734646011943,-0.9385021228757492,0.9845054908114401,0.17535375263200217,0.6421239161439161,0.7666008585411322,1,0,0,0,99,58
1701986280,12,8,4,358,16.2,0.0,86,0,0,0,0,1,0,0,-0.14109016531210986,0.9899967501220404,0.07072216723899125,-0.9974960526543551,0.9993738171110836,0.03538323999893738,0.6944842546815092,0.7195079012766077,-0.374494391629162,-0.9272291791344273,-0.9816387266032314,0.19074960139614014,-0.6361015636688295,0.7716053399880473,0.33793095449511035,-0.9411709037119792,0.9851829534944205,0.17150669999743565,0.6436199577400332,0.7653452488901449,1,0,0,0,99,58
1701986340,12,8,4,359,16.2,0.0,86,0,0,0,0,1,0,0,0.7568221986283603,0.6536208072447929,-0.41616054159134735,-0.9092911544837531,0.9770596589983012,-0.2129657783732482,0.7787701131827185,0.6273094219070648,-0.43167729734891963,-0.9020281098466568,-0.9751994949359482,0.22132768709917786,-0.6239680732620949,0.781449834314135,0.3305678188253245,-0.9437822403272206,0.9858453834976407,0.16765703038163873,0.645113544121638,0.7640867196796574,1,0,0,0,99,58
1701986460,12,8,4,361,16.2,0.0,86,0,0,0,0,1,0,0,0.2793865543595699,-0.9601787090136331,-0.9899946234736917,-0.141105086702016,0.7553492856626053,-0.655322406643472,0.9097588709772145,0.4151370817913813,-0.5407693215265723,-0.8411709344097017,-0.9594714520009706,0.2818058423722779,-0.5992470932877865,0.8005641268419033,0.3157814696574965,-0.9488319468804535,0.9871251052628672,0.15995007521027702,0.6480933284603858,0.7615609217949267,1,0,0,0,99,58
1701986520,12,8,4,362,16.2,0.0,86,0,0,0,0,1,0,0,-0.6570093243162466,-0.7538824495645917,-0.936451400117644,0.3507973420904214,0.5697379476169631,-0.8218264239151785,0.9544177345154423,0.29847409944986975,-0.5922524379646446,-0.8057524742282427,-0.9501979989002931,0.31164685605004694,-0.5866656389929246,0.8098292585632008,0.3083591586419959,-0.9512700086103841,0.987742377497894,0.15609290725336597,0.6495795150505572,0.7602936627558348,1,0,0,0,99,59
1701986580,12,8,4,363,16.2,0.0,86,0,0,0,0,1,0,0,-0.9893538601694428,0.14552985730709223,-0.6536322141284454,0.756812347054107,0.348703063469403,-0.9372332545994372,0.9841832285198314,0.17715352861368974,-0.6414228213067844,-0.7671875678781851,-0.9399966935788086,0.3411835518616152,-0.573940958696269,0.8188966820856021,0.3009180269727937,-0.9536500097220159,0.988344577999499,0.1522333575107376,0.6510632236923164,0.7590235034275084,1,0,0,0,99,59
1701986640,12,8,4,364,16.2,0.0,86,0,0,0,0,1,0,0,-0.41209101962194344,0.9111426845159583,-0.21078106590019152,0.9775332947055968,0.10598751175115685,-0.9943674609282015,0.9985908724117705,0.05306853621402457,-0.688088462258297,-0.7256268104935293,-0.9288774974380447,0.37038708772476847,-0.5610761589460167,0.8277641837276992,0.2934585288182137,-0.9559718049523478,0.9889316975788438,0.1483714848743724,0.652544448725766,0.7577504486552193,1,0,0,0,99,59
1701986700,12,8,4,365,16.0,0.0,87,0,0,0,0,1,0,0,0.5440464039108651,0.8390551295306261,0.2836766385070983,0.9589199991476417,-0.1433178301056054,-0.9896767146769802,0.997415839727087,-0.07184457294402906,-0.7320671324899203,-0.6812324959424539,-0.9168512681843369,0.39922894688232846,-0.5480743804985193,0.8364295986161443,0.2859811194675758,-0.9582352525909659,0.9895037272772058,0.14450734827169542,0.6540231845004826,0.7564745032952847,1,0,0,0,99,62
1701986760,12,8,4,366,16.0,0.0,87,0,0,0,0,1,0,0,0.9999900726865629,-0.004455842044182302,0.7086804082392084,0.705529644294206,-0.38371236343503057,-0.9234526637284138,0.9806764664578257,-0.19563657157033057,-0.7731870962355524,-0.6341779830732337,-0.9039297492264633,0.42768096574828196,-0.5349387975515134,0.8448908112141716,0.27848625530340665,-0.9604402144886925,0.9900606583661156,0.14064100666467697,0.6554994253755387,0.7551956722150481,1,0,0,0,99,62
1701986820,12,8,4,367,16.0,0.0,87,0,0,0,0,1,0,0,0.5365474803247321,-0.8438701329927379,0.9601744979410612,0.27940102631098374,-0.6002495204866958,-0.7998127988195062,0.948633964925225,-0.31637572692962224,-0.8112877809167417,-0.5846470187516472,-0.8901255582084044,0.4557153614090449,-0.5216726169691845,0.8531457558380763,0.27097439377358495,-0.9625865560660185,0.99060248234749,0.13677251904893306,0.6569731657195242,0.7539139602928616,1,0,0,0,99,61
1701986880,12,8,4,368,16.0,0.0,87,0,0,0,0,1,0,0,-0.42019439103217676,-0.9074341153742778,0.9765843832906294,-0.21513470736462095,-0.7794660696158047,-0.626444447910339,0.9017883476488092,-0.4321779448847783,-0.8462204041751706,-0.5328330203333975,-0.8754521746884285,0.4833047587530059,-0.5082790774992584,0.8611924171615208,0.26344599336342084,-0.9646741463213163,0.9911291909537616,0.13290194445282522,0.6584443999105676,0.7526293724180665,1,0,0,0,99,61
1701986940,12,8,4,369,16.0,0.0,87,0,0,0,0,1,0,0,-0.9906114770998198,-0.1367073569275377,0.7538923520395793,-0.6569979615921431,-0.910219193818759,-0.4141268153644828,0.8408706248182544,-0.5412361705556629,-0.8778485548645799,-0.47893832037347833,-0.8599239269765315,0.5104222172018581,-0.49476144898230595,0.8690288307075485,0.2559015135676726,-0.9667028578388368,0.9916407761480053,0.12902934193655957,0.6599131223363575,0.751341913490975,1,0,0,0,99,60
1701987060,12,8,4,371,16.0,0.0,87,0,0,0,0,1,0,0,0.28793218456003195,0.9576508012289697,-0.14551494557438124,-0.9893560535087885,-0.9973354634998167,0.07295185566937777,0.6808260219507706,-0.7324451705313435,-0.9307107957178061,-0.3657559496909493,-0.8263643112123579,0.5631358851596348,-0.46736715483673286,0.8840633136714912,0.24076615867736564,-0.9705831529733789,0.9926185453066497,0.12127828953819604,0.6628430094908613,0.7487584021358946,1,0,0,0,99,59
1701987120,12,8,4,372,16.0,0.0,87,0,0,0,0,1,0,0,0.9614057860636483,0.27513435722086477,-0.6020239375552833,-0.7984780389030324,-0.9482821412699473,0.31742870151970165,0.5841965844132856,-0.8116121923430246,-0.9517384599623535,-0.3069102537037296,-0.808365713555359,0.5886806206663637,-0.45349717713213844,0.8912577126360152,0.23317620736685893,-0.9724344997571855,0.9930847143514961,0.1173999579276213,0.6643041630429463,0.7474623595632162,1,0,0,0,99,58
1701987180,12,8,4,373,16.0,0.0,87,0,0,0,0,1,0,0,0.7509673416102893,-0.6603393459690063,-0.9111364733038093,-0.412104752478659,-0.840269228425824,0.5421693681504614,0.4784509545656371,-0.8781142773439177,-0.9690496058881397,-0.24686607974373714,-0.78957776049726,0.6136505195370826,-0.4395164845958098,0.8982345238124292,0.22557202418248906,-0.9742264941512392,0.9935357301454335,0.11351983493813046,0.6657627824765626,0.746163465648825,1,0,0,0,99,60
1701987240,12,8,4,374,16.0,0.0,87,0,0,0,0,1,0,0,-0.14990701345623575,-0.9887000997858916,-0.997171023392149,0.07516615000819327,-0.6800124447360528,0.7332005694242856,0.365239257594056,-0.9309136827397816,-0.9825766338407864,-0.18585789902532845,-0.7700187981553854,0.6380211990892903,-0.4254284904133183,0.9049920439123458,0.21795407324440425,-0.9759590267814386,0.9939715858065156,0.10963797977562646,0.6672188622275204,0.7448617253476065,1,0,0,0,99,60
1701987300,12,8,4,375,15.8,0.0,88,0,0,0,0,1,0,0,-0.9129575516827102,-0.40805454148374776,-0.8390633293988445,0.5440337574619116,-0.47747578081934605,0.8786449104905553,0.24632812416515168,-0.9691864914686324,-0.9922667210656196,-0.12412394718862174,-0.7497079255245411,0.661768861767981,-0.4112366339663935,0.9115286231841491,0.2103228195130653,-0.9776319919029218,0.9943922746841213,0.10575445167244309,0.668672396741318,0.7435571436253043,1,0,0,0,99,59
1701987360,12,8,4,376,15.8,0.0,88,0,0,0,0,1,0,0,-0.8366391272115635,0.5477544804186207,-0.47552366901205834,0.879702927248347,-0.24525198546765434,0.9694593666699876,0.123573122745224,-0.9923354691509287,-0.9980820279793963,-0.061905293994420546,-0.72866497582717,0.6848703183835534,-0.39694437999324705,0.9178426658157577,0.20267872876086712,-0.9792452874065205,0.9947977903590559,0.10186930988644112,0.6701233804731629,0.7422497254585013,1,0,0,0,99,57
1701987420,12,8,4,377,15.8,0.0,88,0,0,0,0,1,0,0,0.00888145245887885,0.9999605591233189,0.0044407700166209495,0.9999901397322173,0.002220390481728404,0.9999975349300161,-0.0011101959250420757,-0.9999993837323141,-0.9999998459330667,0.0005550980480432917,-0.7069104971465471,0.7073030107556603,-0.3825552177427069,0.9239326303242191,0.1950222675437101,-0.9807988148249923,0.9951881266436493,0.09798261370010419,0.6715718078879934,0.7409394758346002,1,0,0,0,99,57
1701987480,12,8,4,378,15.8,0.0,88,0,0,0,0,1,0,0,0.8462364656975445,0.5328075113244262,0.48331795366796265,0.8754448901342752,0.24955471330524379,0.9683606998774462,-0.1257761903592125,-0.9920586423890088,-0.9980126858885634,0.06301332244450873,-0.6844657323619245,0.7290450337408892,-0.36807266012236683,0.9297970299320409,0.1873539031725241,-0.982292479339031,0.9955632775818498,0.09409442241963412,0.673017673460499,0.7396263997518051,1,0,0,0,99,58
1701987540,12,8,4,379,15.8,0.0,88,0,0,0,0,1,0,0,0.9055655749932976,-0.42420630521841407,0.8438620459584654,0.5365601992235288,0.48137293275405046,0.8765158866853267,-0.24847948940976328,-0.9686371577338252,-0.9921283076633347,0.12522548116532597,-0.6613525984052206,0.7500751566227634,-0.3535002428409609,0.9354344329301663,0.17967410368474607,-0.9837261897830529,0.9959232374493159,0.09020479537404606,0.6744609716751422,0.7383105022191023,1,0,0,0,99,57
1701987660,12,8,4,381,15.8,0.0,88,0,0,0,0,1,0,0,-0.7625779510977885,-0.6468963352033299,0.9074404485153088,-0.4201807139771352,0.842668592620235,0.5384325798198252,-0.48039953173383443,-0.8770497647852786,-0.9687749389784189,0.2479417625317701,-0.6132121319201985,0.7899182750550117,-0.32410008095107623,0.9460227996869345,0.1642820749702558,-0.9864134021004922,0.9965975622337464,0.08242147141221098,0.6773398440176795,0.7356702628937135,1,0,0,0,99,55
1701987720,12,8,4,382,15.8,0.0,88,0,0,0,0,1,0,0,-0.9563671216345017,0.29216763793503586,0.594908548461427,-0.8037933932096717,0.9496824188142243,0.31321446868745406,-0.5859972403145539,-0.8103130471266812,-0.9513971429236797,0.3079666807248138,-0.588231807740446,0.8086923644763854,-0.30927951397046544,0.9509711784476923,0.15657078519364281,-0.98766673996032,0.9969119168613444,0.07852789325991148,0.6787754071635509,0.734345931172738,1,0,0,0,99,55
1701987780,12,8,4,383,15.8,0.0,88,0,0,0,0,1,0,0,-0.27087677105340535,0.9626140321560251,0.13672228758321528,-0.9906094165098637,0.9976495919183909,0.06852219892172288,-0.6824506579520153,-0.7309316653838863,-0.930304161385911,0.3667889956201752,-0.5626770851828893,0.8266767795275779,-0.29438344083220963,0.9556873912340734,0.14884993914329722,-0.9888597957329627,0.9972110598396317,0.07463311686857685,0.6802083809875555,0.7330187981452375,1,0,0,0,99,56
1701987840,12,8,4,384,15.8,0.0,88,0,0,0,0,1,0,0,0.6636564336219596,0.7480375245348201,-0.3549383576518463,-0.9348897059372352,0.9835877454343449,-0.18043044929108396,-0.7682546613236668,-0.6401443394691997,-0.9055783620066239,0.424179007336997,-0.5365729180004349,0.8438539587324921,-0.27941549819892586,0.960170286650366,0.1411200080598672,-0.9899924966004454,0.9974949866040544,0.0707372016677029,0.6816387600233341,0.7316888688738209,1,0,0,0,99,56
1701987900,12,8,4,385,15.8,0.0,89,0,0,0,0,1,0,0,0.9880269738337468,-0.1542812333919083,-0.7596977140257526,-0.6502763899328083,0.9083711768690177,-0.41816480606765055,-0.8420703076547856,-0.5393677752389131,-0.8773162985032573,0.4799126091076827,-0.509944796469342,0.8602071288671359,-0.2643793402791376,0.964418770261948,0.13338146373850462,-0.9910647734285454,0.9977636928222396,0.06684020710416233,0.6830665388144254,0.7303561484317642,1,0,0,0,99,56
1701987960,12,8,4,386,15.8,0.0,89,0,0,0,0,1,0,0,0.4040100708226276,-0.9147545368424774,-0.9784565746221131,-0.20645273449087873,0.7766764881502719,-0.629899700551255,-0.9027457284726566,-0.43017455727224563,-0.8456283336289784,0.5337721624100279,-0.482818722498399,0.8757203213383905,-0.2492786379351523,0.9684318048624773,0.12563477850006885,-0.9920765607710116,0.9980171743940611,0.06294219264129754,0.6844917119142869,0.7290206419029908,1,0,0,0,99,56
1701988020,12,8,4,387,15.8,0.0,89,0,0,0,0,1,0,0,-0.5514518281149147,-0.8342067377267571,-0.9576551408849527,0.2879177506452518,0.5966918171697799,-0.8024704825242022,-0.9493341041288368,-0.3142686092149499,-0.8106382082084923,0.5855473468409921,-0.4552211842385018,0.8903783877770709,-0.2341170777868726,0.9722084107271113,0.117880425162299,-0.9930277968735597,0.9982554274517018,0.05904321775801332,0.6859142738863169,0.7276823543820522,1,0,0,0,99,57
1701988080,12,8,4,388,15.8,0.0,89,0,0,0,0,1,0,0,-0.9999114594340064,0.013306888913466725,-0.7023863292684922,0.711795928940826,0.3796077390275217,-0.9251475365964139,-0.981108438603097,-0.1934586046207122,-0.7724825579327705,0.6350359814133715,-0.42717913021742326,0.904167014830051,-0.2188983613117615,0.9757476658516921,0.11011887701095537,-0.9939184236776407,0.9984784483597131,0.055143341947869365,0.6873342193038735,0.7263412909741086,1,0,0,0,99,55
1701988140,12,8,4,389,15.8,0.0,89,0,0,0,0,1,0,0,-0.5290571062774264,0.8485862232545117,-0.2751488476674837,0.9614016390808037,0.13892149027273704,-0.9903033977223353,-0.9975729040331677,-0.06962974320527361,-0.7313103797996011,0.6820448140682276,-0.3987199430250338,0.9170727381370105,-0.20362620394117933,0.9790487061778415,0.10235060777093262,-0.9947483868239851,0.9986862337150706,0.05124262471817234,0.6887515427502967,0.7249974567949091,1,0,0,0,99,53
1701988260,12,8,4,391,15.8,0.0,89,0,0,0,0,1,0,0,0.9917827103751873,0.12793379303705288,0.6603280271815468,0.7509772942762827,-0.3528616624994258,-0.9356755031196132,-0.9837874524305575,0.17933836299072597,-0.6405706975070254,0.7678992000877217,-0.34066170896673886,0.9401859390800635,-0.17293649256292973,0.9849329771817125,0.08679580294659275,-0.9962261232224621,0.9990560853181523,0.04343890409263279,0.6915783021131328,0.7223014966385688,1,0,0,0,99,53
1701988320,12,8,4,392,15.8,0.0,89,0,0,0,0,1,0,0,0.6435150601529656,-0.7654334506384766,0.9395300555699313,0.3424664577455166,-0.5733818719904229,-0.8192882452914593,-0.9537526527594719,0.3005925437436371,-0.5913575298651244,0.8064094939122546,-0.3111193549811273,0.9503708470676735,-0.157526431008143,0.987514771299061,0.07901021674738969,-0.9968738062811815,0.999218145922396,0.03953601977196579,0.692987727246318,0.7209493809456964,1,0,0,0,99,51
1701988380,12,8,4,393,15.8,0.0,89,0,0,0,0,1,0,0,-0.2963973686521434,-0.9550647097742044,0.9887023590985824,-0.14989211157661958,-0.7582519738110213,-0.6519616125292119,-0.9088348619329069,0.4171560783872076,-0.5398351237242685,0.8417707759203831,-0.281273198225157,0.9596277340511744,-0.14207791163447184,0.9898554778479468,0.07121980817179005,-0.9974606453008427,0.9993649596871111,0.035632532180279806,0.6943945088419551,0.7195945150500662,1,0,0,0,99,52
1701988440,12,8,4,394,15.8,0.0,89,0,0,0,0,1,0,0,-0.9638034236249698,-0.26661387925010005,0.7958058429196471,-0.6055518643146514,-0.8959776404338033,-0.44409916442465225,-0.8497350070535673,0.5272100319490078,-0.486204672977848,0.873844961062604,-0.2511523829644027,0.9679475608375188,-0.1265947059763584,0.9919545253784365,0.06342505270618003,-0.9979866044638166,0.9994965243721002,0.03172850087999289,0.6957986415336003,0.7182369041200796,1,0,0,0,99,52
1701988500,12,8,4,395,15.8,0.0,89,0,0,0,0,1,0,0,-0.745093055724214,0.6669605223036468,0.4080683016949204,-0.9129514013088668,-0.97799575697159,-0.20862478123551537,-0.777375321590387,0.6290370492922037,-0.4306756033883254,0.9025068003323309,-0.2207863216638081,0.9753222032570393,-0.11108059403640383,0.9938114014381801,0.055626426102257626,-0.9984516516682669,0.9996128379698479,0.02782398544181939,0.6972001199649138,0.7168765533346099,1,0,0,0,99,52
1701988560,12,8,4,396,15.8,0.0,89,0,0,0,0,1,0,0,0.15865243143670757,0.9873344954974584,-0.07957859166428352,-0.9968285949694307,-0.9992068341863537,0.0398208803931389,-0.6928849542336957,0.7210481538680822,-0.3734647547841147,0.9276443698605846,-0.19020466626691288,0.9817444600965631,-0.0955393633625346,0.9954256526975189,0.04782440434799511,-0.998855758530109,0.9997138987055519,0.023919045443861007,0.6985989387896817,0.7155134678829815,1,0,0,0,99,53
1701988620,12,8,4,397,15.8,0.0,89,0,0,0,0,1,0,0,0.916533604797894,0.3999576868572196,-0.54774187038366,-0.8366473829688406,-0.9582920700310633,0.28579067254824764,-0.5975823489075595,0.8018075431636471,-0.31479553430469187,0.9491595079763061,-0.15943727924123308,0.9872080601312739,-0.07997480812332723,0.9967968850601596,0.04001946363858728,-0.9991989003847431,0.9997997050371497,0.020013740470697712,0.6999950926718352,0.7141476529649515,1,0,0,0,99,52
1701988680,12,8,4,398,15.8,0.0,89,0,0,0,0,1,0,0,0.8317580087191734,-0.5551383745801722,-0.8817988360675502,-0.47162571251991114,-0.857795346373455,0.5139913848889341,-0.49295467089331135,0.8700549939196184,-0.2548970440004961,0.9669681985255819,-0.12851420441806832,0.9917076682484567,-0.06439072818171633,0.997924763759387,0.03221208034738687,-0.9994810562885589,0.9998702556553423,0.016108130112478542,0.7013885762854716,0.7127791137906885,1,0,0,0,99,52
1701988740,12,8,4,399,15.8,0.0,89,0,0,0,0,1,0,0,-0.017732064727370864,-0.9998427745803359,-0.9999606928725588,0.008866380875648453,-0.703965062742588,0.7102346023940429,-0.38063460011273087,0.9247255274928996,-0.19400318619432566,0.9810008989529264,-0.09746563765521044,0.9952388906571443,-0.04879092816731252,0.9988090134397928,0.024402730996829252,-0.9997022090202143,0.9999255494836139,0.012202273964012331,0.7027793843148743,0.7114078555807535,1,0,0,0,99,51
1701988860,12,8,4,401,15.8,0.0,89,0,0,0,0,1,0,0,-0.9017753195144049,0.4322051285150291,-0.5328202658894324,0.8462284350324767,-0.2772828564548513,0.9607883312760612,-0.14002083545661836,0.9901485573579505,-0.07018348324944229,0.9975340990056306,-0.03511339483992818,0.9993833346133081,-0.017559404697937788,0.9998458217678634,0.008780040778282644,-0.9999614546990957,0.9999903636283441,0.004390062693417029,0.7055529524091665,0.7086572029879528,1,0,0,0,99,49
1701988920,12,8,4,402,15.8,0.0,89,0,0,0,0,1,0,0,-0.12354320937804643,0.9923391937319478,-0.06189025071872073,0.9980829609135574,-0.030959966783271346,0.9995206253283515,-0.015481838903188173,0.9998801491499747,-0.00774115140096295,0.9999700368385982,-0.003870604694478365,0.9999925091815933,-0.0019353059714989746,0.9999981272936448,0.0009676534387822795,-0.9999995318233016,0.9999998829558185,0.0004838267760202487,0.7069357018937364,0.7072778190979907,1,0,0,0,99,47
1701988980,12,8,4,403,15.8,0.0,89,0,0,0,0,1,0,0,0.7682739577117872,0.6401211806383749,0.42419265632588754,0.9055719686028203,0.2172878636707302,0.9761075679972009,0.10929874656829122,0.9940089456330866,0.054731409478074984,0.9985011130772681,0.02737596503077039,0.9996252080348085,0.013689265232136597,0.9999062976186339,-0.0068447929612965195,-0.9999765741302729,0.999994143515419,-0.003422416523977862,0.7083157546334748,0.7058957371581238,1,0,0,0,99,45
1701989040,12,8,4,404,15.8,0.0,89,0,0,0,0,1,0,0,0.953743591158287,-0.3006212938640479,0.8064184068658303,0.591345375451585,0.45202578717835057,0.8920048697881602,0.23237376165548454,0.9726265649744922,0.11699024537436405,0.9931330638374931,0.05859580259074419,0.9982817898362899,0.029310494397997367,0.999570355161729,-0.014656821590492326,-0.9998925830212285,0.9999731453947223,-0.007328607602110553,0.7096931053638997,0.7045109624405745,1,0,0,0,99,40
1701989100,12,8,4,405,15.9,0.0,89,0,0,0,0,1,0,0,0.26234576530777837,-0.9649739371739923,0.9912048065798491,0.13233681049883225,0.6586589365905422,0.7524416291310683,0.3518226619114605,0.9360666720728467,0.17879223686608067,0.9838868512366772,0.08975842234387488,0.9959635664111105,0.044924567827022366,0.9989903819384626,-0.022467955642842295,-0.9997475636225533,0.9999368889141338,-0.011234686854707914,0.7110677488308368,0.7031235002278377,1,0,0,0,99,40
1701989160,12,8,4,406,15.9,0.0,89,0,0,0,0,1,0,0,-0.6702515472972181,-0.742133992851483,0.9333097001669604,-0.35907242107165305,0.82433986348825,0.5660952123664124,0.46578148719844353,0.8848997718291073,0.23989604849902457,0.9707985815371557,0.12083339452081168,0.9926728014651041,0.060527673567121146,0.9981665195409792,-0.030277718366983942,-0.9995415247854836,0.9998853746268829,-0.015140594679806359,0.712439679790439,0.7017333558126596,1,0,0,0,99,41
1701989220,12,8,4,407,15.9,0.0,89,0,0,0,0,1,0,0,-0.9866226783405293,0.16302052197242078,0.6469078288394643,-0.7625682008753121,0.938767330299503,0.34455173713441634,0.572471948162346,0.819924306608365,0.3000630711964028,0.953919364152014,0.15179037493857458,0.9884127083743951,0.07611600234380722,0.9970989691034674,-0.03808563309525359,-0.9992744790855682,0.9998186033190141,-0.01904627147805807,0.7138088930092067,0.700340534498019,1,0,0,0,99,41
1701989280,12,8,4,408,15.9,0.0,89,0,0,0,0,1,0,0,-0.39589746896115763,0.9182947207025364,0.2021203593127912,-0.9793606896089245,0.9948267913584063,0.10158570369662134,0.6702291758433747,0.7421541968137826,0.3590583540221683,0.933315112063922,0.182599134631134,0.9831874470475918,0.09168574849017776,0.9957879912530557,-0.045891223272779696,-0.9989464428219001,0.9997365760093756,-0.022951657653640416,0.7151753832640076,0.6989450415971057,1,0,0,0,99,41
1701989340,12,8,4,409,15.9,0.0,89,0,0,0,0,1,0,0,0.5588140476063818,0.8292929881518187,-0.29215322336762034,-0.9563715251281321,0.9890327408959049,-0.1476964367746696,0.7575277013993184,0.6528030189978178,0.4166515216593972,0.909066284436349,0.21322958936748326,0.9770021198637056,0.10723311087601266,0.9942339060461842,-0.05369401248656933,-0.9985574360161222,0.9996392939496032,-0.026856693615165312,0.7165391453420968,0.6975468824333009,1,0,0,0,99,38
1701989400,12,8,4,410,15.9,0.0,89,0,0,0,0,1,0,0,0.9997545059076306,-0.022156893225121342,-0.7148975077677644,-0.6992292566729738,0.9217454249067293,-0.3877955281633778,0.833005260536624,0.5532650684060137,0.4726176740209713,0.8812675724222507,0.24365182902837945,0.9698627666897649,0.12275429383576587,0.9924370928904676,-0.06149352449458594,-0.998107482411205,0.9995267586241013,-0.030761319776588504,0.7179001740411366,0.696146062340157,1,0,0,0,99,39
1701989460,12,8,4,411,15.9,0.0,89,0,0,0,0,1,0,0,0.5215252820815293,-0.8532358291526332,-0.9626099493441341,-0.2708912797114064,0.7971484427982678,-0.6037833718680043,0.8954840511890774,0.4450936014660263,0.5267382644796055,0.8500275293971443,0.2738361468130674,0.9617763589829874,0.13824550809522282,0.9903979904520676,-0.06928928325481673,-0.9975966094699971,0.9993989717500206,-0.03466547655811879,0.719258464169216,0.6947425866613768,1,0,0,0,99,39
1701989520,12,8,4,412,15.9,0.0,89,0,0,0,0,1,0,0,-0.43619188095326605,-0.8998536786558422,-0.97464190312541,0.22377033018717848,0.6229886314423488,-0.7822308898871159,0.9439891127251193,0.32997659774057014,0.5788019532877502,0.8154681470604999,0.3037530682474665,0.95275079298327,0.15370297169659722,0.9881170965485999,-0.07708081295432778,-0.9970248483735498,0.9992559352772317,-0.03856910438712712,0.7206140105448711,0.6933364607507934,1,0,0,0,99,35
1701989580,12,8,4,413,15.9,0.0,89,0,0,0,0,1,0,0,-0.9928762402415507,-0.11915020589072603,-0.7480475271968774,0.6636451589928438,0.4100944043797453,-0.9120430798467921,0.9777635398824176,0.2097104195709025,0.6286054328547828,0.7777243790607642,0.3333733799654944,0.9427948820026454,0.16912291092184195,0.9855949680275984,-0.08486763803830527,-0.9963922340192135,0.9990976513882949,-0.04247214369905562,0.7219668079971044,0.6919276899723498,1,0,0,0,99,34
1701989640,12,8,4,414,15.9,0.0,89,0,0,0,0,1,0,0,-0.6367147631351318,0.7710994166809965,-0.3383050275409778,0.9410365074429887,0.17170249351277814,-0.9851488485104646,0.9962802940213323,0.08617178044329644,0.6759542216587983,0.7369436140042521,0.36266815823542314,0.9319183478192314,0.18450156121394817,0.9828322206305692,-0.09264928323908087,-0.9956988050185078,0.9989241224984278,-0.04637453493832645,0.7233168513654049,0.6905162797000783,1,0,0,0,99,33
1701989700,12,8,4,415,15.9,0.0,89,0,0,0,0,1,0,0,0.30483933083715453,0.9524037916633658,0.15426634165726855,0.9880292990755299,-0.07736504677330103,-0.9970028332646628,0.9992504273866143,-0.038711540497229205,0.7206634236927906,0.693285099905793,0.3916087972034126,0.9201318111840806,0.19983516809600785,0.9798295288426657,-0.10042527360513957,-0.9949446036947649,0.9987353512554678,-0.050276218559250574,0.7246641354997674,0.6891022353180801,1,0,0,0,99,33
1701989760,12,8,4,416,15.9,0.0,89,0,0,0,0,1,0,0,0.9661255498763625,0.25807251282555527,0.6090679301910603,0.7931180595679168,-0.32162240316253093,-0.9468680107512125,0.9866275920404853,-0.16299078079570548,0.7625584504796027,0.6469193223286404,0.4201670368266409,0.9074467814501962,0.21511998808781552,0.9765876257280235,-0.10819513453010837,-0.9941296760805463,0.9985313405398316,-0.05417713502693632,0.7260086552607126,0.6876855622205048,1,0,0,0,99,34
1701989820,12,8,4,417,15.9,0.0,89,0,0,0,0,1,0,0,0.7391603938754915,-0.6735294441417006,0.9147484474274064,0.4040238581187374,-0.5458828362759094,-0.8378615214099336,0.958608763106705,-0.2847266044735426,0.8014757028361941,0.5980273386419961,0.4483149904687573,0.8938756453338451,0.2303522896197853,0.9731073027507925,-0.11595839178172378,-0.9932540719148331,0.9983120934644719,-0.05807722481819786,0.7273504055193061,0.6862662658115296,1,0,0,0,99,32
1701989880,12,8,4,418,15.9,0.0,89,0,0,0,0,1,0,0,-0.1673854194417015,-0.9858915363052498,0.9964666417661079,-0.08398947462256867,-0.7362029185702026,-0.6767608607837156,0.9156311650396451,-0.40201936471784816,0.837263209724949,0.5468000709958585,0.4760251721307086,0.879431654819139,0.24552835394396,0.9693894095819128,-0.12371457153077643,-0.9923178446399905,0.9980776133748294,-0.061976428422463405,0.7286893811571785,0.684844351505339,1,0,0,0,99,31
1701989940,12,8,4,419,15.9,0.0,89,0,0,0,0,1,0,0,-0.9200378500616057,-0.39182949666151784,0.8342150492113882,-0.5514392547409379,-0.8807494691286899,-0.4735824876719271,0.8583654488829123,-0.513038747234589,0.8697812216973269,0.49343756077411205,0.5032705232903513,0.8641289142176971,0.26064447604189017,0.9654348538916795,-0.1314632003800313,-0.9913210513985062,0.9978279038487815,-0.0658746863426833,0.7300255770665447,0.6834198247261037,1,0,0,0,99,30
1701990060,12,8,4,421,15.9,0.0,89,0,0,0,0,1,0,0,0.02658128773805108,0.9996466551448001,-0.013291818069772856,-0.999911659884212,-0.9999779147271733,0.00664605581484232,0.7047531284730695,-0.7094526255553792,0.9245140954997331,0.38114785480481245,0.5562607954885853,0.831007778184059,0.290682147556348,0.956819674281434,-0.14693591412341295,-0.9891460140650201,0.9972828119608349,-0.07366812721584506,0.732689609321657,0.6805629554949912,1,0,0,0,99,25
1701990120,12,8,4,422,15.9,0.0,89,0,0,0,0,1,0,0,0.8555355864224282,0.5177440104577087,-0.491047853850463,-0.8711325991081119,-0.9672467624934477,0.2538379413049674,0.6108035931029845,-0.7917821484805551,0.9465152266288576,0.3226591479560474,0.5819539724256346,0.813221724979125,0.3055963637061761,0.9521611536339647,-0.15465905464284221,-0.9879679027260867,0.9969874379163678,-0.07756319125046778,0.7340174355049299,0.6791306239412018,1,0,0,0,99,24
1701990180,12,8,4,423,15.9,0.0,89,0,0,0,0,1,0,0,0.8979144124545271,-0.44017008974536365,-0.8485782491159444,-0.5290698962588196,-0.8743768913514411,0.4852474130488386,0.5073226719510776,-0.8617561757970866,0.9648202360536098,0.26291046403948376,0.6070788811845279,0.7946415745603435,0.3204359728866724,0.9472701764967436,-0.16237275557071826,-0.9867294909185454,0.9966768510702316,-0.0814570717662211,0.7353424616347886,0.6776957017105018,1,0,0,0,99,24
1701990240,12,8,4,424,15.9,0.0,89,0,0,0,0,1,0,0,0.1147548686204055,-0.9933938393849207,-0.9983470937967718,-0.057472430847665464,-0.7271425000808527,0.6864865509069841,0.39592515018183416,-0.9182827862121189,0.979357643103917,0.20213512038718198,0.6316109877182386,0.775285470129288,0.33519735222008545,0.9421479369316923,-0.1700765461024943,-0.9854308542286699,0.9963510561615996,-0.08534970934727917,0.7366646826566614,0.6762581942766833,1,0,0,0,99,23
1701990300,12,8,4,425,16.1,0.0,89,0,0,0,0,1,0,0,-0.773909772204126,-0.6332958743643905,-0.9036857513440141,0.42819629005609655,-0.5346979100127022,0.845043279973309,0.27834934886459767,-0.9604799008759395,0.9900706795163514,0.14057044341549993,0.6555263368410532,0.7551723125934571,0.3498768979273589,0.9367956854601374,-0.17776995603850315,-0.9840720719185504,0.9960100581617011,-0.08924104459678178,0.7379840935266768,0.6748181071234004,1,0,0,0,99,23
1701990360,12,8,4,426,16.1,0.0,89,0,0,0,0,1,0,0,-0.9510453375319575,0.3090513969532009,-0.5877706198198406,0.8090276252864301,-0.30900839366720273,0.9510593107915064,0.15642999905467883,-0.9876890479274097,0.9969175111129831,0.07845684187051573,0.6788015756204033,0.7343217421098587,0.3644710262079424,0.9312147287575134,-0.1854525158126556,-0.9826532269212557,0.9956538622737461,-0.09313101813774066,0.7393006892116836,0.6733754457441478,1,0,0,0,99,21
1701990420,12,8,4,427,16.1,0.0,89,0,0,0,0,1,0,0,-0.2537942055031938,0.9672582391755589,-0.12794874134676187,0.9917807820218032,-0.06410623206130915,0.9979430800456014,0.032069611428879305,-0.9994856377271265,0.9998714011629511,0.016036868037019116,0.701413976180608,0.7127541189067303,0.3789761741147256,0.9254064293343575,-0.19312375652110036,-0.9811744058357712,0.9952824739328456,-0.09701957061394559,0.7406144646892693,0.67193021564224,1,0,0,0,99,20
1701990480,12,8,4,428,16.1,0.0,89,0,0,0,0,1,0,0,0.6767941486332613,0.7361723170398212,0.36319945137636067,0.9317114137542325,0.18478174456066745,0.9827795820412206,-0.09279121175730869,-0.9956855884367365,0.9989208147888241,-0.046445729422969886,0.7233414578962587,0.6904905034021214,0.39338880042387997,0.9193722052036709,-0.20078320995084364,-0.9796356989217142,0.9948958988059289,-0.10090664269087,0.7419254149477796,0.6704824223307908,1,0,0,0,99,20
1701990540,12,8,4,429,16.1,0.0,89,0,0,0,0,1,0,0,0.9851410837124249,-0.17174703834974567,0.7654237513788508,0.6435265968280777,0.4221808872816973,0.9065116096410674,-0.21620405911884805,-0.9763481985544571,0.9940694640100503,-0.10874695730351001,0.7445626089535755,0.6675526356387524,0.4077053864993983,0.9131135295347322,-0.2084304086083264,-0.9780372000938237,0.9944941427916566,-0.10479217505657644,0.743233534986338,0.6690320713326916,1,0,0,0,99,22
1701990600,12,8,4,430,16.1,0.0,89,0,0,0,0,1,0,0,0.38775384963726117,-0.921762958732604,0.9802456219572225,0.19778402522372224,0.6333308672314487,0.7738811359710619,-0.3362431144491573,-0.9417752215818438,0.9853362932476007,-0.17062353064298638,0.7650567072586797,0.6439629140552325,0.4219224371521189,0.906631930293444,-0.21606488574795768,-0.9763790069162293,0.9940772120203313,-0.10867610842262153,0.7445388198148641,0.6675791681805906,1,0,0,0,99,18
1701990660,12,8,4,431,16.1,0.0,89,0,0,0,0,1,0,0,-0.5661324855759046,-0.824314265784384,0.9550691770192314,-0.2963829737144291,0.8051034013449543,0.5931344814987454,-0.45103520843790823,-0.8925061572613225,0.9727554053464115,-0.2318338227466793,0.7848037406723669,0.619744373614364,0.43603648149302604,0.8999289898693018,-0.22368617540060243,-0.9746612205964957,0.9936451128538035,-0.11255838352496064,0.745841264454093,0.6661237184168716,1,0,0,0,99,17
1701990720,12,8,4,432,16.1,0.0,89,0,0,0,0,1,0,0,-0.9995192244043064,0.03100516160599342,0.6960584883449115,-0.7179850839697136,0.926818505417785,0.3755095977670121,-0.5587890488516163,-0.8293098328631502,0.956375928404503,-0.2921388087338362,0.8037844265516209,0.594920663309892,0.4500440737806176,0.8930063446890767,-0.23129381240202182,-0.9728839459794464,0.9931978518853749,-0.11643894112485227,0.7471408639355942,0.6646657275936332,1,0,0,0,99,18
1701990780,12,8,4,433,16.1,0.0,89,0,0,0,0,1,0,0,-0.5139525978344581,0.8578185864034492,0.2666284058353037,-0.9637994050640022,0.9909085237962186,0.13453734599730627,-0.6578231730498302,-0.7531724058930022,0.9362618239288095,-0.3513029989247159,0.8219802305787883,0.5695160230736639,0.4639417942621338,0.8858656848173045,-0.2388873324212645,-0.9710472915407634,0.9927354359396977,-0.1203177220097618,0.7484376133017908,0.6632052012726672,1,0,0,0,99,16
1701990840,12,8,4,434,16.1,0.0,89,0,0,0,0,1,0,0,0.4441396769705497,0.8959575588946699,-0.22808160941352784,-0.9736420181192547,0.9933886495524434,-0.1147997863254662,-0.7465921866472573,-0.665281975433926,0.9124916370668626,-0.4090953584227484,0.8393733848600241,0.5435552601057465,0.4777262500084402,0.8785087535436817,-0.24646627198900695,-0.9691513693803672,0.9922578720726702,-0.1241946669942652,0.749731507605978,0.6617421450254377,1,0,0,0,99,16
1701990900,12,8,4,435,16.3,0.0,88,0,0,0,0,1,0,0,0.9938919810238954,0.11035728365811025,-0.6669492920537099,-0.7451031081864141,0.9341046804792315,-0.3569992239582503,-0.8237108788762748,-0.5670100422575202,0.8851581898896717,-0.46529020930086196,0.8559469052753395,0.517063724650617,0.4913940757423633,0.8709373469574654,-0.2540301685258412,-0.9671962952155745,0.9917651675713295,-0.12806971692095193,0.7510225419123423,0.6602765644330594,1,0,0,0,99,16
1701990960,12,8,4,436,16.3,0.0,88,0,0,0,0,1,0,0,0.6298645812915785,-0.7767049692350272,-0.9425245273294025,-0.33413697099017103,0.8167426066363169,-0.577002178942952,-0.8879758383376634,-0.4598901070131037,0.8543682189235223,-0.5196681118689583,0.8716846080633058,0.49006728524307847,0.5049419346602744,0.8631533135089845,-0.26157856037050853,-0.9651821883740356,0.99125732995374,-0.13194281266132774,0.7523107112959804,0.6588084650862769,1,0,0,0,99,15
1701991020,12,8,4,437,16.3,0.0,88,0,0,0,0,1,0,0,-0.31325740971087507,-0.9496682553719656,-0.9873368866227894,0.15863755013872718,0.6485994333412853,-0.7611299331056187,-0.9383842318329999,-0.34559374046297575,0.820241958346126,-0.572016721581207,0.8865711256242239,0.4625923034480756,0.518366519246722,0.8551585535583667,-0.26911098680807644,-0.9631091717864508,0.9907343669688791,-0.13581389511671688,0.7535960108429174,0.657337852585443,1,0,0,0,99,15
1701991080,12,8,4,438,16.3,0.0,88,0,0,0,0,1,0,0,-0.9683719828857112,-0.24951092713946563,-0.7904147414931815,0.6125720663156844,0.44012948872139646,-0.8979343145007,-0.9741494532413135,-0.22590449917974179,0.7829126704747286,-0.6221316182369524,0.9005919215263238,0.4346656081190733,0.531664552081915,0.8469550189115929,-0.2766269880980588,-0.9609773719790682,0.9901962865965183,-0.1396829052191638,0.7548784356501264,0.6558647325404974,1,0,0,0,99,15
1701991140,12,8,4,439,16.3,0.0,88,0,0,0,0,1,0,0,-0.73316982087163,0.6800455968264643,-0.3999715009682163,0.9165275764608679,0.20429442422534697,-0.9789094892943034,-0.9947133982445153,-0.1026900937425236,0.7425261253796137,-0.6698171042372225,0.9137333047003438,0.4063144692001366,0.5448327866418574,0.838544712343992,-0.2841261055024758,-0.9587869190659601,0.9896430970471022,-0.14354978393233453,0.7561579808255463,0.6543891105709452,1,0,0,0,99,12
1701991260,12,8,4,441,16.3,0.0,88,0,0,0,0,1,0,0,0.9234700129260028,0.3836706077176726,0.5551258381134531,0.8317663757683622,-0.2900289849580881,-0.9570178618417637,-0.9891961033692368,0.14659832563545244,0.653223420570844,-0.757165215007746,0.9373273747756826,0.3484499856451812,0.5707670340667981,0.8211120464483459,-0.29907185888315707,-0.9542305922701142,0.9884914244114903,-0.15127691120902387,0.7587084127677193,0.6514303833837413,1,0,0,0,99,7
1701991320,12,8,4,442,16.3,0.0,88,0,0,0,0,1,0,0,0.8218006615020342,-0.5697751071737155,0.8859387978787574,0.4638021630104179,-0.5177826942789717,-0.855512174960245,-0.9632009590319782,0.2687822771684872,0.6046559860083719,-0.7964867472747074,0.9477570224679708,0.31899314469537793,0.5835267154572368,0.8120939430556596,-0.3065175826476683,-0.9518649964820798,0.9878929588984021,-0.1551370418660872,0.7599792898053496,0.6499472894527343,1,0,0,0,99,7
1701991380,12,8,4,443,16.3,0.0,88,0,0,0,0,1,0,0,-0.035428428178979524,-0.9993722161821225,0.999843041727581,-0.01771699491840461,-0.7133431835093137,-0.7008148846455801,-0.9221753858799258,0.38677197116286743,0.553727382760295,-0.8326980158385354,0.9572612015115142,0.2892248123531802,0.5961439371690447,0.8028775785738385,-0.31394459815878467,-0.9494413037607534,0.9872794193542053,-0.15899480532276297,0.7612472677529828,0.6484617161703677,1,0,0,0,99,9
1701991440,12,8,4,444,16.3,0.0,88,0,0,0,0,1,0,0,-0.8600847843788071,-0.510151118473792,0.8689508382163492,-0.49489841458940237,-0.8645514486106083,-0.5025443191453852,-0.8667595742607592,0.49872621790648564,0.500636485932415,-0.8656576164704166,0.9658306312367652,0.2591740568899436,0.608615618888497,0.7934652030460894,-0.3213524521097596,-0.9469596620358465,0.9866508151407586,-0.1628501427143272,0.7625123417736683,0.6469736692036518,1,0,0,0,99,6
1701991500,12,8,4,445,16.5,0.0,87,0,0,0,0,1,0,0,-0.8939831563049628,0.44810056487692174,0.5253091637898002,-0.8509114421832984,-0.9620060920241873,-0.27302798191458466,-0.7978182693804977,0.6028980088229747,0.44559061434068903,-0.8952368426352254,0.9734569437410228,0.22887022235840837,0.620938715833371,0.7838591143689051,-0.3287406923633694,-0.9444202227739792,0.9860071558497887,-0.16670299521307466,0.7637745070415334,0.6454831542290338,1,0,0,0,99,3
1701991560,12,8,4,446,16.5,0.0,87,0,0,0,0,1,0,0,-0.10595753713889097,0.9943706554014256,0.05305348526993529,-0.9985916721566993,-0.9996478560364893,-0.026536087157875483,-0.7164272772437812,0.6976617779562402,0.38880472093569013,-0.9213201880877897,0.980132692059547,0.19834289993873028,0.6331102194962855,0.7740616577310655,-0.3361088679795094,-0.9418231409694353,0.9853484513027448,-0.17055330402921653,0.765033758741801,0.643990176932375,1,0,0,0,99,3
1701991620,12,8,4,447,16.5,0.0,87,0,0,0,0,1,0,0,0.7794849530244592,0.6264209511250854,-0.4321915367489943,-0.9017818336840362,-0.9751363580761503,0.22160569297286092,-0.6238566770609814,0.7815387683835208,0.3305005534159355,-0.9438057979223058,0.9858513574373943,0.1676218990431951,0.6451271583791853,0.7640752250410934,-0.34345652924271697,-0.9391685751347022,0.9846747115506476,-0.17440101041177747,0.7662900920708089,0.6424947430089302,1,0,0,0,99,2
1701991680,12,8,4,448,16.5,0.0,87,0,0,0,0,1,0,0,0.9482725721561587,-0.3174572867274317,-0.8116209973649744,-0.5841843515845697,-0.8899956043668333,0.4559691044442761,-0.5215510020869119,0.8532201077225842,0.27090578830786904,-0.9626058663135666,0.9906073556948704,0.1367372182078336,0.6569865987187891,0.7539022543433046,-0.35078322768961984,-0.9364566872907963,0.9839859468739369,-0.17824605564949209,0.7675435022360271,0.6409968581633251,1,0,0,0,99,2
1701991740,12,8,4,449,16.5,0.0,87,0,0,0,0,1,0,0,0.2452227616305097,-0.9694667591920345,-0.9923373315541532,-0.1235581660756696,-0.7495192346016444,0.661982565451814,-0.4111066981625245,0.9115872326474889,0.2102531418938979,-0.9776469793968293,0.9943960426803873,0.10571901579936002,0.6686856452028263,0.7435452292225941,-0.35808851613630804,-0.9336876429573742,0.9832821677823141,-0.18208838107170075,0.7687939844560767,0.6394965281095353,1,0,0,0,99,3
1701991860,12,8,4,451,16.5,0.0,87,0,0,0,0,1,0,0,-0.9835823060282404,0.18046009882566544,-0.640132760126497,0.7682643096049905,-0.34039366209949434,0.9402830184590676,-0.17279609593525602,0.9849576179864461,0.08672480041358972,-0.9962323067403621,0.999057632656986,0.04340330206123635,0.6915911718417044,0.7222891741059243,-0.3726330808543947,-0.9279787643329788,0.9818296095384826,-0.18976463799536156,0.7712861459910199,0.6364885552799195,1,0,0,0,99,1
1701991920,12,8,4,452,16.5,0.0,87,0,0,0,0,1,0,0,-0.3795798508807975,0.9251589792059046,-0.19344381715900788,0.9811113543339269,-0.09718190589320902,0.9952666362171313,-0.04864855487508726,0.9988159580766447,0.02433148087720227,-0.9997039456950855,0.9999259836845639,0.012166640968536861,0.7027920599407278,0.7113953334709671,-0.37987146940052824,-0.9250392784825321,0.9810808525505256,-0.19359845236657747,0.7725278157990745,0.6349809239785958,1,0,0,0,99,1
1701991980,12,8,4,453,16.5,0.0,87,0,0,0,0,1,0,0,0.5734065686442813,0.8192709606934638,0.300606918837987,0.9537481220672112,0.1520721505286041,0.9883693950308283,0.07625813061297684,0.9970881092037023,-0.03815685257131214,-0.9992717621357321,0.9998179239580905,-0.019081900642597186,0.7138213714377698,0.7003278158681843,-0.3870866725500994,-0.9220433330023552,0.9803171254758215,-0.19742931266360217,0.7737665386483193,0.6334708704180476,1,0,0,0,99,1
1701992040,12,8,4,454,16.5,0.0,87,0,0,0,0,1,0,0,0.9992056333576834,-0.03985100081893557,0.7210585970706318,0.6928740863898232,0.39187109718004004,0.9200201319508784,0.19997483347801748,0.9798010338713872,-0.1004961843270998,-0.9949374437298526,0.9987335589960549,-0.05031180910157879,0.724676413684611,0.6890893232732681,-0.3942782499242964,-0.9189911107495187,0.9795384399679061,-0.20125716043222083,0.7750023098134033,0.6319584003586705,1,0,0,0,99,0
1701992100,12,8,4,455,16.9,0.0,86,0,0,0,0,1,0,0,0.5063396468349013,-0.8623341359607118,0.9649699829426591,0.2623603095356538,0.6073053970056359,0.7944684731113166,0.32057099594994815,0.9472244911084481,-0.1624430806337284,-0.9867179158980666,0.9966739476624406,-0.08149258893277783,0.7353545365783697,0.677682599403003,-0.40144576258630316,-0.915882798015937,0.9787448079085622,-0.20508193726418603,0.776235124580235,0.6304435195700777,1,0,0,0,99,0
1701992160,12,8,4,456,16.9,0.0,86,0,0,0,0,1,0,0,-0.45205267588297,-0.8919912433578294,0.9726230624856244,-0.23238842122852268,0.7849803886813105,0.6195206125592099,0.43616475524782494,0.8998668269691937,-0.22375564018679642,-0.9746452757206577,0.9936411011327626,-0.11259379263383548,0.7458531332084875,0.6661104290454266,-0.4085887730680895,-0.9127185845169985,0.9779362414076386,-0.2089035847981091,0.7774649782460008,0.6289262338310793,1,0,0,0,99,1
1701992220,12,8,4,457,16.9,0.0,86,0,0,0,0,1,0,0,-0.9948298531417643,-0.1015557152401366,0.7421440949169293,-0.6702403616464259,0.9138491017795076,0.4060539609174956,0.5449523094191382,0.8384670419633367,-0.2841944387533501,-0.9587666665991619,0.9896379809301888,-0.14358505040713354,0.7561696404931679,0.6543756373799633,-0.41570684539711195,-0.9094986633799863,0.9771127528028652,-0.2127220447203506,0.7786918661191828,0.6274065489296591,1,0,0,0,99,0
1701992280,12,8,4,458,16.9,0.0,86,0,0,0,0,1,0,0,-0.6229650513149461,0.7822496691211615,0.3299623697323973,-0.9439940860834779,0.98589910388525,0.16734084067633054,0.645236065065984,0.7639832592002035,-0.34352346411838924,-0.939144094162393,0.9846684960336634,-0.17443609981538652,0.766301539805117,0.6424810892876979,-0.42279954512292356,-0.9062232311322905,0.976274354659665,-0.21653725876591012,0.7799157835195766,0.625884470662953,1,0,0,0,99,1
1701992340,12,8,4,459,16.9,0.0,86,0,0,0,0,1,0,0,0.32165094574030556,0.9468583152216423,-0.16300565140257817,-0.9866251353025733,0.9966506748361166,-0.08177672253589847,0.7354511277222635,0.6775777731980668,-0.4015110377075164,-0.9158541841357899,0.9787374990608538,-0.20511681533239795,0.7762463575864296,0.630429688651955,-0.4298664393436902,-0.9028924876894134,0.975421059770962,-0.22034916871931534,0.7811367257783094,0.6243600048372272,1,0,0,0,99,0
1701992400,12,8,4,460,16.9,0.0,86,0,0,0,0,1,0,0,0.970542546651256,0.24092979296818903,-0.6160642040533645,-0.787695941645058,0.9454353340247703,-0.3258098052199642,0.8141897215084345,0.580598912666927,-0.45793071928681145,-0.8889878831195976,0.9718507815296538,-0.23559723776012562,0.7860016659524729,0.618224377649359,-0.43690709673261263,-0.8995066363427673,0.9745528811569866,-0.2241577164155103,0.7823546882378575,0.6228331572678552,1,0,0,0,99,0
1701992460,12,8,4,461,16.9,0.0,86,0,0,0,0,1,0,0,0.7271218060573149,-0.6865084698355503,-0.9182887535616316,-0.3959113096164656,0.8354374032853884,-0.5495856122495996,0.880223157003268,0.47456000028995304,-0.5125621912070998,-0.8586501034443405,0.9640150682028628,-0.26584760348332986,0.7955650832846204,0.605868136031542,-0.4439210875642528,-0.8960658837472673,0.9736698320650762,-0.22796284374074297,0.7835696662520644,0.6213039337792966,1,0,0,0,99,0
1701992520,12,8,4,462,16.9,0.0,86,0,0,0,0,1,0,0,-0.18481136973170906,-0.9827740114685011,-0.9956841897581032,0.09280621889587708,0.6734960211850264,-0.7391908477842096,0.9325210045313215,0.36111573782915524,-0.5651921187396569,-0.8249593134904155,0.9552380105215703,-0.295838373533239,0.8049342748116889,0.5933639803976818,-0.4509079837407618,-0.8925704399087172,0.9727719259694734,-0.23176449263345197,0.7847816551861582,0.619772340205074,1,0,0,0,99,1
1701992580,12,8,4,463,16.9,0.0,86,0,0,0,0,1,0,0,-0.9268298244906983,-0.3754816592518752,-0.8293014106016808,0.5588015482924706,0.46967991851234675,-0.8828367766162867,0.9702671736733874,0.24203638505781863,-0.6156149831437591,-0.7880470750716034,0.9455281791336532,-0.3255402624318508,0.8141069531799402,0.5807149634580416,-0.4578673588180088,-0.8890205181709929,0.9718591765711205,-0.23556260508515253,0.7859906504167694,0.6182383823877515,1,0,0,0,99,0
1701992640,12,8,4,464,16.9,0.0,86,0,0,0,0,1,0,0,-0.816725212907666,0.5770267988585345,-0.4598767232321427,0.8879827697817494,0.23666139336428604,-0.9715921906288022,0.9928726480845371,0.11918013544881928,-0.6636338842129675,-0.7480575296890004,0.934895055524683,-0.354924266788705,0.8230808790115055,0.5679241732886948,-0.46479878803160896,-0.8854163352030204,0.9709315977974505,-0.2393571231413216,0.7871966473319489,0.616702066178912,1,0,0,0,99,3
1701992700,12,8,4,465,17.3,0.0,84,0,0,0,0,1,0,0,0.04427279290137974,0.99901947919383,0.022141824746053522,0.9997548397466827,-0.011071590972334946,-0.9999387080583196,0.9999846768971812,-0.005535880313030703,-0.7090613091662211,-0.7051468356615412,0.9233490227594171,-0.38396169362220156,0.831853861451097,0.5549947325776158,-0.4717018483228491,-0.8817581109855513,0.9699892038021741,-0.24314798890228217,0.788399641331185,0.6151633974391348,1,0,0,0,99,4
1701992760,12,8,4,466,17.3,0.0,84,0,0,0,0,1,0,0,0.8645665970913422,0.5025182575726944,0.4987392818032813,0.8667520572726362,-0.2581161974066756,-0.9661138797451976,0.9914922792803779,-0.13016551051411895,-0.7517198648812332,-0.6594825583311059,0.9109013553429114,-0.41262418837781073,0.8404237587008743,0.5419297978623197,-0.47857611836450864,-0.8780460687977367,0.9690320089650643,-0.2469351445240868,0.789599627825421,0.6136223820379734,1,0,0,0,99,4
1701992820,12,8,4,467,17.3,0.0,84,0,0,0,0,1,0,0,0.8899818590686664,-0.45599593257909704,0.8532279685345228,0.5215381421434596,-0.4891123888517548,-0.8722207696860524,0.9675279762585814,-0.25276395145861635,-0.7914429706108382,-0.6112430157234452,0.8975642082111578,-0.44088376261581397,0.8487884785433335,0.5287325587592399,-0.4854211785865756,-0.8742804352034992,0.9680600278917365,-0.2507185322194002,0.7907966022370734,0.6120790258539333,1,0,0,0,99,1
1701992880,12,8,4,468,17.3,0.0,84,0,0,0,0,1,0,0,0.09715190417988626,-0.9952695652506521,0.9988166912028082,0.048633500538969116,-0.689697940935389,-0.7240971967004738,0.9284657227653786,-0.37141809547969407,-0.8280755084772445,-0.5606165822201061,0.8833506048619953,-0.4687128213415406,0.8569459788520921,0.5154062371850283,-0.49223661120185463,-0.8704614400377044,0.967073275413426,-0.254498094258381,0.7919905600000485,0.610533334774449,1,0,0,0,99,0
1701992940,12,8,4,469,17.3,0.0,84,0,0,0,0,1,0,0,-0.7849990633729201,-0.6194969495515196,0.8998602529147288,-0.43617831815008895,-0.8474014155493513,-0.5309527671318378,0.8749150722018217,-0.48427638434480896,-0.8614744292040272,-0.5078009529605035,0.8682744246378858,-0.4960841899514116,0.8648942680904446,0.5019540865699712,-0.49902200023146714,-0.8665893163921337,0.9660717665867619,-0.25827377296956255,0.7931814965597604,0.6089853146958625,1,0,0,0,99,1
1701993000,12,8,4,470,17.3,0.0,84,0,0,0,0,1,0,0,-0.9454255122693237,0.3258383046087229,0.5805866409896446,-0.8141984723053474,-0.9524175744665119,-0.3047962661308802,0.8077116645594764,-0.5895777022026527,-0.8915093107204918,-0.4530023718466313,0.8523503891729713,-0.5229711407684791,0.8726314057975678,0.4883793910637103,-0.5057769315302397,-0.8626643006012565,0.9650555166935363,-0.2620455107407332,0.7943694073731481,0.6074349715233996,1,0,0,0,99,0
1701993060,12,8,4,471,17.3,0.0,84,0,0,0,0,1,0,0,-0.2366321052384454,0.9715993241920361,0.11916517068330806,-0.9928744442758198,-0.9982170215629014,-0.05968900955862884,0.7279041865378398,-0.6856788572069913,-0.9180628674570689,-0.39643482616503856,0.8355940480176479,-0.549347419141549,0.8801555030622569,0.47468546473346485,-0.5125009928119824,-0.8586866322278066,0.9640245412404724,-0.26581325001981504,0.795554287908693,0.6058823111711485,1,0,0,0,99,0
1701993120,12,8,4,472,17.3,0.0,84,0,0,0,0,1,0,0,0.689719768063795,0.7240764058730438,-0.37143208943692263,-0.9284601245807608,-0.9819521690440836,0.1891294205289584,0.6367380071391379,-0.7710802229758452,-0.9410314083429535,-0.3383192109710552,0.8180217634546941,-0.5751872690824027,0.8874647229840752,0.46087565075494996,-0.5191937736746512,-0.8546565540481598,0.9629788559589872,-0.26957693331574223,0.7967361336464357,0.6043273395620364,1,0,0,0,99,0
1701993180,12,8,4,473,17.3,0.0,84,0,0,0,0,1,0,0,0.9819464674138593,-0.18915902075619492,-0.7710898199160053,-0.6367263852094576,-0.9046342866621455,0.42618869928151687,0.535635744101569,-0.8444491397596178,-0.9603252417175178,-0.27888246649832815,0.7996506945217794,-0.6004654584160823,0.8945572811218079,0.44695332059618803,-0.5258548656253986,-0.8505743120375162,0.9619184768049516,-0.27333650319933833,0.7979149400779942,0.6027700626278074,1,0,0,0,99,0
1701993240,12,8,4,474,17.3,0.0,84,0,0,0,0,1,0,0,0.3713761131017696,-0.9284825160537067,-0.9819578697820255,-0.18909982012986337,-0.7710706258605184,0.6367496289241701,0.42617506442530745,-0.9046407101507675,-0.9758690255743256,-0.21835669196206517,0.7804987802559544,-0.6251573034196812,0.9014314459291071,0.43292187319441294,-0.5324838621055041,-0.8464401553548877,0.9608434199584467,-0.27709190230419245,0.7990907027065802,0.6012104863089995,1,0,0,0,99,0
1701993300,12,8,4,475,18.4,0.0,78,0,0,0,0,1,0,0,-0.580635726907393,-0.8141634680079446,-0.9524083861474406,0.30482497600430924,-0.5895655281627695,0.8077205506870273,0.31006406540662906,-0.9507156648249326,-0.9876020617700564,-0.15697823921656684,0.7605847221764866,-0.6492386929255808,0.9080855391772245,0.41878473412626877,-0.5390803585151899,-0.8422543363278899,0.9597537018235173,-0.28084307332753466,0.8002634170470166,0.5996486165549226,1,0,0,0,99,0
1701993360,12,8,4,476,18.4,0.0,78,0,0,0,0,1,0,0,-0.9988137573367454,0.048693717817118926,-0.6896761131802671,0.7241179868699296,-0.3714041014380902,0.9284713207390763,0.18911462035089152,-0.9819550195245901,-0.9954785330494551,-0.09498678980629327,0.7399279660231438,-0.6726861118655962,0.9145179363647266,0.40454535477150383,-0.5456439522383145,-0.8380171104373418,0.9586493390279216,-0.2845899590311104,0.8014330786257547,0.598084459323635,1,0,0,0,99,2
1701993420,12,8,4,477,18.4,0.0,78,0,0,0,0,1,0,0,-0.49868702553633515,0.8667821240437084,-0.25808707441122625,0.9661216600521149,-0.13015056655252244,0.9914942410453312,0.06521410489560044,-0.9978712945679246,-0.9994676819607337,-0.03262441901456225,0.7185486827677587,-0.6954766642330416,0.9207270671140937,0.39020721147036636,-0.5521742426669474,-0.8337287363016721,0.9575303484228769,-0.28833250224205376,0.8025996829808911,0.5965180205819209,1,0,0,0,99,2
1701993480,12,8,4,478,18.4,0.0,78,0,0,0,0,1,0,0,0.45993025772913376,0.8879550427950801,0.2366906812750767,0.9715850561826999,0.11919510018725629,0.9928708516677031,-0.05970405485516448,-0.9982161218062207,-0.9995539309627621,0.029865349435251595,0.696467748917618,-0.7175880954402921,0.9267114155551047,0.3757738046749054,-0.5586708312258188,-0.8293894756611352,0.9563967470828033,-0.29207064585375986,0.8037632256621846,0.5949493063052683,1,0,0,0,99,0
1701993540,12,8,4,479,18.4,0.0,78,0,0,0,0,1,0,0,0.9956897831154927,0.0927461902151406,0.6735183033091452,0.7391705453463161,0.36112979290947733,0.9325155616251978,-0.18369055279845262,-0.9829841203257552,-0.9957369432550334,0.09223849433464518,0.6737067261299069,-0.7389988140500109,0.9324695206949155,0.36124865809438594,-0.565133321396648,-0.8249995933618349,0.9552485523050623,-0.2958043328267565,0.8049237022310738,0.5933783224778453,1,0,0,0,99,0
1701993660,12,8,4,481,18.4,0.0,78,0,0,0,0,1,0,0,-0.33001928131531005,-0.9439741913633689,0.9858940590558828,-0.16737055989126504,0.7639929842254002,0.6452245501020304,-0.421174221610232,-0.9069797544879462,-0.9764680625826803,0.21566205682972353,0.6262339591439754,-0.779635189312836,0.9433014336130409,0.3319373515342646,-0.5779544309310792,-0.8160690386034335,0.9529084527391478,-0.30325810903961536,0.8072354393358901,0.5902295701506256,1,0,0,0,99,0
1701993720,12,8,4,482,18.4,0.0,78,0,0,0,0,1,0,0,-0.9726370711153801,-0.23232978261965265,0.7849617132764033,-0.6195442750039529,0.8998734008192355,0.4361511922464772,-0.5309655392553846,-0.8473934128391833,-0.9610914141847234,0.2762305080551537,0.6015685712970908,-0.7988211652351087,0.9483725969351678,0.3171583474897762,-0.5843122677602378,-0.8115289112193651,0.9517165836580145,-0.3069780845440232,0.8083866910532431,0.5886518136623622,1,0,0,0,99,0
1701993780,12,8,4,483,18.4,0.0,78,0,0,0,0,1,0,0,-0.7210168232776373,0.692917556820885,0.39184336359004157,-0.9200319442337003,0.9798040478161182,0.1999600657210081,-0.6324713172464788,-0.7745837804011287,-0.9419617243819222,0.33572028505801615,0.5763157619491175,-0.8172271058457423,0.9532122286893256,0.30230191378343746,-0.5906344411802289,-0.8069392522933302,0.9505101925527496,-0.31069337594054836,0.8095348590210765,0.5870718116463486,1,0,0,0,99,1
1701993840,12,8,4,484,18.4,0.0,78,0,0,0,0,1,0,0,0.19350296674212325,0.9810996900733364,-0.09721190751822432,-0.9952637062792294,0.9988152247235795,-0.04866360920015389,-0.7241075918674496,-0.6896870271361664,-0.9191536942035773,0.3938990815322077,0.5505001900398365,-0.8348350380560844,0.9578191473488313,0.28737167740046654,-0.5969205653181726,-0.8023003419544537,0.949289297831397,-0.3144039265384152,0.8106799388594784,0.5854895701298123,1,0,0,0,99,2
1701993900,12,8,4,485,19.5,0.0,72,0,0,0,0,1,0,0,0.9301170215238276,0.36726329284539677,-0.5624663132822282,-0.8268202019923669,0.9557249086406524,-0.29426161659961114,-0.8044444097013824,-0.5940279384845417,-0.8927563885194386,0.4505397105225345,0.52414706403712,-0.851627768019143,0.9621922282005667,0.2723712833439467,-0.6031702565014514,-0.7976124633379128,0.9480539181233082,-0.31810967971918674,0.8118219262003172,0.5839050951485237,1,0,0,0,99,3
1701993960,12,8,4,486,19.5,0.0,72,0,0,0,0,1,0,0,0.8115857761709371,-0.584233282103149,-0.8900093488562771,-0.4559422758951242,0.8532122467168191,-0.5215638619118831,-0.8722281415753229,-0.4890992425306529,-0.8628728882432953,0.5054209915849098,0.4972821173212898,-0.8675888979190864,0.9663304036195608,0.257304393744951,-0.6093831332811276,-0.7928759025676563,0.9468040722788575,-0.3218105789376289,0.8129608166872586,0.5823183927467734,1,0,0,0,99,3
1701994020,12,8,4,487,19.5,0.0,72,0,0,0,0,1,0,0,-0.053113688973945104,-0.9985884718158823,-0.9996470556691202,0.026566220884026468,0.6976509797584941,-0.7164377924439869,-0.9264010450242344,-0.37653831648054964,-0.8296198878042129,0.5583286144912557,0.4699315830569086,-0.8827028419834321,0.9702326633296345,0.24217468696848557,-0.6155588164552248,-0.7880909487389401,0.9455397793691549,-0.32550656772257286,0.8140966059757813,0.5807294689773488,1,0,0,0,99,2
1701994080,12,8,4,488,19.5,0.0,72,0,0,0,0,1,0,0,-0.8689806734225085,-0.49484602576777714,-0.8645362993442719,0.5025703802614231,0.4987131538963941,-0.8667670910519801,-0.9661177700083929,-0.25810163593826746,-0.7931272394572851,0.6090559761063561,0.4421221685765394,-0.8969548417022889,0.9738980546500462,0.2269858567154693,-0.621696929091873,-0.7832578939006837,0.9442610586857545,-0.3291975896777772,0.8152292897331944,0.579138329901511,1,0,0,0,99,2
1701994140,12,8,4,489,19.5,0.0,72,0,0,0,0,1,0,0,-0.8859108342361154,0.46385557427185253,-0.5177569051824165,0.8555277827960506,0.2687677596029232,-0.9632050100565431,-0.9907585503180235,-0.1356373656914954,-0.7535374462133568,0.65740498716868,0.413881029301489,-0.9103309802397916,0.977325682728074,0.21174161112097017,-0.6277970965523135,-0.7783770330376437,0.9429679297403607,-0.332883588482788,0.8163588636386537,0.5775449815889719,1,0,0,0,99,0
1701994200,12,8,4,490,19.5,0.0,72,0,0,0,0,1,0,0,-0.08833865964017233,0.9960904985055212,-0.04421256322855966,0.9990221465276736,0.0221116877728314,-0.9997555067434422,-0.9999388748177166,-0.011056519718198895,-0.7110051053678162,0.7031868458247073,0.3852357422249997,-0.9228181960236553,0.9805147107574815,0.19644567184891684,-0.6338589465137663,-0.7734486640524104,0.9416604122645303,-0.33656450789379855,0.8174853233831781,0.5759494301178713,1,0,0,0,99,1
1701994260,12,8,4,491,19.5,0.0,72,0,0,0,0,1,0,0,0.7904516712343437,0.6125244121199033,0.4401565561706975,0.8979210466738997,-0.22591918170675576,-0.9741460482581397,-0.9935154876140935,0.11369685954735136,-0.6656963048014645,0.7462227748961269,0.3562142789837832,-0.9344042954995784,0.9834643601828127,0.18110177318350804,-0.6398821089921534,-0.7684730877472249,0.9403385262093713,-0.34024029174450743,0.818608664669666,0.5743516815747528,1,0,0,0,99,1
1701994320,12,8,4,492,19.5,0.0,72,0,0,0,0,1,0,0,0.9425043809306535,-0.3341937939677003,0.8167599996228085,0.5769775585030581,-0.45990349068959124,-0.8879689066918555,-0.9715886235161092,0.23667603734656428,-0.617787974410896,0.7863447200008926,0.3268449785441926,-0.9450779650380419,0.9861739108894643,0.16571366111754054,-0.6458662163646817,-0.7634506078056198,0.9390022917452384,-0.3439108839469756,0.8197288832129119,0.5727517420545416,1,0,0,0,99,1
1701994380,12,8,4,493,19.5,0.0,72,0,0,0,0,1,0,0,0.22802290938096753,-0.9736557670950443,0.9933921096664309,0.11476984121483252,-0.665293228127706,-0.7465821593149787,-0.9345004439043832,0.3559619647413339,-0.567467195201038,0.8233960058019877,0.29715651952970196,-0.9548287819818765,0.9886427013794914,0.15028509243787871,-0.6518109033922803,-0.7583815307738838,0.9376517292614257,-0.34757622849248204,0.8208459747396225,0.5711496176605207,1,0,0,0,99,0
1701994440,12,8,4,494,19.5,0.0,72,0,0,0,0,1,0,0,-0.6961017734720562,-0.7179431181988293,0.9268071855026884,-0.3755375359409301,-0.8293182549362247,-0.5587765492838215,-0.8828296974172939,0.4696932247308761,-0.5149304687378307,0.8572319478212639,0.2671778922167178,-0.9636472248238107,0.9908701289331036,0.13481983380828896,-0.6577158072418934,-0.7532661660423522,0.9362868593658549,-0.3512362694523786,0.8219599349884332,0.5695453145043077,1,0,0,0,99,0
1701994500,12,8,4,495,20.4,0.0,69,0,0,0,0,1,0,0,-0.9802336960326743,0.19784312260506456,0.6333075387972795,-0.7739002269689111,-0.9417802893905008,-0.3362289198084311,-0.8173826887720437,0.5760950790414586,-0.46038294981381606,0.8877204174292317,0.23693837022606568,-0.9715246825040607,0.9928556497558093,0.1193216608498628,-0.6635805675086248,-0.7481048258265224,0.9349077028847613,-0.3548909509789434,0.8230707597099242,0.5679388387058313,1,0,0,0,99,0
1701994560,12,8,4,496,20.4,0.0,69,0,0,0,0,1,0,0,-0.36314327904015004,0.9317333088861682,0.184752119221718,-0.982785151720906,-0.9956869868891794,-0.09277620459766088,-0.7391806966492228,0.6735071623235863,-0.404037645323065,0.9147423578045313,0.2064674819377966,-0.9784534628188842,0.9945987791111761,0.10379435721925297,-0.669404826237736,-0.7428978251479987,0.9335142808623762,-0.3585402173062328,0.8241784446666367,0.5663301963933087,1,0,0,0,99,1
1701994620,12,8,4,497,20.4,0.0,69,0,0,0,0,1,0,0,0.5878193939808536,0.8089921878856321,-0.30903706259473784,-0.9510499955011913,-0.9876866900746388,0.1564448856607474,-0.6494440369805748,0.7604093915979561,-0.3461145824738131,0.938192248848272,0.1757949816572247,-0.9844267999318873,0.9960990914391719,0.08824171368494811,-0.6751882279464934,-0.7376454818152647,0.9321066145606051,-0.3621840127509325,0.8252829856330895,0.5647193937032212,1,0,0,0,99,1
1701994680,12,8,4,498,20.4,0.0,69,0,0,0,0,1,0,0,0.9983436270438855,-0.05753261979833144,-0.727163193443649,-0.68646463135462,-0.9182768186539993,0.39593899065726024,-0.5495730203270262,0.8354456866419445,-0.28683994958692166,0.9579785192377605,0.14495082056035336,-0.9894388609807482,0.9973562204600591,0.07266752720181091,-0.6809304196458655,-0.7323481164042859,0.9306847254587038,-0.36582228171320713,0.8263843783957945,0.5631064367802915,1,0,0,0,99,0
1701994740,12,8,4,499,20.4,0.0,69,0,0,0,0,1,0,0,0.4909953335002932,-0.8711622021649791,-0.9672544138345865,-0.253808784161444,-0.7917729422509473,0.6108155269140414,-0.44112610050072903,0.8974451311679287,-0.22644521283532507,0.9740239040105557,0.11396511744705974,-0.9934847517729086,0.9983698592638173,0.05707559998410604,-0.6866310508620674,-0.7270060522389432,0.9292486352529508,-0.36945496867754857,0.8274826187532728,0.56149133177746,1,0,0,0,99,1
1701994860,12,8,4,501,20.4,0.0,69,0,0,0,0,1,0,0,-0.9964717035719659,-0.08392939878483582,-0.7361825177171881,0.676783052837157,-0.40200556411749017,0.9156372242425372,-0.20538107965129446,0.978682079186734,-0.1032422413871038,0.9946562419214826,0.05169022189214013,-0.9986631669190275,0.9996657358635004,0.02585375292846797,-0.6979062426542451,-0.716189134561698,0.9263339393981249,-0.37670337497711776,0.829669625506779,0.5582547021848012,1,0,0,0,99,0
1701994920,12,8,4,502,20.4,0.0,69,0,0,0,0,1,0,0,-0.6090201130220971,0.7931547780443311,-0.3215938602925038,0.9468777054203809,-0.1629759101518061,0.9866300485542645,-0.08176170083154903,0.9966519072761223,-0.0409151116574164,0.9991626262216082,0.020461839829201516,-0.9997906346384747,0.999947657289739,0.010231455456709277,-0.7034801150506284,-0.710714941258698,0.9248553782237248,-0.38031898371058337,0.8307583835600407,0.556633189941732,1,0,0,0,99,0
1701994980,12,8,4,503,20.4,0.0,69,0,0,0,0,1,0,0,0.33836176080013775,0.9410161097602051,0.17173219010976784,0.985143672202234,0.08618679654612434,0.9962789951118698,0.043133541983763984,0.9990693156913262,0.0215717907077017,0.9997673018486167,-0.010786522873087307,-0.9999418237699174,0.9999854558367129,-0.005393339878159504,-0.7090110506466594,-0.7051973695788437,0.9233627048941395,-0.3839287892442792,0.8318439725225757,0.5550095543122302,1,0,0,0,99,0
1701995040,12,8,4,504,20.4,0.0,69,0,0,0,0,1,0,0,0.9746553921779337,0.22371156988067947,0.623012211003653,0.7822121099422712,0.329990825673782,0.9439841391523142,0.16735570030280691,0.9858965815825497,0.08397445569174683,0.9964679075571249,-0.04202435271884079,-0.999116586679734,0.9997791222764492,-0.021016818506448383,-0.7144987118625367,-0.6996367562862716,0.9218559421857278,-0.38753273649701414,0.832926388253192,0.5533838014899721,1,0,0,0,99,1
1701995100,12,8,4,505,20.4,0.0,67,0,0,0,0,1,0,0,0.7148553508409695,-0.69927235564838,0.9217571143333747,0.3877677425673905,0.5532776235456344,0.8329969215331442,0.2889663288921875,0.9573392610598251,0.1460492022233857,0.9892773274112333,-0.07322114649732905,-0.997315729197939,0.9993287069823269,-0.03663516617992241,-0.7199427637597042,-0.6940334407721567,0.9203351130898344,-0.3911307704769872,0.8340056266228025,0.5517559376767108,1,0,0,0,99,0
1701995160,12,8,4,506,20.4,0.0,67,0,0,0,0,1,0,0,-0.20217940333482604,-0.9793485022540106,0.9948237286710673,-0.10161569206079699,0.7421642985420401,0.6702179898880674,0.4060677345664961,0.9138429815586667,0.20755362974582411,0.9782236404725319,-0.10434644106884551,-0.994541009831302,0.9986343199167806,-0.05224456990299564,-0.7253428740612937,-0.6883877650339976,0.9188002408124406,-0.3947228362826266,0.8350816835144412,0.5501259690822519,1,0,0,0,99,1
1701995220,12,8,4,507,20.4,0.0,67,0,0,0,0,1,0,0,-0.9333313464826719,-0.35901615238432194,0.8243227985396018,-0.5661200613013454,0.8849067920694658,0.4657681497798313,0.5168325890557641,0.8560864879729826,0.2682475647857939,0.9633500111519651,-0.1353698431114458,-0.990795138046197,0.9976961306044534,-0.06784121886361938,-0.7306987131724058,-0.6827000736547422,0.9172513487738087,-0.39830887910342766,0.8361545548232777,0.5484939019244299,1,0,0,0,99,3
1701995280,12,8,4,508,20.4,0.0,67,0,0,0,0,1,0,0,-0.8063827539523806,0.5913939922996974,0.45199889806298343,-0.892018495407942,0.972630067242408,0.23235910202965793,0.6195324438519512,0.784971051068018,0.3278939988258263,0.9447145206537312,-0.16626105879951092,-0.9860817716228536,0.9965143680908102,-0.08342130536363722,-0.7360099542002259,-0.6769707137817569,0.9156884606081254,-0.40188884422078897,0.8372242364566345,0.5468597424290853,1,0,0,0,99,3
1701995340,12,8,4,509,20.4,0.0,67,0,0,0,0,1,0,0,0.061950423737127995,0.9980792278165047,-0.030990096672124958,-0.9995196916060495,0.9998799156913918,-0.015496909271697935,0.7125647020698184,0.7016064034515015,0.3862600138174404,0.9223899401694224,-0.19698992338515384,-0.980405513083597,0.99508932088622,-0.09898102574838,-0.7412762729739769,-0.6712000351056382,0.9141116001631415,-0.40546267700884736,0.8382907243340008,0.5452234968300397,1,0,0,0,99,6
1701995520,12,8,4,512,20.4,0.0,67,0,0,0,0,1,0,0,0.07951849401287635,-0.996833390848202,-0.9992080341070627,-0.03979075993115771,0.7210377105017316,-0.6928958219201651,0.9200260381967906,0.39185723042955,0.5514266812416906,0.8342233605065102,-0.2879033166650653,-0.9576594803233847,0.9893582466233818,-0.14550003380861354,-0.7568024953079283,-0.6536436208636119,0.9092974268256817,-0.4161468365471424,0.8414709848078965,0.5403023058681398,1,0,0,0,99,9
1701995580,12,8,4,513,20.4,0.0,67,0,0,0,0,1,0,0,-0.7958423494121124,-0.6055038851090959,-0.8959642529445848,0.4441261728894752,0.5271972245329658,-0.8497429531597998,0.9617023846179752,0.27409582889949297,0.6024550485723009,0.7981528139709504,-0.3176847384035387,-0.948196396842698,0.9869641322871612,-0.16094036652950375,-0.7618859384873512,-0.6477112139952867,0.9076649199994695,-0.41969559564326697,0.8425246571000955,0.5386577783513077,1,0,0,0,99,6
1701995640,12,8,4,514,20.4,0.0,67,0,0,0,0,1,0,0,-0.9395094070026404,0.34252310017507853,-0.5733571748155426,0.8193055291449822,0.3005781685810014,-0.953757183235068,0.9883716869768853,0.1520572536331825,0.6511308418308941,0.7589654977774624,-0.3471559463861577,-0.9378074156716458,0.9843290648130953,-0.17634140796811468,-0.7669228800759939,-0.6417392741728861,0.9060185633233147,-0.4232379507009703,0.8435751154168105,0.5370111960187747,1,0,0,0,99,7
1701995700,12,8,4,515,21.0,0.0,66,0,0,0,0,1,0,0,-0.21939584856455807,0.9756359267844935,-0.11037226376111557,0.9938903175865266,0.05527061793337119,-0.9984714111046261,0.9996177797299891,0.027645875780791213,0.6972639830864666,0.7168144375571656,-0.37628816247846175,-0.926502681474038,0.9814536875151161,-0.19169939818106102,-0.7719130126449032,-0.6357281658928362,0.9043583819185943,-0.42677384766827253,0.8446223557508624,0.5353625651517518,1,0,0,0,99,6
1701995760,12,8,4,516,21.0,0.0,66,0,0,0,0,1,0,0,0.7024292412479847,0.7117535816838442,0.37963562682930313,0.9251360931462582,-0.19347339203846847,-0.9811055226493881,0.9952651713612277,-0.0971969067167568,0.740674323409674,0.6718642322981792,-0.4050529395658183,-0.914293233130974,0.9783387023753517,-0.20701058773529676,-0.7768560316221071,-0.6296782560422042,0.9026844011176343,-0.4303032325917363,0.8456663741073475,0.5337118920392648,1,0,0,0,99,5
1701995820,12,8,4,517,21.0,0.0,66,0,0,0,0,1,0,0,0.9784441260755459,-0.20651172399711681,0.7766954757165503,0.6298762878545608,-0.43018816356650214,-0.9027392447031869,0.9753817828684281,-0.22052296399333682,0.7811923463505441,0.6242904115900961,-0.4334221893315477,-0.9011909929615631,0.9749848698727491,-0.22227123862348555,-0.7817516353112047,-0.6235899138763048,0.900996646463322,-0.43382605161729004,0.8467071665036532,0.5320591829781298,1,0,0,0,99,2
1701995880,12,8,4,518,21.0,0.0,66,0,0,0,0,1,0,0,0.35488199371552387,-0.9349111030127383,0.9835931839466808,0.18040079959254857,-0.6401559186664806,-0.7682450128678183,0.9402778878788489,-0.34040783417261544,0.8186598298965864,0.5742787501846923,-0.46136820968468756,-0.8872087550809822,0.9713930087974131,-0.23747762517658147,-0.7865995249097795,-0.6174635109961635,0.8992951437087169,-0.4373422509910497,0.8477447289694727,0.5304044442729295,1,0,0,0,99,0
1701995940,12,8,4,519,21.0,0.0,66,0,0,0,0,1,0,0,-0.5949570070443855,-0.8037575254818999,0.9496729767351233,-0.3132430961075599,-0.8103218792885825,-0.5859850270665796,0.8905012709330009,-0.45498075395197785,0.8529304643263652,0.5220245425494965,-0.4888637118106147,-0.8723601729072392,0.9675639960507106,-0.2526260349733978,-0.7913994045276372,-0.6112994213258353,0.8975799188166576,-0.44085177706013884,0.8487790575468208,0.5287476822359892,1,0,0,0,99,1
1701996000,12,8,4,520,21.0,0.0,66,0,0,0,0,1,0,0,-0.9977952793125009,0.06636701425925702,0.6832397038158508,-0.730194157145638,-0.9301059501867618,-0.3672913304546965,0.8268286794901035,-0.562453851238172,0.8838704235458307,0.4677318402470736,-0.5158818468181093,-0.8566597458288424,0.9634987664311881,-0.2677127697469413,-0.7961509812048658,-0.6050980210895829,0.8958509979593657,-0.44435457627350766,0.8498101482900483,0.5270889031873525,1,0,0,0,99,1
1701996060,12,8,4,521,21.0,0.0,66,0,0,0,0,1,0,0,-0.483265173349392,0.8754740271576206,0.2495255225847443,-0.9683682221029407,-0.9920605379972889,-0.12576123786178975,0.7502537030437737,-0.6611500442933549,0.9113588876763519,0.41161265511804,-0.5423962319568417,-0.8401228050463933,0.9591983124063536,-0.2827341462872912,-0.8008539649297153,-0.5988596887889135,0.8941084075180463,-0.4478505951827498,0.8508379972658573,0.5254281134547572,1,0,0,0,99,1
1701996120,12,8,4,522,21.0,0.0,66,0,0,0,0,1,0,0,0.4755767042996153,0.8796742569426005,-0.24528120908194284,-0.9694519732670104,-0.992333606522275,0.12358807938670624,0.6619712684902925,-0.7495292120346966,0.935288514853758,0.3538861313793629,-0.5683809763796802,-0.8227654986019294,0.9546636838703799,-0.297686497340802,-0.8055080686562991,-0.5925848051794772,0.8923521740824856,-0.45133978044291795,0.8518626005533163,0.5237653193736113,1,0,0,0,99,1
1701996180,12,8,4,523,21.0,0.0,66,0,0,0,0,1,0,0,0.9971755532498972,0.07510603172023837,-0.6800345462841435,-0.7331800705557395,-0.930908177683422,0.36525328844807164,0.5633589936940424,-0.8262122271087713,0.9555658603960198,0.2947776898708828,-0.593810706424664,-0.8046047756106357,0.9498959878877886,-0.3125661725054107,-0.8101130083221139,-0.5862737532478276,0.8905823244506449,-0.45482207881333797,0.8528839542438754,0.522100527286969,1,0,0,0,99,0
1701996240,12,8,4,524,21.0,0.0,66,0,0,0,0,1,0,0,0.6019757972528995,-0.7985143326964996,-0.9482917095220488,-0.31740011602352985,-0.8116033871367004,0.5842088171092894,0.45595569022148996,-0.8900024767126464,0.9721117417027341,0.23451814779175792,-0.618660590391954,-0.7856583697103207,0.9448963884231754,-0.3273695391218304,-0.8146685028653773,-0.5799269181880462,0.8887988856282523,-0.4582974371584211,0.8539020544413806,0.520433743545506,1,0,0,0,99,1
1701996300,12,8,4,525,21.3,0.0,63,0,0,0,0,1,0,0,-0.34667773058479046,-0.9379843021695936,-0.984373989439378,0.17609045662727782,-0.6418370289149428,0.7668410710920738,0.34143735070135944,-0.9399045353364547,0.9848615474614832,0.17334281736424106,-0.6429063627915651,-0.7659447817448204,0.9396661060570453,-0.3420929831604118,-0.8191742742421821,-0.5735446873782322,0.8870018848283898,-0.46176580244847487,0.8549168972620891,0.5187649745074956,1,0,0,0,99,0
1701996360,12,8,4,526,21.3,0.0,63,0,0,0,0,1,0,0,-0.9765973517090915,-0.21507582996419908,-0.7794471854988634,0.6264679441263539,-0.4321643529223842,0.9017948614087224,0.22159099552021236,-0.9751396980455473,0.9937654899536277,0.11149058694448753,-0.6665243480382065,-0.7454832616982381,0.9342064176878251,-0.35673291010345676,-0.8236300474434674,-0.5671274503568591,0.8851913494710788,-0.46522712176051223,0.855928478834684,0.5170942265387846,1,0,0,0,99,0
1701996420,12,8,4,527,21.3,0.0,63,0,0,0,0,1,0,0,-0.708637871481491,0.7055723684372722,-0.3836845263772881,0.9234642300699232,-0.19562179061913934,0.9806794150154073,0.09828678696699936,-0.995158131910554,0.9987887994742818,0.049202988168636434,-0.6894914835700886,-0.7242937898976618,0.9285186562201273,-0.371285745822768,-0.8280355505118026,-0.5606755987989989,0.8833673071828612,-0.4686813422790591,0.8569367953002891,0.5154215060127686,1,0,0,0,99,0
1701996480,12,8,4,528,21.3,0.0,63,0,0,0,0,1,0,0,0.21083999973521134,0.9775205852112047,0.10601748626711377,0.9943642655514137,0.05308358714605824,0.9985900724399912,-0.026551154023966794,-0.99964745596635,0.9999118601072672,-0.013276747223059479,-0.711785342369123,-0.7023970575027135,0.9226042102393402,-0.3857479374522218,-0.8323905145579873,-0.5541895264924167,0.8815297857963782,-0.4721284112969602,0.8579418428124834,0.513746819310368,1,0,0,0,99,0
1701996540,12,8,4,529,21.3,0.0,63,0,0,0,0,1,0,0,0.9364725475338364,0.3507408840091023,0.5697627207842304,0.8218092491597738,0.29848848456869004,0.9544132357526728,-0.15097477313665228,-0.9885376158125377,0.9971302863248458,-0.07570463720097437,-0.7333841548605254,-0.6798144463009835,0.9164645236726252,-0.4001159542551487,-0.8366946737774624,-0.5476696293135358,0.8796788133499452,-0.4755682762161834,0.8589436175373164,0.5120701728200036,1,0,0,0,99,2
1701996600,12,8,4,530,21.3,0.0,63,0,0,0,0,1,0,0,0.8011165538942744,-0.5985083684265092,0.8940101700837942,0.44804666697426215,0.5253348137263215,0.8508956066916382,-0.2730424814093603,-0.9620019767889353,0.9904549401131116,-0.1378369021907137,-0.7542668301704357,-0.6565680078290772,0.9101010954364018,-0.41438628848631254,-0.8409477654665337,-0.5411163052032749,0.8778144180871248,-0.4790008845486223,0.8599421156533218,0.510391572937572,1,0,0,0,99,0
1701996660,12,8,4,531,21.3,0.0,63,0,0,0,0,1,0,0,-0.07078230485740782,-0.9974917870935445,0.9993727500521375,-0.03541336546034254,0.7195183685842713,0.6944734100524143,-0.3908494530810973,-0.9204546186674317,0.9799118885561681,-0.19943091702713533,-0.7744129767207983,-0.6326804418396639,0.9035154790704097,-0.42855545624827607,-0.8451495300384058,-0.5345299541427608,0.8759366284562944,-0.48242618391689684,0.8609373333515329,0.5087110260664217,1,0,0,0,99,0
1701996720,12,8,4,532,21.3,0.0,63,0,0,0,0,1,0,0,-0.8776042389525125,-0.47938585687583785,0.8600540264645697,-0.510202970945957,0.8689657562142357,0.4948722204034305,-0.5025573497604873,-0.8645438740756395,0.9655423020447212,-0.2602461584004272,-0.7938029221413925,-0.6081750741355538,0.8967092823584335,-0.44261999834194465,-0.8492997110390256,-0.5279109781289149,0.8740454731102137,-0.48584412205515315,0.8619292668354965,0.5070285386173281,1,0,0,0,99,0
1701996780,12,8,4,533,21.3,0.0,63,0,0,0,0,1,0,0,-0.8775608830339849,0.4794652193523661,0.5101640817656776,-0.8600770951933222,0.9643850618900425,0.2645022729644093,-0.6064230070815217,-0.795142211483081,0.9474022935065866,-0.32004514409448476,-0.8124177324795677,-0.5830758337924473,0.8896841669357861,-0.45657648111107996,-0.8533980551627359,-0.5212597811499177,0.8721409809055867,-0.48925464680986036,0.862917912321288,0.5053441170084696,1,0,0,0,99,0
1701996840,12,8,4,534,21.3,0.0,63,0,0,0,0,1,0,0,-0.07069209833337335,0.9974981840751515,0.035368177256176046,-0.9993743503000143,0.9998435753406666,0.01768685528840119,-0.7008256362004742,-0.713332620622526,0.9255626992869057,-0.3785943603498829,-0.8302392306889271,-0.5574072297925984,0.8824418478836433,-0.47042149728057797,-0.857444312267735,-0.5145767691605511,0.8702231809026209,-0.49265770614060683,0.8639032660375254,0.5036577676654025,1,0,0,0,99,0
1701996900,12,8,4,535,22.2,0.0,61,0,0,0,0,1,0,0,0.8011706755616272,0.5984359185578068,-0.448087090553942,-0.8939899100543045,0.973136657940267,-0.23022824538454828,-0.7842921156637201,-0.6203917127974276,0.9001088025337347,-0.43566517373010916,-0.8472500143789049,-0.5311943270922096,0.8749840933103326,-0.4841516667883063,-0.8614382353913443,-0.5078623500574214,0.8682921023645849,-0.4960532481208941,0.8648853242253837,0.5019694970210371,1,0,0,0,99,0
1701996960,12,8,4,536,22.2,0.0,61,0,0,0,0,1,0,0,0.9364408251331382,-0.35082557065294895,-0.8218350110128397,-0.5697255608391865,0.8859248164599484,-0.4638288688518717,-0.8555199789753223,-0.5177697997895051,0.8711400001691764,-0.4910347239302405,-0.8634334728079056,-0.504462722145928,0.8673127239196736,-0.4977636376102979,-0.8653795807650819,-0.5011169336540635,0.8663477747573614,-0.4994412209389292,0.8658640831386093,0.5002793115156127,1,0,0,0,99,0
1701997020,12,8,4,537,22.2,0.0,61,0,0,0,0,1,0,0,0.21075159869536877,-0.9775396481203953,-0.9943690582777592,-0.10597252445706083,0.7436304607992672,-0.6685908597726038,-0.9133977391510787,-0.40706826222845977,0.8387694147465261,-0.5444867940416647,-0.8787738031034109,-0.47723851791234084,0.8594296125664803,-0.5112540865790997,-0.8692681078295407,-0.49434093165592724,0.8643902277489974,-0.5028215728984153,0.8668395390435346,0.4985872175966732,1,0,0,0,99,0
1701997080,12,8,4,538,22.2,0.0,61,0,0,0,0,1,0,0,-0.708701675652129,-0.7055082812610101,-0.9234468802429867,0.3837262818331512,0.5551007648016929,-0.8317831092998796,-0.9570222331011646,-0.2900145605828441,0.8031234527091224,-0.5958126548744814,-0.8932560256932167,-0.44954829836488014,0.8513366837993298,-0.5246197201950761,-0.8731035792490706,-0.48753475763525,0.862419491209252,-0.5061942524193405,0.8678116882190918,0.4968932217190427,1,0,0,0,99,0
1701997140,12,8,4,539,22.2,0.0,61,0,0,0,0,1,0,0,-0.9765778977502884,0.21516414577161172,-0.6264326995888658,0.7794755114086689,0.3320575918356115,-0.943259113766909,-0.9857127151880788,-0.16843527871721392,0.7643413107758908,-0.6448118800405224,-0.9068659989327317,-0.4214191025330233,0.8430359133907117,-0.5378572754304699,-0.8768857609262651,-0.4806988270058135,0.8604355952091398,-0.5095592080387649,0.8687805269568273,0.4951973303448006,1,0,0,0,99,0
1701997260,12,8,4,541,22.2,0.0,61,0,0,0,0,1,0,0,0.6020480068859135,0.7984598909179464,0.3174429941596235,0.9482773568207633,-0.16081455652277984,-0.9869846393994092,-0.9967408488166343,0.08067019462165342,0.677985916291167,-0.7350748923142639,-0.9314169024433323,-0.36395405457676666,0.8258190039520665,-0.5639352557799668,-0.8842893349407667,-0.46693936663127533,0.8564284461153995,-0.5162657423114207,0.8707082583481739,0.491799886990928,1,0,0,0,99,0
1701997320,12,8,4,542,22.2,0.0,61,0,0,0,0,1,0,0,0.9971687571041068,-0.07519620904973118,0.7332108186087175,0.6800013937302882,-0.3999991289176214,-0.916515519162193,-0.9789064100214568,0.2043091784989199,0.630749879707115,-0.7759862042906819,-0.9423338591737755,-0.33467431609649856,0.8169070681835537,-0.5767693143291786,-0.8879102754020753,-0.46001667669271595,0.8544052541659362,-0.5196072186311907,0.8716671436480758,0.49009834797151136,1,0,0,0,99,0
1701997380,12,8,4,543,22.2,0.0,61,0,0,0,0,1,0,0,0.47549715072011806,-0.8797172612021713,0.9694630630411277,0.24523737357693737,-0.6143136928406621,-0.7890619030142494,-0.9457964641016188,0.32475998597868444,0.5810507783409793,-0.8138673067456035,-0.9523306428823981,-0.30506777382607664,0.8077956962704359,-0.5894625629223299,-0.8914770223966318,-0.4530659097072247,0.8523690250435033,-0.5229407663840979,0.8726227038027654,0.4883949393758611,1,0,0,0,99,0
1701997440,12,8,4,544,22.2,0.0,61,0,0,0,0,1,0,0,-0.48334434316848646,-0.8754303204293443,0.9683569384347241,-0.24956930858045798,-0.7904332067228887,-0.6125482394960996,-0.8979276806892913,0.4401430224960407,0.5290826861200238,-0.8485702747846052,-0.9613974918795568,-0.27516333805159693,0.7984871126234903,-0.6020119026848236,-0.8949893582285835,-0.4460874899137928,0.850319789818452,-0.5262663347043051,0.8735749351670712,0.4866896677019633,1,0,0,0,99,0
1701997500,12,8,4,545,21.8,0.0,62,0,0,0,0,1,0,0,-0.9978012770046274,-0.06627678030754695,0.7301632626705986,-0.683272719963432,-0.9174074122121076,-0.39794929327526646,-0.8360470361394945,0.5486577743569909,0.4750485373322441,-0.8799595940601451,-0.9695255525410729,-0.24499020994710669,0.7889835897999105,-0.6144142698753396,-0.8984470685230543,-0.43908184323919636,0.8482575797595906,-0.5295838728477311,0.8745238341085196,0.48498253945491115,1,0,0,0,99,1
1701997560,12,8,4,546,21.8,0.0,62,0,0,0,0,1,0,0,-0.5948843183590627,0.8038113259779768,0.3132001548706699,-0.9496871395301657,-0.9873416682005692,-0.15860778743465642,-0.7611201572139107,0.6486109051524434,0.4191593341723149,-0.9079126899521901,-0.9767068879536455,-0.2145778530601538,0.7792874479484941,-0.6266666366338032,-0.9018499422392295,-0.4320493972719999,0.8461824263337073,-0.5328933301928258,0.8754693970073499,0.4832735611468799,1,0,0,0,99,0
1701997620,12,8,4,547,21.8,0.0,62,0,0,0,0,1,0,0,0.35496653913623116,0.9348790061252026,-0.18044527407887062,-0.9835850258430133,-0.9958878013719752,0.0905951824243062,-0.6743162527982304,0.7384426797065248,0.3616333227825357,-0.9323204062194833,-0.9829344856651138,-0.18395596454113236,0.7694010542432121,-0.6387660117205939,-0.9051977716832366,-0.4249905812364588,0.8440943612050903,-0.5361946562413418,0.876411620256527,0.4815627392971025,1,0,0,0,99,1
1701997680,12,8,4,548,21.8,0.0,62,0,0,0,0,1,0,0,0.9784627975617406,0.20642323945634647,-0.6299114066849614,-0.7766669941024745,-0.9425144545582509,0.33416538263076073,-0.5769898687885426,0.8167513032223337,0.30269514100631545,-0.953087431252331,-0.9882022645319962,-0.1531544461445194,0.7593268223052967,-0.6507094412468135,-0.9084903525208217,-0.4179058259663213,0.8419934162350443,-0.5394878006191052,0.8773505002617554,0.4798500804318443,1,0,0,0,99,1
1701997740,12,8,4,549,21.8,0.0,62,0,0,0,0,1,0,0,0.7023648723213674,-0.7118171015991323,-0.925153258006243,-0.37959379499727586,-0.8305401239546696,0.5569587978489631,-0.47065975085566697,0.8823147958209029,0.2425749411822016,-0.9701326702623984,-0.9925050806576252,-0.12220337503031901,0.7490672116139909,-0.6624940093954363,-0.9117274837898209,-0.41079556387853294,0.8398796234814049,-0.5427727130767847,0.8782860334414936,0.4781355910843782,1,0,0,0,99,0
1701997800,12,8,4,550,21.8,0.0,62,0,0,0,0,1,0,0,-0.219484077409708,-0.9756160821571205,-0.9938853259197261,0.11041720391967796,-0.6669268310993051,0.7451232126030157,-0.3569851449269173,0.9341100611285096,0.1815074914039231,-0.9833895619561226,-0.995838732415074,-0.09113297439422614,0.7386247269061015,-0.6741168391331631,-0.9149089679124266,-0.4036602289468439,0.8377530151980487,-0.5460493434906575,0.8792182162269665,0.47641927779496,1,0,0,0,99,1
1701997860,12,8,4,551,21.8,0.0,62,0,0,0,0,1,0,0,-0.9395403785729803,-0.3424381360639331,-0.8192796030855196,0.5733942203824812,-0.4618472580937981,0.8869594749430442,-0.2377399052083556,0.9713288513534034,0.1197312587560086,-0.9928063384551399,-0.9981999645499743,-0.05997358395518874,0.7280019175645037,-0.6855750929128083,-0.9180346107072457,-0.39650025667532157,0.8356136238344016,-0.5493176418633751,0.8801470450621802,0.47470114711080325,1,0,0,0,99,3
1701997980,12,8,4,553,21.8,0.0,62,0,0,0,0,1,0,0,0.07960864038153331,0.9968261956713436,0.03983594061056201,0.9992062338855137,0.01992192403467051,0.9998015387779501,0.009961456270293016,0.9999503834635872,-0.004980789917915772,-0.9999875957889646,-0.9999968989424328,0.002490402681839968,0.7062257419969057,-0.7079867239863471,-0.9241176126409308,-0.3821081496210549,0.831296622638711,-0.5558290431323939,0.8819946267218395,0.4712594597817672,1,0,0,0,99,1
1701998040,12,8,4,554,21.8,0.0,62,0,0,0,0,1,0,0,0.8818130525190443,0.47159913104992585,0.5140043136735694,0.8577875993070563,0.2666574588239974,0.9637913672852274,0.13455228113037063,0.9909064959130168,-0.06742960806271654,-0.9977240339675638,-0.9994308465240513,0.033734003856911096,0.6950776921118563,-0.7189346298019421,-0.9270746005047118,-0.3748768932583455,0.8291190786787943,-0.5590720466727229,0.8829133724983225,0.46953591626587904,1,0,0,0,99,0
1701998100,12,8,4,555,22.6,0.0,60,0,0,0,0,1,0,0,0.873282610859792,-0.4872139997679717,0.8623265042221454,0.5063526440298443,0.4968135243580612,0.8678573166223363,0.2570434626455842,0.9663998439109809,-0.1296151150310394,-0.9915643811450119,-0.9978888668446532,0.06494466434969119,0.6837599489770912,-0.729707018038641,-0.9299750045131969,-0.3676227563422584,0.8269288833818355,-0.5623065194614685,0.8838287502286483,0.4678105816131843,1,0,0,0,99,0
1701998160,12,8,4,556,22.6,0.0,60,0,0,0,0,1,0,0,0.061860164125145584,-0.9980848261016746,0.99952109184891,0.030944901828293042,0.6960801312247417,0.717964101410472,0.375523566896625,0.926812845565509,-0.1912944777489552,-0.9815326906337631,-0.9953724656212274,0.09609190747986249,0.6722752756572777,-0.7403012587723536,-0.9328186476406745,-0.3603461816279218,0.8247260701675199,-0.5655324121445553,0.884740756420929,0.4660834624053104,1,0,0,0,99,0
1701998220,12,8,4,557,22.6,0.0,60,0,0,0,0,1,0,0,-0.8064362322233966,-0.5913210662215004,0.8919980566743126,-0.45203923158200526,0.8520678469411944,0.5234313557755185,0.48814375148335226,0.8727632427455679,-0.2522268396250011,-0.9676681359705837,-0.9918841000768648,0.12714531849308558,0.6606264759706935,-0.7507147655711474,-0.9356053563258249,-0.3530476132399514,0.8225106726480671,-0.5687496754988299,0.8856493875961384,0.4643545652306921,1,0,0,0,99,0
1701998280,12,8,4,558,22.6,0.0,60,0,0,0,0,1,0,0,-0.9332988757369771,0.35910055492590737,0.5660827877060443,-0.8243483956816764,0.9550781108583937,0.2963541836370153,0.5931466160920859,0.8050944614258054,-0.3121742610900157,-0.9500248579447291,-0.9874271765413207,0.1580745742604909,0.6488163938047147,-0.7609449961266882,-0.9383349604823131,-0.3457274966453434,0.8202827246277175,-0.571958260432812,0.8865546402881246,0.4626238966845466,1,0,0,0,99,0
1701998340,12,8,4,559,22.6,0.0,60,0,0,0,0,1,0,0,-0.20209083702626568,0.9793667819514931,0.1015707094799159,-0.9948283223630832,0.9987062436880735,0.050851143728124895,0.6888936261397238,0.7248624503063064,-0.37090264874606493,-0.9286717531793207,-0.9820060471247926,0.1888494728886995,0.6368479124215218,-0.7709894528749078,-0.9410072935091703,-0.33838627862628545,0.8180422601022167,-0.5751581179874429,0.8874565110436237,0.46089146336884845,1,0,0,0,99,0
1701998460,12,8,4,561,22.6,0.0,60,0,0,0,0,1,0,0,0.9746351572706857,-0.22379971003543722,-0.7822402795929897,-0.6229768414494085,0.9008265208821864,-0.4341792017995516,0.8468114317247825,0.5318932215212224,-0.4837906460850486,-0.8751837582820029,-0.9682932815738222,0.24981617413409918,0.6124474776933533,-0.7905112820618372,-0.9461794972577448,-0.32364233185583335,0.8135239184731551,-0.5815314557890083,0.8892500929966238,0.457421328870327,1,0,0,0,99,0
1701998520,12,8,4,562,22.6,0.0,60,0,0,0,0,1,0,0,0.33827666045026744,-0.9410467050017307,-0.9851514363288851,-0.17168764515577298,0.7654043523379563,-0.6435496697397284,0.9065179727230256,0.4221672241305995,-0.5375094305542,-0.8432577376255137,-0.9600150357222312,0.27994844380214573,0.6000214813645651,-0.7999838885259333,-0.9486790522948035,-0.31624050299895706,0.8112461103139285,-0.5847048387866493,0.8901417973521548,0.4556836409250121,1,0,0,0,99,0
1701998580,12,8,4,563,22.6,0.0,60,0,0,0,0,1,0,0,-0.6090918379453792,-0.7930996992486631,-0.9468631630939771,0.32163667448795147,0.5823930483410875,-0.8129073361976602,0.9520786039497107,0.30585344840490175,-0.5891292521998455,-0.8080388135494797,-0.9507993514799744,0.3098073485656209,0.5874489983966179,-0.8092611903970253,-0.9511207048521826,-0.30881937245174135,0.8089559235371669,-0.5878692999078361,0.8910301060872848,0.4539442146851108,1,0,0,0,99,2
1701998640,12,8,4,564,22.6,0.0,60,0,0,0,0,1,0,0,-0.9964641095049708,0.08401951242696915,-0.6767497645263835,0.7362131187458456,0.363171365373259,-0.9317223617435201,0.9827823669926928,0.18476693191217952,-0.6384485367231334,-0.7696645151987259,-0.9406552278063217,0.33936373171073697,0.5747330981809134,-0.8183409227549167,-0.9535043059039945,-0.301379393161745,0.8066533930883032,-0.5910247908667855,0.8919150158133861,0.4522030567860055,1,0,0,0,99,2
1701998700,12,8,4,565,22.9,0.0,58,0,0,0,0,1,0,0,-0.46769187421537717,0.8838915718530796,-0.24094442112956296,0.9705389152046093,0.12136944589844409,-0.9926074035600907,0.9981501398988257,0.060797189243867816,-0.6852746933734428,-0.7282846933870942,-0.9295925702658919,0.36858873193093256,0.561876885122118,-0.8272208689131738,-0.9558297099675166,-0.2939210192269568,0.8043385541011188,-0.5941712635145877,0.892796523154797,0.45046017386968423,1,0,0,0,99,6
1701998760,12,8,4,566,22.9,0.0,58,0,0,0,0,1,0,0,0.4910741133562503,0.8711177963922977,0.253852519790234,0.9672429364932829,-0.12797863787897792,-0.9917769246391254,0.9979421137117938,-0.06412127322844811,-0.7294248670111433,-0.6840609354332229,-0.9176221813560369,0.3974538115094489,0.5488834978802656,-0.8358988609602985,-0.9580967751120705,-0.2864447058680798,0.8020114418972087,-0.5973086698399414,0.8936746247488349,0.4487155725847157,1,0,0,0,99,13
1701998820,12,8,4,567,22.9,0.0,58,0,0,0,0,1,0,0,0.9983488258124457,0.05744233629398255,0.6864975104492431,0.7271321531516752,-0.3693696298075444,-0.9292825601375706,0.9821615346106695,-0.1880391446779491,-0.770726652153002,-0.6371659341655245,-0.9047557499583864,0.4259307841859259,0.5357561086045003,-0.8443727802889923,-0.9603053629676844,-0.2789509094007471,0.7996720919854422,-0.6004369619698862,0.894549317245809,0.44696925958622363,1,0,0,0,99,14
1701998880,12,8,4,568,22.9,0.0,58,0,0,0,0,1,0,0,0.587746231938178,-0.8090453428841139,0.9510639681125854,0.3089940590981371,-0.5877950071674065,-0.8090099069535975,0.9510546532543747,-0.3090227281660707,-0.8090187662119065,-0.587782813560387,-0.8910058399248534,0.45399184267980686,0.5224979221586403,-0.8526405581133842,-0.9624553387335394,-0.27144008720767066,0.7973205400614205,-0.6035560921705327,0.8954205973090336,0.4452212415358611,1,0,0,0,99,14
1701998940,12,8,4,569,22.9,0.0,58,0,0,0,0,1,0,0,-0.36322753704942956,-0.9317004649183155,0.9827767968664898,-0.18479655716717844,-0.7696741379204508,-0.6384369361310566,0.9051068821225083,-0.42518411533648776,-0.8441516793019155,-0.5361044136469649,-0.8763858778092459,0.4816095858436764,0.5091121753387575,-0.8607001759740951,-0.964546571186196,-0.2639126977107249,0.794956822006933,-0.6066660128477922,0.8962884616148398,0.4434715251017859,1,0,0,0,99,12
1701999060,12,8,4,571,22.9,0.0,58,0,0,0,0,1,0,0,-0.6960368448325855,0.718006065876535,0.3754956285520944,-0.9268241650595153,-0.9815355737464423,-0.1912796838930951,0.7717770675179119,-0.6358931970491998,-0.9044040018291604,-0.4266771630582074,-0.8445937375620919,0.535407712375248,0.481971102673569,-0.8761871125436759,-0.9685522991928923,-0.24881005552059607,0.790193031961367,-0.6128580359591461,0.8980139297246859,0.4399670237874959,1,0,0,0,99,4
1701999120,12,8,4,572,22.9,0.0,58,0,0,0,0,1,0,0,0.22811095911894086,0.9736351423042602,-0.11481475884166603,-0.9933869191569467,-0.9983453608739179,0.05750252534912421,0.6864755912087755,-0.7271528468448447,-0.9292881272363391,-0.36935562345465606,-0.8274526039159754,0.5615355627853609,0.4682224029318968,-0.8836106503390961,-0.9704665502579407,-0.24123572461485038,0.7877930326598638,-0.6159400439105862,0.8988715269465893,0.43821225227588845,1,0,0,0,99,0
1701999180,12,8,4,573,22.9,0.0,58,0,0,0,0,1,0,0,0.9425345992440989,0.3341085590459571,-0.5770144889662836,-0.8167339098647604,-0.9530828688694285,0.3027095060740904,0.5904618928965313,-0.8070655196680411,-0.9505434023936101,-0.31059175804579786,-0.8095034768442313,0.5871150832478255,0.4543593934058008,-0.8908184672669919,-0.9723215690467305,-0.233646669923849,0.7853810126059354,-0.619012653374772,0.8997256952468269,0.4364558091177319,1,0,0,0,99,1
1701999240,12,8,4,574,22.9,0.0,58,0,0,0,0,1,0,0,0.7903962755452384,-0.6125958925786359,-0.8979409481081247,-0.4401159548467677,-0.8485623002604958,0.529095475861036,0.48523423423072903,-0.8743842049868684,-0.9680868259063513,-0.2506150384684961,-0.7907638833648436,0.6121212957950017,0.4403854585502332,-0.8978088036422348,-0.9741172423384761,-0.22604335464437486,0.7829570086040404,-0.6220758174674632,0.9005764313670059,0.43469770101332306,1,0,0,0,99,3
1701999300,12,8,4,575,23.0,0.0,59,0,0,0,0,1,0,0,-0.08842873879073523,-0.9960825056971334,-0.999020146367713,0.044257735498252376,-0.6912822377660761,0.7225848515912344,0.37243465763054706,-0.9280584172322436,-0.9818498910811784,-0.1896596725291863,-0.771252122372829,0.6365297822846995,0.42630400990097467,-0.9045799528744541,-0.9758534605345349,-0.21842624284360365,0.7805210576414975,-0.6251294894485447,0.9014237320618269,0.4329379346693099,1,0,0,0,99,1
1701999360,12,8,4,576,23.0,0.0,59,0,0,0,0,1,0,0,-0.8859527784925297,-0.4637754567475154,-0.8555043707508208,0.5177955886508133,-0.49102159389846933,0.8711474010323434,0.25382336276203626,-0.9672505882738824,-0.9917788534431158,-0.12796368962740468,-0.7509872467716762,0.6603167082440802,0.4121184852417566,-0.9111302618846769,-0.977530117665097,-0.2107957994307797,0.7780731968879212,-0.6281736227227391,0.9022675940990952,0.4311765167986662,1,0,0,0,99,1
1701999420,12,8,4,577,23.0,0.0,59,0,0,0,0,1,0,0,-0.8689359194288628,0.4949246083256689,-0.5025312884161199,0.8645590229491764,-0.2602316055466972,0.96554622441113,0.1312512392110452,-0.9913491373908412,-0.9978349406066219,-0.06576801125607637,-0.7299890448685091,0.6834588461436152,0.3978323477649755,-0.917458131508903,-0.9791471113956531,-0.20315249012884015,0.7756134636946551,-0.6312081708403179,0.9031080142597334,0.42941345412066567,1,0,0,0,99,0
1701999480,12,8,4,578,23.0,0.0,59,0,0,0,0,1,0,0,-0.053023383345603574,0.998593270966005,-0.026521020285755953,0.9996482558795381,-0.013261676373330016,0.9999120601031718,0.006630983970279104,-0.9999780147841181,-0.9999945036809248,-0.0033155102082415536,-0.7082780210511411,0.705933598078374,0.38344908522620447,-0.9235620168885179,-0.9807043430332401,-0.1954967814459897,0.7731418955942013,-0.6342330874978104,0.9039449893377943,0.42764875336085667,1,0,0,0,99,0
1701999540,12,8,4,579,23.0,0.0,59,0,0,0,0,1,0,0,0.811638606855743,0.5841598855290122,0.45598251856347943,0.8899887318188394,0.23453279960504517,0.972108206893358,-0.1180927455575532,-0.9930025697079937,-0.9982491096184343,0.05914993783600386,-0.685875375765888,0.7277190178344949,0.36897220909270734,-0.9294404278474482,-0.982201717532465,-0.1878291406472274,0.7706585302996481,-0.63724832653871,0.9047785161404723,0.42588242125103615,1,0,0,0,99,1
1701999660,12,8,4,581,23.0,0.0,59,0,0,0,0,1,0,0,0.19341424210376837,-0.9811171851269475,0.9952681008469395,0.09716690504758436,0.6718753957961311,0.7406641968691292,-0.3600942953803009,-0.9329159117704899,-0.9830859351477087,0.18314487193136209,-0.6390833779987701,0.7691374623340622,0.33975177531981915,-0.9405151413810577,-0.9850165332066914,-0.17245993537477364,0.7656565598800724,-0.6432495878837492,0.9064352122142402,0.42234488993963853,1,0,0,0,99,1
1701999720,12,8,4,582,23.0,0.0,59,0,0,0,0,1,0,0,-0.7210794829843191,-0.6928523502298791,0.9200142254959646,-0.3918849638415085,0.8342316716121213,0.5514141076171752,-0.47359576242974594,-0.8807423311097222,-0.9697273666112869,0.2441901604183487,-0.6147397171086522,0.7887300426693371,0.3250153514302539,-0.9457087402232617,-0.9863338025798521,-0.16475930895815624,0.7631380310789642,-0.6462355186160244,0.907258375165538,0.42057370423266816,1,0,0,0,99,2
1701999780,12,8,4,583,23.0,0.0,59,0,0,0,0,1,0,0,-0.9726160568450356,0.23241774021622025,0.6195087811257318,-0.7849897261162786,0.9447194626227086,0.32787975988441354,-0.579706926004678,-0.8148250609438855,-0.9525820334606059,0.3042818915546195,-0.5897957733170781,0.8075524415029093,0.31019957970401146,-0.9506714578399073,-0.9875908712214556,-0.15704862648252085,0.760607857730421,-0.6492115885893748,0.9080780772018932,0.41880091416484827,1,0,0,0,99,1
1701999840,12,8,4,584,23.0,0.0,59,0,0,0,0,1,0,0,-0.32993391349118173,0.9440040321568512,0.16732598101183924,-0.9859016259639831,0.9964691731217737,0.08395943674184847,-0.6767719568873076,-0.7361927182273159,-0.9317168878547055,0.36318540841606234,-0.5642759039618552,0.8255862790817391,0.29530807719927077,-0.9554020826546641,-0.9887876624065108,-0.14932835856818344,0.7580660784417752,-0.6521777523926344,0.9088943151963913,0.41702652649883415,1,0,0,0,99,1
1701999900,12,8,4,585,23.5,0.0,61,0,0,0,0,1,0,0,0.616087948358266,0.7876773704301162,-0.32582405495135236,-0.9454304232544339,0.9862632567561346,-0.16518107752640138,-0.7632761877349513,-0.6460723343688377,-0.9072134077406588,0.4206706940298802,-0.5382050287623295,0.8428139456694699,0.2803444794627942,-0.95989945975333,-0.9899241030890525,-0.1415989764205058,0.7555127319974514,-0.6551339647657929,0.9097070860353328,0.4152505480033754,1,0,0,0,99,1
1701999960,12,8,4,586,23.5,0.0,61,0,0,0,0,1,0,0,0.9956813917222668,-0.09283623310976193,-0.739200998751274,-0.6734848798934681,0.9147362679738538,-0.40405143243560715,-0.8378697489573207,-0.5458702078170199,-0.8791672786839316,0.4765132695859477,-0.5116086054857034,0.859218618742037,0.2653124396423611,-0.9641624911657881,-0.9910001239065988,-0.13386095180113555,0.752947857358375,-0.6580801806006866,0.9105163866182439,0.4134729854532902,1,0,0,0,99,0
1702000020,12,8,4,587,23.5,0.0,61,0,0,0,0,1,0,0,0.4598499553568124,-0.8879966320647492,-0.9715957575207781,-0.2366467493282453,0.7863354085020734,-0.6177998262672768,-0.8993886329800029,-0.4371499592432345,-0.8476880202182978,0.5304950710217605,-0.48451260508795824,0.8747842794145767,0.2502156275949039,-0.9681901361340594,-0.9920156591843848,-0.12611475699921215,0.7503714936613771,-0.6610163549416868,0.9113222138578887,0.4116938456294394,1,0,0,0,99,1
1702000080,12,8,4,588,23.5,0.0,61,0,0,0,0,1,0,0,-0.49876540925697305,-0.8667370227056902,-0.9661099892625297,0.2581307588164473,0.6090440218832924,-0.7931364191664784,-0.9468728581933475,-0.32160813176404734,-0.8128985581744033,0.582405300557933,-0.4569434863536556,0.889495728083596,0.23505772899056523,-0.9719814113663893,-0.9929706469393719,-0.11836086480254095,0.7477836802185981,-0.6639424429863854,0.9121245646802812,0.4099131353187006,1,0,0,0,99,0
1702000140,12,8,4,589,23.5,0.0,61,0,0,0,0,1,0,0,-0.9988181567744302,-0.04860339183359195,-0.7240868013690044,0.6897088545779327,0.39388522784059016,-0.9191596310157264,-0.9795814491444105,-0.20104771695330634,-0.7749347446570279,0.6320412498590158,-0.42892817005938433,0.9033385992691267,0.21984244441289458,-0.9755353912773044,-0.9938650288840292,-0.11059974846873663,0.745184456516887,-0.666858400086279,0.9129234360246973,0.40813086131394244,1,0,0,0,99,1
1702000260,12,8,4,591,23.5,0.0,61,0,0,0,0,1,0,0,0.37146007709824136,0.9284489275787703,0.18914422066406064,0.9819493183405064,-0.09500179382383689,-0.995477101278705,-0.9988686353266643,0.04755469861798596,-0.6900888715890201,0.7237246363838894,-0.3716687797058764,0.9283654012251559,0.1892545888147023,-0.9819280526660688,-0.9954717606908969,-0.09505773859589553,0.7399519371539937,-0.672659743631245,0.9145107281030783,0.40456164942364164,1,0,0,0,99,0
1702000320,12,8,4,592,23.5,0.0,61,0,0,0,0,1,0,0,0.9819635696276799,0.18907021955893671,0.6367612505645516,0.7710610285700272,-0.3383333943242765,-0.9410263090291437,-0.9851462604682474,0.17171734183077755,-0.6435381333569995,0.7654140519453434,-0.34248061846961253,0.939524893748256,0.17388948538043356,-0.9847651734673236,-0.9961840124864793,-0.08727779366103493,0.737318721334619,-0.6755450415549525,0.9152991427820066,0.40277472515355744,1,0,0,0,99,1
1702000380,12,8,4,593,23.5,0.0,61,0,0,0,0,1,0,0,0.6896542847984488,-0.7241387763813923,0.9284769185018528,0.37139010731211436,-0.5606290630567977,-0.8280670586710095,-0.9560510077059198,0.2932003933566516,-0.5944743924860635,0.8041145420139632,-0.31295803072140266,0.9497669561566046,0.15848192932223448,-0.9873618779749916,-0.9968354623444613,-0.0794925217394956,0.7346742549387094,-0.6784200314924761,0.9160840658729078,0.400986264420319,1,0,0,0,99,0
1702000440,12,8,4,594,23.5,0.0,61,0,0,0,0,1,0,0,-0.23671996897079078,-0.9715779208537356,0.992869055025318,-0.11921006489861569,-0.7480675320111867,-0.6636226092823331,-0.9120368987278785,0.4101081508076052,-0.5430892418343393,0.8396749820042292,-0.2831298447671764,0.9590815872500705,0.1430356821739413,-0.9897175322409093,-0.9974260705037014,-0.07170239800414888,0.7320185783175687,-0.6812846695750063,0.9168654943815386,0.3991962740463603,1,0,0,0,99,0
1702000500,12,8,4,595,23.8,0.0,57,0,0,0,0,1,0,0,-0.9454549749583542,-0.3257528055543003,0.8141722193597312,-0.5806234556258039,-0.8889947850313308,-0.4579173202523552,-0.853790758983826,0.5206163077294279,-0.4895833393154694,0.8719565091589797,-0.2530251873243257,0.9674596914494629,0.12755451491526504,-0.9918315611658722,-0.9979558009165216,-0.06390789792399577,0.7293517319935546,-0.6841389120916908,0.9176434253269868,0.39740476085995075,1,0,0,0,99,0
1702000560,12,8,4,596,23.8,0.0,57,0,0,0,0,1,0,0,-0.7849430371582153,0.6195679368857272,0.43613762914604876,-0.8998799744648526,-0.9746486480944947,-0.22374095013558368,-0.7822215000035424,0.6230004212937645,-0.4341656243337532,0.9008330648055067,-0.22267345507995925,0.9748930876782097,0.11204220705116075,-0.9937034486400381,-0.998424621250908,-0.05610949723514686,0.7266737566594609,-0.6869827154903001,0.9184178557416826,0.3956117316951685,1,0,0,0,99,0
1702000620,12,8,4,597,23.8,0.0,57,0,0,0,0,1,0,0,0.09724190905490493,0.9952607754369492,-0.04867866351416559,-0.998814491143613,-0.9997035788531551,0.024346548588937242,-0.6984459361364568,0.715662821651697,-0.37705250188024414,0.9261918866119744,-0.19210428598553647,0.9813745173510403,0.09650254568911575,-0.9953327376689265,-0.9988325028924836,-0.048307671911785734,0.7239846931778965,-0.6898160363778933,0.9191887826714089,0.39381719339187476,1,0,0,0,99,1
1702000680,12,8,4,598,23.8,0.0,57,0,0,0,0,1,0,0,0.8900230925369855,0.45591544693166575,-0.5215767216183704,-0.8532043855172293,-0.9626017830643233,0.2709202968427898,-0.6037713570372523,0.7971575430373816,-0.3184669974758911,0.9479339489219124,-0.16134753031591095,0.9868976514618708,0.08093932461458155,-0.9967190304849884,-0.9991794209462554,-0.04050289813711804,0.7212845825806614,-0.6926388315214799,0.9199562031753141,0.3920211527956879,1,0,0,0,99,1
1702000740,12,8,4,599,23.8,0.0,57,0,0,0,0,1,0,0,0.864521149292347,-0.5025964409207844,-0.866774607646297,-0.4987000897730096,-0.8656500706905215,0.5006495332200912,-0.4996751278480393,0.8662128875802101,-0.2586378862616515,0.9659743494472848,-0.13043322152104356,0.9914570967639711,0.06535634336477557,-0.9978619886447151,-0.9994653542381334,-0.0326956522743077,0.7185734660681216,-0.6954510578486787,0.9207201143259223,0.39022361675795675,1,0,0,0,99,1
1702000860,12,8,4,601,23.8,0.0,57,0,0,0,0,1,0,0,-0.816777391867125,-0.576952937538875,-0.8879619748443272,0.4599168742616023,-0.519655234621185,0.8543760513560765,-0.26983694024718285,0.9629060315929266,-0.13618731293162617,0.9906831056379549,-0.06825281811780774,0.9976680574314172,0.034146321680254645,-0.9994168443225823,-0.9998542004518914,-0.017075650462248376,0.7131183809376422,-0.7010436325713798,0.9222373969242897,0.38662408579175467,1,0,0,0,99,1
1702000920,12,8,4,602,23.8,0.0,57,0,0,0,0,1,0,0,-0.9267958647454188,0.3755654737736039,-0.5587640495890891,0.8293266768209027,-0.29212439403368673,0.9563803314636136,-0.1476815298816789,0.9890349668903556,-0.07404401768422757,0.9972549741391004,-0.0370474416181442,0.9993135078990728,0.01852690072471944,-0.9998283622450087,-0.9999570896406027,-0.00926384787740154,0.7103744955575902,-0.7038238956310728,0.9229907625840772,0.38482210459440036,1,0,0,0,99,0
1702000980,12,8,4,603,23.8,0.0,57,0,0,0,0,1,0,0,-0.18472249371488758,0.9827907205075521,-0.09276119741693704,0.9956883851154316,-0.046430673506683055,0.9989215147136015,-0.02322159863573769,0.9997303423207684,-0.011611582132328728,0.9999325833076869,-0.0058058889204457365,0.9999831456848878,0.0029029566920853495,-0.9999957864123448,-0.9999989466025314,-0.001451479875027901,0.7076197707367382,-0.7065934192040612,0.9237406073146458,0.38301865541768254,1,0,0,0,99,4
1702001040,12,8,4,604,23.8,0.0,57,0,0,0,0,1,0,0,0.7271838861456853,0.6864427111784778,0.39595283104274065,0.9182708508872743,0.20214988141565363,0.9793545963764285,0.1016006978902495,0.9948252601277343,0.050866196399306694,0.9987054771372125,0.025441333129256026,0.9996763168989281,-0.012721696055790868,-0.9999190759503811,-0.9999797687829443,0.006360976718196107,0.7048542485087977,-0.7093521610308227,0.9244869282555656,0.3812137451412117,1,0,0,0,99,7
1702001100,12,8,4,605,24.5,0.0,58,0,0,0,0,1,0,0,0.9705207546642247,-0.24101756111533412,0.7877237971254055,0.6160285865463817,0.4381617358086043,0.8988961526634714,0.22483754950689241,0.9743962624783286,0.11314534352254951,0.9935784474510124,0.056663712148903436,0.9983933211542965,-0.0283432429840298,-0.9995982495868769,-0.9998995573523565,0.01417304507018692,0.7020779710722354,-0.7121000790163511,0.9252297225598493,0.37940738065017193,1,0,0,0,99,11
1702001160,12,8,4,606,24.5,0.0,58,0,0,0,0,1,0,0,0.3215653171302501,-0.9468873992291383,0.9866325048439105,0.1629610394708834,0.6469308156708554,0.7625486999106625,0.3445658863623454,0.9387621370482149,0.17498266050066957,0.984571515190292,0.08783076001523608,0.9961354112745646,-0.043957870315993346,-0.9990333856469874,-0.9997583172064605,0.02198424837255722,0.699290980789629,-0.7148371312307991,0.925968987393962,0.3775995688352947,1,0,0,0,99,14
1702001220,12,8,4,607,24.5,0.0,58,0,0,0,0,1,0,0,-0.6230357899988372,-0.7821933292866443,0.9439791653650637,-0.33000505353202975,0.8154768707731783,0.5787896623420162,0.458917387804158,0.8884789424465883,0.23613667393419815,0.9717198522327791,0.11891204263492582,0.9929047920704127,-0.059561765964363605,-0.9982246220341424,-0.9995560569658268,0.029794109869717856,0.6964933201870217,-0.7175632759101171,0.9267047199378335,0.3757903165928327,1,0,0,0,99,9
1702001280,12,8,4,608,24.5,0.0,58,0,0,0,0,1,0,0,-0.9948206650797496,0.10164568033263627,0.6702068037805061,-0.7421744001016999,0.933320523748862,0.35904428689111606,0.5661076368981803,0.8243313311075577,0.2963685787093853,0.9550736440472949,0.14987720966295234,0.9887046181866692,-0.0751511204618093,-0.9971721561963784,-0.999292788975378,0.03760215288797655,0.6936850319532718,-0.7202784714566918,0.9274369173848677,0.37397963082453317,1,0,0,0,99,3
1702001340,12,8,4,609,24.5,0.0,58,0,0,0,0,1,0,0,-0.451972008536893,0.8920321202171627,0.23234444235104618,-0.9726335692893708,0.9931348270223361,0.11697527668406932,0.6644639656580071,0.7473203050513445,0.3554431705270587,0.9346978937205712,0.1806960241392001,0.9835389910218535,-0.09072212789101262,-0.9958762450781355,-0.9989685293036351,0.04540790086463162,0.6908661589394028,-0.7229826764399793,0.9281655769419537,0.3721675184376121,1,0,0,0,99,3
1702001460,12,8,4,611,24.5,0.0,58,0,0,0,0,1,0,0,0.9992092331198094,0.03976063943301937,-0.6929066894492291,-0.7210272669715825,0.9276387408284494,-0.3734787363615347,0.8286973924061589,0.5596969106750838,0.46920309532489035,0.883090287194657,0.24177439153614155,0.9703324912612833,-0.12179390119935532,-0.9925554118691015,-0.998137117802234,0.06101060617179,0.6851968307822979,-0.7283579498336618,0.9296122712813288,0.3685390414639528,1,0,0,0,99,0
1702001520,12,8,4,612,24.5,0.0,58,0,0,0,0,1,0,0,0.5733324771196631,-0.8193228122540169,-0.9537617134939987,-0.3005637933500832,0.8064005807754863,-0.5913696841443247,0.8920116826993705,0.45201234267200896,0.523444198233198,0.8520599575945371,0.2719743024675887,0.9623045145884273,-0.13728708135067327,-0.9905313005121108,-0.9976300167176484,0.06880661119358068,0.6823464621460344,-0.7310289362239981,0.9303303005449188,0.3667226907187513,1,0,0,0,99,1
1702001580,12,8,4,613,24.5,0.0,58,0,0,0,0,1,0,0,-0.37966351428611655,-0.9251246488554479,-0.9811026064728011,0.19348817941227325,0.6350243383476443,-0.7724921292195388,0.9414064290250888,0.33727427324097903,0.5756412627492147,0.8177023520942627,0.3019086351081543,0.9533368638876456,-0.15274674483005257,-0.9882653651443133,-0.9970620254388173,0.07659841661446647,0.6794856817422769,-0.7336887680121819,0.9310447808811835,0.364904941037949,1,0,0,0,99,0
1702001640,12,8,4,614,24.5,0.0,58,0,0,0,0,1,0,0,-0.9835986215652434,-0.1803711497300862,-0.7682353642374472,0.6401674977183369,0.42416535825174545,-0.9055847552047066,0.9761108428874015,0.21727315158032454,0.6255904604530329,0.7801516364080526,0.3315481590900087,0.9434382959176643,-0.16816911738237747,-0.9857581589613307,-0.9964331786330006,0.08438554686280492,0.6766145332230143,-0.7363374046124525,0.9317557095645973,0.36308579935570845,1,0,0,0,99,0
1702001700,12,8,4,615,24.8,0.0,54,0,0,0,0,1,0,0,-0.683217692274733,0.7302147526329418,-0.3672773116917639,0.9301114859609416,0.18693383059127952,-0.9823725072397287,0.995583373515179,0.09388155505814576,0.6730967407965419,0.7395544452770687,0.3608639319209744,0.9326184764621246,-0.1835504338565772,-0.9830102940615943,-0.9957435146817665,0.09216752665230203,0.6737330603984407,-0.7389748056098739,0.9324630838831836,0.3612652726115022,1,0,0,0,99,1
1702001760,12,8,4,616,24.8,0.0,54,0,0,0,0,1,0,0,0.24531043247334874,0.9694445789831095,0.12360303600011291,0.9923317436681922,-0.06192033725605731,-0.9980810948185003,0.9995201585807313,-0.03097503173121646,0.7179745927716441,0.6960693098638897,0.3898273272463786,0.9208879708911095,-0.1988869391248336,-0.9800224412969096,-0.9949930756786476,0.09994388101102124,0.6708413072362862,-0.7416009307609522,0.9331669011385242,0.35944336775008645,1,0,0,0,99,2
1702001820,12,8,4,617,24.8,0.0,54,0,0,0,0,1,0,0,0.9483012769124547,0.3173715302389422,0.584221049672578,0.811594581746004,-0.3069245984390922,-0.9517338340486808,0.9878597658698022,-0.15534826351028058,0.7600487693267718,0.6498660386917136,0.4184100628022027,0.9082582338442392,-0.2141748889993418,-0.9767953301086771,-0.9941819074265729,0.10771413531037331,0.6679393178611462,-0.7442157399942483,0.9338671586457702,0.35762009172147446,1,0,0,0,99,2
1702001880,12,8,4,618,24.8,0.0,54,0,0,0,0,1,0,0,0.7794283006736524,-0.6264914397731085,0.9018013749637745,0.43215076086181514,-0.5328457746563188,-0.8462123731256284,0.9607841519107266,-0.27729733759483854,0.7991549717028728,0.6011250545457083,0.4465842280322334,0.8947415980454101,-0.2294105511463999,-0.9733297483498103,-0.9933100594350714,0.11547781529408518,0.6650271365538082,-0.7468191934109906,0.9345638537336522,0.3557954514809102,1,0,0,0,99,0
1702001940,12,8,4,619,24.8,0.0,54,0,0,0,0,1,0,0,-0.10604746068673451,-0.9943610692710649,0.9985892722413617,-0.0530986380660329,-0.7256371814019844,-0.6880775254046476,0.9187158226036622,-0.39491927947072447,0.8351404910165487,0.5500366899258974,0.4743223113422468,0.8803512622600985,-0.24459020599760484,-0.969626542092392,-0.9923775849172511,0.12323444710714614,0.6621048077505758,-0.749411251285683,0.9352569837444902,0.3539694539888414,1,0,0,0,99,0
1702002060,12,8,4,621,24.8,0.0,54,0,0,0,0,1,0,0,-0.8600386463351707,0.5102288964866329,0.4948591231418125,-0.8689732149170747,-0.966688474876233,-0.25595584099891655,0.7924505792158009,-0.6099361273941245,0.8972001246639806,0.4416242025783208,0.528382341407091,0.8490065378365236,-0.27476668481047367,-0.9615109302125805,-0.9903309876532644,0.13872467298108784,0.6562298861751544,-0.7545610223769472,0.9366325379723223,0.35031341511784325,1,0,0,0,99,0
1702002120,12,8,4,622,24.8,0.0,54,0,0,0,0,1,0,0,-0.03533805174655298,0.9993754159967905,0.01767178546737087,-0.9998438418065069,-0.9999609596895538,-0.008836237703148543,0.7102239920275675,-0.7039757674440404,0.9230318974564314,0.3847234282935987,0.5546514994599768,0.8320827567897314,-0.28975614161762697,-0.9571005059004335,-0.9892169898208465,0.14645732159842081,0.6532773830470404,-0.7571186570143483,0.9373149569419951,0.3484833876855909,1,0,0,0,99,1
1702002180,12,8,4,623,24.8,0.0,54,0,0,0,0,1,0,0,0.8218521846480703,0.5697007868953616,-0.46384222161454775,-0.885917825448659,-0.9710607152615791,0.23883276005537946,0.6169145969843073,-0.7870301010937827,0.9452592504423807,0.32632031725454774,0.5803790497362272,0.8143464610516054,-0.3046748586184907,-0.9524564192265191,-0.9880426152819825,0.1541810312157123,0.6503149117098145,-0.7596647389525567,0.9379938003400013,0.346652030895135,1,0,0,0,99,4
1702002240,12,8,4,624,24.8,0.0,54,0,0,0,0,1,0,0,0.923435312642794,-0.3837541183678754,-0.8317914757822045,-0.5550882279566577,-0.8817846188147811,0.47165229356133864,0.5139784559875352,-0.8578030932449878,0.9637953862840878,0.26664293235993725,0.605539869719601,0.7958149698139441,-0.31951919362227366,-0.9475798039779932,-0.9868079357144411,0.16189533041753676,0.6473425173671444,-0.7621992293414946,0.9386690655767598,0.34481935173254513,1,0,0,0,99,4
1702002300,12,8,4,625,25.2,0.0,53,0,0,0,0,1,0,0,0.17601627283386595,-0.9843872569764778,-0.9960891669364942,-0.08835367288212255,-0.7376834256244756,0.6751467718644137,0.40302185308962235,-0.9151903550257765,0.9785679217677679,0.20592431252067284,0.6301093902963704,0.7765063787634564,-0.33428552259748223,-0.9424718507105282,-0.9855130264766997,0.16959974836283187,0.6443602453741106,-0.7647220895079571,0.9393407500763387,0.3429853571889352,1,0,0,0,99,8
1702002360,12,8,4,626,25.2,0.0,53,0,0,0,0,1,0,0,-0.7332313164778873,-0.6799792912553325,-0.9165094902005468,0.4000129427560235,-0.5477166499404489,0.8366638939132081,0.2857762289683941,-0.958296377409726,0.9895191704584925,0.14440156264783635,0.6540636197466435,0.7564395424116314,-0.348970240556676,-0.9371338064576561,-0.9841579666033436,0.17729381481363626,0.6413681412365148,-0.7672332809562018,0.9400088512764658,0.341150054260437,1,0,0,0,99,5
1702002420,12,8,4,627,25.2,0.0,53,0,0,0,0,1,0,0,-0.9683494148893343,0.2495984989607987,-0.6125363258775766,0.7904424390683988,-0.323695505785608,0.946161307354195,0.1640711623744481,-0.9864485053347172,0.9966063679644831,0.08231492776308211,0.6773791671718721,0.7356340556836266,-0.3635697624365738,-0.9315669744263229,-0.9827428388002435,0.18497706016379048,0.6383662506101844,-0.769732765368537,0.9406733666285383,0.3393134499481733,1,0,0,0,99,1
1702002480,12,8,4,628,25.2,0.0,53,0,0,0,0,1,0,0,-0.31317152702365525,0.9496965803148245,-0.15859290602857282,0.987344058653017,-0.0795485428747221,0.9968309933617175,0.039805820166669656,-0.9992074342602034,0.9998018389311463,0.01990685484696882,0.7000332653356665,0.7141102347841574,-0.378080523973295,-0.9257727136787294,-0.9812677294395066,0.19264901546759924,0.6353546193002774,-0.7722205046059057,0.941334293597632,0.33747555125823137,1,0,0,0,99,1
1702002540,12,8,4,629,25.2,0.0,53,0,0,0,0,1,0,0,0.6299348185230796,0.7766480054775746,0.3341795883371884,0.9425094178515073,0.16954436314500793,0.9855225562744638,-0.08508067855140847,-0.9963740653676368,0.999093105112741,-0.042578953911311244,0.722003792895616,0.6918890973590669,-0.3924989825725241,-0.9197524388005358,-0.9797327285542052,0.20030921246845357,0.6323332932605821,-0.7746964607084679,0.9419916296625114,0.3356363652016361,1,0,0,0,99,1
1702002660,12,8,4,631,25.2,0.0,53,0,0,0,0,1,0,0,0.4440586509707787,-0.8959977201410795,0.9736523301828737,0.22803758446681607,0.6212738589113436,0.7835935121179909,-0.3289426149665083,-0.9443499118753576,0.9859893285110538,-0.16680840525081836,0.763809009259127,0.645442326915884,-0.421044934112807,-0.9070397805267099,-0.9764834306138301,0.21559246215172986,0.6262617415459251,-0.7796128725693702,0.9432955190631858,0.3319541590571128,1,0,0,0,99,0
1702002720,12,8,4,632,25.2,0.0,53,0,0,0,0,1,0,0,-0.514030170892537,-0.8577721045896685,0.9637873480674221,-0.2666719852274808,0.7958240965274552,0.6055278749869898,-0.4441126687075084,-0.8959709467909631,0.9736454556949781,-0.22806693448309956,0.7836028759783554,0.6212620483809149,-0.43516545796919887,-0.9003505007442698,-0.9747693318791554,0.22321458202336397,0.6232116085153726,-0.782053253309314,0.943942067425039,0.330111153015682,1,0,0,0,99,1
1702002780,12,8,4,633,25.2,0.0,53,0,0,0,0,1,0,0,-0.9995220242088421,-0.030914771897250545,0.7179536098861996,-0.6960909524274645,0.9208938463328616,0.38981344741589885,-0.552352492790655,-0.8336106547471364,0.9574995182106194,-0.28843486721690187,0.8026315677871454,0.5964751179986882,-0.4491797424201762,-0.893441413299912,-0.9729957382486092,0.2308230780274018,0.6201519660424364,-0.7844817008788038,0.9445850149348135,0.32826688770053875,1,0,0,0,99,1
1702002840,12,8,4,634,25.2,0.0,53,0,0,0,0,1,0,0,-0.5660579379995188,0.8243654595067245,0.2963397884973224,-0.955082577452527,0.9887068770501516,0.1498623077152374,-0.651973040962877,-0.7582421472442815,0.9376145655983277,-0.34767646796678553,0.8208765034908678,0.5711057397860814,-0.46308436607918363,-0.8863142049482455,-0.9711627579732054,0.23841748578046287,0.6170828608134961,-0.7868981782227173,0.9452243591398598,0.3264213701469947,1,0,0,0,99,3
1702002900,12,8,4,635,25.8,0.0,52,0,0,0,0,1,0,0,0.38783720589663306,0.9217278891963141,-0.19782834832713678,-0.9802366778478334,0.9950469028764004,-0.09940654443286578,-0.7414197678889017,-0.6710415246343308,0.9140682481725122,-0.40556039954960427,0.8383198672194296,0.5451786865103935,-0.4768759343317749,-0.8789706156949713,-0.9692705029286126,0.24599734175904098,0.6140043396593216,-0.7893026484685837,0.9458600976012741,0.3245746073951383,1,0,0,0,99,1
1702002960,12,8,4,636,25.8,0.0,52,0,0,0,0,1,0,0,0.9851566112943334,0.17165794832475895,-0.6435612059762619,-0.7653946525566921,0.9395197317131483,-0.34249477911590703,-0.8192968873112808,-0.5733695234681091,0.8869525137988248,-0.46186062645125475,0.8549446258241684,0.5187192754991592,-0.49055108016436005,-0.8714124383720832,-0.9673190886083255,0.25356218332779523,0.610916449554358,-0.791695074927145,0.9464922278939074,0.3227266064898082,1,0,0,0,99,1
1702003020,12,8,4,637,25.8,0.0,52,0,0,0,0,1,0,0,0.6767275715505089,-0.7362335185953917,-0.9317278354206747,-0.36315732224795383,0.8255777741218431,-0.5642883472800259,-0.8843891528281048,-0.46675028265656904,0.8563732488397127,-0.5163572974905221,0.8707345455104334,0.49175334391820763,-0.5041064649862133,-0.8636415182001753,-0.9653086341166165,0.26111154876778686,0.6078192376160092,-0.794075421092917,0.9471207476063749,0.3208773744805662,1,0,0,0,99,0
1702003080,12,8,4,638,25.8,0.0,52,0,0,0,0,1,0,0,-0.2538816765877605,-0.967235283833767,-0.9917749956098326,0.12799358610147818,0.6603053891566091,-0.7509971990964674,-0.9356808214066555,-0.3528475597928464,0.8224498646704389,-0.5688376043332375,0.8856742076896101,0.46430722354210824,-0.5175387794445416,-0.8556597523379571,-0.9632392621612652,0.2686449773046603,0.6047127511039186,-0.796443650644746,0.9477456543410647,0.3190269184216702,1,0,0,0,99,2
1702003140,12,8,4,639,25.8,0.0,52,0,0,0,0,1,0,0,-0.9510732821065815,-0.30896538974942617,-0.8090010475115055,0.5878072006408963,0.4539784132307965,-0.8910126824689131,-0.9723715037137074,-0.23343876877147773,0.7853148313802172,-0.6190966125042691,0.8997490240351109,0.4364077150416402,-0.5308447442324167,-0.8474690894190892,-0.96111109904607,0.27616200913676636,0.6015970374192486,-0.7987997274463626,0.9483669457141478,0.3171752453720478,1,0,0,0,99,0
1702003260,12,8,4,641,25.8,0.0,52,0,0,0,0,1,0,0,0.11484470379581474,0.9933834576889489,0.057517572580260974,0.9983444940722989,-0.028770696269825667,-0.999586037835738,-0.9998965041032342,0.014386837113521522,0.702001838632378,-0.7121751319421092,0.9252500018757388,0.3793579233770469,-0.5570646625944573,-0.8304691214539668,-0.9566789224849597,0.29114504851193435,0.5953381188400696,-0.8034752791816107,0.9495986729091429,0.31346827655951837,1,0,0,0,99,3
1702003320,12,8,4,642,25.8,0.0,52,0,0,0,0,1,0,0,0.8979542147110153,0.44008888679756925,0.5291082654818533,0.8485543255436181,-0.27517782837320115,-0.9613933444599089,-0.9903013037606052,0.13893641628473632,0.6561492146285263,-0.7546311735824118,0.9366512620987631,0.3502633483663315,-0.5699722149516012,-0.8216639667060773,-0.9543751795562575,0.2986101415674982,0.5921950094489575,-0.8057946827720751,0.9502091040323901,0.31161299493757066,1,0,0,0,99,3
1702003380,12,8,4,643,25.8,0.0,52,0,0,0,0,1,0,0,0.8554887617489377,-0.51782137704161,0.8711548016976116,0.49100846375515256,-0.5044757359104833,-0.8634258693585549,-0.9652527827876372,0.2613179391483152,0.6077343419832735,-0.7941403966391318,0.9471378982595755,0.3208267471400009,-0.5827406167670137,-0.8126582144850321,-0.9520131864856264,0.3060570089991143,0.5890428638906025,-0.8081017909270819,0.9508159103967186,0.3097565246067612,1,0,0,0,99,2
1702003440,12,8,4,644,25.8,0.0,52,0,0,0,0,1,0,0,0.026490886523445938,-0.9996490548843638,0.9999122598719259,0.01324660552058789,-0.702407785577371,-0.7117747556357236,-0.9251418149764185,0.37962168297153187,0.5569462797382114,-0.8305485184417379,0.9566996703359257,0.2910768640396056,-0.5953667508185162,-0.8034540634160753,-0.9495930874369493,0.3134851962883771,0.5858817302628675,-0.8103965684429991,0.9514190896873468,0.30789887264895993,1,0,0,0,99,3
1702003500,12,8,4,645,25.5,0.0,49,0,0,0,0,1,0,0,-0.8268625876027196,-0.5624040017842467,0.8838563236703821,-0.46775848373693524,-0.8566675211938805,-0.5158689350324677,-0.8705943185641828,0.49200155739973644,0.5039833541895326,-0.8637133660537321,0.9653272414196473,0.2610427493211293,-0.6078475346165643,-0.7940537605606843,-0.9471150301205985,0.3208942500570208,0.5827116568007624,-0.8126789803043453,0.9520186396033287,0.3060400461505444,1,0,0,0,99,2
1702003560,12,8,4,646,25.5,0.0,49,0,0,0,0,1,0,0,-0.920002411959138,0.39191269689736824,0.551401533867395,-0.8342399825282195,-0.9576638195442646,-0.2878888826194756,-0.8024614889885606,0.5967039120788988,0.4490523844280872,-0.8935054314549238,0.9730121868339892,0.2307537307879076,-0.6201799211567932,-0.784459600867982,-0.9445791657844201,0.32828371809459106,0.5795326918757081,-0.8149489916843234,0.9526145578575638,0.3041800522023728,1,0,0,0,99,2
1702003620,12,8,4,647,25.5,0.0,49,0,0,0,0,1,0,0,-0.1672962615688254,0.9859066694495454,0.08394441777287699,-0.9964704384600542,-0.9991172199647183,-0.04200929385234764,-0.7218065162674647,0.6920949017828597,0.39236787471526025,-0.9198083772674773,0.9797470023601699,0.20023938515252526,-0.6323608996639003,-0.774673926614458,-0.941985649204503,0.33565314938604557,0.5763448839947981,-0.817206567945353,0.9532068421768051,0.3023188978997567,1,0,0,0,99,1
1702003680,12,8,4,648,25.5,0.0,49,0,0,0,0,1,0,0,0.7392213001816264,0.6734625968513661,-0.4040652194563607,-0.9147301779353751,-0.9784503507933796,0.20648222933781113,-0.6298879942744539,0.7766859820216312,0.33415117684842055,-0.9425194910508831,0.9855251115651197,0.16952950915565845,-0.6443874963266829,-0.7646991268321347,-0.9393346386757316,0.3430020941392817,0.5731482818000584,-0.8194516746395976,0.9537954903016678,0.30045659034243405,1,0,0,0,99,3
1702003740,12,8,4,649,25.5,0.0,49,0,0,0,0,1,0,0,0.9661022076387795,-0.25815988146006835,-0.7931455986954944,-0.6090320675218718,-0.8969481778569685,0.4421356875881703,-0.5281402808022835,0.8491571372803064,0.2746296257868892,-0.961550086391839,0.9903408722232561,0.13865409047006316,-0.6562567750240514,-0.7545376367253204,-0.936626296002125,0.3503301038125896,0.5699429340677058,-0.8216842775094914,0.9543804999866383,0.2985931366345421,1,0,0,0,99,3
1702003860,12,8,4,651,25.5,0.0,49,0,0,0,0,1,0,0,-0.6367844934113518,-0.7710418334635599,-0.9410212095015605,0.33834757760063844,-0.5751749396485218,0.8180304326859235,-0.3016368406826962,0.9534228948074206,0.15260587340036988,-0.9882871280168078,0.9970674821738015,0.0765273545315405,-0.679511826780248,-0.73366455363863,-0.9310382789226848,0.3649215301687268,0.5635061977615123,-0.8261118357004477,0.9555395951242542,0.2948628192054335,1,0,0,0,99,5
1702003920,12,8,4,652,25.5,0.0,49,0,0,0,0,1,0,0,-0.9928654610638965,0.11923999424008805,-0.6636113342009432,0.7480775341634341,-0.35491017584493534,0.9349004048997503,-0.1804156244623088,0.9835904648022342,0.09058017221711874,-0.995889166725453,0.9989717630457462,0.04533670298194944,-0.690891922451714,-0.7229580565226276,-0.9281589455806122,0.3721840562660983,0.5602749074043482,-0.8283067234624195,0.9561136761553041,0.2929959697142441,1,0,0,0,99,3
1702003980,12,8,4,653,25.5,0.0,49,0,0,0,0,1,0,0,-0.43611050264796214,0.8998931211428065,-0.22372626003354357,0.9746520202469203,-0.11257881628681225,0.9936427980534354,-0.056379082763754744,0.998409434564156,0.0282007573997934,-0.9996022795502609,0.9999005649439,0.014101780911272722,-0.7021033467690947,-0.7120750595657992,-0.925222962200409,0.37942386616698276,0.5570350679414255,-0.8304889722828903,0.9566841099032873,0.29112800253248544,1,0,0,0,99,3
1702004040,12,8,4,654,25.5,0.0,49,0,0,0,0,1,0,0,0.5216024406758817,0.853188662536583,0.2709348053161655,0.9625976995964054,0.13675214880138925,0.9906052946548402,0.06853723566485535,0.9976485590263838,-0.034288780771676325,-0.9994119668651121,0.9998529809089715,-0.017146911309152784,-0.7131433626239372,-0.7010182196957677,-0.9222305079793683,0.38664051799069915,0.5537867288087088,-0.8326585488634279,0.9572508941921726,0.2892589247858846,1,0,0,0,99,2
1702004100,12,8,4,655,25.6,0.0,51,0,0,0,0,1,0,0,0.999756505535219,0.022066482275333348,0.6992615811428033,0.7148658903162654,0.37758052762538924,0.9259767519533807,0.19238405345378726,0.9813197113972033,-0.09664442198801937,-0.9953189718369693,0.9988290574059631,-0.04837885986167266,-0.7240092747547067,-0.6897902362814101,-0.9191817655614721,0.39383357127001617,0.5505299395718565,-0.834815420098963,0.9578140268598501,0.2873887436044051,1,0,0,0,99,2
1702004160,12,8,4,656,25.6,0.0,51,0,0,0,0,1,0,0,0.5587390498188232,-0.829343520025061,0.9563847343054627,0.2921099792671752,0.5949327780232085,0.803775459710974,0.31322878243308516,0.9496776978825432,-0.158622668804709,-0.9873392775238264,0.9968297942787993,-0.07956356727854007,-0.7346984304047954,-0.6783938504738453,-0.9160769210262436,0.40100258697803604,0.5472647499254653,-0.8369595530782943,0.9583735057581397,0.28551746612221973,1,0,0,0,99,2
1702004220,12,8,4,657,25.6,0.0,51,0,0,0,0,1,0,0,-0.3959805115438519,-0.9182589147280136,0.9793515494264594,-0.20216464239820275,0.7752949897936278,0.6315993024069126,0.42918568102459304,0.9032162815203545,-0.2199814974942728,-0.9755040444612094,0.9938571437739957,-0.1106705822221754,-0.7452082199701555,-0.6668318445372209,-0.9129161638773905,0.40814712755499033,0.5439912096923119,-0.8390909150845903,0.9589293287527998,0.28364509947768324,1,0,0,0,99,3
1702004280,12,8,4,658,25.6,0.0,51,0,0,0,0,1,0,0,-0.9866374167508005,-0.16293129799798153,0.7625389491684939,-0.6469423088661069,0.9074531141789384,0.4201533595806971,0.5384452806085791,0.8426604771735462,-0.2804813031437691,-0.9598594889809514,0.9899140086343236,-0.14166952922038076,-0.7555360776363961,-0.6551070411694638,-0.9096996870312377,0.41526675693494663,0.5407093688225928,-0.8412094735958894,0.9594814937235343,0.2817716508133054,1,0,0,0,99,2
1702004340,12,8,4,659,25.6,0.0,51,0,0,0,0,1,0,0,-0.6701844311086327,0.7421946027152168,0.3590302196784995,-0.933325935221779,0.9831901991023352,0.18258431583548054,0.6393026216763542,0.7689552379155371,-0.3398858353068445,-0.9404667027374061,0.9850042392643308,-0.17253013832747296,-0.7656794820051903,-0.6432223028131592,-0.9064276868049539,0.4223610405724235,0.5374192773931619,-0.8433151962855951,0.960029998564002,0.2798971272757233,1,0,0,0,99,2
1702004460,12,8,4,661,25.6,0.0,51,0,0,0,0,1,0,0,0.9537707733618594,0.30053504268341247,-0.5913818382891833,-0.8063916674555276,0.9503661577138381,-0.3111336791031087,0.809670821724208,0.5868842819913016,-0.45448636833721334,-0.8907536926646169,0.9723049142796247,-0.23371596793478092,-0.7854030710198365,-0.6189846654260585,-0.8997179184127819,0.43647184019930857,0.5308145437912809,-0.8474880058736255,0.9611160194985894,0.2761448841879698,1,0,0,0,99,3
1702004520,12,8,4,662,25.6,0.0,51,0,0,0,0,1,0,0,0.7682160664531458,-0.6401906553857654,-0.9055911481970673,-0.424151709070136,0.8438458713148201,-0.5365856366554476,0.8765231419236595,0.48135972169706537,-0.5092348565754973,-0.860627597075839,0.964527759340248,-0.26398144151072533,-0.7949784404343068,-0.6066376836668139,-0.896280559776573,0.4434874949382373,0.5275000023989397,-0.8495550291000099,0.9616535314498694,0.27426717895146524,1,0,0,0,99,3
1702004580,12,8,4,663,25.6,0.0,51,0,0,0,0,1,0,0,-0.12363294914268595,-0.9923280172837418,-0.9980801614308696,0.0619353805036276,0.6848593357385049,-0.728675298230847,0.9296976116541461,0.368323703940673,-0.5619947935965809,-0.8271407691380811,0.9558087594121748,-0.2939891416888716,-0.8043597272641364,-0.5941426000175077,-0.8927884967945957,0.4504760814862939,0.5241774120055661,-0.8516090891618918,0.9621873749852187,0.2723884274690357,1,0,0,0,99,2
1702004640,12,8,4,664,25.6,0.0,51,0,0,0,0,1,0,0,-0.9018144014592891,-0.43212357644616434,-0.8462043418838514,0.5328585288581931,0.48329156372825655,-0.875459459043705,0.9683644611001854,0.24954011797333814,-0.6125601529754697,-0.7904239741978156,0.9461564284508708,-0.3237097664592346,-0.8135446412026923,-0.5815024649736085,-0.889241942604376,0.45743717329617606,0.5208468233098019,-0.8536501547168418,0.9627175480681864,0.27050863690754695,1,0,0,0,99,3
1702004700,12,8,4,665,25.5,0.0,48,0,0,0,0,1,0,0,-0.8508718520044145,0.5253732877360419,-0.4871481870355047,0.8733193252573889,0.25167506307003396,-0.9678117909122075,0.9919203070086345,0.12686254192588234,-0.6607334780658982,-0.7506205905535374,0.9355801917937172,-0.3531142941360932,-0.8225309398849666,-0.5687203644428019,-0.8856411136693016,0.46437034549871836,0.5175082871323327,-0.8556781946207109,0.9632440486763235,0.26862781443782874,1,0,0,0,99,4
1702004760,12,8,4,666,25.5,0.0,48,0,0,0,0,1,0,0,-0.01764164581327013,0.9998443740567825,-0.008821166113885877,0.9999610927573088,0.004410625958475234,-0.9999902731420214,0.9999975682825487,0.0022053183419487145,-0.7063266530643069,-0.707886049566577,0.9240903769563281,-0.38217401169717374,-0.8313164294350177,-0.5557994189916117,-0.8819862297654119,0.47127517492882454,0.5141618544151129,-0.8576931779281052,0.9637668748011899,0.2667459672346471,1,0,0,0,99,2
1702004820,12,8,4,667,25.5,0.0,48,0,0,0,0,1,0,0,0.8318082081799767,0.5550631538882909,0.4716655839213357,0.8817775098879226,-0.24312804251266182,-0.9699942035620426,0.9924702019612586,-0.12248631849712321,-0.7491616375980297,-0.662387228704961,0.9116982035479069,-0.4108605428214292,-0.8398989650015737,-0.5427427830835574,-0.8782775139679819,0.47815124015129495,0.5108075762205887,-0.8596950738928585,0.9642860244483632,0.26486310247667705,1,0,0,0,99,3
1702004880,12,8,4,668,25.5,0.0,48,0,0,0,0,1,0,0,0.9164974316526442,-0.40004057016021116,0.8366721491002945,0.5477040395322044,-0.47555018687189876,-0.8796885924951523,0.9694556700786149,-0.24526659730265726,-0.78907116196914,-0.6143017998904703,0.8984157723154882,-0.43914587559803503,-0.8482764512816665,-0.5295536443090374,-0.8745151926379088,0.48499812148654897,0.5074455037309183,-0.8616838519685015,0.964801495637445,0.26297922734647544,1,0,0,0,99,4
1702004940,12,8,4,669,25.5,0.0,48,0,0,0,0,1,0,0,0.15856314310832614,-0.9873488388850257,0.9968321922181852,0.07953351845283306,-0.6784049239013403,-0.7346882054493705,0.9313131067072369,-0.36421957288882034,-0.82589938033904,-0.5638175356935875,0.8842560533277641,-0.4670023898795447,-0.8564468430321711,-0.5162352226071247,-0.8706994954078947,0.49181540103624005,0.5040756882471917,-0.8636594818087276,0.9653132864020695,0.26109434903045325,1,0,0,0,99,2
1702005000,12,8,4,670,25.5,0.0,48,0,0,0,0,1,0,0,-0.7451533679583873,-0.6668931385314084,0.9129329489429682,-0.40810958177221934,-0.839079728563448,-0.5440084641932424,0.8786377137914245,-0.477489023856443,-0.8595024793031265,-0.5111315760856283,0.8692328733100321,-0.49440288425249485,-0.8644081455691214,-0.5027907694794651,-0.8668306551684317,0.49860266270876197,0.5006981811886468,-0.8656219332678563,0.9658213947899105,0.2592084747188484,1,0,0,0,99,3
1702005060,12,8,4,671,25.5,0.0,48,0,0,0,0,1,0,0,-0.9637793089749802,0.2667010378527043,0.6055158801168206,-0.7958332230601788,-0.9475846197201016,-0.31950491149575566,0.8122514732198877,-0.5833074183071241,-0.8897492394790579,-0.45644965861137193,0.8533609021426315,-0.5213206025991243,-0.8721584152546842,-0.48922356719646887,-0.8629089080535873,0.5053594922446452,0.49731303409188604,-0.8675711764012926,0.9663258188626889,0.2573216116056981,1,0,0,0,99,5
1702005120,12,8,4,672,25.5,0.0,48,0,0,0,0,1,0,0,-0.2963109980159809,0.9550915099898928,0.14984740573347818,-0.9887091356890289,-0.9971732887740798,-0.07513609089835323,0.7331903200732922,-0.6800234955873388,-0.9165215479156338,-0.39998531498835127,0.836655638536056,-0.5477292602242684,-0.8796957599716702,-0.47553692799599256,-0.858934493426592,0.5120854772418407,0.4939202986100892,-0.8695071814659844,0.9668265566961802,0.2554337668888117,1,0,0,0,99,2
1702005180,12,8,4,673,25.5,0.0,48,0,0,0,0,1,0,0,0.6435842780107317,0.7653752524725406,-0.3425089396843968,-0.9395145694646093,-0.9847625524624222,0.1739043279153665,0.6426879772038036,-0.766128033658659,-0.9397148593213419,-0.3419590372700662,0.8191333948967244,-0.5736030695219185,-0.8870183395854673,-0.46173419327470294,-0.8549076538652297,0.5187802071808914,0.4905200265122254,-0.8714299189208766,0.9673236063802219,0.25354494776974296,1,0,0,0,99,5
1702005240,12,8,4,674,25.5,0.0,48,0,0,0,0,1,0,0,0.9917711368753414,-0.12802348245924622,-0.7510071512506543,-0.660294069919136,-0.9111240502585628,0.41213221791123295,0.542156703402608,-0.8402774000028898,-0.9592386043114846,-0.28259741682923273,0.8008112813981934,-0.598916765156381,-0.8941243663932834,-0.4478187327723233,-0.8508286351470322,0.5254432734499875,0.48711226968226357,-0.8733393594273613,0.9678169660187202,0.25165516145376265,1,0,0,0,99,5
1702005300,12,8,4,675,25.9,0.0,48,0,0,0,0,1,0,0,0.428128186283695,-0.9037180180285407,-0.9756326199006828,-0.21941055349670321,-0.7808362675672484,0.6247357227273372,0.43316525557381835,-0.9013145185581272,-0.9750165430796872,-0.22213225952332183,0.7817071892733627,-0.6236456287334492,-0.9010121055605882,-0.43379394374895947,-0.8466976862342779,0.5320742693699069,0.48369708011838003,-0.8752354738497254,0.9683066337296583,0.24976441514983128,1,0,0,0,99,2
1702005360,12,8,4,676,25.9,0.0,48,0,0,0,0,1,0,0,-0.5291338443628917,-0.848538375531565,-0.9613891968218607,0.2751923186322931,-0.6019998676776046,0.7984961861625556,0.31741440880766936,-0.9482869255037094,-0.9869870631127111,-0.16079968049764676,0.7618397733439909,-0.6477655129374955,-0.907679875544648,-0.4196632501557079,-0.8425150592587969,0.538672790218836,0.4802745099321658,-0.8771182332555959,0.9687926076451028,0.24787271607057126,1,0,0,0,99,6
1702005420,12,8,4,677,25.9,0.0,48,0,0,0,0,1,0,0,-0.9999126587279824,-0.01321646380607935,-0.7117641687406298,0.7024185134924622,-0.38573403175474275,0.9226100241956138,0.19671041635407388,-0.9804616321395789,-0.9951034197859987,-0.09883918216077345,0.7412284338045774,-0.6712528651109158,-0.9141260485050504,-0.4054301017987467,-0.8382810095065815,0.5452384332570721,0.47684461134783096,-0.8789876089163806,0.9692748859112106,0.2459800714322396,1,0,0,0,99,6
1702005480,12,8,4,678,25.9,0.0,48,0,0,0,0,1,0,0,-0.5513763859920506,0.83425660379187,-0.2878744485084861,0.9576681585475916,-0.1454851220097925,0.989360439513222,0.07293682364477497,-0.997336562929792,-0.9993339189004324,-0.03649271893274041,0.7198932972784023,-0.6940847502528994,-0.9203490507011184,-0.3910979734971153,-0.8339957954022056,0.5517707977516048,0.473407436701408,-0.8808435723077068,0.9697534666882369,0.24408648845470035,1,0,0,0,99,9
1702005540,12,8,4,679,25.9,0.0,48,0,0,0,0,1,0,0,0.40409279322248953,0.9147179972350201,0.20649697669091896,0.9784472385455999,0.10380934797598938,0.9945972145913138,-0.051974923803148484,-0.9986483902233343,-0.999662040447504,0.025996247581773553,0.6978551971642206,-0.7162388734150686,-0.9263473628761159,-0.3766703642343869,-0.8296596784930514,0.5582694850005744,0.4699630384399531,-0.8826860951098568,0.9702283481505415,0.24219197436139703,1,0,0,0,99,11
1702005660,12,8,4,681,25.9,0.0,48,0,0,0,0,1,0,0,0.6635887835859072,-0.7480975379581034,0.9349057540624358,0.3548960848205405,0.5679365788446187,0.8230723190645342,-0.29742871493474354,-0.9547440282778767,-0.9886212693134506,0.15042601457547708,0.6517568509131771,-0.7584279842461896,-0.9376641147677002,-0.34754281445155094,-0.8208357979680074,0.5711642432560222,0.46305278141048767,-0.8863307066936196,0.9711670058989905,0.23840018173900415,1,0,0,0,99,6
1702005720,12,8,4,682,25.9,0.0,48,0,0,0,0,1,0,0,-0.27096382207826836,-0.9625895320045489,0.9906032333897737,-0.13676707936387883,0.7539121564757657,0.6569752356961871,-0.4141405343019522,-0.9102129519228418,-0.9772954906073296,0.2118809194773779,0.6277416190291282,-0.7784217749643756,-0.9429797916616176,-0.3328499850049752,-0.8163485729163049,0.5775595272329186,0.45958702808449753,-0.8881327398629437,0.9716307786044408,0.23650291767445097,1,0,0,0,99,8
1702005780,12,8,4,683,25.9,0.0,48,0,0,0,0,1,0,0,-0.9563935393373727,-0.29208114953507913,0.803766492687733,-0.594944892601374,0.8930131277314388,0.45003061418009443,-0.5243898291442662,-0.8514783068816535,-0.962153393924704,0.2725084339230132,0.6031134081070436,-0.7976554500293386,-0.9480652535636296,-0.3180758950082994,-0.8118115221553275,0.5839195599531243,0.45611426202590716,-0.8899212212193629,0.972090844833795,0.23460475142315124,1,0,0,0,99,8
1702005840,12,8,4,684,25.9,0.0,48,0,0,0,0,1,0,0,-0.7625194471644794,0.6469652948157085,0.42013968223930687,-0.907459446701534,0.9765908679435658,0.21510526876214117,-0.6264561960895026,-0.7794566276458689,-0.943254108829076,0.33207180876591375,0.5778962671769416,-0.8161102280837784,-0.9529192589311485,-0.3032241513437061,-0.8072249226032686,0.5902439532330229,0.45263453622485383,-0.8916961234728519,0.9725472028320404,0.23270569022603224,1,0,0,0,99,7
1702005900,12,8,4,685,26.4,0.0,48,0,0,0,0,1,0,0,0.13241150819283803,0.9911948307462555,-0.06635197530497698,-0.9977962794945308,0.9994489180279628,-0.033194280422003807,-0.718746923618461,-0.6952717884316881,-0.9206714366242954,0.39033845030198594,0.5521148203489986,-0.8337680883501076,-0.95754062272838,-0.288298379851407,-0.8025890542025249,0.5965323210642458,0.4491479037776722,-0.8934574195405861,0.9729998508583098,0.23080574132743523,1,0,0,0,99,8
1702005960,12,8,4,686,26.4,0.0,48,0,0,0,0,1,0,0,0.9056039335646163,0.42412441041785603,-0.5365983551885637,-0.8438377837054513,0.9601660751415484,-0.2794299700233931,-0.799821845795485,-0.6002374654987004,-0.8944935621620483,0.44708082854294906,0.5257942427685239,-0.8506117882274349,-0.9619282167156328,-0.2733022244444464,-0.7979041999026094,0.6027842796372321,0.4456544178860835,-0.8952050825473546,0.9734487871858886,0.22890491197508778,1,0,0,0,99,5
1702006020,12,8,4,687,26.4,0.0,48,0,0,0,0,1,0,0,0.8461882788236016,-0.5328840368987897,-0.8754667432001029,-0.4832783685937176,0.8611847561916425,-0.5082920574857935,-0.8684158155762116,-0.49583663767122255,-0.864822709481898,0.5020773657160704,0.49896023603285744,-0.866624880128672,-0.9660809697247618,-0.25823934621909184,-0.7931706456428818,0.6089994473646541,0.4421541318563844,-0.8969390858259702,0.9738940101022211,0.2270032094200761,1,0,0,0,99,4
1702006080,12,8,4,688,26.4,0.0,48,0,0,0,0,1,0,0,0.008791022929352243,-0.9999613582113339,-0.9999903395061709,-0.004395553927897717,0.7086591401823227,-0.7055510066862999,-0.9234584470040598,-0.38369844494974187,-0.8317747426285983,0.5551133015206257,0.47163900309419615,-0.8817917275413242,-0.9699978679206785,-0.24311342256103,-0.7883886803350966,0.6151774449047079,0.4386470990986331,-0.898659402917676,0.9743355179089173,0.22510064091681745,1,0,0,0,99,5
1702006140,12,8,4,689,26.4,0.0,48,0,0,0,0,1,0,0,-0.8366886589042642,-0.5476788183424514,-0.8796814248187952,0.47556344563977404,0.5120725311712326,-0.8589422115718187,-0.9640908182250827,-0.2655727663260874,-0.7954787132054784,0.6059815317622776,0.4438572226728559,-0.8960975202962782,-0.9736779550488648,-0.22792814624758584,-0.7835585958457688,0.6213178951842664,0.4351333731258346,-0.90036600757255,0.974773308921759,0.22319721372303236,1,0,0,0,99,6
1702006260,12,8,4,691,26.4,0.0,48,0,0,0,0,1,0,0,-0.1498176016678404,0.9887136522929661,-0.07512106131782845,0.9971744211252528,0.03758709136623356,-0.9992933556081649,-0.9998233232947121,-0.01879686665158652,-0.7137215376642303,0.7004295586811045,0.38702095635694944,-0.9220709188237921,-0.980324160373443,-0.19739437830927187,-0.773755251455288,0.6334846571507191,0.4280860560969494,-0.9037379756186854,0.9756377338999054,0.21938781231111568,1,0,0,0,99,7
1702006320,12,8,4,692,26.4,0.0,48,0,0,0,0,1,0,0,0.7510270550472058,0.6602714309941945,0.412145950487085,0.911117838425468,-0.2108105329134813,-0.9775269404025313,-0.9943658633527529,0.10600249902117563,-0.6685796515669709,0.7436405378343678,0.3580219701119138,-0.9337131620134654,-0.983288655994125,-0.18205334106592852,-0.7687825898997481,0.6395102262411726,0.4245525725742499,-0.9054032875578629,0.9760643645676915,0.2174818526246926,1,0,0,0,99,8
1702006380,12,8,4,693,26.4,0.0,48,0,0,0,0,1,0,0,0.9613809008905675,-0.2752212989629269,0.798505259520226,0.601987832533629,-0.44610097930085907,-0.8949826346174625,-0.9733916566874463,0.22914773115016593,-0.6208269762380796,0.783947616601443,0.3286733814887943,-0.9444436501457996,-0.986013095791785,-0.16666785811037535,-0.7637630058173724,0.6454967629235737,0.42101261090163694,-0.9070547841568264,0.9764872718465987,0.21557506331110474,1,0,0,0,99,7
1702006440,12,8,4,694,26.4,0.0,48,0,0,0,0,1,0,0,0.2878455800903205,-0.9576768359015827,0.9893626321783087,0.14547021017792156,-0.6536550274502899,-0.7567926433898262,-0.9372279987787994,0.34871718957500053,-0.570649984852799,0.8211933967023238,0.29900384888632797,-0.9542519050812327,-0.9884968146335203,-0.1512416855876172,-0.7586968055777015,0.6514439018105791,0.4174662250945703,-0.9086924402157693,0.9769064541233642,0.21366745164417375,1,0,0,0,99,7
1702006500,12,8,4,695,25.8,0.0,48,0,0,0,0,1,0,0,-0.6503336395770626,-0.7596487064653314,0.9379895272510593,-0.34666359308028627,-0.8205679719195377,-0.5715489510618114,-0.8864392114132281,0.46284503288800055,-0.5182446174886911,0.8552324341627837,0.26904234409960104,-0.9631283492252691,-0.9907392061549974,-0.13577858957643307,-0.7535842983954858,0.6573512799194837,0.41391346926653416,-0.9103162307460754,0.977321909798935,0.21175902490085832,1,0,0,0,99,7
1702006560,12,8,4,696,25.8,0.0,48,0,0,0,0,1,0,0,-0.9905991101845337,0.1367969403956463,0.6569638725243397,-0.7539220584369601,-0.9364619742512132,-0.3507691132091307,-0.8218178366308225,0.5697503342653119,-0.4638155159838274,0.8859318072699817,0.23881812402958275,-0.9710643148808378,-0.9927397229084867,-0.1202823451699422,-0.7484257963118128,0.6632185366943757,0.41035439762821135,-0.9119261309706986,0.9777336372884741,0.20984979036122642,1,0,0,0,99,11
1702006620,12,8,4,697,25.8,0.0,48,0,0,0,0,1,0,0,-0.42011232727019937,0.9074721111282797,0.21509054938760125,-0.9765941099372553,-0.9941313067038114,-0.10818015081969684,-0.7443722693718838,0.6677648722343453,-0.40757522481479086,0.9131716356289067,0.20836070211425825,-0.9780520527121516,-0.9944978764965141,-0.10475673555396908,-0.7432216141750619,0.6690453140281423,0.40678906448665614,-0.9135221163245426,0.9781416350213661,0.2079397553084275,1,0,0,0,99,11
1702006680,12,8,4,698,25.8,0.0,48,0,0,0,0,1,0,0,0.5366237918890951,0.8438216079116303,-0.27944444178438205,-0.9601618634146094,-0.9899903695023021,0.14113492938566014,-0.6553110218111473,0.755359162711905,-0.3497433611150432,0.9368455482927549,0.17769981950925717,-0.9840847393118021,-0.9960132376910966,-0.08920555108343296,-0.7379720696216873,0.6748312562843274,0.4032175242444657,-0.9151041624548343,0.9785459014412237,0.20602892702866477,1,0,0,0,99,12
1702006740,12,8,4,699,25.8,0.0,48,0,0,0,0,1,0,0,0.999990471552965,0.0043654098637504885,-0.7055616876419274,-0.7086485059123989,-0.9242966260655718,0.3816749232577385,-0.5560238649294927,0.8311663260917572,-0.29054575707471864,0.9568610991392004,0.1468654160461197,-0.989156483863701,-0.9972854365385321,-0.07363258835698702,-0.7326774830568314,0.6805760103188376,0.39963983139895004,-0.9166722452214962,0.9789464350058935,0.2041173128111673,1,0,0,0,99,8
1702006800,12,8,4,700,25.8,0.0,48,0,0,0,0,1,0,0,0.5439705233633756,-0.8391043258807425,-0.9589328250406132,-0.28363327918216646,-0.8011345951780408,0.5984842190140996,-0.44806014160260915,0.8940034169437217,-0.23021357807075407,0.9731401278705245,0.11588760099655933,-0.9932623338953623,-0.9983141624497176,-0.058041649290133286,-0.7273381776347689,0.6862792255014961,0.3960560405413001,-0.9182263406975145,0.9793432341874616,0.2022049199481623,1,0,0,0,99,4
1702006860,12,8,4,701,25.8,0.0,48,0,0,0,0,1,0,0,-0.41217341535790386,-0.9111054141383427,-0.9775237629179003,0.21082526634829296,-0.6281618953946932,0.7780826647433718,-0.3331045896236106,0.9428898834814625,-0.16898241997103944,0.985619065227906,0.08479662367127003,-0.9963982801139075,-0.999099164275976,-0.042436540187039476,-0.7219544792391829,0.6919405537374438,0.3924662063557551,-0.9197664251693045,0.9797362974722598,0.2002917557348473,1,0,0,0,99,2
1702006920,12,8,4,702,25.8,0.0,48,0,0,0,0,1,0,0,-0.9893670168342196,-0.14544038641504342,-0.7567827912998033,0.6536664338884767,-0.41613313140840114,0.9093036989610448,-0.2129510519332497,0.9770628687451604,-0.10709138913759518,0.994249181228016,0.053622843881987556,-0.9985612603210722,-0.9996402503703701,-0.026821070811284417,-0.7165267164632748,0.6975596494883844,0.38887038361876797,-0.9212924751370719,0.980125623360871,0.19837782746936225,1,0,0,0,99,4
1702006980,12,8,4,703,25.8,0.0,48,0,0,0,0,1,0,0,-0.6569411457329191,0.7539418618455402,-0.3507549986489571,0.9364672609988937,-0.17823122481920262,0.9839886333182142,-0.08947448430079347,0.9959891147292259,-0.04478216872134558,0.9989967754525602,0.022396702295648618,-0.9997491624033901,-0.9999372886344898,-0.011199053455758941,-0.7110552205897088,0.7031361697936755,0.3852686271981697,-0.9228044673151717,0.9805112103681354,0.19646314245276175,1,0,0,0,99,4
1702007040,12,8,4,704,25.8,0.0,48,0,0,0,0,1,0,0,0.279473385115912,0.960153439306371,0.14114985067939137,0.9899882421792622,0.07075223608034517,0.9974939203271522,0.03539830273366068,0.9993732836951247,0.017701925105413577,0.9998433086476912,-0.008851309290403876,-0.9999608263946371,-0.9999902065507035,0.004425697988050785,-0.7055403255703919,0.70866977429126,0.3816609920523317,-0.9243023786324636,0.9808930570231557,0.19454770798898718,1,0,0,0,99,6
1702007100,12,8,4,705,26.4,0.0,48,0,0,0,0,1,0,0,0.9589413745467228,0.2836043726433742,0.5984962937882848,0.8011255746271536,0.3153366656233036,0.9489798666534379,0.15971871109322489,0.9871625668180084,0.0801168932934608,0.9967854751193981,-0.040090677723143425,-0.9991960456085177,-0.9997989911998606,0.02004936896117015,-0.6999823680060913,0.7141601252384405,0.3780475332293278,-0.9257861862326637,0.981271161869303,0.19263153138483885,1,0,0,0,99,5
1702007160,12,8,4,706,26.4,0.0,48,0,0,0,0,1,0,0,0.7567630866040035,-0.6536892463193665,0.9093099708898409,0.4161194261751267,0.5403149886061247,0.8414628411805024,0.2815467623854851,0.9595475082507646,0.14221900672771448,0.9898352156421706,-0.07129089828943605,-0.9974555668404911,-0.9993636892644466,0.03566814516840596,-0.6943816871258898,0.7196068875324937,0.3744283058660939,-0.9272558674746938,0.9816455234642222,0.19071461994994804,1,0,0,0,99,5
1702007220,12,8,4,707,26.4,0.0,48,0,0,0,0,1,0,0,-0.1411796931706552,-0.9899839868584944,0.9974928538236488,-0.07076727047691461,0.7316991425705358,0.6816277318020025,0.3989813706164722,0.9169590317462396,0.20376575798421134,0.9790196708305302,-0.10242150450337505,-0.9947410896385376,-0.9986844070171862,0.05127821350955192,-0.6887386247664814,0.7250097287311226,0.3708033651875866,-0.9287113999330262,0.9820161403798376,0.1887969809967493,1,0,0,0,99,5
1702007280,12,8,4,708,26.4,0.0,48,0,0,0,0,1,0,0,-0.9093225141277265,-0.41609201542499075,0.8414546973619527,-0.540327671221366,0.8775897877771157,0.47941231147032193,0.5101900080017631,0.8600617162362019,0.2645168083164075,0.9643810751555119,-0.13345209785628734,-0.9910552646435797,-0.9977613102950975,0.06687576301030233,-0.6830535253513071,0.7303683190727478,0.3671727665059408,-0.9301527613980265,0.9823830112023585,0.1868786218404523,1,0,0,0,99,4
1702007340,12,8,4,709,26.4,0.0,48,0,0,0,0,1,0,0,-0.8414384091513941,0.5403530360836063,0.4793990842275326,-0.8775970134644963,0.9689161505167762,0.24738935560721262,0.6134373009496519,0.7897434252993856,0.3242349261728403,0.9459765920199573,-0.1643523775003615,-0.9864016910011756,-0.9965946244590063,0.08245698575264687,-0.6773267358695333,0.7356823314966341,0.3635365652196254,-0.931579929876292,0.982746134532284,0.18495954979901422,1,0,0,0,99,7
1702007400,12,8,4,710,26.4,0.0,48,0,0,0,0,1,0,0,6.0288706691585265e-05,0.999999998182636,-3.014435335948845e-05,-0.999999999545659,0.9999999998864147,-1.50721766814562e-05,0.7071121099856378,0.7071014523472988,0.3826869135812598,0.9238780905366516,-0.1950921698369112,-0.9807849128470145,-0.9951846343385268,0.09801807780451909,-0.6715586058548728,0.7409514416628525,0.3598948168125984,-0.9329928835909876,0.983105508984409,0.18303977219311154,1,0,0,0,99,7
1702007460,12,8,4,711,26.4,0.0,48,0,0,0,0,1,0,0,0.8415035574058807,0.5402515736888212,-0.4794519925452281,-0.8775681095188057,0.968908692684405,-0.24741856284563038,0.7897526710450653,0.6134253977275352,0.43964451678172034,0.8981718648809746,-0.2256414579803825,-0.9742104148696458,-0.9935316841625248,0.11355524014847192,-0.6657494873642518,0.7461753279720765,0.3562475768534598,-0.9343916009821783,0.9834611331878292,0.18111929634611235,1,0,0,0,99,8
1702007520,12,8,4,712,26.4,0.0,48,0,0,0,0,1,0,0,0.9092723362185879,-0.4162016561567134,-0.8414872714892108,-0.5402769400239504,0.8775753358042688,-0.4794387656291727,0.8600694058124533,0.5101770449416689,0.4948853175526281,0.8689582973139933,-0.25597041106933305,-0.9666846169547733,-0.9916361774750792,0.12906467960915324,-0.6598997349563215,0.7513536715852107,0.3525949009946041,-0.9357760607071574,0.9838130057859464,0.17919812958404827,1,0,0,0,99,9
1702007580,12,8,4,713,26.4,0.0,48,0,0,0,0,1,0,0,0.14106032243614638,-0.9900010027440429,-0.9974971184780542,-0.07070713279421359,0.7316785950108878,-0.6816497880898176,0.9169650451597972,0.39896755000261763,0.5481936017491368,0.8363514661918808,-0.28604941339576206,-0.958214867916346,-0.9894985770369622,0.14454260977935537,-0.6540097056698183,0.756486156442851,0.34893684497137084,-0.9371462416407726,0.9841611254364736,0.17727627923558656,1,0,0,0,99,9
1702007640,12,8,4,714,26.4,0.0,48,0,0,0,0,1,0,0,-0.7568419012610816,-0.6535979930320404,-0.9092848819352602,0.4161742465410129,0.540289623007414,-0.8414791282441333,0.9595517516643209,0.281532299883927,0.5993612016622668,0.8004787004923762,-0.3158490933243467,-0.9488094383205661,-0.9871194047126635,0.15998525194441188,-0.6480797590017714,0.7615724692845757,0.3452734646011943,-0.9385021228757492,0.9845054908114401,0.17535375263200217,1,0,0,0,99,8
1702007700,12,8,4,715,26.1,0.0,48,0,0,0,0,1,0,0,-0.9589071712941251,0.2837199972520434,-0.5984479938758073,0.801161655738729,0.3153080590956018,-0.9489893718421532,0.9871649740145142,0.1597038323864628,0.6481883089093543,0.7614800825978519,-0.34534035197334534,-0.9384775124098211,-0.9844992413429837,0.17538883600471677,-0.6421102568855613,0.7666122996680645,0.3416048157827517,-0.9398436837230073,0.9848461005971967,0.17343055710714975,1,0,0,0,99,8
1702007760,12,8,4,716,26.1,0.0,48,0,0,0,0,1,0,0,-0.2793576102663403,0.9601871305044031,-0.14109016531210986,0.9899967501220404,0.07072216723899125,-0.9974960526543551,0.9993738171110836,0.03538323999893738,0.6944842546815092,0.7195079012766077,-0.374494391629162,-0.9272291791344273,-0.9816387266032314,0.19074960139614014,-0.6361015636688295,0.7716053399880473,0.33793095449511035,-0.9411709037119792,0.9851829534944205,0.17150669999743565,1,0,0,0,99,4
1702007820,12,8,4,717,26.1,0.0,48,0,0,0,0,1,0,0,0.6570320493166915,0.7538626441008393,0.35081145641153216,0.9364461127317576,-0.17826088643928933,-0.983983260206127,0.9959877660408604,-0.0894894960145405,0.7380682543012335,0.6747260569984901,-0.4032827438668247,-0.9150754223009407,-0.9785385588470545,0.20606379800811597,-0.6300540460912397,0.7765512854950779,0.3342519367968734,-0.9424837625909207,0.9855160482181202,0.16958218864179003,1,0,0,0,99,5
1702007880,12,8,4,718,26.1,0.0,48,0,0,0,0,1,0,0,0.9893494728164958,-0.14555968067333058,0.7568221986283603,0.6536208072447929,-0.41616054159134735,-0.9092911544837531,0.9770596589983012,-0.2129657783732482,0.7787701131827185,0.6273094219070648,-0.43167729734891963,-0.9020281098466568,-0.9751994949359482,0.22132768709917786,-0.6239680732620949,0.781449834314135,0.3305678188253245,-0.9437822403272206,0.9858453834976407,0.16765703038163873,1,0,0,0,99,5
1702007940,12,8,4,719,26.1,0.0,48,0,0,0,0,1,0,0,0.41206355362767066,-0.9111551063193005,0.9775364715240298,0.2107663323217201,-0.6281853499080824,-0.7780637288557153,0.9428848627631359,-0.33311880098868984,0.8164308914380598,0.5774431569476385,-0.4596503252758348,-0.8880999822507707,-0.9716223500544774,0.2365375422097191,-0.6178440166378084,0.7863006874630465,0.3268786567955711,-0.945066317107706,0.9861709580766679,0.16573123256087538,1,0,0,0,99,7
1702008060,12,8,4,721,26.1,0.0,48,0,0,0,0,1,0,0,-0.9999899379137492,0.0044859860962648745,0.7055189628577446,-0.7086910420261656,-0.924308130989381,-0.3816470607602228,0.8311579455074176,-0.5560363923520552,0.8820533975763755,0.47114944956348237,-0.5142229820012509,-0.8576565307754271,-0.9637573685257683,0.26678031151546105,-0.6054831494288421,0.795858125395306,0.3194854258058527,-0.9475911896475467,0.9868108201797209,0.16187774762525764,1,0,0,0,99,4
1702008120,12,8,4,722,26.1,0.0,48,0,0,0,0,1,0,0,-0.536522042161478,0.8438863064861742,0.2793865543595699,-0.9601787090136331,-0.9899946234736917,-0.141105086702016,0.7553492856626053,-0.655322406643472,0.9097588709772145,0.4151370817913813,-0.5407693215265723,-0.8411709344097017,-0.9594714520009706,0.2818058423722779,-0.5992470932877865,0.8005641268419033,0.3157814696574965,-0.9488319468804535,0.9871251052628672,0.15995007521027702,1,0,0,0,99,2
1702008180,12,8,4,723,26.1,0.0,48,0,0,0,0,1,0,0,0.42022174485588953,0.9074214484737904,-0.21514942659255415,-0.9765811406313841,-0.994128045231444,0.10821011821594118,0.6677536528481364,-0.7443823339574701,0.9339117554559077,0.3575036125989008,-0.5667876089864259,-0.8238639489014253,-0.9549512942819192,0.2967625743743428,-0.59297446219279,0.805221265980458,0.31207269507243185,-0.9500582261052366,0.9874356247637708,0.15802179263437582,1,0,0,0,99,2
1702008240,12,8,4,724,26.1,0.0,48,0,0,0,0,1,0,0,0.9906155976046185,0.13667749552301828,-0.6570093243162466,-0.7538824495645917,-0.936451400117644,0.3507973420904214,0.5697379476169631,-0.8218264239151785,0.9544177345154423,0.29847409944986975,-0.5922524379646446,-0.8057524742282427,-0.9501979989002931,0.31164685605004694,-0.5866656389929246,0.8098292585632008,0.3083591586419959,-0.9512700086103841,0.987742377497894,0.15609290725336597,1,0,0,0,99,3
1702008300,12,8,4,725,26.4,0.0,48,0,0,0,0,1,0,0,0.6502420383735517,-0.7597271164910521,-0.9380104254460747,-0.34660704227478406,-0.820550742573177,0.5715736862930343,0.4628316722670164,-0.8864461873946535,0.9711967327464229,0.23827905132989188,-0.6171389424878762,-0.7868541959378154,-0.9452127263049878,0.32645505361548977,-0.5803210087462414,0.8143878233420149,0.3046409170301858,-0.9524672759055859,0.9880453622950683,0.15416342642535893,1,0,0,0,99,3
1702008360,12,8,4,726,26.4,0.0,48,0,0,0,0,1,0,0,-0.28796105219335977,-0.9576421212643548,-0.9893538601694428,0.14552985730709223,-0.6536322141284454,0.756812347054107,0.348703063469403,-0.9372332545994372,0.9841832285198314,0.17715352861368974,-0.6414228213067844,-0.7671875678781851,-0.9399966935788086,0.3411835518616152,-0.573940958696269,0.8188966820856021,0.3009180269727937,-0.9536500097220159,0.988344577999499,0.1522333575107376,1,0,0,0,99,4
1702008420,12,8,4,727,26.4,0.0,48,0,0,0,0,1,0,0,-0.9614140793741277,-0.275105376140123,-0.7984689650011837,0.6020359722889809,-0.4460740004253886,0.8949960816363893,0.22913305999310826,-0.9733951103319733,0.9933265098475862,0.11533622515937178,-0.665080361625807,-0.7467717941779041,-0.9345511741413373,0.3558287550368126,-0.5675258782483789,0.823355559596464,0.29719054527654143,-0.9548181920126113,0.9886400234697691,0.15030270787212824,1,0,0,0,99,3
1702008480,12,8,4,728,26.4,0.0,48,0,0,0,0,1,0,0,-0.750947435766512,0.660361983093894,-0.41209101962194344,0.9111426845159583,-0.21078106590019152,0.9775332947055968,0.10598751175115685,-0.9943674609282015,0.9985908724117705,0.05306853621402457,-0.688088462258297,-0.7256268104935293,-0.9288774974380447,0.37038708772476847,-0.5610761589460167,0.8277641837276992,0.2934585288182137,-0.9559718049523478,0.9889316975788438,0.1483714848743724,1,0,0,0,99,6
1702008540,12,8,4,729,26.4,0.0,48,0,0,0,0,1,0,0,0.14993681711330134,0.9886955804866999,0.0751811795375017,0.9971698903613917,0.03761721440117745,0.9992922221155811,-0.01881193616323041,-0.9998230398714517,0.9999557589892294,-0.009406384229561218,-0.7104246561844406,-0.7037732645427925,-0.922977048615726,0.38485499571735293,-0.5545921944468057,0.8321222853996139,0.28972203454379003,-0.957110830938511,0.9892195992140752,0.14643969588449884,1,0,0,0,99,9
1702008600,12,8,4,730,26.4,0.0,48,0,0,0,0,1,0,0,0.9129698518082046,0.4080270207833117,0.5440464039108651,0.8390551295306261,0.2836766385070983,0.9589199991476417,-0.1433178301056054,-0.9896767146769802,0.997415839727087,-0.07184457294402906,-0.7320671324899203,-0.6812324959424539,-0.9168512681843369,0.39922894688232846,-0.5480743804985193,0.8364295986161443,0.2859811194675758,-0.9582352525909659,0.9895037272772058,0.14450734827169542,1,0,0,0,99,10
1702008660,12,8,4,731,26.4,0.0,48,0,0,0,0,1,0,0,0.8366226151268321,-0.5477797001152385,0.8797100943251812,0.4755104099200992,0.5120984231961181,0.8589267750862407,-0.2655872972430715,-0.9640868153559203,0.990981032955707,-0.13400221013863856,-0.7529947576639026,-0.6580265153705288,-0.9105016516653137,0.41350543202566953,-0.541523114914927,0.8406858604810924,0.2822358406713325,-0.9593450527524214,0.9897840806843736,0.1425744494072809,1,0,0,0,99,13
1702008720,12,8,4,732,26.4,0.0,48,0,0,0,0,1,0,0,-0.008911595619283405,-0.9999602909433546,0.9999900726865629,-0.004455842044182302,0.7086804082392084,0.705529644294206,-0.38371236343503057,-0.9234526637284138,0.9806764664578257,-0.19563657157033057,-0.7731870962355524,-0.6341779830732337,-0.9039297492264633,0.42768096574828196,-0.5349387975515134,0.8448908112141716,0.27848625530340665,-0.9604402144886925,0.9900606583661156,0.14064100666467697,1,0,0,0,99,19
1702008780,12,8,4,733,26.4,0.0,48,0,0,0,0,1,0,0,-0.8462525264509585,-0.5327820018313022,0.8754376053812465,-0.48333114847312386,0.8612000779357617,0.5082660973972571,-0.49584972653150816,-0.8684083421401643,0.9665423793450973,-0.25650697637670183,-0.7926244307289241,-0.609710186737641,-0.8971371653035117,0.44175208729691307,-0.5283218302810735,0.8490441941668623,0.27473242057785763,-0.9615207210889587,0.9903334592673719,0.13870702741938,1,0,0,0,99,23
1702008840,12,8,4,734,26.4,0.0,48,0,0,0,0,1,0,0,-0.9055527871571002,0.42423360271436256,0.5365474803247321,-0.8438701329927379,0.9601744979410612,0.27940102631098374,-0.6002495204866958,-0.7998127988195062,0.948633964925225,-0.31637572692962224,-0.8112877809167417,-0.5846470187516472,-0.8901255582084044,0.4557153614090449,-0.5216726169691845,0.8531457558380763,0.27097439377358495,-0.9625865560660185,0.99060248234749,0.13677251904893306,1,0,0,0,99,29
1702008900,12,8,4,735,27.1,0.0,47,0,0,0,0,1,0,0,-0.1322919915216454,0.9912107893779389,0.06629181933715889,-0.9978002779559492,0.9994499181939906,0.03316415266557249,-0.6952826214333375,-0.7187364442775852,0.9270211551732747,-0.3750090370393858,-0.8291589223542691,-0.5590129528734616,-0.8828966397244532,0.46956737915156455,-0.5149915634495557,0.8571952458896295,0.26721223223345386,-0.9636377031565415,0.9908677265802286,0.13483748893289754,1,0,0,0,99,26
1702008960,12,8,4,736,27.1,0.0,47,0,0,0,0,1,0,0,0.7625974510230334,0.6468733474901962,-0.42019439103217676,-0.9074341153742778,0.9765843832906294,-0.21513470736462095,-0.7794660696158047,-0.626444447910339,0.9017883476488092,-0.4321779448847783,-0.8462204041751706,-0.5328330203333975,-0.8754521746884285,0.4833047587530059,-0.5082790774992584,0.8611924171615208,0.26344599336342084,-0.9646741463213163,0.9911291909537616,0.13290194445282522,1,0,0,0,99,29
1702009020,12,8,4,737,27.1,0.0,47,0,0,0,0,1,0,0,0.9563583139954668,-0.2921964668707481,-0.8038023596851244,-0.5948964334778163,0.8929995614438498,-0.4500575332789041,-0.8514862104810929,-0.5243769954532216,0.8730340759252245,-0.48765920710408944,-0.8624555661319862,-0.5061327853912996,-0.8677939805597005,0.496924146429161,-0.5015355688138374,0.8651370256870182,0.2596757346316572,-0.9656958697454956,0.991386874470682,0.13096589299222994,1,0,0,0,99,29
1702009080,12,8,4,738,27.1,0.0,47,0,0,0,0,1,0,0,0.2708477535528008,-0.9626221971237736,-0.9906114770998198,-0.1367073569275377,0.7538923520395793,-0.6569979615921431,-0.910219193818759,-0.4141268153644828,0.8408706248182544,-0.5412361705556629,-0.8778485548645799,-0.47893832037347833,-0.8599239269765315,0.5104222172018581,-0.49476144898230595,0.8690288307075485,0.2559015135676726,-0.9667028578388368,0.9916407761480053,0.12902934193655957,1,0,0,0,99,27
1702009140,12,8,4,739,27.1,0.0,47,0,0,0,0,1,0,0,-0.663678982427899,-0.7480175187009116,-0.934884356137408,0.3549524484343561,0.5679117676037555,-0.8230894387714971,-0.9547485110675735,-0.29741432483028024,0.8054235919161669,-0.5926996183437778,-0.8923843393806778,-0.45127618021352633,-0.8518439352996318,0.5237956757107076,-0.4879571314620232,0.8728675946873924,0.25212338776143683,-0.9676950952359407,0.9918908950171739,0.12709229867316782,1,0,0,0,99,32
1702009260,12,8,4,741,27.1,0.0,47,0,0,0,0,1,0,0,-0.40398249595507346,0.9147667150492026,-0.20643798699706092,0.9784596862030654,0.10377936643893754,-0.994600343405095,-0.9986491734851372,-0.0519598719922648,0.7252447421361512,-0.6884911502727306,-0.9188283708812899,-0.394657351209419,-0.8350620788927668,0.5501557274038783,-0.4742595663748501,0.8803850655832022,0.24455565257911935,-0.9696352576054571,0.9923797805289709,0.12321676508199471,1,0,0,0,99,33
1702009320,12,8,4,742,27.1,0.0,47,0,0,0,0,1,0,0,0.5514769744870444,0.8341901141889754,0.28793218456003195,0.9576508012289697,-0.14551494557438124,-0.9893560535087885,-0.9973354634998167,0.07295185566937777,0.6808260219507706,-0.7324451705313435,-0.9307107957178061,-0.3657559496909493,-0.8263643112123579,0.5631358851596348,-0.46736715483673286,0.8840633136714912,0.24076615867736564,-0.9705831529733789,0.9926185453066497,0.12127828953819604,1,0,0,0,99,35
1702009380,12,8,4,743,27.1,0.0,47,0,0,0,0,1,0,0,0.9999110578521441,-0.01333703059178224,0.7118065153508298,0.7023756008747093,-0.38576184306207034,-0.9225983960734783,-0.9804586671740625,0.19672519402267946,0.633748690719484,-0.7735390080735035,-0.9416843972567198,-0.3364973936945846,-0.8174647985370944,0.5759785613655318,-0.4604462176163836,0.8876876030917441,0.2369729909802548,-0.9715162384365339,0.9928535235462816,0.11933935135458495,1,0,0,0,99,35
1702009440,12,8,4,744,27.1,0.0,47,0,0,0,0,1,0,0,0.5290315259540843,-0.8486021709533231,0.9614057860636483,0.27513435722086477,-0.6020239375552833,-0.7984780389030324,-0.9482821412699473,0.31742870151970165,0.5841965844132856,-0.8116121923430246,-0.9517384599623535,-0.3069102537037296,-0.808365713555359,0.5886806206663637,-0.45349717713213844,0.8912577126360152,0.23317620736685893,-0.9724344997571855,0.9930847143514961,0.1173999579276213,1,0,0,0,99,37
1702009500,12,8,4,745,26.8,0.0,46,0,0,0,0,1,0,0,-0.42823715115227945,-0.9036663888697973,0.9756193901490984,-0.21946937272681427,-0.7808550994668647,-0.6247121846391287,-0.9013079897124868,0.43317884029628645,0.5323632029468761,-0.8465160483701081,-0.9608631662130951,-0.2770234210584837,-0.7990692776782511,0.6012389620365252,-0.4465204575176119,0.8947734244032187,0.2293758657714247,-0.973337922923796,0.9933121168403706,0.11546011665550152,1,0,0,0,99,37
1702009560,12,8,4,746,26.8,0.0,46,0,0,0,0,1,0,0,-0.9917865664060436,-0.1279038963304499,0.7509673416102893,-0.6603393459690063,-0.9111364733038093,-0.412104752478659,-0.840269228425824,0.5421693681504614,0.4784509545656371,-0.8781142773439177,-0.9690496058881397,-0.24686607974373714,-0.78957776049726,0.6136505195370826,-0.4395164845958098,0.8982345238124292,0.22557202418248906,-0.9742264941512392,0.9935357301454335,0.11351983493813046,1,0,0,0,99,44
1702009620,12,8,4,747,26.8,0.0,46,0,0,0,0,1,0,0,-0.643491986364181,0.7654528486360742,0.3424522969436224,-0.9395352171781732,-0.9847677942485156,-0.17387464280599801,-0.7661183468648947,0.6426995243478877,0.4226703654457646,-0.9062834888565188,-0.9762897850680705,-0.21646767789150556,-0.7798934792301785,0.625912263064279,-0.4324856858531395,0.9016407996159777,0.22176474064199472,-0.9751001998810116,0.9937555534136682,0.11157912017709314,1,0,0,0,99,43
1702009680,12,8,4,748,26.8,0.0,46,0,0,0,0,1,0,0,0.2964261583255705,0.955055774633264,-0.14990701345623575,-0.9887000997858916,-0.997171023392149,0.07516615000819327,-0.6800124447360528,0.7332005694242856,0.365239257594056,-0.9309136827397816,-0.9825766338407864,-0.18585789902532845,-0.7700187981553854,0.6380211990892903,-0.4254284904133183,0.9049920439123458,0.21795407324440425,-0.9759590267814386,0.9939715858065156,0.10963797977562646,1,0,0,0,99,46
1702009740,12,8,4,749,26.8,0.0,46,0,0,0,0,1,0,0,0.963811460090061,0.2665848258979956,-0.6055638587721383,-0.7957967158445666,-0.9475749880206227,0.3195334756762063,-0.5832951758431548,0.8122602648400962,0.3063818982576352,-0.951908678613683,-0.9879040132051502,-0.15506663307481236,-0.7599561280346426,0.6499743713890525,-0.4183453290111816,0.9082880521588547,0.21414008013581365,-0.9768029617478785,0.9941838264998778,0.1076964211385911,1,0,0,0,99,49
1702009860,12,8,4,751,26.8,0.0,46,0,0,0,0,1,0,0,-0.15868219392454155,-0.9873297125739173,-0.996827395433612,0.07959361603194907,-0.6783827768922391,0.7347086551933184,-0.3642055359317603,0.9313185961832069,0.18531244401927394,-0.98267965181518,-0.9956604973120055,-0.09306005637441869,-0.7392766925767438,0.6734017907704067,-0.4041028391570599,0.9147135592004764,0.2065023496228598,-0.9784461045965885,0.9945969295640794,0.10381207878520571,1,0,0,0,99,53
1702009920,12,8,4,752,26.8,0.0,46,0,0,0,0,1,0,0,-0.9165456608473167,-0.39993005836265355,-0.8366391272115635,0.5477544804186207,-0.47552366901205834,0.879702927248347,-0.24525198546765434,0.9694593666699876,0.123573122745224,-0.9923354691509287,-0.9980820279793963,-0.061905293994420546,-0.72866497582717,0.6848703183835534,-0.39694437999324705,0.9178426658157577,0.20267872876086712,-0.9792452874065205,0.9947977903590559,0.10186930988644112,1,0,0,0,99,53
1702009980,12,8,4,753,26.8,0.0,46,0,0,0,0,1,0,0,-0.8317412740539448,0.5551634471352745,-0.47161242183848673,0.8818059443934574,-0.24309880255416996,0.9700015320589596,-0.12247135979697553,0.992472047983962,0.061351251071343295,-0.9981162377158188,-0.9995289484841894,-0.03069008214538658,-0.7178753659742708,0.6961716447308859,-0.3897616933904063,0.9209157520454534,0.19885201527083735,-0.9800295281381713,0.9949948563028281,0.0999261523872222,1,0,0,0,99,51
1702010040,12,8,4,754,26.8,0.0,46,0,0,0,0,1,0,0,0.01776220433321534,0.9998422396044413,0.00888145245887885,0.9999605591233189,0.0044407700166209495,0.9999901397322173,0.002220390481728404,0.9999975349300161,-0.0011101959250420757,-0.9999993837323141,-0.9999998459330667,0.0005550980480432917,-0.7069104971465471,0.7073030107556603,-0.3825552177427069,0.9239326303242191,0.1950222675437101,-0.9807988148249923,0.9951881266436493,0.09798261370010419,1,0,0,0,99,50
1702010100,12,8,4,755,27.2,0.0,48,0,0,0,0,1,0,0,0.8509351939710194,0.525270687990015,0.4872008374428276,0.8732899541360861,0.2517042370162984,0.967804203890458,0.1268774923095938,0.9919183948013208,-0.06356730763009857,-0.9979775535555198,-0.9994942605026603,0.03179973619764941,-0.6957730462594648,0.7182616988945079,-0.3753253928962788,0.9268931165173544,0.19118954401672386,-0.9815531357286151,0.9953776006442517,0.09603870123909643,1,0,0,0,99,53
1702010160,12,8,4,756,27.2,0.0,48,0,0,0,0,1,0,0,0.9017622905605737,-0.4322323117525429,0.8462364656975445,0.5328075113244262,0.48331795366796265,0.8754448901342752,0.24955471330524379,0.9683606998774462,-0.1257761903592125,-0.9920586423890088,-0.9980126858885634,0.06301332244450873,-0.6844657323619245,0.7290450337408892,-0.36807266012236683,0.9297970299320409,0.1873539031725241,-0.982292479339031,0.9955632775818498,0.09409442241963412,1,0,0,0,99,53
1702010220,12,8,4,757,27.2,0.0,48,0,0,0,0,1,0,0,0.12351329589860735,-0.992342917411246,0.9980838936209837,0.06187520742896127,0.6848813008730195,0.7286546532579619,0.3683377164655,0.9296920601086044,-0.18749391975660915,-0.9822657634542202,-0.9955565688232438,0.09416537725135425,-0.6729913159724447,0.7396503826982563,-0.3607974620903975,0.9326441933283712,0.1835154035382709,-0.9830168343747657,0.9957451567481425,0.09214978465855,1,0,0,0,99,50
1702010280,12,8,4,758,27.2,0.0,48,0,0,0,0,1,0,0,-0.7682932534017909,-0.6400980212258834,0.9055655749932976,-0.42420630521841407,0.8438620459584654,0.5365601992235288,0.48137293275405046,0.8765158866853267,-0.24847948940976328,-0.9686371577338252,-0.9921283076633347,0.12522548116532597,-0.6613525984052206,0.7500751566227634,-0.3535002428409609,0.9354344329301663,0.17967410368474607,-0.9837261897830529,0.9959232374493159,0.09020479537404606,1,0,0,0,99,43
1702010340,12,8,4,759,27.2,0.0,48,0,0,0,0,1,0,0,-0.9537345286904526,0.3006500437112895,0.5913332209037094,-0.8064273196362117,0.9503755362056127,0.31110503078846885,0.5868964854263191,0.8096619760086516,-0.30849475197428267,-0.9512260446415067,-0.9877312500476805,0.1561633045220503,-0.6495524210862237,0.7603168104553688,-0.3461814477587088,0.9381675784355823,0.17583006222545924,-0.9844205347400018,0.9960975190060464,0.08825946198566526,1,0,0,0,99,41
1702010400,12,8,4,760,27.2,0.0,48,0,0,0,0,1,0,0,-0.26231667667323905,0.9649818449790168,0.13232187086982847,-0.9912068010710522,0.9977992786806003,0.06630685835171127,0.683261714736121,0.7301735609948197,-0.36730534913419133,-0.9301004142012893,-0.9823696896284233,0.18694863706204273,-0.6375936648595081,0.7703728438431753,-0.3388415235451705,0.9408434630275048,0.17198333781575365,-0.9850998586507625,0.9962680007535027,0.08631379191426318,1,0,0,0,99,40
1702010460,12,8,4,761,27.2,0.0,48,0,0,0,0,1,0,0,0.670273918142016,0.7421137882148197,-0.35908648803956716,-0.9333042880579784,0.9831846947694971,-0.18261395338530634,0.768964873510262,0.6392910317745328,-0.42468162676613824,-0.905342761547949,-0.9760488618783255,0.21755141743051343,-0.6254792492838938,0.7802408017498551,-0.3314809181914887,0.9434619233837301,0.16813398915191097,-0.9857641511496881,0.9964346820413489,0.08436779258197977,1,0,0,0,99,42
1702010520,12,8,4,762,27.2,0.0,48,0,0,0,0,1,0,0,0.986617763744047,-0.16305026300100225,-0.7625779510977885,-0.6468963352033299,0.9074404485153088,-0.4201807139771352,0.842668592620235,0.5384325798198252,-0.48039953173383443,-0.8770497647852786,-0.9687749389784189,0.2479417625317701,-0.6132121319201985,0.7899182750550117,-0.32410008095107623,0.9460227996869345,0.1642820749702558,-0.9864134021004922,0.9965975622337464,0.08242147141221098,1,0,0,0,99,42
1702010580,12,8,4,763,27.2,0.0,48,0,0,0,0,1,0,0,0.39586978738073614,-0.9183066543585159,-0.9793637358914501,-0.20210559819248466,0.7752759502888261,-0.6316226728860813,0.9032227501801761,0.4291720675404672,-0.5342414868107552,-0.8453319074601606,-0.9605550237909749,0.27808999670955387,-0.6007953076091915,0.7994029011423319,-0.316699462312196,0.9485259356344274,0.1604276540462594,-0.9870476015964041,0.9967566407093569,0.08047483582958054,1,0,0,0,99,40
1702010640,12,8,4,764,27.2,0.0,48,0,0,0,0,1,0,0,-0.5588390458533631,-0.8292761426869235,-0.9563671216345017,0.29216763793503586,0.594908548461427,-0.8037933932096717,0.9496824188142243,0.31321446868745406,-0.5859972403145539,-0.8103130471266812,-0.9513971429236797,0.3079666807248138,-0.588231807740446,0.8086923644763854,-0.30927951397046544,0.9509711784476923,0.15657078519364281,-0.98766673996032,0.9969119168613444,0.07852789325991148,1,0,0,0,99,41
1702010700,12,8,4,765,27.1,0.0,47,0,0,0,0,1,0,0,-0.9997538375481824,0.022187030168153377,-0.6992184815320054,0.71490804659346,0.37755261448342536,-0.9259881334535178,0.9813226109321842,0.1923692628078641,-0.6354646871353813,-0.7721299316850319,-0.9413102388917886,0.33754264050262456,-0.5755246995122691,0.8177843971679285,-0.30184068880128756,0.9533583788817112,0.15271152726347947,-0.9882708077449498,0.9970633900973773,0.07658065113019796,1,0,0,0,99,40
1702010760,12,8,4,766,27.1,0.0,47,0,0,0,0,1,0,0,-0.521499561602246,0.8532515498073621,-0.27087677105340535,0.9626140321560251,0.13672228758321528,-0.9906094165098637,0.9976495919183909,0.06852219892172288,-0.6824506579520153,-0.7309316653838863,-0.930304161385911,0.3667889956201752,-0.5626770851828893,0.8266767795275779,-0.29438344083220963,0.9556873912340734,0.14884993914329722,-0.9888597957329627,0.9972110598396317,0.07463311686857685,1,0,0,0,99,44
1702010820,12,8,4,767,27.1,0.0,47,0,0,0,0,1,0,0,0.43621900626234744,0.8998405295248098,0.22378502013672655,0.9746385303087524,-0.11260876895528071,-0.9936394039863637,0.9984085846952548,-0.05639413096074909,-0.7267716735539261,-0.6868791265714991,-0.9183896576539555,0.39567718750801195,-0.5496921013130842,0.8353673406077149,-0.28690822521521153,0.9579580733538694,0.14498607975617966,-0.9894336949371265,0.9973549255247919,0.0726852979042994,1,0,0,0,99,43
1702010880,12,8,4,768,27.1,0.0,47,0,0,0,0,1,0,0,0.9928798314963556,0.11912027622436312,0.6636564336219596,0.7480375245348201,-0.3549383576518463,-0.9348897059372352,0.9835877454343449,-0.18043044929108396,-0.7682546613236668,-0.6401443394691997,-0.9055783620066239,0.424179007336997,-0.5365729180004349,0.8438539587324921,-0.27941549819892586,0.960170286650366,0.1411200080598672,-0.9899924966004454,0.9974949866040544,0.0707372016677029,1,0,0,0,99,43
1702010940,12,8,4,769,27.1,0.0,47,0,0,0,0,1,0,0,0.6366915185525545,-0.7711186096854635,0.9410416063292482,0.33829084403404747,-0.575199598385618,-0.8180130940376344,0.9534183483753694,-0.3016512108067574,-0.8067376310817407,-0.590909802420489,-0.8918827844567045,0.45226662356375086,-0.5233227381053919,0.8521345620158094,-0.27190571710079076,0.9623238961014657,0.1372517830458574,-0.9905361921962937,0.9976312425431287,0.06878883559018242,1,0,0,0,99,42
1702011000,12,8,4,770,27.1,0.0,47,0,0,0,0,1,0,0,-0.30486804029509035,-0.952394602046143,0.9880269738337468,-0.1542812333919083,-0.7596977140257526,-0.6502763899328083,0.9083711768690177,-0.41816480606765055,-0.8420703076547856,-0.5393677752389131,-0.8773162985032573,0.4799126091076827,-0.509944796469342,0.8602071288671359,-0.2643793402791376,0.964418770261948,0.13338146373850462,-0.9910647734285454,0.9977636928222396,0.06684020710416233,1,0,0,0,99,41
1702011060,12,8,4,771,27.1,0.0,47,0,0,0,0,1,0,0,-0.9661333288664309,-0.2580433894783372,0.7931088794983754,-0.6090798841374023,-0.8969615053438476,-0.4421086494644714,0.8491491769602298,-0.5281530793886979,-0.8741147176969102,-0.4857195284376067,-0.8618931280726186,0.5070899681330687,-0.4964423591248692,0.8680696884850515,-0.25683682710521527,0.9664547812714911,0.12950910919411976,-0.9915782322317012,0.9978923369361299,0.06489132364306802,1,0,0,0,99,43
1702011120,12,8,4,772,27.1,0.0,47,0,0,0,0,1,0,0,-0.7391400904300984,0.673551725347791,0.4040100708226276,-0.9147545368424774,-0.9784565746221131,-0.20645273449087873,0.7766764881502719,-0.629899700551255,-0.9027457284726566,-0.43017455727224563,-0.8456283336289784,0.5337721624100279,-0.482818722498399,0.8757203213383905,-0.2492786379351523,0.9684318048624773,0.12563477850006885,-0.9920765607710116,0.9980171743940611,0.06294219264129754,1,0,0,0,99,42
1702011180,12,8,4,773,27.1,0.0,47,0,0,0,0,1,0,0,0.16741513842849595,0.985886490132088,-0.08400449353431058,-0.9964653757487232,-0.99911595316778,0.04203941157578726,0.6920840225089049,-0.7218169475621181,-0.927851536497655,-0.3729497636665573,-0.828537797468093,0.5599331372286528,-0.4690772126054234,0.8831571596348673,-0.24170523408185923,0.9703497203675764,0.12175853077387154,-0.9925597514425961,0.9981382047198164,0.06099282153419321,1,0,0,0,99,39
1702011240,12,8,4,774,27.1,0.0,47,0,0,0,0,1,0,0,0.9200496610903988,0.39180176253743726,-0.5514518281149147,-0.8342067377267571,-0.9576551408849527,0.2879177506452518,0.5966918171697799,-0.8024704825242022,-0.9493341041288368,-0.3142686092149499,-0.8106382082084923,0.5855473468409921,-0.4552211842385018,0.8903783877770709,-0.2341170777868726,0.9722084107271113,0.117880425162299,-0.9930277968735597,0.9982554274517018,0.05904321775801332,1,0,0,0,99,35
1702011300,12,8,4,775,26.8,0.0,46,0,0,0,0,1,0,0,0.8267947683721899,-0.5625036986477305,-0.8838845226181219,-0.4677051963321925,-0.8566519702691965,0.5158947584865577,0.491988435592465,-0.8706017339996969,-0.9671095423993336,-0.25436024256976875,-0.7919470444953276,0.6105897794060392,-0.4412540201482366,0.8973822428057174,-0.2265146321921418,0.9740077624962025,0.11400052084047149,-0.9934806899221047,0.9983688421425482,0.057093388749903703,1,0,0,0,99,35
1702011360,12,8,4,776,26.8,0.0,46,0,0,0,0,1,0,0,-0.026611421427981424,-0.9996458534148893,-0.9999114594340064,0.013306888913466725,-0.7023863292684922,0.711795928940826,0.3796077390275217,-0.9251475365964139,-0.981108438603097,-0.1934586046207122,-0.7724825579327705,0.6350359814133715,-0.42717913021742326,0.904167014830051,-0.2188983613117615,0.9757476658516921,0.11011887701095537,-0.9939184236776407,0.9984784483597131,0.055143341947869365,1,0,0,0,99,37
1702011420,12,8,4,777,26.8,0.0,46,0,0,0,0,1,0,0,-0.8555511930921242,-0.5177182206554476,-0.8711251978491518,0.4910609836591339,-0.5044497082667736,0.8634410760611096,0.2613033906581489,-0.9652567213081475,-0.9912761273500305,-0.13180151496066433,-0.7522637552616317,0.6588620815615874,-0.4129999506285761,0.9107310474452892,-0.2112687300036505,0.9774280145988474,0.10623555290285971,-0.994340991460889,0.9985842456850822,0.05319308479074615,1,0,0,0,99,33
1702011480,12,8,4,778,26.8,0.0,46,0,0,0,0,1,0,0,-0.8979011434038442,0.4401971565947119,-0.5290571062774264,0.8485862232545117,-0.2751488476674837,0.9614016390808037,0.13892149027273704,-0.9903033977223353,-0.9975729040331677,-0.06962974320527361,-0.7313103797996011,0.6820448140682276,-0.3987199430250338,0.9170727381370105,-0.20362620394117933,0.9790487061778415,0.10235060777093262,-0.9947483868239851,0.9986862337150706,0.05124262471817234,1,0,0,0,99,34
1702011540,12,8,4,779,26.8,0.0,46,0,0,0,0,1,0,0,-0.11472492335334811,0.9933972981448904,-0.05745738357735032,0.9983479599180064,-0.028740564382016227,0.9995869046556198,0.014371766495114374,-0.9998967208306115,-0.9999741798743135,-0.007186068792756609,-0.7096428921622328,0.7045615413884168,-0.3843425936658486,0.923190538672385,-0.19597124958474776,0.9806096416700136,0.098464100894657,-0.9951406035505771,0.9987844120606251,0.04929196917056027,1,0,0,0,99,30
1702011660,12,8,4,781,26.8,0.0,46,0,0,0,0,1,0,0,0.9510360209453427,-0.3090800654595016,0.8090364841771667,0.58775842594577,0.45400527202568364,0.8909989971783835,-0.23345342450006654,-0.9723679851728931,-0.9930679697716801,0.11754151357521916,-0.6642508887554389,0.747509703473881,-0.3553099326828051,0.9347485500052624,-0.18062592559588117,0.9835518669610827,0.09068663914523838,-0.9958794773869684,0.9989693382148844,0.04539010141557074,1,0,0,0,99,26
1702011720,12,8,4,782,26.8,0.0,46,0,0,0,0,1,0,0,0.2537650480137331,-0.967265889198305,0.9917827103751873,0.12793379303705288,0.6603280271815468,0.7509772942762827,-0.3528616624994258,-0.9356755031196132,-0.9837874524305575,0.17933836299072597,-0.6405706975070254,0.7678992000877217,-0.34066170896673886,0.9401859390800635,-0.17293649256292973,0.9849329771817125,0.08679580294659275,-0.9962261232224621,0.9990560853181523,0.04343890409263279,1,0,0,0,99,23
1702011780,12,8,4,783,26.8,0.0,46,0,0,0,0,1,0,0,-0.6768163397642243,-0.7361519151833799,0.931705939442102,-0.36321349425415084,0.8255947838540862,0.5642634605154977,-0.46676361227311963,-0.8843821177849249,-0.9706652661409403,0.24043489993663053,-0.6162649998431557,0.7875388561641358,-0.32593031758020324,0.9453937952419975,-0.16523650437781978,0.986253972169947,0.08290364235078253,-0.9965575678730123,0.9991390213261147,0.041487541063478864,1,0,0,0,99,22
1702011900,12,8,4,785,27.2,0.0,45,0,0,0,0,1,0,0,-0.38772606351274697,0.9217746469028693,0.19776925076605154,-0.980248602881654,0.9950498989703115,0.09937654934225174,-0.6710526993678471,-0.7414096537482675,-0.9331156556794735,0.35957638010006476,-0.5658726092946783,0.8244926864745572,-0.2962324370536107,0.9551158794812693,-0.1498067430370387,0.9887152976163738,0.07511558554529872,-0.9971748336215606,0.9992934588051601,0.03758434766255414,1,0,0,0,99,23
1702012020,12,8,4,787,27.2,0.0,45,0,0,0,0,1,0,0,0.9995182893196364,-0.031035291452596547,-0.717995575004678,-0.6960476666678093,0.9208820952401586,-0.38984120698830105,-0.8336189798068123,-0.552339928400844,-0.8810050874997386,0.4731067911154711,-0.5132704983166911,0.8582268904886025,-0.26624529057938057,0.9639053092728047,-0.13434040852847542,0.9909352424030555,0.06732294407163325,-0.9977312369578932,0.999432648295495,0.03368058077072561,1,0,0,0,99,19
1702012080,12,8,4,788,27.2,0.0,45,0,0,0,0,1,0,0,0.5139267392143615,-0.8578340787824261,-0.9638034236249698,-0.26661387925010005,0.7958058429196471,-0.6055518643146514,-0.8959776404338033,-0.44409916442465225,-0.8497350070535673,0.5272100319490078,-0.486204672977848,0.873844961062604,-0.2511523829644027,0.9679475608375188,-0.1265947059763584,0.9919545253784365,0.06342505270618003,-0.9979866044638166,0.9994965243721002,0.03172850087999289,1,0,0,0,99,12
1702012140,12,8,4,789,27.2,0.0,45,0,0,0,0,1,0,0,-0.4441666848300092,-0.895944170184236,-0.9736385803223484,0.22809628429214274,0.6212502377093538,-0.7836122396607084,-0.9443548696493042,-0.32892838152042436,-0.8151467295893495,0.5792545288901829,-0.4586640770268678,0.8886097368615153,-0.23599816009715488,0.9717535018875711,-0.11884127673588184,0.9929132645623109,0.059526193552456905,-0.9982267439220187,0.999556587673259,0.029776299954673093,1,0,0,0,99,5
1702012260,12,8,4,791,27.2,0.0,45,0,0,0,0,1,0,0,-0.6298411677363565,0.7767239557426453,-0.3341227650560155,0.9425295633938082,0.16951465512779687,-0.9855276666318933,-0.9963753476054827,-0.08506566101579052,-0.7365682795966001,0.676363193478256,-0.4022665823317567,0.9155225812284086,-0.20552058141654744,0.9786527936986663,-0.10331313154999636,0.9946488811883987,0.05172580986123544,-0.9986613242707456,0.9996652750472894,0.02587156478891824,1,0,0,0,99,3
1702012320,12,8,4,792,27.2,0.0,45,0,0,0,0,1,0,0,0.3132860367040136,0.9496588119984416,0.15865243143670757,0.9873344954974584,-0.07957859166428352,-0.9968285949694307,-0.9992068341863537,0.0398208803931389,-0.6928849542336957,0.7210481538680822,-0.3734647547841147,0.9276443698605846,-0.19020466626691288,0.9817444600965631,-0.0955393633625346,0.9954256526975189,0.04782440434799511,-0.998855758530109,0.9997138987055519,0.023919045443861007,1,0,0,0,99,2
1702012380,12,8,4,793,27.2,0.0,45,0,0,0,0,1,0,0,0.9683795037912949,0.24948173607886706,0.6125839795167406,0.7904055086089884,-0.32372402705932385,-0.9461515493326078,-0.9864460323131236,0.1640860302819716,-0.6464959279523841,0.7629174366476269,-0.34429824524122477,0.9388603295079697,-0.1748423153759271,0.9845964476647195,-0.08775976394476126,0.9961416685554118,0.04392226909318471,-0.9990349514795295,0.999758708759151,0.02196643485491553,1,0,0,0,99,2
1702012440,12,8,4,794,27.2,0.0,45,0,0,0,0,1,0,0,0.7331493210037495,-0.6800676974476445,0.916533604797894,0.3999576868572196,-0.54774187038366,-0.8366473829688406,-0.9582920700310633,0.28579067254824764,-0.5975823489075595,0.8018075431636471,-0.31479553430469187,0.9491595079763061,-0.15943727924123308,0.9872080601312739,-0.07997480812332723,0.9967968850601596,0.04001946363858728,-0.9991989003847431,0.9997997050371497,0.020013740470697712,1,0,0,0,99,1
1702012500,12,8,4,795,26.7,0.0,46,0,0,0,0,1,0,0,-0.1761349664233212,-0.9843660262336645,0.996083838397568,-0.08841372564917586,-0.7377037771521764,-0.6751245345678174,-0.9151842805052481,0.4030356469545731,-0.5463352235786316,0.8375666083824537,-0.28498543087107653,0.9585318482925994,-0.1439933187814639,0.9895786599084985,-0.07218497105181075,0.9973912622207242,0.03611604753621227,-0.9993476027440913,0.9998368873831599,0.018060969740143117,1,0,0,0,99,2
1702012560,12,8,4,796,26.7,0.0,46,0,0,0,0,1,0,0,-0.9234815780088051,-0.3836427701369688,0.8317580087191734,-0.5551383745801722,-0.8817988360675502,-0.47162571251991114,-0.857795346373455,0.5139913848889341,-0.49295467089331135,0.8700549939196184,-0.2548970440004961,0.9669681985255819,-0.12851420441806832,0.9917076682484567,-0.06439072818171633,0.997924763759387,0.03221208034738687,-0.9994810562885589,0.9998702556553423,0.016108130112478542,1,0,0,0,99,4
1702012620,12,8,4,797,26.7,0.0,46,0,0,0,0,1,0,0,-0.8217834856264904,0.5697998795643747,0.46378880993164623,-0.8859457882862739,-0.9710679142794992,-0.23880348794953357,-0.7870208027585845,0.6169264591709722,-0.43764914076748046,0.8991458333248762,-0.2245597544921215,0.9744603207224182,-0.11300371515481651,0.9935945653842965,-0.05659255523345575,0.998397357113964,0.02830762164184719,-0.9995992589818092,0.9998998097264068,0.014155229037193606,1,0,0,0,99,4
1702012680,12,8,4,798,26.7,0.0,46,0,0,0,0,1,0,0,0.03545855359210518,0.9993711477610087,-0.017732064727370864,-0.9998427745803359,-0.9999606928725588,0.008866380875648453,-0.703965062742588,0.7102346023940429,-0.38063460011273087,0.9247255274928996,-0.19400318619432566,0.9810008989529264,-0.09746563765521044,0.9952388906571443,-0.04879092816731252,0.9988090134397928,0.024402730996829252,-0.9997022090202143,0.9999255494836139,0.012202273964012331,1,0,0,0,99,6
1702012740,12,8,4,799,26.7,0.0,46,0,0,0,0,1,0,0,0.8601001621636173,0.51012519154235,-0.4949115115137503,-0.8689433789213052,-0.9666807588137113,0.25598498108160056,-0.6099241833697036,0.7924597721908666,-0.32213368949019705,0.9466941882653729,-0.163257177077498,0.98658354645346,-0.08190376531802432,0.9966402426285675,-0.04098632315439169,0.9991597076114928,0.020497467996159962,-0.9997899048328835,0.9999474748287741,0.01024927234286473,1,0,0,0,99,2
1702012860,12,8,4,801,26.7,0.0,46,0,0,0,0,1,0,0,0.1059275624303434,-0.9943738489710827,-0.9985924716747775,-0.05303843431379381,-0.7256164394202331,0.6880993989556328,-0.3949054323786691,0.9187217747924648,-0.2015914497288206,0.9794696970280563,-0.10131708388012287,0.9948541845486846,-0.0507238378443283,0.9987127175891686,-0.025370084852355874,0.99967812759637,0.012686063290674097,-0.9999195286612743,0.9999798819629508,0.006343159257249994,1,0,0,0,99,3
1702012920,12,8,4,802,26.7,0.0,46,0,0,0,0,1,0,0,-0.7795038357248097,-0.6263974537706143,-0.9017753195144049,0.4322051285150291,-0.5328202658894324,0.8462284350324767,-0.2772828564548513,0.9607883312760612,-0.14002083545661836,0.9901485573579505,-0.07018348324944229,0.9975340990056306,-0.03511339483992818,0.9993833346133081,-0.017559404697937788,0.9998458217678634,0.008780040778282644,-0.9999614546990957,0.9999903636283441,0.004390062693417029,1,0,0,0,99,4
1702012980,12,8,4,803,26.7,0.0,46,0,0,0,0,1,0,0,-0.9482630021806919,0.317485871646694,-0.5841721186231443,0.8116298022025479,-0.30689590889864604,0.9517430856598192,-0.15533337429570762,0.9878621071940706,-0.0779034428184317,0.9969609087607374,-0.038981349638401504,0.9992399383433234,-0.019494379403774662,0.9998099665294709,-0.009747652807961452,0.9999524905037916,0.004873884293271353,-0.999988122555411,0.9999970306344442,0.0024369493828292348,1,0,0,0,99,4
1702013040,12,8,4,804,26.7,0.0,46,0,0,0,0,1,0,0,-0.2451935375705356,0.9694741508331444,-0.12354320937804643,0.9923391937319478,-0.06189025071872073,0.9980829609135574,-0.030959966783271346,0.9995206253283515,-0.015481838903188173,0.9998801491499747,-0.00774115140096295,0.9999700368385982,-0.003870604694478365,0.9999925091815933,-0.0019353059714989746,0.9999981272936448,0.0009676534387822795,-0.9999995318233016,0.9999998829558185,0.0004838267760202487,1,0,0,0,99,4
1702013100,12,8,4,805,27.0,0.0,48,0,0,0,0,1,0,0,0.6833057347140384,0.7301323667027151,0.3673333862428549,0.9300893415964714,0.1869634434903367,0.9823668717939524,0.09389656065598893,0.9955819584027104,0.047000221261657885,0.9988948789544149,0.023506605939449195,0.9997236815626643,0.011754114967441826,0.9999309180045051,0.005877158986065068,0.9999827293519886,-0.0029385921809077266,-0.999995682328676,0.9999989205815865,-0.0014692976764408303,1,0,0,0,99,2
1702013160,12,8,4,806,27.0,0.0,48,0,0,0,0,1,0,0,0.9835768657283723,-0.18048974819626606,0.7682739577117872,0.6401211806383749,0.42419265632588754,0.9055719686028203,0.2172878636707302,0.9761075679972009,0.10929874656829122,0.9940089456330866,0.054731409478074984,0.9985011130772681,0.02737596503077039,0.9996252080348085,0.013689265232136597,0.9999062976186339,-0.0068447929612965195,-0.9999765741302729,0.999994143515419,-0.003422416523977862,1,0,0,0,99,6
1702013220,12,8,4,807,27.0,0.0,48,0,0,0,0,1,0,0,0.3795519623891559,-0.9251704209747201,0.9811142698418773,0.1934290296533588,0.6350476243348373,0.7724729864705169,0.337288462246697,0.9414013454607224,0.17117046260859023,0.9852414286510496,0.08590276872415237,0.996303525199788,0.042991131644863144,0.9990754539072082,0.021500535956015435,0.99976883675858,-0.010750889298566145,-0.9999422075196596,0.9999855517755393,-0.0053755223160360886,1,0,0,0,99,4
1702013280,12,8,4,808,27.0,0.0,48,0,0,0,0,1,0,0,-0.5734312647770955,-0.8192536753510116,0.953743591158287,-0.3006212938640479,0.8064184068658303,0.591345375451585,0.45202578717835057,0.8920048697881602,0.23237376165548454,0.9726265649744922,0.11699024537436405,0.9931330638374931,0.05859580259074419,0.9982817898362899,0.029310494397997367,0.999570355161729,-0.014656821590492326,-0.9998925830212285,0.9999731453947223,-0.007328607602110553,1,0,0,0,99,3
1702013340,12,8,4,809,27.0,0.0,48,0,0,0,0,1,0,0,-0.9992044316210529,0.03988112120852035,0.6928632183885503,-0.7210690401093782,0.9276499986819863,0.37345077312185454,0.5597094008850242,0.8286889564613054,0.29266964613595875,0.9562136153761107,0.14796348303532403,0.9889928248920997,0.07418616821180449,0.9972444095837538,0.03711866387847311,0.9993108649423746,-0.018562530237353908,-0.9998277013921886,0.9999569244202944,-0.009281664931774524,1,0,0,0,99,2
1702013460,12,8,4,811,27.0,0.0,48,0,0,0,0,1,0,0,0.4520795641768173,0.8919776161169622,-0.23240308074876903,-0.9726195597758053,0.9931313004270396,-0.11700521403808203,0.7473303198847489,0.6644527018388585,0.40960181772127274,0.9122644084471504,0.2094464031116906,0.9778201287678502,0.1053087632444465,0.9944395730178507,0.05272772981150123,0.9986089257106234,-0.026373038214970796,-0.9996521709351267,0.9999130389526698,-0.013187665920725705,1,0,0,0,99,3
1702013520,12,8,4,812,27.0,0.0,48,0,0,0,0,1,0,0,0.9948329140211382,0.10152572669136999,-0.6702515472972181,-0.742133992851483,0.9333097001669604,-0.35907242107165305,0.82433986348825,0.5660952123664124,0.46578148719844353,0.8848997718291073,0.23989604849902457,0.9707985815371557,0.12083339452081168,0.9926728014651041,0.060527673567121146,0.9981665195409792,-0.030277718366983942,-0.9995415247854836,0.9998853746268829,-0.015140594679806359,1,0,0,0,99,2
1702013580,12,8,4,813,27.0,0.0,48,0,0,0,0,1,0,0,0.6229414706214662,-0.7822684476443909,-0.9439990592273889,-0.3299481416492668,0.8154594231625713,-0.5788142441019974,0.8884858592296214,0.4589039964404334,0.5201422899359206,0.8540796205391021,0.2701114394661006,0.9628290659663069,0.13632852605689877,0.9906636830848062,0.06832392302551767,0.9976631904317224,-0.034181936518266696,-0.9994156268619484,0.9998538960423039,-0.01709346568212025,1,0,0,0,99,4
1702013640,12,8,4,814,27.0,0.0,48,0,0,0,0,1,0,0,-0.32167948802580176,-0.9468486188316789,-0.9866226783405293,0.16302052197242078,0.6469078288394643,-0.7625682008753121,0.938767330299503,0.34455173713441634,0.572471948162346,0.819924306608365,0.3000630711964028,0.953919364152014,0.15179037493857458,0.9884127083743951,0.07611600234380722,0.9970989691034674,-0.03808563309525359,-0.9992744790855682,0.9998186033190141,-0.01904627147805807,1,0,0,0,99,7
1702013700,12,8,4,815,27.0,0.0,47,0,0,0,0,1,0,0,-0.9705498088831128,-0.24090053648124807,-0.7876866561270567,0.6160760762757924,0.43813463896627003,-0.8989093603572588,0.9743996511589222,0.22482286320872838,0.6225661156822108,0.782567205806865,0.32972169642983384,0.9440781762668982,0.16721516637718872,0.9859204268770625,0.08390343593363005,0.9964738899933762,-0.04198874853233773,-0.9991180836100847,0.9997794965916447,-0.02099900461825926,1,0,0,0,99,3
1702013760,12,8,4,816,27.0,0.0,47,0,0,0,0,1,0,0,-0.7271011113730546,0.6865303881402984,-0.39589746896115763,0.9182947207025364,0.2021203593127912,-0.9793606896089245,0.9948267913584063,0.10158570369662134,0.6702291758433747,0.7421541968137826,0.3590583540221683,0.933315112063922,0.182599134631134,0.9831874470475918,0.09168574849017776,0.9957879912530557,-0.045891223272779696,-0.9989464428219001,0.9997365760093756,-0.022951657653640416,1,0,0,0,99,4
1702013820,12,8,4,817,27.0,0.0,47,0,0,0,0,1,0,0,0.1848409947348159,0.9827684400027525,0.09282122601336262,0.9956827908532798,-0.04646078532870562,-0.9989201146371215,0.9997299922071763,-0.02323666674545333,0.7152750054159076,0.6988430915643893,0.3880443972251183,0.9216406814926273,0.19793852392519834,0.9802144361038118,0.09946246502120343,0.9950413147462299,-0.04979299776961634,-0.998759559340042,0.9996898417359361,-0.024904223135423714,1,0,0,0,99,3
1702013880,12,8,4,818,27.0,0.0,47,0,0,0,0,1,0,0,0.926841142721418,0.3754537203955449,0.5588140476063818,0.8292929881518187,-0.29215322336762034,-0.9563715251281321,0.9890327408959049,-0.1476964367746696,0.7575277013993184,0.6528030189978178,0.4166515216593972,0.909066284436349,0.21322958936748326,0.9770021198637056,0.10723311087601266,0.9942339060461842,-0.05369401248656933,-0.9985574360161222,0.9996392939496032,-0.026856693615165312,1,0,0,0,99,2
1702013940,12,8,4,819,27.0,0.0,47,0,0,0,0,1,0,0,0.8167078184368716,-0.577051418249783,0.8879897010241118,0.4598633393467112,-0.5196809889986783,-0.8543603862968809,0.9629019644535162,-0.26985145330636917,0.7968222679200078,0.6042137646121738,0.44485179295346566,0.8956041995804211,0.22846859786366572,0.973551282568212,0.11499721177443387,0.9933658144329842,-0.05759420789895368,-0.9983400759342941,0.9995849328432012,-0.02880906164478378,1,0,0,0,99,4
1702014060,12,8,4,821,27.0,0.0,47,0,0,0,0,1,0,0,-0.86458174478646,-0.5024921955433742,0.8667445400876126,-0.49875234558677806,-0.8656651620536597,-0.500623438531009,0.8662053562900108,-0.4996881835049689,0.8659353854373226,0.5001558839477104,0.49992205195024636,0.8660704024349609,0.25877557609349366,0.9659374727266152,0.13050388360770113,0.9914477981030103,-0.06539190277469237,-0.9978596589959458,0.9994647715142204,-0.032713460563308094,1,0,0,0,99,2
1702014120,12,8,4,822,27.0,0.0,47,0,0,0,0,1,0,0,-0.889968112961789,0.4560227602995627,0.5215252820815293,-0.8532358291526332,-0.9626099493441341,-0.2708912797114064,0.7971484427982678,-0.6037833718680043,0.8954840511890774,0.4450936014660263,0.5267382644796055,0.8500275293971443,0.2738361468130674,0.9617763589829874,0.13824550809522282,0.9903979904520676,-0.06928928325481673,-0.9975966094699971,0.9993989717500206,-0.03466547655811879,1,0,0,0,99,3
1702014180,12,8,4,823,27.0,0.0,47,0,0,0,0,1,0,0,-0.09712190237828329,0.9952724933797895,0.04861844619180287,-0.9988174241020702,-0.9997043123099125,-0.02431641315993991,0.7156522944698563,-0.6984567226536158,0.9215358708844751,0.3882932379957087,0.5530401260325923,0.8331546189020705,0.28882986436475844,0.9573804413351232,0.145978694789474,0.9892877340124872,-0.073185606465728,-0.9973183378471708,0.9993293595825079,-0.03661736031467289,1,0,0,0,99,3
1702014240,12,8,4,824,27.0,0.0,47,0,0,0,0,1,0,0,0.7850177373512154,0.6194732859809036,-0.43619188095326605,-0.8998536786558422,-0.97464190312541,0.22377033018717848,0.6229886314423488,-0.7822308898871159,0.9439891127251193,0.32997659774057014,0.5788019532877502,0.8154681470604999,0.3037530682474665,0.95275079298327,0.15370297169659722,0.9881170965485999,-0.07708081295432778,-0.9970248483735498,0.9992559352772317,-0.03856910438712712,1,0,0,0,99,2
1702014300,12,8,4,825,26.8,0.0,48,0,0,0,0,1,0,0,0.945415689654786,-0.3258668037013981,-0.8142072229172983,-0.5805743691804702,-0.8889809810059128,0.45794411821723935,0.5206034391851252,-0.8537986057078213,0.9627560972821261,0.27037140593281933,0.6039985902579494,0.7969853844120416,0.31860211517499254,0.9478885441896746,0.16141786736654243,0.9868861495100827,-0.0809748432845575,-0.9967161455274222,0.9991786991142831,-0.040520701330171084,1,0,0,0,99,2
1702014360,12,8,4,826,26.8,0.0,48,0,0,0,0,1,0,0,0.23660281689758147,-0.9716064568723952,-0.9928762402415507,-0.11915020589072603,-0.7480475271968774,0.6636451589928438,0.4100944043797453,-0.9120430798467921,0.9777635398824176,0.2097104195709025,0.6286054328547828,0.7777243790607642,0.3333733799654944,0.9427948820026454,0.16912291092184195,0.9855949680275984,-0.08486763803830527,-0.9963922340192135,0.9990976513882949,-0.04247214369905562,1,0,0,0,99,6
1702014420,12,8,4,827,26.8,0.0,48,0,0,0,0,1,0,0,-0.6897415945654649,-0.7240556143876586,-0.9284545261852243,0.3714460833097728,-0.560604101256059,0.8280839580953651,0.2931859835536437,-0.9560554267654583,0.9889528367838019,0.1482305185084059,0.652598452914039,0.7577039390515289,0.3480632564265231,0.937471049966752,0.17681763208635048,0.9842436309082097,-0.08875913781631264,-0.9960531187914151,0.9990127924084393,-0.04442342404962123,1,0,0,0,99,5
1702014480,12,8,4,828,26.8,0.0,48,0,0,0,0,1,0,0,-0.981940764891358,0.18918862081154605,-0.6367147631351318,0.7710994166809965,-0.3383050275409778,0.9410365074429887,0.17170249351277814,-0.9851488485104646,0.9962802940213323,0.08617178044329644,0.6759542216587983,0.7369436140042521,0.36266815823542314,0.9319183478192314,0.18450156121394817,0.9828322206305692,-0.09264928323908087,-0.9956988050185078,0.9989241224984278,-0.04637453493832645,1,0,0,0,99,3
1702014540,12,8,4,829,26.8,0.0,48,0,0,0,0,1,0,0,-0.3713481244279862,0.9284937105246416,-0.1890850198658773,0.981960719816389,-0.09497178576717145,0.9954799645940617,0.04753964348803124,-0.9988693519660271,0.9997172980313053,0.02377654341964911,0.6986499325772353,0.7154636760240345,0.37718451981488155,0.9261381311726762,0.1921742293172055,0.9813608233398856,-0.09653801494777697,-0.9953292981068842,0.9988316419965089,-0.048325468922276286,1,0,0,0,99,3
1702014660,12,8,4,831,26.8,0.0,48,0,0,0,0,1,0,0,0.998812289042307,-0.04872382638983685,0.7241283817079113,0.6896651990676937,0.39391293513434306,0.9191477571826234,-0.20106248135514565,-0.9795784188064331,0.994881505207136,-0.10104845667690049,0.7419731992049647,0.6704295426527308,0.4059374689205649,0.913900854210327,0.20748390996613808,0.978238430601233,-0.10431099989638418,-0.9945447276521134,0.9986352506426242,-0.05222677640773236,1,0,0,0,99,3
1702014720,12,8,4,832,26.8,0.0,48,0,0,0,0,1,0,0,0.49866089672312836,-0.8667971562478072,0.9661255498763625,0.25807251282555527,0.6090679301910603,0.7931180595679168,-0.32162240316253093,-0.9468680107512125,0.9866275920404853,-0.16299078079570548,0.7625584504796027,0.6469193223286404,0.4201670368266409,0.9074467814501962,0.21511998808781552,0.9765876257280235,-0.10819513453010837,-0.9941296760805463,0.9985313405398316,-0.05417713502693632,1,0,0,0,99,2
1702014780,12,8,4,833,26.8,0.0,48,0,0,0,0,1,0,0,-0.459957024350746,-0.887941178091436,0.9715814886285751,-0.23670532514981996,0.7863540313210774,0.617776122414172,-0.43716351493796235,-0.8993820440764236,0.9745209192409426,-0.22429662940353828,0.7823990763681723,0.6227773962646933,0.43429402697671693,0.9007711685729881,0.22274293639418943,0.9748772149796578,-0.11207761823919644,-0.9936994553132396,0.9984236213434755,-0.05612728697683714,1,0,0,0,99,2
1702014840,12,8,4,834,26.8,0.0,48,0,0,0,0,1,0,0,-0.9956925784370406,-0.09271617574834355,0.7391603938754915,-0.6735294441417006,0.9147484474274064,0.4040238581187374,-0.5458828362759094,-0.8378615214099336,0.958608763106705,-0.2847266044735426,0.8014757028361941,0.5980273386419961,0.4483149904687573,0.8938756453338451,0.2303522896197853,0.9731073027507925,-0.11595839178172378,-0.9932540719148331,0.9983120934644719,-0.05807722481819786,1,0,0,0,99,2
1702014900,12,8,4,835,26.9,0.0,47,0,0,0,0,1,0,0,-0.6159929677799073,0.7877516509952246,0.32576705558172653,-0.9454500650471247,0.9862682355848039,0.1651513471832357,-0.6460838385290117,-0.7632664499318819,0.9389532602669532,-0.3440447282462835,0.8197697018816575,0.5726933174718021,0.4622265042856143,0.8867618951758702,0.23794758332890228,0.9712779970677474,-0.11983739594186077,-0.9927935326813293,0.9981967573282657,-0.0600269411125983,1,0,0,0,99,2
1702014960,12,8,4,836,26.9,0.0,47,0,0,0,0,1,0,0,0.3300477366569554,0.9439642427166514,-0.1673854194417015,-0.9858915363052498,0.9964666417661079,-0.08398947462256867,-0.7362029185702026,-0.6767608607837156,0.9156311650396451,-0.40201936471784816,0.837263209724949,0.5468000709958585,0.4760251721307086,0.879431654819139,0.24552835394396,0.9693894095819128,-0.12371457153077643,-0.9923178446399905,0.9980776133748294,-0.061976428422463405,1,0,0,0,99,2
1702015020,12,8,4,837,26.9,0.0,47,0,0,0,0,1,0,0,0.9726440741045344,0.23230046299853344,-0.6195561060152125,-0.7849523753064683,0.9447095784701424,-0.32790823769275124,-0.8148337982965457,-0.5796946447515489,0.8887335497075456,-0.45842412417348366,0.8539391442525291,0.5203728835299339,0.48970762525718653,0.8718867138367042,0.2530941387737928,0.9674416555629348,-0.12758985938754153,-0.991827015049231,0.9979546620586606,-0.06392567931109164,1,0,0,0,99,3
1702015080,12,8,4,838,26.9,0.0,47,0,0,0,0,1,0,0,0.7209959353983679,-0.6929392910919632,-0.9200378500616057,-0.39182949666151784,0.8342150492113882,-0.5514392547409379,-0.8807494691286899,-0.4735824876719271,0.8583654488829123,-0.513038747234589,0.8697812216973269,0.49343756077411205,0.5032705232903513,0.8641289142176971,0.26064447604189017,0.9654348538916795,-0.1314632003800313,-0.9913210513985062,0.9978279038487815,-0.0658746863426833,1,0,0,0,99,4
1702015140,12,8,4,839,26.9,0.0,47,0,0,0,0,1,0,0,-0.19353254126994537,-0.981093856605777,-0.9952622409711365,0.09722690829760817,0.6718530686475994,-0.7406844497819596,-0.9329213390693665,-0.3600802342659484,0.8246454493495821,-0.565649964966874,0.8847739725395617,0.46602040461396427,0.5167105550431671,0.856160149917632,0.2681789049145812,0.9633691270529775,-0.13533453540582766,-0.990799961408199,0.997697339228736,-0.067823442082369,1,0,0,0,99,6
1702015260,12,8,4,841,26.9,0.0,47,0,0,0,0,1,0,0,-0.8115681644677003,0.5842577465661262,-0.45592886146518175,0.890016220797724,0.23450349592519504,-0.972115276291275,-0.9930043495099291,-0.11807777883396382,0.7476890325643288,-0.6640490272434846,0.9121537773981656,0.4098481259909062,0.5432089257408671,0.8395975601414365,0.28319819902196014,0.9590614057873031,-0.14307095130161257,-0.9897124344442944,0.9974247927649218,-0.07172016995136608,1,0,0,0,99,9
1702015320,12,8,4,842,26.9,0.0,47,0,0,0,0,1,0,0,0.0531437907535685,0.9985868702843739,0.02658128773805108,0.9996466551448001,-0.013291818069772856,-0.999911659884212,-0.9999779147271733,0.00664605581484232,0.7047531284730695,-0.7094526255553792,0.9245140954997331,0.38114785480481245,0.5562607954885853,0.831007778184059,0.290682147556348,0.956819674281434,-0.14693591412341295,-0.9891460140650201,0.9972828119608349,-0.07366812721584506,1,0,0,0,99,7
1702015380,12,8,4,843,26.9,0.0,47,0,0,0,0,1,0,0,0.8689955898411542,0.49481983068246604,0.5025834106481898,0.8645287244165072,-0.2602607111950369,-0.9655383794589698,-0.9913471590363715,0.13126618098548876,0.6590651784969797,-0.752085826546907,0.9359716412763015,0.3520753992066848,0.5691768621409847,0.8222151175959624,0.2981483543506802,0.9545195434342774,-0.15079863488394496,-0.9885645005345572,0.9971370268259416,-0.07561580345880992,1,0,0,0,99,6
1702015440,12,8,4,844,26.9,0.0,47,0,0,0,0,1,0,0,0.8858968512072711,-0.4638822792703361,0.8555355864224282,0.5177440104577087,-0.491047853850463,-0.8711325991081119,-0.9672467624934477,0.2538379413049674,0.6108035931029845,-0.7917821484805551,0.9465152266288576,0.3226591479560474,0.5819539724256346,0.813221724979125,0.3055963637061761,0.9521611536339647,-0.15465905464284221,-0.9879679027260867,0.9969874379163678,-0.07756319125046778,1,0,0,0,99,3
1702015500,12,8,4,845,26.5,0.0,48,0,0,0,0,1,0,0,0.08830863309607147,-0.996093160964728,0.9990228127937639,0.04419750578523661,-0.6913040193050968,-0.722564013006888,-0.9280528037258677,0.3724486454486792,0.5601568327492403,-0.8283865780686814,0.9561345559252321,0.29292782552304464,0.5945890069943084,0.8040297959413708,0.3130257210347332,0.949744648824454,-0.15851711449484884,-0.987356229742957,0.9968340458027497,-0.07951028316212612,1,0,0,0,99,3
1702015560,12,8,4,846,26.5,0.0,48,0,0,0,0,1,0,0,-0.7904701350275293,-0.6125005841871171,0.8979144124545271,-0.44017008974536365,-0.8485782491159444,-0.5290698962588196,-0.8743768913514411,0.4852474130488386,0.5073226719510776,-0.8617561757970866,0.9648202360536098,0.26291046403948376,0.6070788811845279,0.7946415745603435,0.3204359728866724,0.9472701764967436,-0.16237275557071826,-0.9867294909185454,0.9966768510702316,-0.0814570717662211,1,0,0,0,99,5
1702015620,12,8,4,847,26.5,0.0,48,0,0,0,0,1,0,0,-0.9424943064466191,0.334222205000964,0.5769652480865013,-0.8167686958377396,-0.9530919934187202,-0.30268077586977704,-0.8070566200303969,0.5904740570635695,0.4525074269757517,-0.8917606341007573,0.9725637855947438,0.23263637494945058,0.6194205457726396,0.7850593528356472,0.3278266669784146,0.9447378876798705,-0.16622591903811135,-0.9860876958161151,0.9965158543184637,-0.08340354963634594,1,0,0,0,99,4
1702015680,12,8,4,848,26.5,0.0,48,0,0,0,0,1,0,0,-0.22799355905387356,0.9736626402558269,0.1147548686204055,-0.9933938393849207,-0.9983470937967718,-0.057472430847665464,-0.7271425000808527,0.6864865509069841,0.39592515018183416,-0.9182827862121189,0.979357643103917,0.20213512038718198,0.6316109877182386,0.775285470129288,0.33519735222008545,0.9421479369316923,-0.1700765461024943,-0.9854308542286699,0.9963510561615996,-0.08534970934727917,1,0,0,0,99,5
1702015740,12,8,4,849,26.5,0.0,48,0,0,0,0,1,0,0,0.6961234150868356,0.7179221343348046,-0.3755515048999241,-0.9268015252293246,-0.9815298072981087,0.1913092715613588,-0.6358815646166514,0.7717866517248658,0.33779679414933333,-0.9412190636947558,0.9851951744945658,0.17143648431014344,0.6436472308997595,0.7653223125945511,0.3425475787430477,0.9395004823294534,-0.17392457800803576,-0.9847589761788043,0.9961824572282941,-0.08729554347501305,1,0,0,0,99,7
1702015860,12,8,4,851,26.5,0.0,48,0,0,0,0,1,0,0,0.36311519237705925,-0.9317442551821671,-0.9827879362258592,-0.1847373064892862,-0.7696548923021558,0.6384601371701736,-0.42517047335735014,0.90511329046981,0.21781495532927705,-0.9759900845986629,0.9939793973213586,0.10956713786837996,0.6672454054287748,0.7448379481029347,0.3571848624291526,0.9340337114106039,-0.1816126215181589,-0.9833701519292224,0.9958338596194705,-0.09118620529108992,1,0,0,0,99,5
1702015920,12,8,4,852,26.5,0.0,48,0,0,0,0,1,0,0,-0.5878437802601598,-0.8089744680825501,-0.9510453375319575,0.3090513969532009,-0.5877706198198406,0.8090276252864301,-0.30900839366720273,0.9510593107915064,0.15642999905467883,-0.9876890479274097,0.9969175111129831,0.07845684187051573,0.6788015756204033,0.7343217421098587,0.3644710262079424,0.9312147287575134,-0.1854525158126556,-0.9826532269212557,0.9956538622737461,-0.09313101813774066,1,0,0,0,99,5
1702015980,12,8,4,853,26.5,0.0,48,0,0,0,0,1,0,0,-0.9983418923066761,0.057562714195259816,-0.6864536713445198,0.7271735398772633,-0.369341617017861,0.9292936941240006,-0.18802434134441126,0.982164368658322,0.0944341869814051,-0.9955311066607416,0.9988821518729679,0.04726993409799893,0.6901920261427253,0.7236262619950988,0.3717349445538455,0.9283389095570375,-0.18928958032993062,-0.9819213078340436,0.9954700668111632,-0.09507547571786411,1,0,0,0,99,3
1702016040,12,8,4,854,26.5,0.0,48,0,0,0,0,1,0,0,-0.49096907265595835,0.8711770025060053,-0.2537942055031938,0.9672582391755589,-0.12794874134676187,0.9917807820218032,-0.06410623206130915,0.9979430800456014,0.032069611428879305,-0.9994856377271265,0.9998714011629511,0.016036868037019116,0.701413976180608,0.7127541189067303,0.3789761741147256,0.9254064293343575,-0.19312375652110036,-0.9811744058357712,0.9952824739328456,-0.09701957061394559,1,0,0,0,99,3
1702016100,12,8,4,855,26.1,0.0,51,0,0,0,0,1,0,0,0.46779844817476307,0.8838351723513177,0.24100293322767077,0.9705243872132523,0.12139936735162113,0.9926037445056441,0.06081223353222533,0.9981492234394725,-0.030420195269980223,-0.9995371987673777,0.9998842929977892,-0.01521185775344882,0.7124646860558945,0.7017079671225599,0.38619427292325303,0.9224174670729517,-0.1969549858813535,-0.980412532323244,0.9950910843544032,-0.09896329540985399,1,0,0,0,99,3
1702016160,12,8,4,856,26.1,0.0,51,0,0,0,0,1,0,0,0.9964742331166823,0.08389936075155806,0.6767941486332613,0.7361723170398212,0.36319945137636067,0.9317114137542325,0.18478174456066745,0.9827795820412206,-0.09279121175730869,-0.9956855884367365,0.9989208147888241,-0.046445729422969886,0.7233414578962587,0.6904905034021214,0.39338880042387997,0.9193722052036709,-0.20078320995084364,-0.9796356989217142,0.9948958988059289,-0.10090664269087,1,0,0,0,99,4
1702016220,12,8,4,857,26.1,0.0,51,0,0,0,0,1,0,0,0.6089962036074962,-0.7931731362014582,0.9468825524323115,0.32157958874790366,0.5824175526424733,0.8128897799664797,0.3058677982670947,0.9520739939643557,-0.15479988054847518,-0.987945847191119,0.9969819073561764,-0.07763424762590612,0.7340416362938502,0.6791044663283013,0.4005593174997298,0.9162708295936036,-0.2046083703155816,-0.9788439174847039,0.9946969180319963,-0.10284960504371443,1,0,0,0,99,4
1702016280,12,8,4,858,26.1,0.0,51,0,0,0,0,1,0,0,-0.33839012696853565,-0.941005909636182,0.9851410837124249,-0.17174703834974567,0.7654237513788508,0.6435265968280777,0.4221808872816973,0.9065116096410674,-0.21620405911884805,-0.9763481985544571,0.9940694640100503,-0.10874695730351001,0.7445626089535755,0.6675526356387524,0.4077053864993983,0.9131135295347322,-0.2084304086083264,-0.9780372000938237,0.9944941427916566,-0.10479217505657644,1,0,0,0,99,5
1702016340,12,8,4,859,26.1,0.0,51,0,0,0,0,1,0,0,-0.9746621353757209,-0.2236821894224926,0.7822027197033045,-0.6230240005720115,0.9008396085241843,0.4341520467693251,0.531905984752322,0.8468034148399867,-0.2767639654651715,-0.9609379310964852,0.9901863287019482,-0.13975347742277255,0.7549018073308517,0.6558378315472612,0.41482657126366607,0.9099004977323788,-0.21224926650947612,-0.9772155590585884,0.9942875738584357,-0.10673434531914189,1,0,0,0,99,5
1702016460,12,8,4,861,26.1,0.0,51,0,0,0,0,1,0,0,0.20220892507028168,0.9793424072416762,-0.10163068620826037,-0.9948221969884056,0.998704710359475,-0.050881249058933195,0.7248728333504206,0.6888827008065549,-0.39440924126688837,-0.9189348999811017,0.9795240936243227,-0.2013269728810552,0.7750248295638841,0.631930782253462,0.4289925510696765,0.9033080267144376,-0.219877208102116,-0.9755275564315028,0.9938630580798098,-0.11061745695977931,1,0,0,0,99,1
1702016520,12,8,4,862,26.1,0.0,51,0,0,0,0,1,0,0,0.9333421683683805,0.35898801755129633,-0.5661324855759046,-0.824314265784384,0.9550691770192314,-0.2963829737144291,0.8051034013449543,0.5931344814987454,-0.45103520843790823,-0.8925061572613225,0.9727554053464115,-0.2318338227466793,0.7848037406723669,0.619744373614364,0.43603648149302604,0.8999289898693018,-0.22368617540060243,-0.9746612205964957,0.9936451128538035,-0.11255838352496064,1,0,0,0,99,2
1702016580,12,8,4,863,26.1,0.0,51,0,0,0,0,1,0,0,0.8063649263965292,-0.591418299917681,-0.8920253079138734,-0.4519854533512771,0.8520520680543171,-0.5234570405719665,0.8727706000353033,0.4881305969861106,-0.505899892772221,-0.8625921970972467,0.965036837923104,-0.26211429081867443,0.7943910532032301,0.6074066632748301,0.44305379849696014,0.8964950259970297,-0.2274917295232623,-0.9737800126304271,0.9934233771737071,-0.11449888071412062,1,0,0,0,99,2
1702016640,12,8,4,864,26.1,0.0,51,0,0,0,0,1,0,0,-0.06198051016190544,-0.9980773599075725,-0.9995192244043064,0.03100516160599342,0.6960584883449115,-0.7179850839697136,0.926818505417785,0.3755095977670121,-0.5587890488516163,-0.8293098328631502,0.956375928404503,-0.2921388087338362,0.8037844265516209,0.594920663309892,0.4500440737806176,0.8930063446890767,-0.23129381240202182,-0.9728839459794464,0.9931978518853749,-0.11643894112485227,1,0,0,0,99,5
1702016700,12,8,4,865,25.8,0.0,53,0,0,0,0,1,0,0,-0.8733413515152515,-0.48710869806801216,-0.8622959753089459,0.5064046316593026,0.49678736313472055,-0.8678722923504651,0.9664037180056959,0.2570288968671955,-0.6094961456534423,-0.7927890314791178,0.9467811340217753,-0.32187805805994457,0.812981567460156,0.582289421997367,0.4570068806936243,0.8894631588765683,-0.23509236602177414,-0.971973034316428,0.9929685378491173,-0.11837855735641478,1,0,0,0,99,3
1702016760,12,8,4,866,25.8,0.0,53,0,0,0,0,1,0,0,-0.8817561819054704,0.4717054543584236,-0.5139525978344581,0.8578185864034492,0.2666284058353037,-0.9637994050640022,0.9909085237962186,0.13453734599730627,-0.6578231730498302,-0.7531724058930022,0.9362618239288095,-0.3513029989247159,0.8219802305787883,0.5695160230736639,0.4639417942621338,0.8858656848173045,-0.2388873324212645,-0.9710472915407634,0.9927354359396977,-0.1203177220097618,1,0,0,0,99,4
1702016820,12,8,4,867,25.8,0.0,53,0,0,0,0,1,0,0,-0.07948844507877358,0.9968357874288818,-0.03977569968660647,0.9992086337269314,0.019891785654744882,-0.9998021388572169,0.9999505334908365,0.009946384840309288,-0.7035814150330049,-0.710614658179913,0.9248282700533956,-0.3803848983727449,0.8307782190129761,0.5566035849809338,0.4708483912147658,0.8822141420825597,-0.2426786536939748,-0.9701067317781481,0.992498547046329,-0.12225642768756957,1,0,0,0,99,3
1702016880,12,8,4,868,25.8,0.0,53,0,0,0,0,1,0,0,0.7958606015736018,0.6054798946809916,0.4441396769705497,0.8959575588946699,-0.22808160941352784,-0.9736420181192547,0.9933886495524434,-0.1147997863254662,-0.7465921866472573,-0.665281975433926,0.9124916370668626,-0.4090953584227484,0.8393733848600241,0.5435552601057465,0.4777262500084402,0.8785087535436817,-0.24646627198900695,-0.9691513693803672,0.9922578720726702,-0.1241946669942652,1,0,0,0,99,4
1702016940,12,8,4,869,25.8,0.0,53,0,0,0,0,1,0,0,0.9394990814384173,-0.3425514209230055,0.8193141707925615,0.5733448260327263,-0.4618739947037902,-0.886945552453116,0.9713252679852192,-0.23775454522141526,-0.7866875317498732,-0.6173513808110357,0.8992639714819658,-0.4374063437977119,0.8477636297334629,0.5303742340094812,0.4845749508541061,0.8747497453584886,-0.2502501295119659,-0.9681812189250751,0.9920134119368234,-0.12613243253605483,1,0,0,0,99,4
1702017060,12,8,4,871,25.8,0.0,53,0,0,0,0,1,0,0,-0.7024506962803134,-0.7117324070852071,0.9251303711059342,-0.37964957060083243,-0.8305569127401302,-0.5569337615009381,0.8823077018537632,-0.4706730492066982,-0.8575176526482409,-0.5144545416231165,0.8701880663463262,-0.4927197268107314,0.863921213656295,0.503626981599114,0.4981832084689758,0.8670717910297607,-0.25780633135188835,-0.9661966132805891,0.9915131399231654,-0.13000651275880537,1,0,0,0,99,6
1702017120,12,8,4,872,25.8,0.0,53,0,0,0,0,1,0,0,-0.9784379004686174,0.206541218468769,0.6298645812915785,-0.7767049692350272,-0.9425245273294025,-0.33413697099017103,0.8167426066363169,-0.577002178942952,-0.8879758383376634,-0.4598901070131037,0.8543682189235223,-0.5196681118689583,0.8716846080633058,0.49006728524307847,0.5049419346602744,0.8631533135089845,-0.26157856037050853,-0.9651821883740356,0.99125732995374,-0.13194281266132774,1,0,0,0,99,7
1702017180,12,8,4,873,25.8,0.0,53,0,0,0,0,1,0,0,-0.35485381126363746,0.9349218002761893,0.18038597468180656,-0.9835959028676841,-0.9958905318526942,-0.09056516198935413,0.7384325162089472,-0.6743273826601757,-0.9149664973812363,-0.4035298113769442,0.8377140954338014,-0.5461090498348548,0.8792351931749703,0.4763879459879024,0.511669841798448,0.859182153558808,-0.26534679802212796,-0.9641530359747896,0.9909977386388905,-0.13387860924212341,1,0,0,0,99,5
1702017240,12,8,4,874,25.8,0.0,53,0,0,0,0,1,0,0,0.5949812355249355,0.8037395905224659,-0.31325740971087507,-0.9496682553719656,-0.9873368866227894,0.15863755013872718,0.6485994333412853,-0.7611299331056187,-0.9383842318329999,-0.34559374046297575,0.820241958346126,-0.572016721581207,0.8865711256242239,0.4625923034480756,0.518366519246722,0.8551585535583667,-0.26911098680807644,-0.9631091717864508,0.9907343669688791,-0.13581389511671688,1,0,0,0,99,5
1702017300,12,8,4,875,25.3,0.0,55,0,0,0,0,1,0,0,0.9977932782684322,-0.06639709212258378,-0.7302044549722303,-0.6832286981228965,-0.9173954158711761,0.39797694774767006,0.5486451732460288,-0.8360553055114447,-0.9581375959410644,-0.286308133388274,0.8019688689058553,-0.597365828706215,0.8936906144483714,0.448683725631867,0.5250315582744208,0.8510827590874659,-0.2728710692914642,-0.9620506117371024,0.9904672159483883,-0.13774866290258067,1,0,0,0,99,6
1702017360,12,8,4,876,25.3,0.0,55,0,0,0,0,1,0,0,0.48323878253139313,-0.8754885944760086,-0.9683719828857112,-0.24951092713946563,-0.7904147414931815,0.6125720663156844,0.44012948872139646,-0.8979343145007,-0.9741494532413135,-0.22590449917974179,0.7829126704747286,-0.6221316182369524,0.9005919215263238,0.4346656081190733,0.531664552081915,0.8469550189115929,-0.2766269880980588,-0.9609773719790682,0.9901962865965183,-0.1396829052191638,1,0,0,0,99,7
1702017420,12,8,4,877,25.3,0.0,55,0,0,0,0,1,0,0,-0.47560322129518384,-0.8796599205907044,-0.969448276235175,0.2452958208055078,-0.6142899068007273,0.7890804207447767,0.3247457307303849,-0.945801358834078,-0.9863572777736468,-0.1646187127363138,0.7630919711071247,-0.6462899068002247,0.907273362002937,0.4205413732320373,0.5382650958254505,0.8427755849667328,-0.28037868591716025,-0.9598894688886666,0.9899215799467821,-0.1416166146879197,1,0,0,0,99,6
1702017480,12,8,4,878,25.3,0.0,55,0,0,0,0,1,0,0,-0.997177816819599,-0.07507597247387601,-0.73316982087163,0.6800455968264643,-0.3999715009682163,0.9165275764608679,0.20429442422534697,-0.9789094892943034,-0.9947133982445153,-0.1026900937425236,0.7425261253796137,-0.6698171042372225,0.9137333047003438,0.4063144692001366,0.5448327866418574,0.838544712343992,-0.2841261055024758,-0.9587869190659601,0.9896430970471022,-0.14354978393233453,1,0,0,0,99,8
1702017540,12,8,4,879,25.3,0.0,55,0,0,0,0,1,0,0,-0.6019517262811898,0.798532478504848,-0.31738582316728636,0.9482964933249642,-0.16078480443598475,0.9869894866017986,0.08065517155831149,-0.9967420645788455,-0.999185184182303,-0.0403604721302572,0.7212352154915403,-0.6926902366389116,0.9199701725161832,0.3919883693179482,0.5513672236731395,0.8342626592740287,-0.287869189672993,-0.9576697393345027,0.9893608389598061,-0.1454824055779552,1,0,0,0,99,11
1702017660,12,8,4,881,25.3,0.0,55,0,0,0,0,1,0,0,0.9766038345872008,0.21504639097082145,0.62647969202089,0.7794377431747905,0.33208602562077905,0.9432491036769636,-0.16845013553428265,-0.9857101763898362,-0.9964211399779302,0.08452758014448271,0.676562051794038,-0.7363856259272321,0.9317686477681121,0.36305259541336976,0.5643347431208848,0.8255460603180691,-0.29534212337722077,-0.9553915585554619,0.9887850015436778,-0.14934597658547438,1,0,0,0,99,4
1702017720,12,8,4,882,25.3,0.0,55,0,0,0,0,1,0,0,0.7086166021367329,-0.7055937295471035,0.9234700129260028,0.3836706077176726,0.5551258381134531,0.8317663757683622,-0.2900289849580881,-0.9570178618417637,-0.9891961033692368,0.14659832563545244,0.653223420570844,-0.757165215007746,0.9373273747756826,0.3484499856451812,0.5707670340667981,0.8211120464483459,-0.29907185888315707,-0.9542305922701142,0.9884914244114903,-0.15127691120902387,1,0,0,0,99,1
1702017780,12,8,4,883,25.3,0.0,55,0,0,0,0,1,0,0,-0.21086946636535486,-0.9775142291316227,0.9943626675241842,-0.10603247348896787,0.7436506147005353,0.6685684432094563,-0.4070820290743278,-0.9133916036425604,-0.9781082771458793,0.20809660780204897,0.6292469277628422,-0.777205445105105,0.9426572667478634,0.33376230681047175,0.5771644883347936,0.8166279161314753,-0.302797030920487,-0.9530550655999567,0.9881940764849677,-0.15320726875713725,1,0,0,0,99,5
1702017840,12,8,4,884,25.3,0.0,55,0,0,0,0,1,0,0,-0.9364831199655037,-0.35071265449036204,0.8218006615020342,-0.5697751071737155,0.8859387978787574,0.4638021630104179,-0.5177826942789717,-0.855512174960245,-0.9632009590319782,0.2687822771684872,0.6046559860083719,-0.7964867472747074,0.9477570224679708,0.31899314469537793,0.5835267154572368,0.8120939430556596,-0.3065175826476683,-0.9518649964820798,0.9878929588984021,-0.1551370418660872,1,0,0,0,99,6
1702017900,12,8,4,885,25.1,0.0,56,0,0,0,0,1,0,0,-0.8010985118825479,0.5985325172950651,0.44803319224413213,-0.894016923020774,0.9731435975797134,0.2301989107046621,-0.6204035337162974,-0.7842827649211291,-0.9445323617857487,0.3284183574945765,0.5794746079447414,-0.8149902936521933,0.9526253969037864,0.3041461049790106,0.5898533271165762,0.8075104039512465,-0.3102334572936593,-0.9506604030754743,0.9875880728004653,-0.15706622317437588,1,0,0,0,99,5
1702017960,12,8,4,886,25.1,0.0,56,0,0,0,0,1,0,0,0.07081237357015184,0.9974896529535338,-0.035428428178979524,-0.9993722161821225,0.999843041727581,-0.01771699491840461,-0.7133431835093137,-0.7008148846455801,-0.9221753858799258,0.38677197116286743,0.553727382760295,-0.8326980158385354,0.9572612015115142,0.2892248123531802,0.5961439371690447,0.8028775785738385,-0.31394459815878467,-0.9494413037607534,0.9872794193542053,-0.15899480532276297,1,0,0,0,99,9
1702018020,12,8,4,887,25.1,0.0,56,0,0,0,0,1,0,0,0.8776186893304462,0.47935940184574444,-0.510215933774248,-0.8600463364975588,0.9643770882019022,-0.2645313436083153,-0.795151351507471,-0.6064110224887427,-0.8962173348269779,0.4436152485607643,0.527439452183488,-0.8495926225435236,0.9616633045259457,0.27423290963747987,0.6023981616682276,0.798195749687218,-0.3176509486156007,-0.9482077171398727,0.986966999737041,-0.16092278095429377,1,0,0,0,99,6
1702018080,12,8,4,888,25.1,0.0,56,0,0,0,0,1,0,0,0.8775464294662774,-0.479491672639878,-0.8600847843788071,-0.510151118473792,0.8689508382163492,-0.49489841458940237,-0.8645514486106083,-0.5025443191453852,-0.8667595742607592,0.49872621790648564,0.500636485932415,-0.8656576164704166,0.9658306312367652,0.2591740568899436,0.608615618888497,0.7934652030460894,-0.3213524521097596,-0.9469596620358465,0.9866508151407586,-0.1628501427143272,1,0,0,0,99,6
1702018140,12,8,4,889,25.1,0.0,56,0,0,0,0,1,0,0,0.07066202936351883,-0.9975003145895389,-0.9993748832619166,-0.035353114505380104,0.7194974338054931,-0.6944950991528378,-0.9204605095148943,-0.39083557978206274,-0.8339171361058791,0.5518896720441221,0.47334465664876685,-0.8808773104252721,0.969762164250924,0.2440519305134954,0.6147959293483101,0.7886862273786374,-0.32504905216087204,-0.94569715749246,0.9863308667715058,-0.164776883250564,1,0,0,0,99,8
1702018260,12,8,4,891,25.1,0.0,56,0,0,0,0,1,0,0,-0.9364302492977055,0.35085379889668755,-0.5697131739319851,0.8218435979238043,0.29845971426324497,-0.9544222330613963,-0.9885398912187096,-0.150959873705902,-0.7586039393866545,0.6515520417795105,0.4174014603595018,-0.9087221912607589,0.9769140676796396,0.21363263882099232,0.6270436034196536,0.7789841586389906,-0.3324273163873641,-0.943128877364857,0.9856796836104661,-0.16862847125432745,1,0,0,0,99,9
1702018320,12,8,4,892,25.1,0.0,56,0,0,0,0,1,0,0,-0.21072213129903983,0.9775460006469211,-0.10595753713889097,0.9943706554014256,0.05305348526993529,-0.9985916721566993,-0.9996478560364893,-0.026536087157875483,-0.7164272772437812,0.6976617779562402,0.38880472093569013,-0.9213201880877897,0.980132692059547,0.19834289993873028,0.6331102194962855,0.7740616577310655,-0.3361088679795094,-0.9418231409694353,0.9853484513027448,-0.17055330402921653,1,0,0,0,99,12
1702018380,12,8,4,893,25.1,0.0,56,0,0,0,0,1,0,0,0.7087229424210651,0.7054869175867313,0.3837402001441005,0.9234410965477796,-0.19565135247707893,-0.9806735176774632,-0.9951566504017001,0.09830178615502556,-0.6714529819149567,0.7410471598201512,0.35982832030000694,-0.9330185313862076,0.9831120310997642,0.18300473848208468,0.63913819378829,0.7690919120892133,-0.3397852909638575,-0.9405030335116451,0.9850134601901755,-0.1724774861950899,1,0,0,0,99,13
1702018440,12,8,4,894,25.1,0.0,56,0,0,0,0,1,0,0,0.9765714113225485,-0.21519358398308666,0.7794849530244592,0.6264209511250854,-0.4321915367489943,-0.9017818336840362,-0.9751363580761503,0.22160569297286092,-0.6238566770609814,0.7815387683835208,0.3305005534159355,-0.9438057979223058,0.9858513574373943,0.1676218990431951,0.6451271583791853,0.7640752250410934,-0.34345652924271697,-0.9391685751347022,0.9846747115506476,-0.17440101041177747,1,0,0,0,99,16
1702018500,12,8,4,895,25.0,0.0,57,0,0,0,0,1,0,0,0.3465646283438878,-0.9380260968549131,0.9843846039163029,0.17603110967253321,-0.6418601445515475,-0.7668217229814676,-0.93989938902562,0.3414515170697975,-0.5738242252337393,0.8189784847814372,0.30085005835013795,-0.9536714541133747,0.9883500023051992,0.15219813712168961,0.6510767477334414,0.759011902779426,-0.3471225267975085,-0.9378197862007993,0.9843322066763841,-0.176323869341619,1,0,0,0,99,16
1702018560,12,8,4,896,25.0,0.0,57,0,0,0,0,1,0,0,-0.6020720756694736,-0.7984417422073145,0.9482725721561587,-0.3174572867274317,-0.8116209973649744,-0.5841843515845697,-0.8899956043668333,0.4559691044442761,-0.5215510020869119,0.8532201077225842,0.27090578830786904,-0.9626058663135666,0.9906073556948704,0.1367372182078336,0.6569865987187891,0.7539022543433046,-0.35078322768961984,-0.9364566872907963,0.9839859468739369,-0.17824605564949209,1,0,0,0,99,16
1702018620,12,8,4,897,25.0,0.0,57,0,0,0,0,1,0,0,-0.9971664899099553,0.07522626802293965,0.6799903425700472,-0.7332210676265855,-0.9309191875846651,-0.3652252266570688,-0.8262037359686377,0.5633714464467166,-0.46724113343822987,0.8841299244021539,0.2406969833606626,-0.9706003102209874,0.9926228665059523,0.12124291686323913,0.662856350628385,0.7487465915993338,-0.3544385760612593,-0.9350792992039054,0.983635933464182,-0.18016756200284023,1,0,0,0,99,14
1702018680,12,8,4,898,25.0,0.0,57,0,0,0,0,1,0,0,-0.47547063199610207,0.8797315943566124,0.2452227616305097,-0.9694667591920345,-0.9923373315541532,-0.1235581660756696,-0.7495192346016444,0.661982565451814,-0.4111066981625245,0.9115872326474889,0.2102531418938979,-0.9776469793968293,0.9943960426803873,0.10571901579936002,0.6686856452028263,0.7435452292225941,-0.35808851613630804,-0.9336876429573742,0.9832821677823141,-0.18208838107170075,1,0,0,0,99,12
1702018740,12,8,4,899,25.0,0.0,57,0,0,0,0,1,0,0,0.4833707322298039,0.8754157499289256,-0.2495839037989774,-0.9683531767720199,-0.9920567465553621,0.12579114282806264,-0.6611387362618898,0.7502636679288364,-0.35336690002825927,0.935484812257483,0.179603991802127,-0.9837389928882262,0.9959264513226431,0.09016930495399704,0.6744741266520173,0.7382984846774362,-0.36173299222117117,-0.9322817397861647,0.982924651177842,-0.18400850552873269,1,0,0,0,99,8
1702018860,12,8,4,901,25.0,0.0,57,0,0,0,0,1,0,0,0.5948600877161377,-0.803829258015873,-0.9496918600303661,-0.31318584098273583,-0.8103042147807007,0.5860094534294068,-0.45496733210780815,0.8905081283821633,-0.23397849432996692,0.9722417724985292,0.11780965049916516,-0.993036195840446,0.9982575308607609,0.05900764424866507,0.6859272394909445,0.7276701327691913,-0.3690053300636785,-0.9294272786961848,0.9821983706706565,-0.1878466413112238,1,0,0,0,99,9
1702018920,12,8,4,902,25.0,0.0,57,0,0,0,0,1,0,0,-0.35499472029806434,-0.9348683054636622,-0.9835823060282404,0.18046009882566544,-0.640132760126497,0.7682643096049905,-0.34039366209949434,0.9402830184590676,-0.17279609593525602,0.9849576179864461,0.08672480041358972,-0.9962323067403621,0.999057632656986,0.04340330206123635,0.6915911718417044,0.7222891741059243,-0.3726330808543947,-0.9279787643329788,0.9818296095384826,-0.18976463799536156,1,0,0,0,99,9
1702018980,12,8,4,903,25.0,0.0,57,0,0,0,0,1,0,0,-0.9784690196122566,-0.20639374423424112,-0.7766574998782414,0.6299231126755704,-0.4301609508802662,0.9027522120370491,-0.2205082628417254,0.9753851065187148,-0.11093893248378867,0.9938272250544142,0.05555526503215395,-0.9984556136990803,0.9996138288606957,0.027788363580100107,0.6972128930319275,0.7168641306342856,-0.3762551457227625,-0.9265160901555584,0.9814571030247726,-0.19168191078508376,1,0,0,0,99,8
1702019040,12,8,4,904,25.0,0.0,57,0,0,0,0,1,0,0,-0.7023434147360162,0.7118382736106231,-0.3795798508807975,0.9251589792059046,-0.19344381715900788,0.9811113543339269,-0.09718190589320902,0.9952666362171313,-0.04864855487508726,0.9988159580766447,0.02433148087720227,-0.9997039456950855,0.9999259836845639,0.012166640968536861,0.7027920599407278,0.7113953334709671,-0.37987146940052824,-0.9250392784825321,0.9810808525505256,-0.19359845236657747,1,0,0,0,99,9
1702019100,12,8,4,905,24.7,0.0,58,0,0,0,0,1,0,0,0.2195134866259111,0.9756094655082719,0.11043218392236956,0.9938836615792292,0.055300716183295164,0.9984697445539422,0.027660942193441066,0.999617362932923,0.01383179429931263,0.9999043361574453,-0.006916062555914125,-0.9999760837533679,0.9999940209204673,-0.0034580519539247237,0.7083283320445133,0.7058831164031604,-0.3834819967070421,-0.923548351848229,0.9807008595510226,-0.19551425542881906,1,0,0,0,99,9
1702019160,12,8,4,906,24.7,0.0,58,0,0,0,0,1,0,0,0.9395507007222859,0.3424098140711822,0.5734065686442813,0.8192709606934638,0.300606918837987,0.9537481220672112,0.1520721505286041,0.9883693950308283,0.07625813061297684,0.9970881092037023,-0.03815685257131214,-0.9992717621357321,0.9998179239580905,-0.019081900642597186,0.7138213714377698,0.7003278158681843,-0.3870866725500994,-0.9220433330023552,0.9803171254758215,-0.19742931266360217,1,0,0,0,99,16
1702019220,12,8,4,907,24.7,0.0,58,0,0,0,0,1,0,0,0.795769333534644,-0.6055998413191904,0.895991027108863,0.4440721555562843,0.5272228392452833,0.8497270607543002,0.27411032381661565,0.9616982532879792,0.1383866805585365,0.990378274521402,-0.06936038306770646,-0.997591668600285,0.9993977357889813,-0.03470109075890063,0.7192708428536849,0.6947297709329504,-0.39068544192678184,-0.9205242449096467,0.9799296517887512,-0.19934361676556553,1,0,0,0,99,16
1702019280,12,8,4,908,24.7,0.0,58,0,0,0,0,1,0,0,-0.07963868902644415,-0.9968237954674584,0.9992056333576834,-0.03985100081893557,0.7210585970706318,0.6928740863898232,0.39187109718004004,0.9200201319508784,0.19997483347801748,0.9798010338713872,-0.1004961843270998,-0.9949374437298526,0.9987335589960549,-0.05031180910157879,0.724676413684611,0.6890893232732681,-0.3942782499242964,-0.9189911107495187,0.9795384399679061,-0.20125716043222083,1,0,0,0,99,16
1702019340,12,8,4,909,24.7,0.0,58,0,0,0,0,1,0,0,-0.8818272681692509,-0.4715725491514069,0.8577798520457935,-0.514017242341438,0.8700624237206885,0.49294155721472804,0.5035168531366512,0.8639854041633829,0.2607820889522679,0.965397691152041,-0.13153385276794535,-0.9913116793299777,0.9978255557285496,-0.06591024453763744,0.7300377540023658,0.6834068171529907,-0.3978650417208135,-0.9174439539157121,0.9791434915056404,-0.2031699363639806,1,0,0,0,99,23
1702019400,12,8,4,910,24.7,0.0,58,0,0,0,0,1,0,0,-0.8732679237120532,0.4872403240862148,0.5063396468349013,-0.8623341359607118,0.9649699829426591,0.2623603095356538,0.6073053970056359,0.7944684731113166,0.32057099594994815,0.9472244911084481,-0.1624430806337284,-0.9867179158980666,0.9966739476624406,-0.08149258893277783,0.7353545365783697,0.677682599403003,-0.40144576258630316,-0.915882798015937,0.9787448079085622,-0.20508193726418603,1,0,0,0,99,25
1702019460,12,8,4,911,24.7,0.0,58,0,0,0,0,1,0,0,-0.06183007747535922,0.99808669038285,0.030929836866284966,-0.999521558142407,0.9998803823814144,0.015466768531161397,0.7016171432728959,0.7125541272532078,0.3791080800687267,0.9253523996978685,-0.19319368558797598,-0.9811606391661531,0.9952790159463207,-0.09705503808109808,0.7406264369036181,0.6719170194000528,-0.4050203578833706,-0.9143076668715112,0.9783423906975286,-0.20699315583913486,1,0,0,0,99,29
1702019520,12,8,4,912,24.7,0.0,58,0,0,0,0,1,0,0,0.8064540568481686,0.591296756454093,-0.45205267588297,-0.8919912433578294,0.9726230624856244,-0.23238842122852268,0.7849803886813105,0.6195206125592099,0.43616475524782494,0.8998668269691937,-0.22375564018679642,-0.9746452757206577,0.9936411011327626,-0.11259379263383548,0.7458531332084875,0.6661104290454266,-0.4085887730680895,-0.9127185845169985,0.9779362414076386,-0.2089035847981091,1,0,0,0,99,29
1702019580,12,8,4,913,24.7,0.0,58,0,0,0,0,1,0,0,0.9332880504589218,-0.3591286884538535,-0.8243569276878352,-0.5660703629170788,0.8848927513877257,-0.46579482451124404,0.8560942776678407,0.5168196859102583,0.49151821639169274,0.8708672935385329,-0.2540991012001687,-0.9671781877034171,0.9917606030951767,-0.12810505902692298,0.7510343064823747,0.6602631827434713,-0.4121509536908345,-0.9111155751998402,0.9775263615882285,-0.21081321685340298,1,0,0,0,99,32
1702019640,12,8,4,914,24.7,0.0,58,0,0,0,0,1,0,0,0.20206131455610385,-0.9793728734041286,-0.9948298531417643,-0.1015557152401366,0.7421440949169293,-0.6702403616464259,0.9138491017795076,0.4060539609174956,0.5449523094191382,0.8384670419633367,-0.2841944387533501,-0.9587666665991619,0.9896379809301888,-0.14358505040713354,0.7561696404931679,0.6543756373799633,-0.41570684539711195,-0.9094986633799863,0.9771127528028652,-0.2127220447203506,1,0,0,0,99,34
1702019700,12,8,4,915,24.4,0.0,59,0,0,0,0,1,0,0,-0.714939662096101,-0.6991861551560592,-0.9217337346425103,0.3878233134069823,0.5532525131407077,-0.8330135993508696,0.9573436163026496,0.28895189967287843,0.5962583753403895,0.8027925945326347,-0.31401226525994597,-0.9494189261155043,0.9872737528455581,-0.1590299875565859,0.7612588218065476,0.6484481523003262,-0.4192563939283895,-0.9078678737295219,0.9766954166293405,-0.21463006111735386,1,0,0,0,99,38
1702019760,12,8,4,916,24.4,0.0,59,0,0,0,0,1,0,0,-0.9746284105303279,0.2238290896803332,-0.6229650513149461,0.7822496691211615,0.3299623697323973,-0.9439940860834779,0.98589910388525,0.16734084067633054,0.645236065065984,0.7639832592002035,-0.34352346411838924,-0.939144094162393,0.9846684960336634,-0.17443609981538652,0.766301539805117,0.6424810892876979,-0.42279954512292356,-0.9062232311322905,0.976274354659665,-0.21653725876591012,1,0,0,0,99,40
1702019820,12,8,4,917,24.4,0.0,59,0,0,0,0,1,0,0,-0.33824829305217113,0.9410569017053605,-0.17167279675976546,0.9851540239235083,0.08615676432089285,-0.9962815927044694,0.9990699656942124,0.04311848382962152,0.6916941217656756,0.7221905855899886,-0.37269921814380785,-0.9279522039388636,0.9818228465305907,-0.1897996260021821,0.7712974867073605,0.636474812540849,-0.4263362449165863,-0.9045647606835149,0.9758495685000621,-0.21844363039064005,1,0,0,0,99,40
1702019880,12,8,4,918,24.4,0.0,59,0,0,0,0,1,0,0,0.6091157451462272,0.7930813382087339,0.32165094574030556,0.9468583152216423,-0.16300565140257817,-0.9866251353025733,0.9966506748361166,-0.08177672253589847,0.7354511277222635,0.6775777731980668,-0.4015110377075164,-0.9158541841357899,0.9787374990608538,-0.20511681533239795,0.7762463575864296,0.630429688651955,-0.4298664393436902,-0.9028924876894134,0.975421059770962,-0.22034916871931534,1,0,0,0,99,43
1702019940,12,8,4,919,24.4,0.0,59,0,0,0,0,1,0,0,0.9964615763383645,-0.0840495501550226,0.7362233187542427,0.6767386681153137,-0.4020331652268792,-0.9156251056287484,0.9786789835356506,-0.20539583049717866,0.7763362127638961,0.6303190341021051,-0.42993078855665534,-0.9028618482642029,0.9754132068677877,-0.22038392833393852,0.7811478503887528,0.6243460865842203,-0.43339007453781153,-0.9012064376668146,0.9749888301069952,-0.22225386648288642,1,0,0,0,99,43
1702020060,12,8,4,921,24.4,0.0,59,0,0,0,0,1,0,0,-0.4911003724158074,-0.8711029928849144,0.967239110273389,-0.2538670982178328,-0.7917913545302931,-0.6107916591531711,0.8974384823354666,-0.4411396269022025,0.848863836814304,0.5286115649027164,-0.4854834884407932,-0.8742458363934931,0.9680510927615064,-0.2507530294996523,0.7908075080257054,0.6120649354849319,-0.4404174522626619,-0.8977931096541485,0.9741132145839488,-0.2260607112545781,1,0,0,0,99,48
1702020120,12,8,4,922,24.4,0.0,59,0,0,0,0,1,0,0,-0.9983505569209379,-0.05741224168810282,0.7271218060573149,-0.6865084698355503,-0.9182887535616316,-0.3959113096164656,0.8354374032853884,-0.5495856122495996,0.880223157003268,0.47456000028995304,-0.5125621912070998,-0.8586501034443405,0.9640150682028628,-0.26584760348332986,0.7955650832846204,0.605868136031542,-0.4439210875642528,-0.8960658837472673,0.9736698320650762,-0.22796284374074297,1,0,0,0,99,54
1702020180,12,8,4,923,24.4,0.0,59,0,0,0,0,1,0,0,-0.5877218435224411,0.8090630597466326,0.30897972445887717,-0.9510686252176108,-0.9876914055558069,-0.156415112413074,0.7603996029763147,-0.649455497931508,0.9081452246010844,0.4186552890317355,-0.5391403856920127,-0.8422159132407009,0.9597436931912344,-0.2808772745874069,0.8002741013513455,0.5996343575098884,-0.4474179491762214,-0.8943249849774656,0.9732227352917383,-0.2298641066179476,1,0,0,0,99,60
1702020240,12,8,4,924,24.4,0.0,59,0,0,0,0,1,0,0,0.3632556223924401,0.931689515235779,-0.18481136973170906,-0.9827740114685011,-0.9956841897581032,0.09280621889587708,0.6734960211850264,-0.7391908477842096,0.9325210045313215,0.36111573782915524,-0.5651921187396569,-0.8249593134904155,0.9552380105215703,-0.295838373533239,0.8049342748116889,0.5933639803976818,-0.4509079837407618,-0.8925704399087172,0.9727719259694734,-0.23176449263345197,1,0,0,0,99,61
1702020300,12,8,4,925,24.4,0.0,61,0,0,0,0,1,0,0,0.9802575443188444,0.19772492712348877,-0.6333541950901215,-0.7738620442700006,-0.9417701535592431,0.33625730901349893,0.5760827592397212,-0.8173913716860176,0.9532553098949981,0.30216603739830056,-0.5906919512748161,-0.8068971549702914,0.9504991201916736,-0.31072724778309085,0.8095453192326822,0.5870573874064227,-0.45439113800424047,-0.8908022753132209,0.9723174058179821,-0.2336639945378611,1,0,0,0,99,58
1702020360,12,8,4,926,24.4,0.0,61,0,0,0,0,1,0,0,0.6960152006877834,-0.7180270471309174,-0.9268298244906983,-0.3754816592518752,-0.8293014106016808,0.5588015482924706,0.46967991851234675,-0.8828367766162867,0.9702671736733874,0.24203638505781863,-0.6156149831437591,-0.7880470750716034,0.9455281791336532,-0.3255402624318508,0.8141069531799402,0.5807149634580416,-0.4578673588180088,-0.8890205181709929,0.9718591765711205,-0.23556260508515253,1,0,0,0,99,61
1702020420,12,8,4,927,24.4,0.0,61,0,0,0,0,1,0,0,-0.22814030861707352,-0.9736282656045409,-0.9933851885357816,0.11482973133178336,-0.6652707225890137,0.7466022138099322,0.35594787974510245,-0.9345058089198622,0.9834901649024921,0.18096158581331254,-0.6399368774288162,-0.7684274805774819,0.9403264009314749,-0.34027380109444083,0.8186188982348382,0.5743370956614064,-0.4613365931392141,-0.8872251956694553,0.9713972399768941,-0.23746031703270412,1,0,0,0,99,63
1702020480,12,8,4,928,24.4,0.0,61,0,0,0,0,1,0,0,-0.9425446703023311,-0.33408014679814474,-0.816725212907666,0.5770267988585345,-0.4598767232321427,0.8879827697817494,0.23666139336428604,-0.9715921906288022,0.9928726480845371,0.11918013544881928,-0.6636338842129675,-0.7480575296890004,0.934895055524683,-0.354924266788705,0.8230808790115055,0.5679241732886948,-0.46479878803160896,-0.8854163352030204,0.9709315977974505,-0.2393571231413216,1,0,0,0,99,65
1702020540,12,8,4,929,24.4,0.0,61,0,0,0,0,1,0,0,-0.7903778088790765,0.6126197182849324,-0.4401024208721576,0.8979475815115636,-0.22588981660140897,0.9741528580031893,0.11368188509347199,-0.9935172011604,0.9983779848234836,0.056933289205876925,-0.6866828637712329,-0.7269571133175178,0.9292354688983622,-0.3694880828135612,0.8274926231736333,0.5614765877516349,-0.46825389066635903,-0.8835939643726736,0.9704622518090731,-0.24125301617526615,1,0,0,0,99,71
1702020660,12,8,4,931,24.4,0.0,61,0,0,0,0,1,0,0,0.8859667583012527,0.4637487500631885,0.5178084829050271,0.855496566347051,0.2687967946729918,0.9631969077886025,-0.13565229856400807,-0.9907565058551476,0.9976864502074656,-0.06798343233778488,-0.7307473682257722,-0.6826479940870753,0.9172371541992494,-0.39834156569012774,0.8361643276563907,0.5484790033856685,-0.4751426083894874,-0.8799088030545178,0.969512455581288,-0.24504203409362463,1,0,0,0,99,74
1702020720,12,8,4,932,24.4,0.0,61,0,0,0,0,1,0,0,0.8689209998517899,-0.4949508016122064,0.8645665970913422,0.5025182575726944,0.4987392818032813,0.8667520572726362,-0.2581161974066756,-0.9661138797451976,0.9914922792803779,-0.13016551051411895,-0.7517198648812332,-0.6594825583311059,0.9109013553429114,-0.41262418837781073,0.8404237587008743,0.5419297978623197,-0.47857611836450864,-0.8780460687977367,0.9690320089650643,-0.2469351445240868,1,0,0,0,99,75
1702020780,12,8,4,933,24.4,0.0,61,0,0,0,0,1,0,0,0.05299328137309047,-0.998594868867907,0.9996486554954963,0.02650595340761163,0.6976725759954981,0.7164167618808244,-0.37655227931800894,-0.9263953696669754,0.9814263522208315,-0.19183929515746312,-0.7719583198455287,-0.6356731490485251,0.9043431729848258,-0.4268060747877629,0.8446318946108307,0.5353475157373185,-0.482002325856775,-0.876169936638241,0.9685478657862607,-0.24882731297202784,1,0,0,0,99,77
1702020840,12,8,4,934,24.4,0.0,61,0,0,0,0,1,0,0,-0.8116562156089902,-0.5841354189426392,0.8899818590686664,-0.45599593257909704,0.8532279685345228,0.5215381421434596,-0.4891123888517548,-0.8722207696860524,0.9675279762585814,-0.25276395145861635,-0.7914429706108382,-0.6112430157234452,0.8975642082111578,-0.44088376261581397,0.8487884785433335,0.5287325587592399,-0.4854211785865756,-0.8742804352034992,0.9680600278917365,-0.2507185322194002,1,0,0,0,99,76
1702020900,12,8,4,935,24.2,0.0,61,0,0,0,0,1,0,0,-0.9300727311045811,0.3673754412799875,0.5624164643393774,-0.8268541108563189,0.9557337785325783,0.2942328067565555,-0.5940400631453423,-0.8044354563159668,0.9498514242543322,-0.3127015699385224,-0.8101547907463494,-0.5862160139664719,0.8905661160089328,-0.4548538149963832,0.8528932568019234,0.5220853306709626,-0.488832624386424,-0.8723775933249783,0.9675684971424448,-0.2526087950517773,1,0,0,0,99,76
1702020960,12,8,4,936,24.2,0.0,61,0,0,0,0,1,0,0,-0.1933846668727768,0.9811230150284443,0.09715190417988626,-0.9952695652506521,0.9988166912028082,0.048633500538969116,-0.689697940935389,-0.7240971967004738,0.9284657227653786,-0.37141809547969407,-0.8280755084772445,-0.5606165822201061,0.8833506048619953,-0.4687128213415406,0.8569459788520921,0.5154062371850283,-0.49223661120185463,-0.8704614400377044,0.967073275413426,-0.254498094258381,1,0,0,0,99,77
1702021020,12,8,4,937,24.2,0.0,61,0,0,0,0,1,0,0,0.7211003682427743,0.6928306134403526,-0.3918988304139523,-0.9200083188320507,0.9797980197040742,-0.1999896011895985,-0.7745933130325869,-0.6324596425110466,0.9034543824983767,-0.42868424130643845,-0.8451876245267788,-0.5344697178950186,0.875919436333907,-0.48245739817365296,0.8609463973365743,0.5086956859588782,-0.49563308709221676,-0.8685320045798192,0.9665743645938008,-0.256386422632109,1,0,0,0,99,76
1702021080,12,8,4,938,24.2,0.0,61,0,0,0,0,1,0,0,0.9726090503206481,-0.23244705899272397,-0.7849990633729201,-0.6194969495515196,0.8998602529147288,-0.43617831815008895,-0.8474014155493513,-0.5309527671318378,0.8749150722018217,-0.48427638434480896,-0.8614744292040272,-0.5078009529605035,0.8682744246378858,-0.4960841899514116,0.8648942680904446,0.5019540865699712,-0.49902200023146714,-0.8665893163921337,0.9660717665867619,-0.25827377296956255,1,0,0,0,99,77
1702021140,12,8,4,939,24.2,0.0,61,0,0,0,0,1,0,0,0.3299054569501611,-0.9440139773724251,-0.9859041478187485,-0.1673111213093364,0.7639735340014523,-0.645247579883359,-0.9069861023972084,-0.4211605514032867,0.8429592372716745,-0.5379774384659236,-0.8769200187206139,-0.4806363290129432,0.8604174361938928,-0.5095898698890396,0.8687893501560202,0.495181850490787,-0.5024032989089606,-0.8646334051176796,0.965565483309568,-0.2601601380710738,1,0,0,0,99,70
1702021200,12,8,4,940,24.2,0.0,61,0,0,0,0,1,0,0,-0.6161116921033395,-0.7876587984994262,-0.9454255122693237,0.3258383046087229,0.5805866409896446,-0.8141984723053474,-0.9524175744665119,-0.3047962661308802,0.8077116645594764,-0.5895777022026527,-0.8915093107204918,-0.4530023718466313,0.8523503891729713,-0.5229711407684791,0.8726314057975678,0.4883793910637103,-0.5057769315302397,-0.8626643006012565,0.9650555166935363,-0.2620455107407332,1,0,0,0,99,67
1702021260,12,8,4,941,24.2,0.0,61,0,0,0,0,1,0,0,-0.9956785927816724,0.09286624723928816,-0.6734737384489138,0.7392111495504137,0.3611016826667984,-0.9325264472256038,-0.9829868888305693,-0.18367573706725146,0.7693099950823632,-0.6388756776293603,-0.9052280590076073,-0.42492606555178497,0.8440752530289538,-0.5362247357443589,0.8764202005158139,0.4815471234758033,-0.5091428466178214,-0.8606820328889767,0.964541868684034,-0.2639298837864171,1,0,0,0,99,69
1702021380,12,8,4,943,24.2,0.0,61,0,0,0,0,1,0,0,0.49879153625744566,0.8667219873511559,0.25814532016757935,0.96610609856039,-0.13018045444614568,-0.9914903172901867,-0.99787031153607,0.06522914498065015,0.6836559277221802,-0.7298044755208926,-0.9300012030962359,-0.36755647489814913,0.8269088447036194,-0.5623359872451037,0.8838370854532819,0.4677948336369782,-0.5158513188715436,-0.8566781290651052,0.9635035363362984,-0.2676956022564573,1,0,0,0,99,69
1702021440,12,8,4,944,24.2,0.0,61,0,0,0,0,1,0,0,0.998819621438444,0.048573283084049755,0.689719768063795,0.7240764058730438,-0.37143208943692263,-0.9284601245807608,-0.9819521690440836,0.1891294205289584,0.6367380071391379,-0.7710802229758452,-0.9410314083429535,-0.3383192109710552,0.8180217634546941,-0.5751872690824027,0.8874647229840752,0.46087565075494996,-0.5191937736746512,-0.8546565540481598,0.9629788559589872,-0.26957693331574223,1,0,0,0,99,62
1702021500,12,8,4,945,23.9,0.0,62,0,0,0,0,1,0,0,0.5805375529616218,-0.81423347364336,0.9524267619201384,0.3047675559804882,-0.5895898761086014,-0.8077027782484372,-0.950710991376569,0.31007839472588444,0.5873336382645368,-0.8093449186613468,-0.951142712388984,-0.30875158407581743,0.8089349739243005,-0.5878981271972987,0.8910381942423397,0.45392833839864044,-0.5225283062195576,-0.8526219380237177,0.9624505021100351,-0.27145723602096367,1,0,0,0,99,57
1702021560,12,8,4,946,23.9,0.0,62,0,0,0,0,1,0,0,-0.371488064422021,-0.9284377297331149,0.9819464674138593,-0.18915902075619492,-0.7710898199160053,-0.6367263852094576,-0.9046342866621455,0.42618869928151687,0.535635744101569,-0.8444491397596178,-0.9603252417175178,-0.27888246649832815,0.7996506945217794,-0.6004654584160823,0.8945572811218079,0.44695332059618803,-0.5258548656253986,-0.8505743120375162,0.9619184768049516,-0.27333650319933833,1,0,0,0,99,56
1702021620,12,8,4,947,23.9,0.0,62,0,0,0,0,1,0,0,-0.9819692685810417,-0.18904061881620535,0.7710514311043737,-0.6367728720602797,-0.9046471334338819,-0.4261614294722836,-0.8444410664671288,0.5356484717273617,0.4818462038205958,-0.8762558050385063,-0.9685700297444957,-0.2487410249250148,0.7901711918707917,-0.6128861946050772,0.8980217688355548,0.43995102306672884,-0.5291734011329704,-0.8485137073338087,0.9613827820732512,-0.2752147276820331,1,0,0,0,99,56
1702021680,12,8,4,948,23.9,0.0,62,0,0,0,0,1,0,0,-0.689632455789954,0.7241595652348433,0.3713761131017696,-0.9284825160537067,-0.9819578697820255,-0.18909982012986337,-0.7710706258605184,0.6367496289241701,0.42617506442530745,-0.9046407101507675,-0.9758690255743256,-0.21835669196206517,0.7804987802559544,-0.6251573034196812,0.9014314459291071,0.43292187319441294,-0.5324838621055041,-0.8464401553548877,0.9608434199584467,-0.27709190230419245,1,0,0,0,99,58
1702021740,12,8,4,949,23.9,0.0,62,0,0,0,0,1,0,0,0.23674925645140169,0.971570784641916,-0.11922502958289408,-0.9928672581573823,-0.9982152218227747,0.059719100138137124,-0.6856678860286016,0.7279145211280432,0.36883972052366915,-0.9294930126493807,-0.9822151018614458,-0.18775913739498723,0.7706358210578416,-0.6372757890446697,0.9047861042933489,0.42586630000231895,-0.5357861980294384,-0.8443536877406053,0.9603003925180404,-0.2789680199049658,1,0,0,0,99,55
1702021800,12,8,4,950,23.9,0.0,62,0,0,0,0,1,0,0,0.9454647941364738,0.32572430527744684,-0.580635726907393,-0.8141634680079446,-0.9524083861474406,0.30482497600430924,-0.5895655281627695,0.8077205506870273,0.31006406540662906,-0.9507156648249326,-0.9876020617700564,-0.15697823921656684,0.7605847221764866,-0.6492386929255808,0.9080855391772245,0.41878473412626877,-0.5390803585151899,-0.8422543363278899,0.9597537018235173,-0.28084307332753466,1,0,0,0,99,51
1702021860,12,8,4,951,23.9,0.0,62,0,0,0,0,1,0,0,0.7849243603267638,-0.6195915982045113,-0.8998865479060434,-0.43612406594654274,-0.8473854099365126,0.5309783112583117,-0.4842631974152528,0.8749223712016717,0.2500776167496086,-0.968225792674847,-0.9920246450252249,-0.126044054451515,0.7503479374435286,-0.6610430944910041,0.9113295492002341,0.4116776077885437,-0.5423662932979225,-0.8401421331502615,0.959203349960336,-0.2827170554191403,1,0,0,0,99,44
1702021920,12,8,4,952,23.9,0.0,62,0,0,0,0,1,0,0,-0.09727191050322355,-0.9952578436902936,-0.9988137573367454,0.048693717817118926,-0.6896761131802671,0.7241179868699296,-0.3714041014380902,0.9284713207390763,0.18911462035089152,-0.9819550195245901,-0.9954785330494551,-0.09498678980629327,0.7399279660231438,-0.6726861118655962,0.9145179363647266,0.40454535477150383,-0.5456439522383145,-0.8380171104373418,0.9586493390279216,-0.2845899590311104,1,0,0,0,99,44
1702021980,12,8,4,953,23.9,0.0,62,0,0,0,0,1,0,0,-0.8900368354089458,-0.4558886175539251,-0.8531965241238167,0.521589581206371,-0.48908609609844206,0.8722355132664489,-0.2527493686773037,0.9675317858516197,0.12741313540679455,-0.9918497330371219,-0.9979603531797047,-0.0638367721727774,0.7293273518019112,-0.6841649025736495,0.9176505060679827,0.3973884103911125,-0.548913285323323,-0.8358793006143628,0.9580916711396574,-0.28646177701888714,1,0,0,0,99,40
1702022040,12,8,4,954,23.9,0.0,62,0,0,0,0,1,0,0,-0.8645059984548472,0.5026225011234452,-0.49868702553633515,0.8667821240437084,-0.25808707441122625,0.9661216600521149,-0.13015056655252244,0.9914942410453312,0.06521410489560044,-0.9978712945679246,-0.9994676819607337,-0.03262441901456225,0.7185486827677587,-0.6954766642330416,0.9207270671140937,0.39020721147036636,-0.5521742426669474,-0.8337287363016721,0.9575303484228769,-0.28833250224205376,1,0,0,0,99,38
1702022100,12,8,4,955,24.0,0.0,62,0,0,0,0,1,0,0,-0.044152333395038934,0.9990248102303433,-0.022081550779516786,0.9997561728317418,-0.011041448461551128,0.9999390413499569,-0.005520808366672965,0.9999847602213638,0.002760414700383762,-0.999996190048083,-0.9999990475115672,-0.001380208664824669,0.7075945903781432,-0.7066186352393968,0.9237474317256306,0.3830021963126342,-0.5554267745109907,-0.8315654503142355,0.9569653730188558,-0.2902021275643621,1,0,0,0,99,38
1702022160,12,8,4,956,24.0,0.0,62,0,0,0,0,1,0,0,0.8167947833692505,0.5769283160504252,0.45993025772913376,0.8879550427950801,0.2366906812750767,0.9715850561826999,0.11919510018725629,0.9928708516677031,-0.05970405485516448,-0.9982161218062207,-0.9995539309627621,0.029865349435251595,0.696467748917618,-0.7175880954402921,0.9267114155551047,0.3757738046749054,-0.5586708312258188,-0.8293894756611352,0.9563967470828033,-0.29207064585375986,1,0,0,0,99,30
1702022220,12,8,4,957,24.0,0.0,62,0,0,0,0,1,0,0,0.9267845431459862,-0.37559341126500806,0.829335098517182,0.5587515497674221,0.469706530842705,0.8828226180177483,0.2420510090685967,0.9702635255480204,-0.12193538135418193,-0.9925380409707278,-0.9981327669630748,0.06108174452842746,0.6851708748449442,-0.7283823667993438,0.9296188376962204,0.3685224777409488,-0.5619063633111175,-0.8272008455450673,0.9558244727838546,-0.29393804998241774,1,0,0,0,99,26
1702022280,12,8,4,958,24.0,0.0,62,0,0,0,0,1,0,0,0.18469286804020318,-0.982796288401154,0.9956897831154927,0.0927461902151406,0.6735183033091452,0.7391705453463161,0.36112979290947733,0.9325155616251978,-0.18369055279845262,-0.9829841203257552,-0.9957369432550334,0.09223849433464518,0.6737067261299069,-0.7389988140500109,0.9324695206949155,0.36124865809438594,-0.565133321396648,-0.8249995933618349,0.9552485523050623,-0.2958043328267565,1,0,0,0,99,18
1702022340,12,8,4,959,24.0,0.0,62,0,0,0,0,1,0,0,-0.7272045781869426,-0.6864207903785774,0.9182648829119453,-0.39596667133827224,0.8354539698087119,0.5495604282796059,0.4745732671149915,0.8802160042511173,-0.24472841656505961,-0.9695916677269657,-0.9923687993198309,0.12330517481645753,0.6620781015799958,-0.7494348453389585,0.9352632905601926,0.35395278969167726,-0.5683516562430001,-0.8227857526998378,0.954668987843388,-0.2976694872674744,1,0,0,0,99,16
1702022460,12,8,4,961,24.0,0.0,62,0,0,0,0,1,0,0,-0.3215367736757958,0.9468970921774763,0.16294616875294074,-0.9866349609094227,0.996653139489718,0.08174667910862572,0.6775888579704414,0.7354409150668141,-0.3637025466869774,-0.9315151407966523,-0.9827296527521321,0.18504710103558453,0.6383388202845004,-0.7697555134702136,0.940679412305333,0.33929668914519806,-0.5747622599191782,-0.8183204412530577,0.9534989358287344,-0.30139638248239004,1,0,0,0,99,14
1702022520,12,8,4,962,24.0,0.0,62,0,0,0,0,1,0,0,0.6230593684278799,0.7821745479202525,-0.33001928131531005,-0.9439741913633689,0.9858940590558828,-0.16737055989126504,0.7639929842254002,0.6452245501020304,-0.421174221610232,-0.9069797544879462,-0.9764680625826803,0.21566205682972353,0.6262339591439754,-0.779635189312836,0.9433014336130409,0.3319373515342646,-0.5779544309310792,-0.8160690386034335,0.9529084527391478,-0.30325810903961536,1,0,0,0,99,14
1702022580,12,8,4,963,24.0,0.0,62,0,0,0,0,1,0,0,0.9948176005844565,-0.10167566851211195,-0.7421845014927595,-0.6701956175206938,0.9138368611302276,-0.40608150812324995,0.8384752554855898,0.5449396718338416,-0.47700122021131053,-0.8789026316475113,-0.9692529679210456,0.24606642228521222,0.6139762119637812,-0.789324528405526,0.9458658806631959,0.3245577541782617,-0.5811377830694449,-0.8138051837443228,0.9523143345934478,-0.3051186787593291,1,0,0,0,99,10
1702022640,12,8,4,964,24.0,0.0,62,0,0,0,0,1,0,0,0.4519451186001038,-0.8920457442158098,-0.9726370711153801,-0.23232978261965265,0.7849617132764033,-0.6195442750039529,0.8998734008192355,0.4361511922464772,-0.5309655392553846,-0.8473934128391833,-0.9610914141847234,0.2762305080551537,0.6015685712970908,-0.7988211652351087,0.9483725969351678,0.3171583474897762,-0.5843122677602378,-0.8115289112193651,0.9517165836580145,-0.3069780845440232,1,0,0,0,99,9
1702022700,12,8,4,965,23.7,0.0,63,0,0,0,0,1,0,0,-0.5064436211734846,-0.8622730765672137,-0.9649541638252083,0.26241848585111743,0.6072814479913258,-0.7944867795788415,0.9472293227035472,0.320556719178649,-0.5828564492314343,-0.8125751408881055,-0.9519913709924333,0.3061248594216864,0.5890140662914229,-0.808122781333903,0.9508214294319157,0.3097395830904544,-0.5874778365647276,-0.8092402557616787,0.951115202213086,-0.30883631930062994,1,0,0,0,99,10
1702022760,12,8,4,966,23.7,0.0,63,0,0,0,0,1,0,0,-0.9992104312245924,-0.03973051889875125,-0.7210168232776373,0.692917556820885,0.39184336359004157,-0.9200319442337003,0.9798040478161182,0.1999600657210081,-0.6324713172464788,-0.7745837804011287,-0.9419617243819222,0.33572028505801615,0.5763157619491175,-0.8172271058457423,0.9532122286893256,0.30230191378343746,-0.5906344411802289,-0.8069392522933302,0.9505101925527496,-0.31069337594054836,1,0,0,0,99,13
1702022820,12,8,4,967,23.7,0.0,63,0,0,0,0,1,0,0,-0.5733077789028065,0.8193400946185477,-0.3005494180508858,0.9537662435362628,0.15204235670321797,-0.9883739786984133,0.9970892584664658,0.07624310231616616,-0.6796163983026873,-0.733567686827932,-0.9310122681328995,0.36498788553325157,0.5634767583790605,-0.8261319160803714,0.9555448487853334,0.29484579352572476,-0.593782033440839,-0.8046259359248012,0.9499015569849334,-0.31254924737967194,1,0,0,0,99,14
1702022880,12,8,4,968,23.7,0.0,63,0,0,0,0,1,0,0,0.3796914013979365,0.9251132037239935,0.19350296674212325,0.9810996900733364,-0.09721190751822432,-0.9952637062792294,0.9988152247235795,-0.04866360920015389,-0.7241075918674496,-0.6896870271361664,-0.9191536942035773,0.3938990815322077,0.5505001900398365,-0.8348350380560844,0.9578191473488313,0.28737167740046654,-0.5969205653181726,-0.8023003419544537,0.949289297831397,-0.3144039265384152,1,0,0,0,99,9
1702022940,12,8,4,969,23.7,0.0,63,0,0,0,0,1,0,0,0.9836040582900275,0.18034149970372382,0.640179076624766,0.7682257154325556,-0.3404220061684059,-0.9402727570850268,0.9849550134612816,-0.17281094137087097,-0.7657711607820156,-0.643113154362873,-0.906397582290154,0.42242564176262254,0.5373892249744953,-0.8433343470304713,0.9600349855683571,0.27988002158918807,-0.6000499889220947,-0.7999625058679901,0.9486734174277232,-0.3162574063417408,1,0,0,0,99,11
1702023000,12,8,4,970,23.7,0.0,63,0,0,0,0,1,0,0,0.6831956801127874,-0.7302353474567127,0.9301170215238276,0.36726329284539677,-0.5624663132822282,-0.8268202019923669,0.9557249086406524,-0.29426161659961114,-0.8044444097013824,-0.5940279384845417,-0.8927563885194386,0.4505397105225345,0.52414706403712,-0.851627768019143,0.9621922282005667,0.2723712833439467,-0.6031702565014514,-0.7976124633379128,0.9480539181233082,-0.31810967971918674,1,0,0,0,99,11
1702023060,12,8,4,971,23.7,0.0,63,0,0,0,0,1,0,0,-0.24533965564184546,-0.9694371838182919,0.992329880588681,-0.12361799258544061,-0.7495391892974779,-0.6619599713783906,0.9115810362711564,-0.41112043771965984,-0.8399763204161352,-0.5426230562187438,-0.8782434332856534,0.47821383490090297,0.5107769401113842,-0.8597132763023096,0.9642907435784888,0.26484592095942344,-0.6062813204447983,-0.7952502502229796,0.9474308022813539,-0.3199607396048931,1,0,0,0,99,12
1702023120,12,8,4,972,23.7,0.0,63,0,0,0,0,1,0,0,-0.9483108434411563,-0.3173429441659648,0.8115857761709371,-0.584233282103149,-0.8900093488562771,-0.4559422758951242,0.8532122467168191,-0.5215638619118831,-0.8722281415753229,-0.4890992425306529,-0.8628728882432953,0.5054209915849098,0.4972821173212898,-0.8675888979190864,0.9663304036195608,0.257304393744951,-0.6093831332811276,-0.7928759025676563,0.9468040722788575,-0.3218105789376289,1,0,0,0,99,13
1702023180,12,8,4,973,23.7,0.0,63,0,0,0,0,1,0,0,-0.7794094151401889,0.6265149348505816,0.43213716870307417,-0.901807888313964,-0.9751430377934214,-0.22157629801722484,0.7815293654166889,-0.6238684564805209,-0.9010739305075142,-0.4336655067673005,-0.846659762468756,0.5321346132477662,0.48366589023427825,-0.8752527101494078,0.9683110838334466,0.24974716199648023,-0.6124756476805914,-0.7904894566015667,0.9461737305066038,-0.32365919066081944,1,0,0,0,99,17
1702023240,12,8,4,974,23.7,0.0,63,0,0,0,0,1,0,0,0.10607743500999182,0.9943578720871581,-0.053113688973945104,-0.9985884718158823,-0.9996470556691202,0.026566220884026468,0.6976509797584941,-0.7164377924439869,-0.9264010450242344,-0.37653831648054964,-0.8296198878042129,0.5583286144912557,0.4699315830569086,-0.8827028419834321,0.9702326633296345,0.24217468696848557,-0.6155588164552248,-0.7880909487389401,0.9455397793691549,-0.32550656772257286,1,0,0,0,99,15
1702023300,12,8,4,975,23.8,0.0,62,0,0,0,0,1,0,0,0.8940371806131415,0.44799276744307476,-0.5253604631854805,-0.8508797704267844,-0.9619978613351446,0.27305698084210883,0.6028859838965785,-0.7978273562751872,-0.948110583285301,-0.31794075212593687,-0.8117699033981048,0.5839774173176833,0.4560825488233006,-0.8899374745783221,0.9720950248248167,0.23458743084581274,-0.618632592559666,-0.7856804155780558,0.9449022212848417,-0.32735270307570724,1,0,0,0,99,18
1702023360,12,8,4,976,23.8,0.0,62,0,0,0,0,1,0,0,0.86002326542427,-0.510254821563673,-0.8689806734225085,-0.49484602576777714,-0.8645362993442719,0.5025703802614231,0.4987131538963941,-0.8667670910519801,-0.9661177700083929,-0.25810163593826746,-0.7931272394572851,0.6090559761063561,0.4421221685765394,-0.8969548417022889,0.9738980546500462,0.2269858567154693,-0.621696929091873,-0.7832578939006837,0.9442610586857545,-0.3291975896777772,1,0,0,0,99,21
1702023420,12,8,4,977,23.8,0.0,62,0,0,0,0,1,0,0,0.03530792620481886,-0.999376480785452,-0.9998441080452123,-0.017656715642326043,-0.7133220575736903,0.7008363875961614,0.3867580719285886,-0.9221812152706651,-0.980352287514714,-0.1972546383856853,-0.773710100226721,0.6335398020702072,0.42805385054324224,-0.9037532301657923,0.9756416427576757,0.21937042853836028,-0.6247517792938407,-0.7808234206715242,0.9436162940177337,-0.3310412204911012,1,0,0,0,99,21
1702023480,12,8,4,978,23.8,0.0,62,0,0,0,0,1,0,0,-0.8218693575364985,-0.5696760124338598,-0.8859108342361154,0.46385557427185253,-0.5177569051824165,0.8555277827960506,0.2687677596029232,-0.9632050100565431,-0.9907585503180235,-0.1356373656914954,-0.7535374462133568,0.65740498716868,0.413881029301489,-0.9103309802397916,0.977325682728074,0.21174161112097017,-0.6277970965523135,-0.7783770330376437,0.9429679297403607,-0.332883588482788,1,0,0,0,99,19
1702023540,12,8,4,979,23.8,0.0,62,0,0,0,0,1,0,0,-0.9234237442034923,0.3837819545538891,-0.5550756909855227,0.8317998420755708,-0.2900001361417173,0.9570266041431583,0.14658341628035845,-0.989198312812744,-0.9972959221847706,-0.07349043198694676,-0.7326289756715014,0.6806282274535245,0.399607164942319,-0.9166864860609445,0.9789500717761209,0.2040998700869938,-0.6308328343994969,-0.7759187683279074,0.942315968326948,-0.33472468662476373,1,0,0,0,99,20
1702023660,12,8,4,981,23.8,0.0,62,0,0,0,0,1,0,0,0.733251813680783,0.6799571881624918,0.40002675650355446,0.9165034610306968,0.20432393272607985,0.9789033305262315,-0.10270508622694526,-0.9947118503682942,-0.9986770875433896,0.051420568023436815,-0.68868695064469,0.7250588141742147,0.3707702697262722,-0.9287246131588779,0.9820195041746569,0.1887794835795486,-0.6368753867203738,-0.7709667579019048,0.9410012640538548,-0.3384030452715336,1,0,0,0,99,24
1702023720,12,8,4,982,23.8,0.0,62,0,0,0,0,1,0,0,0.9683418904640227,-0.24962768911433375,0.7904516712343437,0.6125244121199033,0.4401565561706975,0.8979210466738997,-0.22591918170675576,-0.9741460482581397,-0.9935154876140935,0.11369685954735136,-0.6656963048014645,0.7462227748961269,0.3562142789837832,-0.9344042954995784,0.9834643601828127,0.18110177318350804,-0.6398821089921534,-0.7684730877472249,0.9403385262093713,-0.34024029174450743,1,0,0,0,99,28
1702023780,12,8,4,983,23.8,0.0,62,0,0,0,0,1,0,0,0.31314289889206726,-0.9497060202365112,0.9873464488811694,0.1585780245864616,0.648622376816256,0.7611103811492987,-0.3456078839166587,-0.938379022876497,-0.9844742309670926,0.17552916726786882,-0.6420556178136483,0.766658061741957,0.3415713236339103,-0.9398558564327716,0.9848491905953854,0.17341300926866535,-0.6428790674502222,-0.7659676916387091,0.9396722012592235,-0.3420762403041834,1,0,0,0,99,30
1702023840,12,8,4,984,23.8,0.0,62,0,0,0,0,1,0,0,-0.6299582297887875,-0.7766290161469486,0.9425043809306535,-0.3341937939677003,0.8167599996228085,0.5769775585030581,-0.45990349068959124,-0.8879689066918555,-0.9715886235161092,0.23667603734656428,-0.617787974410896,0.7863447200008926,0.3268449785441926,-0.9450779650380419,0.9861739108894643,0.16571366111754054,-0.6458662163646817,-0.7634506078056198,0.9390022917452384,-0.3439108839469756,1,0,0,0,99,33
1702023900,12,8,4,985,23.5,0.0,64,0,0,0,0,1,0,0,-0.9938786672030538,0.11047712377990915,0.6669043695388758,-0.7451433163425373,0.9341154415655855,0.3569710658144878,-0.5670224573090171,-0.8237023327071764,-0.9549089832824844,0.2968986925643355,-0.5929170715351618,0.8052635259852315,0.3120388389405784,-0.9500693464124689,0.9874384402109503,0.15800419865866083,-0.6488435101553144,-0.7609218746555592,0.9383288002229173,-0.3457442156742762,1,0,0,0,99,32
1702023960,12,8,4,986,23.5,0.0,64,0,0,0,0,1,0,0,-0.4440316414971394,0.8960111055948782,0.22802290938096753,-0.9736557670950443,0.9933921096664309,0.11476984121483252,-0.665293228127706,-0.7465821593149787,-0.9345004439043832,0.3559619647413339,-0.567467195201038,0.8233960058019877,0.29715651952970196,-0.9548287819818765,0.9886427013794914,0.15028509243787871,-0.6518109033922803,-0.7583815307738838,0.9376517292614257,-0.34757622849248204,1,0,0,0,99,35
1702024020,12,8,4,987,23.5,0.0,64,0,0,0,0,1,0,0,0.5140560276444147,0.8577566090928386,-0.26668651157038425,-0.9637833286306727,0.9909044678047104,-0.13456721623286869,-0.7531823206345422,-0.657811821027538,-0.9104427002913302,0.413635213063674,-0.5414631967808735,0.8407244533923329,0.28220165361640515,-0.9593551097983304,0.9897866208931929,0.14255681358965214,-0.6547683507968096,-0.7558296149231162,0.9369710814435833,-0.3494069154130209,1,0,0,0,99,35
1702024140,12,8,4,989,23.5,0.0,64,0,0,0,0,1,0,0,0.5660330877786267,-0.8243825225826864,-0.9550870438296937,-0.2963253932903098,0.8050855213237628,-0.593158750550681,-0.8925129552422981,-0.4510217563761858,-0.8517692634675736,0.5239170944070323,-0.4878949198305757,0.8729023698006073,0.2520889031665146,-0.9677040791999916,0.9918931593674774,0.12707462531915723,-0.6606532277529729,-0.7506912232466679,0.9355990656383395,-0.3530642836321256,1,0,0,0,99,36
1702024260,12,8,4,991,23.5,0.0,64,0,0,0,0,1,0,0,-0.9851617853645876,-0.1716282513377624,-0.7653849526015528,0.6435727420665972,0.4221535608835977,-0.9065243355990498,-0.9763514571093367,-0.21618934340173923,-0.7798042521690104,0.6260234247207771,-0.4324214236593875,0.901671621135094,0.22172999218069936,-0.9751081019905162,0.9937575413526472,0.11156141360139663,-0.6664977818412464,-0.7455070132471581,0.934212773742459,-0.35671626452465127,1,0,0,0,99,40
1702024320,12,8,4,992,23.5,0.0,64,0,0,0,0,1,0,0,-0.6767053779597042,0.7362539177759354,-0.36314327904015004,0.9317333088861682,0.184752119221718,-0.982785151720906,-0.9956869868891794,-0.09277620459766088,-0.7391806966492228,0.6735071623235863,-0.404037645323065,0.9147423578045313,0.2064674819377966,-0.9784534628188842,0.9945987791111761,0.10379435721925297,-0.669404826237736,-0.7428978251479987,0.9335142808623762,-0.3585402173062328,1,0,0,0,99,41
1702024380,12,8,4,993,23.5,0.0,64,0,0,0,0,1,0,0,0.2539108331545893,0.9672276302953418,0.12800853429490208,0.9917730663552378,-0.0641363143810206,-0.9979411471512831,-0.99948515425475,0.03208467584935907,-0.6956706563276336,0.7183608688707087,-0.3752593310827136,0.9269198640849997,0.19115456562033808,-0.9815599482672975,0.9953793116865794,0.09602096576452052,-0.6723016563401727,-0.7402773013420446,0.9328122269090507,-0.36036280236586254,1,0,0,0,99,44
1702024440,12,8,4,994,23.5,0.0,64,0,0,0,0,1,0,0,0.9510825952363544,0.3089367201199639,0.5878193939808536,0.8089921878856321,-0.30903706259473784,-0.9510499955011913,-0.9876866900746388,0.1564448856607474,-0.6494440369805748,0.7604093915979561,-0.3461145824738131,0.938192248848272,0.1757949816572247,-0.9844267999318873,0.9960990914391719,0.08824171368494811,-0.6751882279464934,-0.7376454818152647,0.9321066145606051,-0.3621840127509325,1,0,0,0,99,45
1702024500,12,8,4,995,22.7,0.0,67,0,0,0,0,1,0,0,0.7738334053999244,-0.6333891857990285,0.9037115651022257,0.42814180723270384,-0.5347233830530025,-0.8450271614666311,-0.9604757054362778,0.2783638253557463,-0.6006813525673382,0.7994885319239252,-0.3166318588487858,0.9485485048019224,0.16039247987059368,-0.9870533179119358,0.9967580744373069,0.08045707578598697,-0.6780644970111667,-0.7350024067259872,0.9313974465087359,-0.36400384151407855,1,0,0,0,99,46
1702024560,12,8,4,996,22.7,0.0,67,0,0,0,0,1,0,0,-0.11487464864560613,-0.9933799953182813,0.9983436270438855,-0.05753261979833144,-0.727163193443649,-0.68646463135462,-0.9182768186539993,0.39593899065726024,-0.5495730203270262,0.8354456866419445,-0.28683994958692166,0.9579785192377605,0.14495082056035336,-0.9894388609807482,0.9973562204600591,0.07266752720181091,-0.6809304196458655,-0.7323481164042859,0.9306847254587038,-0.36582228171320713,1,0,0,0,99,45
1702024620,12,8,4,997,22.7,0.0,67,0,0,0,0,1,0,0,-0.8979674804979512,-0.4400618183484699,0.8485463506339739,-0.5291210549824729,-0.8743915184236616,-0.4852210553023885,-0.8617485292422576,0.5073356604347912,-0.49631861720330867,0.8681404438323304,-0.25676794598203806,0.9664730839067197,0.12947377358615977,-0.9915828467421972,0.9978934929996781,0.06487354336631672,-0.6837859521201365,-0.7296826513513655,0.929968454129323,-0.3676393264115215,1,0,0,0,99,50
1702024680,12,8,4,998,22.7,0.0,67,0,0,0,0,1,0,0,-0.8554731519696874,0.5178471649618718,0.4909953335002932,-0.8711622021649791,-0.9672544138345865,-0.253808784161444,-0.7917729422509473,0.6108155269140414,-0.44112610050072903,0.8974451311679287,-0.22644521283532507,0.9740239040105557,0.11396511744705974,-0.9934847517729086,0.9983698592638173,0.05707559998410604,-0.6866310508620674,-0.7270060522389432,0.9292486352529508,-0.36945496867754857,1,0,0,0,99,48
1702024740,12,8,4,999,22.7,0.0,67,0,0,0,0,1,0,0,-0.026460752737064126,0.9996498529808264,0.013231534664836528,-0.9999124594135295,-0.9999781146138973,-0.006615912124209524,-0.7094420033111267,0.7047638213883395,-0.38421099581588014,0.92324531447182,-0.19590135978111542,0.9806236063015769,0.09842863835902424,-0.9951441117500462,0.9987852901775351,0.049274173001450816,-0.6894656724589519,-0.7243183599086285,0.9285252715754775,-0.37126920158516485,1,0,0,0,99,48
1702024800,12,8,4,1000,22.7,0.0,67,0,0,0,0,1,0,0,0.8268795405320025,0.562379076290703,-0.46777180532247614,-0.883849273431478,-0.9705280195418053,0.24098830528525864,-0.6160404591886565,0.7877145121442345,-0.32579555541456173,0.9454402445803316,-0.165166212373579,0.9862657462824945,0.08286812933059823,-0.9965605215646701,0.99913976038507,0.04146973857724405,-0.6922897736579516,-0.7216196153712994,0.9277983658563156,-0.37308201821362325,1,0,0,0,99,42
1702024860,12,8,4,1001,22.7,0.0,67,0,0,0,0,1,0,0,0.9199905975863218,-0.3919404295971039,-0.8342482932548031,-0.5513889599923525,-0.880735192890676,0.4736090370799778,-0.5130258097406125,0.8583731813960574,-0.26610789034143895,0.9639432507663658,-0.13426978296257547,0.990944814499366,0.06728738923689195,-0.9977336354206382,0.9994332482513872,0.033662773053937445,-0.6951033113667574,-0.7189098598064773,0.9270679208683895,-0.3748934116475794,1,0,0,0,99,42
1702024920,12,8,4,1002,22.7,0.0,67,0,0,0,0,1,0,0,0.1672665419737925,-0.985911712039232,-0.9964717035719659,-0.08392939878483582,-0.7361825177171881,0.676783052837157,-0.40200556411749017,0.9156372242425372,-0.20538107965129446,0.978682079186734,-0.1032422413871038,0.9946562419214826,0.05169022189214013,-0.9986631669190275,0.9996657358635004,0.02585375292846797,-0.6979062426542451,-0.716189134561698,0.9263339393981249,-0.37670337497711776,1,0,0,0,99,41
1702024980,12,8,4,1003,22.7,0.0,67,0,0,0,0,1,0,0,-0.7392416009402617,-0.6734403131973009,-0.9147240876890969,0.4040790063853225,-0.5458575792341247,0.8378779763143684,-0.2847121561205559,0.9586130544475097,-0.14385226024030748,0.9895991750318686,-0.07211388551496663,0.9973964044029506,0.03608043512105518,-0.9993488891280539,0.9998372090315638,0.018043154823174902,-0.7006985247511319,-0.7134574811518816,0.925596424245438,-0.3785119012977785,1,0,0,0,99,40
1702025040,12,8,4,1004,22.7,0.0,67,0,0,0,0,1,0,0,-0.9660944251371497,0.2581890038691042,-0.6090201130220971,0.7931547780443311,-0.3215938602925038,0.9468777054203809,-0.1629759101518061,0.9866300485542645,-0.08176170083154903,0.9966519072761223,-0.0409151116574164,0.9991626262216082,0.020461839829201516,-0.9997906346384747,0.999947657289739,0.010231455456709277,-0.7034801150506284,-0.710714941258698,0.9248553782237248,-0.38031898371058337,1,0,0,0,99,36
1702025100,12,8,4,1005,22.7,0.0,68,0,0,0,0,1,0,0,-0.30472449023565196,0.9524405414778511,-0.1542067743682958,0.9880385977981455,-0.07733499273244457,0.9970051649309911,-0.03869647961384155,0.9992510107402922,-0.01935186373075997,0.9998127351510112,-0.009676384887673313,0.9999531826918227,0.004838249072617528,-0.9999882956044592,0.9999970738968338,0.002419131614937442,-0.706250971109089,-0.707961556729932,0.9241108041598507,-0.3821246153220622,1,0,0,0,99,31
1702025160,12,8,4,1006,22.7,0.0,68,0,0,0,0,1,0,0,0.6368077356795173,0.7710226376564607,0.33836176080013775,0.9410161097602051,0.17173219010976784,0.985143672202234,0.08618679654612434,0.9962789951118698,0.043133541983763984,0.9990693156913262,0.0215717907077017,0.9997673018486167,-0.010786522873087307,-0.9999418237699174,0.9999854558367129,-0.005393339878159504,-0.7090110506466594,-0.7051973695788437,0.9233627048941395,-0.3839287892442792,1,0,0,0,99,26
1702025220,12,8,4,1007,22.7,0.0,68,0,0,0,0,1,0,0,0.992861866200276,-0.11926992347320918,0.7480875361457405,0.6636000589688005,0.4101218971423006,0.9120307174017771,0.2097251565719083,0.9777603789788624,0.10545051213990769,0.9944245519341481,0.05279890181552981,0.9986051652014795,-0.026408661443933133,-0.9996512304802809,0.9999128038184832,-0.013205482189588585,-0.7117603115479215,-0.7024224219835282,0.9226110832803626,-0.3857314985948593,1,0,0,0,99,24
1702025280,12,8,4,1008,22.7,0.0,68,0,0,0,0,1,0,0,0.4360833757535898,-0.8999062670030438,0.9746553921779337,0.22371156988067947,0.623012211003653,0.7822121099422712,0.329990825673782,0.9439841391523142,0.16735570030280691,0.9858965815825497,0.08397445569174683,0.9964679075571249,-0.04202435271884079,-0.999116586679734,0.9997791222764492,-0.021016818506448383,-0.7144987118625367,-0.6996367562862716,0.9218559421857278,-0.38753273649701414,1,0,0,0,99,26
1702025340,12,8,4,1009,22.7,0.0,68,0,0,0,0,1,0,0,-0.5216281592594221,-0.8531729387806595,0.9625936159098136,-0.27094931372799275,0.7971666430954047,0.6037593420693411,0.44510709830930517,0.8954773425579625,0.22860736803746887,0.9735187061782538,0.11506800993705027,0.9933576159113731,-0.05762978435074598,-0.9983380228938926,0.9995844193698431,-0.028826872065031227,-0.7172262098058851,-0.6968404149929053,0.9210972844908689,-0.3893324960795687,1,0,0,0,99,25
1702025400,12,8,4,1010,22.7,0.0,68,0,0,0,0,1,0,0,-0.9997571702608278,-0.02203634525193134,0.7148553508409695,-0.69927235564838,0.9217571143333747,0.3877677425673905,0.5532776235456344,0.8329969215331442,0.2889663288921875,0.9573392610598251,0.1460492022233857,0.9892773274112333,-0.07322114649732905,-0.997315729197939,0.9993287069823269,-0.03663516617992241,-0.7199427637597042,-0.6940334407721567,0.9203351130898344,-0.3911307704769872,1,0,0,0,99,27
1702025460,12,8,4,1011,22.7,0.0,68,0,0,0,0,1,0,0,-0.558714049540841,0.8293603624756096,0.29209556443430496,-0.9563891369300495,0.9890371926601268,0.14766662295513935,0.6528144365150256,0.7575178621508338,0.3481968824165189,0.937421426614208,0.17688777994224478,0.9842310263891827,-0.08879463275113347,-0.996049955170217,0.9990120007212668,-0.044441224273094576,-0.7226483322727226,-0.6912158764549992,0.9195694308900767,-0.39292755282939934,1,0,0,0,99,28
1702025520,12,8,4,1012,22.7,0.0,68,0,0,0,0,1,0,0,0.3960081916851428,0.9182469777343475,-0.20217940333482604,-0.9793485022540106,0.9948237286710673,-0.10161569206079699,0.7421642985420401,0.6702179898880674,0.4060677345664961,0.9138429815586667,0.20755362974582411,0.9782236404725319,-0.10434644106884551,-0.994541009831302,0.9986343199167806,-0.05224456990299564,-0.7253428740612937,-0.6883877650339976,0.9188002408124406,-0.3947228362826266,1,0,0,0,99,28
1702025580,12,8,4,1013,22.7,0.0,68,0,0,0,0,1,0,0,0.9866423277611509,0.16290155637702694,-0.6469538019143921,-0.7625291982530986,0.9387569435836677,-0.3445800355119992,0.8199329349135815,0.572459590053307,0.4623529009029212,0.8866959992165598,0.23801680695219837,0.9712610357716817,-0.11987277469950863,-0.9927892615685571,0.998195687620558,-0.060044726793628274,-0.7280263480100251,-0.6855491496626525,0.9180275457911523,-0.39651661398820826,1,0,0,0,99,28
1702025640,12,8,4,1014,22.7,0.0,68,0,0,0,0,1,0,0,0.6701620578277746,-0.7422148046543147,-0.9333313464826719,-0.35901615238432194,0.8243227985396018,-0.5661200613013454,0.8849067920694658,0.4657681497798313,0.5168325890557641,0.8560864879729826,0.2682475647857939,0.9633500111519651,-0.1353698431114458,-0.990795138046197,0.9976961306044534,-0.06784121886361938,-0.7306987131724058,-0.6827000736547422,0.9172513487738087,-0.39830887910342766,1,0,0,0,99,29
1702025700,12,8,4,1015,22.1,0.0,70,0,0,0,0,1,0,0,-0.26246211746178244,-0.9649422971854211,-0.9911968263633165,0.1323965687141833,0.6586362544249356,-0.7524614836369312,0.9360719746998442,0.35180855330923155,0.5692940570086642,0.8221339773142914,0.2982163834246105,0.954498291594671,-0.1508338629176634,-0.9885591261008799,0.9971356793588524,-0.07563357025527759,-0.7333599287714313,-0.679840580483661,0.9164716527213651,-0.40009962479133804,1,0,0,0,99,29
1702025760,12,8,4,1016,22.1,0.0,70,0,0,0,0,1,0,0,-0.9537798323630459,-0.3005062917436509,-0.8063827539523806,0.5913939922996974,0.45199889806298343,-0.892018495407942,0.972630067242408,0.23235910202965793,0.6195324438519512,0.784971051068018,0.3278939988258263,0.9447145206537312,-0.16626105879951092,-0.9860817716228536,0.9965143680908102,-0.08342130536363722,-0.7360099542002259,-0.6769707137817569,0.9156884606081254,-0.40188884422078897,1,0,0,0,99,28
1702025820,12,8,4,1017,22.1,0.0,70,0,0,0,0,1,0,0,-0.7681967679707804,0.6402138124714641,-0.42413805979217184,0.9055975409837044,0.2172584394405608,-0.9761141175558584,0.9940105928902011,0.10928376467742497,0.6673515697601134,0.7447428296658603,0.3572514313016393,0.9340082520154359,-0.18164766442837085,-0.9833636794226833,0.9958322347219645,-0.09120394886548673,-0.7386487490226619,-0.6740905173396645,0.9149017754217292,-0.4036765305664521,1,0,0,0,99,28
1702025880,12,8,4,1018,22.1,0.0,70,0,0,0,0,1,0,0,0.12366286217291594,0.9923242899975806,0.061950423737127995,0.9980792278165047,-0.030990096672124958,-0.9995196916060495,0.9998799156913918,-0.015496909271697935,0.7125647020698184,0.7016064034515015,0.3862600138174404,0.9223899401694224,-0.19698992338515384,-0.980405513083597,0.99508932088622,-0.09898102574838,-0.7412762729739769,-0.6712000351056382,0.9141116001631415,-0.40546267700884736,1,0,0,0,99,31
1702025940,12,8,4,1019,22.1,0.0,70,0,0,0,0,1,0,0,0.9018274271353413,0.43209639163785063,0.5328712829390178,0.846196310449842,-0.27731181867183197,-0.9607799723271302,0.9901464468267132,-0.14003575913471147,0.7549952844669665,0.6557302192461807,0.41489141998468665,0.9098709302000424,-0.21228409007737442,-0.9772079947994803,0.9942856719272083,-0.10675206133962863,-0.7438924859613884,-0.6682993111848804,0.9133179378466407,-0.40724727673436906,1,0,0,0,99,34
1702026060,12,8,4,1021,22.1,0.0,70,0,0,0,0,1,0,0,0.017611506143138743,-0.9998449053985173,0.9999612255979022,0.008806094522619302,-0.7039864719855704,-0.7102133814997501,0.9247197903959204,-0.38064853769602863,0.8308575502744224,0.5564851580698138,0.47091126655145243,0.8821805818736359,-0.24271322391493633,-0.9700980831528419,0.9924963685457096,-0.12227411182903393,-0.749090819536935,-0.6624673154846834,0.9117201641635122,-0.4108118088098957,1,0,0,0,99,38
1702026120,12,8,4,1022,22.1,0.0,70,0,0,0,0,1,0,0,-0.8318249398218998,-0.5550380793155483,0.8817704007607503,-0.4716788741741842,-0.8578108399216532,-0.5139655269693756,0.8700475639208972,-0.49296778445990996,0.8639929931602194,0.5035038309387974,0.4982450045214717,0.8670362826718376,-0.25784076222366625,-0.9661874255732781,0.9915108233330784,-0.13002417934123234,-0.7516728608048957,-0.6595361326943231,0.9109160588919055,-0.41259172756229423,1,0,0,0,99,42
1702026180,12,8,4,1023,22.1,0.0,70,0,0,0,0,1,0,0,-0.9164853722719367,0.4000681972008891,0.5476914289995375,-0.8366804040973139,-0.9583006845706921,-0.2857617853236206,0.8017985362058291,-0.5975944338246381,0.8937545618973471,0.4485563321230467,0.5250922146999293,0.8510453372538523,-0.2729053524082549,-0.9620408871908336,0.9904647614102264,-0.1377663108476931,-0.7542434324698137,-0.6565948861940317,0.9101084787524044,-0.41437007240265816,1,0,0,0,99,45
1702026240,12,8,4,1024,22.1,0.0,70,0,0,0,0,1,0,0,-0.15853338004399595,0.9873536182198484,0.07951849401287635,-0.996833390848202,-0.9992080341070627,-0.03979075993115771,0.7210377105017316,-0.6928958219201651,0.9200260381967906,0.39185723042955,0.5514266812416906,0.8342233605065102,-0.2879033166650653,-0.9576594803233847,0.9893582466233818,-0.14550003380861354,-0.7568024953079283,-0.6536436208636119,0.9092974268256817,-0.4161468365471424,1,0,0,0,99,44
1702026300,12,8,4,1025,21.8,0.0,71,0,0,0,0,1,0,0,0.7451734706822545,0.6668706760619807,-0.4081233416125689,-0.9129267977395507,-0.9779894676681213,0.2086542621904108,0.6290253324825595,-0.7773848024596348,0.9427048325058154,0.3336279346370484,0.5772226889870805,0.8165867788046315,-0.3028309934562251,-0.9530442746285798,0.9881913465085038,-0.1532248761974051,-0.7593500102710887,-0.6506823817357417,0.9084829062056539,-0.4179220132179318,1,0,0,0,99,41
1702026360,12,8,4,1026,21.8,0.0,71,0,0,0,0,1,0,0,0.9637712690067693,-0.2667300902355814,-0.7958423494121124,-0.6055038851090959,-0.8959642529445848,0.4441261728894752,0.5271972245329658,-0.8497429531597998,0.9617023846179752,0.27409582889949297,0.6024550485723009,0.7981528139709504,-0.3176847384035387,-0.948196396842698,0.9869641322871612,-0.16094036652950375,-0.7618859384873512,-0.6477112139952867,0.9076649199994695,-0.41969559564326697,1,0,0,0,99,43
1702026420,12,8,4,1027,21.8,0.0,71,0,0,0,0,1,0,0,0.29628220726538684,-0.955100441659384,-0.9887113941033004,-0.14983250371767806,-0.7582323205052914,0.6519844692484331,0.41714238022021144,-0.9088411492797939,0.9769445094988235,0.2134933848157902,0.6270991210264171,0.7789394664592975,-0.33246092517820985,-0.9431170305055724,0.9856766788621846,-0.1686460338911467,-0.7644102412615711,-0.6447301629786113,0.9068434713274974,-0.42146757705746996,1,0,0,0,99,48
1702026480,12,8,4,1028,21.8,0.0,71,0,0,0,0,1,0,0,-0.6436073494603881,-0.7653558516929062,-0.9395094070026404,0.34252310017507853,-0.5733571748155426,0.8193055291449822,0.3005781685810014,-0.953757183235068,0.9883716869768853,0.1520572536331825,0.6511308418308941,0.7589654977774624,-0.3471559463861577,-0.9378074156716458,0.9843290648130953,-0.17634140796811468,-0.7669228800759939,-0.6417392741728861,0.9060185633233147,-0.4232379507009703,1,0,0,0,99,52
1702026540,12,8,4,1029,21.8,0.0,71,0,0,0,0,1,0,0,-0.9917672772396455,0.12805337870068162,-0.6602827505316636,0.7510171032342345,-0.3528334570061104,0.9356861394811389,0.17932353515205574,-0.9837901553383066,0.9959392941686522,0.09002734212919263,0.674526744418191,0.738250412166899,-0.3617662144487106,-0.9322688486072296,0.9829213723913093,-0.18402601907443744,-0.7694238165908427,-0.6387385932153945,0.9051901991336944,-0.4250067098203306,1,0,0,0,99,54
1702026600,12,8,4,1030,21.8,0.0,71,0,0,0,0,1,0,0,-0.428100944093906,0.903730923265275,-0.21939584856455807,0.9756359267844935,-0.11037226376111557,0.9938903175865266,0.05527061793337119,-0.9984714111046261,0.9996177797299891,0.027645875780791213,0.6972639830864666,0.7168144375571656,-0.37628816247846175,-0.926502681474038,0.9814536875151161,-0.19169939818106102,-0.7719130126449032,-0.6357281658928362,0.9043583819185943,-0.42677384766827253,1,0,0,0,99,58
1702026660,12,8,4,1031,21.8,0.0,71,0,0,0,0,1,0,0,0.5291594227631156,0.8485224247484602,0.27520680882886944,0.9613850489654133,0.13895134226517336,0.9902992095739078,-0.06964477879242692,-0.9975718544480663,0.9993927792534991,-0.03484354712090696,0.7193203553080181,0.6946785058136941,-0.3907182451500736,-0.9205103219990785,0.9799260997644359,-0.19936107694447477,-0.7743904302561063,-0.6327080381406281,0.9035231148511443,-0.4285393575037022,1,0,0,0,99,61
1702026720,12,8,4,1032,21.8,0.0,71,0,0,0,0,1,0,0,0.9999130566754362,0.013186322079561247,0.7024292412479847,0.7117535816838442,0.37963562682930313,0.9251360931462582,-0.19347339203846847,-0.9811055226493881,0.9952651713612277,-0.0971969067167568,0.740674323409674,0.6718642322981792,-0.4050529395658183,-0.914293233130974,0.9783387023753517,-0.20701058773529676,-0.7768560316221071,-0.6296782560422042,0.9026844011176343,-0.4303032325917363,1,0,0,0,99,67
1702026780,12,8,4,1033,21.8,0.0,71,0,0,0,0,1,0,0,0.5513512376156806,-0.8342732242974464,0.9576724973333646,0.28786001433209996,0.5967160068524642,0.8024524952706235,-0.3142829177106008,-0.9493293673090029,0.9872510742736629,-0.1591707144719108,0.7613050356039657,0.6483938947615443,-0.41928874611564265,-0.9078529326828064,0.9766915922344183,-0.21464746366681534,-0.7793097791208626,-0.6266388658283113,0.9018422439175022,-0.43206546620372743,1,0,0,0,99,68
1702026900,12,8,4,1035,21.4,0.0,74,0,0,0,0,1,0,0,-0.9880455694833501,-0.15416209853372645,0.7596585083225641,-0.6503221899436746,0.908383781763984,0.41813742361592404,-0.5393804670101041,-0.8420621781127342,0.9597036464744557,-0.28101407605960405,0.8003168360279583,0.5995773194261087,-0.4474498187360742,-0.8943090403842815,0.9732186394598804,-0.22988144728937843,-0.7841815629334122,-0.6205314467094402,0.9001476119807906,-0.43558498211632585,1,0,0,0,99,77
1702026960,12,8,4,1036,21.4,0.0,74,0,0,0,0,1,0,0,-0.6635662323678801,0.7481175410729898,0.35488199371552387,-0.9349111030127383,0.9835931839466808,0.18040079959254857,-0.6401559186664806,-0.7682450128678183,0.9402778878788489,-0.34040783417261544,0.8186598298965864,0.5742787501846923,-0.46136820968468756,-0.8872087550809822,0.9713930087974131,-0.23747762517658147,-0.7865995249097795,-0.6174635109961635,0.8992951437087169,-0.4373422509910497,1,0,0,0,99,74
1702027020,12,8,4,1037,21.4,0.0,74,0,0,0,0,1,0,0,0.27099283859415124,0.9625813635380046,-0.13678200989529898,-0.9906011718996715,0.9976475259077405,-0.06855227239241818,-0.7309419513177562,-0.6824396411432962,0.9171803642532085,-0.398472306977978,0.8362034163342009,0.5484194074893877,-0.4751739642018554,-0.8798918704844896,0.9695080893124332,-0.2450593086535486,-0.7890054843451814,-0.6143861535493991,0.898439244899008,-0.4390978515380148,1,0,0,0,99,74
1702027080,12,8,4,1038,21.4,0.0,74,0,0,0,0,1,0,0,0.9564023435002251,0.29205231953757416,-0.5949570070443855,-0.8037575254818999,0.9496729767351233,-0.3132430961075599,-0.8103218792885825,-0.5859850270665796,0.8905012709330009,-0.45498075395197785,0.8529304643263652,0.5220245425494965,-0.4888637118106147,-0.8723601729072392,0.9675639960507106,-0.2526260349733978,-0.7913994045276372,-0.6112994213258353,0.8975799188166576,-0.44085177706013884,1,0,0,0,99,68
1702027140,12,8,4,1039,21.4,0.0,74,0,0,0,0,1,0,0,0.7624999444675773,-0.6469882801774245,-0.9074657790179816,-0.4201260048024732,0.8426523615354298,-0.5384579812750141,-0.8770570053522787,-0.4803863126302549,0.8603447892067038,-0.5097125108184736,0.8688246401945774,0.4951199295027046,-0.5024341103554253,-0.8646155011051747,0.9655608476696781,-0.26017734230215483,-0.7937812489288705,-0.6082033614252083,0.8967171687397337,-0.44260402086672895,1,0,0,0,99,68
1702027260,12,8,4,1041,21.4,0.0,74,0,0,0,0,1,0,0,-0.9056167181092594,-0.4240971113801818,-0.8438296959043874,0.5366110735997806,0.4813465105307295,-0.8765303969628722,-0.9686409027505684,-0.2484648899111581,0.790083821474392,-0.6129988214054094,0.8980531224280135,0.4398870187869782,-0.529203638126677,-0.8484948493617914,0.9613778781940511,-0.27523185738410494,-0.7985085651964244,-0.601983447702632,0.8949814097797317,-0.4461034366026381,1,0,0,0,99,56
1702027320,12,8,4,1042,21.4,0.0,74,0,0,0,0,1,0,0,-0.8461722149944356,0.5329095444551641,-0.483265173349392,0.8754740271576206,0.2495255225847443,-0.9683682221029407,-0.9920605379972889,-0.12576123786178975,0.7502537030437737,-0.6611500442933549,0.9113588876763519,0.41161265511804,-0.5423962319568417,-0.8401228050463933,0.9591983124063536,-0.2827341462872912,-0.8008539649297153,-0.5988596887889135,0.8941084075180463,-0.4478505951827498,1,0,0,0,99,54
1702027380,12,8,4,1043,21.4,0.0,74,0,0,0,0,1,0,0,-0.008760879736830363,0.999961622756712,-0.004380481896321661,0.9999904056431521,0.002190246201668042,-0.9999976014079114,-0.999999400351798,-0.001095123757523013,0.7074938599583473,-0.7067194904070769,0.9237747264368832,0.38293635867655806,-0.5554564075260281,-0.8315456567971954,0.9569602020975573,-0.2902191785554537,-0.803187144616824,-0.5957267920131452,0.8932319945045478,-0.4495960453489637,1,0,0,0,99,47
1702027440,12,8,4,1044,21.4,0.0,74,0,0,0,0,1,0,0,0.8367051679479498,0.5476535966550325,0.4755767042996153,0.8796742569426005,-0.24528120908194284,-0.9694519732670104,-0.992333606522275,0.12358807938670624,0.6619712684902925,-0.7495292120346966,0.935288514853758,0.3538861313793629,-0.5683809763796802,-0.8227654986019294,0.9546636838703799,-0.297686497340802,-0.8055080686562991,-0.5925848051794772,0.8923521740824856,-0.45133978044291795,1,0,0,0,99,41
1702027560,12,8,4,1046,21.2,0.0,74,0,0,0,0,1,0,0,0.14978779746606605,-0.9887181679984771,0.9971755532498972,0.07510603172023837,-0.6800345462841435,-0.7331800705557395,-0.930908177683422,0.36525328844807164,0.5633589936940424,-0.8262122271087713,0.9555658603960198,0.2947776898708828,-0.593810706424664,-0.8046047756106357,0.9498959878877886,-0.3125661725054107,-0.8101130083221139,-0.5862737532478276,0.8905823244506449,-0.45482207881333797,1,0,0,0,99,43
1702027620,12,8,4,1047,21.2,0.0,74,0,0,0,0,1,0,0,-0.7510469581613124,-0.6602487914692763,0.9111116263853942,-0.41215968296930966,-0.8402855713890695,-0.5421440385315928,-0.8781070659468562,0.4784641896048268,0.5106543891886044,-0.8597860750223938,0.964309617037597,0.2647771940496445,-0.606309659312119,-0.795228644494665,0.9474251011279639,-0.3199776207059917,-0.8123969536827399,-0.5831047844487336,0.889692301992305,-0.4565606288058938,1,0,0,0,99,45
1702027680,12,8,4,1048,21.2,0.0,74,0,0,0,0,1,0,0,-0.9613726040856847,0.2752502790434721,0.6019757972528995,-0.7985143326964996,-0.9482917095220488,-0.31740011602352985,-0.8116033871367004,0.5842088171092894,0.45595569022148996,-0.8900024767126464,0.9721117417027341,0.23451814779175792,-0.618660590391954,-0.7856583697103207,0.9448963884231754,-0.3273695391218304,-0.8146685028653773,-0.5799269181880462,0.8887988856282523,-0.4582974371584211,1,0,0,0,99,47
1702027740,12,8,4,1049,21.2,0.0,74,0,0,0,0,1,0,0,-0.28781671141059484,0.95768551238535,0.14545529831300405,-0.9893648246186414,-0.9973376621332019,-0.07292179160360307,-0.7324349089180564,0.6808370614164585,0.39947649404160285,-0.9167434377775656,0.9789646157490999,0.2040300985423896,-0.6308604843614832,-0.7758962877029344,0.9423100041130134,-0.334741476588326,-0.8169276212089802,-0.5767402029560944,0.8879020787665987,-0.4600324972455237,1,0,0,0,99,47
1702027860,12,8,4,1051,21.2,0.0,74,0,0,0,0,1,0,0,0.9905949860791541,-0.13682680130310884,-0.7539319602268857,-0.6569525092032494,-0.9102067098201511,0.4141542531453411,-0.541223496743563,0.8408787823299329,0.2820649018134543,-0.9593953257989984,0.9897967785861395,0.14248626986661125,-0.6547952848537429,-0.7558062813534336,0.9369648556251813,-0.3494236101400179,-0.8214084276838222,-0.5703404202140955,0.8860983072475919,-0.463497346155242,1,0,0,0,99,54
1702027920,12,8,4,1052,21.2,0.0,74,0,0,0,0,1,0,0,0.42008497191934335,-0.9074847747304219,-0.9765973517090915,-0.21507582996419908,-0.7794471854988634,0.6264679441263539,-0.4321643529223842,0.9017948614087224,0.22159099552021236,-0.9751396980455473,0.9937654899536277,0.11149058694448753,-0.6665243480382065,-0.7454832616982381,0.9342064176878251,-0.35673291010345676,-0.8236300474434674,-0.5671274503568591,0.8851913494710788,-0.46522712176051223,1,0,0,0,99,47
1702027980,12,8,4,1053,21.2,0.0,74,0,0,0,0,1,0,0,-0.5366492281020062,-0.8438054313510437,-0.96015765146955,0.27945891348188945,-0.6002254103743486,0.7998308925897678,-0.3163614289149613,0.9486387332883283,0.16025178113155528,-0.9870761706394112,0.9967638061846475,0.0803860353562382,-0.6780906888623977,-0.7349782429964299,0.9313909606058107,-0.36402043692873215,-0.8258390996219337,-0.5639058268324897,0.8842810149586188,-0.4669551226657173,1,0,0,0,99,47
1702028100,12,8,4,1055,20.8,0.0,75,0,0,0,0,1,0,0,-0.5439452288589227,0.8391207231391763,-0.2836188259449852,0.9589370999025891,-0.14328799687589133,0.9896810344506428,-0.07182953970810732,0.9974169224678923,0.03593798500269404,-0.9993540219731675,0.9998384924509477,0.017971895098076136,-0.700723948820762,-0.7134325108579214,0.9255896798414299,-0.37852839334855626,-0.830219366597936,-0.557436815545692,0.8824502296293236,-0.47040577401553435,1,0,0,0,99,40
1702028160,12,8,4,1056,20.8,0.0,75,0,0,0,0,1,0,0,0.4122008798541881,0.9110929890233121,0.21083999973521134,0.9775205852112047,0.10601748626711377,0.9943642655514137,0.05308358714605824,0.9985900724399912,-0.026551154023966794,-0.99964745596635,0.9999118601072672,-0.013276747223059479,-0.711785342369123,-0.7023970575027135,0.9226042102393402,-0.3857479374522218,-0.8323905145579873,-0.5541895264924167,0.8815297857963782,-0.4721284112969602,1,0,0,0,99,30
1702028280,12,8,4,1058,20.8,0.0,75,0,0,0,0,1,0,0,0.6569184183445477,-0.7539616645690269,0.9364725475338364,0.3507408840091023,0.5697627207842304,0.8218092491597738,0.29848848456869004,0.9544132357526728,-0.15097477313665228,-0.9885376158125377,0.9971302863248458,-0.07570463720097437,-0.7333841548605254,-0.6798144463009835,0.9164645236726252,-0.4001159542551487,-0.8366946737774624,-0.5476696293135358,0.8796788133499452,-0.4755682762161834,1,0,0,0,99,28
1702028340,12,8,4,1059,20.8,0.0,75,0,0,0,0,1,0,0,-0.2795023281934896,-0.9601450143256585,0.9899861146313261,-0.14116477194105753,0.7553690395896093,0.6552996368299553,0.41515079379066877,0.9097526138544355,-0.21242338165273203,-0.9771777253535908,0.9942780610456994,-0.10682292508260853,-0.7439163007632675,-0.6682728016751062,0.9133106814428227,-0.40726355000471987,-0.8388276193607123,-0.5443971206735393,0.8787482917973551,-0.47728549073194165,1,0,0,0,99,28
1702028400,12,8,4,1060,20.8,0.0,75,0,0,0,0,1,0,0,-0.9589499231814597,-0.2835754658468757,0.8011165538942744,-0.5985083684265092,0.8940101700837942,0.44804666697426215,0.5253348137263215,0.8508956066916382,-0.2730424814093603,-0.9620019767889353,0.9904549401131116,-0.1378369021907137,-0.7542668301704357,-0.6565680078290772,0.9101010954364018,-0.41438628848631254,-0.8409477654665337,-0.5411163052032749,0.8778144180871248,-0.4790008845486223,1,0,0,0,99,26
1702028460,12,8,4,1061,20.8,0.0,75,0,0,0,0,1,0,0,-0.7567433812205466,0.6537120581562608,0.4161057208473222,-0.9093162426120686,0.9770660782700596,0.21293632544487498,0.6273211595965519,0.7787606581758207,-0.33259535611924834,-0.943069631091952,0.985664656739794,-0.16871628390295948,-0.7644332161487226,-0.6447029223204439,0.9068359615499497,-0.4214837349646817,-0.843055079744106,-0.5378272329639502,0.8768771957816984,-0.4807144511225192,1,0,0,0,99,33
1702028520,12,8,4,1062,20.8,0.0,75,0,0,0,0,1,0,0,0.14120953553363158,0.9899797306381459,-0.07078230485740782,-0.9974917870935445,0.9993727500521375,-0.03541336546034254,0.7195183685842713,0.6944734100524143,-0.3908494530810973,-0.9204546186674317,0.9799118885561681,-0.19943091702713533,-0.7744129767207983,-0.6326804418396639,0.9035154790704097,-0.42855545624827607,-0.8451495300384058,-0.5345299541427608,0.8759366284562944,-0.48242618391689684,1,0,0,0,99,34
1702028580,12,8,4,1063,20.8,0.0,75,0,0,0,0,1,0,0,0.909335056539327,0.4160646042967595,-0.5403403537138608,-0.8414465533522493,0.9595432646192275,-0.28156122482308416,0.8004877340793812,0.5993491366377847,-0.44757729129292034,-0.8942452506549265,0.9732022530427389,-0.22995080924523129,-0.7842036754712488,-0.6205035015029201,0.9001398506629178,-0.43560102071567736,-0.8472310843906984,-0.5312245190521249,0.8749927196988913,-0.4841360764020149,1,0,0,0,99,37
1702028640,12,8,4,1064,20.8,0.0,75,0,0,0,0,1,0,0,0.8414221201762355,-0.5403784004548374,-0.8776042389525125,-0.47938585687583785,0.8600540264645697,-0.510202970945957,0.8689657562142357,0.4948722204034305,-0.5025573497604873,-0.8645438740756395,0.9655423020447212,-0.2602461584004272,-0.7938029221413925,-0.6081750741355538,0.8967092823584335,-0.44261999834194465,-0.8492997110390256,-0.5279109781289149,0.8740454731102137,-0.48584412205515315,1,0,0,0,99,37
1702028700,12,8,4,1065,20.6,0.0,77,0,0,0,0,1,0,0,-9.043305996889882e-05,-0.9999999959109308,-0.9999999989777327,4.521653003067279e-05,0.7070907945483271,-0.7071227674633418,0.9238838583564879,0.38267298868397953,-0.5555749325320665,-0.8314664721694975,0.9569395153742731,-0.29028738159839335,-0.8032083732128275,-0.5956981695462924,0.8932239835411643,-0.44961196072486087,-0.8513553784186897,-0.5245893819336888,0.87309489230372,-0.48755031436063667,1,0,0,0,99,37
1702028760,12,8,4,1066,20.6,0.0,77,0,0,0,0,1,0,0,-0.8415198425578914,-0.540226206862775,-0.8775608830339849,0.4794652193523661,0.5101640817656776,-0.8600770951933222,0.9643850618900425,0.2645022729644093,-0.6064230070815217,-0.795142211483081,0.9474022935065866,-0.32004514409448476,-0.8124177324795677,-0.5830758337924473,0.8896841669357861,-0.45657648111107996,-0.8533980551627359,-0.5212597811499177,0.8721409809055867,-0.48925464680986036,1,0,0,0,99,32
1702028820,12,8,4,1067,20.6,0.0,77,0,0,0,0,1,0,0,-0.9092597896756762,0.4162290653942189,-0.5402642569177518,0.8414954145431272,0.28151783731841296,-0.9595559948598954,0.9898373590797367,0.1422040877403048,-0.6549030127658962,-0.7557129374770241,0.9369399493769662,-0.34949038793862125,-0.8214287516086289,-0.5703111484362632,0.8860900485944595,-0.4635131344221741,-0.85542771010243,-0.517922226583213,0.8711837425546958,-0.49095711290131394,1,0,0,0,99,34
1702028880,12,8,4,1068,20.6,0.0,77,0,0,0,0,1,0,0,-0.14103047943200392,0.9900052544664494,-0.07069209833337335,0.9974981840751515,0.035368177256176046,-0.9993743503000143,0.9998435753406666,0.01768685528840119,-0.7008256362004742,-0.713332620622526,0.9255626992869057,-0.3785943603498829,-0.8302392306889271,-0.5574072297925984,0.8824418478836433,-0.47042149728057797,-0.857444312267735,-0.5145767691605511,0.8702231809026209,-0.49265770614060683,1,0,0,0,99,39
1702028940,12,8,4,1069,20.6,0.0,77,0,0,0,0,1,0,0,0.7568616032060743,0.6535751782253751,0.41618795139613596,0.9092786091802048,-0.21298050476486718,-0.9770564490294829,0.9942475670147458,-0.10710637462475603,-0.7440115505234969,-0.6681667551499565,0.913281652928043,-0.40732864179311246,-0.8388470187683545,-0.5443672281681216,0.8787397874707056,-0.4773011480354297,-0.8594478308877828,-0.5112234599294961,0.8692592996136125,-0.4943564200404926,1,0,0,0,99,38
1702029000,12,8,4,1070,20.6,0.0,77,0,0,0,0,1,0,0,0.9588986183026019,-0.28374890275974823,0.8011706755616272,0.5984359185578068,-0.448087090553942,-0.8939899100543045,0.973136657940267,-0.23022824538454828,-0.7842921156637201,-0.6203917127974276,0.9001088025337347,-0.43566517373010916,-0.8472500143789049,-0.5311943270922096,0.8749840933103326,-0.4841516667883063,-0.8614382353913443,-0.5078623500574214,0.8682921023645849,-0.4960532481208941,1,0,0,0,99,43
1702029060,12,8,4,1071,20.6,0.0,77,0,0,0,0,1,0,0,0.2793286659192636,-0.9601955511226682,0.9899988765454909,0.1410752438901522,-0.6553337913269267,-0.7553394084417124,0.9368402767926112,-0.3497574813769446,-0.8215100368762833,-0.5701940540829303,0.8860570111688442,-0.46357628601831524,-0.8554461660497157,-0.5178917425397342,0.8711749946307384,-0.49097263541885194,-0.8634154954072958,-0.5044934908307281,0.8673215928451016,-0.4977481839089279,1,0,0,0,99,48
1702029120,12,8,4,1072,20.6,0.0,77,0,0,0,0,1,0,0,-0.6570547737201031,-0.7538428379520655,0.9364408251331382,-0.35082557065294895,-0.8218350110128397,-0.5697255608391865,0.8859248164599484,-0.4638288688518717,-0.8555199789753223,-0.5177697997895051,0.8711400001691764,-0.4910347239302405,-0.8634334728079056,-0.504462722145928,0.8673127239196736,-0.4977636376102979,-0.8653795807650819,-0.5011169336540635,0.8663477747573614,-0.4994412209389292,1,0,0,0,99,51
1702029180,12,8,4,1073,20.6,0.0,77,0,0,0,0,1,0,0,-0.9893450845645446,0.14558950390730144,0.653609400212657,-0.7568320500306859,-0.9372385102071633,-0.3486889372845904,0.8211847956716535,-0.5706623619599464,-0.8861891338647598,-0.4633236655082782,0.8553723357428267,-0.518013674767241,-0.8712099846670839,-0.49091054441352094,0.8633975169102355,-0.5045242588748726,-0.8673304614951768,-0.4977327300495354,0.8653706518161843,-0.5011323527524763,1,0,0,0,99,53
1702029240,12,8,4,1074,20.6,0.0,77,0,0,0,0,1,0,0,-0.41203608725896307,0.9111675272946924,0.21075159869536877,-0.9775396481203953,-0.9943690582777592,-0.10597252445706083,0.7436304607992672,-0.6685908597726038,-0.9133977391510787,-0.40706826222845977,0.8387694147465261,-0.5444867940416647,-0.8787738031034109,-0.47723851791234084,0.8594296125664803,-0.5112540865790997,-0.8692681078295407,-0.49434093165592724,0.8643902277489974,-0.5028215728984153,1,0,0,0,99,55
1702029300,12,8,4,1075,20.4,0.0,79,0,0,0,0,1,0,0,0.5440969884707371,0.8390223281516855,-0.28370554440151013,-0.958911447463134,-0.9896745544529105,0.14333274667162774,0.6544720212997543,-0.7560862208345116,-0.9370395458129053,-0.34922326609598076,0.8213474496508711,-0.570428231201796,-0.8861230815190957,-0.46344998047157365,0.8554092530688377,-0.5179527099689828,-0.8711924902020743,-0.4909415902279095,0.8634065062958205,-0.5045088749328849,1,0,0,0,99,55
1702029360,12,8,4,1076,20.4,0.0,79,0,0,0,0,1,0,0,0.9999898022322627,-0.004516130144271112,-0.708701675652129,-0.7055082812610101,-0.9234468802429867,0.3837262818331512,0.5551007648016929,-0.8317831092998796,-0.9570222331011646,-0.2900145605828441,0.8031234527091224,-0.5958126548744814,-0.8932560256932167,-0.44954829836488014,0.8513366837993298,-0.5246197201950761,-0.8731035792490706,-0.48753475763525,0.862419491209252,-0.5061942524193405,1,0,0,0,99,61
1702029420,12,8,4,1077,20.4,0.0,79,0,0,0,0,1,0,0,0.5364966035106962,-0.8439024792127862,-0.9601829198680807,-0.2793720823446877,-0.7998037516618335,0.6002615753383321,0.44706734652715796,-0.8945003005416857,-0.9732677690496294,-0.22967335441700054,0.7841152193450273,-0.6206152776007853,-0.9001708942197546,-0.43553686548856846,0.847212153326594,-0.5312547103374385,-0.8750013458096617,-0.4841204858620225,0.8614291862544543,-0.5078776989285795,1,0,0,0,99,62
1702029480,12,8,4,1078,20.4,0.0,79,0,0,0,0,1,0,0,-0.4202490982977543,-0.9074087807487452,-0.9765778977502884,0.21516414577161172,-0.6264326995888658,0.7794755114086689,0.3320575918356115,-0.943259113766909,-0.9857127151880788,-0.16843527871721392,0.7643413107758908,-0.6448118800405224,-0.9068659989327317,-0.4214191025330233,0.8430359133907117,-0.5378572754304699,-0.8768857609262651,-0.4806988270058135,0.8604355952091398,-0.5095592080387649,1,0,0,0,99,61
1702029540,12,8,4,1079,20.4,0.0,79,0,0,0,0,1,0,0,-0.9906197172092625,-0.13664763399430246,-0.7538725469183444,0.6570206868910968,-0.414113096332936,0.9102254355079012,0.21186618948300692,-0.9772986840029769,-0.9943084742681662,-0.10653946685858495,0.7438210358878623,-0.6683788346220334,-0.9133397053183534,-0.4071984561475931,0.8388082188878436,-0.5444270124876276,-0.8787567958450243,-0.4772698332769275,0.8594387218635565,-0.5112387733354506,1,0,0,0,99,59
1702029660,12,8,4,1081,20.4,0.0,79,0,0,0,0,1,0,0,0.28798991956502257,0.9576334404295476,0.14554476900674315,0.989351666605345,0.07296688767740807,0.9973343638432762,-0.03650778106598482,-0.9993333687622155,-0.9998333283008262,0.018256933447111743,0.7006222472034728,-0.7135323865975222,-0.9256166556943328,-0.37846242442445843,0.8301995014526503,-0.5574664005908974,-0.8824586110948482,-0.4703900506011488,0.8574351434951651,-0.5145920468676383,1,0,0,0,99,59
1702029720,12,8,4,1082,20.4,0.0,79,0,0,0,0,1,0,0,0.9614223718109872,0.2750763948093979,0.6020480068859135,0.7984598909179464,0.3174429941596235,0.9482773568207633,-0.16081455652277984,-0.9869846393994092,-0.9967408488166343,0.08067019462165342,0.677985916291167,-0.7350748923142639,-0.9314169024433323,-0.36395405457676666,0.8258190039520665,-0.5639352557799668,-0.8842893349407667,-0.46693936663127533,0.8564284461153995,-0.5162657423114207,1,0,0,0,99,58
1702029780,12,8,4,1083,20.4,0.0,79,0,0,0,0,1,0,0,0.7509275292403622,-0.6603846196187226,0.9111488955211224,0.412077286671613,0.5421820327751498,0.8402610566578738,-0.2826118746108577,-0.959234344844333,-0.9897561176482652,0.1427684404125557,0.6546875436372088,-0.7558996098730821,-0.9369897571139938,-0.34935683056648387,0.8213881027159098,-0.5703696912676532,-0.8861065656194105,-0.46348155774116123,0.8554184817214208,-0.5179374683583139,1,0,0,0,99,47
1702029840,12,8,4,1084,20.4,0.0,79,0,0,0,0,1,0,0,-0.14996662063412206,-0.9886910602890983,0.9971687571041068,-0.07519620904973118,0.7332108186087175,0.6800013937302882,-0.3999991289176214,-0.916515519162193,-0.9789064100214568,0.2043091784989199,0.630749879707115,-0.7759862042906819,-0.9423338591737755,-0.33467431609649856,0.8169070681835537,-0.5767693143291786,-0.8879102754020753,-0.46001667669271595,0.8544052541659362,-0.5196072186311907,1,0,0,0,99,48
1702029960,12,8,4,1086,20.2,0.0,80,0,0,0,0,1,0,0,-0.8366061022818767,0.5478049193140986,0.47549715072011806,-0.8797172612021713,0.9694630630411277,0.24523737357693737,-0.6143136928406621,-0.7890619030142494,-0.9457964641016188,0.32475998597868444,0.5810507783409793,-0.8138673067456035,-0.9523306428823981,-0.30506777382607664,0.8077956962704359,-0.5894625629223299,-0.8914770223966318,-0.4530659097072247,0.8523690250435033,-0.5229407663840979,1,0,0,0,99,42
1702030020,12,8,4,1087,20.2,0.0,80,0,0,0,0,1,0,0,0.008941738771590156,0.9999600218547443,-0.004470914070731418,-0.9999900054137402,0.9999975013503134,-0.0022354626210036865,-0.7078966953662814,-0.7063159836004691,-0.9236655194388468,0.3831996975465474,0.555337871234014,-0.8316248245292307,-0.9569808839598706,-0.29015097403831797,0.803165915000854,-0.5957554137234852,-0.8932400051843528,-0.44958012983033113,0.8513460312441502,-0.5246045511476568,1,0,0,0,99,41
1702030080,12,8,4,1088,20.2,0.0,80,0,0,0,0,1,0,0,0.846268586435398,0.5327564918540488,-0.48334434316848646,-0.8754303204293443,0.9683569384347241,-0.24956930858045798,-0.7904332067228887,-0.6125482394960996,-0.8979276806892913,0.4401430224960407,0.5290826861200238,-0.8485702747846052,-0.9613974918795568,-0.27516333805159693,0.7984871126234903,-0.6020119026848236,-0.8949893582285835,-0.4460874899137928,0.850319789818452,-0.5262663347043051,1,0,0,0,99,43
1702030140,12,8,4,1089,20.2,0.0,80,0,0,0,0,1,0,0,0.9055399984980432,-0.42426089982481757,-0.8438782198353082,-0.5365347613040475,0.8765086312478753,-0.4813861437016818,-0.860635272255815,-0.5092218849864557,-0.8686834535624746,0.4953675983618349,0.5023108607417149,-0.8646871105671216,-0.9655793883899764,-0.26010852488228686,0.7937595747083266,-0.6082316479425061,-0.8967250548363489,-0.4425880432509977,0.8492903046812078,-0.5279261107148435,1,0,0,0,99,42
1702030200,12,8,4,1090,20.2,0.0,80,0,0,0,0,1,0,0,0.13226211205325097,-0.9912147767841303,-0.9978012770046274,-0.06627678030754695,0.7301632626705986,-0.683272719963432,-0.9174074122121076,-0.39794929327526646,-0.8360470361394945,0.5486577743569909,0.4750485373322441,-0.8799595940601451,-0.9695255525410729,-0.24499020994710669,0.7889835897999105,-0.6144142698753396,-0.8984470685230543,-0.43908184323919636,0.8482575797595906,-0.5295838728477311,1,0,0,0,99,43
1702030260,12,8,4,1091,20.2,0.0,80,0,0,0,0,1,0,0,-0.7626169502553196,-0.6468503591892605,-0.9074277820271045,0.4202080679917626,0.5384198789087553,-0.8426767078754944,-0.9598637163356823,-0.2804668359401033,-0.800145872931962,0.5998054534846681,0.4473223370877716,-0.8943728119427233,-0.9732350209334648,-0.2298120841658208,0.7841594493997445,-0.620559391127948,-0.9001553730128894,-0.4355689433786872,0.8472216189931319,-0.5312396147791093,1,0,0,0,99,44
1702030320,12,8,4,1092,20.2,0.0,80,0,0,0,0,1,0,0,-0.9563495054874062,0.2922252955409466,-0.5948843183590627,0.8038113259779768,0.3132001548706699,-0.9496871395301657,-0.9873416682005692,-0.15860778743465642,-0.7611201572139107,0.6486109051524434,0.4191593341723149,-0.9079126899521901,-0.9767068879536455,-0.2145778530601538,0.7792874479484941,-0.6266666366338032,-0.9018499422392295,-0.4320493972719999,0.8461824263337073,-0.5328933301928258,1,0,0,0,99,43
1702030380,12,8,4,1093,20.2,0.0,80,0,0,0,0,1,0,0,-0.2708187358060818,0.9626303612168046,-0.13669242624080422,0.9906135374647382,0.0685071621630242,-0.9976506245837613,-0.9994124835581556,-0.034273717454039475,-0.7191222835700614,0.6948835451160001,0.39058702928028716,-0.9205660066274445,-0.9799403059950755,-0.19929123584914057,0.7743678828080167,-0.6327356336381172,-0.9035307503450332,-0.428523258623078,0.8451400057455208,-0.534545012780459,1,0,0,0,99,41
1702030440,12,8,4,1094,20.2,0.0,80,0,0,0,0,1,0,0,0.6637015306307652,0.7479975121872929,0.35496653913623116,0.9348790061252026,-0.18044527407887062,-0.9835850258430133,-0.9958878013719752,0.0905951824243062,-0.6743162527982304,0.7384426797065248,0.3616333227825357,-0.9323204062194833,-0.9829344856651138,-0.18395596454113236,0.7694010542432121,-0.6387660117205939,-0.9051977716832366,-0.4249905812364588,0.8440943612050903,-0.5361946562413418,1,0,0,0,99,41
1702030500,12,8,4,1095,20.1,0.0,81,0,0,0,0,1,0,0,0.9880176706221142,-0.15434079997995195,0.7597173158418702,0.6502534890410232,-0.41817849715102334,-0.9083648741120011,-0.9768226231286827,0.2140503747812637,-0.6268770314897238,0.7791182114356151,0.33232648748210314,-0.9431644107565804,-0.9856886959777362,-0.1685757830226803,0.7643872654036958,-0.6447574028180366,-0.9068509808171452,-0.4214514190164529,0.8430454967012317,-0.5378422542825857,1,0,0,0,99,43
1702030560,12,8,4,1096,20.1,0.0,81,0,0,0,0,1,0,0,0.4039549207204277,-0.9147788924246957,0.9784627975617406,0.20642323945634647,-0.6299114066849614,-0.7766669941024745,-0.9425144545582509,0.33416538263076073,-0.5769898687885426,0.8167513032223337,0.30269514100631545,-0.953087431252331,-0.9882022645319962,-0.1531544461445194,0.7593268223052967,-0.6507094412468135,-0.9084903525208217,-0.4179058259663213,0.8419934162350443,-0.5394878006191052,1,0,0,0,99,42
1702030620,12,8,4,1097,20.1,0.0,81,0,0,0,0,1,0,0,-0.5515021203580569,-0.8341734898931801,0.9576464613554367,-0.28794661840940233,-0.8024794758775462,-0.5966797221251103,-0.8934986631565573,0.44906585144881017,-0.5248495729974398,0.8511949986486088,0.2727682178621542,-0.9620797780456174,-0.9904745776761807,-0.13769571880487538,0.754220033811379,-0.6566217637251771,-0.9101158617794707,-0.41435385618745174,0.8409381238198955,-0.5411312889736409,1,0,0,0,99,42
1702030680,12,8,4,1098,20.1,0.0,81,0,0,0,0,1,0,0,-0.9999106553616806,0.013367172257978635,0.7023648723213674,-0.7118171015991323,-0.925153258006243,-0.37959379499727586,-0.8305401239546696,0.5569587978489631,-0.47065975085566697,0.8823147958209029,0.2425749411822016,-0.9701326702623984,-0.9925050806576252,-0.12220337503031901,0.7490672116139909,-0.6624940093954363,-0.9117274837898209,-0.41079556387853294,0.8398796234814049,-0.5427727130767847,1,0,0,0,99,55
1702030740,12,8,4,1099,20.1,0.0,81,0,0,0,0,1,0,0,-0.5290059451500208,0.848618117881025,0.27511986671174343,-0.96140993282809,-0.9903054914590976,-0.1389065642291789,-0.7546212838998045,0.656160588488375,-0.4146320124590147,0.9099891725972279,0.2121447941887475,-0.9772382443900842,-0.9942932777581482,-0.10668119705439141,0.7438686702148408,-0.6683258198459823,-0.9133251939605034,-0.40723100333472756,0.8388179192574297,-0.544412066667002,1,0,0,0,99,45
1702030860,12,8,4,1101,20.1,0.0,81,0,0,0,0,1,0,0,0.9917904215356813,0.127873999507623,-0.6603506646064563,-0.7509573887736983,-0.935670184620013,0.35287576512584545,-0.568825208158954,0.8224584381978962,-0.29794425804343316,0.9545832698612249,0.15069294963397442,-0.9885806163033,-0.9971410673278129,-0.07556250292539285,0.7333357017510442,-0.6798667138030098,-0.9164787814791485,-0.4000832952005059,0.8366849153655472,-0.5476845373020377,1,0,0,0,99,42
1702030920,12,8,4,1102,20.1,0.0,81,0,0,0,0,1,0,0,0.6434689119906669,-0.7654722459381185,-0.9395403785729803,-0.3424381360639331,-0.8192796030855196,0.5733942203824812,-0.4618472580937981,0.8869594749430442,-0.2377399052083556,0.9713288513534034,0.1197312587560086,-0.9928063384551399,-0.9981999645499743,-0.05997358395518874,0.7280019175645037,-0.6855750929128083,-0.9180346107072457,-0.39650025667532157,0.8356136238344016,-0.5493176418633751,1,0,0,0,99,41
1702030980,12,8,4,1103,20.1,0.0,81,0,0,0,0,1,0,0,-0.29645494772964054,-0.9550468386244814,-0.9886978402485972,0.14992191530179746,-0.6519501839474403,0.7582618002055086,-0.3476623360349028,0.9376198057329816,-0.17660718313112056,0.9842814144676769,0.08865265233573967,-0.9960626020656727,-0.9990151655669879,-0.044370023294603905,0.7226236998931754,-0.6912416280525198,-0.9195764318566781,-0.3929111680440506,0.8345391446912633,-0.5509486509448723,1,0,0,0,99,39
1702031040,12,8,4,1104,20.1,0.0,81,0,0,0,0,1,0,0,-0.9638194956793541,-0.2665557723036503,-0.7957875885887045,0.6055758530920589,-0.4440856600409099,0.8959843338731037,-0.2280522595008612,0.9736488930495181,-0.11478481378318722,0.9933903797222716,0.057487478104924564,-0.9983462274487422,-0.9995864713592172,-0.028755630329187164,0.7172013769957456,-0.6968659733660458,-0.9211042214011522,-0.38931608407176954,0.8334614820349437,-0.5525775583247253,1,0,0,0,99,41
1702031100,12,8,4,1105,20.2,0.0,80,0,0,0,0,1,0,0,-0.7450528441828046,0.6670054417882312,-0.40804078117987713,0.9129637018491565,-0.20861004068697586,0.9779989012900671,-0.10488350373136132,0.994484515035319,-0.05251421219384832,0.998620176802802,0.02626616832731819,-0.999654984682916,-0.9999137424505465,-0.013134217089039184,0.7117352798228563,-0.7024477855723373,-0.9226179560284792,-0.3857150596150367,0.8323806399763982,-0.5542043577891477,1,0,0,0,99,40
1702031160,12,8,4,1106,20.2,0.0,80,0,0,0,0,1,0,0,0.15871195626818388,0.9873249287532074,0.07960864038153331,0.9968261956713436,0.03983594061056201,0.9992062338855137,0.01992192403467051,0.9998015387779501,0.009961456270293016,0.9999503834635872,-0.004980789917915772,-0.9999875957889646,-0.9999968989424328,0.002490402681839968,0.7062257419969057,-0.7079867239863471,-0.9241176126409308,-0.3821081496210549,0.831296622638711,-0.5558290431323939,1,0,0,0,99,38
1702031220,12,8,4,1107,20.2,0.0,80,0,0,0,0,1,0,0,0.9165577160638908,0.39990242950467825,0.5477670903291479,0.8366308712642267,0.285805116063178,0.9582877624347049,0.1444164768392013,0.9895169939002323,0.07239822546087599,0.9973758052760836,-0.03622288450632025,-0.9993437359777875,-0.9998359205334112,0.018114414456621736,0.7006730997916855,-0.713482450539823,-0.9256031683555925,-0.37849540912683277,0.8302094341570785,-0.5574516081567831,1,0,0,0,99,36
1702031280,12,8,4,1108,20.2,0.0,80,0,0,0,0,1,0,0,0.831724538632928,-0.5551885191859097,0.8818130525190443,0.47159913104992585,0.5140043136735694,0.8577875993070563,0.2666574588239974,0.9637913672852274,0.13455228113037063,0.9909064959130168,-0.06742960806271654,-0.9977240339675638,-0.9994308465240513,0.033734003856911096,0.6950776921118563,-0.7189346298019421,-0.9270746005047118,-0.3748768932583455,0.8291190786787943,-0.5590720466727229,1,0,0,0,99,36
1702031340,12,8,4,1109,20.2,0.0,80,0,0,0,0,1,0,0,-0.01779234392291962,-0.9998417037200081,0.9999604251469175,-0.008896524040091641,0.710245212599174,0.7039543578812153,0.3847373403497409,0.923026098732104,0.19618091302149665,0.9805677178890053,-0.09857048775113843,-0.9951300713698198,-0.9987817758073632,0.04934535758397232,0.6894398604722632,-0.724342928999784,-0.9285318866360444,-0.3712526572296931,0.8280255603632333,-0.560690352498733,1,0,0,0,99,38
1702031460,12,8,4,1111,20.2,0.0,80,0,0,0,0,1,0,0,-0.9017492607873273,0.43225949459729496,0.5327947566383818,-0.8462444961703725,0.9607925104231331,0.2772683752518736,0.6011370994823587,0.7991459113490706,0.3169022630488218,0.9484581992236323,-0.1605331753507164,-0.9870304451291338,-0.9967523376268385,0.08052811580704633,0.6780383042988625,-0.7350265695221657,-0.931403932115966,-0.3639872459838629,0.8258290519180901,-0.5639205413957435,1,0,0,0,99,39
1702031520,12,8,4,1112,20.2,0.0,80,0,0,0,0,1,0,0,-0.12348338230693397,0.9923466401888201,0.061860164125145584,-0.9980848261016746,0.99952109184891,0.030944901828293042,0.6960801312247417,0.717964101410472,0.375523566896625,0.926812845565509,-0.1912944777489552,-0.9815326906337631,-0.9953724656212274,0.09609190747986249,0.6722752756572777,-0.7403012587723536,-0.9328186476406745,-0.3603461816279218,0.8247260701675199,-0.5655324121445553,1,0,0,0,99,41
1702031580,12,8,4,1113,20.2,0.0,80,0,0,0,0,1,0,0,0.7683125483936604,0.6400748612317464,-0.42421995401457346,-0.9055591811780571,0.9761042928852575,-0.21730257571177444,0.780161065329389,0.6255787017986728,0.43267845925197573,0.901548307579431,-0.2218689843359916,-0.9750764861228659,-0.9937495877037801,0.11163223969161885,0.6664712147979015,-0.7455307638493595,-0.9342191295005041,-0.3566996188325974,0.823619942337665,-0.5671421255591065,1,0,0,0,99,42
1702031640,12,8,4,1114,20.2,0.0,80,0,0,0,0,1,0,0,0.9537254653559767,-0.30067879328533587,-0.8064362322233966,-0.5913210662215004,0.8919980566743126,-0.45203923158200526,0.8520678469411944,0.5234313557755185,0.48814375148335226,0.8727632427455679,-0.2522268396250011,-0.9676681359705837,-0.9918841000768648,0.12714531849308558,0.6606264759706935,-0.7507147655711474,-0.9356053563258249,-0.3530476132399514,0.8225106726480671,-0.5687496754988299,1,0,0,0,99,40
1702031700,12,8,4,1115,20.2,0.0,81,0,0,0,0,1,0,0,0.2622875878003373,-0.9649897519071797,-0.9912087953370823,-0.13230693121076506,0.7524317016217369,-0.658670277448905,0.9106783947829511,0.413116038511636,0.5417028528115594,0.8405700561260899,-0.28233839968547497,-0.9593148743051183,-0.9897764581725306,0.14262735658856207,0.6547414159083866,-0.7558529475329715,-0.9369773069645208,-0.349390220575096,0.8213982653302526,-0.570355055831411,1,0,0,0,99,42
1702031760,12,8,4,1116,20.2,0.0,81,0,0,0,0,1,0,0,-0.6702962883777479,-0.7420935829038108,-0.9332988757369771,0.35910055492590737,0.5660827877060443,-0.8243483956816764,0.9550781108583937,0.2963541836370153,0.5931466160920859,0.8050944614258054,-0.3121742610900157,-0.9500248579447291,-0.9874271765413207,0.1580745742604909,0.6488163938047147,-0.7609449961266882,-0.9383349604823131,-0.3457274966453434,0.8202827246277175,-0.571958260432812,1,0,0,0,99,40
1702031820,12,8,4,1117,20.2,0.0,81,0,0,0,0,1,0,0,-0.9866128482510428,0.16308000388142288,-0.6468848414202396,0.7625877011470297,0.3445375878282153,-0.9387725233375308,0.9845741524480345,0.17496782084496165,0.642274154530228,0.7664749900828343,-0.3417052896262844,-0.9398071584327378,-0.984836828726652,0.17348320029222167,0.6428517712924879,-0.7659906005598964,-0.9396782961630795,-0.34205949733935437,0.8191640547959104,-0.5735592831872943,1,0,0,0,99,40
1702031880,12,8,4,1118,20.2,0.0,81,0,0,0,0,1,0,0,-0.39584210544059495,0.9183185871800467,-0.20209083702626568,0.9793667819514931,0.1015707094799159,-0.9948283223630832,0.9987062436880735,0.050851143728124895,0.6888936261397238,0.7248624503063064,-0.37090264874606493,-0.9286717531793207,-0.9820060471247926,0.1888494728886995,0.6368479124215218,-0.7709894528749078,-0.9410072935091703,-0.33838627862628545,0.8180422601022167,-0.5751581179874429,1,0,0,0,99,35
1702031940,12,8,4,1119,20.2,0.0,81,0,0,0,0,1,0,0,0.5588640435925373,0.8292592964684801,0.29218205243607953,0.9563627179236129,-0.14771134363410798,-0.989030514676775,0.9972538580213102,-0.07405904847898395,0.7328229828816042,0.6804193381735325,-0.39973782772366406,-0.916629515718737,-0.9789355228304715,0.20416964059485318,0.6308051836364167,-0.775941247967542,-0.9423219322417212,-0.3347078965549349,0.8169173448259422,-0.576754758734189,1,0,0,0,99,32
1702032000,12,8,4,1120,20.2,0.0,81,0,0,0,0,1,0,0,0.9997531682802758,-0.022217167091024455,0.7149185852567496,0.6992077062321952,-0.3878094208292295,-0.9217395798793158,0.9802396594403116,-0.19781357400426822,0.7738906815578891,0.6333192030862999,-0.428182669496151,-0.9036922050915067,-0.9756260054681576,0.2194399632114593,0.6247239537541924,-0.7808456836057491,-0.9436221923009624,-0.3310244072528874,0.815789313258297,-0.5783491993368335,1,0,0,0,99,35
1702032060,12,8,4,1121,20.2,0.0,81,0,0,0,0,1,0,0,0.5214738406490854,-0.8532672696867566,0.9626181147492386,0.270862262333869,-0.6037953865615946,-0.7971393423780654,0.9479291488233879,-0.3184812848676784,0.8119363536841046,0.5837459700641716,-0.4562093981582516,-0.8898724543619079,-0.9720783030090497,0.23465671270825827,0.618604593941777,-0.785702460448056,-0.9449080538465253,-0.3273358669256578,0.8146581697023783,-0.5799414337130699,1,0,0,0,99,36
1702032120,12,8,4,1122,20.2,0.0,81,0,0,0,0,1,0,0,-0.43624613117504446,-0.8998273795761085,0.9746351572706857,-0.22379971003543722,-0.7822402795929897,-0.6229768414494085,0.9008265208821864,-0.4341792017995516,0.8468114317247825,0.5318932215212224,-0.4837906460850486,-0.8751837582820029,-0.9682932815738222,0.24981617413409918,0.6124474776933533,-0.7905112820618372,-0.9461794972577448,-0.32364233185583335,0.8135239184731551,-0.5815314557890083,1,0,0,0,99,34
1702032180,12,8,4,1123,20.2,0.0,81,0,0,0,0,1,0,0,-0.9928834218489483,-0.11909034644975776,0.7480275217028307,-0.6636677081003122,-0.9120492607585163,-0.4100806578587241,0.8396667963718477,-0.5431018975023361,0.8783797292465076,0.4779634413308532,-0.5108994806560028,-0.8596404601142426,-0.9642718652211737,0.2649146465238922,0.6062529808075618,-0.7952718549414068,-0.9474365031339586,-0.31994385840221495,0.8123865638974511,-0.5831192594991976,1,0,0,0,99,36
1702032240,12,8,4,1124,20.2,0.0,81,0,0,0,0,1,0,0,-0.636668273391427,0.771137801989229,0.33827666045026744,-0.9410467050017307,-0.9851514363288851,-0.17168764515577298,0.7654043523379563,-0.6435496697397284,0.9065179727230256,0.4221672241305995,-0.5375094305542,-0.8432577376255137,-0.9600150357222312,0.27994844380214573,0.6000214813645651,-0.7999838885259333,-0.9486790522948035,-0.31624050299895706,0.8112461103139285,-0.5847048387866493,1,0,0,0,99,33
1702032300,12,8,4,1125,20.2,0.0,79,0,0,0,0,1,0,0,0.30489674947599804,0.9523854115634964,-0.1542961250914999,-0.9880246483675132,-0.997001667091764,0.07738007376736837,0.6791980293819437,-0.7339550646215912,0.9311162829157246,0.364722452954578,-0.5635945116151425,-0.8260515882663074,-0.9555238323208656,0.2949138956828693,0.5937533597029707,-0.8046470952171733,-0.9499071257805084,-0.3125323221547067,0.8101025620730707,-0.5862881876028603,1,0,0,0,99,34
1702032360,12,8,4,1126,20.2,0.0,79,0,0,0,0,1,0,0,0.9661411069785915,0.25801426589663984,-0.6090918379453792,-0.7930996992486631,-0.9468631630939771,0.32163667448795147,0.5823930483410875,-0.8129073361976602,0.9520786039497107,0.30585344840490175,-0.5891292521998455,-0.8080388135494797,-0.9507993514799744,0.3098073485656209,0.5874489983966179,-0.8092611903970253,-0.9511207048521826,-0.30881937245174135,0.8089559235371669,-0.5878692999078361,1,0,0,0,99,33
1702032420,12,8,4,1127,20.2,0.0,79,0,0,0,0,1,0,0,0.739119786313062,-0.6735740059418368,-0.9147606260497434,-0.40399628343473853,-0.8378532936722092,0.5458954646107904,0.4765000185672659,-0.8791744606762615,0.9693230784099441,0.24579009268452884,-0.6140887180674593,-0.7892370026438601,-0.9458427466137963,0.32462516642748135,0.5811087822312268,-0.8138258924449017,-0.9523197709921026,-0.3051017105451052,0.8078061990802946,-0.5894481696701139,1,0,0,0,99,31
1702032480,12,8,4,1128,20.2,0.0,79,0,0,0,0,1,0,0,-0.16744485726316327,-0.9858814430630688,-0.9964641095049708,0.08401951242696915,-0.6767497645263835,0.7362131187458456,0.363171365373259,-0.9317223617435201,0.9827823669926928,0.18476693191217952,-0.6384485367231334,-0.7696645151987259,-0.9406552278063217,0.33936373171073697,0.5747330981809134,-0.8183409227549167,-0.9535043059039945,-0.301379393161745,0.8066533930883032,-0.5910247908667855,1,0,0,0,99,34
1702032540,12,8,4,1129,20.2,0.0,79,0,0,0,0,1,0,0,-0.9200614712831593,-0.39177402805733347,-0.834198426052619,0.5514644013636177,-0.47356921280652436,0.8807566069475771,0.2441755444884099,-0.9697310469783819,0.9924039114640726,0.12302226022476213,-0.6621849212173432,-0.7493404634159169,-0.935238061515868,0.3540194462060546,0.5683223353845709,-0.8228060057528914,-0.9546742915133128,-0.29765247709964426,0.8054975099587969,-0.5925991574835201,1,0,0,0,99,33
1702032600,12,8,4,1130,20.2,0.0,79,0,0,0,0,1,0,0,-0.8267778116862851,0.5625286215858156,-0.46769187421537717,0.8838915718530796,-0.24094442112956296,0.9705389152046093,0.12136944589844409,-0.9926074035600907,0.9981501398988257,0.060797189243867816,-0.6852746933734428,-0.7282846933870942,-0.9295925702658919,0.36858873193093256,0.561876885122118,-0.8272208689131738,-0.9558297099675166,-0.2939210192269568,0.8043385541011188,-0.5941712635145877,1,0,0,0,99,30
1702032660,12,8,4,1131,20.2,0.0,79,0,0,0,0,1,0,0,0.02664155509373045,0.9996450507766182,0.01332195975413766,0.9999112587566504,0.0066611276578957485,0.9999778144430631,-0.003330582301704925,-0.9999944535953845,0.9999986133978848,-0.0016652934599518964,-0.7076953064207618,-0.7065177657143691,-0.9237201323221144,0.38306803200321415,0.5553971407906174,-0.8315852427752713,-0.9569705436363418,-0.29018507648113867,0.803176529936333,-0.5957411029628816,1,0,0,0,99,31
1702032720,12,8,4,1132,20.2,0.0,79,0,0,0,0,1,0,0,0.8555667989843964,0.5176924303827453,0.4910741133562503,0.8711177963922977,0.253852519790234,0.9672429364932829,-0.12797863787897792,-0.9917769246391254,0.9979421137117938,-0.06412127322844811,-0.7294248670111433,-0.6840609354332229,-0.9176221813560369,0.3974538115094489,0.5488834978802656,-0.8358988609602985,-0.9580967751120705,-0.2864447058680798,0.8020114418972087,-0.5973086698399414,1,0,0,0,99,29
1702032780,12,8,4,1133,20.2,0.0,79,0,0,0,0,1,0,0,0.8978878735372546,-0.44022422304406095,0.8485941972003052,0.529044316175847,0.48526059175671427,0.8743695775173811,-0.25062962961571295,-0.9680830484822521,0.9919886714278173,-0.12632686079719518,-0.7504421565974273,-0.6609361312573269,-0.9113002060949308,0.41174255836789153,0.5423363539502531,-0.8401614601872344,-0.9592083872097956,-0.28269996446123374,0.8008432944282027,-0.598873958165976,1,0,0,0,99,31
1702032840,12,8,4,1134,20.2,0.0,79,0,0,0,0,1,0,0,0.11469497798204223,-0.993400756002178,0.9983488258124457,0.05744233629398255,0.6864975104492431,0.7271321531516752,-0.3693696298075444,-0.9292825601375706,0.9821615346106695,-0.1880391446779491,-0.770726652153002,-0.6371659341655245,-0.9047557499583864,0.4259307841859259,0.5357561086045003,-0.8443727802889923,-0.9603053629676844,-0.2789509094007471,0.7996720919854422,-0.6004369619698862,1,0,0,0,99,30
1702032900,12,8,4,1135,20.2,0.0,79,0,0,0,0,1,0,0,-0.7739479513868687,-0.6332492151941991,0.9036728432331579,-0.42822353088416387,0.8450513389386954,0.5346851733103491,-0.4823457404650998,-0.8759809282485405,0.9684990780193187,-0.24901713972281062,-0.7902585462121908,-0.6127735553518892,-0.8979904106815086,0.4400150251117062,0.5291431634672671,-0.8485325642282995,-0.9613876856472365,-0.2751975978925875,0.7984978390367088,-0.6019976752892874,1,0,0,0,99,30
1702032960,12,8,4,1136,20.2,0.0,79,0,0,0,0,1,0,0,-0.9510267034945383,0.30910873368494685,0.587746231938178,-0.8090453428841139,0.9510639681125854,0.3089940590981371,-0.5877950071674065,-0.8090099069535975,0.9510546532543747,-0.3090227281660707,-0.8090187662119065,-0.587782813560387,-0.8910058399248534,0.45399184267980686,0.5224979221586403,-0.8526405581133842,-0.9624553387335394,-0.27144008720767066,0.7973205400614205,-0.6035560921705327,1,0,0,0,99,32
1702033020,12,8,4,1137,20.2,0.0,79,0,0,0,0,1,0,0,-0.25373589029368065,0.967273538342114,0.1279188446982811,-0.9917846385032675,0.9979440461527058,0.06409119087960714,-0.6840719293759951,-0.7294145566410116,0.9298963804212305,-0.36782158946898996,-0.8269889931156853,-0.5622181118262778,-0.8838037428711981,0.46785782465067427,0.5158207902698987,-0.8566965112134736,-0.9635083059355206,-0.2676784346809867,0.7961401995506151,-0.6051122066687357,1,0,0,0,99,32
1702033080,12,8,4,1138,20.2,0.0,79,0,0,0,0,1,0,0,0.6768385302801764,0.7361315126580106,-0.36322753704942956,-0.9317004649183155,0.9827767968664898,-0.18479655716717844,-0.7696741379204508,-0.6384369361310566,0.9051068821225083,-0.42518411533648776,-0.8441516793019155,-0.5361044136469649,-0.8763858778092459,0.4816095858436764,0.5091121753387575,-0.8607001759740951,-0.964546571186196,-0.2639126977107249,0.794956822006933,-0.6066660128477922,1,0,0,0,99,38
1702033140,12,8,4,1139,20.2,0.0,79,0,0,0,0,1,0,0,0.9851307275152447,-0.17180643091946454,-0.7654431497242185,-0.6435035233316658,0.9065052463531763,-0.4221945503368881,-0.8432658389668374,-0.5374967207635373,0.8767829608185647,-0.48088630633262097,-0.8604900656987915,-0.509467218605564,-0.8687540557043645,0.4952437689635459,0.5023724868244946,-0.8646513080321876,-0.9655701186429154,-0.26014293375739844,0.7937704119445995,-0.608217504780404,1,0,0,0,99,38
1702033260,12,8,4,1141,20.2,0.0,79,0,0,0,0,1,0,0,-0.5661821813880273,-0.8242801328909335,-0.955060242312215,0.29641176352252496,0.5931223467706621,-0.8051123410812074,-0.9500295629824388,-0.3121599421120466,0.8099876363599776,-0.5864469532225202,-0.8906309429900019,-0.45472686679889496,-0.8528560449451288,0.5221461161404464,0.4888015363414653,-0.8723950126348862,-0.9675729979270004,-0.2525915550499599,0.7913885123787051,-0.6113135222412638,1,0,0,0,99,31
1702033320,12,8,4,1142,20.2,0.0,79,0,0,0,0,1,0,0,-0.9995173533267221,0.031065421270998466,-0.6960368448325855,0.718006065876535,0.3754956285520944,-0.9268241650595153,-0.9815355737464423,-0.1912796838930951,0.7717770675179119,-0.6358931970491998,-0.9044040018291604,-0.4266771630582074,-0.8445937375620919,0.535407712375248,0.481971102673569,-0.8761871125436759,-0.9685522991928923,-0.24881005552059607,0.790193031961367,-0.6128580359591461,1,0,0,0,99,35
1702033380,12,8,4,1143,20.2,0.0,79,0,0,0,0,1,0,0,-0.5139008801272689,0.8578495703819047,-0.26659935260432954,0.9638074419669898,0.134522410833679,-0.9909105514543152,-0.9977250501652034,-0.06741457018213824,0.730552725743371,-0.6828562915496429,-0.9172939255085152,-0.3982108163086213,-0.8361252347312038,0.5485385964958978,0.47511125197373627,-0.8799257345071508,-0.9695168215423472,-0.245024759455906,0.7889945371977889,-0.6144002118098976,1,0,0,0,99,32
1702033440,12,8,4,1144,20.2,0.0,79,0,0,0,0,1,0,0,0.4441936922858625,0.8959307806596738,0.22811095911894086,0.9736351423042602,-0.11481475884166603,-0.9933869191569467,-0.9983453608739179,0.05750252534912421,0.6864755912087755,-0.7271528468448447,-0.9292881272363391,-0.36935562345465606,-0.8274526039159754,0.5615355627853609,0.4682224029318968,-0.8836106503390961,-0.9704665502579407,-0.24123572461485038,0.7877930326598638,-0.6159400439105862,1,0,0,0,99,31
1702033500,12,8,4,1145,20.6,0.0,77,0,0,0,0,1,0,0,0.9938986325155377,0.11029736299542382,0.66697175240207,0.7450830030927507,-0.3570133029084836,-0.9340992996177523,-0.9833868261314447,0.18152231320453105,0.6397177841812235,-0.7686098858343324,-0.9403748948781896,-0.340139761102453,-0.8185779624148372,0.5743954382207205,0.4613049760078898,-0.8872416351312422,-0.9714014708479811,-0.2374430088134391,0.7865885229309665,-0.6174775263872204,1,0,0,0,99,31
1702033560,12,8,4,1146,20.6,0.0,77,0,0,0,0,1,0,0,0.6298177536088091,-0.7767429415444683,0.9425345992440989,0.3341085590459571,-0.5770144889662836,-0.8167339098647604,-0.9530828688694285,0.3027095060740904,0.5904618928965313,-0.8070655196680411,-0.9505434023936101,-0.31059175804579786,-0.8095034768442313,0.5871150832478255,0.4543593934058008,-0.8908184672669919,-0.9723215690467305,-0.233646669923849,0.7853810126059354,-0.619012653374772,1,0,0,0,99,29
1702033620,12,8,4,1147,20.6,0.0,77,0,0,0,0,1,0,0,-0.3133146634124747,-0.9496493677619796,0.9873321041478342,-0.15866731269864684,-0.7611397088244204,-0.6485879613827846,-0.9079063722055223,0.4191730183451789,0.5389002605560796,-0.8423695799188082,-0.959783720407574,-0.2807404674082379,-0.8002313626096637,0.5996913925477679,0.44738607904819305,-0.8943409284349475,-0.9732268308146225,-0.2298467658735407,0.7841705062910556,-0.6205454190171978,1,0,0,0,99,28
1702033680,12,8,4,1148,20.6,0.0,77,0,0,0,0,1,0,0,-0.9683870238169294,-0.2494525447915689,0.7903962755452384,-0.6125958925786359,-0.8979409481081247,-0.4401159548467677,-0.8485623002604958,0.529095475861036,0.48523423423072903,-0.8743842049868684,-0.9680868259063513,-0.2506150384684961,-0.7907638833648436,0.6121212957950017,0.4403854585502332,-0.8978088036422348,-0.9741172423384761,-0.22604335464437486,0.7829570086040404,-0.6220758174674632,1,0,0,0,99,30
1702033740,12,8,4,1149,20.6,0.0,77,0,0,0,0,1,0,0,-0.7331288204696695,0.6800897974508595,0.3999438726553643,-0.9165396329267108,-0.9789125683447707,-0.2042796699053643,-0.7759766974289126,0.6307615754366446,0.4296733786048162,-0.9029843784464503,-0.9754446110483287,-0.22024488819669533,-0.7811033504590462,0.6244017584069189,0.43335795919371384,-0.901221881227625,-0.9749927900317071,-0.22223649427172731,0.781740524174015,-0.623603842887563,1,0,0,0,99,34
1702033800,12,8,4,1150,20.6,0.0,77,0,0,0,0,1,0,0,0.1761646394206257,0.9843607163117598,-0.08842873879073523,-0.9960825056971334,-0.999020146367713,0.044257735498252376,-0.6912822377660761,0.7225848515912344,0.37243465763054706,-0.9280584172322436,-0.9818498910811784,-0.1896596725291863,-0.771252122372829,0.6365297822846995,0.42630400990097467,-0.9045799528744541,-0.9758534605345349,-0.21842624284360365,0.7805210576414975,-0.6251294894485447,1,0,0,0,99,64
1702033860,12,8,4,1151,20.6,0.0,77,0,0,0,0,1,0,0,0.9234931422524565,0.38361493220765563,-0.5551509109207803,-0.8317496414810336,-0.9570134903649565,0.2900434092674461,-0.5958005499882296,0.8031324328115028,0.3137415872884062,-0.9495084077593792,-0.9872964113576478,-0.15888925741002893,-0.7612126041422426,0.6485024065452537,0.4192240412087231,-0.907882813623337,-0.9766992407141866,-0.21461265849975275,0.7792986136583822,-0.6266527513305304,1,0,0,0,99,65
1702033920,12,8,4,1152,20.6,0.0,77,0,0,0,0,1,0,0,0.8217663090042067,-0.5698246514372669,-0.8859527784925297,-0.4637754567475154,-0.8555043707508208,0.5177955886508133,-0.49102159389846933,0.8711474010323434,0.25382336276203626,-0.9672505882738824,-0.9917788534431158,-0.12796368962740468,-0.7509872467716762,0.6603167082440802,0.4121184852417566,-0.9111302618846769,-0.977530117665097,-0.2107957994307797,0.7780731968879212,-0.6281736227227391,1,0,0,0,99,64
1702033980,12,8,4,1153,20.6,0.0,77,0,0,0,0,1,0,0,-0.03548867897301029,-0.9993700784317843,-0.999842507205956,0.017747134532308913,-0.7008041329314815,0.7133537462340508,-0.3785804100623468,0.9255684054228652,0.1929139634359509,-0.9812156759405307,-0.9952928403089542,-0.09691316747343799,-0.7405785466354794,0.6719698030888598,0.404987775686588,-0.9143220994509702,-0.9783460787091065,-0.20697572387725785,0.7768448120047072,-0.6296920978235085,1,0,0,0,99,61
1702034040,12,8,4,1154,20.6,0.0,77,0,0,0,0,1,0,0,-0.8601155391668699,-0.5100992641473664,-0.8689359194288628,0.4949246083256689,-0.5025312884161199,0.8645590229491764,-0.2602316055466972,0.96554622441113,0.1312512392110452,-0.9913491373908412,-0.9978349406066219,-0.06576801125607637,-0.7299890448685091,0.6834588461436152,0.3978323477649755,-0.917458131508903,-0.9791471113956531,-0.20315249012884015,0.7756134636946551,-0.6312081708403179,1,0,0,0,99,65
1702034160,12,8,4,1156,20.3,0.0,78,0,0,0,0,1,0,0,-0.10589758762554134,0.9943770416371703,-0.053023383345603574,0.998593270966005,-0.026521020285755953,0.9996482558795381,-0.013261676373330016,0.9999120601031718,0.006630983970279104,-0.9999780147841181,-0.9999945036809248,-0.0033155102082415536,-0.7082780210511411,0.705933598078374,0.38344908522620447,-0.9235620168885179,-0.9807043430332401,-0.1954967814459897,0.7731418955942013,-0.6342330874978104,1,0,0,0,99,64
1702034280,12,8,4,1158,20.3,0.0,78,0,0,0,0,1,0,0,0.9482534313435556,-0.3175144562774626,0.811638606855743,0.5841598855290122,0.45598251856347943,0.8899887318188394,0.23453279960504517,0.972108206893358,-0.1180927455575532,-0.9930025697079937,-0.9982491096184343,0.05914993783600386,-0.685875375765888,0.7277190178344949,0.36897220909270734,-0.9294404278474482,-0.982201717532465,-0.1878291406472274,0.7706585302996481,-0.63724832653871,1,0,0,0,99,64
1702034340,12,8,4,1159,20.3,0.0,78,0,0,0,0,1,0,0,0.2451643132877585,-0.9694815415933105,0.9923410556843122,0.12352825265235788,0.6619938622629526,0.7495092569983235,0.35390022817291067,0.9352831809132257,-0.17988443385514805,-0.9836877504862063,-0.9959135882410196,0.09031126594670705,-0.6744215054597877,0.7383465534377157,0.3616997695342674,-0.9322946297811963,-0.982927929652321,-0.18399099192460988,0.7694124355391618,-0.6387523025693881,1,0,0,0,99,68
1702034460,12,8,4,1161,20.3,0.0,78,0,0,0,0,1,0,0,-0.9835714245347456,0.1805193974028589,0.6401096010048362,-0.7682836056440547,0.9402881488256817,0.3403794899490459,0.574291089105061,0.8186511741728115,-0.30112192366812857,-0.953585647483437,-0.98832829755184,0.15233901751777681,-0.651022650328782,0.7590583039259161,0.34708910676804877,-0.9378321555390166,-0.9843353482271722,-0.17630633065914494,0.7669114455591157,-0.6417529389651656,1,0,0,0,99,71
1702034520,12,8,4,1162,20.3,0.0,78,0,0,0,0,1,0,0,-0.3795240735526223,0.9251818619028498,0.19341424210376837,-0.9811171851269475,0.9952681008469395,0.09716690504758436,0.6718753957961311,0.7406641968691292,-0.3600942953803009,-0.9329159117704899,-0.9830859351477087,0.18314487193136209,-0.6390833779987701,0.7691374623340622,0.33975177531981915,-0.9405151413810577,-0.9850165332066914,-0.17245993537477364,0.7656565598800724,-0.6432495878837492,1,0,0,0,99,68
1702034580,12,8,4,1163,20.3,0.0,78,0,0,0,0,1,0,0,0.573455960388843,0.8192363892641181,-0.30063566882181647,-0.9537390600327005,0.988367102860243,-0.1520870473894794,0.7589753116503459,0.6511194024948576,-0.4176605065751025,-0.9086031593866647,-0.9768836060111421,0.21377188848552484,-0.6269880826277622,0.7790288468617593,0.3323937071743693,-0.9431407230264631,-0.9856826880458192,-0.1686109085639729,0.7643987534539721,-0.6447437830006688,1,0,0,0,99,63
1702034640,12,8,4,1164,20.3,0.0,78,0,0,0,0,1,0,0,0.9992032289764632,-0.03991124156186587,-0.7210794829843191,-0.6928523502298791,0.9200142254959646,-0.3918849638415085,0.8342316716121213,0.5514141076171752,-0.47359576242974594,-0.8807423311097222,-0.9697273666112869,0.2441901604183487,-0.6147397171086522,0.7887300426693371,0.3250153514302539,-0.9457087402232617,-0.9863338025798521,-0.16475930895815624,0.7631380310789642,-0.6462355186160244,1,0,0,0,99,61
1702034700,12,8,4,1165,19.9,0.0,80,0,0,0,0,1,0,0,0.5062876569049047,-0.8623646609559911,-0.9649778911861119,-0.26233122102030565,0.7944593196068335,-0.6073173713058496,0.8964701253543951,0.44310418001534946,-0.5276816369671445,-0.849442222877857,-0.9616242048944735,0.27436998480349767,-0.6023412717042151,0.798238681348974,0.3176171584242781,-0.9482190362329197,-0.9869698668735839,-0.16090519532799485,0.7618743975643212,-0.6477247890392976,1,0,0,0,99,61
1702034760,12,8,4,1166,19.9,0.0,80,0,0,0,0,1,0,0,-0.452106452059868,-0.8919639880655711,-0.9726160568450356,0.23241774021622025,0.6195087811257318,-0.7849897261162786,0.9447194626227086,0.32787975988441354,-0.579706926004678,-0.8148250609438855,-0.9525820334606059,0.3042818915546195,-0.5897957733170781,0.8075524415029093,0.31019957970401146,-0.9506714578399073,-0.9875908712214556,-0.15704862648252085,0.760607857730421,-0.6492115885893748,1,0,0,0,99,63
1702034820,12,8,4,1167,19.9,0.0,80,0,0,0,0,1,0,0,-0.9948359739965252,-0.10149573805034878,-0.7421238906174457,0.670262732795749,0.4060401871762517,-0.913855221792749,0.9782267686463986,0.2075388857627059,-0.6294684719020064,-0.7770260245843462,-0.9426096818366407,0.33389667220238495,-0.5771062847507447,0.8166690493101796,0.30276306800022723,-0.9530658553610499,-0.9881968061477051,-0.15318966126822994,0.7593384164087281,-0.6506959115945674,1,0,0,0,99,63
1702034880,12,8,4,1168,19.9,0.0,80,0,0,0,0,1,0,0,-0.6229178893619306,0.7822872254567869,-0.32993391349118173,0.9440040321568512,0.16732598101183924,-0.9859016259639831,0.9964691731217737,0.08395943674184847,-0.6767719568873076,-0.7361927182273159,-0.9317168878547055,0.36318540841606234,-0.5642759039618552,0.8255862790817391,0.29530807719927077,-0.9554020826546641,-0.9887876624065108,-0.14932835856818344,0.7580660784417752,-0.6521777523926344,1,0,0,0,99,65
1702034940,12,8,4,1169,19.9,0.0,80,0,0,0,0,1,0,0,0.32170803001899356,0.9468389215813312,0.16303539250522991,0.9866202211543537,-0.08179174422167067,-0.9966494421697013,0.9991620094283262,-0.04093017120840497,-0.721432661864018,-0.6924845950602783,-0.9199142881432699,0.3921195002417769,-0.551307763303866,0.8343019538038302,0.28783506231535605,-0.957679997129477,-0.9893634309821333,-0.14546477730110988,0.7567908486831451,-0.6536571053308035,1,0,0,0,99,64
1702035060,12,8,4,1171,19.9,0.0,80,0,0,0,0,1,0,0,0.7270804160280906,-0.6865523058212089,0.9183006876348315,0.39588362821591344,-0.5495982040473234,-0.8354291197390457,0.9579741958265487,-0.2868543883758398,-0.8021391364270415,-0.5971371750377631,-0.8936266488410479,0.4488111100241598,-0.5249708991819643,0.8511201765979232,0.2728367858281548,-0.9620603350616642,-0.9904696701721017,-0.1377310149137365,0.7542317332603212,-0.6566083250638327,1,0,0,0,99,58
1702035120,12,8,4,1172,19.9,0.0,80,0,0,0,0,1,0,0,-0.18487061956996106,-0.9827628676439799,0.9956813917222668,-0.09283623310976193,-0.739200998751274,-0.6734848798934681,0.9147362679738538,-0.40405143243560715,-0.8378697489573207,-0.5458702078170199,-0.8791672786839316,0.4765132695859477,-0.5116086054857034,0.859218618742037,0.2653124396423611,-0.9641624911657881,-0.9910001239065988,-0.13386095180113555,0.752947857358375,-0.6580801806006866,1,0,0,0,99,62
1702035180,12,8,4,1173,19.9,0.0,80,0,0,0,0,1,0,0,-0.9268524601099338,-0.3754257811980466,0.8292845655135657,-0.5588265467933469,-0.882843855614725,-0.46966661218712,0.8572241866008915,-0.5149433890307167,-0.8703284980485003,-0.49247162911648185,-0.863849416598889,0.5037501220265451,-0.4981214098859107,0.8671072949833097,0.2577719001527225,-0.9662057997609282,-0.991515456198472,-0.1299888461351046,0.7516611091892093,-0.659549525761673,1,0,0,0,99,58
1702035240,12,8,4,1174,19.9,0.0,80,0,0,0,0,1,0,0,-0.8166904232239494,0.5770760371166753,0.4598499553568124,-0.8879966320647492,-0.9715957575207781,-0.2366467493282453,0.7863354085020734,-0.6177998262672768,-0.8993886329800029,-0.4371499592432345,-0.8476880202182978,0.5304950710217605,-0.48451260508795824,0.8747842794145767,0.2502156275949039,-0.9681901361340594,-0.9920156591843848,-0.12611475699921215,0.7503714936613771,-0.6610163549416868,1,0,0,0,99,52
1702035300,12,8,4,1175,19.6,0.0,81,0,0,0,0,1,0,0,0.04433302241328026,0.9990168082288223,-0.022171961699155765,-0.9997541718414639,-0.999938541071766,0.01108666222395586,0.7031761293502661,-0.7110157038434368,-0.9249366745468137,-0.3801212281342382,-0.8306988708714603,0.5567220005827692,-0.4707855134863597,0.8822476978101924,0.24264408316483588,-0.970115379171517,-0.9925007252318552,-0.1222387435072919,0.7490790156943697,-0.6624806625452203,1,0,0,0,99,49
1702035360,12,8,4,1176,19.6,0.0,81,0,0,0,0,1,0,0,0.8645968916959479,0.5024661330574484,-0.49876540925697305,-0.8667370227056902,-0.9661099892625297,0.2581307588164473,0.6090440218832924,-0.7931364191664784,-0.9468728581933475,-0.32160813176404734,-0.8128985581744033,0.582405300557933,-0.4569434863536556,0.889495728083596,0.23505772899056523,-0.9719814113663893,-0.9929706469393719,-0.11836086480254095,0.7477836802185981,-0.6639424429863854,1,0,0,0,99,50
1702035420,12,8,4,1177,19.6,0.0,81,0,0,0,0,1,0,0,0.8899543660462135,-0.4560495876056486,-0.8532436895769135,-0.5215124219011238,-0.8722133975986393,0.4891255350617448,0.5054079861548763,-0.8628805059397694,-0.9651115235919032,-0.2618391625217956,-0.7943044638303991,0.6075198916406789,-0.4429899030222479,0.8965266007321475,0.22745702810404925,-0.9737881188256887,-0.9934254171365078,-0.11448118005661723,0.7464854921753729,-0.6654016906889337,1,0,0,0,99,49
1702035480,12,8,4,1178,19.6,0.0,81,0,0,0,0,1,0,0,0.0970919004884274,-0.9952754206045407,-0.9988181567744302,-0.04860339183359195,-0.7240868013690044,0.6897088545779327,0.39388522784059016,-0.9191596310157264,-0.9795814491444105,-0.20104771695330634,-0.7749347446570279,0.6320412498590158,-0.42892817005938433,0.9033385992691267,0.21984244441289458,-0.9755353912773044,-0.9938650288840292,-0.11059974846873663,0.745184456516887,-0.666858400086279,1,0,0,0,99,52
1702035540,12,8,4,1179,19.6,0.0,81,0,0,0,0,1,0,0,-0.7850364106161789,-0.6194496218473833,-0.8998471041925353,0.43620544365735325,-0.5309399948876741,0.8474094180670148,0.27621602228417635,-0.9610955774705798,-0.990226130101246,-0.13947118435257538,-0.7548083148563532,0.6559454305227779,-0.41476172043549425,0.9099300606427886,0.21221444267204273,-0.9772231220767315,-0.9942894754740018,-0.10671662926476969,0.7438805782061962,-0.6683125656215175,1,0,0,0,99,50
1702035600,12,8,4,1180,19.6,0.0,81,0,0,0,0,1,0,0,-0.9454058661811658,0.325895302497964,-0.5805620972394064,0.8142159733442853,-0.30478191109030295,0.9524221683015063,0.15423655808285816,-0.988033948885742,-0.9970039992110719,-0.07735001976165862,-0.7339448275455243,0.6792090916052071,-0.40049401268607804,0.9162993756423735,0.2045734884554038,-0.9788512082135807,-0.9946987504298929,-0.1028318816963379,0.7425738622171999,-0.6697641817474499,1,0,0,0,99,50
1702035660,12,8,4,1181,19.6,0.0,81,0,0,0,0,1,0,0,-0.23657352834172077,0.9716135886698729,-0.11913524107107658,0.9928780359817294,-0.05967396424853361,0.9982179210928167,0.029850283978409217,-0.9995543809850509,-0.9998885890400617,-0.014926804998878345,-0.7123646555658409,0.7018095165360476,-0.3861285300673549,0.9224449892909733,0.1969200481274402,-0.980419550317866,-0.9950928475066702,-0.09894556503990963,0.7412643135346223,-0.6712132429266017,1,0,0,0,99,53
1702035720,12,8,4,1182,19.6,0.0,81,0,0,0,0,1,0,0,0.6897634204403791,0.7240348222443372,0.37146007709824136,0.9284489275787703,0.18914422066406064,0.9819493183405064,-0.09500179382383689,-0.995477101278705,-0.9988686353266643,0.04755469861798596,-0.6900888715890201,0.7237246363838894,-0.3716687797058764,0.9283654012251559,0.1892545888147023,-0.9819280526660688,-0.9954717606908969,-0.09505773859589553,0.7399519371539937,-0.672659743631245,1,0,0,0,99,54
1702035780,12,8,4,1183,19.6,0.0,81,0,0,0,0,1,0,0,0.9819350614765846,-0.18921822069498487,0.7711090132708166,0.6367031409161632,0.4262023340409088,0.9046278629680171,-0.2183714004076345,-0.9758657343528404,-0.993948120968303,0.10985050215442702,-0.6671392275400889,0.7449330514061069,-0.3571182917423113,0.9340591660612584,0.1815775783773173,-0.9833766231869808,-0.9958354842008244,-0.0911684616877438,0.738636738081631,-0.6741036783434193,1,0,0,0,99,50
1702035840,12,8,4,1184,19.6,0.0,81,0,0,0,0,1,0,0,0.3713201354167654,-0.9285049041518709,0.9819635696276799,0.18907021955893671,0.6367612505645516,0.7710610285700272,-0.3383333943242765,-0.9410263090291437,-0.9851462604682474,0.17171734183077755,-0.6435381333569995,0.7654140519453434,-0.34248061846961253,0.939524893748256,0.17388948538043356,-0.9847651734673236,-0.9961840124864793,-0.08727779366103493,0.737318721334619,-0.6755450415549525,1,0,0,0,99,52
1702035900,12,8,4,1185,19.5,0.0,81,0,0,0,0,1,0,0,-0.5806848107146881,-0.814128460751279,0.952399196962933,-0.3048536856007493,0.8077294366310879,0.5895533539889544,-0.45301580878102127,-0.8915024828874439,-0.9724974249033886,0.23291362896206408,-0.6193086351077046,0.7851476386521404,-0.32775933346577607,0.9447612499071235,0.16619077906562166,-0.9860936187571451,-0.9965173402297486,-0.08338579388257615,0.7359978919407909,-0.6769838277674821,1,0,0,0,99,54
1702035960,12,8,4,1186,19.5,0.0,81,0,0,0,0,1,0,0,-0.9988108198402659,0.048753934918280305,0.6896542847984488,-0.7241387763813923,0.9284769185018528,0.37139010731211436,-0.5606290630567977,-0.8280670586710095,-0.9560510077059198,0.2932003933566516,-0.5944743924860635,0.8041145420139632,-0.31295803072140266,0.9497669561566046,0.15848192932223448,-0.9873618779749916,-0.9968354623444613,-0.0794925217394956,0.7346742549387094,-0.6784200314924761,1,0,0,0,99,56
1702036020,12,8,4,1187,19.5,0.0,81,0,0,0,0,1,0,0,-0.4986347674567973,0.866812187664263,0.25805795118125785,-0.9661294394811347,0.9914962025850463,0.13013562256135958,-0.6594938883108169,-0.7517099249582114,-0.9358712317830405,0.3523422164897279,-0.5690596557085522,0.8222962411715524,-0.29808032376227683,0.9545407904253104,0.15076340665872748,-0.9885698737128575,-0.9971383739764651,-0.07559803663833614,0.7333478153776475,-0.6798536472512536,1,0,0,0,99,56
1702036080,12,8,4,1188,19.5,0.0,81,0,0,0,0,1,0,0,0.45998379055440347,0.8879273125809357,-0.23671996897079078,-0.9715779208537356,0.992869055025318,-0.11921006489861569,-0.7480675320111867,-0.6636226092823331,-0.9120368987278785,0.4101081508076052,-0.5430892418343393,0.8396749820042292,-0.2831298447671764,0.9590815872500705,0.1430356821739413,-0.9897175322409093,-0.9974260705037014,-0.07170239800414888,0.7320185783175687,-0.6812846695750063,1,0,0,0,99,57
1702036140,12,8,4,1189,19.5,0.0,81,0,0,0,0,1,0,0,0.9956953728538205,0.09268616119729696,-0.67354058482125,-0.7391502422367515,0.9325101185072341,-0.36114384790776133,-0.8249678320721849,-0.5651796847429315,-0.8846410811009546,0.4662726215729745,-0.5165885105318475,0.8562337944664923,-0.26811024368112807,0.9633882380604645,0.13529922752834836,-0.9908047835119854,-0.997698547536275,-0.0678056652795864,0.7306865488291086,-0.6827130930048191,1,0,0,0,99,59
1702036200,12,8,4,1190,19.5,0.0,81,0,0,0,0,1,0,0,0.6159692212359092,-0.7877702193470044,-0.9454549749583542,-0.3257528055543003,0.8141722193597312,-0.5806234556258039,-0.8889947850313308,-0.4579173202523552,-0.853790758983826,0.5206163077294279,-0.4895833393154694,0.8719565091589797,-0.2530251873243257,0.9674596914494629,0.12755451491526504,-0.9918315611658722,-0.9979558009165216,-0.06390789792399577,0.7293517319935546,-0.6841389120916908,1,0,0,0,99,58
1702036260,12,8,4,1191,19.5,0.0,81,0,0,0,0,1,0,0,-0.3300761916986924,-0.9439542932121704,-0.9858890133306514,0.16740027895411294,0.6452130349915007,-0.7640027090770402,-0.9391492717020655,-0.3435093091336535,-0.819606402224157,0.5729269983454901,-0.4621000982766125,0.8868277731176133,-0.2378783584969287,0.9712949534301136,0.11980201703203151,-0.9927978025333541,-0.9981978267190713,-0.060009155412511284,0.7280141329028273,-0.6855621213965547,1,0,0,0,99,59
1702036320,12,8,4,1192,19.5,0.0,81,0,0,0,0,1,0,0,-0.9726510762098645,-0.232271143166327,-0.7849430371582153,0.6195679368857272,0.43613762914604876,-0.8998799744648526,-0.9746486480944947,-0.22374095013558368,-0.7822215000035424,0.6230004212937645,-0.4341656243337532,0.9008330648055067,-0.22267345507995925,0.9748930876782097,0.11204220705116075,-0.9937034486400381,-0.998424621250908,-0.05610949723514686,0.7266737566594609,-0.6869827154903001,1,0,0,0,99,57
1702036380,12,8,4,1193,19.5,0.0,81,0,0,0,0,1,0,0,-0.7209750468639425,0.6929610247333798,-0.39181562964398203,0.9200437556805056,0.1999452979185737,-0.9798070615382667,-0.9949389583130883,-0.10048118844274602,-0.741782039565109,0.6706410409292194,-0.40580719502664103,0.9139587082930004,-0.2074141891325177,0.9782532157608786,0.10427555859145843,-0.9945484442099537,-0.9986361810514262,-0.05220898289588839,0.7253306083765831,-0.6884006889537923,1,0,0,0,99,49
1702036440,12,8,4,1194,19.5,0.0,81,0,0,0,0,1,0,0,0.19356211562190795,0.9810880222467152,0.09724190905490493,0.9952607754369492,-0.04867866351416559,-0.998814491143613,-0.9997035788531551,0.024346548588937242,-0.6984459361364568,0.715662821651697,-0.37705250188024414,0.9261918866119744,-0.19210428598553647,0.9813745173510403,0.09650254568911575,-0.9953327376689265,-0.9988325028924836,-0.048307671911785734,0.7239846931778965,-0.6898160363778933,1,0,0,0,99,50
1702036500,12,8,4,1195,19.3,0.0,81,0,0,0,0,1,0,0,0.9301391616624073,0.36720721662564615,0.5624912369870102,0.8268032464334082,-0.2942760214208693,-0.9557204733690202,-0.9888681594047358,0.1487943658728041,-0.6523824162740731,0.7578899543709509,-0.347929623364445,0.9375206542714009,-0.17674748333229415,0.984256230427677,0.08872364276877669,-0.9960562811477264,-0.9990135837784505,-0.04440562381204457,0.7226360161976583,-0.6912287523634834,1,0,0,0,99,50
1702036560,12,8,4,1196,19.3,0.0,81,0,0,0,0,1,0,0,0.8115505520270061,-0.584282210498199,0.8900230925369855,0.45591544693166575,-0.5215767216183704,-0.8532043855172293,-0.9626017830643233,0.2709202968427898,-0.6037713570372523,0.7971575430373816,-0.3184669974758911,0.9479339489219124,-0.16134753031591095,0.9868976514618708,0.08093932461458155,-0.9967190304849884,-0.9991794209462554,-0.04050289813711804,0.7212845825806614,-0.6926388315214799,1,0,0,0,99,45
1702036620,12,8,4,1197,19.3,0.0,81,0,0,0,0,1,0,0,-0.0531738924849011,-0.9985852678454675,0.9996462543933898,-0.026596354586037207,-0.7164483074814391,-0.6976401814022622,-0.9213143278496927,0.3888186071921827,-0.5528025835720277,0.8333122485575808,-0.2886933939687737,0.9574216021579993,-0.14590818661404958,0.9892981355885594,0.0731500663411886,-0.9973209452299093,-0.9993300118654271,-0.03659955443779828,0.7199303974822143,-0.6940462684728598,1,0,0,0,99,44
1702036680,12,8,4,1198,19.3,0.0,81,0,0,0,0,1,0,0,-0.8690105054701593,-0.4947936351475211,0.864521149292347,-0.5025964409207844,-0.866774607646297,-0.4987000897730096,-0.8656500706905215,0.5006495332200912,-0.4996751278480393,0.8662128875802101,-0.2586378862616515,0.9659743494472848,-0.13043322152104356,0.9914570967639711,0.06535634336477557,-0.9978619886447151,-0.9994653542381334,-0.0326956522743077,0.7185734660681216,-0.6954510578486787,1,0,0,0,99,44
1702036740,12,8,4,1199,19.3,0.0,81,0,0,0,0,1,0,0,-0.8858828673734284,0.46390898384729823,0.5177311156153848,-0.8555433898544533,-0.9632090608622962,-0.2687532419763031,-0.7964776337023857,0.6046679907286713,-0.4445964514429511,0.8957309838139661,-0.22832982304775026,0.973583839177183,-0.11492641302767814,0.9933740079086988,0.057558631374022555,-0.9983421277069046,-0.9995854459992164,-0.028791251215390185,0.717213793514664,-0.6968531942900922,1,0,0,0,99,40
1702036860,12,8,4,1201,19.3,0.0,81,0,0,0,0,1,0,0,0.7904885981024289,0.6124767556977625,-0.4401836232200361,-0.8979077780311747,-0.9741426430536687,0.22593386418244757,-0.6221198179681919,0.7829220472634704,-0.32945254038823985,0.9441721366529173,-0.16707462905402884,0.9859442521392671,-0.08383241574931774,0.9964798673679431,0.04195314429251319,-0.9991195792716563,-0.9997798705894354,-0.020981190723403483,0.7144862457470414,-0.6996494869849461,1,0,0,0,99,47
1702036920,12,8,4,1202,19.3,0.0,81,0,0,0,0,1,0,0,0.9424842311061572,-0.334250615730526,-0.816777391867125,-0.576952937538875,-0.8879619748443272,0.4599168742616023,-0.519655234621185,0.8543760513560765,-0.26983694024718285,0.9629060315929266,-0.13618731293162617,0.9906831056379549,-0.06825281811780774,0.9976680574314172,0.034146321680254645,-0.9994168443225823,-0.9998542004518914,-0.017075650462248376,0.7131183809376422,-0.7010436325713798,1,0,0,0,99,48
1702036980,12,8,4,1203,19.3,0.0,81,0,0,0,0,1,0,0,0.22796420851960592,-0.9736695125318598,-0.9933955688777406,-0.11473989599990957,-0.7465721318130987,0.6653044806703509,-0.40908160514110703,0.9124978029207388,-0.20916763262902466,0.9778797990859456,-0.10516701220928161,0.9944545738961498,-0.0526565575396371,0.9986126811472378,0.026337414952517367,-0.9996531101205152,-0.9999132737694093,-0.013169849647676073,0.7117477957983699,-0.7024351038894354,1,0,0,0,99,49
1702037040,12,8,4,1204,19.3,0.0,81,0,0,0,0,1,0,0,-0.6961450560690602,-0.7179011498184169,-0.9267958647454188,0.3755654737736039,-0.5587640495890891,0.8293266768209027,-0.29212439403368673,0.9563803314636136,-0.1476815298816789,0.9890349668903556,-0.07404401768422757,0.9972549741391004,-0.0370474416181442,0.9993135078990728,0.01852690072471944,-0.9998283622450087,-0.9999570896406027,-0.00926384787740154,0.7103744955575902,-0.7038238956310728,1,0,0,0,99,51
1702037100,12,8,4,1205,19.1,0.0,82,0,0,0,0,1,0,0,-0.9802217665452432,0.1979022192673009,-0.6332842097876352,0.7739193172635314,-0.33621472509132366,0.9417853569852133,-0.1706086794609036,0.9853388648036809,-0.08561873392055926,0.9963279743146032,-0.04284872043245206,0.9990815718234931,-0.02142928109511514,0.9997703665901218,0.010715255710392443,-0.9999425899995764,-0.9999856473968954,-0.005357704752206081,0.7089984854540262,-0.7052100024984735,1,0,0,0,99,50
1702037160,12,8,4,1206,19.1,0.0,82,0,0,0,0,1,0,0,-0.36308710538401223,0.9317552006315066,-0.18472249371488758,0.9827907205075521,-0.09276119741693704,0.9956883851154316,-0.046430673506683055,0.9989215147136015,-0.02322159863573769,0.9997303423207684,-0.011611582132328728,0.9999325833076869,-0.0058058889204457365,0.9999831456848878,0.0029029566920853495,-0.9999957864123448,-0.9999989466025314,-0.001451479875027901,0.7076197707367382,-0.7065934192040612,1,0,0,0,99,53
1702037220,12,8,4,1207,19.1,0.0,82,0,0,0,0,1,0,0,0.587868166005303,0.8089567475443674,0.3090657312414566,0.9510406793466742,0.1564597722312763,0.9876843319974946,0.07847186757846851,0.9969163284843655,0.03926621649480961,0.9992287847345985,0.019636894680695103,0.9998071775934094,0.009818920678735457,0.9999517932364064,-0.004909519507735837,-0.9999879482364791,-0.9999969870545808,0.002454767149947358,0.7062383566651038,-0.7079741404705214,1,0,0,0,99,55
1702037280,12,8,4,1208,19.1,0.0,82,0,0,0,0,1,0,0,0.9983401566622914,-0.05759280853988199,0.7271838861456853,0.6864427111784778,0.39595283104274065,0.9182708508872743,0.20214988141565363,0.9793545963764285,0.1016006978902495,0.9948252601277343,0.050866196399306694,0.9987054771372125,0.025441333129256026,0.9996763168989281,-0.012721696055790868,-0.9999190759503811,-0.9999797687829443,0.006360976718196107,0.7048542485087977,-0.7093521610308227,1,0,0,0,99,52
1702037340,12,8,4,1209,19.1,0.0,82,0,0,0,0,1,0,0,0.49094281136548873,-0.8711918020554086,0.9672620642967986,0.2537796267872891,0.610827460586339,0.7917637358414722,0.3226734139641255,0.9465103633456615,0.16353843073470306,0.9865369641695291,0.0820458281403476,0.9966285577308953,0.041057534443173026,0.9991567839260501,-0.020533096137088695,-0.9997891737576603,-0.999947292050351,0.0102670892257663,0.7034674515477719,-0.7107274756282348,1,0,0,0,99,53
1702037400,12,8,4,1210,19.1,0.0,82,0,0,0,0,1,0,0,-0.4678250906019699,-0.8838210704680324,0.9705207546642247,-0.24101756111533412,0.7877237971254055,0.6160285865463817,0.4381617358086043,0.8988961526634714,0.22483754950689241,0.9743962624783286,0.11314534352254951,0.9935784474510124,0.056663712148903436,0.9983933211542965,-0.0283432429840298,-0.9995982495868769,-0.9998995573523565,0.01417304507018692,0.7020779710722354,-0.7121000790163511,1,0,0,0,99,55
1702037460,12,8,4,1211,19.1,0.0,82,0,0,0,0,1,0,0,-0.9964767617559203,-0.08386932264204244,0.7361621161952178,-0.6768052442756178,0.9156432832374237,0.40199176342580833,0.5468126903127759,0.8372549681625688,0.28525868245982555,0.9584505642344233,0.14413437439690902,0.9895581246784909,0.0722560562219844,0.9973861149721533,-0.036151659905505625,-0.9993463150910582,-0.9998365654173331,0.01807878465137743,0.7006858123826336,-0.7134699659591066,1,0,0,0,99,52
1702037520,12,8,4,1212,19.1,0.0,82,0,0,0,0,1,0,0,-0.6089722936395112,0.7931914936378434,0.3215653171302501,-0.9468873992291383,0.9866325048439105,0.1629610394708834,0.6469308156708554,0.7625486999106625,0.3445658863623454,0.9387621370482149,0.17498266050066957,0.984571515190292,0.08783076001523608,0.9961354112745646,-0.043957870315993346,-0.9990333856469874,-0.9997583172064605,0.02198424837255722,0.699290980789629,-0.7148371312307991,1,0,0,0,99,48
1702037580,12,8,4,1213,19.1,0.0,82,0,0,0,0,1,0,0,0.3384184928294446,0.9409957086570837,-0.1717618865507076,-0.9851384949988209,0.996277695976082,-0.08620181262937314,0.7369538020220037,0.6759431142376653,0.40252756785239857,0.9154078638065289,0.2056600790059547,0.978623488325957,0.10338402118809999,0.9946415154029006,-0.05176139776464421,-0.9986594803542649,-0.99966481391371,0.02588937664115494,0.6978934816140803,-0.7162015696161085,1,0,0,0,99,50
1702037640,12,8,4,1214,19.1,0.0,82,0,0,0,0,1,0,0,0.9746688776878502,0.2236528087610497,-0.6230357899988372,-0.7821933292866443,0.9439791653650637,-0.33000505353202975,0.8154768707731783,0.5787896623420162,0.458917387804158,0.8884789424465883,0.23613667393419815,0.9717198522327791,0.11891204263492582,0.9929047920704127,-0.059561765964363605,-0.9982246220341424,-0.9995560569658268,0.029794109869717856,0.6964933201870217,-0.7175632759101171,1,0,0,0,99,53
1702037700,12,8,4,1215,19.0,0.0,83,0,0,0,0,1,0,0,0.71481319131587,-0.6993154520821212,-0.921768802922436,-0.38773995661904564,0.832988582340432,-0.5532901785595666,0.8812746956992373,0.47260439134673377,0.5135151451774652,0.8580805298300195,0.2663826854076486,0.9638673481942469,0.13441103341198044,0.9909256652731947,-0.06735849882088121,-0.9977288372281305,-0.9994320480223081,0.033698388476821044,0.6950905018496436,-0.7189222449183295,1,0,0,0,99,50
1702037760,12,8,4,1216,19.0,0.0,83,0,0,0,0,1,0,0,-0.2022384466219937,-0.979336311339431,-0.9948206650797496,0.10164568033263627,0.6702068037805061,-0.7421744001016999,0.933320523748862,0.35904428689111606,0.5661076368981803,0.8243313311075577,0.2963685787093853,0.9550736440472949,0.14987720966295234,0.9887046181866692,-0.0751511204618093,-0.9971721561963784,-0.999292788975378,0.03760215288797655,0.6936850319532718,-0.7202784714566918,1,0,0,0,99,49
1702037820,12,8,4,1217,19.0,0.0,83,0,0,0,0,1,0,0,-0.9333529894059777,-0.3589598823920647,-0.8243057328419064,0.5661449097218553,0.46575481225541016,-0.8849138121087995,0.9708021971825155,0.23988141642403288,0.6164894904116238,0.787363136177975,0.32606507312346794,0.9453473266947908,0.16530679554272595,0.9862421930476284,-0.08293915526568758,-0.9965546129158271,-0.9991382819499579,0.04150534353654243,0.6922769158593466,-0.7216319503516119,1,0,0,0,99,49
1702037880,12,8,4,1218,19.0,0.0,83,0,0,0,0,1,0,0,-0.8063470981079486,0.5914426069982534,-0.451972008536893,0.8920321202171627,0.23234444235104618,-0.9726335692893708,0.9931348270223361,0.11697527668406932,0.6644639656580071,0.7473203050513445,0.3554431705270587,0.9346978937205712,0.1806960241392001,0.9835389910218535,-0.09072212789101262,-0.9958762450781355,-0.9989685293036351,0.04540790086463162,0.6908661589394028,-0.7229826764399793,1,0,0,0,99,48
1702037940,12,8,4,1219,19.0,0.0,83,0,0,0,0,1,0,0,0.06201059653036232,0.9980754910917052,0.031020226532818423,0.999518756975502,-0.015511979636687254,-0.9998796820056656,0.9999699200490146,-0.007756223125155063,0.7098437233381567,0.7043592041262913,0.38447418370659736,0.9231357441152117,0.19604113839292545,0.98059567205735,-0.09849956330525031,-0.99513709408738,-0.9987835336266262,0.049309765324020774,0.6894527665750494,-0.7243306445691846,1,0,0,0,99,45
1702038060,12,8,4,1221,19.0,0.0,83,0,0,0,0,1,0,0,0.8817419622489547,-0.47173203411403275,0.8578263326903741,0.5139396685827857,-0.49298089791452077,-0.870040133724527,0.9669643565624658,-0.2549116182870771,0.7921210823753768,0.6103639822732511,0.44138193083017624,0.8973193362101507,0.2265840503983558,0.9739916160342836,-0.1140359240891141,-0.9934766268096809,-0.9983678247043223,0.05711117749757566,0.6866180970897957,-0.7270182863922942,1,0,0,0,99,48
1702038120,12,8,4,1222,19.0,0.0,83,0,0,0,0,1,0,0,0.07945839607244107,-0.9968381831037548,0.9992092331198094,0.03976063943301937,-0.6929066894492291,-0.7210272669715825,0.9276387408284494,-0.3734787363615347,0.8286973924061589,0.5596969106750838,0.46920309532489035,0.883090287194657,0.24177439153614155,0.9703324912612833,-0.12179390119935532,-0.9925554118691015,-0.998137117802234,0.06101060617179,0.6851968307822979,-0.7283579498336618,1,0,0,0,99,50
1702038180,12,8,4,1223,19.0,0.0,83,0,0,0,0,1,0,0,-0.795878853011907,-0.6054559037026985,0.8959508646412198,-0.4441531809507287,-0.8497508990729956,-0.5271844169971601,0.8738376328006137,-0.4862178436682676,0.8620376568538834,0.5068442346183551,0.4965660909595242,0.8679989155000009,0.2569057069237653,0.9664364737270631,-0.12954444463761627,-0.991573616462001,-0.9978911805557761,0.06490910389921796,0.6837729506571542,-0.7296948348108331,1,0,0,0,99,51
1702038240,12,8,4,1224,19.0,0.0,83,0,0,0,0,1,0,0,-0.9394887550204882,0.3425797413596621,0.5733324771196631,-0.8193228122540169,-0.9537617134939987,-0.3005637933500832,0.8064005807754863,-0.5913696841443247,0.8920116826993705,0.45201234267200896,0.523444198233198,0.8520599575945371,0.2719743024675887,0.9623045145884273,-0.13728708135067327,-0.9905313005121108,-0.9976300167176484,0.06880661119358068,0.6823464621460344,-0.7310289362239981,1,0,0,0,99,50
1702038300,12,8,4,1225,18.8,0.0,84,0,0,0,0,1,0,0,-0.21933702833760824,0.9756491521033712,0.11034230353003502,-0.9938936442354813,-0.9984722440397332,-0.05525556878957371,0.7263799173950136,-0.6872933984880206,0.9185024220131432,0.39541535220068236,0.549811171130288,0.8352889776001723,0.2869764993861237,0.9579376226039388,-0.14502133876788834,-0.9894285276370242,-0.9973536302728897,0.07270306858371212,0.6809173706905589,-0.7323602489839656,1,0,0,0,99,48
1702038360,12,8,4,1226,18.8,0.0,84,0,0,0,0,1,0,0,0.7024721506743378,0.7117112318398315,-0.37966351428611655,-0.9251246488554479,-0.9811026064728011,0.19348817941227325,0.6350243383476443,-0.7724921292195388,0.9414064290250888,0.33727427324097903,0.5756412627492147,0.8177023520942627,0.3019086351081543,0.9533368638876456,-0.15274674483005257,-0.9882653651443133,-0.9970620254388173,0.07659841661446647,0.6794856817422769,-0.7336887680121819,1,0,0,0,99,52
1702038420,12,8,4,1227,18.8,0.0,84,0,0,0,0,1,0,0,0.9784316739726002,-0.2065707127527409,-0.7767144625770596,-0.6298528745855095,-0.9027327607286415,0.43020176976303254,0.5337594168897479,-0.845636378641267,0.9606342640779755,0.27781614546200606,0.6009092504438561,0.7993172541181649,0.3167670641669009,0.9485033616488043,-0.16046282801819817,-0.9870418840274217,-0.9967552066649619,0.08049259584762539,0.6780514007626467,-0.7350144882407508,1,0,0,0,99,52
1702038480,12,8,4,1228,18.8,0.0,84,0,0,0,0,1,0,0,0.3548256284893018,-0.9349324966900936,-0.9835986215652434,-0.1803711497300862,-0.7682353642374472,0.6401674977183369,0.42416535825174545,-0.9055847552047066,0.9761108428874015,0.21727315158032454,0.6255904604530329,0.7801516364080526,0.3315481590900087,0.9434382959176643,-0.16816911738237747,-0.9857581589613307,-0.9964331786330006,0.08438554686280492,0.6766145332230143,-0.7363374046124525,1,0,0,0,99,50
1702038540,12,8,4,1229,18.8,0.0,84,0,0,0,0,1,0,0,-0.5950054634648368,-0.8037216548326881,-0.9496635337930714,0.3132717232430274,-0.5859728136854869,0.8103307112664024,0.307952341064001,-0.9514017845438388,0.9877757297443177,0.15588171069141035,0.649660791994018,0.7602242138643738,0.3462483112851427,0.9381429032573806,-0.1758651425704074,-0.9844142682980018,-0.9960959462566851,0.08827721025836226,0.6751750846045926,-0.7376575120807631,1,0,0,0,99,52
1702038660,12,8,4,1231,18.8,0.0,84,0,0,0,0,1,0,0,-0.48321239127428384,0.8755031609988558,-0.24949633163750545,0.9683757434484963,-0.12574628533579774,0.9920624333802022,0.0629982802138193,-0.998013635523133,0.999503285518145,0.031514793961462985,0.6958754220543132,0.7181625143243913,0.37539145280334285,0.926866364241467,-0.19122452217031827,-0.9815463219434595,-0.9953758892859168,0.09605643668318248,0.6722884661054426,-0.7402892801747106,1,0,0,0,99,53
1702038720,12,8,4,1232,18.8,0.0,84,0,0,0,0,1,0,0,0.47562973785858026,0.8796455834394772,0.24531043247334874,0.9694445789831095,0.12360303600011291,0.9923317436681922,-0.06192033725605731,-0.9980810948185003,0.9995201585807313,-0.03097503173121646,0.7179745927716441,0.6960693098638897,0.3898273272463786,0.9208879708911095,-0.1988869391248336,-0.9800224412969096,-0.9949930756786476,0.09994388101102124,0.6708413072362862,-0.7416009307609522,1,0,0,0,99,52
1702038780,12,8,4,1233,18.8,0.0,84,0,0,0,0,1,0,0,0.9971800794831833,0.07504591315929346,0.6800566472142988,0.7331595710209659,0.36526731921911254,0.9309026724155877,-0.18587270857284605,-0.9825738324460884,0.9956339268139893,-0.09334390058785733,0.7393726734833582,0.6732964055347922,0.40416803093837583,0.9146847559500465,-0.2065372170456859,-0.9784387451317651,-0.9945950797012232,0.10382980031820073,0.669391589311443,-0.7429097523650503,1,0,0,0,99,52
1702038840,12,8,4,1234,18.8,0.0,84,0,0,0,0,1,0,0,0.6019276547624973,-0.7985506235875843,0.9483012769124547,0.3173715302389422,0.584221049672578,0.811594581746004,-0.3069245984390922,-0.9517338340486808,0.9878597658698022,-0.15534826351028058,0.7600487693267718,0.6498660386917136,0.4184100628022027,0.9082582338442392,-0.2141748889993418,-0.9767953301086771,-0.9941819074265729,0.10771413531037331,0.6679393178611462,-0.7442157399942483,1,0,0,0,99,50
1702038900,12,8,4,1235,18.9,0.0,83,0,0,0,0,1,0,0,-0.34673427981522564,-0.9379633997129189,0.9843686808591887,-0.17612012986464826,0.7668507448860724,0.6418254708779294,-0.4231870326002857,-0.9060423474865646,0.9762280336802884,-0.21674599478817985,0.7799826904451725,0.6258010886902563,0.4325499458500392,0.9016099735168907,-0.22179948882167133,-0.9750922965332284,-0.9937535651591969,0.11159682671736608,0.6664844984253699,-0.7455188886666005,1,0,0,0,99,49
1702038960,12,8,4,1236,18.9,0.0,83,0,0,0,0,1,0,0,-0.9766103165778877,-0.21501695178203503,0.7794283006736524,-0.6264914397731085,0.9018013749637745,0.43215076086181514,-0.5328457746563188,-0.8462123731256284,0.9607841519107266,-0.27729733759483854,0.7991549717028728,0.6011250545457083,0.4465842280322334,0.8947415980454101,-0.2294105511463999,-0.9733297483498103,-0.9933100594350714,0.11547781529408518,0.6650271365538082,-0.7468191934109906,1,0,0,0,99,49
1702039020,12,8,4,1237,18.9,0.0,83,0,0,0,0,1,0,0,-0.7085953321480677,0.7056150900157746,0.38365668897089844,-0.9234757955722972,0.9806823633502076,0.1956070096235086,-0.6341896366137227,-0.7731775377051213,0.9415884285889248,-0.3367658402324074,0.8175468916925828,0.5758620319866524,0.46050948308007056,0.8876547842451626,-0.23700761143351218,-0.9715077931352797,-0.9928513970215481,0.11935704182141989,0.6635672378058535,-0.7481166492671514,1,0,0,0,99,52
1702039080,12,8,4,1238,18.9,0.0,83,0,0,0,0,1,0,0,0.21089893280388508,0.977507872163791,-0.10604746068673451,-0.9943610692710649,0.9985892722413617,-0.0530986380660329,-0.7256371814019844,-0.6880775254046476,0.9187158226036622,-0.39491927947072447,0.8351404910165487,0.5500366899258974,0.4743223113422468,0.8803512622600985,-0.24459020599760484,-0.969626542092392,-0.9923775849172511,0.12323444710714614,0.6621048077505758,-0.749411251285683,1,0,0,0,99,54
1702039140,12,8,4,1239,18.9,0.0,83,0,0,0,0,1,0,0,0.9364936915462055,0.3506844246529354,-0.5697874934337646,-0.8217920736576058,0.9544087367730887,-0.2985028696197025,-0.8057614006701062,-0.5922402934537203,0.8922556509918332,-0.4515305673740592,0.851918589823599,0.5236742463717023,0.48801934061484575,0.872832815140363,-0.25215787203618784,-0.9676861100430146,-0.9918886303519702,0.1271099719868298,0.6606398519667014,-0.7507029945280722,1,0,0,0,99,52
1702039200,12,8,4,1240,18.9,0.0,83,0,0,0,0,1,0,0,0.8010804691428774,-0.5985566656197452,-0.8940236757546595,-0.4480197174122222,0.8508876886558596,-0.5253476385155728,-0.8733119827746476,-0.48716134980334147,0.862311240157329,-0.506378638074642,0.8678648045849774,0.49680044380282007,0.5015972269646135,0.8651012784069909,-0.2597101476579314,-0.9656866154211187,-0.9913845407865504,0.13098355732472944,0.6591723760425913,-0.7519918740667114,1,0,0,0,99,51
1702039260,12,8,4,1241,18.9,0.0,83,0,0,0,0,1,0,0,-0.07084244221854993,-0.9974875179071222,-0.9993716820850794,0.03544349088956821,0.6944625652655555,-0.7195288357284815,-0.9272348234747446,-0.3744804162246128,0.8289995223836419,-0.5592493110301465,0.8829635640925809,0.46944152403140343,0.5150526555453319,0.8571585396037898,-0.26724657191085743,-0.9636281802655497,-0.9908653239127783,0.13485514401469864,0.65770238557622,-0.7532778849849167,1,0,0,0,99,53
1702039320,12,8,4,1242,18.9,0.0,83,0,0,0,0,1,0,0,-0.8776331389109034,-0.4793329463800657,-0.8600386463351707,0.5102288964866329,0.4948591231418125,-0.8689732149170747,-0.966688474876233,-0.25595584099891655,0.7924505792158009,-0.6099361273941245,0.8972001246639806,0.4416242025783208,0.528382341407091,0.8490065378365236,-0.27476668481047367,-0.9615109302125805,-0.9903309876532644,0.13872467298108784,0.6562298861751544,-0.7545610223769472,1,0,0,0,99,54
1702039380,12,8,4,1243,18.9,0.0,83,0,0,0,0,1,0,0,-0.877531975101159,0.47951812549168443,-0.5101381550660152,0.8600924733689059,0.264487737552324,-0.9643890484054933,-0.9910572759446079,-0.13343716048107937,0.7528071334947217,-0.6582411562333825,0.9105605845393766,0.4133756425859036,0.541583030298262,0.8406472632995077,-0.2822700273678489,-0.9593349944882412,-0.989781540161323,0.14259208517964586,0.6547548834565322,-0.7558412813480241,1,0,0,0,99,56
1702039440,12,8,4,1244,18.9,0.0,83,0,0,0,0,1,0,0,-0.07063196032945498,0.9975024441975159,-0.03533805174655298,0.9993754159967905,0.01767178546737087,-0.9998438418065069,-0.9999609596895538,-0.008836237703148543,0.7102239920275675,-0.7039757674440404,0.9230318974564314,0.3847234282935987,0.5546514994599768,0.8320827567897314,-0.28975614161762697,-0.9571005059004335,-0.9892169898208465,0.14645732159842081,0.6532773830470404,-0.7571186570143483,1,0,0,0,99,57
1702039500,12,8,4,1245,18.6,0.0,84,0,0,0,0,1,0,0,0.801206753033176,0.5983876159263619,0.44811403909810615,0.8939764023525347,-0.2302429126460414,-0.9731331877889415,-0.993260587104145,0.1159025716087837,0.66486744107048,-0.7469613683480504,0.9346018853897231,0.35569553810242655,0.5675845584129177,0.8233151092086269,-0.29722457064597896,-0.9548076008308236,-0.9886373452461786,0.15032032325866046,0.6517973905828941,-0.75839314450312,1,0,0,0,99,53
1702039560,12,8,4,1246,18.6,0.0,84,0,0,0,0,1,0,0,0.9364196726113553,-0.3508820268216116,0.8218521846480703,0.5697007868953616,-0.46384222161454775,-0.885917825448659,-0.9710607152615791,0.23883276005537946,0.6169145969843073,-0.7870301010937827,0.9452592504423807,0.32632031725454774,0.5803790497362272,0.8143464610516054,-0.3046748586184907,-0.9524564192265191,-0.9880426152819825,0.1541810312157123,0.6503149117098145,-0.7596647389525567,1,0,0,0,99,55
1702039620,12,8,4,1247,18.6,0.0,84,0,0,0,0,1,0,0,0.21069266371123146,-0.9775523522851683,0.9943722522992001,0.1059425497966507,-0.6686020678263527,-0.7436203835952356,-0.93370776573702,0.35803604316099547,0.5665527145990056,-0.8240254981373439,0.9549935858782884,0.2966264501546146,0.5930318498383478,0.805179001885486,-0.31210655080798455,-0.9500471045915265,-0.9874328090031054,0.1580393865599229,0.6488299520830081,-0.7609334355119122,1,0,0,0,99,56
1702039680,12,8,4,1248,18.6,0.0,84,0,0,0,0,1,0,0,-0.7087442085459975,-0.7054655532713894,0.923435312642794,-0.3837541183678754,-0.8317914757822045,-0.5550882279566577,-0.8817846188147811,0.47165229356133864,0.5139784559875352,-0.8578030932449878,0.9637953862840878,0.26664293235993725,0.605539869719601,0.7958149698139441,-0.31951919362227366,-0.9475798039779932,-0.9868079357144411,0.16189533041753676,0.6473425173671444,-0.7621992293414946,1,0,0,0,99,57
1702039740,12,8,4,1249,18.6,0.0,84,0,0,0,0,1,0,0,-0.9765649240074158,0.21522302199901908,0.6264092025190007,-0.7794943944631735,-0.9432641184904612,-0.33204337482987556,-0.8161015178364379,0.5779085676688503,0.4593971225046744,-0.8882309856306665,0.9716560568510512,0.2363990422668137,0.6179000557263231,0.786256650931111,-0.3269123346318467,-0.9450546679772316,-0.9861680049507872,0.16574880395159478,0.6458526132363348,-0.7634621156126854,1,0,0,0,99,56
1702039800,12,8,4,1250,18.6,0.0,84,0,0,0,0,1,0,0,-0.3465363519963052,0.9380365433953481,0.17601627283386595,-0.9843872569764778,-0.9960891669364942,-0.08835367288212255,-0.7376834256244756,0.6751467718644137,0.40302185308962235,-0.9151903550257765,0.9785679217677679,0.20592431252067284,0.6301093902963704,0.7765063787634564,-0.33428552259748223,-0.9424718507105282,-0.9855130264766997,0.16959974836283187,0.6443602453741106,-0.7647220895079571,1,0,0,0,99,56
1702039860,12,8,4,1251,18.6,0.0,84,0,0,0,0,1,0,0,0.6020961439059417,0.7984235927711527,-0.31747157922312297,-0.9482677872761346,-0.9869822154618934,0.1608294325113806,-0.647754030280252,0.7618495364937162,0.3450727919630029,-0.938575925669766,0.9845242317154429,0.1752485011779473,0.642164892695814,0.7665665337000915,-0.34163830749778956,-0.9398315098197366,-0.9848430102863442,0.1734481048905743,0.6428654194734018,-0.7659791462208924,1,0,0,0,99,51
1702039920,12,8,4,1252,18.6,0.0,84,0,0,0,0,1,0,0,0.9971642218096964,-0.07525632692779136,-0.7332313164778873,-0.6799792912553325,-0.9165094902005468,0.4000129427560235,-0.5477166499404489,0.8366638939132081,0.2857762289683941,-0.958296377409726,0.9895191704584925,0.14440156264783635,0.6540636197466435,0.7564395424116314,-0.348970240556676,-0.9371338064576561,-0.9841579666033436,0.17729381481363626,0.6413681412365148,-0.7672332809562018,1,0,0,0,99,45
1702039980,12,8,4,1253,18.6,0.0,84,0,0,0,0,1,0,0,0.4754441128400345,-0.8797459267116572,-0.969470455122707,-0.2452081496283747,-0.7890526438801072,0.6143255856512999,-0.4391323344669008,0.8984223910976674,0.22536371591533166,-0.9742747023036336,0.9935478605239995,0.11341361844233368,0.665802666545301,0.7461278772577572,-0.35628087427073796,-0.9343789052781952,-0.9834579058806217,0.18113681945121585,0.6398684163751107,-0.7684844889297427,1,0,0,0,99,45
1702040040,12,8,4,1254,18.6,0.0,84,0,0,0,0,1,0,0,-0.48339712085189107,-0.8754011786330324,-0.9683494148893343,0.2495984989607987,-0.6125363258775766,0.7904424390683988,-0.323695505785608,0.946161307354195,0.1640711623744481,-0.9864485053347172,0.9966063679644831,0.08231492776308211,0.6773791671718721,0.7356340556836266,-0.3635697624365738,-0.9315669744263229,-0.9827428388002435,0.18497706016379048,0.6383662506101844,-0.769732765368537,1,0,0,0,99,48
1702040100,12,8,4,1255,18.5,0.0,84,0,0,0,0,1,0,0,-0.9978052709326276,-0.06621662403857209,-0.730142665524544,0.6832947299523933,-0.3979354659034595,0.9174134100699621,-0.20320751699929535,0.9791356928613015,0.10213791445564772,-0.9947702480626623,0.9986917061993311,0.05113585795377667,0.6887902953897591,0.7249606396052742,-0.3708364601780182,-0.9286981855278049,-0.9820127762732532,0.1888144783540117,0.6368616496720415,-0.7709781055107894,1,0,0,0,99,48
1702040160,12,8,4,1256,18.5,0.0,84,0,0,0,0,1,0,0,-0.5948358565326741,0.803847189323344,-0.31317152702365525,0.9496965803148245,-0.15859290602857282,0.987344058653017,-0.0795485428747221,0.9968309933617175,0.039805820166669656,-0.9992074342602034,0.9998018389311463,0.01990685484696882,0.7000332653356665,0.7141102347841574,-0.378080523973295,-0.9257727136787294,-0.9812677294395066,0.19264901546759924,0.6353546193002774,-0.7722205046059057,1,0,0,0,99,48
1702040220,12,8,4,1257,18.5,0.0,84,0,0,0,0,1,0,0,0.3550229011373201,0.9348576039526237,0.18047492353146505,0.9835795859900265,0.0906101926109131,0.995886435792261,0.04535175965571227,0.9989710796094803,-0.022681714998206804,-0.9997427368101957,0.999935682134155,-0.011341586965772336,0.7111053321997285,0.7030854901909965,-0.3853015116820874,-0.9227907374348197,-0.9805077096675017,0.19648061299423458,0.6338451652437547,-0.773459957914511,1,0,0,0,99,47
1702040280,12,8,4,1258,18.5,0.0,84,0,0,0,0,1,0,0,0.9784752407736554,0.20636424882458945,0.6299348185230796,0.7766480054775746,0.3341795883371884,0.9425094178515073,0.16954436314500793,0.9855225562744638,-0.08508067855140847,-0.9963740653676368,0.999093105112741,-0.042578953911311244,0.722003792895616,0.6918890973590669,-0.3924989825725241,-0.9197524388005358,-0.9797327285542052,0.20030921246845357,0.6323332932605821,-0.7746964607084679,1,0,0,0,99,47
1702040340,12,8,4,1259,18.5,0.0,84,0,0,0,0,1,0,0,0.7023219565124583,-0.7118594449752793,0.9251647001953974,0.3795659066780898,0.55697131583319,0.830531729278927,0.2910912835530059,0.956695283065336,-0.1471474038756103,-0.98911457452242,0.9972749306290668,-0.07377474323093221,0.7327259867204562,0.6805237897270998,-0.39967249734807886,-0.9166580032179668,-0.9789427979248754,0.20413475547053872,0.6308190091180914,-0.7759300082708939,1,0,0,0,99,45
1702040460,12,8,4,1261,18.5,0.0,84,0,0,0,0,1,0,0,-0.9395610220178386,-0.3423814917672896,0.8192623181152938,-0.5734189167758204,0.8869664358857725,0.46183388963142347,0.5187321613166936,0.854936807498491,-0.2693169067302581,-0.9630516101171553,0.9907198418617534,-0.13591981070256942,0.7536311467497112,0.6572975693312089,-0.4139459087059511,-0.9103014800963494,-0.977318136559521,0.21177643861351833,0.6277832274704708,-0.7783882188900081,1,0,0,0,99,48
1702040520,12,8,4,1262,18.5,0.0,84,0,0,0,0,1,0,0,-0.7957510777574821,0.6056238289960243,0.4440586509707787,-0.8959977201410795,0.9736523301828737,0.22803758446681607,0.6212738589113436,0.7835935121179909,-0.3289426149665083,-0.9443499118753576,0.9859893285110538,-0.16680840525081836,0.763809009259127,0.645442326915884,-0.421044934112807,-0.9070397805267099,-0.9764834306138301,0.21559246215172986,0.6262617415459251,-0.7796128725693702,1,0,0,0,99,49
1702040580,12,8,4,1263,18.5,0.0,84,0,0,0,0,1,0,0,0.07966873759898874,0.9968213943577774,-0.039866061018256155,-0.9992050326028631,0.9998012383976285,-0.019936993217846526,0.714120785728103,0.7000225020605243,-0.38728380933075146,-0.9219605474369618,0.980296013313571,-0.19753411422212402,0.7738003987534913,0.633429509013385,-0.42811826110703044,-0.9037227199239225,-0.9756338247323948,0.219405196014221,0.6247378666231859,-0.7808345522625844,1,0,0,0,99,48
1702040640,12,8,4,1264,18.5,0.0,84,0,0,0,0,1,0,0,0.8818414830181569,0.4715459668243784,-0.514030170892537,-0.8577721045896685,0.9637873480674221,-0.2666719852274808,0.7958240965274552,0.6055278749869898,-0.4441126687075084,-0.8959709467909631,0.9736454556949781,-0.22806693448309956,0.7836028759783554,0.6212620483809149,-0.43516545796919887,-0.9003505007442698,-0.9747693318791554,0.22321458202336397,0.6232116085153726,-0.782053253309314,1,0,0,0,99,47
1702040700,12,8,4,1265,18.4,0.0,85,0,0,0,0,1,0,0,0.8732532357707915,-0.48726664796171143,-0.8623417675033813,-0.506326649524933,0.8678498284625437,-0.49682660480044094,0.8651088384707559,0.5015841879483239,-0.49920727761706163,-0.8664825987717018,0.9660441498119281,-0.25837705125291044,0.7932140477994922,0.6089429155294811,-0.44218609457473834,-0.8969233288106295,-0.9738899652452092,0.2270205620526151,0.6216829730446962,-0.783268971060585,1,0,0,0,99,45
1702040760,12,8,4,1266,18.4,0.0,85,0,0,0,0,1,0,0,0.06179999076938898,-0.9980885537570819,-0.9995220242088421,-0.030914771897250545,0.7179536098861996,-0.6960909524274645,0.9208938463328616,0.38981344741589885,-0.552352492790655,-0.8336106547471364,0.9574995182106194,-0.28843486721690187,0.8026315677871454,0.5964751179986882,-0.4491797424201762,-0.893441413299912,-0.9729957382486092,0.2308230780274018,0.6201519660424364,-0.7844817008788038,1,0,0,0,99,43
1702040820,12,8,4,1267,18.4,0.0,85,0,0,0,0,1,0,0,-0.8064718807401303,-0.5912724461493848,-0.8919844298387122,0.4520661200812417,0.5234185131989307,-0.8520757360942869,0.9623086137238632,0.2719597984130312,-0.6033407833003538,-0.7974834789552168,0.9480199045788059,-0.3182110314278744,0.8118531367888758,0.58386169962249,-0.4561459746492947,-0.8899049667302936,-0.9720866645341592,0.23462207192600865,0.6186185933489193,-0.7856914381377745,1,0,0,0,99,46
1702040880,12,8,4,1268,18.4,0.0,85,0,0,0,0,1,0,0,-0.9332772243328045,0.3591568216554658,-0.5660579379995188,0.8243654595067245,0.2963397884973224,-0.955082577452527,0.9887068770501516,0.1498623077152374,-0.651973040962877,-0.7582421472442815,0.9376145655983277,-0.34767646796678553,0.8208765034908678,0.5711057397860814,-0.46308436607918363,-0.8863142049482455,-0.9711627579732054,0.23841748578046287,0.6170828608134961,-0.7868981782227173,1,0,0,0,99,45
1702040940,12,8,4,1269,18.4,0.0,85,0,0,0,0,1,0,0,-0.2020317919023325,0.9793789639668256,-0.10154072097728682,0.9948313836944493,0.05083609104539121,-0.9987070100120579,0.9996767002416476,0.025426265828293697,-0.6980593578527926,-0.7160398961748897,0.9262936619061176,-0.3768024043348916,0.8296994649675543,0.5582103526741099,-0.469994493226192,-0.8826693471153595,-0.9702240326634255,0.24220926167741863,0.6155447742945193,-0.7881019165302856,1,0,0,0,99,45
1702041000,12,8,4,1270,18.4,0.0,85,0,0,0,0,1,0,0,0.7149607382857998,0.6991646034445853,0.38783720589663306,0.9217278891963141,-0.19782834832713678,-0.9802366778478334,0.9950469028764004,-0.09940654443286578,-0.7414197678889017,-0.6710415246343308,0.9140682481725122,-0.40556039954960427,0.8383198672194296,0.5451786865103935,-0.4768759343317749,-0.8789706156949713,-0.9692705029286126,0.24599734175904098,0.6140043396593216,-0.7893026484685837,1,0,0,0,99,47
1702041060,12,8,4,1271,18.4,0.0,85,0,0,0,0,1,0,0,0.9746216629043428,-0.22385846912183968,0.7822590584716292,0.6229532610389644,-0.43419277916671734,-0.9008199767542249,0.974889731393819,-0.22268814881552984,-0.7818849495979348,-0.6234227503004964,0.9009502623065538,-0.4339223719166273,0.846735605698918,0.5320139227893255,-0.48372826938823543,-0.8752182364385827,-0.9683021833184573,0.24978166822388845,0.6124615627841928,-0.7905003694571839,1,0,0,0,99,47
1702041120,12,8,4,1272,18.4,0.0,85,0,0,0,0,1,0,0,0.33821992534671463,-0.9410670975538687,0.9851566112943334,0.17165794832475895,-0.6435612059762619,-0.7653946525566921,0.9395197317131483,-0.34249477911590703,-0.8192968873112808,-0.5733695234681091,0.8869525137988248,-0.46186062645125475,0.8549446258241684,0.5187192754991592,-0.49055108016436005,-0.8714124383720832,-0.9673190886083255,0.25356218332779523,0.610916449554358,-0.791695074927145,1,0,0,0,99,45
1702041180,12,8,4,1273,18.4,0.0,85,0,0,0,0,1,0,0,-0.6091396517935828,-0.793062976448146,0.9468534671342093,-0.3216652169195901,-0.8129161140362485,-0.5823807959919394,0.8894888408496027,-0.45695689293852465,-0.8535094882127922,-0.5210773009168003,0.8720886712131973,-0.4893478819220533,0.862944923480651,0.5052979903373586,-0.497343950230945,-0.867553453781771,-0.966321233799033,0.2573388293847521,0.6093690058639543,-0.7928867603210284,1,0,0,0,99,46
1702041240,12,8,4,1274,18.4,0.0,85,0,0,0,0,1,0,0,-0.9964590422662916,0.08407958780670174,0.6767275715505089,-0.7362335185953917,-0.9317278354206747,-0.36315732224795383,0.8255777741218431,-0.5642883472800259,-0.8843891528281048,-0.46675028265656904,0.8563732488397127,-0.5163572974905221,0.8707345455104334,0.49175334391820763,-0.5041064649862133,-0.8636415182001753,-0.9653086341166165,0.26111154876778686,0.6078192376160092,-0.794075421092917,1,0,0,0,99,47
1702041300,12,8,4,1275,18.2,0.0,86,0,0,0,0,1,0,0,-0.46763858468568814,0.8839197667849534,0.24091516475208297,-0.9705461778774241,-0.9926092327490774,-0.12135448513049653,0.7487838423505466,-0.6628142706933458,-0.911815296727727,-0.4106006145311124,0.8398215925216237,-0.5428624989207155,0.8783115901890158,0.478088642972872,-0.5108382116811192,-0.8596768703916815,-0.9642813050121011,0.26488028390984336,0.6062671507224173,-0.7952610527084308,1,0,0,0,99,48
1702041360,12,8,4,1276,18.2,0.0,86,0,0,0,0,1,0,0,0.49112663102911036,0.8710881885859756,-0.2538816765877605,-0.967235283833767,-0.9917749956098326,0.12799358610147818,0.6603053891566091,-0.7509971990964674,-0.9356808214066555,-0.3528475597928464,0.8224498646704389,-0.5688376043332375,0.8856742076896101,0.46430722354210824,-0.5175387794445416,-0.8556597523379571,-0.9632392621612652,0.2686449773046603,0.6047127511039186,-0.796443650644746,1,0,0,0,99,48
1702041420,12,8,4,1277,18.2,0.0,86,0,0,0,0,1,0,0,0.9983522871222469,0.05738214703005362,-0.6865194290659029,-0.7271114587977738,-0.9292769928276966,0.36938363607652286,0.561523091209737,-0.8274610673852042,-0.9558925325017463,-0.29371664288459703,0.8042750284836018,-0.5942572494784574,0.8928206005347483,0.4504124501618171,-0.5242077593083599,-0.8515904092231831,-0.9621825214644005,0.27240557150764816,0.6031560446900751,-0.7976232103906105,1,0,0,0,99,48
1702041480,12,8,4,1278,18.2,0.0,86,0,0,0,0,1,0,0,0.5876974545726518,-0.8090807758739703,-0.9510732821065815,-0.30896538974942617,-0.8090010475115055,0.5878072006408963,0.4539784132307965,-0.8910126824689131,-0.9723715037137074,-0.23343876877147773,0.7853148313802172,-0.6190966125042691,0.8997490240351109,0.4364077150416402,-0.5308447442324167,-0.8474690894190892,-0.96111109904607,0.27616200913676636,0.6015970374192486,-0.7987997274463626,1,0,0,0,99,54
1702041540,12,8,4,1279,18.2,0.0,86,0,0,0,0,1,0,0,-0.36328370740536675,-0.9316785647066331,-0.9827712258472551,0.184826182254256,-0.6384253353939456,0.7696837604673286,0.3393495539504004,-0.9406603426496007,-0.9850533850126095,-0.17224932126194178,0.7655877876709966,-0.6433314381942088,0.9064577867154677,0.4222964372368012,-0.5374493291293603,-0.8432960444697939,-0.9600250112548615,0.2799142328733983,0.600035735238578,-0.7999731973239473,1,0,0,0,99,53
1702041660,12,8,4,1281,18.2,0.0,86,0,0,0,0,1,0,0,-0.6959935559105248,0.7180480277328413,-0.3754676898663577,0.9268354837113331,-0.1912648899937819,0.9815384566361455,0.09607690503928216,-0.995373913822375,-0.9988428089099843,-0.048094106591270766,0.7239109429312665,-0.6898934314112323,0.9192098322502954,0.3937680590073094,-0.550559688404759,-0.8347958010817105,-0.957808906066787,0.287405809717105,0.5969062699800091,-0.802310977650532,1,0,0,0,99,50
1702041720,12,8,4,1282,18.2,0.0,86,0,0,0,0,1,0,0,0.2281696579078992,0.9736213880201031,0.11484470379581474,0.9933834576889489,0.057517572580260974,0.9983444940722989,-0.028770696269825667,-0.999586037835738,-0.9998965041032342,0.014386837113521522,0.702001838632378,-0.7121751319421092,0.9252500018757388,0.3793579233770469,-0.5570646625944573,-0.8304691214539668,-0.9566789224849597,0.29114504851193435,0.5953381188400696,-0.8034752791816107,1,0,0,0,99,48
1702041780,12,8,4,1283,18.2,0.0,86,0,0,0,0,1,0,0,0.9425547405040898,0.3340517342467597,0.5770391086197019,0.8167165157650357,0.3027238710730988,0.9530783062700137,-0.15316934048625133,-0.9881999560488792,-0.9970456248459444,0.07681160052726667,0.6794072414512276,-0.7337614055424511,0.9310642849831721,0.36485517295054826,-0.5635356364283681,-0.8260917542714454,-0.9555343411598155,0.2948798447915308,0.593767696666158,-0.8046365156987131,1,0,0,0,99,51
1702041840,12,8,4,1284,18.2,0.0,86,0,0,0,0,1,0,0,0.7903593414947124,-0.6126435434345525,0.8979542147110153,0.44008888679756925,0.5291082654818533,0.8485543255436181,-0.27517782837320115,-0.9613933444599089,-0.9903013037606052,0.13893641628473632,0.6561492146285263,-0.7546311735824118,0.9366512620987631,0.3502633483663315,-0.5699722149516012,-0.8216639667060773,-0.9543751795562575,0.2986101415674982,0.5921950094489575,-0.8057946827720751,1,0,0,0,99,53
1702041900,12,8,4,1285,18.1,0.0,86,0,0,0,0,1,0,0,-0.08848879115605462,-0.9960771726325929,0.9990188117929995,-0.04428785029444963,0.7225952706371838,0.6912713467610061,-0.3928922582839944,-0.9195845112769696,-0.9796898772767252,0.20051868830988095,0.6322504692327713,-0.7747640570876662,0.9420095692421776,0.3355860120090927,-0.5763740053085789,-0.8171860290071938,-0.9532014553616653,0.30233588192009736,0.5906200631877919,-0.8069497759836411,1,0,0,0,99,52
1702041960,12,8,4,1286,18.1,0.0,86,0,0,0,0,1,0,0,-0.8859807373049136,-0.46372204295746144,0.8554887617489377,-0.51782137704161,0.8711548016976116,0.49100846375515256,-0.5044757359104833,-0.8634258693585549,-0.9652527827876372,0.2613179391483152,0.6077343419832735,-0.7941403966391318,0.9471378982595755,0.3208267471400009,-0.5827406167670137,-0.8126582144850321,-0.9520131864856264,0.3060570089991143,0.5890428638906025,-0.8081017909270819,1,0,0,0,99,52
1702042020,12,8,4,1287,18.1,0.0,86,0,0,0,0,1,0,0,-0.8689060794851441,0.49497699444899096,0.5025052266151114,-0.864574171037104,0.965550146558195,0.2602170526338503,-0.6081870384043668,-0.7937937555290575,-0.9470463968383644,0.321096749026631,0.5826247724622465,-0.8127412715700584,0.9520349971429776,0.30598915702189644,-0.5890716607417571,-0.8080807994940532,-0.9508103910596616,0.30977346602472816,0.5874634175739252,-0.8092507232078103,1,0,0,0,99,54
1702042080,12,8,4,1288,18.1,0.0,86,0,0,0,0,1,0,0,-0.052963179352423326,0.9985964658624038,0.026490886523445938,-0.9996490548843638,0.9999122598719259,0.01324660552058789,-0.702407785577371,-0.7117747556357236,-0.9251418149764185,0.37962168297153187,0.5569462797382114,-0.8305485184417379,0.9566996703359257,0.2910768640396056,-0.5953667508185162,-0.8034540634160753,-0.9495930874369493,0.3134851962883771,0.5858817302628675,-0.8103965684429991,1,0,0,0,99,57
1702042140,12,8,4,1289,18.1,0.0,86,0,0,0,0,1,0,0,0.8116738236246998,0.5841109518254728,-0.4560093464911258,-0.8899749861163158,0.9721046718631476,-0.2345474513650535,-0.7856676941828057,-0.6186487487399237,-0.899624574125208,0.4366642023684082,0.5307239384235423,-0.847544748779794,0.9611307790253608,0.2760935088155877,-0.6016255027774389,-0.7987782886432216,-0.9483612941920452,0.31719214315362415,0.5842978079910859,-0.811539322261597,1,0,0,0,99,59
1702042260,12,8,4,1291,18.1,0.0,86,0,0,0,0,1,0,0,0.1933550914660601,-0.9811288440384125,-0.995271029428269,-0.09713690329011809,0.7406540701603272,-0.6718865591414528,-0.9142993380565942,-0.40503915913066185,-0.8381644108200555,0.5454176568783495,0.47675063876289164,-0.8790385818831701,0.9692880330126773,0.24592825998330273,-0.6140324665751385,-0.7892807675293066,-0.9458543142390657,0.3245914605089707,0.5811232827425817,-0.8138155382237952,1,0,0,0,99,65
1702042320,12,8,4,1292,18.1,0.0,86,0,0,0,0,1,0,0,-0.7211212528459787,-0.6928088760212632,-0.920002411959138,0.39191269689736824,0.551401533867395,-0.8342399825282195,-0.9576638195442646,-0.2878888826194756,-0.8024614889885606,0.5967039120788988,0.4490523844280872,-0.8935054314549238,0.9730121868339892,0.2307537307879076,-0.6201799211567932,-0.784459600867982,-0.9445791657844201,0.32828371809459106,0.5795326918757081,-0.8149489916843234,1,0,0,0,99,66
1702042380,12,8,4,1293,18.1,0.0,86,0,0,0,0,1,0,0,-0.9726020429124683,0.23247637755800724,-0.619485117836576,0.7850084004512332,0.32786552086851617,-0.9447244043770736,-0.9860842774269027,-0.16624619638194185,-0.7636249722154004,0.6456600512723619,0.42091563806043014,-0.9070997881358924,0.9764987936848393,0.2155228663786137,-0.6262895231525857,-0.7795905548358746,-0.9432896042138582,0.3319709664745739,0.5779398902677623,-0.8160793363621499,1,0,0,0,99,67
1702042440,12,8,4,1294,18.1,0.0,86,0,0,0,0,1,0,0,-0.3298770001093613,0.9440239217301903,-0.1672962615688254,0.9859066694495454,0.08394441777287699,-0.9964704384600542,-0.9991172199647183,-0.04200929385234764,-0.7218065162674647,0.6920949017828597,0.39236787471526025,-0.9198083772674773,0.9797470023601699,0.20023938515252526,-0.6323608996639003,-0.774673926614458,-0.941985649204503,0.33565314938604557,0.5763448839947981,-0.817206567945353,1,0,0,0,99,69
1702042500,12,8,4,1295,17.9,0.0,87,0,0,0,0,1,0,0,0.6161354352885633,0.7876402258530049,0.3258525541920725,0.9454206010694407,-0.1651959426416995,-0.9862607670057246,-0.9965592724483889,0.08288314965744041,-0.6771694213203072,0.7358271365128635,0.36343697079902076,-0.9316187891280595,0.9827560198564188,0.18490701835238776,-0.6383936801252078,-0.7697100162893775,-0.9406673206531035,0.33933021064342506,0.5747476791412798,-0.8183306821338868,1,0,0,0,99,67
1702042560,12,8,4,1296,17.9,0.0,87,0,0,0,0,1,0,0,0.9956757929363228,-0.0928962612844285,0.7392213001816264,0.6734625968513661,-0.4040652194563607,-0.9147301779353751,-0.9784503507933796,0.20648222933781113,-0.6298879942744539,0.7766859820216312,0.33415117684842055,-0.9425194910508831,0.9855251115651197,0.16952950915565845,-0.6443874963266829,-0.7646991268321347,-0.9393346386757316,0.3430020941392817,0.5731482818000584,-0.8194516746395976,1,0,0,0,99,66
1702042620,12,8,4,1297,17.9,0.0,87,0,0,0,0,1,0,0,0.45979641835260393,-0.8880243542100167,0.9716028906425754,0.2366174610948897,-0.6178116779833116,-0.786326096824622,-0.9450730386654309,0.3268592228891346,-0.5801468680906867,0.8145118853918384,0.30453908994426443,-0.9524998386855082,0.9880536014522462,0.15411061176066326,-0.650341982436678,-0.7596415640815948,-0.9379876236074746,0.346668743845191,0.5715466980723487,-0.8205695411862395,1,0,0,0,99,65
1702042680,12,8,4,1298,17.9,0.0,87,0,0,0,0,1,0,0,-0.4988176628046754,-0.8667069512090468,0.9661022076387795,-0.25815988146006835,-0.7931455986954944,-0.6090320675218718,-0.8969481778569685,0.4421356875881703,-0.5281402808022835,0.8491571372803064,0.2746296257868892,-0.961550086391839,0.9903408722232561,0.13865409047006316,-0.6562567750240514,-0.7545376367253204,-0.936626296002125,0.3503301038125896,0.5699429340677058,-0.8216842775094914,1,0,0,0,99,65
1702042740,12,8,4,1299,17.9,0.0,87,0,0,0,0,1,0,0,-0.9988210851948485,-0.04854317429036989,0.7240660102125944,-0.6897306813929731,-0.9191655676190696,-0.39387137405949346,-0.834826740725132,0.5505127727585013,-0.4740713170196541,0.880486448719826,0.2444519904604727,-0.9696613967565755,0.9923863654737946,0.1231637187718536,-0.6621315130803496,-0.7493876562807309,-0.9352506766318672,0.3539861181736292,0.5683369959040019,-0.8227958793569731,1,0,0,0,99,66
1702042800,12,8,4,1300,17.9,0.0,87,0,0,0,0,1,0,0,-0.5805130081563131,0.8142509732025552,0.3047532008014393,-0.9524313553224073,-0.9880362734541701,-0.15422166624309427,-0.7596781115193113,0.6502992902336991,-0.4181511148892831,0.9083774794196792,0.2140356519137885,-0.9768258492227975,0.9941895818260211,0.10764327841812157,-0.6679658380418412,-0.7441919370760884,-0.9338607864869604,0.35763673114202876,0.5667288897074029,-0.8239043424882614,1,0,0,0,99,68
1702042860,12,8,4,1301,17.9,0.0,87,0,0,0,0,1,0,0,0.37151605140823607,0.9284265310438047,-0.18917382080535783,-0.981943616264143,-0.995475669281812,0.0950167978197989,-0.6726749594641535,0.7399381047830281,-0.3605980416037862,0.9327213155018567,0.1834103111852539,-0.9830364478242546,0.9957500810505251,0.09209655850178511,-0.6737593938114017,-0.7389507962313138,-0.9324566467754181,0.36128188701392594,0.5651186216123453,-0.8250096626749065,1,0,0,0,99,68
1702042920,12,8,4,1302,17.9,0.0,87,0,0,0,0,1,0,0,0.9819749666421057,0.1890110179016962,-0.6367844934113518,-0.7710418334635599,-0.9410212095015605,0.33834757760063844,-0.5751749396485218,0.8180304326859235,-0.3016368406826962,0.9534228948074206,0.15260587340036988,-0.9882871280168078,0.9970674821738015,0.0765273545315405,-0.679511826780248,-0.73366455363863,-0.9310382789226848,0.3649215301687268,0.5635061977615123,-0.8261118357004477,1,0,0,0,99,68
1702042980,12,8,4,1303,17.9,0.0,87,0,0,0,0,1,0,0,0.6896106261548025,-0.7241803534302633,-0.9284881133946367,-0.37136211880705916,-0.8280586086766621,0.5606415437661308,-0.46869950727191356,0.8833576692841159,-0.24149775435382845,0.9704013781122005,0.12165241856987369,-0.9925727626003548,0.9981414635712602,0.06093946750524334,-0.6852227858495209,-0.7283335319430388,-0.9296057045713088,0.3685556050699549,0.561891624305811,-0.8272108573604299,1,0,0,0,99,69
1702043040,12,8,4,1304,17.9,0.0,87,0,0,0,0,1,0,0,-0.23677854371688278,-0.9715636475472476,-0.9928654610638965,0.11923999424008805,-0.6636113342009432,0.7480775341634341,-0.35491017584493534,0.9349004048997503,-0.1804156244623088,0.9835904648022342,0.09058017221711874,-0.995889166725453,0.9989717630457462,0.04533670298194944,-0.690891922451714,-0.7229580565226276,-0.9281589455806122,0.3721840562660983,0.5602749074043482,-0.8283067234624195,1,0,0,0,99,70
1702043100,12,8,4,1305,17.9,0.0,88,0,0,0,0,1,0,0,-0.9454746124554664,-0.3256958047046135,-0.8141547164712041,0.5806479980570787,-0.4579039211138737,0.8890016867411104,-0.235582589826678,0.971854332382459,-0.118628975418194,0.9929386517762462,0.059419475863364,-0.9982331019797546,0.9995581778915509,0.029722870152842088,-0.6965188905719492,-0.7175384554687094,-0.926698024026357,0.37580682839145607,0.5586560532244075,-0.8293994298260206,1,0,0,0,99,67
1702043160,12,8,4,1306,17.9,0.0,88,0,0,0,0,1,0,0,-0.7849056827820657,0.6196152589602836,-0.43611050264796214,0.8998931211428065,-0.22372626003354357,0.9746520202469203,-0.11257881628681225,0.9936427980534354,-0.056379082763754744,0.998409434564156,0.0282007573997934,-0.9996022795502609,0.9999005649439,0.014101780911272722,-0.7021033467690947,-0.7120750595657992,-0.925222962200409,0.37942386616698276,0.5570350679414255,-0.8304889722828903,1,0,0,0,99,68
1702043220,12,8,4,1307,17.9,0.0,88,0,0,0,0,1,0,0,0.09730191186315293,0.995254911039265,0.048708772109010486,0.9988130233029766,0.02436161629514139,0.9997032117841216,0.012181712028249383,0.9999258001932247,0.006090969002353426,0.9999814498762526,-0.0030454986248035533,-0.9999953624583098,0.9999988406139053,-0.001522751077858202,-0.7076449501967276,-0.7065682022714233,-0.9237337826103967,0.38303511440113214,0.5554119577389687,-0.8315753466767555,1,0,0,0,99,70
1702043280,12,8,4,1308,17.9,0.0,88,0,0,0,0,1,0,0,0.8900505774721458,0.4558617877619267,0.5216024406758817,0.853188662536583,0.2709348053161655,0.9625976995964054,0.13675214880138925,0.9906052946548402,0.06853723566485535,0.9976485590263838,-0.034288780771676325,-0.9994119668651121,0.9998529809089715,-0.017146911309152784,-0.7131433626239372,-0.7010182196957677,-0.9222305079793683,0.38664051799069915,0.5537867288087088,-0.8326585488634279,1,0,0,0,99,72
1702043340,12,8,4,1309,17.9,0.0,88,0,0,0,0,1,0,0,0.8644908468317865,-0.5026485608693819,0.8667896402442123,0.49867396118637375,0.5006625803940346,0.8656425247139762,0.2591886140304236,0.9658267248098844,0.13071586588879644,0.991419871903394,-0.06549858050601552,-0.9978526624465643,0.9994630214386534,-0.03276688536797246,-0.7185982484559688,-0.6954254505811631,-0.9207131612454454,0.39024002192166096,0.5521593873504004,-0.8337385747108206,1,0,0,0,99,72
1702043400,12,8,4,1310,17.9,0.0,88,0,0,0,0,1,0,0,0.04412221841808424,-0.9990261407199847,0.999756505535219,0.022066482275333348,0.6992615811428033,0.7148658903162654,0.37758052762538924,0.9259767519533807,0.19238405345378726,0.9813197113972033,-0.09664442198801937,-0.9953189718369693,0.9988290574059631,-0.04837885986167266,-0.7240092747547067,-0.6897902362814101,-0.9191817655614721,0.39383357127001617,0.5505299395718565,-0.834815420098963,1,0,0,0,99,72
1702043460,12,8,4,1311,17.9,0.0,88,0,0,0,0,1,0,0,-0.8168121741291692,-0.5769036940377309,0.8879481105441159,-0.45994364109218266,0.8543838835945416,0.5196423572553615,0.4900804233718373,0.8716772215835864,0.2533009854070979,0.9673875184184428,-0.12769589183203411,-0.9918133691422099,0.9979512435841267,-0.06397902335058789,-0.729376111258995,-0.6841129207409447,-0.9176363442946625,0.397421111202623,0.548898391688925,-0.8358890809200175,1,0,0,0,99,72
1702043520,12,8,4,1312,17.9,0.0,88,0,0,0,0,1,0,0,-0.9267732207044014,0.3756213484151173,0.5587390498188232,-0.829343520025061,0.9563847343054627,0.2921099792671752,0.5949327780232085,0.803775459710974,0.31322878243308516,0.9496776978825432,-0.158622668804709,-0.9873392775238264,0.9968297942787993,-0.07956356727854007,-0.7346984304047954,-0.6783938504738453,-0.9160769210262436,0.40100258697803604,0.5472647499254653,-0.8369595530782943,1,0,0,0,99,72
1702043580,12,8,4,1313,17.9,0.0,88,0,0,0,0,1,0,0,-0.18466324219769167,0.9828018554017064,0.09273118299227497,-0.9956911808893625,0.9989222144114532,0.046415617579848543,0.6905014056539462,0.7233310506192336,0.37193342776682925,0.9282594062597033,-0.18939455343316602,-0.9819010658563578,0.9954649832757448,-0.09512868690264292,-0.7399759073451794,-0.6726333745426839,-0.9145035195510961,0.4045779439473413,0.5456290205133241,-0.8380268324902673,1,0,0,0,99,72
1702043640,12,8,4,1314,17.9,0.0,88,0,0,0,0,1,0,0,0.7272252695674022,0.6863988689549387,-0.3959805115438519,-0.9182589147280136,0.9793515494264594,-0.20216464239820275,0.7752949897936278,0.6315993024069126,0.42918568102459304,0.9032162815203545,-0.2199814974942728,-0.9755040444612094,0.9938571437739957,-0.1106705822221754,-0.7452082199701555,-0.6668318445372209,-0.9129161638773905,0.40814712755499033,0.5439912096923119,-0.8390909150845903,1,0,0,0,99,70
1702043700,12,8,4,1315,17.9,0.0,88,0,0,0,0,1,0,0,0.9705062222633856,-0.24107607211843352,-0.7877423665509027,-0.6160048408420045,0.8988895485102729,-0.4381752840804668,0.8479903549217016,0.5300116583243869,0.4847619733826144,0.8746461165306764,-0.2503536333562224,-0.9681544599212143,0.9920066683045065,-0.12618545890629732,-0.7503950489263297,-0.6609896145529455,-0.9113148782262214,0.41171008333963266,0.5423513237101792,-0.8401517968021114,1,0,0,0,99,70
1702043760,12,8,4,1316,17.9,0.0,88,0,0,0,0,1,0,0,0.3215082299291668,-0.9469067842653859,-0.9866374167508005,-0.16293129799798153,0.7625389491684939,-0.6469423088661069,0.9074531141789384,0.4201533595806971,0.5384452806085791,0.8426604771735462,-0.2804813031437691,-0.9598594889809514,0.9899140086343236,-0.14166952922038076,-0.7555360776363961,-0.6551070411694638,-0.9096996870312377,0.41526675693494663,0.5407093688225928,-0.8412094735958894,1,0,0,0,99,73
1702043820,12,8,4,1317,17.9,0.0,88,0,0,0,0,1,0,0,-0.6230829462907598,-0.7821557658431126,-0.9439692171472311,0.33003350902361966,0.5787773712647983,-0.8154855943006043,0.9527553710949638,0.3037387081846794,0.590025970536603,0.8073842666861547,-0.31033508769864016,-0.9506272315387758,0.9875796756562926,-0.15711901295073133,-0.7606309923184603,-0.6491844834287357,-0.90807061493827,0.41881709407046913,0.5390653512931113,-0.8422639414312088,1,0,0,0,99,73
1702043880,12,8,4,1318,17.9,0.0,88,0,0,0,0,1,0,0,-0.9948145351851904,0.10170565659919678,-0.6701844311086327,0.7421946027152168,0.3590302196784995,-0.933325935221779,0.9831901991023352,0.18258431583548054,0.6393026216763542,0.7689552379155371,-0.3398858353068445,-0.9404667027374061,0.9850042392643308,-0.17253013832747296,-0.7656794820051903,-0.6432223028131592,-0.9064276868049539,0.4223610405724235,0.5374192773931619,-0.8433151962855951,1,0,0,0,99,75
1702043940,12,8,4,1319,17.9,0.0,88,0,0,0,0,1,0,0,-0.4519182282526401,0.8920593674038712,-0.23231512283548061,0.9726405727204349,0.11696030796720128,-0.9931365899815682,0.9982826728891893,0.05858075630457427,0.6860828097596623,0.727523455396654,-0.3691046901648271,-0.9293878241607897,0.9821883282142966,-0.18789914294537147,-0.7706812385627962,-0.6372208632235092,-0.9047709277003515,0.42589854236454644,0.5357711534020162,-0.8443632341488307,1,0,0,0,99,70
1702044060,12,8,4,1321,17.9,0.0,88,0,0,0,0,1,0,0,0.999211628421411,0.03970039832838073,0.6929284240351306,0.7210063794198983,-0.37349271785411137,-0.9276331115855821,0.9817415931867158,-0.19021946327126704,0.7714335562027579,0.6363098839122071,-0.426432946714834,-0.9045191772185395,0.9758378905378032,-0.21849579261562516,-0.7805433340358577,-0.6251016746835569,-0.9014160179083676,0.43295399600676,0.5324687803023009,-0.8464496429223537,1,0,0,0,99,70
1702044120,12,8,4,1322,17.9,0.0,88,0,0,0,0,1,0,0,0.5732830801649955,-0.8193573762385589,0.9537707733618594,0.30053504268341247,-0.5913818382891833,-0.8063916674555276,0.9503661577138381,-0.3111336791031087,0.809670821724208,0.5868842819913016,-0.45448636833721334,-0.8907536926646169,0.9723049142796247,-0.23371596793478092,-0.7854030710198365,-0.6189846654260585,-0.8997179184127819,0.43647184019930857,0.5308145437912809,-0.8474880058736255,1,0,0,0,99,70
1702044180,12,8,4,1323,17.9,0.0,88,0,0,0,0,1,0,0,-0.3797192881647377,-0.9251017577519053,0.9810967734509948,-0.19351775402801508,-0.7725017003308197,-0.6350126951376582,0.9041605762080257,-0.4271927579338991,0.8447463400139414,0.5351669095086602,-0.48209599173366907,-0.8761184022461406,0.9685345637214349,-0.2488790848523229,-0.7902148710484772,-0.6128298765349471,-0.8980060903287201,0.4399830243685845,0.5291582823841159,-0.8485231359157464,1,0,0,0,99,72
1702044240,12,8,4,1324,17.9,0.0,88,0,0,0,0,1,0,0,-0.9836094941210283,-0.18031184951348836,0.7682160664531458,-0.6401906553857654,-0.9055911481970673,-0.424151709070136,0.8438458713148201,-0.5365856366554476,0.8765231419236595,0.48135972169706537,-0.5092348565754973,-0.860627597075839,0.964527759340248,-0.26398144151072533,-0.7949784404343068,-0.6066376836668139,-0.896280559776573,0.4434874949382373,0.5275000023989397,-0.8495550291000099,1,0,0,0,99,68
1702044300,12,8,4,1325,17.8,0.0,88,0,0,0,0,1,0,0,-0.6831736673300343,0.7302559416169317,0.36724927391559825,-0.9301225568754183,-0.982375324627868,-0.18691902407805047,0.7703632338313046,-0.6376052759826998,0.9048771397219348,0.425672834473437,-0.535876462221734,-0.8442964036620779,0.9602854793398883,-0.2790193508862083,-0.7996934884336023,-0.6004084647611956,-0.8945413530858134,0.4469851984343578,0.5258397101615864,-0.850583681490057,1,0,0,0,99,69
1702044360,12,8,4,1326,17.8,0.0,88,0,0,0,0,1,0,0,0.24536887858740644,0.9694297877725641,-0.12363294914268595,-0.9923280172837418,-0.9980801614308696,0.0619353805036276,0.6848593357385049,-0.728675298230847,0.9296976116541461,0.368323703940673,-0.5619947935965809,-0.8271407691380811,0.9558087594121748,-0.2939891416888716,-0.8043597272641364,-0.5941426000175077,-0.8927884967945957,0.4504760814862939,0.5241774120055661,-0.8516090891618918,1,0,0,0,99,70
1702044420,12,8,4,1327,17.8,0.0,88,0,0,0,0,1,0,0,0.9483204091081449,0.3173143578046236,-0.5842455144009993,-0.8115769704115019,-0.9517292079188023,0.30693894310473063,0.5886684367686403,-0.8083745861618643,0.9508876343085613,0.3095362772262209,-0.5875643465926856,-0.8091774456898254,0.9510986924840727,-0.30888715925898774,-0.8089768721227412,-0.5878404718718389,-0.8910220176493504,0.45396009082746536,0.5225131142720414,-0.8526312482038954,1,0,0,0,99,69
1702044480,12,8,4,1328,17.8,0.0,88,0,0,0,0,1,0,0,0.7793905288984901,-0.6265384293587519,-0.9018144014592891,-0.43212357644616434,-0.8462043418838514,0.5328585288581931,0.48329156372825655,-0.875459459043705,0.9683644611001854,0.24954011797333814,-0.6125601529754697,-0.7904239741978156,0.9461564284508708,-0.3237097664592346,-0.8135446412026923,-0.5815024649736085,-0.889241942604376,0.45743717329617606,0.5208468233098019,-0.8536501547168418,1,0,0,0,99,70
1702044540,12,8,4,1329,17.8,0.0,88,0,0,0,0,1,0,0,-0.10610740923685848,-0.994354673999696,-0.9985876711635528,0.05312873986979144,-0.6880665883946875,0.7256475521455962,0.37037308747694114,-0.9288830798721646,0.9820598453944048,0.18856950989997748,-0.6369578047641863,-0.770898667108712,0.9409831738954507,-0.3384533445626502,-0.8180627557109083,-0.5751289661620904,-0.8874482988214272,0.4609072758364255,0.5191785454752413,-0.8546658048139125,1,0,0,0,99,72
1702044600,12,8,4,1330,17.8,0.0,88,0,0,0,0,1,0,0,-0.8940506846592281,-0.44796581706684435,-0.8508718520044145,0.5253732877360419,-0.4871481870355047,0.8733193252573889,0.25167506307003396,-0.9678117909122075,0.9919203070086345,0.12686254192588234,-0.6607334780658982,-0.7506205905535374,0.9355801917937172,-0.3531142941360932,-0.8225309398849666,-0.5687203644428019,-0.8856411136693016,0.46437034549871836,0.5175082871323327,-0.8556781946207109,1,0,0,0,99,68
1702044660,12,8,4,1331,17.8,0.0,88,0,0,0,0,1,0,0,-0.8600078837318815,0.5102807461770535,-0.4948329282813273,0.8689881317305357,-0.2559412708703545,0.9666923325780896,0.1290497334788228,-0.9916381226480983,0.9979073410512868,0.06466017844045019,-0.6838639563391061,-0.7296095457299233,0.9299488012062609,-0.3676890359189927,-0.8269489210099354,-0.5622770509637608,-0.8838204147234213,0.4678263294408723,0.5158360546526036,-0.8566873202752776,1,0,0,0,99,71
1702044720,12,8,4,1332,17.8,0.0,88,0,0,0,0,1,0,0,-0.03527780063100106,0.9993775446659983,-0.01764164581327013,0.9998443740567825,-0.008821166113885877,0.9999610927573088,0.004410625958475234,-0.9999902731420214,0.9999975682825487,0.0022053183419487145,-0.7063266530643069,-0.707886049566577,0.9240903769563281,-0.38217401169717374,-0.8313164294350177,-0.5557994189916117,-0.8819862297654119,0.47127517492882454,0.5141618544151129,-0.8576931779281052,1,0,0,0,99,73
1702044780,12,8,4,1333,17.8,0.0,88,0,0,0,0,1,0,0,0.8218865296781087,0.5696512374547038,0.463868926823783,0.8859038428223189,0.23884739602692043,0.971057115421724,-0.12029730790478227,-0.992737909878968,0.9981828264098136,-0.06025815347748382,-0.7280996337993461,-0.6854713146888483,0.9180063492941779,-0.3965656851715436,-0.8356331985900104,-0.5492878638876233,-0.8801385867826792,0.47471682933743603,0.5124856928064255,-0.8586957637421522,1,0,0,0,99,72
1702044840,12,8,4,1334,17.8,0.0,88,0,0,0,0,1,0,0,0.9234121749250919,-0.38380979039116697,0.8318082081799767,0.5550631538882909,0.4716655839213357,0.8817775098879226,-0.24312804251266182,-0.9699942035620426,0.9924702019612586,-0.12248631849712321,-0.7491616375980297,-0.662387228704961,0.9116982035479069,-0.4108605428214292,-0.8398989650015737,-0.5427427830835574,-0.8782775139679819,0.47815124015129495,0.5108075762205887,-0.8596950738928585,1,0,0,0,99,72
1702044900,12,8,4,1335,17.8,0.0,89,0,0,0,0,1,0,0,0.1759569250793735,-0.9843978669809336,0.9960918298482659,0.08832364637815417,0.675157890282653,0.7376732496092542,-0.36216484533341015,-0.9321140621214912,0.9828820026131039,-0.18423617706426285,-0.7694920977710762,-0.6386563328331354,0.9051674797608273,-0.4250550947623523,-0.8441134683093121,-0.5361645760574115,-0.8764030397190016,0.48157835496551776,0.509127511059107,-0.8606911045681598,1,0,0,0,99,70
1702044960,12,8,4,1336,17.8,0.0,89,0,0,0,0,1,0,0,-0.7332723102173858,-0.6799350844517864,0.9164974316526442,-0.40004057016021116,0.8366721491002945,0.5477040395322044,-0.47555018687189876,-0.8796885924951523,0.9694556700786149,-0.24526659730265726,-0.78907116196914,-0.6143017998904703,0.8984157723154882,-0.43914587559803503,-0.8482764512816665,-0.5295536443090374,-0.8745151926379088,0.48499812148654897,0.5074455037309183,-0.8616838519685015,1,0,0,0,99,70
1702045020,12,8,4,1337,17.8,0.0,89,0,0,0,0,1,0,0,-0.9683343651587963,0.2496568790410366,0.6125124982230825,-0.7904609032207212,0.9461661860425792,0.32368124503844736,-0.5815147267961288,-0.8135358766023928,0.9522436338990125,-0.3053392567273386,-0.8078797115682936,-0.5893474116650812,0.8914447295444292,-0.4531294452664265,-0.8523876598316128,-0.5229103913356348,-0.8726140015309274,0.4884104875329589,0.5057615606523697,-0.8626733123068543,1,0,0,0,99,69
1702045080,12,8,4,1338,17.8,0.0,89,0,0,0,0,1,0,0,-0.31311427047593193,0.949715459295217,0.15856314310832614,-0.9873488388850257,0.9968321922181852,0.07953351845283306,-0.6784049239013403,-0.7346882054493705,0.9313131067072369,-0.36421957288882034,-0.82589938033904,-0.5638175356935875,0.8842560533277641,-0.4670023898795447,-0.8564468430321711,-0.5162352226071247,-0.8706994954078947,0.49181540103624005,0.5040756882471917,-0.8636594818087276,1,0,0,0,99,67
1702045140,12,8,4,1339,17.8,0.0,89,0,0,0,0,1,0,0,0.6299816404820636,0.7766100261106137,-0.33420799952229324,-0.9424993437956903,0.9855200007599263,-0.1695592170958419,-0.7647088390674721,-0.6443759705731422,0.9067458217640548,-0.42167761941254234,-0.8431125723806229,-0.5377371014666263,0.8768514986776913,-0.48076132255692827,-0.8604537531317207,-0.5095285455414014,-0.8687717034818184,0.49521281004160156,0.5023878929464755,-0.8646423567121847,1,0,0,0,99,66
1702045260,12,8,4,1341,17.8,0.0,89,0,0,0,0,1,0,0,0.4440046316200165,-0.8960244902344876,-0.9736592037860289,-0.22800823424331892,0.7835841480796172,-0.621285669300637,-0.9003570595326714,-0.435151887677948,0.84709854434946,-0.5314358438805441,-0.8750530966405822,-0.484026939394625,0.8614020372029035,-0.507923744574604,-0.8683097789886407,-0.49602230566043903,-0.8648763800857435,0.5019849073127403,0.4990065594194428,-0.8665982077389557,1,0,0,0,99,64
1702045320,12,8,4,1342,17.8,0.0,89,0,0,0,0,1,0,0,-0.5140818839291789,-0.8577411128165807,-0.9637793089749802,0.2667010378527043,0.6055158801168206,-0.7958332230601788,-0.9475846197201016,-0.31950491149575566,0.8122514732198877,-0.5833074183071241,-0.8897492394790579,-0.45644965861137193,0.8533609021426315,-0.5213206025991243,-0.8721584152546842,-0.48922356719646887,-0.8629089080535873,0.5053594922446452,0.49731303409188604,-0.8675711764012926,1,0,0,0,99,69
1702045380,12,8,4,1343,17.8,0.0,89,0,0,0,0,1,0,0,-0.9995238862039619,-0.030854511950917846,-0.7179326263483635,0.696112594358514,0.38979956749686495,-0.920899721565414,-0.9800254388446796,-0.19887216803085594,0.7742325774697342,-0.6329011897481092,-0.9035765572844697,-0.42842666248256006,0.8451114312570148,-0.534590187675307,-0.8759538194663309,-0.48239496904750834,-0.8609282690931656,0.5087263660124623,0.4956176116662611,-0.8685408355432871,1,0,0,0,99,67
1702045440,12,8,4,1344,17.8,0.0,89,0,0,0,0,1,0,0,-0.5660082370433905,0.8243995849095468,-0.2963109980159809,0.9550915099898928,0.14984740573347818,-0.9887091356890289,-0.9971732887740798,-0.07513609089835323,0.7331903200732922,-0.6800234955873388,-0.9165215479156338,-0.39998531498835127,0.836655638536056,-0.5477292602242684,-0.8796957599716702,-0.47553692799599256,-0.858934493426592,0.5120854772418407,0.4939202986100892,-0.8695071814659844,1,0,0,0,99,67
1702045500,12,8,4,1345,17.6,0.0,89,0,0,0,0,1,0,0,0.38789277497415287,0.9217045053176486,0.19785789683804822,0.9802307139948351,-0.09942154194430115,-0.9950454044903768,-0.9987605830454005,0.04977245980270217,0.6892849701673822,-0.7244903242289376,-0.9285715708088789,-0.37115338862191627,0.827995588340275,-0.5607346125298864,-0.8833840083819399,-0.4686498626213997,-0.8569276114764303,0.5154367746768755,0.49222110139810366,-0.8704702104830686,1,0,0,0,99,66
1702045560,12,8,4,1346,17.6,0.0,89,0,0,0,0,1,0,0,0.985166958539643,0.17159855419481035,0.6435842780107317,0.7653752524725406,-0.3425089396843968,-0.9395145694646093,-0.9847625524624222,0.1739043279153665,0.6426879772038036,-0.766128033658659,-0.9397148593213419,-0.3419590372700662,0.8191333948967244,-0.5736030695219185,-0.8870183395854673,-0.46173419327470294,-0.8549076538652297,0.5187802071808914,0.4905200265122254,-0.8714299189208766,1,0,0,0,99,63
1702045620,12,8,4,1347,17.6,0.0,89,0,0,0,0,1,0,0,0.6766831837539894,-0.7362743162874585,0.9317387821399994,0.3631292357498508,-0.5643007904700069,-0.8255692689744001,-0.9553976316106295,0.2953224771547197,0.5935813014428943,-0.8047740295122351,-0.9499405322208951,-0.31243076872146003,0.8100712217828319,-0.5863314895511497,-0.8905985317614076,-0.4547903420527146,-0.8528746514150584,0.5221157237372216,0.48881708044153815,-0.8723863031184126,1,0,0,0,99,57
1702045680,12,8,4,1348,17.6,0.0,89,0,0,0,0,1,0,0,-0.2539399894906939,-0.9672199758780141,0.9917711368753414,-0.12802348245924622,-0.7510071512506543,-0.660294069919136,-0.9111240502585628,0.41213221791123295,0.542156703402608,-0.8402774000028898,-0.9592386043114846,-0.28259741682923273,0.8008112813981934,-0.598916765156381,-0.8941243663932834,-0.4478187327723233,-0.8508286351470322,0.5254432734499875,0.48711226968226357,-0.8733393594273613,1,0,0,0,99,55
1702045740,12,8,4,1349,17.6,0.0,89,0,0,0,0,1,0,0,-0.9510919075018955,-0.30890805020977646,0.8089833280759797,-0.5878315871872758,-0.891019524810561,-0.4539649836786557,-0.8526326828355384,0.52251077324843,0.4886149950377956,-0.8724995052286362,-0.9675999961835046,-0.25248811335522686,0.7913558344244475,-0.6113558238230716,-0.8975956282823216,-0.4408197909446265,-0.8487696362808422,0.5287628055448745,0.4854056007377364,-0.8742890842121027,1,0,0,0,99,54
1702045860,12,8,4,1351,17.6,0.0,89,0,0,0,0,1,0,0,0.11490459339101299,0.9933765320449471,-0.05754766700333219,-0.9983427597886778,-0.9995856040851824,0.028785762203928318,-0.6968551635010218,0.717211880201356,0.37602401505664773,-0.9266099179809582,-0.9814810028678492,-0.19155949730963728,0.7718677015232719,-0.6357831795079053,-0.9043735897039191,-0.4267416200068226,-0.8446128166227477,0.535377614396221,0.4819867143416813,-0.8761785247300407,1,0,0,0,99,55
1702045920,12,8,4,1352,17.6,0.0,89,0,0,0,0,1,0,0,0.89798074546892,0.44003474949949434,-0.5291338443628917,-0.848538375531565,-0.9613891968218607,0.2751923186322931,-0.6019998676776046,0.7984961861625556,0.31741440880766936,-0.9482869255037094,-0.9869870631127111,-0.16079968049764676,0.7618397733439909,-0.6477655129374955,-0.907679875544648,-0.4196632501557079,-0.8425150592587969,0.538672790218836,0.4802745099321658,-0.8771182332555959,1,0,0,0,99,51
1702045980,12,8,4,1353,17.6,0.0,89,0,0,0,0,1,0,0,0.855457541413084,-0.5178729524115752,-0.8711696024344442,-0.49098220313389407,-0.8634182657130592,0.5044887495604367,-0.4977505652631463,0.8673202262026514,0.2575653060850283,-0.966260892875897,-0.991529347239883,-0.12988284552646476,0.7516258529103641,-0.6595897037073636,-0.9109307612841284,-0.41255926622282796,-0.8404044461516217,0.5419597465574229,0.4785604734213729,-0.8780545958416888,1,0,0,0,99,51
1702046040,12,8,4,1354,17.6,0.0,89,0,0,0,0,1,0,0,0.026430618926637908,-0.9996506501689252,-0.9999126587279824,-0.01321646380607935,-0.7117641687406298,0.7024185134924622,-0.38573403175474275,0.9226100241956138,0.19671041635407388,-0.9804616321395789,-0.9951034197859987,-0.09883918216077345,0.7412284338045774,-0.6712528651109158,-0.9141260485050504,-0.4054301017987467,-0.8382810095065815,0.5452384332570721,0.47684461134783096,-0.8789876089163806,1,0,0,0,99,51
1702046100,12,8,4,1355,17.5,0.0,89,0,0,0,0,1,0,0,-0.8268964927099149,-0.5623541502861356,-0.8838422229917893,0.4677851268017531,-0.515856023129636,0.856675296364309,-0.2676982476928931,0.9635028013359144,0.13508737665689868,-0.9908336897118291,-0.9977057907298696,-0.06769900401103005,0.7306500544073853,-0.6827521497545687,-0.9172655421835513,-0.3982761920109155,-0.8361447817247069,0.5485088002890585,0.47512693025703223,-0.87991726892051,1,0,0,0,99,49
1702046160,12,8,4,1356,17.5,0.0,89,0,0,0,0,1,0,0,-0.9199787823775267,0.39196816194069034,-0.5513763859920506,0.83425660379187,-0.2878744485084861,0.9576681585475916,-0.1454851220097925,0.989360439513222,0.07293682364477497,-0.997336562929792,-0.9993339189004324,-0.03649271893274041,0.7198932972784023,-0.6940847502528994,-0.9203490507011184,-0.3910979734971153,-0.8339957954022056,0.5517707977516048,0.473407436701408,-0.8808435723077068,1,0,0,0,99,47
1702046220,12,8,4,1357,17.5,0.0,89,0,0,0,0,1,0,0,-0.16723682222676747,0.9859167537330383,-0.08391437977772838,0.9964729684575088,-0.041994234976311204,0.9991178530227325,-0.0210017496564878,0.9997794389320908,0.01050145389718089,-0.9999448582127144,-0.999986214458158,-0.005250799333704363,0.7089607885256082,-0.7052478999140287,-0.9233763858562847,-0.3838958843788061,-0.8318340833299649,0.5550243758706431,0.4716861372403035,-0.8817665155444051,1,0,0,0,99,44
1702046280,12,8,4,1358,17.5,0.0,89,0,0,0,0,1,0,0,0.7392619010271615,0.6734180289312927,0.40409279322248953,0.9147179972350201,0.20649697669091896,0.9784472385455999,0.10380934797598938,0.9945972145913138,-0.051974923803148484,-0.9986483902233343,-0.999662040447504,0.025996247581773553,0.6978551971642206,-0.7162388734150686,-0.9263473628761159,-0.3766703642343869,-0.8296596784930514,0.5582694850005744,0.4699630384399531,-0.8826860951098568,1,0,0,0,99,44
1702046340,12,8,4,1359,17.5,0.0,89,0,0,0,0,1,0,0,0.9660866417576471,-0.2582181260435283,0.7931639572129864,0.6090081583839709,0.44214920649936096,0.8969415138078879,0.22700053545323648,0.9738946333684891,-0.11424834053830024,-0.9934522216414057,-0.9983617134188905,0.05721790960265128,0.6865792344650938,-0.7270549874674718,-0.9292618004274876,-0.36942185407236544,-0.8274726140702076,0.5615060756250259,0.46823814687345483,-0.8836023074961455,1,0,0,0,99,44
1702046400,12,8,4,1360,17.5,0.0,89,0,0,0,0,1,0,0,0.3046957793929669,-0.9524497267678291,0.9880409219176677,0.15419188245846607,0.6503107401625525,0.7596683100072248,0.3466494554970303,0.9379947521194415,-0.1760756199485871,-0.9843766433940419,-0.996086503119594,0.08838369930580556,0.675135653292801,-0.7376936014721172,-0.9321195206281534,-0.36215079630444197,-0.8252729234333458,0.5647340983576067,0.4665114691207459,-0.8845151492081995,1,0,0,0,99,44
1702046460,12,8,4,1361,17.5,0.0,89,0,0,0,0,1,0,0,-0.6368309773690272,-0.7710034411487472,0.9410110098050786,-0.3383759439227712,0.8180391017313204,0.5751626100839783,0.4608890267277047,0.8874577764840359,-0.23721532783102786,-0.9714570954200797,-0.9928386312538608,0.11946318382648319,0.6635272474335613,-0.7481521181639744,-0.9349203490576014,-0.3548576347185062,-0.8230606401470387,0.5679535039426616,0.46478301176857706,-0.8854246167638049,1,0,0,0,99,45
1702046520,12,8,4,1362,17.5,0.0,89,0,0,0,0,1,0,0,-0.9928582704344598,0.11929985259795185,0.6635887835859072,-0.7480975379581034,0.9349057540624358,0.3548960848205405,0.5679365788446187,0.8230723190645342,-0.29742871493474354,-0.9547440282778767,-0.9886212693134506,0.15042601457547708,0.6517568509131771,-0.7584279842461896,-0.9376641147677002,-0.34754281445155094,-0.8208357979680074,0.5711642432560222,0.46305278141048767,-0.8863307066936196,1,0,0,0,99,46
1702046580,12,8,4,1363,17.5,0.0,89,0,0,0,0,1,0,0,-0.43605624846295626,0.8999194120455523,0.2236968796769947,-0.9746587638875343,0.9936444947483819,0.11256383991421444,0.6661216705999684,0.7458430933896936,-0.3564806492716725,-0.9343027061369601,-0.9834385354807285,0.1812419568740085,0.6398273373051481,-0.7685186910134354,-0.9403506502931328,-0.3402067819625033,-0.8185984308446063,0.574366267305757,0.4613207846467808,-0.8872334155411858,1,0,0,0,99,46
1702046640,12,8,4,1364,17.5,0.0,89,0,0,0,0,1,0,0,0.5216538773689684,0.8531572142494731,-0.27096382207826836,-0.9625895320045489,0.9906032333897737,-0.13676707936387883,0.7539121564757657,0.6569752356961871,-0.4141405343019522,-0.9102129519228418,-0.9772954906073296,0.2118809194773779,0.6277416190291282,-0.7784217749643756,-0.9429797916616176,-0.3328499850049752,-0.8163485729163049,0.5775595272329186,0.45958702808449753,-0.8881327398629437,1,0,0,0,99,45
1702046700,12,8,4,1365,17.5,0.0,89,0,0,0,0,1,0,0,0.999757834077975,0.0220062082085053,-0.6992831299951024,-0.7148448112032798,0.9259710608877795,-0.37759448406771,0.8299380953022069,0.5578554991806973,-0.47018320940847236,-0.8825688356102025,-0.9701981332723235,0.2423129839585546,0.6155026466399008,-0.7881348184030936,-0.9455513784039167,-0.3254728725999345,-0.8140862585131672,0.5807439743122892,0.45785151833739224,-0.8890286762282443,1,0,0,0,99,44
1702046760,12,8,4,1366,17.5,0.0,89,0,0,0,0,1,0,0,0.5586890487551656,-0.8293772041725335,-0.9563935393373727,-0.29208114953507913,0.803766492687733,-0.594944892601374,0.8930131277314388,0.45003061418009443,-0.5243898291442662,-0.8514783068816535,-0.962153393924704,0.2725084339230132,0.6031134081070436,-0.7976554500293386,-0.9480652535636296,-0.3180758950082994,-0.8118115221553275,0.5839195599531243,0.45611426202590716,-0.8899212212193629,1,0,0,0,99,47
1702046820,12,8,4,1367,17.5,0.0,89,0,0,0,0,1,0,0,-0.39603587146658814,-0.9182350399062867,-0.9793454548590826,0.20219416422552014,0.6315876169521059,-0.7753045092818435,0.942152988978394,0.3351831519618465,-0.5765487178192982,-0.8170627735865361,-0.9531691281159226,0.3024377840262885,0.5905769280854576,-0.8069813455174439,-0.9505212637067737,-0.3106595037034567,-0.8095243985524638,0.5870862356998942,0.454375265777147,-0.8908103714315113,1,0,0,0,99,47
1702046880,12,8,4,1368,17.5,0.0,89,0,0,0,0,1,0,0,-0.986647237874957,-0.16287181460804662,-0.7625194471644794,0.6469652948157085,0.42013968223930687,-0.907459446701534,0.9765908679435658,0.21510526876214117,-0.6264561960895026,-0.7794566276458689,-0.943254108829076,0.33207180876591375,0.5778962671769416,-0.8161102280837784,-0.9529192589311485,-0.3032241513437061,-0.8072249226032686,0.5902439532330229,0.45263453622485383,-0.8916961234728519,1,0,0,0,99,47
1702046940,12,8,4,1369,17.5,0.0,89,0,0,0,0,1,0,0,-0.6701396839379524,0.7422350059189753,-0.3590020850085865,0.9333367575315394,0.18256949699834932,-0.9831929509337268,0.9957893730437494,0.09167073978722218,-0.6739173763202645,-0.7388067202547708,-0.9324180179122373,0.36138157101962826,0.5650745211829904,-0.8250398690425901,-0.9552590928754853,-0.29577029174463243,-0.8049131293949157,0.5933926643696261,0.45089208000938197,-0.8925784739645097,1,0,0,0,99,49
1702047000,12,8,4,1370,17.5,0.0,89,0,0,0,0,1,0,0,0.262491204904113,0.964934384996196,0.13241150819283803,0.9911948307462555,-0.06635197530497698,-0.9977962794945308,0.9994489180279628,-0.033194280422003807,-0.718746923618461,-0.6952717884316881,-0.9206714366242954,0.39033845030198594,0.5521148203489986,-0.8337680883501076,-0.95754062272838,-0.288298379851407,-0.8025890542025249,0.5965323210642458,0.4491479037776722,-0.8934574195405861,1,0,0,0,99,51
1702047060,12,8,4,1371,17.5,0.0,89,0,0,0,0,1,0,0,0.9537888904975496,0.30047754053082465,0.5914061461758642,0.8063738402660471,-0.3111480031544096,-0.9503614681441075,0.9875123969206937,-0.1575413149873589,-0.7607697795612544,-0.6490218351537339,-0.9080258353025353,0.41891417071177367,0.5390203286000568,-0.8422927551367677,-0.9597637092370099,-0.28080887171102015,-0.8002527324886245,0.5996628754095837,0.44740201418322667,-0.8943329568481706,1,0,0,0,99,50
1702047120,12,8,4,1372,17.5,0.0,89,0,0,0,0,1,0,0,0.7681774687903683,-0.640236968975412,0.9056039335646163,0.42412441041785603,-0.5365983551885637,-0.8438377837054513,0.9601660751415484,-0.2794299700233931,-0.799821845795485,-0.6002374654987004,-0.8944935621620483,0.44708082854294906,0.5257942427685239,-0.8506117882274349,-0.9619282167156328,-0.2733022244444464,-0.7979041999026094,0.6027842796372321,0.4456544178860835,-0.8952050825473546,1,0,0,0,99,50
1702047180,12,8,4,1373,17.5,0.0,89,0,0,0,0,1,0,0,-0.12369277509077573,-0.9923205618097122,0.9980782939754056,-0.06196546695655508,-0.7286856204689904,-0.6848483529378766,0.9178366828956763,-0.396958213834985,-0.8357506248382304,-0.5491091813860951,-0.8800878312379098,0.47481091953213594,0.5124397918135671,-0.858723156649492,-0.9640340130538684,-0.26577889621874423,-0.7955434922801972,0.6058964861184029,0.4439051215527915,-0.8960737933112437,1,0,0,0,99,49
1702047240,12,8,4,1374,17.5,0.0,89,0,0,0,0,1,0,0,-0.901840451991919,-0.43206920643689867,0.8461882788236016,-0.5328840368987897,-0.8754667432001029,-0.4832783685937176,0.8611847561916425,-0.5082920574857935,-0.8684158155762116,-0.49583663767122255,-0.864822709481898,0.5020773657160704,0.49896023603285744,-0.866624880128672,-0.9660809697247618,-0.25823934621909184,-0.7931706456428818,0.6089994473646541,0.4421541318563844,-0.8969390858259702,1,0,0,0,99,51
1702047300,12,8,4,1375,17.6,0.0,89,0,0,0,0,1,0,0,-0.8508401763820226,0.5254245847447649,0.48712186116783707,-0.8733340096276925,-0.9678155840932953,-0.2516604760111404,0.7910943293979361,-0.6116941735822157,-0.8976898611386384,-0.4406278624972463,-0.8487131030263543,0.528853541872773,0.4853588662666146,-0.8743150295725143,-0.9680689617926282,-0.25068403462076094,-0.7907856961973835,0.612093116028615,0.4404014554763557,-0.8978009567907062,1,0,0,0,99,51
1702047360,12,8,4,1376,17.6,0.0,89,0,0,0,0,1,0,0,-0.017581366457004095,0.9998454358317113,0.008791022929352243,-0.9999613582113339,-0.9999903395061709,-0.004395553927897717,0.7086591401823227,-0.7055510066862999,-0.9234584470040598,-0.38369844494974187,-0.8317747426285983,0.5551133015206257,0.47163900309419615,-0.8817917275413242,-0.9699978679206785,-0.24311342256103,-0.7883886803350966,0.6151774449047079,0.4386470990986331,-0.898659402917676,1,0,0,0,99,51
1702047420,12,8,4,1377,17.6,0.0,89,0,0,0,0,1,0,0,0.8318416707079584,0.5550130042384525,-0.47169216431988115,-0.8817632914332657,-0.9699905389830525,0.24314266240906215,0.6151655621013492,-0.7883979523086873,-0.9456209473961242,-0.3252706931859315,-0.8140241683101097,0.5808310024499675,0.4578039960234251,-0.8890531487065235,-0.9718675703784244,-0.23552797211103876,-0.7859796346315338,0.6182523869298692,0.4368910694155529,-0.8995144209321686,1,0,0,0,99,44
1702047480,12,8,4,1378,17.6,0.0,89,0,0,0,0,1,0,0,0.9164733120584355,-0.4000958238780323,-0.8366886589042642,-0.5476788183424514,-0.8796814248187952,0.47556344563977404,0.5120725311712326,-0.8589422115718187,-0.9640908182250827,-0.2655727663260874,-0.7954787132054784,0.6059815317622776,0.4438572226728559,-0.8960975202962782,-0.9736779550488648,-0.22792814624758584,-0.7835585958457688,0.6213178951842664,0.4351333731258346,-0.90036600757255,1,0,0,0,99,43
1702047540,12,8,4,1379,17.6,0.0,89,0,0,0,0,1,0,0,0.15850361683560935,-0.9873583966574804,-0.9968345892517676,-0.07950346955485539,-0.7346779803270462,0.6784159971747219,0.40098877965928054,-0.9160829649040315,-0.9787959350406068,-0.20483778349704984,-0.7761564866368926,0.6305403303924937,0.42980208794717734,-0.9029231225282952,-0.9754289114354503,-0.22031440882487097,-0.7811256009198748,0.6243739228920155,0.43337401693455535,-0.9012141595902762,1,0,0,0,99,44
1702047660,12,8,4,1381,17.6,0.0,89,0,0,0,0,1,0,0,-0.9637632281627969,0.26675914237608567,-0.6054918899638188,0.7958514755832541,-0.31949062929665556,0.9475894352469465,0.1618804570555901,-0.9868103757173783,-0.9966971394855556,-0.08120844870646692,-0.7352579304932613,0.6777874118385252,0.4013804854259078,-0.9159114072437697,-0.9787521155133637,-0.2050470589355408,-0.7762238913276056,0.6304573502880505,0.4298503516992568,-0.9029001468291082,1,0,0,0,99,42
1702047720,12,8,4,1382,17.6,0.0,89,0,0,0,0,1,0,0,-0.2962534162455665,0.9551093724609926,-0.1498176016678404,0.9887136522929661,-0.07512106131782845,0.9971744211252528,0.03758709136623356,-0.9992933556081649,-0.9998233232947121,-0.01879686665158652,-0.7137215376642303,0.7004295586811045,0.38702095635694944,-0.9220709188237921,-0.980324160373443,-0.19739437830927187,-0.773755251455288,0.6334846571507191,0.4280860560969494,-0.9037379756186854,1,0,0,0,99,43
1702047840,12,8,4,1384,17.6,0.0,89,0,0,0,0,1,0,0,0.9917634167027485,-0.1280832748257572,0.7510270550472058,0.6602714309941945,0.412145950487085,0.911117838425468,-0.2108105329134813,-0.9775269404025313,-0.9943658633527529,0.10600249902117563,-0.6685796515669709,0.7436405378343678,0.3580219701119138,-0.9337131620134654,-0.983288655994125,-0.18205334106592852,-0.7687825898997481,0.6395102262411726,0.4245525725742499,-0.9054032875578629,1,0,0,0,99,41
1702047900,12,8,4,1385,17.7,0.0,88,0,0,0,0,1,0,0,0.4280737015151094,-0.9037438276808053,0.9756392334466684,0.21938114358257266,0.6247474915585606,0.7808268513513648,-0.3310386296556908,-0.943617202935429,-0.9858035308659198,0.16790294378683643,-0.6450182385844464,0.7641671753572108,0.3433895926224244,-0.9391930513364147,-0.9846809258171946,-0.1743659207866968,-0.766278644093223,0.6425083965261867,0.42278339813302346,-0.9062307643548045,1,0,0,0,99,38
1702048020,12,8,4,1387,17.7,0.0,88,0,0,0,0,1,0,0,-0.999913453714287,-0.01315618034106097,0.7117429944653691,-0.7024399688439358,0.9226158379422976,0.3857201259696363,-0.5542020723663724,-0.8323821616209818,-0.9571787089203828,0.2894977015271609,-0.5960294868850194,0.8029625463018686,0.3138769294629118,-0.9494636765832247,-0.9872850846091074,-0.15895962288703272,-0.7612357134577412,0.648475279834539,0.4192402176351054,-0.9078753438205431,1,0,0,0,99,37
1702048080,12,8,4,1388,17.7,0.0,88,0,0,0,0,1,0,0,-0.5513260887383075,0.8342898440449338,0.2878455800903205,-0.9576768359015827,0.9893626321783087,0.14547021017792156,-0.6536550274502899,-0.7567926433898262,-0.9372279987787994,0.34871718957500053,-0.570649984852799,0.8211933967023238,0.29900384888632797,-0.9542519050812327,-0.9884968146335203,-0.1512416855876172,-0.7586968055777015,0.6514439018105791,0.4174662250945703,-0.9086924402157693,1,0,0,0,99,37
1702048140,12,8,4,1389,17.7,0.0,88,0,0,0,0,1,0,0,0.40414793965314666,0.9146936333407577,-0.20652647125640125,-0.9784410133832181,0.9945956498455084,-0.10382433870914339,-0.742907914451429,-0.6693936290744246,-0.9136174333588498,0.4065749444601668,-0.5447132527944557,0.8386223656867753,0.28405777080835576,-0.9588071666625086,-0.9896482119072687,-0.1435145172752418,-0.7561463209178637,0.6544025835541751,0.4156906400472742,-0.9095060702255304,1,0,0,0,99,37
1702048200,12,8,4,1390,17.7,0.0,88,0,0,0,0,1,0,0,0.9880502161512134,0.1541323144689025,-0.6503336395770626,-0.7596487064653314,0.9379895272510593,-0.34666359308028627,-0.8205679719195377,-0.5715489510618114,-0.8864392114132281,0.46284503288800055,-0.5182446174886911,0.8552324341627837,0.26904234409960104,-0.9631283492252691,-0.9907392061549974,-0.13577858957643307,-0.7535842983954858,0.6573512799194837,0.41391346926653416,-0.9103162307460754,1,0,0,0,99,35
1702048260,12,8,4,1391,17.7,0.0,88,0,0,0,0,1,0,0,0.6635436805468822,-0.7481375435080753,-0.9349164517506565,-0.3548679025298884,0.823063758930585,-0.567948984271524,-0.8854233406319048,-0.4647854428273739,-0.8557994633170126,0.5173077213673821,-0.49126992510870127,0.87100738268036,0.2539612345611432,-0.9672143978147658,-0.9917697307880408,-0.12803437465234527,-0.7510107771038793,0.6602899459130265,0.4121347195317167,-0.9111229186868879,1,0,0,0,99,32
1702048320,12,8,4,1392,17.7,0.0,88,0,0,0,0,1,0,0,-0.2710218548637878,-0.96257319419678,-0.9905991101845337,0.1367969403956463,0.6569638725243397,-0.7539220584369601,-0.9364619742512132,-0.3507691132091307,-0.8218178366308225,0.5697503342653119,-0.4638155159838274,0.8859318072699817,0.23881812402958275,-0.9710643148808378,-0.9927397229084867,-0.1202823451699422,-0.7484257963118128,0.6632185366943757,0.41035439762821135,-0.9119261309706986,1,0,0,0,99,32
1702048440,12,8,4,1394,17.7,0.0,88,0,0,0,0,1,0,0,-0.7624804410778052,0.6470112649512338,-0.42011232727019937,0.9074721111282797,0.21509054938760125,-0.9765941099372553,-0.9941313067038114,-0.10818015081969684,-0.7443722693718838,0.6677648722343453,-0.40757522481479086,0.9131716356289067,0.20836070211425825,-0.9780520527121516,-0.9944978764965141,-0.10475673555396908,-0.7432216141750619,0.6690453140281423,0.40678906448665614,-0.9135221163245426,1,0,0,0,99,32
1702048500,12,8,4,1395,17.5,0.0,87,0,0,0,0,1,0,0,0.1324712658066232,0.9911868460263136,0.06638205319846043,0.9977942789038012,-0.03320934428891003,-0.9994484176043807,-0.9998620948921858,0.016606962329385515,-0.701210752081931,0.7129540526322105,-0.3788442604605417,0.9254604401680848,0.19305382647323416,-0.9811881675214201,-0.9952859306554624,-0.09698410302358805,-0.7406024922397939,0.6719434116711064,0.40500406684926854,-0.9143148833063767,1,0,0,0,99,32
1702048560,12,8,4,1396,17.5,0.0,87,0,0,0,0,1,0,0,0.9056295018309847,0.4240698119571381,0.5366237918890951,0.8438216079116303,-0.27944444178438205,-0.9601618634146094,-0.9899903695023021,0.14113492938566014,-0.6553110218111473,0.755359162711905,-0.3497433611150432,0.9368455482927549,0.17769981950925717,-0.9840847393118021,-0.9960132376910966,-0.08920555108343296,-0.7379720696216873,0.6748312562843274,0.4032175242444657,-0.9151041624548343,1,0,0,0,99,32
1702048620,12,8,4,1397,17.5,0.0,87,0,0,0,0,1,0,0,0.8461561503963683,-0.5329350515272933,0.8754813109162563,0.4832519779952829,-0.5083050373568597,-0.8611770950261284,-0.9646701755071856,0.26346053307267064,-0.6068523160239768,0.7948146114260453,-0.32030094331265613,0.9473158426380415,0.16230242968292016,-0.9867410609268374,-0.9966797532123439,-0.08142155449622213,-0.7353303864577548,0.6777088038028494,0.4014294434873647,-0.9158899507590552,1,0,0,0,99,32
1702048680,12,8,4,1398,17.5,0.0,87,0,0,0,0,1,0,0,0.00873073653634763,-0.999961886393443,0.999990471552965,0.0043654098637504885,-0.7055616876419274,-0.7086485059123989,-0.9242966260655718,0.3816749232577385,-0.5560238649294927,0.8311663260917572,-0.29054575707471864,0.9568610991392004,0.1468654160461197,-0.989156483863701,-0.9972854365385321,-0.07363258835698702,-0.7326774830568314,0.6805760103188376,0.39963983139895004,-0.9166722452214962,1,0,0,0,99,31
1702048740,12,8,4,1399,17.5,0.0,87,0,0,0,0,1,0,0,-0.8367216762313365,-0.5476283744699707,0.8796670888665696,-0.4755899628514196,-0.8589499295219191,-0.5120595849842967,-0.869499736913214,0.49393340391985197,-0.5030241525414799,0.864272354041205,-0.2605068578356384,0.9654719970152436,0.13139254732433728,-0.9913304184315247,-0.9978302507018728,-0.06583912806407498,-0.7300133998989591,0.6834328320822483,0.39784869480604795,-0.9174510428579413,1,0,0,0,99,32
1702048860,12,8,4,1401,17.5,0.0,87,0,0,0,0,1,0,0,-0.14975799312818222,0.9887226828055576,0.07509100210558642,-0.9971766851480127,-0.999293922013942,-0.03757202983595189,-0.7202680160315159,0.6936958880388611,-0.39134646539935614,0.9202434156349235,-0.19969549865367087,0.9798580039053933,0.10035436237305956,-0.994951758605761,-0.9987371422465876,-0.050240627953076634,-0.7246518570848614,0.6891151471441197,0.3942618754431376,-0.9189981357826902,1,0,0,0,99,32
1702048920,12,8,4,1402,17.5,0.0,87,0,0,0,0,1,0,0,0.7510668605929561,0.6602261513444018,-0.41217341535790386,-0.9111054141383427,-0.9775237629179003,0.21082526634829296,-0.6281618953946932,0.7780826647433718,-0.3331045896236106,0.9428898834814625,-0.16898241997103944,0.985619065227906,0.08479662367127003,-0.9963982801139075,-0.999099164275976,-0.042436540187039476,-0.7219544792391829,0.6919405537374438,0.3924662063557551,-0.9197664251693045,1,0,0,0,99,33
1702048980,12,8,4,1403,17.5,0.0,87,0,0,0,0,1,0,0,0.9613643064072199,-0.2752792588739023,-0.7985234056913743,-0.6019637618354188,-0.894975910803028,0.4461144685865844,-0.526253518474421,0.8503277217010464,-0.2735619475538892,0.9618543865110369,-0.13810433282298404,0.990417686259448,0.06921818308996544,-0.9976015452723217,-0.9994002064419243,-0.0346298623133153,-0.7192460852564008,0.6947554021692399,0.3906690401290842,-0.9205312059265671,1,0,0,0,99,35
1702049040,12,8,4,1404,17.5,0.0,87,0,0,0,0,1,0,0,0.2877878424693353,-0.9576941879988857,-0.9893670168342196,-0.14544038641504342,-0.7567827912998033,0.6536664338884767,-0.41613313140840114,0.9093036989610448,-0.2129510519332497,0.9770628687451604,-0.10709138913759518,0.994249181228016,0.053622843881987556,-0.9985612603210722,-0.9996402503703701,-0.026821070811284417,-0.7165267164632748,0.6975596494883844,0.38887038361876797,-0.9212924751370719,1,0,0,0,99,34
1702049100,12,8,4,1405,17.5,0.0,87,0,0,0,0,1,0,0,-0.6503794366332223,-0.759609497310725,-0.9379790768750454,0.3466918680105397,-0.57153658325144,0.8205765863131057,-0.2995191260060818,0.954090296123251,-0.15150858701200562,0.988455941386173,-0.07597387252808355,0.9971098087437945,0.03801441342573542,-0.9992771909594941,-0.9998192814102692,-0.019010642289332115,-0.7137964143540272,0.7003532529055134,0.38707024368613424,-0.9220502298968081,1,0,0,0,99,33
1702049160,12,8,4,1406,17.5,0.0,87,0,0,0,0,1,0,0,-0.9905908610736387,0.1368566620862393,-0.6569411457329191,0.7539418618455402,-0.3507549986489571,0.9364672609988937,-0.17823122481920262,0.9839886333182142,-0.08947448430079347,0.9959891147292259,-0.04478216872134558,0.9989967754525602,0.022396702295648618,-0.9997491624033901,-0.9999372886344898,-0.011199053455758941,-0.7110552205897088,0.7031361697936755,0.3852686271981697,-0.9228044673151717,1,0,0,0,99,29
1702049220,12,8,4,1407,17.5,0.0,87,0,0,0,0,1,0,0,-0.42005761618676374,0.9074974375079489,-0.21506111049193805,0.9766005932590736,-0.10816516708470997,0.9941329371012394,-0.05416208497999601,0.9985321569937644,-0.027090985643158427,0.9996329718936257,-0.013546735886816838,0.9999082387633441,0.006773523331910133,-0.9999770594277011,-0.9999942648404793,-0.0033867810896848777,-0.708303176997564,0.7059083576889833,0.3834655410274936,-0.9235551845149761,1,0,0,0,99,28
1702049280,12,8,4,1408,17.5,0.0,87,0,0,0,0,1,0,0,0.5366746638272738,0.8437892540237063,0.279473385115912,0.960153439306371,0.14114985067939137,0.9899882421792622,0.07075223608034517,0.9974939203271522,0.03539830273366068,0.9993732836951247,0.017701925105413577,0.9998433086476912,-0.008851309290403876,-0.9999608263946371,-0.9999902065507035,0.004425697988050785,-0.7055403255703919,0.70866977429126,0.3816609920523317,-0.9243023786324636,1,0,0,0,99,27
1702049340,12,8,4,1409,17.5,0.0,87,0,0,0,0,1,0,0,0.9999907329205332,0.004305121723583112,0.7055830490723317,0.7086272368896016,0.38168885437643996,0.9242908732887071,0.19456249216035051,0.9808901246543129,0.09774936149583555,0.9952110642105806,0.04893330046818505,0.9988020485087574,-0.024473980992500227,-0.9997004672672604,-0.9999251140128596,0.012237906943992148,-0.7027667084659062,0.7114203774646858,0.37985498715648985,-0.9250460468173154,1,0,0,0,99,27
1702049400,12,8,4,1410,17.5,0.0,87,0,0,0,0,1,0,0,0.5439199338601965,-0.8391371196351163,0.9589413745467228,0.2836043726433742,0.5984962937882848,0.8011255746271536,0.3153366656233036,0.9489798666534379,0.15971871109322489,0.9871625668180084,0.0801168932934608,0.9967854751193981,-0.040090677723143425,-0.9991960456085177,-0.9997989911998606,0.02004936896117015,-0.6999823680060913,0.7141601252384405,0.3780475332293278,-0.9257861862326637,1,0,0,0,99,27
1702049460,12,8,4,1411,17.5,0.0,87,0,0,0,0,1,0,0,-0.4122283439759128,-0.9110805630803879,0.9775174072824452,-0.2108547330742331,0.7780921324220651,0.6281501679239475,0.4311901158862831,0.9022610952279688,0.22106436254180728,0.9752592207274866,0.11122225333204101,0.993795557629306,-0.055697586889801545,-0.9984476845657227,-0.999611845809593,0.027859607268205022,-0.6971873466765569,0.7168889758073439,0.37623863716573297,-0.9265227940551014,1,0,0,0,99,29
1702049520,12,8,4,1412,17.5,0.0,87,0,0,0,0,1,0,0,-0.9893757834489771,-0.14538073849283703,0.7567630866040035,-0.6536892463193665,0.9093099708898409,0.4161194261751267,0.5403149886061247,0.8414628411805024,0.2815467623854851,0.9595475082507646,0.14221900672771448,0.9898352156421706,-0.07129089828943605,-0.9974555668404911,-0.9993636892644466,0.03566814516840596,-0.6943816871258898,0.7196068875324937,0.3744283058660939,-0.9272558674746938,1,0,0,0,99,29
1702049580,12,8,4,1413,17.5,0.0,87,0,0,0,0,1,0,0,-0.6568956903592464,0.7539814666074021,0.3507267692895696,-0.9364778338560401,0.9839913195389581,0.17821639394842426,0.6410084266417938,0.7675338409309469,0.3409297281472042,0.9400887832888304,0.17307688567681365,0.9849083163647341,-0.08686680503870821,-0.9962199346441363,-0.9990545367106183,0.04347450606886622,-0.6915654321650027,0.7223138189419008,0.3726165462362743,-0.9279854036949883,1,0,0,0,99,30
1702049640,12,8,4,1414,17.5,0.0,87,0,0,0,0,1,0,0,0.2795312710170884,0.9601365884724793,-0.1411796931706552,-0.9899839868584944,0.9974928538236488,-0.07076727047691461,0.7316991425705358,0.6816277318020025,0.3989813706164722,0.9169590317462396,0.20376575798421134,0.9790196708305302,-0.10242150450337505,-0.9947410896385376,-0.9986844070171862,0.05127821350955192,-0.6887386247664814,0.7250097287311226,0.3708033651875866,-0.9287113999330262,1,0,0,0,99,31
1702049700,12,8,4,1415,17.4,0.0,88,0,0,0,0,1,0,0,0.958958470944816,0.2835465587926973,-0.5985204429287703,-0.8011075329794051,0.9489751137357094,-0.31535096877970337,0.8109719381025781,0.5850850498945844,0.45547499937176333,0.8902485748077849,0.23425565648689797,0.9721750292019912,-0.11795119922664796,-0.9930193928624937,-0.9982533227749592,0.05907879119238266,-0.6859013080639289,0.7276945757638924,0.36898876963676525,-0.9294338534193524,1,0,0,0,99,30
1702049760,12,8,4,1416,17.4,0.0,88,0,0,0,0,1,0,0,0.7567236751494507,-0.6537348693991385,-0.9093225141277265,-0.41609201542499075,0.8414546973619527,-0.540327671221366,0.8775897877771157,0.47941231147032193,0.5101900080017631,0.8600617162362019,0.2645168083164075,0.9643810751555119,-0.13345209785628734,-0.9910552646435797,-0.9977613102950975,0.06687576301030233,-0.6830535253513071,0.7303683190727478,0.3671727665059408,-0.9301527613980265,1,0,0,0,99,28
1702049820,12,8,4,1417,17.4,0.0,88,0,0,0,0,1,0,0,-0.14123937776829337,-0.9899754735182207,-0.9974907201368394,0.07079733922182135,0.6816167034258251,-0.7317094161010304,0.9305131423308943,0.3662585042691635,0.5629127355686832,0.8265163350682077,0.29451966397151846,0.955645419354953,-0.1489204160702069,-0.9888491844955308,-0.9972083996075071,0.07466865307633827,-0.6801953200822767,0.7330309178596556,0.36535536272261315,-0.930868121126633,1,0,0,0,99,28
1702049880,12,8,4,1418,17.4,0.0,88,0,0,0,0,1,0,0,-0.9093475981246311,-0.4160371927904578,-0.8414384091513941,0.5403530360836063,0.4793990842275326,-0.8775970134644963,0.9689161505167762,0.24738935560721262,0.6134373009496519,0.7897434252993856,0.3242349261728403,0.9459765920199573,-0.1643523775003615,-0.9864016910011756,-0.9965946244590063,0.08245698575264687,-0.6773267358695333,0.7356823314966341,0.3635365652196254,-0.931579929876292,1,0,0,0,99,26
1702049940,12,8,4,1419,17.4,0.0,88,0,0,0,0,1,0,0,-0.8414058304364919,0.5404037643350365,-0.4793726294152408,0.8776114642411631,0.24737475190370273,-0.9689198791027984,0.9921995462362393,0.12465977879252307,0.661566406798092,0.7498865843554354,0.35363357847110943,0.935384034596335,-0.17974421465469337,-0.9837133816809486,-0.9959200223112669,0.09024028567954412,-0.6744478164841428,0.7383225195263734,0.3617163809351372,-0.9322881849316694,1,0,0,0,99,26
1702050000,12,8,4,1420,17.4,0.0,88,0,0,0,0,1,0,0,0.00012057741316403747,0.9999999927305437,6.0288706691585265e-05,0.999999998182636,-3.014435335948845e-05,-0.999999999545659,0.9999999998864147,-1.50721766814562e-05,0.7071121099856378,0.7071014523472988,0.3826869135812598,0.9238780905366516,-0.1950921698369112,-0.9807849128470145,-0.9951846343385268,0.09801807780451909,-0.6715586058548728,0.7409514416628525,0.3598948168125984,-0.9329928835909876,1,0,0,0,99,22
1702050060,12,8,4,1421,17.4,0.0,88,0,0,0,0,1,0,0,0.8415361269452281,0.540200839545835,0.4794784460505837,0.8775536563498083,-0.24743316638053162,-0.9689049634380579,0.9921957879970207,-0.12468968794960988,0.7498965555160291,0.6615551042998573,0.4113665614145994,0.9114699952000223,-0.21039249606387786,-0.9776169994430391,-0.9943885054250776,0.10578988741122869,-0.668659148067523,0.743569057791954,0.35807187980072236,-0.9336940231660353,1,0,0,0,99,21
1702050120,12,8,4,1422,17.4,0.0,88,0,0,0,0,1,0,0,0.9092472423065365,-0.4162564742535045,0.8415035574058807,0.5402515736888212,-0.4794519925452281,-0.8775681095188057,0.968908692684405,-0.24741856284563038,0.7897526710450653,0.6134253977275352,0.43964451678172034,0.8981718648809746,-0.2256414579803825,-0.9742104148696458,-0.9935316841625248,0.11355524014847192,-0.6657494873642518,0.7461753279720765,0.3562475768534598,-0.9343916009821783,1,0,0,0,99,21
1702050180,12,8,4,1423,17.4,0.0,88,0,0,0,0,1,0,0,0.1410006362997096,-0.9900095052892558,0.9974992494456464,0.07067706385647396,-0.6816608160014502,-0.731668320981739,0.9305021012823504,-0.3662865538197253,0.8265248192945344,0.5629002781045124,0.4674931667390913,0.883996684978092,-0.24083533277107402,-0.9705659907956007,-0.992614222846822,0.12131366205914178,-0.6628296681429017,0.7487702124347435,0.35442191492997194,-0.9350856143783689,1,0,0,0,99,19
1702050240,12,8,4,1424,17.4,0.0,88,0,0,0,0,1,0,0,-0.7568813044633205,-0.6535523628248179,0.9092723362185879,-0.4162016561567134,-0.8414872714892108,-0.5402769400239504,0.8775753358042688,-0.4794387656291727,0.8600694058124533,0.5101770449416689,0.4948853175526281,0.8689582973139933,-0.25597041106933305,-0.9666846169547733,-0.9916361774750792,0.12906467960915324,-0.6598997349563215,0.7513536715852107,0.3525949009946041,-0.9357760607071574,1,0,0,0,99,19
1702050300,12,8,4,1425,17.4,0.0,87,0,0,0,0,1,0,0,-0.9588900644397448,0.2837778080096155,0.5984238431038592,-0.8011796952025231,-0.9489941241131378,-0.3152937557243062,0.8109543007236308,-0.5851094958534231,0.8902554397063304,0.45546158133621817,0.5217942212519135,0.8530713866190268,-0.2710429978628605,-0.96256724092892,-0.9905976077421447,0.13680781971634529,-0.656959732511687,0.75392566600307,0.35076654201685914,-0.9364629373347004,1,0,0,0,99,20
1702050360,12,8,4,1426,17.4,0.0,87,0,0,0,0,1,0,0,-0.27929972131836583,0.9602039708684208,0.14106032243614638,-0.9900010027440429,-0.9974971184780542,-0.07070713279421359,0.7316785950108878,-0.6816497880898176,0.9169650451597972,0.39896755000261763,0.5481936017491368,0.8363514661918808,-0.28604941339576206,-0.958214867916346,-0.9894985770369622,0.14454260977935537,-0.6540097056698183,0.756486156442851,0.34893684497137084,-0.9371462416407726,1,0,0,0,99,17
1702050420,12,8,4,1427,17.4,0.0,87,0,0,0,0,1,0,0,0.6570774975264609,0.7538230311182882,-0.3508396848146685,-0.9364355373217871,-0.9839805733147853,0.17827571718859095,0.6409852895392409,-0.767553163366744,0.9400939217351487,0.3409155589242416,0.5740576804972469,0.818814862751111,-0.3009859940669075,-0.9536285604865007,-0.9883391524387013,0.15226857770646463,-0.6510496994444953,0.75903510383462,0.3471058168378773,-0.937825971018776,1,0,0,0,99,18
1702050480,12,8,4,1428,17.4,0.0,87,0,0,0,0,1,0,0,0.9893406954135933,-0.14561932700897776,-0.7568419012610816,-0.6535979930320404,-0.9092848819352602,0.4161742465410129,0.540289623007414,-0.8414791282441333,0.9595517516643209,0.281532299883927,0.5993612016622668,0.8004787004923762,-0.3158490933243467,-0.9488094383205661,-0.9871194047126635,0.15998525194441188,-0.6480797590017714,0.7615724692845757,0.3452734646011943,-0.9385021228757492,1,0,0,0,99,18
1702050540,12,8,4,1429,17.4,0.0,87,0,0,0,0,1,0,0,0.41200862051584575,-0.9111799474421229,-0.9775428244946927,-0.2107368650211409,-0.7780542606467562,0.6281970769507206,0.43116291761309866,-0.9022740927652529,0.9752625525378417,0.2210496632374126,0.6240794567851866,0.7813608843669526,-0.33063508255556256,-0.9437586779381032,-0.9858394083059632,0.16769216150717486,-0.6450999296592835,0.7640982140756432,0.3434397952511887,-0.9391746946323786,1,0,0,0,99,17
1702050600,12,8,4,1430,17.4,0.0,87,0,0,0,0,1,0,0,-0.5441222800090677,-0.8390059263186009,-0.9589071712941251,0.2837199972520434,-0.5984479938758073,0.801161655738729,0.3153080590956018,-0.9489893718421532,0.9871649740145142,0.1597038323864628,0.6481883089093543,0.7614800825978519,-0.34534035197334534,-0.9384775124098211,-0.9844992413429837,0.17538883600471677,-0.6421102568855613,0.7666122996680645,0.3416048157827517,-0.9398436837230073,1,0,0,0,99,15
1702050660,12,8,4,1431,17.4,0.0,87,0,0,0,0,1,0,0,-0.9999896656421035,0.004546274188173623,-0.7054975995040048,0.7087123091170964,-0.3816331293814149,0.924313883136323,0.19453292377342837,-0.9808959891691685,0.9952125373931863,0.09773436148773754,0.6716642161498044,0.7408557084506191,-0.35996131149706967,-0.9329672310565412,-0.9830989856206092,0.18307480567169637,-0.639110786299333,0.7691146876999868,0.33976853319577227,-0.9405090875956454,1,0,0,0,99,13
1702050720,12,8,4,1432,17.4,0.0,87,0,0,0,0,1,0,0,-0.5364711643724094,0.843918651172559,-0.2793576102663403,0.9601871305044031,-0.14109016531210986,0.9899967501220404,0.07072216723899125,-0.9974960526543551,0.9993738171110836,0.03538323999893738,0.6944842546815092,0.7195079012766077,-0.374494391629162,-0.9272291791344273,-0.9816387266032314,0.19074960139614014,-0.6361015636688295,0.7716053399880473,0.33793095449511035,-0.9411709037119792,1,0,0,0,99,13
1702050780,12,8,4,1433,17.4,0.0,87,0,0,0,0,1,0,0,0.42027645135774633,0.9073961121991542,0.21517886490179033,0.9765746546473429,0.10822510187719181,0.9941264141565053,-0.054192185061569184,-0.9985305238590619,0.99963256345996,-0.02710605228485028,0.7166261411241046,0.6974575068472451,-0.38893604432654155,-0.9212647575065609,-0.9801185534175345,0.19841275474807443,-0.6330826349110855,0.7740842185279566,0.33609208669057017,-0.9418291295473815,1,0,0,0,99,14
1702050840,12,8,4,1434,17.4,0.0,87,0,0,0,0,1,0,0,0.9906238359137481,0.1366177723414174,0.6570320493166915,0.7538626441008393,0.35081145641153216,0.9364461127317576,-0.17826088643928933,-0.983983260206127,0.9959877660408604,-0.0894894960145405,0.7380682543012335,0.6747260569984901,-0.4032827438668247,-0.9150754223009407,-0.9785385588470545,0.20606379800811597,-0.6300540460912397,0.7765512854950779,0.3342519367968734,-0.9424837625909207,1,0,0,0,99,11
1702050900,12,8,4,1435,17.4,0.0,87,0,0,0,0,1,0,0,0.6501962342265333,-0.7597663173618814,0.9380208732650573,0.34657876639958674,0.5715860537138802,0.8205421276203881,-0.2995478863050212,-0.9540812668793964,0.9884536577097068,-0.1515234851773869,0.7587896563532567,0.6513357486053614,-0.41753098770907926,-0.9086626845549897,-0.9768988393265163,0.21370226419601912,-0.6270158434218313,0.7790065032450048,0.3324105118336327,-0.9431348003453708,1,0,0,0,99,11
1702050960,12,8,4,1436,17.4,0.0,87,0,0,0,0,1,0,0,-0.28801878667499414,-0.9576247587245561,0.9893494728164958,-0.14555968067333058,0.7568221986283603,0.6536208072447929,-0.41616054159134735,-0.9092911544837531,0.9770596589983012,-0.2129657783732482,0.7787701131827185,0.6273094219070648,-0.43167729734891963,-0.9020281098466568,-0.9751994949359482,0.22132768709917786,-0.6239680732620949,0.781449834314135,0.3305678188253245,-0.9437822403272206,1,0,0,0,99,10
1702051020,12,8,4,1437,17.4,0.0,87,0,0,0,0,1,0,0,-0.9614306633742197,-0.27504741322871584,0.7984508166533227,-0.6020600413460788,0.8950028048408784,0.4460605108356495,-0.5262791508146368,-0.85031185774269,0.9618502632277776,-0.2735764447620719,0.7979901142125985,0.602670538203888,-0.4457182191677338,-0.8951733179122041,-0.9734406293945728,0.22893960130108107,-0.6209107821172535,0.7838812414202425,0.32872386480126253,-0.9444260800666833,1,0,0,0,99,10
1702051080,12,8,4,1438,17.4,0.0,87,0,0,0,0,1,0,0,-0.750907622031858,0.6604072555434716,0.41206355362767066,-0.9111551063193005,0.9775364715240298,0.2107663323217201,-0.6281853499080824,-0.7780637288557153,0.9428848627631359,-0.33311880098868984,0.8164308914380598,0.5774431569476385,-0.4596503252758348,-0.8880999822507707,-0.9716223500544774,0.2365375422097191,-0.6178440166378084,0.7863006874630465,0.3268786567955711,-0.945066317107706,1,0,0,0,99,10
1702051140,12,8,4,1439,17.4,0.0,87,0,0,0,0,1,0,0,0.14999642401867078,0.9886865391930908,-0.0752112385448783,-0.9971676236202945,0.9992916550287745,-0.03763227590583282,-0.7202889267182416,-0.6936741757100978,0.9202375170873273,-0.39136033542625537,0.8340744377530867,0.5516519122479975,-0.4734702143493308,-0.8808098297158126,-0.969744767894061,0.24412104608594015,-0.6147678236188276,0.788708135524777,0.3250322018471577,-0.9457029490079792,1,0,0,0,99,9
